cur	ec	mod-ps	rg-ps	di-ps	fw1-ps	fw2-ps	pf-ps	vlv-di-fill	vlv-di-in	vlv-di-out	vlv-rg-fill	vlv-rg-drain	vlv-rg-in	vlv-rg-out	vlv-fw1-in	vlv-fw1-out	vlv-fw2-in	vlv-po	vlv-mod-drain	pmp-sys	pmp-di	pmp-fw1	pmp-fw2	uv	en-anode1	en-cath1	pl-anode1	pl-cath1	en-anode2	en-cath2	pl-anode2	pl-cath2	pw	rg-he	di-he	fw1-he	fw2-he	rg-lev	di-lev	fw1-lev	fw2-lev	rg-vol	di-vol	fw1-vol	fw2-vol	pr-ec	ver	sn	mod-en	mod-pl	proc	proc-time	ph	ph-time	count	cyc	rnd	pr-last	rc-last	fr-last	halt-re	time	exec
-0.4	0.05005	18750.0	2756.25	2306.25	NaN	NaN	NaN	0	0	0	0	0	1	1	0	0	0	0	0	1	0	0	0	0	0	0	0	1	0	0	0	1	-5.0	0.091	0.289	NaN	NaN	0.217	0.642	NaN	NaN	6.51	22.47	NaN	NaN	0.0	"2.5"	"F0034"	0	0	"PR"	8.245	"prime"	7.427	0	0	0	0.0	0.0	0.0	null	10.038	0.086
-0.4	0.05005	18750.0	2756.25	2306.25	NaN	NaN	NaN	0	0	0	0	0	1	1	0	0	0	0	0	1	0	0	0	0	0	0	0	1	0	0	0	1	-5.0	0.091	0.289	NaN	NaN	0.217	0.642	NaN	NaN	6.51	22.47	NaN	NaN	0.0	"2.5"	"F0034"	0	0	"PR"	8.245	"prime"	7.427	0	0	0	0.0	0.0	0.0	null	10.038	0.086
-0.6	0.0506	19125.0	2887.5	2306.25	NaN	NaN	NaN	0	0	0	0	0	1	1	0	0	0	0	0	1	0	0	0	0	0	0	0	1	0	0	0	1	-7.0	0.104	0.289	NaN	NaN	0.248	0.642	NaN	NaN	7.44	22.47	NaN	NaN	0.0	"2.5"	"F0034"	0	0	"PR"	18.286	"prime"	17.468	0	0	0	0.0	0.0	0.0	null	20.079	0.085
-1.7	0.0506	18937.5	2831.25	2296.875	NaN	NaN	NaN	0	0	0	0	0	1	1	0	0	0	0	0	1	0	0	0	0	0	0	0	1	0	0	0	1	-20.0	0.098	0.288	NaN	NaN	0.233	0.64	NaN	NaN	6.99	22.4	NaN	NaN	0.0	"2.5"	"F0034"	0	0	"PR"	28.32	"prime"	27.502	0	0	0	0.0	0.0	0.0	null	30.113	0.083
-11.7	0.0506	24937.5	2981.25	2615.625	NaN	NaN	NaN	0	1	1	0	0	0	0	0	0	0	0	0	1	0	0	0	0	1	1	0	1	1	1	0	1	-140.0	0.113	0.32	NaN	NaN	0.269	0.711	NaN	NaN	8.07	24.885	NaN	NaN	0.0	"2.5"	"F0034"	1	0	"PR"	38.36	"deionize"	7.028	0	1	0	0.0	0.0	0.0	null	40.153	0.084
-12.5	0.05005	26062.5	2981.25	2606.25	NaN	NaN	NaN	0	1	1	0	0	0	0	0	0	0	0	0	1	0	0	0	0	1	1	0	1	1	1	0	1	-150.0	0.113	0.319	NaN	NaN	0.269	0.709	NaN	NaN	8.07	24.815	NaN	NaN	0.0	"2.5"	"F0034"	1	0	"PR"	48.399	"deionize"	17.067	0	1	0	0.0	0.0	0.0	null	50.192	0.091
-12.4	0.0495	26062.5	2981.25	2531.25	NaN	NaN	NaN	0	1	1	0	0	0	0	0	0	0	0	0	1	0	0	0	0	1	1	0	1	1	1	0	1	-149.0	0.113	0.311	NaN	NaN	0.269	0.691	NaN	NaN	8.07	24.185	NaN	NaN	0.0	"2.5"	"F0034"	1	0	"PR"	58.436	"deionize"	27.104	0	1	0	0.0	0.0	0.0	null	60.229	0.09
-11.5	0.048125	26062.5	2971.875	2587.5	NaN	NaN	NaN	0	1	1	0	0	0	0	0	0	0	0	0	1	0	0	0	0	1	1	0	1	1	1	0	1	-138.0	0.112	0.317	NaN	NaN	0.267	0.704	NaN	NaN	8.01	24.64	NaN	NaN	0.0	"2.5"	"F0034"	1	0	"PR"	68.478	"deionize"	37.146	0	1	0	0.0	0.0	0.0	null	70.271	0.092
-11.7	0.047025	26625.0	2953.125	2662.5	NaN	NaN	NaN	0	1	1	0	0	0	0	0	0	0	0	0	1	0	0	0	0	1	1	0	1	1	1	0	1	-140.0	0.11	0.324	NaN	NaN	0.262	0.72	NaN	NaN	7.86	25.2	NaN	NaN	0.0	"2.5"	"F0034"	1	0	"PR"	78.517	"deionize"	47.185	0	1	0	0.0	0.0	0.0	null	80.31	0.09
-10.5	0.0462	28125.0	2981.25	2540.625	NaN	NaN	NaN	0	1	1	0	0	0	0	0	0	0	0	0	1	0	0	0	0	1	1	0	1	1	1	0	1	-126.0	0.113	0.312	NaN	NaN	0.269	0.693	NaN	NaN	8.07	24.255	NaN	NaN	0.0	"2.5"	"F0034"	1	0	"PR"	88.353	"deionize"	57.021	0	1	0	0.0	0.0	0.0	null	90.146	0.084
-11.5	0.044275	25500.0	3009.375	2596.875	NaN	NaN	NaN	0	1	1	0	0	0	0	0	0	0	0	0	1	0	0	0	0	1	1	0	1	1	1	0	1	-138.0	0.116	0.318	NaN	NaN	0.276	0.707	NaN	NaN	8.28	24.745	NaN	NaN	0.0	"2.5"	"F0034"	1	0	"PR"	98.389	"deionize"	67.057	0	1	0	0.0	0.0	0.0	null	100.182	0.088
-12.1	0.043175	23812.5	2981.25	2615.625	NaN	NaN	NaN	0	1	1	0	0	0	0	0	0	0	0	0	1	0	0	0	0	1	1	0	1	1	1	0	1	-145.0	0.113	0.32	NaN	NaN	0.269	0.711	NaN	NaN	8.07	24.885	NaN	NaN	0.0	"2.5"	"F0034"	1	0	"PR"	108.426	"deionize"	77.094	0	1	0	0.0	0.0	0.0	null	110.219	0.087
-11.9	0.042075	25500.0	2990.625	2662.5	NaN	NaN	NaN	0	1	1	0	0	0	0	0	0	0	0	0	1	0	0	0	0	1	1	0	1	1	1	0	1	-143.0	0.114	0.324	NaN	NaN	0.271	0.72	NaN	NaN	8.13	25.2	NaN	NaN	0.0	"2.5"	"F0034"	1	0	"PR"	118.463	"deionize"	87.131	0	1	0	0.0	0.0	0.0	null	120.256	0.087
-11.0	0.0407	24750.0	2981.25	2521.875	NaN	NaN	NaN	0	1	1	0	0	0	0	0	0	0	0	0	1	0	0	0	0	1	1	0	1	1	1	0	1	-132.0	0.113	0.31	NaN	NaN	0.269	0.689	NaN	NaN	8.07	24.115	NaN	NaN	0.0	"2.5"	"F0034"	1	0	"PR"	128.501	"deionize"	97.169	0	1	0	0.0	0.0	0.0	null	130.294	0.086
-12.7	0.04015	24750.0	2981.25	2662.5	NaN	NaN	NaN	0	1	1	0	0	0	0	0	0	0	0	0	1	0	0	0	0	1	1	0	1	1	1	0	1	-152.0	0.113	0.324	NaN	NaN	0.269	0.72	NaN	NaN	8.07	25.2	NaN	NaN	0.0	"2.5"	"F0034"	1	0	"PR"	138.539	"deionize"	107.207	0	1	0	0.0	0.0	0.0	null	140.332	0.087
-11.7	0.0396	26062.5	2971.875	2606.25	NaN	NaN	NaN	0	1	1	0	0	0	0	0	0	0	0	0	1	0	0	0	0	1	1	0	1	1	1	0	1	-140.0	0.112	0.319	NaN	NaN	0.267	0.709	NaN	NaN	8.01	24.815	NaN	NaN	0.0	"2.5"	"F0034"	1	0	"PR"	148.577	"deionize"	117.245	0	1	0	0.0	0.0	0.0	null	150.37	0.087
-13.5	0.03905	24750.0	2981.25	2587.5	NaN	NaN	NaN	0	1	1	0	0	0	0	0	0	0	0	0	1	0	0	0	0	1	1	0	1	1	1	0	1	-162.0	0.113	0.317	NaN	NaN	0.269	0.704	NaN	NaN	8.07	24.64	NaN	NaN	0.0	"2.5"	"F0034"	1	0	"PR"	158.41	"deionize"	127.078	0	1	0	0.0	0.0	0.0	null	160.203	0.084
-12.0	0.038775	24562.5	2981.25	2634.375	NaN	NaN	NaN	0	1	1	0	0	0	0	0	0	0	0	0	1	0	0	0	0	1	1	0	1	1	1	0	1	-144.0	0.113	0.321	NaN	NaN	0.269	0.713	NaN	NaN	8.07	24.955	NaN	NaN	0.0	"2.5"	"F0034"	1	0	"PR"	168.444	"deionize"	137.112	0	1	0	0.0	0.0	0.0	null	170.237	0.087
-12.0	0.038225	24937.5	2981.25	2681.25	NaN	NaN	NaN	0	1	1	0	0	0	0	0	0	0	0	0	1	0	0	0	0	1	1	0	1	1	1	0	1	-144.0	0.113	0.326	NaN	NaN	0.269	0.724	NaN	NaN	8.07	25.34	NaN	NaN	0.0	"2.5"	"F0034"	1	0	"PR"	178.484	"deionize"	147.152	0	1	0	0.0	0.0	0.0	null	180.277	0.086
-12.0	0.037675	26812.5	2981.25	2550.0	NaN	NaN	NaN	0	1	1	0	0	0	0	0	0	0	0	0	1	0	0	0	0	1	1	0	1	1	1	0	1	-144.0	0.113	0.313	NaN	NaN	0.269	0.696	NaN	NaN	8.07	24.36	NaN	NaN	0.0	"2.5"	"F0034"	1	0	"PR"	188.518	"deionize"	157.186	0	1	0	0.0	0.0	0.0	null	190.311	0.084
-12.4	0.03685	26437.5	2971.875	2596.875	NaN	NaN	NaN	0	1	1	0	0	0	0	0	0	0	0	0	1	0	0	0	0	1	1	0	1	1	1	0	1	-149.0	0.112	0.318	NaN	NaN	0.267	0.707	NaN	NaN	8.01	24.745	NaN	NaN	0.0	"2.5"	"F0034"	1	0	"PR"	198.555	"deionize"	167.223	0	1	0	0.0	0.0	0.0	null	200.348	0.086
-12.0	0.036025	25687.5	2981.25	2671.875	NaN	NaN	NaN	0	1	1	0	0	0	0	0	0	0	0	0	1	0	0	0	0	1	1	0	1	1	1	0	1	-144.0	0.113	0.325	NaN	NaN	0.269	0.722	NaN	NaN	8.07	25.27	NaN	NaN	0.0	"2.5"	"F0034"	1	0	"PR"	208.593	"deionize"	177.261	0	1	0	0.0	0.0	0.0	null	210.386	0.088
-12.0	0.036025	23812.5	2943.75	2625.0	NaN	NaN	NaN	0	1	1	0	0	0	0	0	0	0	0	0	1	0	0	0	0	1	1	0	1	1	1	0	1	-144.0	0.109	0.321	NaN	NaN	0.26	0.713	NaN	NaN	7.8	24.955	NaN	NaN	0.0	"2.5"	"F0034"	1	0	"PR"	218.629	"deionize"	187.297	0	1	0	0.0	0.0	0.0	null	220.422	0.087
-12.9	0.034925	25312.5	2981.25	2606.25	NaN	NaN	NaN	0	1	1	0	0	0	0	0	0	0	0	0	1	0	0	0	0	1	1	0	1	1	1	0	1	-155.0	0.113	0.319	NaN	NaN	0.269	0.709	NaN	NaN	8.07	24.815	NaN	NaN	0.0	"2.5"	"F0034"	1	0	"PR"	228.665	"deionize"	197.333	0	1	0	0.0	0.0	0.0	null	230.458	0.087
-11.9	0.034925	24937.5	2981.25	2596.875	NaN	NaN	NaN	0	1	1	0	0	0	0	0	0	0	0	0	1	0	0	0	0	1	1	0	1	1	1	0	1	-143.0	0.113	0.318	NaN	NaN	0.269	0.707	NaN	NaN	8.07	24.745	NaN	NaN	0.0	"2.5"	"F0034"	1	0	"PR"	238.701	"deionize"	207.369	0	1	0	0.0	0.0	0.0	null	240.494	0.085
-11.9	0.034375	26437.5	2971.875	2578.125	NaN	NaN	NaN	0	1	1	0	0	0	0	0	0	0	0	0	1	0	0	0	0	1	1	0	1	1	1	0	1	-143.0	0.112	0.316	NaN	NaN	0.267	0.702	NaN	NaN	8.01	24.57	NaN	NaN	0.0	"2.5"	"F0034"	1	0	"PR"	248.539	"deionize"	217.207	0	1	0	0.0	0.0	0.0	null	250.332	0.084
-12.5	0.033825	26250.0	2962.5	2625.0	NaN	NaN	NaN	0	1	1	0	0	0	0	0	0	0	0	0	1	0	0	0	0	1	1	0	1	1	1	0	1	-150.0	0.111	0.321	NaN	NaN	0.264	0.713	NaN	NaN	7.92	24.955	NaN	NaN	0.0	"2.5"	"F0034"	1	0	"PR"	258.58	"deionize"	227.248	0	1	0	0.0	0.0	0.0	null	260.373	0.089
-12.5	0.032725	27562.5	2971.875	2596.875	NaN	NaN	NaN	0	1	1	0	0	0	0	0	0	0	0	0	1	0	0	0	0	1	1	0	1	1	1	0	1	-150.0	0.112	0.318	NaN	NaN	0.267	0.707	NaN	NaN	8.01	24.745	NaN	NaN	0.0	"2.5"	"F0034"	1	0	"PR"	268.616	"deionize"	237.284	0	1	0	0.0	0.0	0.0	null	270.409	0.087
-11.8	0.0319	25500.0	2981.25	2596.875	NaN	NaN	NaN	0	1	1	0	0	0	0	0	0	0	0	0	1	0	0	0	1	1	1	0	1	1	1	0	1	-142.0	0.113	0.318	NaN	NaN	0.269	0.707	NaN	NaN	8.07	24.745	NaN	NaN	0.0	"2.5"	"F0034"	1	0	"PR"	278.56	"deionize-uv"	7.135	0	1	0	0.0	0.0	0.0	null	280.353	0.083
-11.7	0.03135	26062.5	2981.25	2662.5	NaN	NaN	NaN	0	1	1	0	0	0	0	0	0	0	0	0	1	0	0	0	1	1	1	0	1	1	1	0	1	-140.0	0.113	0.324	NaN	NaN	0.269	0.72	NaN	NaN	8.07	25.2	NaN	NaN	0.0	"2.5"	"F0034"	1	0	"PR"	288.599	"deionize-uv"	17.174	0	1	0	0.0	0.0	0.0	null	290.392	0.084
-11.4	0.031075	27375.0	2981.25	2615.625	NaN	NaN	NaN	0	1	1	0	0	0	0	0	0	0	0	0	1	0	0	0	1	1	1	0	1	1	1	0	1	-137.0	0.113	0.32	NaN	NaN	0.269	0.711	NaN	NaN	8.07	24.885	NaN	NaN	0.0	"2.5"	"F0034"	1	0	"PR"	298.635	"deionize-uv"	27.21	0	1	0	0.0	0.0	0.0	null	300.428	0.083
-13.3	0.0308	24937.5	2981.25	2625.0	NaN	NaN	NaN	0	1	1	0	0	0	0	0	0	0	0	0	1	0	0	0	1	1	1	0	1	1	1	0	1	-160.0	0.113	0.321	NaN	NaN	0.269	0.713	NaN	NaN	8.07	24.955	NaN	NaN	0.0	"2.5"	"F0034"	1	0	"PR"	308.671	"deionize-uv"	37.246	0	1	0	0.0	0.0	0.0	null	310.464	0.085
-12.2	0.03025	23812.5	2981.25	2606.25	NaN	NaN	NaN	0	1	1	0	0	0	0	0	0	0	0	0	1	0	0	0	1	1	1	0	1	1	1	0	1	-146.0	0.113	0.319	NaN	NaN	0.269	0.709	NaN	NaN	8.07	24.815	NaN	NaN	0.0	"2.5"	"F0034"	1	0	"PR"	318.708	"deionize-uv"	47.283	0	1	0	0.0	0.0	0.0	null	320.501	0.084
-11.6	0.029425	26812.5	2981.25	2606.25	NaN	NaN	NaN	0	1	1	0	0	0	0	0	0	0	0	0	1	0	0	0	1	1	1	0	1	1	1	0	1	-139.0	0.113	0.319	NaN	NaN	0.269	0.709	NaN	NaN	8.07	24.815	NaN	NaN	0.0	"2.5"	"F0034"	1	0	"PR"	328.737	"deionize-uv"	57.312	0	1	0	0.0	0.0	0.0	null	330.53	0.084
-13.1	0.028875	26250.0	2953.125	2568.75	NaN	NaN	NaN	0	1	1	0	0	0	0	0	0	0	0	0	1	0	0	0	1	1	1	0	1	1	1	0	1	-157.0	0.11	0.315	NaN	NaN	0.262	0.7	NaN	NaN	7.86	24.5	NaN	NaN	0.0	"2.5"	"F0034"	1	0	"PR"	338.774	"deionize-uv"	67.349	0	1	0	0.0	0.0	0.0	null	340.567	0.087
-11.8	0.02805	26812.5	2971.875	2653.125	NaN	NaN	NaN	0	1	1	0	0	0	0	0	0	0	0	0	1	0	0	0	1	1	1	0	1	1	1	0	1	-142.0	0.112	0.323	NaN	NaN	0.267	0.718	NaN	NaN	8.01	25.13	NaN	NaN	0.0	"2.5"	"F0034"	1	0	"PR"	348.809	"deionize-uv"	77.384	0	1	0	0.0	0.0	0.0	null	350.602	0.084
-11.7	0.0275	23812.5	2981.25	2606.25	NaN	NaN	NaN	0	1	1	0	0	0	0	0	0	0	0	0	1	0	0	0	1	1	1	0	1	1	1	0	1	-140.0	0.113	0.319	NaN	NaN	0.269	0.709	NaN	NaN	8.07	24.815	NaN	NaN	0.0	"2.5"	"F0034"	1	0	"PR"	358.645	"deionize-uv"	87.22	0	1	0	0.0	0.0	0.0	null	360.438	0.09
-11.3	0.02695	23812.5	2981.25	2643.75	NaN	NaN	NaN	0	1	1	0	0	0	0	0	0	0	0	0	1	0	0	0	1	1	1	0	1	1	1	0	1	-136.0	0.113	0.322	NaN	NaN	0.269	0.716	NaN	NaN	8.07	25.06	NaN	NaN	0.0	"2.5"	"F0034"	1	0	"PR"	368.683	"deionize-uv"	97.258	0	1	0	0.0	0.0	0.0	null	370.476	0.092
-11.0	0.026675	25312.5	3000.0	2587.5	NaN	NaN	NaN	0	1	1	0	0	0	0	0	0	0	0	0	1	0	0	0	1	1	1	0	1	1	1	0	1	-132.0	0.115	0.317	NaN	NaN	0.274	0.704	NaN	NaN	8.22	24.64	NaN	NaN	0.0	"2.5"	"F0034"	1	0	"PR"	378.717	"deionize-uv"	107.292	0	1	0	0.0	0.0	0.0	null	380.51	0.09
-10.6	0.02585	26062.5	2981.25	2625.0	NaN	NaN	NaN	0	1	1	0	0	0	0	0	0	0	0	0	1	0	0	0	1	1	1	0	1	1	1	0	1	-127.0	0.113	0.321	NaN	NaN	0.269	0.713	NaN	NaN	8.07	24.955	NaN	NaN	0.0	"2.5"	"F0034"	1	0	"PR"	388.75	"deionize-uv"	117.325	0	1	0	0.0	0.0	0.0	null	390.543	0.084
-10.2	0.025025	27562.5	2971.875	2109.375	NaN	NaN	NaN	0	0	1	0	0	0	0	1	0	0	0	0	1	0	0	0	1	1	1	0	1	1	1	0	1	-122.0	0.112	0.269	NaN	NaN	0.267	0.598	NaN	NaN	8.01	20.93	NaN	NaN	0.0	"2.5"	"F0034"	1	0	"PR"	398.709	"drain-di-1"	7.149	0	1	0	0.0	0.0	0.0	null	400.502	0.087
-8.4	0.025025	26062.5	2981.25	1884.375	NaN	NaN	NaN	0	0	1	0	0	0	0	1	0	0	0	0	1	0	0	0	1	1	1	0	1	1	1	0	1	-101.0	0.113	0.246	NaN	NaN	0.269	0.547	NaN	NaN	8.07	19.145	NaN	NaN	0.0	"2.5"	"F0034"	1	0	"PR"	408.746	"drain-di-1"	17.186	0	1	0	0.0	0.0	0.0	null	410.539	0.095
-10.9	0.02475	27187.5	2981.25	1612.5	NaN	NaN	NaN	0	0	1	0	0	0	0	1	0	0	0	0	1	0	0	0	1	1	1	0	1	1	1	0	1	-131.0	0.113	0.219	NaN	NaN	0.269	0.487	NaN	NaN	8.07	17.045	NaN	NaN	0.0	"2.5"	"F0034"	1	0	"PR"	418.785	"drain-di-1"	27.225	0	1	0	0.0	0.0	0.0	null	420.578	0.091
-10.6	0.024475	28875.0	2981.25	1359.375	NaN	NaN	NaN	0	0	1	0	0	0	0	1	0	0	0	0	1	0	0	0	1	1	1	0	1	1	1	0	1	-127.0	0.113	0.194	NaN	NaN	0.269	0.431	NaN	NaN	8.07	15.085	NaN	NaN	0.0	"2.5"	"F0034"	1	0	"PR"	428.82	"drain-di-1"	37.26	0	1	0	0.0	0.0	0.0	null	430.613	0.084
-9.8	0.02365	28687.5	2981.25	1106.25	NaN	NaN	NaN	0	0	1	0	0	0	0	1	0	0	0	0	1	0	0	0	1	1	1	0	1	1	1	0	1	-118.0	0.113	0.169	NaN	NaN	0.269	0.376	NaN	NaN	8.07	13.16	NaN	NaN	0.0	"2.5"	"F0034"	1	0	"PR"	438.854	"drain-di-1"	47.294	0	1	0	0.0	0.0	0.0	null	440.647	0.084
-10.0	0.02365	26062.5	2981.25	853.125	NaN	NaN	NaN	0	0	1	0	0	0	0	1	0	0	0	0	1	0	0	0	1	1	1	0	1	1	1	0	1	-120.0	0.113	0.143	NaN	NaN	0.269	0.318	NaN	NaN	8.07	11.13	NaN	NaN	0.0	"2.5"	"F0034"	1	0	"PR"	448.891	"drain-di-1"	57.331	0	1	0	0.0	0.0	0.0	null	450.684	0.085
-10.0	0.02365	27562.5	2981.25	600.0	NaN	NaN	NaN	0	0	1	0	0	0	0	1	0	0	0	0	1	0	0	0	1	1	1	0	1	1	1	0	1	-120.0	0.113	0.118	NaN	NaN	0.269	0.262	NaN	NaN	8.07	9.17	NaN	NaN	0.0	"2.5"	"F0034"	1	0	"PR"	458.925	"drain-di-1"	67.365	0	1	0	0.0	0.0	0.0	null	460.718	0.084
-10.2	0.023375	28312.5	2981.25	346.875	NaN	NaN	NaN	0	0	1	0	0	0	0	1	0	0	0	0	1	0	0	0	1	1	1	0	1	1	1	0	1	-122.0	0.113	0.093	NaN	NaN	0.269	0.207	NaN	NaN	8.07	7.245	NaN	NaN	0.0	"2.5"	"F0034"	1	0	"PR"	468.765	"drain-di-1"	77.205	0	1	0	0.0	0.0	0.0	null	470.558	0.095
-9.5	0.023375	28500.0	2981.25	93.75	NaN	NaN	NaN	0	0	1	0	0	0	0	1	0	0	0	0	1	0	0	0	1	1	1	0	1	1	1	0	1	-114.0	0.113	0.067	NaN	NaN	0.269	0.149	NaN	NaN	8.07	5.215	NaN	NaN	0.0	"2.5"	"F0034"	1	0	"PR"	478.805	"drain-di-1"	87.245	0	1	0	0.0	0.0	0.0	null	480.598	0.09
-11.1	0.023375	26062.5	2981.25	-187.5	NaN	NaN	NaN	0	0	1	0	0	0	0	1	0	0	0	0	1	0	0	0	1	1	1	0	1	1	1	0	1	-133.0	0.113	0.039	NaN	NaN	0.269	0.087	NaN	NaN	8.07	3.045	NaN	NaN	0.0	"2.5"	"F0034"	1	0	"PR"	488.952	"drip-di-1"	9.946	0	1	0	0.0	0.0	0.0	null	490.745	0.084
12.5	0.023375	18000.0	2859.375	-18.75	NaN	NaN	NaN	1	0	0	0	0	1	1	0	0	0	0	0	1	1	0	0	0	1	1	1	0	1	1	1	0	150.0	0.101	0.056	NaN	NaN	0.24	0.124	NaN	NaN	7.2	4.34	NaN	NaN	0.0	"2.5"	"F0034"	1	1	"PR"	498.952	"reverse-f"	4.776	0	1	0	0.0	0.0	0.0	null	500.745	0.089
13.4	0.0253	19500.0	2803.125	337.5	NaN	NaN	NaN	1	0	0	0	0	1	1	0	0	0	0	0	1	1	0	0	0	1	1	1	0	1	1	1	0	161.0	0.095	0.092	NaN	NaN	0.226	0.204	NaN	NaN	6.78	7.14	NaN	NaN	0.0	"2.5"	"F0034"	1	1	"PR"	508.988	"reverse-f"	14.812	0	1	0	0.0	0.0	0.0	null	510.781	0.085
12.5	0.02805	20062.5	2840.625	646.875	NaN	NaN	NaN	1	0	0	0	0	1	1	0	0	0	0	0	1	1	0	0	0	1	1	1	0	1	1	1	0	150.0	0.099	0.123	NaN	NaN	0.236	0.273	NaN	NaN	7.08	9.555	NaN	NaN	0.0	"2.5"	"F0034"	1	1	"PR"	518.822	"reverse-f"	24.646	0	1	0	0.0	0.0	0.0	null	520.615	0.09
12.6	0.03245	17250.0	2821.875	965.625	NaN	NaN	NaN	1	0	0	0	0	1	1	0	0	0	0	0	1	1	0	0	0	1	1	1	0	1	1	1	0	151.0	0.097	0.155	NaN	NaN	0.231	0.344	NaN	NaN	6.93	12.04	NaN	NaN	0.0	"2.5"	"F0034"	1	1	"PR"	528.857	"reverse-f"	34.681	0	1	0	0.0	0.0	0.0	null	530.65	0.09
12.6	0.036025	17812.5	2793.75	1284.375	NaN	NaN	NaN	1	0	0	0	0	1	1	0	0	0	0	0	1	1	0	0	0	1	1	1	0	1	1	1	0	151.0	0.094	0.186	NaN	NaN	0.224	0.413	NaN	NaN	6.72	14.455	NaN	NaN	0.0	"2.5"	"F0034"	1	1	"PR"	538.895	"reverse-f"	44.719	0	1	0	0.0	0.0	0.0	null	540.688	0.091
12.6	0.0407	19875.0	2803.125	1603.125	NaN	NaN	NaN	1	0	0	0	0	1	1	0	0	0	0	0	1	1	0	0	0	1	1	1	0	1	1	1	0	151.0	0.095	0.218	NaN	NaN	0.226	0.484	NaN	NaN	6.78	16.94	NaN	NaN	0.0	"2.5"	"F0034"	1	1	"PR"	548.924	"reverse-f"	54.748	0	1	0	0.0	0.0	0.0	null	550.717	0.09
11.9	0.044	20250.0	2821.875	1912.5	NaN	NaN	NaN	1	0	0	0	0	1	1	0	0	0	0	0	1	1	0	0	0	1	1	1	0	1	1	1	0	143.0	0.097	0.249	NaN	NaN	0.231	0.553	NaN	NaN	6.93	19.355	NaN	NaN	0.0	"2.5"	"F0034"	1	1	"PR"	558.964	"reverse-f"	64.788	0	1	0	0.0	0.0	0.0	null	560.757	0.09
12.6	0.047025	18750.0	2821.875	2240.625	NaN	NaN	NaN	1	0	0	0	0	1	1	0	0	0	0	0	1	1	0	0	0	1	1	1	0	1	1	1	0	151.0	0.097	0.282	NaN	NaN	0.231	0.627	NaN	NaN	6.93	21.945	NaN	NaN	0.0	"2.5"	"F0034"	1	1	"PR"	568.999	"reverse-f"	74.823	0	1	0	0.0	0.0	0.0	null	570.792	0.09
13.0	0.048675	18750.0	2821.875	2278.125	NaN	NaN	NaN	0	0	0	0	0	1	1	0	0	0	0	0	1	0	0	0	0	1	1	1	0	1	1	1	0	156.0	0.097	0.286	NaN	NaN	0.231	0.636	NaN	NaN	6.93	22.26	NaN	NaN	0.0	"2.5"	"F0034"	1	1	"PR"	578.939	"reverse"	84.763	0	1	0	0.0	0.0	0.0	null	580.732	0.09
12.3	0.049775	18562.5	2859.375	2259.375	NaN	NaN	NaN	0	0	0	0	0	1	1	0	0	0	0	0	1	0	0	0	0	1	1	1	0	1	1	1	0	148.0	0.101	0.284	NaN	NaN	0.24	0.631	NaN	NaN	7.2	22.085	NaN	NaN	0.0	"2.5"	"F0034"	1	1	"PR"	588.971	"reverse"	94.795	0	1	0	0.0	0.0	0.0	null	590.764	0.091
12.6	0.0506	19875.0	2831.25	2259.375	NaN	NaN	NaN	0	0	0	0	0	1	1	0	0	0	0	0	1	0	0	0	0	1	1	1	0	1	1	1	0	151.0	0.098	0.284	NaN	NaN	0.233	0.631	NaN	NaN	6.99	22.085	NaN	NaN	0.0	"2.5"	"F0034"	1	1	"PR"	599.007	"reverse"	104.831	0	1	0	0.0	0.0	0.0	null	600.8	0.09
12.1	0.0506	19875.0	2850.0	2268.75	NaN	NaN	NaN	0	0	0	0	0	1	1	0	0	0	0	0	1	0	0	0	0	1	1	1	0	1	1	1	0	145.0	0.1	0.285	NaN	NaN	0.238	0.633	NaN	NaN	7.14	22.155	NaN	NaN	0.0	"2.5"	"F0034"	1	1	"PR"	609.046	"reverse"	114.87	0	1	0	0.0	0.0	0.0	null	610.839	0.091
12.5	0.05115	19875.0	2868.75	2287.5	NaN	NaN	NaN	0	0	0	0	0	1	1	0	0	0	0	0	1	0	0	0	0	1	1	1	0	1	1	1	0	150.0	0.102	0.287	NaN	NaN	0.243	0.638	NaN	NaN	7.29	22.33	NaN	NaN	0.0	"2.5"	"F0034"	1	1	"PR"	619.085	"reverse"	124.909	0	1	0	0.0	0.0	0.0	null	620.878	0.091
12.4	0.051975	19125.0	2812.5	2240.625	NaN	NaN	NaN	0	0	0	0	0	1	1	0	0	0	0	0	1	0	0	0	0	1	1	1	0	1	1	1	0	149.0	0.096	0.282	NaN	NaN	0.229	0.627	NaN	NaN	6.87	21.945	NaN	NaN	0.0	"2.5"	"F0034"	1	1	"PR"	629.122	"reverse"	134.946	0	1	0	0.0	0.0	0.0	null	630.915	0.09
12.3	0.051975	18562.5	2840.625	2259.375	NaN	NaN	NaN	0	0	0	0	0	1	1	0	0	0	0	0	1	0	0	0	0	1	1	1	0	1	1	1	0	148.0	0.099	0.284	NaN	NaN	0.236	0.631	NaN	NaN	7.08	22.085	NaN	NaN	0.0	"2.5"	"F0034"	1	1	"PR"	638.953	"reverse"	144.777	0	1	0	0.0	0.0	0.0	null	640.746	0.084
2.6	0.0528	1687.5	3009.375	2278.125	NaN	NaN	NaN	0	0	0	0	0	0	0	0	0	0	0	0	0	0	0	0	0	0	0	0	1	0	0	0	1	31.0	0.116	0.286	NaN	NaN	0.276	0.636	NaN	NaN	8.28	22.26	NaN	NaN	0.0	"2.5"	"F0034"	0	0	"PR"	649.082	"diffuse"	4.708	0	1	1	0.0	0.0	0.0	null	650.875	0.092
3.0	0.0528	375.0	3009.375	2287.5	NaN	NaN	NaN	0	0	0	0	0	0	0	0	0	0	0	0	0	0	0	0	0	0	0	0	1	0	0	0	1	36.0	0.116	0.287	NaN	NaN	0.276	0.638	NaN	NaN	8.28	22.33	NaN	NaN	0.0	"2.5"	"F0034"	0	0	"PR"	659.117	"diffuse"	14.743	0	1	1	0.0	0.0	0.0	null	660.91	0.087
2.2	0.05225	375.0	3009.375	2278.125	NaN	NaN	NaN	0	0	0	0	0	0	0	0	0	0	0	0	0	0	0	0	0	0	0	0	1	0	0	0	1	26.0	0.116	0.286	NaN	NaN	0.276	0.636	NaN	NaN	8.28	22.26	NaN	NaN	0.0	"2.5"	"F0034"	0	0	"PR"	669.153	"diffuse"	24.779	0	1	1	0.0	0.0	0.0	null	670.946	0.087
13.7	0.05225	19125.0	2859.375	2250.0	NaN	NaN	NaN	0	0	0	0	0	1	1	0	0	0	0	0	1	0	0	0	0	1	1	1	0	1	1	1	0	164.0	0.101	0.283	NaN	NaN	0.24	0.629	NaN	NaN	7.2	22.015	NaN	NaN	0.0	"2.5"	"F0034"	1	1	"PR"	679.087	"wash-en"	4.712	0	1	1	0.0	0.0	0.0	null	680.88	0.085
12.2	0.053075	19875.0	2878.125	2259.375	NaN	NaN	NaN	0	0	0	0	0	1	1	0	0	0	0	0	1	0	0	0	0	1	1	1	0	1	1	1	0	146.0	0.103	0.284	NaN	NaN	0.245	0.631	NaN	NaN	7.35	22.085	NaN	NaN	0.0	"2.5"	"F0034"	1	1	"PR"	689.125	"wash-en"	14.75	0	1	1	0.0	0.0	0.0	null	690.918	0.09
1.5	0.055275	19125.0	2812.5	2268.75	NaN	NaN	NaN	0	0	0	0	0	1	1	0	0	0	0	0	1	0	0	0	0	0	0	0	1	0	0	0	1	18.0	0.096	0.285	NaN	NaN	0.229	0.633	NaN	NaN	6.87	22.155	NaN	NaN	0.0	"2.5"	"F0034"	0	0	"PR"	699.051	"wash-sc"	4.506	0	1	1	0.0	0.0	0.0	null	700.844	0.084
2.4	0.055275	937.5	3009.375	2268.75	NaN	NaN	NaN	0	0	0	0	0	0	0	0	0	0	0	0	0	0	0	0	0	0	0	0	1	0	0	0	1	29.0	0.116	0.285	NaN	NaN	0.276	0.633	NaN	NaN	8.28	22.155	NaN	NaN	0.0	"2.5"	"F0034"	0	0	"PR"	709.089	"diffuse"	4.415	0	1	2	0.0	0.0	0.0	null	710.882	0.087
1.7	0.055275	2250.0	2990.625	2278.125	NaN	NaN	NaN	0	0	0	0	0	0	0	0	0	0	0	0	0	0	0	0	0	0	0	0	1	0	0	0	1	20.0	0.114	0.286	NaN	NaN	0.271	0.636	NaN	NaN	8.13	22.26	NaN	NaN	0.0	"2.5"	"F0034"	0	0	"PR"	719.119	"diffuse"	14.445	0	1	2	0.0	0.0	0.0	null	720.912	0.086
1.9	0.055275	375.0	3000.0	2287.5	NaN	NaN	NaN	0	0	0	0	0	0	0	0	0	0	0	0	0	0	0	0	0	0	0	0	1	0	0	0	1	23.0	0.115	0.287	NaN	NaN	0.274	0.638	NaN	NaN	8.22	22.33	NaN	NaN	0.0	"2.5"	"F0034"	0	0	"PR"	729.153	"diffuse"	24.479	0	1	2	0.0	0.0	0.0	null	730.946	0.086
12.8	0.054725	19875.0	2793.75	2268.75	NaN	NaN	NaN	0	0	0	0	0	1	1	0	0	0	0	0	1	0	0	0	0	1	1	1	0	1	1	1	0	154.0	0.094	0.285	NaN	NaN	0.224	0.633	NaN	NaN	6.72	22.155	NaN	NaN	0.0	"2.5"	"F0034"	1	1	"PR"	739.083	"wash-en"	4.309	0	1	2	0.0	0.0	0.0	null	740.876	0.088
13.3	0.055275	18562.5	2859.375	2278.125	NaN	NaN	NaN	0	0	0	0	0	1	1	0	0	0	0	0	1	0	0	0	0	1	1	1	0	1	1	1	0	160.0	0.101	0.286	NaN	NaN	0.24	0.636	NaN	NaN	7.2	22.26	NaN	NaN	0.0	"2.5"	"F0034"	1	1	"PR"	749.118	"wash-en"	14.344	0	1	2	0.0	0.0	0.0	null	750.911	0.084
2.5	0.055275	21187.5	2859.375	2250.0	NaN	NaN	NaN	0	0	0	0	0	1	1	0	0	0	0	0	1	0	0	0	0	0	0	0	1	0	0	0	1	30.0	0.101	0.283	NaN	NaN	0.24	0.629	NaN	NaN	7.2	22.015	NaN	NaN	0.0	"2.5"	"F0034"	0	0	"PR"	759.243	"wash-sc"	4.305	0	1	2	0.0	0.0	0.0	null	761.036	0.086
1.0	0.055825	1125.0	2990.625	2278.125	NaN	NaN	NaN	0	0	0	0	0	0	0	0	0	0	0	0	0	0	0	0	0	0	0	0	1	0	0	0	1	12.0	0.114	0.286	NaN	NaN	0.271	0.636	NaN	NaN	8.13	22.26	NaN	NaN	0.0	"2.5"	"F0034"	0	0	"PR"	769.283	"diffuse"	4.215	0	1	3	0.0	0.0	0.0	null	771.076	0.093
2.1	0.05555	0.0	3028.125	2268.75	NaN	NaN	NaN	0	0	0	0	0	0	0	0	0	0	0	0	0	0	0	0	0	0	0	0	1	0	0	0	1	25.0	0.118	0.285	NaN	NaN	0.281	0.633	NaN	NaN	8.43	22.155	NaN	NaN	0.0	"2.5"	"F0034"	0	0	"PR"	779.117	"diffuse"	14.049	0	1	3	0.0	0.0	0.0	null	780.91	0.086
1.3	0.0561	562.5	3009.375	2287.5	NaN	NaN	NaN	0	0	0	0	0	0	0	0	0	0	0	0	0	0	0	0	0	0	0	0	1	0	0	0	1	16.0	0.116	0.287	NaN	NaN	0.276	0.638	NaN	NaN	8.28	22.33	NaN	NaN	0.0	"2.5"	"F0034"	0	0	"PR"	789.152	"diffuse"	24.084	0	1	3	0.0	0.0	0.0	null	790.945	0.086
12.5	0.055275	18187.5	2850.0	2268.75	NaN	NaN	NaN	0	0	0	0	0	1	1	0	0	0	0	0	1	0	0	0	0	1	1	1	0	1	1	1	0	150.0	0.1	0.285	NaN	NaN	0.238	0.633	NaN	NaN	7.14	22.155	NaN	NaN	0.0	"2.5"	"F0034"	1	1	"PR"	799.279	"wash-en"	4.102	0	1	3	0.0	0.0	0.0	null	801.072	0.089
12.4	0.0561	18375.0	2840.625	2250.0	NaN	NaN	NaN	0	0	0	0	0	1	1	0	0	0	0	0	1	0	0	0	0	1	1	1	0	1	1	1	0	149.0	0.099	0.283	NaN	NaN	0.236	0.629	NaN	NaN	7.08	22.015	NaN	NaN	0.0	"2.5"	"F0034"	1	1	"PR"	809.315	"wash-en"	14.138	0	1	3	0.0	0.0	0.0	null	811.108	0.086
0.5	0.05665	19125.0	2821.875	2287.5	NaN	NaN	NaN	0	0	0	0	0	1	1	0	0	0	0	0	1	0	0	0	0	0	0	0	1	0	0	0	1	6.0	0.097	0.287	NaN	NaN	0.231	0.638	NaN	NaN	6.93	22.33	NaN	NaN	0.0	"2.5"	"F0034"	0	0	"PR"	819.236	"wash-sc"	3.902	0	1	3	0.0	0.0	0.0	null	821.029	0.084
1.0	0.0572	1500.0	3018.75	2278.125	NaN	NaN	NaN	0	0	0	0	0	0	0	0	0	0	0	0	0	0	0	0	0	0	0	0	1	0	0	0	1	12.0	0.117	0.286	NaN	NaN	0.279	0.636	NaN	NaN	8.37	22.26	NaN	NaN	0.0	"2.5"	"F0034"	0	0	"PR"	829.279	"diffuse"	3.814	0	1	4	0.0	0.0	0.0	null	831.072	0.086
0.0	0.056925	750.0	3018.75	2278.125	NaN	NaN	NaN	0	0	0	0	0	0	0	0	0	0	0	0	0	0	0	0	0	0	0	0	1	0	0	0	1	0.0	0.117	0.286	NaN	NaN	0.279	0.636	NaN	NaN	8.37	22.26	NaN	NaN	0.0	"2.5"	"F0034"	0	0	"PR"	839.313	"diffuse"	13.848	0	1	4	0.0	0.0	0.0	null	841.106	0.084
1.0	0.056375	750.0	3000.0	2278.125	NaN	NaN	NaN	0	0	0	0	0	0	0	0	0	0	0	0	0	0	0	0	0	0	0	0	1	0	0	0	1	12.0	0.115	0.286	NaN	NaN	0.274	0.636	NaN	NaN	8.22	22.26	NaN	NaN	0.0	"2.5"	"F0034"	0	0	"PR"	849.35	"diffuse"	23.885	0	1	4	0.0	0.0	0.0	null	851.143	0.086
12.6	0.05555	19312.5	2784.375	2259.375	NaN	NaN	NaN	0	0	0	0	0	1	1	0	0	0	0	0	1	0	0	0	0	1	1	1	0	1	1	1	0	151.0	0.093	0.284	NaN	NaN	0.221	0.631	NaN	NaN	6.63	22.085	NaN	NaN	0.0	"2.5"	"F0034"	1	1	"PR"	859.285	"wash-en"	3.707	0	1	4	0.0	0.0	0.0	null	861.078	0.085
14.1	0.05665	18750.0	2868.75	2250.0	NaN	NaN	NaN	0	0	0	0	0	1	1	0	0	0	0	0	1	0	0	0	0	1	1	1	0	1	1	1	0	169.0	0.102	0.283	NaN	NaN	0.243	0.629	NaN	NaN	7.29	22.015	NaN	NaN	0.0	"2.5"	"F0034"	1	1	"PR"	869.316	"wash-en"	13.738	0	1	4	0.0	0.0	0.0	null	871.109	0.084
0.1	0.05665	18750.0	2850.0	2278.125	NaN	NaN	NaN	0	0	0	0	0	1	1	0	0	0	0	0	1	0	0	0	0	0	0	0	1	0	0	0	1	1.0	0.1	0.286	NaN	NaN	0.238	0.636	NaN	NaN	7.14	22.26	NaN	NaN	0.0	"2.5"	"F0034"	0	0	"PR"	879.238	"wash-sc"	3.502	0	1	4	0.0	0.0	0.0	null	881.031	0.084
-2.5	0.05775	-1687.5	2671.875	2278.125	NaN	NaN	NaN	0	0	0	0	1	0	0	0	0	0	0	0	0	0	0	0	0	0	0	0	1	0	0	0	1	-30.0	0.082	0.286	NaN	NaN	0.195	0.636	NaN	NaN	5.85	22.26	NaN	NaN	0.0	"2.5"	"F0034"	0	0	"PR"	889.279	"drain-rg"	3.414	0	1	4	0.0	0.0	0.0	null	891.072	0.086
0.4	0.056925	-562.5	2315.625	2259.375	NaN	NaN	NaN	0	0	0	0	1	0	0	0	0	0	0	0	0	0	0	0	0	0	0	0	1	0	0	0	1	5.0	0.047	0.284	NaN	NaN	0.112	0.631	NaN	NaN	3.36	22.085	NaN	NaN	0.0	"2.5"	"F0034"	0	0	"PR"	899.309	"drain-rg"	13.444	0	1	4	0.0	0.0	0.0	null	901.102	0.084
0.7	0.05665	-1875.0	1968.75	2287.5	NaN	NaN	NaN	0	0	0	0	1	0	0	0	0	0	0	0	0	0	0	0	0	0	0	0	1	0	0	0	1	8.0	0.012	0.287	NaN	NaN	0.029	0.638	NaN	NaN	0.87	22.33	NaN	NaN	0.0	"2.5"	"F0034"	0	0	"PR"	909.34	"drain-rg"	23.475	0	1	4	0.0	0.0	0.0	null	911.133	0.083
-0.5	0.0572	-750.0	1537.5	2306.25	NaN	NaN	NaN	0	0	0	0	1	0	0	0	0	0	0	0	0	0	0	0	0	0	0	0	1	0	0	0	1	-6.0	-0.031	0.289	NaN	NaN	-0.074	0.642	NaN	NaN	-2.22	22.47	NaN	NaN	0.0	"2.5"	"F0034"	0	0	"PR"	919.376	"drip-rg"	6.221	0	1	4	0.0	0.0	0.0	null	921.169	0.086
1.3	0.056925	-1687.5	9.375	2278.125	NaN	NaN	NaN	0	0	0	0	0	0	0	0	0	0	0	0	0	0	0	0	0	0	0	0	1	0	0	0	1	16.0	-0.184	0.286	NaN	NaN	-0.438	0.636	NaN	NaN	-13.14	22.26	NaN	NaN	0.0	"2.5"	"F0034"	0	0	"FR"	0.201	"begin"	0.201	1	1	0	930.197	0.0	0.0	null	931.029	0.104
0.6	0.05665	18375.0	1968.75	2034.375	NaN	NaN	NaN	0	0	1	0	0	1	0	0	0	0	0	0	1	0	0	0	0	0	0	0	1	0	0	0	1	7.0	0.012	0.261	NaN	NaN	0.029	0.58	NaN	NaN	0.87	20.3	NaN	NaN	0.0	"2.5"	"F0034"	0	0	"FR"	10.264	"fill-rg-di"	10.063	1	1	0	930.197	0.0	0.0	null	941.092	0.09
1.0	0.0561	18750.0	2315.625	1771.875	NaN	NaN	NaN	0	0	1	0	0	1	0	0	0	0	0	0	1	0	0	0	0	0	0	0	1	0	0	0	1	12.0	0.047	0.235	NaN	NaN	0.112	0.522	NaN	NaN	3.36	18.27	NaN	NaN	0.0	"2.5"	"F0034"	0	0	"FR"	20.298	"fill-rg-di"	20.097	1	1	0	930.197	0.0	0.0	null	951.126	0.086
0.6	0.055	18750.0	2625.0	1500.0	NaN	NaN	NaN	0	0	1	0	0	1	0	0	0	0	0	0	1	0	0	0	0	0	0	0	1	0	0	0	1	7.0	0.078	0.208	NaN	NaN	0.186	0.462	NaN	NaN	5.58	16.17	NaN	NaN	0.0	"2.5"	"F0034"	0	0	"FR"	30.337	"fill-rg-di"	30.136	1	1	0	930.197	0.0	0.0	null	961.165	0.085
0.7	0.054175	19875.0	2943.75	1246.875	NaN	NaN	NaN	0	0	1	0	0	1	0	0	0	0	0	0	1	0	0	0	0	0	0	0	1	0	0	0	1	8.0	0.109	0.183	NaN	NaN	0.26	0.407	NaN	NaN	7.8	14.245	NaN	NaN	0.0	"2.5"	"F0034"	0	0	"FR"	40.374	"fill-rg-di"	40.173	1	1	0	930.197	0.0	0.0	null	971.202	0.084
0.1	0.0528	20625.0	3262.5	1012.5	NaN	NaN	NaN	0	0	1	0	0	1	0	0	0	0	0	0	1	0	0	0	0	0	0	0	1	0	0	0	1	1.0	0.141	0.159	NaN	NaN	0.336	0.353	NaN	NaN	10.08	12.355	NaN	NaN	0.0	"2.5"	"F0034"	0	0	"FR"	50.413	"fill-rg-di"	50.212	1	1	0	930.197	0.0	0.0	null	981.241	0.084
0.8	0.053075	1875.0	2625.0	984.375	NaN	NaN	NaN	0	0	0	0	1	0	0	0	0	0	0	0	0	0	0	0	0	0	0	0	1	0	0	0	1	10.0	0.078	0.156	NaN	NaN	0.186	0.347	NaN	NaN	5.58	12.145	NaN	NaN	0.0	"2.5"	"F0034"	0	0	"FR"	60.455	"drain-rg"	9.841	1	1	0	930.197	0.0	0.0	null	991.283	0.086
0.2	0.05225	2812.5	2306.25	984.375	NaN	NaN	NaN	0	0	0	0	1	0	0	0	0	0	0	0	0	0	0	0	0	0	0	0	1	0	0	0	1	2.0	0.046	0.156	NaN	NaN	0.11	0.347	NaN	NaN	3.3	12.145	NaN	NaN	0.0	"2.5"	"F0034"	0	0	"FR"	70.49	"drain-rg"	19.876	1	1	0	930.197	0.0	0.0	null	1001.318	0.083
0.7	0.05225	1500.0	2006.25	984.375	NaN	NaN	NaN	0	0	0	0	1	0	0	0	0	0	0	0	0	0	0	0	0	0	0	0	1	0	0	0	1	8.0	0.016	0.156	NaN	NaN	0.038	0.347	NaN	NaN	1.14	12.145	NaN	NaN	0.0	"2.5"	"F0034"	0	0	"FR"	80.525	"drain-rg"	29.911	1	1	0	930.197	0.0	0.0	null	1011.353	0.083
0.7	0.052525	1312.5	1546.875	984.375	NaN	NaN	NaN	0	0	0	0	1	0	0	0	0	0	0	0	0	0	0	0	0	0	0	0	1	0	0	0	1	8.0	-0.03	0.156	NaN	NaN	-0.071	0.347	NaN	NaN	-2.13	12.145	NaN	NaN	0.0	"2.5"	"F0034"	0	0	"FR"	90.36	"drip-rg"	6.824	1	1	0	930.197	0.0	0.0	null	1021.188	0.091
1.0	0.052525	-2437.5	-9.375	956.25	NaN	NaN	NaN	0	0	1	0	0	1	0	0	0	0	0	0	1	0	0	0	0	0	0	0	1	0	0	0	1	12.0	-0.186	0.154	NaN	NaN	-0.443	0.342	NaN	NaN	-13.29	11.97	NaN	NaN	0.0	"2.5"	"F0034"	0	0	"PR"	1.024	"fill-rg-di"	0.823	1	0	0	930.197	0.0	1029.616	null	1031.263	0.085
0.9	0.0506	18000.0	1987.5	684.375	NaN	NaN	NaN	0	0	1	0	0	1	0	0	0	0	0	0	1	0	0	0	0	0	0	0	1	0	0	0	1	11.0	0.014	0.126	NaN	NaN	0.033	0.28	NaN	NaN	0.99	9.8	NaN	NaN	0.0	"2.5"	"F0034"	0	0	"PR"	11.062	"fill-rg-di"	10.861	1	0	0	930.197	0.0	1029.616	null	1041.301	0.084
0.8	0.049225	19125.0	2287.5	440.625	NaN	NaN	NaN	0	0	1	0	0	1	0	0	0	0	0	0	1	0	0	0	0	0	0	0	1	0	0	0	1	10.0	0.044	0.102	NaN	NaN	0.105	0.227	NaN	NaN	3.15	7.945	NaN	NaN	0.0	"2.5"	"F0034"	0	0	"PR"	21.09	"fill-rg-di"	20.889	1	0	0	930.197	0.0	1029.616	null	1051.329	0.087
1.2	0.0473	19687.5	2625.0	178.125	NaN	NaN	NaN	0	0	1	0	0	1	0	0	0	0	0	0	1	0	0	0	0	0	0	0	1	0	0	0	1	14.0	0.078	0.076	NaN	NaN	0.186	0.169	NaN	NaN	5.58	5.915	NaN	NaN	0.0	"2.5"	"F0034"	0	0	"PR"	31.132	"fill-rg-di"	30.931	1	0	0	930.197	0.0	1029.616	null	1061.371	0.089
0.6	0.0473	1875.0	2775.0	234.375	NaN	NaN	NaN	1	0	0	0	0	0	0	0	0	0	0	0	0	1	0	0	0	0	0	0	1	0	0	0	1	7.0	0.093	0.081	NaN	NaN	0.221	0.18	NaN	NaN	6.63	6.3	NaN	NaN	0.0	"2.5"	"F0034"	0	0	"PR"	41.165	"fill-di-lb"	5.419	1	0	0	930.197	0.0	1029.616	null	1071.404	0.083
-0.4	0.0473	2250.0	2765.625	562.5	NaN	NaN	NaN	1	0	0	0	0	0	0	0	0	0	0	0	0	1	0	0	0	0	0	0	1	0	0	0	1	-5.0	0.092	0.114	NaN	NaN	0.219	0.253	NaN	NaN	6.57	8.855	NaN	NaN	0.0	"2.5"	"F0034"	0	0	"PR"	51.201	"fill-di-lb"	15.455	1	0	0	930.197	0.0	1029.616	null	1081.44	0.084
0.6	0.047025	1875.0	2756.25	871.875	NaN	NaN	NaN	1	0	0	0	0	0	0	0	0	0	0	0	0	1	0	0	0	0	0	0	1	0	0	0	1	7.0	0.091	0.145	NaN	NaN	0.217	0.322	NaN	NaN	6.51	11.27	NaN	NaN	0.0	"2.5"	"F0034"	0	0	"PR"	61.042	"fill-di-lb"	25.296	1	0	0	930.197	0.0	1029.616	null	1091.281	0.089
1.0	0.047025	3187.5	2775.0	1190.625	NaN	NaN	NaN	1	0	0	0	0	0	0	0	0	0	0	0	0	1	0	0	0	0	0	0	1	0	0	0	1	12.0	0.093	0.177	NaN	NaN	0.221	0.393	NaN	NaN	6.63	13.755	NaN	NaN	0.0	"2.5"	"F0034"	0	0	"PR"	71.077	"fill-di-lb"	35.331	1	0	0	930.197	0.0	1029.616	null	1101.316	0.09
0.7	0.0473	3937.5	2775.0	1509.375	NaN	NaN	NaN	1	0	0	0	0	0	0	0	0	0	0	0	0	1	0	0	0	0	0	0	1	0	0	0	1	8.0	0.093	0.209	NaN	NaN	0.221	0.464	NaN	NaN	6.63	16.24	NaN	NaN	0.0	"2.5"	"F0034"	0	0	"PR"	81.116	"fill-di-lb"	45.37	1	0	0	930.197	0.0	1029.616	null	1111.355	0.09
0.7	0.0473	3375.0	2756.25	1818.75	NaN	NaN	NaN	1	0	0	0	0	0	0	0	0	0	0	0	0	1	0	0	0	0	0	0	1	0	0	0	1	8.0	0.091	0.24	NaN	NaN	0.217	0.533	NaN	NaN	6.51	18.655	NaN	NaN	0.0	"2.5"	"F0034"	0	0	"PR"	91.158	"fill-di-lb"	55.412	1	0	0	930.197	0.0	1029.616	null	1121.397	0.089
0.7	0.047025	1500.0	2765.625	2118.75	NaN	NaN	NaN	1	0	0	0	0	0	0	0	0	0	0	0	0	1	0	0	0	0	0	0	1	0	0	0	1	8.0	0.092	0.27	NaN	NaN	0.219	0.6	NaN	NaN	6.57	21.0	NaN	NaN	0.0	"2.5"	"F0034"	0	0	"PR"	101.188	"fill-di-lb"	65.442	1	0	0	930.197	0.0	1029.616	null	1131.427	0.087
0.4	0.046475	18562.5	2962.5	2109.375	NaN	NaN	NaN	0	0	1	0	0	1	0	0	0	0	0	0	1	0	0	0	0	0	0	0	1	0	0	0	1	5.0	0.111	0.269	NaN	NaN	0.264	0.598	NaN	NaN	7.92	20.93	NaN	NaN	0.0	"2.5"	"F0034"	0	0	"PR"	111.226	"fill-rg-di"	6.426	1	0	0	930.197	0.0	1029.616	null	1141.465	0.089
12.4	0.045925	24562.5	2981.25	2568.75	NaN	NaN	NaN	0	1	1	0	0	0	0	0	0	0	0	0	1	0	0	0	0	1	1	1	0	1	1	1	0	149.0	0.113	0.315	NaN	NaN	0.269	0.7	NaN	NaN	8.07	24.5	NaN	NaN	0.0	"2.5"	"F0034"	1	1	"PR"	121.27	"deionize"	5.027	1	1	0	930.197	0.0	1029.616	null	1151.509	0.084
12.4	0.04455	23812.5	2971.875	2531.25	NaN	NaN	NaN	0	1	1	0	0	0	0	0	0	0	0	0	1	0	0	0	0	1	1	1	0	1	1	1	0	149.0	0.112	0.311	NaN	NaN	0.267	0.691	NaN	NaN	8.01	24.185	NaN	NaN	0.0	"2.5"	"F0034"	1	1	"PR"	131.108	"deionize"	14.865	1	1	0	930.197	0.0	1029.616	null	1161.347	0.091
12.6	0.044	23812.5	2971.875	2550.0	NaN	NaN	NaN	0	1	1	0	0	0	0	0	0	0	0	0	1	0	0	0	0	1	1	1	0	1	1	1	0	151.0	0.112	0.313	NaN	NaN	0.267	0.696	NaN	NaN	8.01	24.36	NaN	NaN	0.0	"2.5"	"F0034"	1	1	"PR"	141.15	"deionize"	24.907	1	1	0	930.197	0.0	1029.616	null	1171.389	0.087
12.6	0.044	24375.0	2962.5	2587.5	NaN	NaN	NaN	0	1	1	0	0	0	0	0	0	0	0	0	1	0	0	0	0	1	1	1	0	1	1	1	0	151.0	0.111	0.317	NaN	NaN	0.264	0.704	NaN	NaN	7.92	24.64	NaN	NaN	0.0	"2.5"	"F0034"	1	1	"PR"	151.187	"deionize"	34.944	1	1	0	930.197	0.0	1029.616	null	1181.426	0.09
12.4	0.042625	24937.5	2971.875	2568.75	NaN	NaN	NaN	0	1	1	0	0	0	0	0	0	0	0	0	1	0	0	0	0	1	1	1	0	1	1	1	0	149.0	0.112	0.315	NaN	NaN	0.267	0.7	NaN	NaN	8.01	24.5	NaN	NaN	0.0	"2.5"	"F0034"	1	1	"PR"	161.228	"deionize"	44.985	1	1	0	930.197	0.0	1029.616	null	1191.467	0.092
12.6	0.042075	25312.5	2962.5	2475.0	NaN	NaN	NaN	0	1	1	0	0	0	0	0	0	0	0	0	1	0	0	0	0	1	1	1	0	1	1	1	0	151.0	0.111	0.305	NaN	NaN	0.264	0.678	NaN	NaN	7.92	23.73	NaN	NaN	0.0	"2.5"	"F0034"	1	1	"PR"	171.265	"deionize"	55.022	1	1	0	930.197	0.0	1029.616	null	1201.504	0.089
13.3	0.042075	27000.0	2934.375	2409.375	NaN	NaN	NaN	0	1	1	0	0	0	0	0	0	0	0	0	1	0	0	0	0	1	1	1	0	1	1	1	0	160.0	0.108	0.299	NaN	NaN	0.257	0.664	NaN	NaN	7.71	23.24	NaN	NaN	0.0	"2.5"	"F0034"	1	1	"PR"	181.301	"deionize"	65.058	1	1	0	930.197	0.0	1029.616	null	1211.54	0.091
12.6	0.041525	26062.5	2971.875	2428.125	NaN	NaN	NaN	0	1	1	0	0	0	0	0	0	0	0	0	1	0	0	0	0	1	1	1	0	1	1	1	0	151.0	0.112	0.301	NaN	NaN	0.267	0.669	NaN	NaN	8.01	23.415	NaN	NaN	0.0	"2.5"	"F0034"	1	1	"PR"	191.343	"deionize"	75.1	1	1	0	930.197	0.0	1029.616	null	1221.582	0.09
11.7	0.0407	26062.5	2971.875	2568.75	NaN	NaN	NaN	0	1	1	0	0	0	0	0	0	0	0	0	1	0	0	0	0	1	1	1	0	1	1	1	0	140.0	0.112	0.315	NaN	NaN	0.267	0.7	NaN	NaN	8.01	24.5	NaN	NaN	0.0	"2.5"	"F0034"	1	1	"PR"	201.18	"deionize"	84.937	1	1	0	930.197	0.0	1029.616	null	1231.419	0.087
12.4	0.04015	26625.0	2971.875	2503.125	NaN	NaN	NaN	0	1	1	0	0	0	0	0	0	0	0	0	1	0	0	0	0	1	1	1	0	1	1	1	0	149.0	0.112	0.308	NaN	NaN	0.267	0.684	NaN	NaN	8.01	23.94	NaN	NaN	0.0	"2.5"	"F0034"	1	1	"PR"	211.218	"deionize"	94.975	1	1	0	930.197	0.0	1029.616	null	1241.457	0.088
12.8	0.040425	26437.5	2971.875	2475.0	NaN	NaN	NaN	0	1	1	0	0	0	0	0	0	0	0	0	1	0	0	0	0	1	1	1	0	1	1	1	0	154.0	0.112	0.305	NaN	NaN	0.267	0.678	NaN	NaN	8.01	23.73	NaN	NaN	0.0	"2.5"	"F0034"	1	1	"PR"	221.258	"deionize"	105.015	1	1	0	930.197	0.0	1029.616	null	1251.497	0.087
10.9	0.039325	27000.0	2981.25	2437.5	NaN	NaN	NaN	0	1	1	0	0	0	0	0	0	0	0	0	1	0	0	0	0	1	1	1	0	1	1	1	0	131.0	0.113	0.302	NaN	NaN	0.269	0.671	NaN	NaN	8.07	23.485	NaN	NaN	0.0	"2.5"	"F0034"	1	1	"PR"	231.293	"deionize"	115.05	1	1	0	930.197	0.0	1029.616	null	1261.532	0.089
12.6	0.039325	27000.0	2971.875	2512.5	NaN	NaN	NaN	0	1	1	0	0	0	0	0	0	0	0	0	1	0	0	0	0	1	1	1	0	1	1	1	0	151.0	0.112	0.309	NaN	NaN	0.267	0.687	NaN	NaN	8.01	24.045	NaN	NaN	0.0	"2.5"	"F0034"	1	1	"PR"	241.335	"deionize"	125.092	1	1	0	930.197	0.0	1029.616	null	1271.574	0.092
12.1	0.038225	26812.5	2971.875	2400.0	NaN	NaN	NaN	0	1	1	0	0	0	0	0	0	0	0	0	1	0	0	0	0	1	1	1	0	1	1	1	0	145.0	0.112	0.298	NaN	NaN	0.267	0.662	NaN	NaN	8.01	23.17	NaN	NaN	0.0	"2.5"	"F0034"	1	1	"PR"	251.375	"deionize"	135.132	1	1	0	930.197	0.0	1029.616	null	1281.614	0.09
12.8	0.037675	26437.5	2981.25	2400.0	NaN	NaN	NaN	0	1	1	0	0	0	0	0	0	0	0	0	1	0	0	0	0	1	1	1	0	1	1	1	0	154.0	0.113	0.298	NaN	NaN	0.269	0.662	NaN	NaN	8.07	23.17	NaN	NaN	0.0	"2.5"	"F0034"	1	1	"PR"	261.418	"deionize"	145.175	1	1	0	930.197	0.0	1029.616	null	1291.657	0.091
12.7	0.037125	26812.5	2962.5	2400.0	NaN	NaN	NaN	0	1	1	0	0	0	0	0	0	0	0	0	1	0	0	0	0	1	1	1	0	1	1	1	0	152.0	0.111	0.298	NaN	NaN	0.264	0.662	NaN	NaN	7.92	23.17	NaN	NaN	0.0	"2.5"	"F0034"	1	1	"PR"	271.255	"deionize"	155.012	1	1	0	930.197	0.0	1029.616	null	1301.494	0.087
12.9	0.037125	26062.5	2971.875	2409.375	NaN	NaN	NaN	0	1	1	0	0	0	0	0	0	0	0	0	1	0	0	0	0	1	1	1	0	1	1	1	0	155.0	0.112	0.299	NaN	NaN	0.267	0.664	NaN	NaN	8.01	23.24	NaN	NaN	0.0	"2.5"	"F0034"	1	1	"PR"	281.291	"deionize"	165.048	1	1	0	930.197	0.0	1029.616	null	1311.53	0.084
12.6	0.0363	26437.5	2962.5	2475.0	NaN	NaN	NaN	0	1	1	0	0	0	0	0	0	0	0	0	1	0	0	0	0	1	1	1	0	1	1	1	0	151.0	0.111	0.305	NaN	NaN	0.264	0.678	NaN	NaN	7.92	23.73	NaN	NaN	0.0	"2.5"	"F0034"	1	1	"PR"	291.334	"deionize"	175.091	1	1	0	930.197	0.0	1029.616	null	1321.573	0.089
12.7	0.036025	24187.5	2981.25	2390.625	NaN	NaN	NaN	0	1	1	0	0	0	0	0	0	0	0	0	1	0	0	0	0	1	1	1	0	1	1	1	0	152.0	0.113	0.297	NaN	NaN	0.269	0.66	NaN	NaN	8.07	23.1	NaN	NaN	0.0	"2.5"	"F0034"	1	1	"PR"	301.366	"deionize"	185.123	1	1	0	930.197	0.0	1029.616	null	1331.605	0.087
12.6	0.034925	23812.5	2962.5	2437.5	NaN	NaN	NaN	0	1	1	0	0	0	0	0	0	0	0	0	1	0	0	0	0	1	1	1	0	1	1	1	0	151.0	0.111	0.302	NaN	NaN	0.264	0.671	NaN	NaN	7.92	23.485	NaN	NaN	0.0	"2.5"	"F0034"	1	1	"PR"	311.403	"deionize"	195.16	1	1	0	930.197	0.0	1029.616	null	1341.642	0.084
12.6	0.034925	25312.5	2962.5	2428.125	NaN	NaN	NaN	0	1	1	0	0	0	0	0	0	0	0	0	1	0	0	0	0	1	1	1	0	1	1	1	0	151.0	0.111	0.301	NaN	NaN	0.264	0.669	NaN	NaN	7.92	23.415	NaN	NaN	0.0	"2.5"	"F0034"	1	1	"PR"	321.443	"deionize"	205.2	1	1	0	930.197	0.0	1029.616	null	1351.682	0.086
12.3	0.034375	26250.0	2971.875	2400.0	NaN	NaN	NaN	0	1	1	0	0	0	0	0	0	0	0	0	1	0	0	0	0	1	1	1	0	1	1	1	0	148.0	0.112	0.298	NaN	NaN	0.267	0.662	NaN	NaN	8.01	23.17	NaN	NaN	0.0	"2.5"	"F0034"	1	1	"PR"	331.478	"deionize"	215.235	1	1	0	930.197	0.0	1029.616	null	1361.717	0.087
12.3	0.034375	23625.0	2981.25	2456.25	NaN	NaN	NaN	0	1	1	0	0	0	0	0	0	0	0	0	1	0	0	0	0	1	1	1	0	1	1	1	0	148.0	0.113	0.304	NaN	NaN	0.269	0.676	NaN	NaN	8.07	23.66	NaN	NaN	0.0	"2.5"	"F0034"	1	1	"PR"	341.509	"deionize"	225.266	1	1	0	930.197	0.0	1029.616	null	1371.748	0.091
12.6	0.03355	24750.0	2971.875	2400.0	NaN	NaN	NaN	0	1	1	0	0	0	0	0	0	0	0	0	1	0	0	0	0	1	1	1	0	1	1	1	0	151.0	0.112	0.298	NaN	NaN	0.267	0.662	NaN	NaN	8.01	23.17	NaN	NaN	0.0	"2.5"	"F0034"	1	1	"PR"	351.347	"deionize"	235.104	1	1	0	930.197	0.0	1029.616	null	1381.586	0.084
12.4	0.033275	24937.5	2962.5	2409.375	NaN	NaN	NaN	0	1	1	0	0	0	0	0	0	0	0	0	1	0	0	0	1	1	1	1	0	1	1	1	0	149.0	0.111	0.299	NaN	NaN	0.264	0.664	NaN	NaN	7.92	23.24	NaN	NaN	0.0	"2.5"	"F0034"	1	1	"PR"	361.489	"deionize-uv"	5.123	1	1	0	930.197	0.0	1029.616	null	1391.728	0.084
11.9	0.032725	26062.5	2990.625	2475.0	NaN	NaN	NaN	0	1	1	0	0	0	0	0	0	0	0	0	1	0	0	0	1	1	1	1	0	1	1	1	0	143.0	0.114	0.305	NaN	NaN	0.271	0.678	NaN	NaN	8.13	23.73	NaN	NaN	0.0	"2.5"	"F0034"	1	1	"PR"	371.527	"deionize-uv"	15.161	1	1	0	930.197	0.0	1029.616	null	1401.766	0.085
12.4	0.03245	25500.0	2971.875	2437.5	NaN	NaN	NaN	0	1	1	0	0	0	0	0	0	0	0	0	1	0	0	0	1	1	1	1	0	1	1	1	0	149.0	0.112	0.302	NaN	NaN	0.267	0.671	NaN	NaN	8.01	23.485	NaN	NaN	0.0	"2.5"	"F0034"	1	1	"PR"	381.568	"deionize-uv"	25.202	1	1	0	930.197	0.0	1029.616	null	1411.807	0.086
12.6	0.0319	25312.5	2990.625	2390.625	NaN	NaN	NaN	0	1	1	0	0	0	0	0	0	0	0	0	1	0	0	0	1	1	1	1	0	1	1	1	0	151.0	0.114	0.297	NaN	NaN	0.271	0.66	NaN	NaN	8.13	23.1	NaN	NaN	0.0	"2.5"	"F0034"	1	1	"PR"	391.401	"deionize-uv"	35.035	1	1	0	930.197	0.0	1029.616	null	1421.64	0.084
12.6	0.03135	26812.5	2971.875	2390.625	NaN	NaN	NaN	0	1	1	0	0	0	0	0	0	0	0	0	1	0	0	0	1	1	1	1	0	1	1	1	0	151.0	0.112	0.297	NaN	NaN	0.267	0.66	NaN	NaN	8.01	23.1	NaN	NaN	0.0	"2.5"	"F0034"	1	1	"PR"	401.441	"deionize-uv"	45.075	1	1	0	930.197	0.0	1029.616	null	1431.68	0.088
14.7	0.03135	26625.0	2971.875	2390.625	NaN	NaN	NaN	0	1	1	0	0	0	0	0	0	0	0	0	1	0	0	0	1	1	1	1	0	1	1	1	0	176.0	0.112	0.297	NaN	NaN	0.267	0.66	NaN	NaN	8.01	23.1	NaN	NaN	0.0	"2.5"	"F0034"	1	1	"PR"	411.48	"deionize-uv"	55.114	1	1	0	930.197	0.0	1029.616	null	1441.719	0.083
12.8	0.03025	25125.0	2943.75	2390.625	NaN	NaN	NaN	0	1	1	0	0	0	0	0	0	0	0	0	1	0	0	0	1	1	1	1	0	1	1	1	0	154.0	0.109	0.297	NaN	NaN	0.26	0.66	NaN	NaN	7.8	23.1	NaN	NaN	0.0	"2.5"	"F0034"	1	1	"PR"	421.513	"deionize-uv"	65.147	1	1	0	930.197	0.0	1029.616	null	1451.752	0.084
11.7	0.029975	24187.5	2971.875	2437.5	NaN	NaN	NaN	0	1	1	0	0	0	0	0	0	0	0	0	1	0	0	0	1	1	1	1	0	1	1	1	0	140.0	0.112	0.302	NaN	NaN	0.267	0.671	NaN	NaN	8.01	23.485	NaN	NaN	0.0	"2.5"	"F0034"	1	1	"PR"	431.552	"deionize-uv"	75.186	1	1	0	930.197	0.0	1029.616	null	1461.791	0.086
11.6	0.029975	24187.5	2981.25	2409.375	NaN	NaN	NaN	0	1	1	0	0	0	0	0	0	0	0	0	1	0	0	0	1	1	1	1	0	1	1	1	0	139.0	0.113	0.299	NaN	NaN	0.269	0.664	NaN	NaN	8.07	23.24	NaN	NaN	0.0	"2.5"	"F0034"	1	1	"PR"	441.59	"deionize-uv"	85.224	1	1	0	930.197	0.0	1029.616	null	1471.829	0.086
11.6	0.02915	24187.5	2971.875	2343.75	NaN	NaN	NaN	0	1	1	0	0	0	0	0	0	0	0	0	1	0	0	0	1	1	1	1	0	1	1	1	0	139.0	0.112	0.292	NaN	NaN	0.267	0.649	NaN	NaN	8.01	22.715	NaN	NaN	0.0	"2.5"	"F0034"	1	1	"PR"	451.632	"deionize-uv"	95.266	1	1	0	930.197	0.0	1029.616	null	1481.871	0.088
11.7	0.02915	24375.0	2934.375	2409.375	NaN	NaN	NaN	0	1	1	0	0	0	0	0	0	0	0	0	1	0	0	0	1	1	1	1	0	1	1	1	0	140.0	0.108	0.299	NaN	NaN	0.257	0.664	NaN	NaN	7.71	23.24	NaN	NaN	0.0	"2.5"	"F0034"	1	1	"PR"	461.466	"deionize-uv"	105.1	1	1	0	930.197	0.0	1029.616	null	1491.705	0.083
10.3	0.0286	26250.0	2962.5	2362.5	NaN	NaN	NaN	0	1	1	0	0	0	0	0	0	0	0	0	1	0	0	0	1	1	1	1	0	1	1	1	0	124.0	0.111	0.294	NaN	NaN	0.264	0.653	NaN	NaN	7.92	22.855	NaN	NaN	0.0	"2.5"	"F0034"	1	1	"PR"	471.498	"deionize-uv"	115.132	1	1	0	930.197	0.0	1029.616	null	1501.737	0.084
12.2	0.0286	27750.0	2962.5	1978.125	NaN	NaN	NaN	0	0	1	0	0	0	0	1	0	0	0	0	1	0	0	0	1	1	1	1	0	1	1	1	0	146.0	0.111	0.256	NaN	NaN	0.264	0.569	NaN	NaN	7.92	19.915	NaN	NaN	0.0	"2.5"	"F0034"	1	1	"PR"	481.665	"drain-di-1"	5.147	1	1	0	930.197	0.0	1029.616	null	1511.904	0.087
10.5	0.02805	30000.0	2971.875	1715.625	NaN	NaN	NaN	0	0	1	0	0	0	0	1	0	0	0	0	1	0	0	0	1	1	1	1	0	1	1	1	0	126.0	0.112	0.23	NaN	NaN	0.267	0.511	NaN	NaN	8.01	17.885	NaN	NaN	0.0	"2.5"	"F0034"	1	1	"PR"	491.497	"drain-di-1"	14.979	1	1	0	930.197	0.0	1029.616	null	1521.736	0.087
10.8	0.0286	30562.5	2971.875	1481.25	NaN	NaN	NaN	0	0	1	0	0	0	0	1	0	0	0	0	1	0	0	0	1	1	1	1	0	1	1	1	0	130.0	0.112	0.206	NaN	NaN	0.267	0.458	NaN	NaN	8.01	16.03	NaN	NaN	0.0	"2.5"	"F0034"	1	1	"PR"	501.535	"drain-di-1"	25.017	1	1	0	930.197	0.0	1029.616	null	1531.774	0.086
11.1	0.027225	28312.5	2981.25	1228.125	NaN	NaN	NaN	0	0	1	0	0	0	0	1	0	0	0	0	1	0	0	0	1	1	1	1	0	1	1	1	0	133.0	0.113	0.181	NaN	NaN	0.269	0.402	NaN	NaN	8.07	14.07	NaN	NaN	0.0	"2.5"	"F0034"	1	1	"PR"	511.571	"drain-di-1"	35.053	1	1	0	930.197	0.0	1029.616	null	1541.81	0.087
10.5	0.027225	26625.0	2981.25	946.875	NaN	NaN	NaN	0	0	1	0	0	0	0	1	0	0	0	0	1	0	0	0	1	1	1	1	0	1	1	1	0	126.0	0.113	0.153	NaN	NaN	0.269	0.34	NaN	NaN	8.07	11.9	NaN	NaN	0.0	"2.5"	"F0034"	1	1	"PR"	521.608	"drain-di-1"	45.09	1	1	0	930.197	0.0	1029.616	null	1551.847	0.084
10.8	0.02695	25312.5	2971.875	721.875	NaN	NaN	NaN	0	0	1	0	0	0	0	1	0	0	0	0	1	0	0	0	1	1	1	1	0	1	1	1	0	130.0	0.112	0.13	NaN	NaN	0.267	0.289	NaN	NaN	8.01	10.115	NaN	NaN	0.0	"2.5"	"F0034"	1	1	"PR"	531.647	"drain-di-1"	55.129	1	1	0	930.197	0.0	1029.616	null	1561.886	0.084
11.0	0.02695	27562.5	2981.25	450.0	NaN	NaN	NaN	0	0	1	0	0	0	0	1	0	0	0	0	1	0	0	0	1	1	1	1	0	1	1	1	0	132.0	0.113	0.103	NaN	NaN	0.269	0.229	NaN	NaN	8.07	8.015	NaN	NaN	0.0	"2.5"	"F0034"	1	1	"PR"	541.681	"drain-di-1"	65.163	1	1	0	930.197	0.0	1029.616	null	1571.92	0.084
10.4	0.02695	29250.0	2971.875	206.25	NaN	NaN	NaN	0	0	1	0	0	0	0	1	0	0	0	0	1	0	0	0	1	1	1	1	0	1	1	1	0	125.0	0.112	0.079	NaN	NaN	0.267	0.176	NaN	NaN	8.01	6.16	NaN	NaN	0.0	"2.5"	"F0034"	1	1	"PR"	551.717	"drain-di-1"	75.199	1	1	0	930.197	0.0	1029.616	null	1581.956	0.084
10.5	0.02695	28875.0	2971.875	-65.625	NaN	NaN	NaN	0	0	1	0	0	0	0	1	0	0	0	0	1	0	0	0	1	1	1	1	0	1	1	1	0	126.0	0.112	0.051	NaN	NaN	0.267	0.113	NaN	NaN	8.01	3.955	NaN	NaN	0.0	"2.5"	"F0034"	1	1	"PR"	561.671	"drip-di-1"	4.533	1	1	0	930.197	0.0	1029.616	null	1591.91	0.084
8.7	0.02695	25687.5	2981.25	-28.125	NaN	NaN	NaN	0	0	1	0	0	0	0	1	0	0	0	0	1	0	0	0	1	1	1	1	0	1	1	1	0	104.0	0.113	0.055	NaN	NaN	0.269	0.122	NaN	NaN	8.07	4.27	NaN	NaN	0.0	"2.5"	"F0034"	1	1	"PR"	571.706	"drip-di-1"	14.568	1	1	0	930.197	0.0	1029.616	null	1601.945	0.084
-12.0	0.02695	18375.0	2821.875	112.5	NaN	NaN	NaN	1	0	0	0	0	1	1	0	0	0	0	0	1	1	0	0	0	1	1	0	1	1	1	0	1	-144.0	0.097	0.069	NaN	NaN	0.231	0.153	NaN	NaN	6.93	5.355	NaN	NaN	0.0	"2.5"	"F0034"	1	0	"PR"	581.701	"reverse-f"	9.392	1	1	0	930.197	0.0	1029.616	null	1611.94	0.084
-12.6	0.0297	19125.0	2793.75	450.0	NaN	NaN	NaN	1	0	0	0	0	1	1	0	0	0	0	0	1	1	0	0	0	1	1	0	1	1	1	0	1	-151.0	0.094	0.103	NaN	NaN	0.224	0.229	NaN	NaN	6.72	8.015	NaN	NaN	0.0	"2.5"	"F0034"	1	0	"PR"	591.74	"reverse-f"	19.431	1	1	0	930.197	0.0	1029.616	null	1621.979	0.085
-11.9	0.033275	20437.5	2812.5	778.125	NaN	NaN	NaN	1	0	0	0	0	1	1	0	0	0	0	0	1	1	0	0	0	1	1	0	1	1	1	0	1	-143.0	0.096	0.136	NaN	NaN	0.229	0.302	NaN	NaN	6.87	10.57	NaN	NaN	0.0	"2.5"	"F0034"	1	0	"PR"	601.774	"reverse-f"	29.465	1	1	0	930.197	0.0	1029.616	null	1632.013	0.083
-11.3	0.037125	18187.5	2793.75	1096.875	NaN	NaN	NaN	1	0	0	0	0	1	1	0	0	0	0	0	1	1	0	0	0	1	1	0	1	1	1	0	1	-136.0	0.094	0.168	NaN	NaN	0.224	0.373	NaN	NaN	6.72	13.055	NaN	NaN	0.0	"2.5"	"F0034"	1	0	"PR"	611.806	"reverse-f"	39.497	1	1	0	930.197	0.0	1029.616	null	1642.045	0.084
-12.0	0.040975	18750.0	2793.75	1425.0	NaN	NaN	NaN	1	0	0	0	0	1	1	0	0	0	0	0	1	1	0	0	0	1	1	0	1	1	1	0	1	-144.0	0.094	0.2	NaN	NaN	0.224	0.444	NaN	NaN	6.72	15.54	NaN	NaN	0.0	"2.5"	"F0034"	1	0	"PR"	621.844	"reverse-f"	49.535	1	1	0	930.197	0.0	1029.616	null	1652.083	0.085
-12.9	0.043175	19687.5	2831.25	1734.375	NaN	NaN	NaN	1	0	0	0	0	1	1	0	0	0	0	0	1	1	0	0	0	1	1	0	1	1	1	0	1	-155.0	0.098	0.231	NaN	NaN	0.233	0.513	NaN	NaN	6.99	17.955	NaN	NaN	0.0	"2.5"	"F0034"	1	0	"PR"	631.674	"reverse-f"	59.365	1	1	0	930.197	0.0	1029.616	null	1661.913	0.087
-13.3	0.0462	17625.0	2784.375	2043.75	NaN	NaN	NaN	1	0	0	0	0	1	1	0	0	0	0	0	1	1	0	0	0	1	1	0	1	1	1	0	1	-160.0	0.093	0.262	NaN	NaN	0.221	0.582	NaN	NaN	6.63	20.37	NaN	NaN	0.0	"2.5"	"F0034"	1	0	"PR"	641.705	"reverse-f"	69.396	1	1	0	930.197	0.0	1029.616	null	1671.944	0.089
-11.9	0.0484	19687.5	2821.875	2240.625	NaN	NaN	NaN	0	0	0	0	0	1	1	0	0	0	0	0	1	0	0	0	0	1	1	0	1	1	1	0	1	-143.0	0.097	0.282	NaN	NaN	0.231	0.627	NaN	NaN	6.93	21.945	NaN	NaN	0.0	"2.5"	"F0034"	1	0	"PR"	651.851	"reverse"	79.542	1	1	0	930.197	0.0	1029.616	null	1682.09	0.084
-11.3	0.049775	20062.5	2821.875	2287.5	NaN	NaN	NaN	0	0	0	0	0	1	1	0	0	0	0	0	1	0	0	0	0	1	1	0	1	1	1	0	1	-136.0	0.097	0.287	NaN	NaN	0.231	0.638	NaN	NaN	6.93	22.33	NaN	NaN	0.0	"2.5"	"F0034"	1	0	"PR"	661.889	"reverse"	89.58	1	1	0	930.197	0.0	1029.616	null	1692.128	0.084
-12.4	0.050875	18000.0	2793.75	2250.0	NaN	NaN	NaN	0	0	0	0	0	1	1	0	0	0	0	0	1	0	0	0	0	1	1	0	1	1	1	0	1	-149.0	0.094	0.283	NaN	NaN	0.224	0.629	NaN	NaN	6.72	22.015	NaN	NaN	0.0	"2.5"	"F0034"	1	0	"PR"	671.728	"reverse"	99.419	1	1	0	930.197	0.0	1029.616	null	1701.967	0.091
-12.0	0.050325	18562.5	2784.375	2250.0	NaN	NaN	NaN	0	0	0	0	0	1	1	0	0	0	0	0	1	0	0	0	0	1	1	0	1	1	1	0	1	-144.0	0.093	0.283	NaN	NaN	0.221	0.629	NaN	NaN	6.63	22.015	NaN	NaN	0.0	"2.5"	"F0034"	1	0	"PR"	681.765	"reverse"	109.456	1	1	0	930.197	0.0	1029.616	null	1712.004	0.09
-11.3	0.0517	19875.0	2784.375	2250.0	NaN	NaN	NaN	0	0	0	0	0	1	1	0	0	0	0	0	1	0	0	0	0	1	1	0	1	1	1	0	1	-136.0	0.093	0.283	NaN	NaN	0.221	0.629	NaN	NaN	6.63	22.015	NaN	NaN	0.0	"2.5"	"F0034"	1	0	"PR"	691.799	"reverse"	119.49	1	1	0	930.197	0.0	1029.616	null	1722.038	0.087
-12.0	0.050875	19500.0	2784.375	2240.625	NaN	NaN	NaN	0	0	0	0	0	1	1	0	0	0	0	0	1	0	0	0	0	1	1	0	1	1	1	0	1	-144.0	0.093	0.282	NaN	NaN	0.221	0.627	NaN	NaN	6.63	21.945	NaN	NaN	0.0	"2.5"	"F0034"	1	0	"PR"	701.84	"reverse"	129.531	1	1	0	930.197	0.0	1029.616	null	1732.079	0.09
-12.7	0.05115	20062.5	2821.875	2250.0	NaN	NaN	NaN	0	0	0	0	0	1	1	0	0	0	0	0	1	0	0	0	0	1	1	0	1	1	1	0	1	-152.0	0.097	0.283	NaN	NaN	0.231	0.629	NaN	NaN	6.93	22.015	NaN	NaN	0.0	"2.5"	"F0034"	1	0	"PR"	711.877	"reverse"	139.568	1	1	0	930.197	0.0	1029.616	null	1742.116	0.087
-12.0	0.051975	19125.0	2821.875	2259.375	NaN	NaN	NaN	0	0	0	0	0	1	1	0	0	0	0	0	1	0	0	0	0	1	1	0	1	1	1	0	1	-144.0	0.097	0.284	NaN	NaN	0.231	0.631	NaN	NaN	6.93	22.085	NaN	NaN	0.0	"2.5"	"F0034"	1	0	"PR"	721.91	"reverse"	149.601	1	1	0	930.197	0.0	1029.616	null	1752.149	0.087
-1.7	0.0528	1125.0	3018.75	2268.75	NaN	NaN	NaN	0	0	0	0	0	0	0	0	0	0	0	0	0	0	0	0	0	0	0	0	1	0	0	0	1	-20.0	0.117	0.285	NaN	NaN	0.279	0.633	NaN	NaN	8.37	22.155	NaN	NaN	0.0	"2.5"	"F0034"	0	0	"PR"	731.839	"diffuse"	9.527	1	1	1	930.197	0.0	1029.616	null	1762.078	0.092
-2.8	0.0528	2625.0	2990.625	2268.75	NaN	NaN	NaN	0	0	0	0	0	0	0	0	0	0	0	0	0	0	0	0	0	0	0	0	1	0	0	0	1	-34.0	0.114	0.285	NaN	NaN	0.271	0.633	NaN	NaN	8.13	22.155	NaN	NaN	0.0	"2.5"	"F0034"	0	0	"PR"	741.873	"diffuse"	19.561	1	1	1	930.197	0.0	1029.616	null	1772.112	0.09
-2.1	0.051975	1875.0	2953.125	2268.75	NaN	NaN	NaN	0	0	0	0	0	0	0	0	0	0	0	0	0	0	0	0	0	0	0	0	1	0	0	0	1	-25.0	0.11	0.285	NaN	NaN	0.262	0.633	NaN	NaN	7.86	22.155	NaN	NaN	0.0	"2.5"	"F0034"	0	0	"PR"	751.908	"diffuse"	29.596	1	1	1	930.197	0.0	1029.616	null	1782.147	0.09
-11.9	0.0528	18937.5	2765.625	2259.375	NaN	NaN	NaN	0	0	0	0	0	1	1	0	0	0	0	0	1	0	0	0	0	1	1	0	1	1	1	0	1	-143.0	0.092	0.284	NaN	NaN	0.219	0.631	NaN	NaN	6.57	22.085	NaN	NaN	0.0	"2.5"	"F0034"	1	0	"PR"	761.84	"wash-en"	9.33	1	1	1	930.197	0.0	1029.616	null	1792.079	0.088
-11.7	0.05225	20250.0	2812.5	2268.75	NaN	NaN	NaN	0	0	0	0	0	1	1	0	0	0	0	0	1	0	0	0	0	1	1	0	1	1	1	0	1	-140.0	0.096	0.285	NaN	NaN	0.229	0.633	NaN	NaN	6.87	22.155	NaN	NaN	0.0	"2.5"	"F0034"	1	0	"PR"	771.871	"wash-en"	19.361	1	1	1	930.197	0.0	1029.616	null	1802.11	0.087
-1.8	0.053075	18562.5	2831.25	2268.75	NaN	NaN	NaN	0	0	0	0	0	1	1	0	0	0	0	0	1	0	0	0	0	0	0	0	1	0	0	0	1	-22.0	0.098	0.285	NaN	NaN	0.233	0.633	NaN	NaN	6.99	22.155	NaN	NaN	0.0	"2.5"	"F0034"	0	0	"PR"	781.997	"wash-sc"	9.322	1	1	1	930.197	0.0	1029.616	null	1812.236	0.09
-1.9	0.054175	1875.0	2981.25	2268.75	NaN	NaN	NaN	0	0	0	0	0	0	0	0	0	0	0	0	0	0	0	0	0	0	0	0	1	0	0	0	1	-23.0	0.113	0.285	NaN	NaN	0.269	0.633	NaN	NaN	8.07	22.155	NaN	NaN	0.0	"2.5"	"F0034"	0	0	"PR"	791.834	"diffuse"	9.035	1	1	2	930.197	0.0	1029.616	null	1822.073	0.086
-1.5	0.054175	2062.5	2981.25	2268.75	NaN	NaN	NaN	0	0	0	0	0	0	0	0	0	0	0	0	0	0	0	0	0	0	0	0	1	0	0	0	1	-18.0	0.113	0.285	NaN	NaN	0.269	0.633	NaN	NaN	8.07	22.155	NaN	NaN	0.0	"2.5"	"F0034"	0	0	"PR"	801.872	"diffuse"	19.073	1	1	2	930.197	0.0	1029.616	null	1832.111	0.083
-1.6	0.0539	562.5	3000.0	2259.375	NaN	NaN	NaN	0	0	0	0	0	0	0	0	0	0	0	0	0	0	0	0	0	0	0	0	1	0	0	0	1	-19.0	0.115	0.284	NaN	NaN	0.274	0.631	NaN	NaN	8.22	22.085	NaN	NaN	0.0	"2.5"	"F0034"	0	0	"PR"	811.906	"diffuse"	29.107	1	1	2	930.197	0.0	1029.616	null	1842.145	0.09
-12.4	0.053075	18375.0	2793.75	2268.75	NaN	NaN	NaN	0	0	0	0	0	1	1	0	0	0	0	0	1	0	0	0	0	1	1	0	1	1	1	0	1	-149.0	0.094	0.285	NaN	NaN	0.224	0.633	NaN	NaN	6.72	22.155	NaN	NaN	0.0	"2.5"	"F0034"	1	0	"PR"	822.044	"wash-en"	9.134	1	1	2	930.197	0.0	1029.616	null	1852.283	0.091
-11.6	0.0539	20062.5	2821.875	2250.0	NaN	NaN	NaN	0	0	0	0	0	1	1	0	0	0	0	0	1	0	0	0	0	1	1	0	1	1	1	0	1	-139.0	0.097	0.283	NaN	NaN	0.231	0.629	NaN	NaN	6.93	22.015	NaN	NaN	0.0	"2.5"	"F0034"	1	0	"PR"	832.076	"wash-en"	19.166	1	1	2	930.197	0.0	1029.616	null	1862.315	0.087
-1.5	0.05445	19125.0	2821.875	2250.0	NaN	NaN	NaN	0	0	0	0	0	1	1	0	0	0	0	0	1	0	0	0	0	0	0	0	1	0	0	0	1	-18.0	0.097	0.283	NaN	NaN	0.231	0.629	NaN	NaN	6.93	22.015	NaN	NaN	0.0	"2.5"	"F0034"	0	0	"PR"	842.0	"wash-sc"	8.921	1	1	2	930.197	0.0	1029.616	null	1872.239	0.091
-1.2	0.053625	1312.5	2990.625	2268.75	NaN	NaN	NaN	0	0	0	0	0	0	0	0	0	0	0	0	0	0	0	0	0	0	0	0	1	0	0	0	1	-14.0	0.114	0.285	NaN	NaN	0.271	0.633	NaN	NaN	8.13	22.155	NaN	NaN	0.0	"2.5"	"F0034"	0	0	"PR"	852.041	"diffuse"	8.836	1	1	3	930.197	0.0	1029.616	null	1882.28	0.091
-0.8	0.054175	2812.5	2981.25	2259.375	NaN	NaN	NaN	0	0	0	0	0	0	0	0	0	0	0	0	0	0	0	0	0	0	0	0	1	0	0	0	1	-10.0	0.113	0.284	NaN	NaN	0.269	0.631	NaN	NaN	8.07	22.085	NaN	NaN	0.0	"2.5"	"F0034"	0	0	"PR"	862.075	"diffuse"	18.87	1	1	3	930.197	0.0	1029.616	null	1892.314	0.09
-0.7	0.05445	1687.5	2981.25	2259.375	NaN	NaN	NaN	0	0	0	0	0	0	0	0	0	0	0	0	0	0	0	0	0	0	0	0	1	0	0	0	1	-8.0	0.113	0.284	NaN	NaN	0.269	0.631	NaN	NaN	8.07	22.085	NaN	NaN	0.0	"2.5"	"F0034"	0	0	"PR"	872.11	"diffuse"	28.905	1	1	3	930.197	0.0	1029.616	null	1902.349	0.09
-12.0	0.0539	19500.0	2850.0	2259.375	NaN	NaN	NaN	0	0	0	0	0	1	1	0	0	0	0	0	1	0	0	0	0	1	1	0	1	1	1	0	1	-144.0	0.1	0.284	NaN	NaN	0.238	0.631	NaN	NaN	7.14	22.085	NaN	NaN	0.0	"2.5"	"F0034"	1	0	"PR"	882.038	"wash-en"	8.723	1	1	3	930.197	0.0	1029.616	null	1912.277	0.092
-11.9	0.054175	20062.5	2803.125	2240.625	NaN	NaN	NaN	0	0	0	0	0	1	1	0	0	0	0	0	1	0	0	0	0	1	1	0	1	1	1	0	1	-143.0	0.095	0.282	NaN	NaN	0.226	0.627	NaN	NaN	6.78	21.945	NaN	NaN	0.0	"2.5"	"F0034"	1	0	"PR"	892.071	"wash-en"	18.756	1	1	3	930.197	0.0	1029.616	null	1922.31	0.091
0.6	0.0539	19875.0	2784.375	2268.75	NaN	NaN	NaN	0	0	0	0	0	1	1	0	0	0	0	0	1	0	0	0	0	0	0	0	1	0	0	0	1	7.0	0.093	0.285	NaN	NaN	0.221	0.633	NaN	NaN	6.63	22.155	NaN	NaN	0.0	"2.5"	"F0034"	0	0	"PR"	901.994	"wash-sc"	8.517	1	1	3	930.197	0.0	1029.616	null	1932.233	0.087
0.2	0.054175	937.5	2981.25	2268.75	NaN	NaN	NaN	0	0	0	0	0	0	0	0	0	0	0	0	0	0	0	0	0	0	0	0	1	0	0	0	1	2.0	0.113	0.285	NaN	NaN	0.269	0.633	NaN	NaN	8.07	22.155	NaN	NaN	0.0	"2.5"	"F0034"	0	0	"PR"	912.029	"diffuse"	8.43	1	1	4	930.197	0.0	1029.616	null	1942.268	0.088
-0.9	0.054175	562.5	3000.0	2268.75	NaN	NaN	NaN	0	0	0	0	0	0	0	0	0	0	0	0	0	0	0	0	0	0	0	0	1	0	0	0	1	-11.0	0.115	0.285	NaN	NaN	0.274	0.633	NaN	NaN	8.22	22.155	NaN	NaN	0.0	"2.5"	"F0034"	0	0	"PR"	922.064	"diffuse"	18.465	1	1	4	930.197	0.0	1029.616	null	1952.303	0.086
-0.5	0.0539	2250.0	2990.625	2259.375	NaN	NaN	NaN	0	0	0	0	0	0	0	0	0	0	0	0	0	0	0	0	0	0	0	0	1	0	0	0	1	-6.0	0.114	0.284	NaN	NaN	0.271	0.631	NaN	NaN	8.13	22.085	NaN	NaN	0.0	"2.5"	"F0034"	0	0	"PR"	932.097	"diffuse"	28.498	1	1	4	930.197	0.0	1029.616	null	1962.336	0.083
-13.3	0.05335	18187.5	2821.875	2250.0	NaN	NaN	NaN	0	0	0	0	0	1	1	0	0	0	0	0	1	0	0	0	0	1	1	0	1	1	1	0	1	-160.0	0.097	0.283	NaN	NaN	0.231	0.629	NaN	NaN	6.93	22.015	NaN	NaN	0.0	"2.5"	"F0034"	1	0	"PR"	942.023	"wash-en"	8.321	1	1	4	930.197	0.0	1029.616	null	1972.262	0.087
-12.8	0.054175	20250.0	2784.375	2259.375	NaN	NaN	NaN	0	0	0	0	0	1	1	0	0	0	0	0	1	0	0	0	0	1	1	0	1	1	1	0	1	-154.0	0.093	0.284	NaN	NaN	0.221	0.631	NaN	NaN	6.63	22.085	NaN	NaN	0.0	"2.5"	"F0034"	1	0	"PR"	952.057	"wash-en"	18.355	1	1	4	930.197	0.0	1029.616	null	1982.296	0.084
-0.1	0.0539	18750.0	2831.25	2268.75	NaN	NaN	NaN	0	0	0	0	0	1	1	0	0	0	0	0	1	0	0	0	0	0	0	0	1	0	0	0	1	-1.0	0.098	0.285	NaN	NaN	0.233	0.633	NaN	NaN	6.99	22.155	NaN	NaN	0.0	"2.5"	"F0034"	0	0	"PR"	962.182	"wash-sc"	8.319	1	1	4	930.197	0.0	1029.616	null	1992.421	0.084
-0.4	0.054175	-937.5	2540.625	2268.75	NaN	NaN	NaN	0	0	0	0	1	0	0	0	0	0	0	0	0	0	0	0	0	0	0	0	1	0	0	0	1	-5.0	0.069	0.285	NaN	NaN	0.164	0.633	NaN	NaN	4.92	22.155	NaN	NaN	0.0	"2.5"	"F0034"	0	0	"PR"	972.217	"drain-rg"	8.229	1	1	4	930.197	0.0	1029.616	null	2002.456	0.09
-0.2	0.05335	-1312.5	2184.375	2259.375	NaN	NaN	NaN	0	0	0	0	1	0	0	0	0	0	0	0	0	0	0	0	0	0	0	0	1	0	0	0	1	-2.0	0.033	0.284	NaN	NaN	0.079	0.631	NaN	NaN	2.37	22.085	NaN	NaN	0.0	"2.5"	"F0034"	0	0	"PR"	982.054	"drain-rg"	18.066	1	1	4	930.197	0.0	1029.616	null	2012.293	0.086
-0.1	0.054175	-1125.0	1781.25	2278.125	NaN	NaN	NaN	0	0	0	0	1	0	0	0	0	0	0	0	0	0	0	0	0	0	0	0	1	0	0	0	1	-1.0	-0.007	0.286	NaN	NaN	-0.017	0.636	NaN	NaN	-0.51	22.26	NaN	NaN	0.0	"2.5"	"F0034"	0	0	"PR"	992.088	"drip-rg"	1.004	1	1	4	930.197	0.0	1029.616	null	2022.327	0.084
-0.8	0.054175	-1687.5	-37.5	2268.75	NaN	NaN	NaN	0	0	0	0	1	0	0	0	0	0	0	0	0	0	0	0	0	0	0	0	1	0	0	0	1	-10.0	-0.189	0.285	NaN	NaN	-0.45	0.633	NaN	NaN	-13.5	22.155	NaN	NaN	0.0	"2.5"	"F0034"	0	0	"PR"	1002.12	"drip-rg"	11.036	1	1	4	930.197	0.0	1029.616	null	2032.359	0.088
0.3	0.05335	19125.0	1678.125	2146.875	NaN	NaN	NaN	0	0	1	0	0	1	0	0	0	0	0	0	1	0	0	0	0	0	0	0	1	0	0	0	1	4.0	-0.017	0.273	NaN	NaN	-0.04	0.607	NaN	NaN	-1.2	21.245	NaN	NaN	0.0	"2.5"	"F0034"	0	0	"FR"	5.236	"fill-rg-di"	5.035	2	1	0	2036.575	0.0	1029.616	null	2042.431	0.086
0.5	0.053625	19875.0	2146.875	1884.375	NaN	NaN	NaN	0	0	1	0	0	1	0	0	0	0	0	0	1	0	0	0	0	0	0	0	1	0	0	0	1	6.0	0.03	0.246	NaN	NaN	0.071	0.547	NaN	NaN	2.13	19.145	NaN	NaN	0.0	"2.5"	"F0034"	0	0	"FR"	15.275	"fill-rg-di"	15.074	2	1	0	2036.575	0.0	1029.616	null	2052.47	0.089
-0.4	0.0528	19312.5	2465.625	1631.25	NaN	NaN	NaN	0	0	1	0	0	1	0	0	0	0	0	0	1	0	0	0	0	0	0	0	1	0	0	0	1	-5.0	0.062	0.221	NaN	NaN	0.148	0.491	NaN	NaN	4.44	17.185	NaN	NaN	0.0	"2.5"	"F0034"	0	0	"FR"	25.312	"fill-rg-di"	25.111	2	1	0	2036.575	0.0	1029.616	null	2062.507	0.086
-0.4	0.052525	19875.0	2756.25	1359.375	NaN	NaN	NaN	0	0	1	0	0	1	0	0	0	0	0	0	1	0	0	0	0	0	0	0	1	0	0	0	1	-5.0	0.091	0.194	NaN	NaN	0.217	0.431	NaN	NaN	6.51	15.085	NaN	NaN	0.0	"2.5"	"F0034"	0	0	"FR"	35.345	"fill-rg-di"	35.144	2	1	0	2036.575	0.0	1029.616	null	2072.54	0.087
-0.4	0.050875	21375.0	3093.75	1115.625	NaN	NaN	NaN	0	0	1	0	0	1	0	0	0	0	0	0	1	0	0	0	0	0	0	0	1	0	0	0	1	-5.0	0.124	0.17	NaN	NaN	0.295	0.378	NaN	NaN	8.85	13.23	NaN	NaN	0.0	"2.5"	"F0034"	0	0	"FR"	45.181	"fill-rg-di"	44.98	2	1	0	2036.575	0.0	1029.616	null	2082.376	0.085
-0.4	0.050875	1875.0	2859.375	984.375	NaN	NaN	NaN	0	0	0	0	1	0	0	0	0	0	0	0	0	0	0	0	0	0	0	0	1	0	0	0	1	-5.0	0.101	0.156	NaN	NaN	0.24	0.347	NaN	NaN	7.2	12.145	NaN	NaN	0.0	"2.5"	"F0034"	0	0	"FR"	55.215	"drain-rg"	4.817	2	1	0	2036.575	0.0	1029.616	null	2092.41	0.083
0.0	0.050325	1500.0	2493.75	975.0	NaN	NaN	NaN	0	0	0	0	1	0	0	0	0	0	0	0	0	0	0	0	0	0	0	0	1	0	0	0	1	0.0	0.064	0.155	NaN	NaN	0.152	0.344	NaN	NaN	4.56	12.04	NaN	NaN	0.0	"2.5"	"F0034"	0	0	"FR"	65.25	"drain-rg"	14.852	2	1	0	2036.575	0.0	1029.616	null	2102.445	0.086
-0.7	0.0506	1312.5	2165.625	965.625	NaN	NaN	NaN	0	0	0	0	1	0	0	0	0	0	0	0	0	0	0	0	0	0	0	0	1	0	0	0	1	-8.0	0.032	0.155	NaN	NaN	0.076	0.344	NaN	NaN	2.28	12.04	NaN	NaN	0.0	"2.5"	"F0034"	0	0	"FR"	75.285	"drain-rg"	24.887	2	1	0	2036.575	0.0	1029.616	null	2112.48	0.085
-0.1	0.05115	1687.5	1771.875	975.0	NaN	NaN	NaN	0	0	0	0	1	0	0	0	0	0	0	0	0	0	0	0	0	0	0	0	1	0	0	0	1	-1.0	-0.008	0.155	NaN	NaN	-0.019	0.344	NaN	NaN	-0.57	12.04	NaN	NaN	0.0	"2.5"	"F0034"	0	0	"FR"	85.315	"drip-rg"	1.605	2	1	0	2036.575	0.0	1029.616	null	2122.51	0.084
-0.7	0.0506	1875.0	-18.75	975.0	NaN	NaN	NaN	0	0	0	0	1	0	0	0	0	0	0	0	0	0	0	0	0	0	0	0	1	0	0	0	1	-8.0	-0.187	0.155	NaN	NaN	-0.445	0.344	NaN	NaN	-13.35	12.04	NaN	NaN	0.0	"2.5"	"F0034"	0	0	"FR"	95.35	"drip-rg"	11.64	2	1	0	2036.575	0.0	1029.616	null	2132.545	0.085
-0.1	0.05005	18750.0	1725.0	843.75	NaN	NaN	NaN	0	0	1	0	0	1	0	0	0	0	0	0	1	0	0	0	0	0	0	0	1	0	0	0	1	-1.0	-0.013	0.142	NaN	NaN	-0.031	0.316	NaN	NaN	-0.93	11.06	NaN	NaN	0.0	"2.5"	"F0034"	0	0	"PR"	5.84	"fill-rg-di"	5.639	2	0	0	2036.575	0.0	2136.16	null	2142.622	0.085
-0.1	0.0484	19875.0	2165.625	600.0	NaN	NaN	NaN	0	0	1	0	0	1	0	0	0	0	0	0	1	0	0	0	0	0	0	0	1	0	0	0	1	-1.0	0.032	0.118	NaN	NaN	0.076	0.262	NaN	NaN	2.28	9.17	NaN	NaN	0.0	"2.5"	"F0034"	0	0	"PR"	15.679	"fill-rg-di"	15.478	2	0	0	2036.575	0.0	2136.16	null	2152.461	0.088
-0.6	0.0473	19500.0	2503.125	309.375	NaN	NaN	NaN	0	0	1	0	0	1	0	0	0	0	0	0	1	0	0	0	0	0	0	0	1	0	0	0	1	-7.0	0.065	0.089	NaN	NaN	0.155	0.198	NaN	NaN	4.65	6.93	NaN	NaN	0.0	"2.5"	"F0034"	0	0	"PR"	25.716	"fill-rg-di"	25.515	2	0	0	2036.575	0.0	2136.16	null	2162.498	0.084
-0.1	0.0462	-937.5	2784.375	93.75	NaN	NaN	NaN	1	0	0	0	0	0	0	0	0	0	0	0	0	1	0	0	0	0	0	0	1	0	0	0	1	-1.0	0.093	0.067	NaN	NaN	0.221	0.149	NaN	NaN	6.63	5.215	NaN	NaN	0.0	"2.5"	"F0034"	0	0	"PR"	35.751	"fill-di-lb"	0.601	2	0	0	2036.575	0.0	2136.16	null	2172.533	0.084
0.7	0.04565	2812.5	2765.625	412.5	NaN	NaN	NaN	1	0	0	0	0	0	0	0	0	0	0	0	0	1	0	0	0	0	0	0	1	0	0	0	1	8.0	0.092	0.099	NaN	NaN	0.219	0.22	NaN	NaN	6.57	7.7	NaN	NaN	0.0	"2.5"	"F0034"	0	0	"PR"	45.788	"fill-di-lb"	10.638	2	0	0	2036.575	0.0	2136.16	null	2182.57	0.086
-0.8	0.046475	3750.0	2775.0	759.375	NaN	NaN	NaN	1	0	0	0	0	0	0	0	0	0	0	0	0	1	0	0	0	0	0	0	1	0	0	0	1	-10.0	0.093	0.134	NaN	NaN	0.221	0.298	NaN	NaN	6.63	10.43	NaN	NaN	0.0	"2.5"	"F0034"	0	0	"PR"	55.82	"fill-di-lb"	20.67	2	0	0	2036.575	0.0	2136.16	null	2192.602	0.083
-0.4	0.0462	3375.0	2756.25	1040.625	NaN	NaN	NaN	1	0	0	0	0	0	0	0	0	0	0	0	0	1	0	0	0	0	0	0	1	0	0	0	1	-5.0	0.091	0.162	NaN	NaN	0.217	0.36	NaN	NaN	6.51	12.6	NaN	NaN	0.0	"2.5"	"F0034"	0	0	"PR"	65.859	"fill-di-lb"	30.709	2	0	0	2036.575	0.0	2136.16	null	2202.641	0.084
-0.4	0.04565	3562.5	2765.625	1378.125	NaN	NaN	NaN	1	0	0	0	0	0	0	0	0	0	0	0	0	1	0	0	0	0	0	0	1	0	0	0	1	-5.0	0.092	0.196	NaN	NaN	0.219	0.436	NaN	NaN	6.57	15.26	NaN	NaN	0.0	"2.5"	"F0034"	0	0	"PR"	75.898	"fill-di-lb"	40.748	2	0	0	2036.575	0.0	2136.16	null	2212.68	0.085
-0.2	0.04565	1687.5	2756.25	1678.125	NaN	NaN	NaN	1	0	0	0	0	0	0	0	0	0	0	0	0	1	0	0	0	0	0	0	1	0	0	0	1	-2.0	0.091	0.226	NaN	NaN	0.217	0.502	NaN	NaN	6.51	17.57	NaN	NaN	0.0	"2.5"	"F0034"	0	0	"PR"	85.931	"fill-di-lb"	50.781	2	0	0	2036.575	0.0	2136.16	null	2222.713	0.083
-0.6	0.045925	2812.5	2784.375	2006.25	NaN	NaN	NaN	1	0	0	0	0	0	0	0	0	0	0	0	0	1	0	0	0	0	0	0	1	0	0	0	1	-7.0	0.093	0.259	NaN	NaN	0.221	0.576	NaN	NaN	6.63	20.16	NaN	NaN	0.0	"2.5"	"F0034"	0	0	"PR"	95.963	"fill-di-lb"	60.813	2	0	0	2036.575	0.0	2136.16	null	2232.745	0.084
