cur	ec	mod-ps	rg-ps	di-ps	fw1-ps	fw2-ps	pf-ps	vlv-di-fill	vlv-di-in	vlv-di-out	vlv-rg-fill	vlv-rg-drain	vlv-rg-in	vlv-rg-out	vlv-fw1-in	vlv-fw1-out	vlv-fw2-in	vlv-po	vlv-mod-drain	pmp-sys	pmp-di	pmp-fw1	pmp-fw2	uv	en-anode1	en-cath1	pl-anode1	pl-cath1	en-anode2	en-cath2	pl-anode2	pl-cath2	pw	rg-he	di-he	fw1-he	fw2-he	rg-lev	di-lev	fw1-lev	fw2-lev	rg-vol	di-vol	fw1-vol	fw2-vol	pr-ec	ver	sn	mod-en	mod-pl	proc	proc-time	ph	ph-time	count	cyc	rnd	pr-last	rc-last	fr-last	halt-re	time	exec
1.7	0.044275	30187.5	2803.125	2278.125	NaN	NaN	NaN	0	0	0	0	0	1	1	0	0	0	0	0	1	0	0	0	0	0	0	0	1	0	0	0	1	20.0	0.095	0.286	NaN	NaN	0.226	0.636	NaN	NaN	6.78	22.26	NaN	NaN	0.0	"2.5"	"F0034"	0	0	"PR"	8.247	"prime"	7.428	0	0	0	0.0	0.0	0.0	null	10.05	0.084
1.7	0.044275	30187.5	2803.125	2278.125	NaN	NaN	NaN	0	0	0	0	0	1	1	0	0	0	0	0	1	0	0	0	0	0	0	0	1	0	0	0	1	20.0	0.095	0.286	NaN	NaN	0.226	0.636	NaN	NaN	6.78	22.26	NaN	NaN	0.0	"2.5"	"F0034"	0	0	"PR"	8.247	"prime"	7.428	0	0	0	0.0	0.0	0.0	null	10.05	0.084
0.8	0.04455	29062.5	2821.875	2287.5	NaN	NaN	NaN	0	0	0	0	0	1	1	0	0	0	0	0	1	0	0	0	0	0	0	0	1	0	0	0	1	10.0	0.097	0.287	NaN	NaN	0.231	0.638	NaN	NaN	6.93	22.33	NaN	NaN	0.0	"2.5"	"F0034"	0	0	"PR"	18.284	"prime"	17.465	0	0	0	0.0	0.0	0.0	null	20.087	0.083
-0.1	0.044275	30000.0	2821.875	2287.5	NaN	NaN	NaN	0	0	0	0	0	1	1	0	0	0	0	0	1	0	0	0	0	0	0	0	1	0	0	0	1	-1.0	0.097	0.287	NaN	NaN	0.231	0.638	NaN	NaN	6.93	22.33	NaN	NaN	0.0	"2.5"	"F0034"	0	0	"PR"	28.325	"prime"	27.506	0	0	0	0.0	0.0	0.0	null	30.128	0.087
-12.3	0.044	33750.0	2981.25	2634.375	NaN	NaN	NaN	0	1	1	0	0	0	0	0	0	0	0	0	1	0	0	0	0	1	1	0	1	1	1	0	1	-148.0	0.113	0.321	NaN	NaN	0.269	0.713	NaN	NaN	8.07	24.955	NaN	NaN	0.0	"2.5"	"F0034"	1	0	"PR"	38.371	"deionize"	7.037	0	1	0	0.0	0.0	0.0	null	40.174	0.087
-11.9	0.043725	32812.5	2953.125	2550.0	NaN	NaN	NaN	0	1	1	0	0	0	0	0	0	0	0	0	1	0	0	0	0	1	1	0	1	1	1	0	1	-143.0	0.11	0.313	NaN	NaN	0.262	0.696	NaN	NaN	7.86	24.36	NaN	NaN	0.0	"2.5"	"F0034"	1	0	"PR"	48.413	"deionize"	17.079	0	1	0	0.0	0.0	0.0	null	50.216	0.088
-11.9	0.0429	35437.5	2981.25	2550.0	NaN	NaN	NaN	0	1	1	0	0	0	0	0	0	0	0	0	1	0	0	0	0	1	1	0	1	1	1	0	1	-143.0	0.113	0.313	NaN	NaN	0.269	0.696	NaN	NaN	8.07	24.36	NaN	NaN	0.0	"2.5"	"F0034"	1	0	"PR"	58.454	"deionize"	27.12	0	1	0	0.0	0.0	0.0	null	60.257	0.087
-12.0	0.042075	33750.0	2981.25	2587.5	NaN	NaN	NaN	0	1	1	0	0	0	0	0	0	0	0	0	1	0	0	0	0	1	1	0	1	1	1	0	1	-144.0	0.113	0.317	NaN	NaN	0.269	0.704	NaN	NaN	8.07	24.64	NaN	NaN	0.0	"2.5"	"F0034"	1	0	"PR"	68.492	"deionize"	37.158	0	1	0	0.0	0.0	0.0	null	70.295	0.087
-11.8	0.04125	34312.5	2971.875	2606.25	NaN	NaN	NaN	0	1	1	0	0	0	0	0	0	0	0	0	1	0	0	0	0	1	1	0	1	1	1	0	1	-142.0	0.112	0.319	NaN	NaN	0.267	0.709	NaN	NaN	8.01	24.815	NaN	NaN	0.0	"2.5"	"F0034"	1	0	"PR"	78.334	"deionize"	47.0	0	1	0	0.0	0.0	0.0	null	80.137	0.089
-11.7	0.0407	34125.0	2981.25	2521.875	NaN	NaN	NaN	0	1	1	0	0	0	0	0	0	0	0	0	1	0	0	0	0	1	1	0	1	1	1	0	1	-140.0	0.113	0.31	NaN	NaN	0.269	0.689	NaN	NaN	8.07	24.115	NaN	NaN	0.0	"2.5"	"F0034"	1	0	"PR"	88.371	"deionize"	57.037	0	1	0	0.0	0.0	0.0	null	90.174	0.084
-12.2	0.040425	33937.5	2962.5	2512.5	NaN	NaN	NaN	0	1	1	0	0	0	0	0	0	0	0	0	1	0	0	0	0	1	1	0	1	1	1	0	1	-146.0	0.111	0.309	NaN	NaN	0.264	0.687	NaN	NaN	7.92	24.045	NaN	NaN	0.0	"2.5"	"F0034"	1	0	"PR"	98.411	"deionize"	67.077	0	1	0	0.0	0.0	0.0	null	100.214	0.084
-11.9	0.04015	34125.0	2971.875	2568.75	NaN	NaN	NaN	0	1	1	0	0	0	0	0	0	0	0	0	1	0	0	0	0	1	1	0	1	1	1	0	1	-143.0	0.112	0.315	NaN	NaN	0.267	0.7	NaN	NaN	8.01	24.5	NaN	NaN	0.0	"2.5"	"F0034"	1	0	"PR"	108.453	"deionize"	77.119	0	1	0	0.0	0.0	0.0	null	110.256	0.084
-12.3	0.03905	34312.5	2990.625	2521.875	NaN	NaN	NaN	0	1	1	0	0	0	0	0	0	0	0	0	1	0	0	0	0	1	1	0	1	1	1	0	1	-148.0	0.114	0.31	NaN	NaN	0.271	0.689	NaN	NaN	8.13	24.115	NaN	NaN	0.0	"2.5"	"F0034"	1	0	"PR"	118.493	"deionize"	87.159	0	1	0	0.0	0.0	0.0	null	120.296	0.087
-12.0	0.0385	34500.0	2981.25	2559.375	NaN	NaN	NaN	0	1	1	0	0	0	0	0	0	0	0	0	1	0	0	0	0	1	1	0	1	1	1	0	1	-144.0	0.113	0.314	NaN	NaN	0.269	0.698	NaN	NaN	8.07	24.43	NaN	NaN	0.0	"2.5"	"F0034"	1	0	"PR"	128.532	"deionize"	97.198	0	1	0	0.0	0.0	0.0	null	130.335	0.089
-11.7	0.038225	30750.0	2990.625	2484.375	NaN	NaN	NaN	0	1	1	0	0	0	0	0	0	0	0	0	1	0	0	0	0	1	1	0	1	1	1	0	1	-140.0	0.114	0.306	NaN	NaN	0.271	0.68	NaN	NaN	8.13	23.8	NaN	NaN	0.0	"2.5"	"F0034"	1	0	"PR"	138.567	"deionize"	107.233	0	1	0	0.0	0.0	0.0	null	140.37	0.087
-12.2	0.037125	32062.5	2971.875	2521.875	NaN	NaN	NaN	0	1	1	0	0	0	0	0	0	0	0	0	1	0	0	0	0	1	1	0	1	1	1	0	1	-146.0	0.112	0.31	NaN	NaN	0.267	0.689	NaN	NaN	8.01	24.115	NaN	NaN	0.0	"2.5"	"F0034"	1	0	"PR"	148.608	"deionize"	117.274	0	1	0	0.0	0.0	0.0	null	150.411	0.087
-11.9	0.037125	31125.0	2981.25	2428.125	NaN	NaN	NaN	0	1	1	0	0	0	0	0	0	0	0	0	1	0	0	0	0	1	1	0	1	1	1	0	1	-143.0	0.113	0.301	NaN	NaN	0.269	0.669	NaN	NaN	8.07	23.415	NaN	NaN	0.0	"2.5"	"F0034"	1	0	"PR"	158.445	"deionize"	127.111	0	1	0	0.0	0.0	0.0	null	160.248	0.085
-12.9	0.036575	32250.0	2981.25	2446.875	NaN	NaN	NaN	0	1	1	0	0	0	0	0	0	0	0	0	1	0	0	0	0	1	1	0	1	1	1	0	1	-155.0	0.113	0.303	NaN	NaN	0.269	0.673	NaN	NaN	8.07	23.555	NaN	NaN	0.0	"2.5"	"F0034"	1	0	"PR"	168.484	"deionize"	137.15	0	1	0	0.0	0.0	0.0	null	170.287	0.084
-11.6	0.03575	31875.0	2981.25	2437.5	NaN	NaN	NaN	0	1	1	0	0	0	0	0	0	0	0	0	1	0	0	0	0	1	1	0	1	1	1	0	1	-139.0	0.113	0.302	NaN	NaN	0.269	0.671	NaN	NaN	8.07	23.485	NaN	NaN	0.0	"2.5"	"F0034"	1	0	"PR"	178.528	"deionize"	147.194	0	1	0	0.0	0.0	0.0	null	180.331	0.085
-12.0	0.035475	33000.0	2962.5	2465.625	NaN	NaN	NaN	0	1	1	0	0	0	0	0	0	0	0	0	1	0	0	0	0	1	1	0	1	1	1	0	1	-144.0	0.111	0.305	NaN	NaN	0.264	0.678	NaN	NaN	7.92	23.73	NaN	NaN	0.0	"2.5"	"F0034"	1	0	"PR"	188.564	"deionize"	157.23	0	1	0	0.0	0.0	0.0	null	190.367	0.087
-11.9	0.034925	33187.5	2962.5	2446.875	NaN	NaN	NaN	0	1	1	0	0	0	0	0	0	0	0	0	1	0	0	0	0	1	1	0	1	1	1	0	1	-143.0	0.111	0.303	NaN	NaN	0.264	0.673	NaN	NaN	7.92	23.555	NaN	NaN	0.0	"2.5"	"F0034"	1	0	"PR"	198.599	"deionize"	167.265	0	1	0	0.0	0.0	0.0	null	200.402	0.088
-11.9	0.034925	34125.0	2971.875	2446.875	NaN	NaN	NaN	0	1	1	0	0	0	0	0	0	0	0	0	1	0	0	0	0	1	1	0	1	1	1	0	1	-143.0	0.112	0.303	NaN	NaN	0.267	0.673	NaN	NaN	8.01	23.555	NaN	NaN	0.0	"2.5"	"F0034"	1	0	"PR"	208.639	"deionize"	177.305	0	1	0	0.0	0.0	0.0	null	210.442	0.085
-12.0	0.034375	34312.5	2981.25	2512.5	NaN	NaN	NaN	0	1	1	0	0	0	0	0	0	0	0	0	1	0	0	0	0	1	1	0	1	1	1	0	1	-144.0	0.113	0.309	NaN	NaN	0.269	0.687	NaN	NaN	8.07	24.045	NaN	NaN	0.0	"2.5"	"F0034"	1	0	"PR"	218.676	"deionize"	187.342	0	1	0	0.0	0.0	0.0	null	220.479	0.084
-11.3	0.033825	33375.0	2971.875	2437.5	NaN	NaN	NaN	0	1	1	0	0	0	0	0	0	0	0	0	1	0	0	0	0	1	1	0	1	1	1	0	1	-136.0	0.112	0.302	NaN	NaN	0.267	0.671	NaN	NaN	8.01	23.485	NaN	NaN	0.0	"2.5"	"F0034"	1	0	"PR"	228.512	"deionize"	197.178	0	1	0	0.0	0.0	0.0	null	230.315	0.084
-11.7	0.033825	31687.5	2981.25	2428.125	NaN	NaN	NaN	0	1	1	0	0	0	0	0	0	0	0	0	1	0	0	0	0	1	1	0	1	1	1	0	1	-140.0	0.113	0.301	NaN	NaN	0.269	0.669	NaN	NaN	8.07	23.415	NaN	NaN	0.0	"2.5"	"F0034"	1	0	"PR"	238.546	"deionize"	207.212	0	1	0	0.0	0.0	0.0	null	240.349	0.084
-10.6	0.033	31125.0	2971.875	2503.125	NaN	NaN	NaN	0	1	1	0	0	0	0	0	0	0	0	0	1	0	0	0	0	1	1	0	1	1	1	0	1	-127.0	0.112	0.308	NaN	NaN	0.267	0.684	NaN	NaN	8.01	23.94	NaN	NaN	0.0	"2.5"	"F0034"	1	0	"PR"	248.583	"deionize"	217.249	0	1	0	0.0	0.0	0.0	null	250.386	0.084
-11.3	0.032725	31500.0	3000.0	2475.0	NaN	NaN	NaN	0	1	1	0	0	0	0	0	0	0	0	0	1	0	0	0	0	1	1	0	1	1	1	0	1	-136.0	0.115	0.305	NaN	NaN	0.274	0.678	NaN	NaN	8.22	23.73	NaN	NaN	0.0	"2.5"	"F0034"	1	0	"PR"	258.625	"deionize"	227.291	0	1	0	0.0	0.0	0.0	null	260.428	0.085
-11.0	0.032725	32812.5	2981.25	2400.0	NaN	NaN	NaN	0	1	1	0	0	0	0	0	0	0	0	0	1	0	0	0	0	1	1	0	1	1	1	0	1	-132.0	0.113	0.298	NaN	NaN	0.269	0.662	NaN	NaN	8.07	23.17	NaN	NaN	0.0	"2.5"	"F0034"	1	0	"PR"	268.661	"deionize"	237.327	0	1	0	0.0	0.0	0.0	null	270.464	0.084
-11.5	0.03135	32250.0	2971.875	2446.875	NaN	NaN	NaN	0	1	1	0	0	0	0	0	0	0	0	0	1	0	0	0	1	1	1	0	1	1	1	0	1	-138.0	0.112	0.303	NaN	NaN	0.267	0.673	NaN	NaN	8.01	23.555	NaN	NaN	0.0	"2.5"	"F0034"	1	0	"PR"	278.606	"deionize-uv"	7.134	0	1	0	0.0	0.0	0.0	null	280.409	0.09
-11.1	0.031625	33187.5	2971.875	2446.875	NaN	NaN	NaN	0	1	1	0	0	0	0	0	0	0	0	0	1	0	0	0	1	1	1	0	1	1	1	0	1	-133.0	0.112	0.303	NaN	NaN	0.267	0.673	NaN	NaN	8.01	23.555	NaN	NaN	0.0	"2.5"	"F0034"	1	0	"PR"	288.641	"deionize-uv"	17.169	0	1	0	0.0	0.0	0.0	null	290.444	0.085
-10.9	0.03135	34687.5	2990.625	2390.625	NaN	NaN	NaN	0	1	1	0	0	0	0	0	0	0	0	0	1	0	0	0	1	1	1	0	1	1	1	0	1	-131.0	0.114	0.297	NaN	NaN	0.271	0.66	NaN	NaN	8.13	23.1	NaN	NaN	0.0	"2.5"	"F0034"	1	0	"PR"	298.673	"deionize-uv"	27.201	0	1	0	0.0	0.0	0.0	null	300.476	0.085
-10.4	0.031075	33937.5	2981.25	2400.0	NaN	NaN	NaN	0	1	1	0	0	0	0	0	0	0	0	0	1	0	0	0	1	1	1	0	1	1	1	0	1	-125.0	0.113	0.298	NaN	NaN	0.269	0.662	NaN	NaN	8.07	23.17	NaN	NaN	0.0	"2.5"	"F0034"	1	0	"PR"	308.707	"deionize-uv"	37.235	0	1	0	0.0	0.0	0.0	null	310.51	0.084
-11.8	0.030525	32812.5	2971.875	2475.0	NaN	NaN	NaN	0	1	1	0	0	0	0	0	0	0	0	0	1	0	0	0	1	1	1	0	1	1	1	0	1	-142.0	0.112	0.305	NaN	NaN	0.267	0.678	NaN	NaN	8.01	23.73	NaN	NaN	0.0	"2.5"	"F0034"	1	0	"PR"	318.749	"deionize-uv"	47.277	0	1	0	0.0	0.0	0.0	null	320.552	0.083
-10.3	0.03025	34125.0	2971.875	2475.0	NaN	NaN	NaN	0	1	1	0	0	0	0	0	0	0	0	0	1	0	0	0	1	1	1	0	1	1	1	0	1	-124.0	0.112	0.305	NaN	NaN	0.267	0.678	NaN	NaN	8.01	23.73	NaN	NaN	0.0	"2.5"	"F0034"	1	0	"PR"	328.78	"deionize-uv"	57.308	0	1	0	0.0	0.0	0.0	null	330.583	0.084
-11.3	0.029975	33562.5	2971.875	2475.0	NaN	NaN	NaN	0	1	1	0	0	0	0	0	0	0	0	0	1	0	0	0	1	1	1	0	1	1	1	0	1	-136.0	0.112	0.305	NaN	NaN	0.267	0.678	NaN	NaN	8.01	23.73	NaN	NaN	0.0	"2.5"	"F0034"	1	0	"PR"	338.812	"deionize-uv"	67.34	0	1	0	0.0	0.0	0.0	null	340.615	0.086
-9.9	0.0297	33000.0	2981.25	2400.0	NaN	NaN	NaN	0	1	1	0	0	0	0	0	0	0	0	0	1	0	0	0	1	1	1	0	1	1	1	0	1	-119.0	0.113	0.298	NaN	NaN	0.269	0.662	NaN	NaN	8.07	23.17	NaN	NaN	0.0	"2.5"	"F0034"	1	0	"PR"	348.65	"deionize-uv"	77.178	0	1	0	0.0	0.0	0.0	null	350.453	0.09
-10.0	0.028875	31500.0	2981.25	2409.375	NaN	NaN	NaN	0	1	1	0	0	0	0	0	0	0	0	0	1	0	0	0	1	1	1	0	1	1	1	0	1	-120.0	0.113	0.299	NaN	NaN	0.269	0.664	NaN	NaN	8.07	23.24	NaN	NaN	0.0	"2.5"	"F0034"	1	0	"PR"	358.685	"deionize-uv"	87.213	0	1	0	0.0	0.0	0.0	null	360.488	0.09
-9.7	0.0286	32812.5	2962.5	2428.125	NaN	NaN	NaN	0	1	1	0	0	0	0	0	0	0	0	0	1	0	0	0	1	1	1	0	1	1	1	0	1	-116.0	0.111	0.301	NaN	NaN	0.264	0.669	NaN	NaN	7.92	23.415	NaN	NaN	0.0	"2.5"	"F0034"	1	0	"PR"	368.72	"deionize-uv"	97.248	0	1	0	0.0	0.0	0.0	null	370.523	0.092
-9.9	0.028875	34687.5	2971.875	2428.125	NaN	NaN	NaN	0	1	1	0	0	0	0	0	0	0	0	0	1	0	0	0	1	1	1	0	1	1	1	0	1	-119.0	0.112	0.301	NaN	NaN	0.267	0.669	NaN	NaN	8.01	23.415	NaN	NaN	0.0	"2.5"	"F0034"	1	0	"PR"	378.755	"deionize-uv"	107.283	0	1	0	0.0	0.0	0.0	null	380.558	0.087
-10.2	0.02805	33000.0	2981.25	2409.375	NaN	NaN	NaN	0	1	1	0	0	0	0	0	0	0	0	0	1	0	0	0	1	1	1	0	1	1	1	0	1	-122.0	0.113	0.299	NaN	NaN	0.269	0.664	NaN	NaN	8.07	23.24	NaN	NaN	0.0	"2.5"	"F0034"	1	0	"PR"	388.79	"deionize-uv"	117.318	0	1	0	0.0	0.0	0.0	null	390.593	0.087
-9.7	0.02805	34125.0	2981.25	1931.25	NaN	NaN	NaN	0	0	1	0	0	0	0	1	0	0	0	0	1	0	0	0	1	1	1	0	1	1	1	0	1	-116.0	0.113	0.251	NaN	NaN	0.269	0.558	NaN	NaN	8.07	19.53	NaN	NaN	0.0	"2.5"	"F0034"	1	0	"PR"	398.874	"drip-di-1"	6.333	0	1	0	0.0	0.0	0.0	null	400.677	0.086
12.5	0.02805	29625.0	2925.0	1725.0	NaN	NaN	NaN	1	0	0	0	0	1	1	0	0	0	0	0	1	1	0	0	0	1	1	1	0	1	1	1	0	150.0	0.107	0.23	NaN	NaN	0.255	0.511	NaN	NaN	7.65	17.885	NaN	NaN	0.0	"2.5"	"F0034"	1	1	"PR"	408.872	"reverse-f"	1.166	0	1	0	0.0	0.0	0.0	null	410.675	0.084
12.6	0.0286	29812.5	2840.625	2025.0	NaN	NaN	NaN	1	0	0	0	0	1	1	0	0	0	0	0	1	1	0	0	0	1	1	1	0	1	1	1	0	151.0	0.099	0.261	NaN	NaN	0.236	0.58	NaN	NaN	7.08	20.3	NaN	NaN	0.0	"2.5"	"F0034"	1	1	"PR"	418.907	"reverse-f"	11.201	0	1	0	0.0	0.0	0.0	null	420.71	0.084
12.6	0.03025	29812.5	2831.25	2250.0	NaN	NaN	NaN	0	0	0	0	0	1	1	0	0	0	0	0	1	0	0	0	0	1	1	1	0	1	1	1	0	151.0	0.098	0.283	NaN	NaN	0.233	0.629	NaN	NaN	6.99	22.015	NaN	NaN	0.0	"2.5"	"F0034"	1	1	"PR"	428.856	"reverse"	21.15	0	1	0	0.0	0.0	0.0	null	430.659	0.086
12.4	0.032725	30187.5	2821.875	2259.375	NaN	NaN	NaN	0	0	0	0	0	1	1	0	0	0	0	0	1	0	0	0	0	1	1	1	0	1	1	1	0	149.0	0.097	0.284	NaN	NaN	0.231	0.631	NaN	NaN	6.93	22.085	NaN	NaN	0.0	"2.5"	"F0034"	1	1	"PR"	438.892	"reverse"	31.186	0	1	0	0.0	0.0	0.0	null	440.695	0.09
12.4	0.034925	30000.0	2821.875	2240.625	NaN	NaN	NaN	0	0	0	0	0	1	1	0	0	0	0	0	1	0	0	0	0	1	1	1	0	1	1	1	0	149.0	0.097	0.282	NaN	NaN	0.231	0.627	NaN	NaN	6.93	21.945	NaN	NaN	0.0	"2.5"	"F0034"	1	1	"PR"	448.932	"reverse"	41.226	0	1	0	0.0	0.0	0.0	null	450.735	0.086
13.7	0.037125	30375.0	2821.875	2278.125	NaN	NaN	NaN	0	0	0	0	0	1	1	0	0	0	0	0	1	0	0	0	0	1	1	1	0	1	1	1	0	164.0	0.097	0.286	NaN	NaN	0.231	0.636	NaN	NaN	6.93	22.26	NaN	NaN	0.0	"2.5"	"F0034"	1	1	"PR"	458.768	"reverse"	51.062	0	1	0	0.0	0.0	0.0	null	460.571	0.09
13.1	0.03905	29250.0	2831.25	2259.375	NaN	NaN	NaN	0	0	0	0	0	1	1	0	0	0	0	0	1	0	0	0	0	1	1	1	0	1	1	1	0	157.0	0.098	0.284	NaN	NaN	0.233	0.631	NaN	NaN	6.99	22.085	NaN	NaN	0.0	"2.5"	"F0034"	1	1	"PR"	468.801	"reverse"	61.095	0	1	0	0.0	0.0	0.0	null	470.604	0.09
12.5	0.040425	28687.5	2821.875	2268.75	NaN	NaN	NaN	0	0	0	0	0	1	1	0	0	0	0	0	1	0	0	0	0	1	1	1	0	1	1	1	0	150.0	0.097	0.285	NaN	NaN	0.231	0.633	NaN	NaN	6.93	22.155	NaN	NaN	0.0	"2.5"	"F0034"	1	1	"PR"	478.842	"reverse"	71.136	0	1	0	0.0	0.0	0.0	null	480.645	0.09
12.0	0.042625	30000.0	2803.125	2240.625	NaN	NaN	NaN	0	0	0	0	0	1	1	0	0	0	0	0	1	0	0	0	0	1	1	1	0	1	1	1	0	144.0	0.095	0.282	NaN	NaN	0.226	0.627	NaN	NaN	6.78	21.945	NaN	NaN	0.0	"2.5"	"F0034"	1	1	"PR"	488.876	"reverse"	81.17	0	1	0	0.0	0.0	0.0	null	490.679	0.09
13.0	0.044	29625.0	2831.25	2259.375	NaN	NaN	NaN	0	0	0	0	0	1	1	0	0	0	0	0	1	0	0	0	0	1	1	1	0	1	1	1	0	156.0	0.098	0.284	NaN	NaN	0.233	0.631	NaN	NaN	6.99	22.085	NaN	NaN	0.0	"2.5"	"F0034"	1	1	"PR"	498.917	"reverse"	91.211	0	1	0	0.0	0.0	0.0	null	500.72	0.088
12.6	0.04455	30000.0	2821.875	2259.375	NaN	NaN	NaN	0	0	0	0	0	1	1	0	0	0	0	0	1	0	0	0	0	1	1	1	0	1	1	1	0	151.0	0.097	0.284	NaN	NaN	0.231	0.631	NaN	NaN	6.93	22.085	NaN	NaN	0.0	"2.5"	"F0034"	1	1	"PR"	508.955	"reverse"	101.249	0	1	0	0.0	0.0	0.0	null	510.758	0.09
12.3	0.04565	29812.5	2821.875	2259.375	NaN	NaN	NaN	0	0	0	0	0	1	1	0	0	0	0	0	1	0	0	0	0	1	1	1	0	1	1	1	0	148.0	0.097	0.284	NaN	NaN	0.231	0.631	NaN	NaN	6.93	22.085	NaN	NaN	0.0	"2.5"	"F0034"	1	1	"PR"	518.99	"reverse"	111.284	0	1	0	0.0	0.0	0.0	null	520.793	0.087
12.0	0.04565	30000.0	2803.125	2315.625	NaN	NaN	NaN	0	0	0	0	0	1	1	0	0	0	0	0	1	0	0	0	0	1	1	1	0	1	1	1	0	144.0	0.095	0.29	NaN	NaN	0.226	0.644	NaN	NaN	6.78	22.54	NaN	NaN	0.0	"2.5"	"F0034"	1	1	"PR"	529.029	"reverse"	121.323	0	1	0	0.0	0.0	0.0	null	530.832	0.092
12.7	0.0473	28500.0	2831.25	2268.75	NaN	NaN	NaN	0	0	0	0	0	1	1	0	0	0	0	0	1	0	0	0	0	1	1	1	0	1	1	1	0	152.0	0.098	0.285	NaN	NaN	0.233	0.633	NaN	NaN	6.99	22.155	NaN	NaN	0.0	"2.5"	"F0034"	1	1	"PR"	538.862	"reverse"	131.156	0	1	0	0.0	0.0	0.0	null	540.665	0.086
12.6	0.0473	29812.5	2812.5	2259.375	NaN	NaN	NaN	0	0	0	0	0	1	1	0	0	0	0	0	1	0	0	0	0	1	1	1	0	1	1	1	0	151.0	0.096	0.284	NaN	NaN	0.229	0.631	NaN	NaN	6.87	22.085	NaN	NaN	0.0	"2.5"	"F0034"	1	1	"PR"	548.896	"reverse"	141.19	0	1	0	0.0	0.0	0.0	null	550.699	0.086
1.4	0.048125	375.0	2981.25	2278.125	NaN	NaN	NaN	0	0	0	0	0	0	0	0	0	0	0	0	0	0	0	0	0	0	0	0	1	0	0	0	1	17.0	0.113	0.286	NaN	NaN	0.269	0.636	NaN	NaN	8.07	22.26	NaN	NaN	0.0	"2.5"	"F0034"	0	0	"PR"	559.026	"diffuse"	1.297	0	1	1	0.0	0.0	0.0	null	560.829	0.091
2.2	0.047575	937.5	2990.625	2278.125	NaN	NaN	NaN	0	0	0	0	0	0	0	0	0	0	0	0	0	0	0	0	0	0	0	0	1	0	0	0	1	26.0	0.114	0.286	NaN	NaN	0.271	0.636	NaN	NaN	8.13	22.26	NaN	NaN	0.0	"2.5"	"F0034"	0	0	"PR"	569.06	"diffuse"	11.331	0	1	1	0.0	0.0	0.0	null	570.863	0.09
2.0	0.047575	1312.5	3000.0	2278.125	NaN	NaN	NaN	0	0	0	0	0	0	0	0	0	0	0	0	0	0	0	0	0	0	0	0	1	0	0	0	1	24.0	0.115	0.286	NaN	NaN	0.274	0.636	NaN	NaN	8.22	22.26	NaN	NaN	0.0	"2.5"	"F0034"	0	0	"PR"	578.894	"diffuse"	21.165	0	1	1	0.0	0.0	0.0	null	580.697	0.086
12.6	0.04785	24937.5	2803.125	2278.125	NaN	NaN	NaN	0	0	0	0	0	1	1	0	0	0	0	0	1	0	0	0	0	1	1	1	0	1	1	1	0	151.0	0.095	0.286	NaN	NaN	0.226	0.636	NaN	NaN	6.78	22.26	NaN	NaN	0.0	"2.5"	"F0034"	1	1	"PR"	589.027	"wash-en"	1.296	0	1	1	0.0	0.0	0.0	null	590.83	0.092
11.8	0.0473	29250.0	2850.0	2259.375	NaN	NaN	NaN	0	0	0	0	0	1	1	0	0	0	0	0	1	0	0	0	0	1	1	1	0	1	1	1	0	142.0	0.1	0.284	NaN	NaN	0.238	0.631	NaN	NaN	7.14	22.085	NaN	NaN	0.0	"2.5"	"F0034"	1	1	"PR"	599.06	"wash-en"	11.329	0	1	1	0.0	0.0	0.0	null	600.863	0.09
0.8	0.048125	29250.0	2831.25	2268.75	NaN	NaN	NaN	0	0	0	0	0	1	1	0	0	0	0	0	1	0	0	0	0	0	0	0	1	0	0	0	1	10.0	0.098	0.285	NaN	NaN	0.233	0.633	NaN	NaN	6.99	22.155	NaN	NaN	0.0	"2.5"	"F0034"	0	0	"PR"	608.979	"wash-sc"	1.09	0	1	1	0.0	0.0	0.0	null	610.782	0.087
1.4	0.049225	-1125.0	3000.0	2268.75	NaN	NaN	NaN	0	0	0	0	0	0	0	0	0	0	0	0	0	0	0	0	0	0	0	0	1	0	0	0	1	17.0	0.115	0.285	NaN	NaN	0.274	0.633	NaN	NaN	8.22	22.155	NaN	NaN	0.0	"2.5"	"F0034"	0	0	"PR"	619.02	"diffuse"	1.005	0	1	2	0.0	0.0	0.0	null	620.823	0.087
1.7	0.048675	1125.0	3018.75	2278.125	NaN	NaN	NaN	0	0	0	0	0	0	0	0	0	0	0	0	0	0	0	0	0	0	0	0	1	0	0	0	1	20.0	0.117	0.286	NaN	NaN	0.279	0.636	NaN	NaN	8.37	22.26	NaN	NaN	0.0	"2.5"	"F0034"	0	0	"PR"	629.057	"diffuse"	11.042	0	1	2	0.0	0.0	0.0	null	630.86	0.086
1.8	0.04895	2812.5	3009.375	2268.75	NaN	NaN	NaN	0	0	0	0	0	0	0	0	0	0	0	0	0	0	0	0	0	0	0	0	1	0	0	0	1	22.0	0.116	0.285	NaN	NaN	0.276	0.633	NaN	NaN	8.28	22.155	NaN	NaN	0.0	"2.5"	"F0034"	0	0	"PR"	639.089	"diffuse"	21.074	0	1	2	0.0	0.0	0.0	null	640.892	0.086
14.9	0.0484	15375.0	2878.125	2268.75	NaN	NaN	NaN	0	0	0	0	0	1	1	0	0	0	0	0	1	0	0	0	0	1	1	1	0	1	1	1	0	179.0	0.103	0.285	NaN	NaN	0.245	0.633	NaN	NaN	7.35	22.155	NaN	NaN	0.0	"2.5"	"F0034"	1	1	"PR"	649.016	"wash-en"	0.894	0	1	2	0.0	0.0	0.0	null	650.819	0.084
13.1	0.0484	29812.5	2821.875	2268.75	NaN	NaN	NaN	0	0	0	0	0	1	1	0	0	0	0	0	1	0	0	0	0	1	1	1	0	1	1	1	0	157.0	0.097	0.285	NaN	NaN	0.231	0.633	NaN	NaN	6.93	22.155	NaN	NaN	0.0	"2.5"	"F0034"	1	1	"PR"	659.051	"wash-en"	10.929	0	1	2	0.0	0.0	0.0	null	660.854	0.086
1.8	0.0484	30000.0	2850.0	2268.75	NaN	NaN	NaN	0	0	0	0	0	1	1	0	0	0	0	0	1	0	0	0	0	0	0	0	1	0	0	0	1	22.0	0.1	0.285	NaN	NaN	0.238	0.633	NaN	NaN	7.14	22.155	NaN	NaN	0.0	"2.5"	"F0034"	0	0	"PR"	669.173	"wash-sc"	0.892	0	1	2	0.0	0.0	0.0	null	670.976	0.091
0.8	0.0484	3000.0	3000.0	2278.125	NaN	NaN	NaN	0	0	0	0	0	0	0	0	0	0	0	0	0	0	0	0	0	0	0	0	1	0	0	0	1	10.0	0.115	0.286	NaN	NaN	0.274	0.636	NaN	NaN	8.22	22.26	NaN	NaN	0.0	"2.5"	"F0034"	0	0	"PR"	679.008	"diffuse"	0.602	0	1	3	0.0	0.0	0.0	null	680.811	0.084
1.3	0.0484	1312.5	3000.0	2278.125	NaN	NaN	NaN	0	0	0	0	0	0	0	0	0	0	0	0	0	0	0	0	0	0	0	0	1	0	0	0	1	16.0	0.115	0.286	NaN	NaN	0.274	0.636	NaN	NaN	8.22	22.26	NaN	NaN	0.0	"2.5"	"F0034"	0	0	"PR"	689.044	"diffuse"	10.638	0	1	3	0.0	0.0	0.0	null	690.847	0.084
1.4	0.048675	1125.0	2981.25	2278.125	NaN	NaN	NaN	0	0	0	0	0	0	0	0	0	0	0	0	0	0	0	0	0	0	0	0	1	0	0	0	1	17.0	0.113	0.286	NaN	NaN	0.269	0.636	NaN	NaN	8.07	22.26	NaN	NaN	0.0	"2.5"	"F0034"	0	0	"PR"	699.076	"diffuse"	20.67	0	1	3	0.0	0.0	0.0	null	700.879	0.084
12.6	0.048125	6000.0	2615.625	2278.125	NaN	NaN	NaN	0	0	0	0	0	1	1	0	0	0	0	0	1	0	0	0	0	1	1	1	0	1	1	1	0	151.0	0.077	0.286	NaN	NaN	0.183	0.636	NaN	NaN	5.49	22.26	NaN	NaN	0.0	"2.5"	"F0034"	1	1	"PR"	709.202	"wash-en"	0.695	0	1	3	0.0	0.0	0.0	null	711.005	0.084
12.3	0.048125	27562.5	2821.875	2250.0	NaN	NaN	NaN	0	0	0	0	0	1	1	0	0	0	0	0	1	0	0	0	0	1	1	1	0	1	1	1	0	148.0	0.097	0.283	NaN	NaN	0.231	0.629	NaN	NaN	6.93	22.015	NaN	NaN	0.0	"2.5"	"F0034"	1	1	"PR"	719.241	"wash-en"	10.734	0	1	3	0.0	0.0	0.0	null	721.044	0.087
11.9	0.048125	30187.5	2840.625	2268.75	NaN	NaN	NaN	0	0	0	0	0	1	1	0	0	0	0	0	1	0	0	0	0	0	0	0	1	0	0	0	1	143.0	0.099	0.285	NaN	NaN	0.236	0.633	NaN	NaN	7.08	22.155	NaN	NaN	0.0	"2.5"	"F0034"	0	0	"PR"	728.87	"wash-sc"	0.201	0	1	3	0.0	0.0	0.0	null	730.673	0.098
2.5	0.0484	14250.0	3093.75	2296.875	NaN	NaN	NaN	0	0	0	0	0	0	0	0	0	0	0	0	0	0	0	0	0	0	0	0	1	0	0	0	1	30.0	0.124	0.288	NaN	NaN	0.295	0.64	NaN	NaN	8.85	22.4	NaN	NaN	0.0	"2.5"	"F0034"	0	0	"PR"	739.193	"diffuse"	0.401	0	1	4	0.0	0.0	0.0	null	740.996	0.14
0.8	0.048125	2250.0	2990.625	2268.75	NaN	NaN	NaN	0	0	0	0	0	0	0	0	0	0	0	0	0	0	0	0	0	0	0	0	1	0	0	0	1	10.0	0.114	0.285	NaN	NaN	0.271	0.633	NaN	NaN	8.13	22.155	NaN	NaN	0.0	"2.5"	"F0034"	0	0	"PR"	749.231	"diffuse"	10.439	0	1	4	0.0	0.0	0.0	null	751.034	0.089
1.0	0.0484	1687.5	2990.625	2278.125	NaN	NaN	NaN	0	0	0	0	0	0	0	0	0	0	0	0	0	0	0	0	0	0	0	0	1	0	0	0	1	12.0	0.114	0.286	NaN	NaN	0.271	0.636	NaN	NaN	8.13	22.26	NaN	NaN	0.0	"2.5"	"F0034"	0	0	"PR"	759.264	"diffuse"	20.472	0	1	4	0.0	0.0	0.0	null	761.067	0.086
-0.8	0.047575	1125.0	2990.625	2278.125	NaN	NaN	NaN	0	0	0	0	0	1	1	0	0	0	0	0	1	0	0	0	0	1	1	1	0	1	1	1	0	-10.0	0.114	0.286	NaN	NaN	0.271	0.636	NaN	NaN	8.13	22.26	NaN	NaN	0.0	"2.5"	"F0034"	1	1	"PR"	769.095	"wash-en"	0.202	0	1	4	0.0	0.0	0.0	null	770.898	0.089
12.9	0.048125	30000.0	2850.0	2250.0	NaN	NaN	NaN	0	0	0	0	0	1	1	0	0	0	0	0	1	0	0	0	0	1	1	1	0	1	1	1	0	155.0	0.1	0.283	NaN	NaN	0.238	0.629	NaN	NaN	7.14	22.015	NaN	NaN	0.0	"2.5"	"F0034"	1	1	"PR"	779.232	"wash-en"	10.339	0	1	4	0.0	0.0	0.0	null	781.035	0.086
14.4	0.047575	30187.5	2812.5	2240.625	NaN	NaN	NaN	0	0	0	0	0	1	1	0	0	0	0	0	1	0	0	0	0	0	0	0	1	0	0	0	1	173.0	0.096	0.282	NaN	NaN	0.229	0.627	NaN	NaN	6.87	21.945	NaN	NaN	0.0	"2.5"	"F0034"	0	0	"PR"	789.266	"wash-sc"	0.201	0	1	4	0.0	0.0	0.0	null	791.069	0.09
-0.1	0.048125	29250.0	2850.0	2278.125	NaN	NaN	NaN	0	0	0	0	0	1	1	0	0	0	0	0	1	0	0	0	0	0	0	0	1	0	0	0	1	-1.0	0.1	0.286	NaN	NaN	0.238	0.636	NaN	NaN	7.14	22.26	NaN	NaN	0.0	"2.5"	"F0034"	0	0	"PR"	799.203	"wash-sc"	10.138	0	1	4	0.0	0.0	0.0	null	801.006	0.084
0.5	0.047575	-1500.0	2428.125	2268.75	NaN	NaN	NaN	0	0	0	0	1	0	0	0	0	0	0	0	0	0	0	0	0	0	0	0	1	0	0	0	1	6.0	0.058	0.285	NaN	NaN	0.138	0.633	NaN	NaN	4.14	22.155	NaN	NaN	0.0	"2.5"	"F0034"	0	0	"PR"	809.24	"drain-rg"	10.037	0	1	4	0.0	0.0	0.0	null	811.043	0.085
1.3	0.04785	-1125.0	2118.75	2278.125	NaN	NaN	NaN	0	0	0	0	1	0	0	0	0	0	0	0	0	0	0	0	0	0	0	0	1	0	0	0	1	16.0	0.027	0.286	NaN	NaN	0.064	0.636	NaN	NaN	1.92	22.26	NaN	NaN	0.0	"2.5"	"F0034"	0	0	"PR"	819.274	"drain-rg"	20.071	0	1	4	0.0	0.0	0.0	null	821.077	0.083
0.6	0.0484	-562.5	1696.875	2278.125	NaN	NaN	NaN	0	0	0	0	1	0	0	0	0	0	0	0	0	0	0	0	0	0	0	0	1	0	0	0	1	7.0	-0.015	0.286	NaN	NaN	-0.036	0.636	NaN	NaN	-1.08	22.26	NaN	NaN	0.0	"2.5"	"F0034"	0	0	"PR"	829.306	"drip-rg"	2.808	0	1	4	0.0	0.0	0.0	null	831.109	0.084
0.9	0.048125	-375.0	0.0	2268.75	NaN	NaN	NaN	0	0	0	0	1	0	0	0	0	0	0	0	0	0	0	0	0	0	0	0	1	0	0	0	1	11.0	-0.185	0.285	NaN	NaN	-0.44	0.633	NaN	NaN	-13.2	22.155	NaN	NaN	0.0	"2.5"	"F0034"	0	0	"PR"	839.349	"drip-rg"	12.851	0	1	4	0.0	0.0	0.0	null	841.152	0.083
1.5	0.0473	27750.0	1781.25	2109.375	NaN	NaN	NaN	0	0	1	0	0	1	0	0	0	0	0	0	1	0	0	0	0	0	0	0	1	0	0	0	1	18.0	-0.007	0.269	NaN	NaN	-0.017	0.598	NaN	NaN	-0.51	20.93	NaN	NaN	0.0	"2.5"	"F0034"	0	0	"FR"	6.846	"fill-rg-di"	6.645	1	1	0	843.559	0.0	0.0	null	851.025	0.088
0.6	0.0462	27937.5	2184.375	1865.625	NaN	NaN	NaN	0	0	1	0	0	1	0	0	0	0	0	0	1	0	0	0	0	0	0	0	1	0	0	0	1	7.0	0.033	0.245	NaN	NaN	0.079	0.544	NaN	NaN	2.37	19.04	NaN	NaN	0.0	"2.5"	"F0034"	0	0	"FR"	16.879	"fill-rg-di"	16.678	1	1	0	843.559	0.0	0.0	null	861.058	0.084
1.1	0.04455	29062.5	2475.0	1612.5	NaN	NaN	NaN	0	0	1	0	0	1	0	0	0	0	0	0	1	0	0	0	0	0	0	0	1	0	0	0	1	13.0	0.062	0.219	NaN	NaN	0.148	0.487	NaN	NaN	4.44	17.045	NaN	NaN	0.0	"2.5"	"F0034"	0	0	"FR"	26.907	"fill-rg-di"	26.706	1	1	0	843.559	0.0	0.0	null	871.086	0.084
0.5	0.044	29062.5	2765.625	1359.375	NaN	NaN	NaN	0	0	1	0	0	1	0	0	0	0	0	0	1	0	0	0	0	0	0	0	1	0	0	0	1	6.0	0.092	0.194	NaN	NaN	0.219	0.431	NaN	NaN	6.57	15.085	NaN	NaN	0.0	"2.5"	"F0034"	0	0	"FR"	36.942	"fill-rg-di"	36.741	1	1	0	843.559	0.0	0.0	null	881.121	0.088
0.8	0.04345	29437.5	3075.0	1125.0	NaN	NaN	NaN	0	0	1	0	0	1	0	0	0	0	0	0	1	0	0	0	0	0	0	0	1	0	0	0	1	10.0	0.122	0.171	NaN	NaN	0.29	0.38	NaN	NaN	8.7	13.3	NaN	NaN	0.0	"2.5"	"F0034"	0	0	"FR"	46.981	"fill-rg-di"	46.78	1	1	0	843.559	0.0	0.0	null	891.16	0.084
0.7	0.04235	1875.0	2925.0	965.625	NaN	NaN	NaN	0	0	0	0	1	0	0	0	0	0	0	0	0	0	0	0	0	0	0	0	1	0	0	0	1	8.0	0.107	0.155	NaN	NaN	0.255	0.344	NaN	NaN	7.65	12.04	NaN	NaN	0.0	"2.5"	"F0034"	0	0	"FR"	57.014	"drain-rg"	4.414	1	1	0	843.559	0.0	0.0	null	901.193	0.083
0.6	0.0429	1875.0	2568.75	965.625	NaN	NaN	NaN	0	0	0	0	1	0	0	0	0	0	0	0	0	0	0	0	0	0	0	0	1	0	0	0	1	7.0	0.072	0.155	NaN	NaN	0.171	0.344	NaN	NaN	5.13	12.04	NaN	NaN	0.0	"2.5"	"F0034"	0	0	"FR"	67.052	"drain-rg"	14.452	1	1	0	843.559	0.0	0.0	null	911.231	0.085
0.6	0.0429	2250.0	2203.125	965.625	NaN	NaN	NaN	0	0	0	0	1	0	0	0	0	0	0	0	0	0	0	0	0	0	0	0	1	0	0	0	1	7.0	0.035	0.155	NaN	NaN	0.083	0.344	NaN	NaN	2.49	12.04	NaN	NaN	0.0	"2.5"	"F0034"	0	0	"FR"	77.088	"drain-rg"	24.488	1	1	0	843.559	0.0	0.0	null	921.267	0.083
1.1	0.042625	1125.0	1818.75	965.625	NaN	NaN	NaN	0	0	0	0	1	0	0	0	0	0	0	0	0	0	0	0	0	0	0	0	1	0	0	0	1	13.0	-0.003	0.155	NaN	NaN	-0.007	0.344	NaN	NaN	-0.21	12.04	NaN	NaN	0.0	"2.5"	"F0034"	0	0	"FR"	86.922	"drain-rg"	34.322	1	1	0	843.559	0.0	0.0	null	931.101	0.089
0.7	0.0429	1500.0	1153.125	965.625	NaN	NaN	NaN	0	0	0	0	1	0	0	0	0	0	0	0	0	0	0	0	0	0	0	0	1	0	0	0	1	8.0	-0.07	0.155	NaN	NaN	-0.167	0.344	NaN	NaN	-5.01	12.04	NaN	NaN	0.0	"2.5"	"F0034"	0	0	"FR"	96.96	"drip-rg"	10.038	1	1	0	843.559	0.0	0.0	null	941.139	0.091
2.6	0.042625	28500.0	2784.375	909.375	NaN	NaN	NaN	0	0	1	0	0	1	0	0	0	0	0	0	1	0	0	0	0	0	0	0	1	0	0	0	1	31.0	0.093	0.149	NaN	NaN	0.221	0.331	NaN	NaN	6.63	11.585	NaN	NaN	0.0	"2.5"	"F0034"	0	0	"PR"	4.231	"fill-rg-di"	4.03	1	0	0	843.559	0.0	946.359	null	951.209	0.09
0.9	0.042625	30375.0	2090.625	646.875	NaN	NaN	NaN	0	0	1	0	0	1	0	0	0	0	0	0	1	0	0	0	0	0	0	0	1	0	0	0	1	11.0	0.024	0.123	NaN	NaN	0.057	0.273	NaN	NaN	1.71	9.555	NaN	NaN	0.0	"2.5"	"F0034"	0	0	"PR"	14.273	"fill-rg-di"	14.072	1	0	0	843.559	0.0	946.359	null	961.251	0.088
1.2	0.0418	28875.0	2381.25	375.0	NaN	NaN	NaN	0	0	1	0	0	1	0	0	0	0	0	0	1	0	0	0	0	0	0	0	1	0	0	0	1	14.0	0.053	0.096	NaN	NaN	0.126	0.213	NaN	NaN	3.78	7.455	NaN	NaN	0.0	"2.5"	"F0034"	0	0	"PR"	24.307	"fill-rg-di"	24.106	1	0	0	843.559	0.0	946.359	null	971.285	0.084
0.6	0.0407	28875.0	2690.625	121.875	NaN	NaN	NaN	0	0	1	0	0	1	0	0	0	0	0	0	1	0	0	0	0	0	0	0	1	0	0	0	1	7.0	0.084	0.07	NaN	NaN	0.2	0.156	NaN	NaN	6.0	5.46	NaN	NaN	0.0	"2.5"	"F0034"	0	0	"PR"	34.34	"fill-rg-di"	34.139	1	0	0	843.559	0.0	946.359	null	981.318	0.084
0.1	0.04015	2812.5	2746.875	300.0	NaN	NaN	NaN	1	0	0	0	0	0	0	0	0	0	0	0	0	1	0	0	0	0	0	0	1	0	0	0	1	1.0	0.09	0.088	NaN	NaN	0.214	0.196	NaN	NaN	6.42	6.86	NaN	NaN	0.0	"2.5"	"F0034"	0	0	"PR"	44.175	"fill-di-lb"	8.027	1	0	0	843.559	0.0	946.359	null	991.153	0.09
0.4	0.0407	1687.5	2746.875	600.0	NaN	NaN	NaN	1	0	0	0	0	0	0	0	0	0	0	0	0	1	0	0	0	0	0	0	1	0	0	0	1	5.0	0.09	0.118	NaN	NaN	0.214	0.262	NaN	NaN	6.42	9.17	NaN	NaN	0.0	"2.5"	"F0034"	0	0	"PR"	54.204	"fill-di-lb"	18.056	1	0	0	843.559	0.0	946.359	null	1001.182	0.09
0.6	0.04015	1875.0	2746.875	909.375	NaN	NaN	NaN	1	0	0	0	0	0	0	0	0	0	0	0	0	1	0	0	0	0	0	0	1	0	0	0	1	7.0	0.09	0.149	NaN	NaN	0.214	0.331	NaN	NaN	6.42	11.585	NaN	NaN	0.0	"2.5"	"F0034"	0	0	"PR"	64.242	"fill-di-lb"	28.094	1	0	0	843.559	0.0	946.359	null	1011.22	0.091
1.4	0.040425	1312.5	2746.875	1190.625	NaN	NaN	NaN	1	0	0	0	0	0	0	0	0	0	0	0	0	1	0	0	0	0	0	0	1	0	0	0	1	17.0	0.09	0.177	NaN	NaN	0.214	0.393	NaN	NaN	6.42	13.755	NaN	NaN	0.0	"2.5"	"F0034"	0	0	"PR"	74.283	"fill-di-lb"	38.135	1	0	0	843.559	0.0	946.359	null	1021.261	0.09
0.6	0.040425	2250.0	2746.875	1509.375	NaN	NaN	NaN	1	0	0	0	0	0	0	0	0	0	0	0	0	1	0	0	0	0	0	0	1	0	0	0	1	7.0	0.09	0.209	NaN	NaN	0.214	0.464	NaN	NaN	6.42	16.24	NaN	NaN	0.0	"2.5"	"F0034"	0	0	"PR"	84.318	"fill-di-lb"	48.17	1	0	0	843.559	0.0	946.359	null	1031.296	0.087
1.9	0.039875	1875.0	2746.875	1781.25	NaN	NaN	NaN	1	0	0	0	0	0	0	0	0	0	0	0	0	1	0	0	0	0	0	0	1	0	0	0	1	23.0	0.09	0.236	NaN	NaN	0.214	0.524	NaN	NaN	6.42	18.34	NaN	NaN	0.0	"2.5"	"F0034"	0	0	"PR"	94.36	"fill-di-lb"	58.212	1	0	0	843.559	0.0	946.359	null	1041.338	0.091
1.6	0.040425	2812.5	2746.875	2053.125	NaN	NaN	NaN	1	0	0	0	0	0	0	0	0	0	0	0	0	1	0	0	0	0	0	0	1	0	0	0	1	19.0	0.09	0.263	NaN	NaN	0.214	0.584	NaN	NaN	6.42	20.44	NaN	NaN	0.0	"2.5"	"F0034"	0	0	"PR"	104.39	"fill-di-lb"	68.242	1	0	0	843.559	0.0	946.359	null	1051.368	0.09
0.4	0.040425	27562.5	2850.0	2203.125	NaN	NaN	NaN	0	0	1	0	0	1	0	0	0	0	0	0	1	0	0	0	0	0	0	0	1	0	0	0	1	5.0	0.1	0.278	NaN	NaN	0.238	0.618	NaN	NaN	7.14	21.63	NaN	NaN	0.0	"2.5"	"F0034"	0	0	"PR"	114.425	"fill-rg-di"	3.011	1	0	0	843.559	0.0	946.359	null	1061.403	0.087
11.5	0.040425	14437.5	2971.875	2240.625	NaN	NaN	NaN	0	1	1	0	0	0	0	0	0	0	0	0	1	0	0	0	0	1	1	1	0	1	1	1	0	138.0	0.112	0.282	NaN	NaN	0.267	0.627	NaN	NaN	8.01	21.945	NaN	NaN	0.0	"2.5"	"F0034"	1	1	"PR"	124.279	"deionize"	0.617	1	1	0	843.559	0.0	946.359	null	1071.257	0.315
12.7	0.040425	34500.0	2943.75	2521.875	NaN	NaN	NaN	0	1	1	0	0	0	0	0	0	0	0	0	1	0	0	0	0	1	1	1	0	1	1	1	0	152.0	0.109	0.31	NaN	NaN	0.26	0.689	NaN	NaN	7.8	24.115	NaN	NaN	0.0	"2.5"	"F0034"	1	1	"PR"	134.315	"deionize"	10.653	1	1	0	843.559	0.0	946.359	null	1081.293	0.09
12.4	0.04015	32437.5	2953.125	2540.625	NaN	NaN	NaN	0	1	1	0	0	0	0	0	0	0	0	0	1	0	0	0	0	1	1	1	0	1	1	1	0	149.0	0.11	0.312	NaN	NaN	0.262	0.693	NaN	NaN	7.86	24.255	NaN	NaN	0.0	"2.5"	"F0034"	1	1	"PR"	144.359	"deionize"	20.697	1	1	0	843.559	0.0	946.359	null	1091.337	0.089
11.0	0.03905	34500.0	2971.875	2512.5	NaN	NaN	NaN	0	1	1	0	0	0	0	0	0	0	0	0	1	0	0	0	0	1	1	1	0	1	1	1	0	132.0	0.112	0.309	NaN	NaN	0.267	0.687	NaN	NaN	8.01	24.045	NaN	NaN	0.0	"2.5"	"F0034"	1	1	"PR"	154.392	"deionize"	30.73	1	1	0	843.559	0.0	946.359	null	1101.37	0.089
12.3	0.038775	33937.5	2953.125	2578.125	NaN	NaN	NaN	0	1	1	0	0	0	0	0	0	0	0	0	1	0	0	0	0	1	1	1	0	1	1	1	0	148.0	0.11	0.316	NaN	NaN	0.262	0.702	NaN	NaN	7.86	24.57	NaN	NaN	0.0	"2.5"	"F0034"	1	1	"PR"	164.43	"deionize"	40.768	1	1	0	843.559	0.0	946.359	null	1111.408	0.087
12.0	0.037675	31500.0	2953.125	2550.0	NaN	NaN	NaN	0	1	1	0	0	0	0	0	0	0	0	0	1	0	0	0	0	1	1	1	0	1	1	1	0	144.0	0.11	0.313	NaN	NaN	0.262	0.696	NaN	NaN	7.86	24.36	NaN	NaN	0.0	"2.5"	"F0034"	1	1	"PR"	174.468	"deionize"	50.806	1	1	0	843.559	0.0	946.359	null	1121.446	0.09
11.8	0.03685	33000.0	2962.5	2625.0	NaN	NaN	NaN	0	1	1	0	0	0	0	0	0	0	0	0	1	0	0	0	0	1	1	1	0	1	1	1	0	142.0	0.111	0.321	NaN	NaN	0.264	0.713	NaN	NaN	7.92	24.955	NaN	NaN	0.0	"2.5"	"F0034"	1	1	"PR"	184.503	"deionize"	60.841	1	1	0	843.559	0.0	946.359	null	1131.481	0.087
12.5	0.03575	34125.0	2971.875	2550.0	NaN	NaN	NaN	0	1	1	0	0	0	0	0	0	0	0	0	1	0	0	0	0	1	1	1	0	1	1	1	0	150.0	0.112	0.313	NaN	NaN	0.267	0.696	NaN	NaN	8.01	24.36	NaN	NaN	0.0	"2.5"	"F0034"	1	1	"PR"	194.338	"deionize"	70.676	1	1	0	843.559	0.0	946.359	null	1141.316	0.088
12.9	0.0352	34687.5	2953.125	2559.375	NaN	NaN	NaN	0	1	1	0	0	0	0	0	0	0	0	0	1	0	0	0	0	1	1	1	0	1	1	1	0	155.0	0.11	0.314	NaN	NaN	0.262	0.698	NaN	NaN	7.86	24.43	NaN	NaN	0.0	"2.5"	"F0034"	1	1	"PR"	204.376	"deionize"	80.714	1	1	0	843.559	0.0	946.359	null	1151.354	0.084
12.4	0.0341	34125.0	2981.25	2550.0	NaN	NaN	NaN	0	1	1	0	0	0	0	0	0	0	0	0	1	0	0	0	0	1	1	1	0	1	1	1	0	149.0	0.113	0.313	NaN	NaN	0.269	0.696	NaN	NaN	8.07	24.36	NaN	NaN	0.0	"2.5"	"F0034"	1	1	"PR"	214.414	"deionize"	90.752	1	1	0	843.559	0.0	946.359	null	1161.392	0.087
12.5	0.0341	34125.0	2943.75	2559.375	NaN	NaN	NaN	0	1	1	0	0	0	0	0	0	0	0	0	1	0	0	0	0	1	1	1	0	1	1	1	0	150.0	0.109	0.314	NaN	NaN	0.26	0.698	NaN	NaN	7.8	24.43	NaN	NaN	0.0	"2.5"	"F0034"	1	1	"PR"	224.459	"deionize"	100.797	1	1	0	843.559	0.0	946.359	null	1171.437	0.088
12.6	0.03355	33375.0	2934.375	2531.25	NaN	NaN	NaN	0	1	1	0	0	0	0	0	0	0	0	0	1	0	0	0	0	1	1	1	0	1	1	1	0	151.0	0.108	0.311	NaN	NaN	0.257	0.691	NaN	NaN	7.71	24.185	NaN	NaN	0.0	"2.5"	"F0034"	1	1	"PR"	234.494	"deionize"	110.832	1	1	0	843.559	0.0	946.359	null	1181.472	0.091
12.3	0.032725	32625.0	2971.875	2550.0	NaN	NaN	NaN	0	1	1	0	0	0	0	0	0	0	0	0	1	0	0	0	0	1	1	1	0	1	1	1	0	148.0	0.112	0.313	NaN	NaN	0.267	0.696	NaN	NaN	8.01	24.36	NaN	NaN	0.0	"2.5"	"F0034"	1	1	"PR"	244.53	"deionize"	120.868	1	1	0	843.559	0.0	946.359	null	1191.508	0.091
12.3	0.032725	32812.5	2981.25	2578.125	NaN	NaN	NaN	0	1	1	0	0	0	0	0	0	0	0	0	1	0	0	0	0	1	1	1	0	1	1	1	0	148.0	0.113	0.316	NaN	NaN	0.269	0.702	NaN	NaN	8.07	24.57	NaN	NaN	0.0	"2.5"	"F0034"	1	1	"PR"	254.568	"deionize"	130.906	1	1	0	843.559	0.0	946.359	null	1201.546	0.088
12.4	0.03245	33562.5	2953.125	2568.75	NaN	NaN	NaN	0	1	1	0	0	0	0	0	0	0	0	0	1	0	0	0	0	1	1	1	0	1	1	1	0	149.0	0.11	0.315	NaN	NaN	0.262	0.7	NaN	NaN	7.86	24.5	NaN	NaN	0.0	"2.5"	"F0034"	1	1	"PR"	264.404	"deionize"	140.742	1	1	0	843.559	0.0	946.359	null	1211.382	0.087
12.4	0.03135	31500.0	2943.75	2521.875	NaN	NaN	NaN	0	1	1	0	0	0	0	0	0	0	0	0	1	0	0	0	0	1	1	1	0	1	1	1	0	149.0	0.109	0.31	NaN	NaN	0.26	0.689	NaN	NaN	7.8	24.115	NaN	NaN	0.0	"2.5"	"F0034"	1	1	"PR"	274.448	"deionize"	150.786	1	1	0	843.559	0.0	946.359	null	1221.426	0.085
11.6	0.031075	33375.0	2953.125	2512.5	NaN	NaN	NaN	0	1	1	0	0	0	0	0	0	0	0	0	1	0	0	0	0	1	1	1	0	1	1	1	0	139.0	0.11	0.309	NaN	NaN	0.262	0.687	NaN	NaN	7.86	24.045	NaN	NaN	0.0	"2.5"	"F0034"	1	1	"PR"	284.484	"deionize"	160.822	1	1	0	843.559	0.0	946.359	null	1231.462	0.087
12.4	0.0308	34500.0	2953.125	2446.875	NaN	NaN	NaN	0	1	1	0	0	0	0	0	0	0	0	0	1	0	0	0	0	1	1	1	0	1	1	1	0	149.0	0.11	0.303	NaN	NaN	0.262	0.673	NaN	NaN	7.86	23.555	NaN	NaN	0.0	"2.5"	"F0034"	1	1	"PR"	294.518	"deionize"	170.856	1	1	0	843.559	0.0	946.359	null	1241.496	0.087
12.6	0.031075	34125.0	2962.5	2578.125	NaN	NaN	NaN	0	1	1	0	0	0	0	0	0	0	0	0	1	0	0	0	0	1	1	1	0	1	1	1	0	151.0	0.111	0.316	NaN	NaN	0.264	0.702	NaN	NaN	7.92	24.57	NaN	NaN	0.0	"2.5"	"F0034"	1	1	"PR"	304.555	"deionize"	180.893	1	1	0	843.559	0.0	946.359	null	1251.533	0.09
12.9	0.0297	33187.5	2981.25	2493.75	NaN	NaN	NaN	0	1	1	0	0	0	0	0	0	0	0	0	1	0	0	0	0	1	1	1	0	1	1	1	0	155.0	0.113	0.307	NaN	NaN	0.269	0.682	NaN	NaN	8.07	23.87	NaN	NaN	0.0	"2.5"	"F0034"	1	1	"PR"	314.592	"deionize"	190.93	1	1	0	843.559	0.0	946.359	null	1261.57	0.087
12.2	0.029425	30562.5	2971.875	2550.0	NaN	NaN	NaN	0	1	1	0	0	0	0	0	0	0	0	0	1	0	0	0	0	1	1	1	0	1	1	1	0	146.0	0.112	0.313	NaN	NaN	0.267	0.696	NaN	NaN	8.01	24.36	NaN	NaN	0.0	"2.5"	"F0034"	1	1	"PR"	324.628	"deionize"	200.966	1	1	0	843.559	0.0	946.359	null	1271.606	0.087
11.9	0.028875	30750.0	2953.125	2540.625	NaN	NaN	NaN	0	1	1	0	0	0	0	0	0	0	0	0	1	0	0	0	0	1	1	1	0	1	1	1	0	143.0	0.11	0.312	NaN	NaN	0.262	0.693	NaN	NaN	7.86	24.255	NaN	NaN	0.0	"2.5"	"F0034"	1	1	"PR"	334.668	"deionize"	211.006	1	1	0	843.559	0.0	946.359	null	1281.646	0.088
10.6	0.02805	33000.0	2971.875	2465.625	NaN	NaN	NaN	0	1	1	0	0	0	0	0	0	0	0	0	1	0	0	0	0	1	1	1	0	1	1	1	0	127.0	0.112	0.305	NaN	NaN	0.267	0.678	NaN	NaN	8.01	23.73	NaN	NaN	0.0	"2.5"	"F0034"	1	1	"PR"	344.503	"deionize"	220.841	1	1	0	843.559	0.0	946.359	null	1291.481	0.084
12.3	0.02805	33937.5	2934.375	2540.625	NaN	NaN	NaN	0	1	1	0	0	0	0	0	0	0	0	0	1	0	0	0	0	1	1	1	0	1	1	1	0	148.0	0.108	0.312	NaN	NaN	0.257	0.693	NaN	NaN	7.71	24.255	NaN	NaN	0.0	"2.5"	"F0034"	1	1	"PR"	354.539	"deionize"	230.877	1	1	0	843.559	0.0	946.359	null	1301.517	0.086
11.5	0.02805	33750.0	2953.125	2540.625	NaN	NaN	NaN	0	1	1	0	0	0	0	0	0	0	0	0	1	0	0	0	1	1	1	1	0	1	1	1	0	138.0	0.11	0.312	NaN	NaN	0.262	0.693	NaN	NaN	7.86	24.255	NaN	NaN	0.0	"2.5"	"F0034"	1	1	"PR"	364.686	"deionize-uv"	0.911	1	1	0	843.559	0.0	946.359	null	1311.664	0.084
12.0	0.027775	33000.0	2953.125	2540.625	NaN	NaN	NaN	0	1	1	0	0	0	0	0	0	0	0	0	1	0	0	0	1	1	1	1	0	1	1	1	0	144.0	0.11	0.312	NaN	NaN	0.262	0.693	NaN	NaN	7.86	24.255	NaN	NaN	0.0	"2.5"	"F0034"	1	1	"PR"	374.719	"deionize-uv"	10.944	1	1	0	843.559	0.0	946.359	null	1321.697	0.086
12.6	0.02695	34125.0	2953.125	2512.5	NaN	NaN	NaN	0	1	1	0	0	0	0	0	0	0	0	0	1	0	0	0	1	1	1	1	0	1	1	1	0	151.0	0.11	0.309	NaN	NaN	0.262	0.687	NaN	NaN	7.86	24.045	NaN	NaN	0.0	"2.5"	"F0034"	1	1	"PR"	384.559	"deionize-uv"	20.784	1	1	0	843.559	0.0	946.359	null	1331.537	0.086
11.1	0.02695	33000.0	2962.5	2550.0	NaN	NaN	NaN	0	1	1	0	0	0	0	0	0	0	0	0	1	0	0	0	1	1	1	1	0	1	1	1	0	133.0	0.111	0.313	NaN	NaN	0.264	0.696	NaN	NaN	7.92	24.36	NaN	NaN	0.0	"2.5"	"F0034"	1	1	"PR"	394.591	"deionize-uv"	30.816	1	1	0	843.559	0.0	946.359	null	1341.569	0.086
9.5	0.0264	30187.5	2925.0	2559.375	NaN	NaN	NaN	0	1	1	0	0	0	0	0	0	0	0	0	1	0	0	0	1	1	1	1	0	1	1	1	0	114.0	0.107	0.314	NaN	NaN	0.255	0.698	NaN	NaN	7.65	24.43	NaN	NaN	0.0	"2.5"	"F0034"	1	1	"PR"	404.626	"deionize-uv"	40.851	1	1	0	843.559	0.0	946.359	null	1351.604	0.084
10.6	0.026125	30750.0	2943.75	2587.5	NaN	NaN	NaN	0	1	1	0	0	0	0	0	0	0	0	0	1	0	0	0	1	1	1	1	0	1	1	1	0	127.0	0.109	0.317	NaN	NaN	0.26	0.704	NaN	NaN	7.8	24.64	NaN	NaN	0.0	"2.5"	"F0034"	1	1	"PR"	414.665	"deionize-uv"	50.89	1	1	0	843.559	0.0	946.359	null	1361.643	0.085
10.3	0.025575	32812.5	2971.875	2559.375	NaN	NaN	NaN	0	1	1	0	0	0	0	0	0	0	0	0	1	0	0	0	1	1	1	1	0	1	1	1	0	124.0	0.112	0.314	NaN	NaN	0.267	0.698	NaN	NaN	8.01	24.43	NaN	NaN	0.0	"2.5"	"F0034"	1	1	"PR"	424.699	"deionize-uv"	60.924	1	1	0	843.559	0.0	946.359	null	1371.677	0.084
11.0	0.025575	33375.0	2962.5	2568.75	NaN	NaN	NaN	0	1	1	0	0	0	0	0	0	0	0	0	1	0	0	0	1	1	1	1	0	1	1	1	0	132.0	0.111	0.315	NaN	NaN	0.264	0.7	NaN	NaN	7.92	24.5	NaN	NaN	0.0	"2.5"	"F0034"	1	1	"PR"	434.732	"deionize-uv"	70.957	1	1	0	843.559	0.0	946.359	null	1381.71	0.084
9.7	0.025575	31125.0	2962.5	2512.5	NaN	NaN	NaN	0	1	1	0	0	0	0	0	0	0	0	0	1	0	0	0	1	1	1	1	0	1	1	1	0	116.0	0.111	0.309	NaN	NaN	0.264	0.687	NaN	NaN	7.92	24.045	NaN	NaN	0.0	"2.5"	"F0034"	1	1	"PR"	444.769	"deionize-uv"	80.994	1	1	0	843.559	0.0	946.359	null	1391.747	0.084
10.1	0.02475	33375.0	2953.125	2493.75	NaN	NaN	NaN	0	1	1	0	0	0	0	0	0	0	0	0	1	0	0	0	1	1	1	1	0	1	1	1	0	121.0	0.11	0.307	NaN	NaN	0.262	0.682	NaN	NaN	7.86	23.87	NaN	NaN	0.0	"2.5"	"F0034"	1	1	"PR"	454.8	"deionize-uv"	91.025	1	1	0	843.559	0.0	946.359	null	1401.778	0.084
9.5	0.02475	34687.5	2953.125	2587.5	NaN	NaN	NaN	0	1	1	0	0	0	0	0	0	0	0	0	1	0	0	0	1	1	1	1	0	1	1	1	0	114.0	0.11	0.317	NaN	NaN	0.262	0.704	NaN	NaN	7.86	24.64	NaN	NaN	0.0	"2.5"	"F0034"	1	1	"PR"	464.636	"deionize-uv"	100.861	1	1	0	843.559	0.0	946.359	null	1411.614	0.083
9.8	0.024475	34500.0	2953.125	2550.0	NaN	NaN	NaN	0	1	1	0	0	0	0	0	0	0	0	0	1	0	0	0	1	1	1	1	0	1	1	1	0	118.0	0.11	0.313	NaN	NaN	0.262	0.696	NaN	NaN	7.86	24.36	NaN	NaN	0.0	"2.5"	"F0034"	1	1	"PR"	474.673	"deionize-uv"	110.898	1	1	0	843.559	0.0	946.359	null	1421.651	0.084
9.1	0.023375	32250.0	2971.875	9196.875	NaN	NaN	NaN	0	0	1	0	0	0	0	1	0	0	0	0	1	0	0	0	1	1	1	1	0	1	1	1	0	109.0	0.112	0.978	NaN	NaN	0.267	2.173	NaN	NaN	8.01	76.055	NaN	NaN	0.0	"2.5"	"F0034"	1	1	"PR"	484.829	"drain-di-1"	0.929	1	1	0	843.559	0.0	946.359	null	1431.807	0.087
8.7	0.023925	33937.5	2943.75	1940.625	NaN	NaN	NaN	0	0	1	0	0	0	0	1	0	0	0	0	1	0	0	0	1	1	1	1	0	1	1	1	0	104.0	0.109	0.252	NaN	NaN	0.26	0.56	NaN	NaN	7.8	19.6	NaN	NaN	0.0	"2.5"	"F0034"	1	1	"PR"	494.67	"drain-di-1"	10.77	1	1	0	843.559	0.0	946.359	null	1441.648	0.091
9.6	0.02365	31875.0	2962.5	1696.875	NaN	NaN	NaN	0	0	1	0	0	0	0	1	0	0	0	0	1	0	0	0	1	1	1	1	0	1	1	1	0	115.0	0.111	0.228	NaN	NaN	0.264	0.507	NaN	NaN	7.92	17.745	NaN	NaN	0.0	"2.5"	"F0034"	1	1	"PR"	504.704	"drain-di-1"	20.804	1	1	0	843.559	0.0	946.359	null	1451.682	0.091
9.5	0.023375	31875.0	2953.125	1453.125	NaN	NaN	NaN	0	0	1	0	0	0	0	1	0	0	0	0	1	0	0	0	1	1	1	1	0	1	1	1	0	114.0	0.11	0.203	NaN	NaN	0.262	0.451	NaN	NaN	7.86	15.785	NaN	NaN	0.0	"2.5"	"F0034"	1	1	"PR"	514.743	"drain-di-1"	30.843	1	1	0	843.559	0.0	946.359	null	1461.721	0.085
9.1	0.0231	33937.5	2953.125	1209.375	NaN	NaN	NaN	0	0	1	0	0	0	0	1	0	0	0	0	1	0	0	0	1	1	1	1	0	1	1	1	0	109.0	0.11	0.179	NaN	NaN	0.262	0.398	NaN	NaN	7.86	13.93	NaN	NaN	0.0	"2.5"	"F0034"	1	1	"PR"	524.78	"drain-di-1"	40.88	1	1	0	843.559	0.0	946.359	null	1471.758	0.084
10.7	0.0231	33937.5	2953.125	956.25	NaN	NaN	NaN	0	0	1	0	0	0	0	1	0	0	0	0	1	0	0	0	1	1	1	1	0	1	1	1	0	128.0	0.11	0.154	NaN	NaN	0.262	0.342	NaN	NaN	7.86	11.97	NaN	NaN	0.0	"2.5"	"F0034"	1	1	"PR"	534.817	"drain-di-1"	50.917	1	1	0	843.559	0.0	946.359	null	1481.795	0.084
9.7	0.022825	30937.5	2962.5	721.875	NaN	NaN	NaN	0	0	1	0	0	0	0	1	0	0	0	0	1	0	0	0	1	1	1	1	0	1	1	1	0	116.0	0.111	0.13	NaN	NaN	0.264	0.289	NaN	NaN	7.92	10.115	NaN	NaN	0.0	"2.5"	"F0034"	1	1	"PR"	544.867	"drain-di-1"	60.967	1	1	0	843.559	0.0	946.359	null	1491.845	0.085
9.4	0.02255	34125.0	2953.125	487.5	NaN	NaN	NaN	0	0	1	0	0	0	0	1	0	0	0	0	1	0	0	0	1	1	1	1	0	1	1	1	0	113.0	0.11	0.107	NaN	NaN	0.262	0.238	NaN	NaN	7.86	8.33	NaN	NaN	0.0	"2.5"	"F0034"	1	1	"PR"	554.903	"drain-di-1"	71.003	1	1	0	843.559	0.0	946.359	null	1501.881	0.085
9.6	0.022825	31687.5	2943.75	253.125	NaN	NaN	NaN	0	0	1	0	0	0	0	1	0	0	0	0	1	0	0	0	1	1	1	1	0	1	1	1	0	115.0	0.109	0.083	NaN	NaN	0.26	0.184	NaN	NaN	7.8	6.44	NaN	NaN	0.0	"2.5"	"F0034"	1	1	"PR"	564.743	"drain-di-1"	80.843	1	1	0	843.559	0.0	946.359	null	1511.721	0.092
7.8	0.022275	31687.5	2943.75	-18.75	NaN	NaN	NaN	0	0	1	0	0	0	0	1	0	0	0	0	1	0	0	0	1	1	1	1	0	1	1	1	0	94.0	0.109	0.056	NaN	NaN	0.26	0.124	NaN	NaN	7.8	4.34	NaN	NaN	0.0	"2.5"	"F0034"	1	1	"PR"	574.886	"drip-di-1"	3.318	1	1	0	843.559	0.0	946.359	null	1521.864	0.084
8.7	0.0231	32250.0	2943.75	-37.5	NaN	NaN	NaN	0	0	1	0	0	0	0	1	0	0	0	0	1	0	0	0	1	1	1	1	0	1	1	1	0	104.0	0.109	0.054	NaN	NaN	0.26	0.12	NaN	NaN	7.8	4.2	NaN	NaN	0.0	"2.5"	"F0034"	1	1	"PR"	584.92	"drip-di-1"	13.352	1	1	0	843.559	0.0	946.359	null	1531.898	0.084
-11.6	0.022825	30000.0	2793.75	93.75	NaN	NaN	NaN	1	0	0	0	0	1	1	0	0	0	0	0	1	1	0	0	0	1	1	0	1	1	1	0	1	-139.0	0.094	0.067	NaN	NaN	0.224	0.149	NaN	NaN	6.72	5.215	NaN	NaN	0.0	"2.5"	"F0034"	1	0	"PR"	594.917	"reverse-f"	8.187	1	1	0	843.559	0.0	946.359	null	1541.895	0.083
-12.9	0.02475	29812.5	2821.875	403.125	NaN	NaN	NaN	1	0	0	0	0	1	1	0	0	0	0	0	1	1	0	0	0	1	1	0	1	1	1	0	1	-155.0	0.097	0.098	NaN	NaN	0.231	0.218	NaN	NaN	6.93	7.63	NaN	NaN	0.0	"2.5"	"F0034"	1	0	"PR"	604.953	"reverse-f"	18.223	1	1	0	843.559	0.0	946.359	null	1551.931	0.088
-11.8	0.0275	29625.0	2784.375	693.75	NaN	NaN	NaN	1	0	0	0	0	1	1	0	0	0	0	0	1	1	0	0	0	1	1	0	1	1	1	0	1	-142.0	0.093	0.127	NaN	NaN	0.221	0.282	NaN	NaN	6.63	9.87	NaN	NaN	0.0	"2.5"	"F0034"	1	0	"PR"	614.986	"reverse-f"	28.256	1	1	0	843.559	0.0	946.359	null	1561.964	0.084
-10.8	0.0308	30187.5	2803.125	984.375	NaN	NaN	NaN	1	0	0	0	0	1	1	0	0	0	0	0	1	1	0	0	0	1	1	0	1	1	1	0	1	-130.0	0.095	0.156	NaN	NaN	0.226	0.347	NaN	NaN	6.78	12.145	NaN	NaN	0.0	"2.5"	"F0034"	1	0	"PR"	624.819	"reverse-f"	38.089	1	1	0	843.559	0.0	946.359	null	1571.797	0.09
-12.0	0.03245	30000.0	2803.125	1265.625	NaN	NaN	NaN	1	0	0	0	0	1	1	0	0	0	0	0	1	1	0	0	0	1	1	0	1	1	1	0	1	-144.0	0.095	0.185	NaN	NaN	0.226	0.411	NaN	NaN	6.78	14.385	NaN	NaN	0.0	"2.5"	"F0034"	1	0	"PR"	634.858	"reverse-f"	48.128	1	1	0	843.559	0.0	946.359	null	1581.836	0.092
-11.4	0.0352	28875.0	2812.5	1556.25	NaN	NaN	NaN	1	0	0	0	0	1	1	0	0	0	0	0	1	1	0	0	0	1	1	0	1	1	1	0	1	-137.0	0.096	0.214	NaN	NaN	0.229	0.476	NaN	NaN	6.87	16.66	NaN	NaN	0.0	"2.5"	"F0034"	1	0	"PR"	644.891	"reverse-f"	58.161	1	1	0	843.559	0.0	946.359	null	1591.869	0.09
-11.5	0.037125	28875.0	2821.875	1856.25	NaN	NaN	NaN	1	0	0	0	0	1	1	0	0	0	0	0	1	1	0	0	0	1	1	0	1	1	1	0	1	-138.0	0.097	0.244	NaN	NaN	0.231	0.542	NaN	NaN	6.93	18.97	NaN	NaN	0.0	"2.5"	"F0034"	1	0	"PR"	654.926	"reverse-f"	68.196	1	1	0	843.559	0.0	946.359	null	1601.904	0.09
-11.3	0.039325	29812.5	2784.375	2137.5	NaN	NaN	NaN	1	0	0	0	0	1	1	0	0	0	0	0	1	1	0	0	0	1	1	0	1	1	1	0	1	-136.0	0.093	0.272	NaN	NaN	0.221	0.604	NaN	NaN	6.63	21.14	NaN	NaN	0.0	"2.5"	"F0034"	1	0	"PR"	664.961	"reverse-f"	78.231	1	1	0	843.559	0.0	946.359	null	1611.939	0.092
-12.2	0.0407	28875.0	2793.75	2278.125	NaN	NaN	NaN	0	0	0	0	0	1	1	0	0	0	0	0	1	0	0	0	0	1	1	0	1	1	1	0	1	-146.0	0.094	0.286	NaN	NaN	0.224	0.636	NaN	NaN	6.72	22.26	NaN	NaN	0.0	"2.5"	"F0034"	1	0	"PR"	674.906	"reverse"	88.176	1	1	0	843.559	0.0	946.359	null	1621.884	0.09
-11.9	0.042075	28687.5	2803.125	2259.375	NaN	NaN	NaN	0	0	0	0	0	1	1	0	0	0	0	0	1	0	0	0	0	1	1	0	1	1	1	0	1	-143.0	0.095	0.284	NaN	NaN	0.226	0.631	NaN	NaN	6.78	22.085	NaN	NaN	0.0	"2.5"	"F0034"	1	0	"PR"	684.944	"reverse"	98.214	1	1	0	843.559	0.0	946.359	null	1631.922	0.091
-12.7	0.044	29062.5	2821.875	2278.125	NaN	NaN	NaN	0	0	0	0	0	1	1	0	0	0	0	0	1	0	0	0	0	1	1	0	1	1	1	0	1	-152.0	0.097	0.286	NaN	NaN	0.231	0.636	NaN	NaN	6.93	22.26	NaN	NaN	0.0	"2.5"	"F0034"	1	0	"PR"	694.98	"reverse"	108.25	1	1	0	843.559	0.0	946.359	null	1641.958	0.094
-11.9	0.044825	30000.0	2812.5	2278.125	NaN	NaN	NaN	0	0	0	0	0	1	1	0	0	0	0	0	1	0	0	0	0	1	1	0	1	1	1	0	1	-143.0	0.096	0.286	NaN	NaN	0.229	0.636	NaN	NaN	6.87	22.26	NaN	NaN	0.0	"2.5"	"F0034"	1	0	"PR"	705.016	"reverse"	118.286	1	1	0	843.559	0.0	946.359	null	1651.994	0.09
-11.5	0.044825	30562.5	2840.625	2278.125	NaN	NaN	NaN	0	0	0	0	0	1	1	0	0	0	0	0	1	0	0	0	0	1	1	0	1	1	1	0	1	-138.0	0.099	0.286	NaN	NaN	0.236	0.636	NaN	NaN	7.08	22.26	NaN	NaN	0.0	"2.5"	"F0034"	1	0	"PR"	715.055	"reverse"	128.325	1	1	0	843.559	0.0	946.359	null	1662.033	0.093
-11.9	0.045925	30375.0	2793.75	2287.5	NaN	NaN	NaN	0	0	0	0	0	1	1	0	0	0	0	0	1	0	0	0	0	1	1	0	1	1	1	0	1	-143.0	0.094	0.287	NaN	NaN	0.224	0.638	NaN	NaN	6.72	22.33	NaN	NaN	0.0	"2.5"	"F0034"	1	0	"PR"	725.092	"reverse"	138.362	1	1	0	843.559	0.0	946.359	null	1672.07	0.09
-12.0	0.046475	28125.0	2812.5	2278.125	NaN	NaN	NaN	0	0	0	0	0	1	1	0	0	0	0	0	1	0	0	0	0	1	1	0	1	1	1	0	1	-144.0	0.096	0.286	NaN	NaN	0.229	0.636	NaN	NaN	6.87	22.26	NaN	NaN	0.0	"2.5"	"F0034"	1	0	"PR"	735.126	"reverse"	148.396	1	1	0	843.559	0.0	946.359	null	1682.104	0.09
-1.5	0.047575	750.0	2962.5	2278.125	NaN	NaN	NaN	0	0	0	0	0	0	0	0	0	0	0	0	0	0	0	0	0	0	0	0	1	0	0	0	1	-18.0	0.111	0.286	NaN	NaN	0.264	0.636	NaN	NaN	7.92	22.26	NaN	NaN	0.0	"2.5"	"F0034"	0	0	"PR"	745.059	"diffuse"	8.326	1	1	1	843.559	0.0	946.359	null	1692.037	0.093
-1.5	0.0473	2250.0	2981.25	2278.125	NaN	NaN	NaN	0	0	0	0	0	0	0	0	0	0	0	0	0	0	0	0	0	0	0	0	1	0	0	0	1	-18.0	0.113	0.286	NaN	NaN	0.269	0.636	NaN	NaN	8.07	22.26	NaN	NaN	0.0	"2.5"	"F0034"	0	0	"PR"	755.092	"diffuse"	18.359	1	1	1	843.559	0.0	946.359	null	1702.07	0.09
-2.3	0.0473	375.0	2971.875	2278.125	NaN	NaN	NaN	0	0	0	0	0	0	0	0	0	0	0	0	0	0	0	0	0	0	0	0	1	0	0	0	1	-28.0	0.112	0.286	NaN	NaN	0.267	0.636	NaN	NaN	8.01	22.26	NaN	NaN	0.0	"2.5"	"F0034"	0	0	"PR"	765.125	"diffuse"	28.392	1	1	1	843.559	0.0	946.359	null	1712.103	0.09
-14.1	0.047025	30000.0	2821.875	2278.125	NaN	NaN	NaN	0	0	0	0	0	1	1	0	0	0	0	0	1	0	0	0	0	1	1	0	1	1	1	0	1	-169.0	0.097	0.286	NaN	NaN	0.231	0.636	NaN	NaN	6.93	22.26	NaN	NaN	0.0	"2.5"	"F0034"	1	0	"PR"	775.055	"wash-en"	8.123	1	1	1	843.559	0.0	946.359	null	1722.033	0.092
-11.9	0.04785	30000.0	2821.875	2287.5	NaN	NaN	NaN	0	0	0	0	0	1	1	0	0	0	0	0	1	0	0	0	0	1	1	0	1	1	1	0	1	-143.0	0.097	0.287	NaN	NaN	0.231	0.638	NaN	NaN	6.93	22.33	NaN	NaN	0.0	"2.5"	"F0034"	1	0	"PR"	785.09	"wash-en"	18.158	1	1	1	843.559	0.0	946.359	null	1732.068	0.09
-1.2	0.048675	29625.0	2821.875	2278.125	NaN	NaN	NaN	0	0	0	0	0	1	1	0	0	0	0	0	1	0	0	0	0	0	0	0	1	0	0	0	1	-14.0	0.097	0.286	NaN	NaN	0.231	0.636	NaN	NaN	6.93	22.26	NaN	NaN	0.0	"2.5"	"F0034"	0	0	"PR"	795.018	"wash-sc"	7.922	1	1	1	843.559	0.0	946.359	null	1741.996	0.084
-1.5	0.048675	1500.0	2981.25	2287.5	NaN	NaN	NaN	0	0	0	0	0	0	0	0	0	0	0	0	0	0	0	0	0	0	0	0	1	0	0	0	1	-18.0	0.113	0.287	NaN	NaN	0.269	0.638	NaN	NaN	8.07	22.33	NaN	NaN	0.0	"2.5"	"F0034"	0	0	"PR"	805.059	"diffuse"	7.833	1	1	2	843.559	0.0	946.359	null	1752.037	0.088
-1.5	0.049775	1875.0	2981.25	2287.5	NaN	NaN	NaN	0	0	0	0	0	0	0	0	0	0	0	0	0	0	0	0	0	0	0	0	1	0	0	0	1	-18.0	0.113	0.287	NaN	NaN	0.269	0.638	NaN	NaN	8.07	22.33	NaN	NaN	0.0	"2.5"	"F0034"	0	0	"PR"	815.091	"diffuse"	17.865	1	1	2	843.559	0.0	946.359	null	1762.069	0.086
-1.1	0.048675	1500.0	2981.25	2315.625	NaN	NaN	NaN	0	0	0	0	0	0	0	0	0	0	0	0	0	0	0	0	0	0	0	0	1	0	0	0	1	-13.0	0.113	0.29	NaN	NaN	0.269	0.644	NaN	NaN	8.07	22.54	NaN	NaN	0.0	"2.5"	"F0034"	0	0	"PR"	825.122	"diffuse"	27.896	1	1	2	843.559	0.0	946.359	null	1772.1	0.086
-11.6	0.0484	27750.0	2775.0	2268.75	NaN	NaN	NaN	0	0	0	0	0	1	1	0	0	0	0	0	1	0	0	0	0	1	1	0	1	1	1	0	1	-139.0	0.093	0.285	NaN	NaN	0.221	0.633	NaN	NaN	6.63	22.155	NaN	NaN	0.0	"2.5"	"F0034"	1	0	"PR"	835.064	"wash-en"	7.734	1	1	2	843.559	0.0	946.359	null	1782.042	0.086
-12.1	0.0495	30187.5	2793.75	2287.5	NaN	NaN	NaN	0	0	0	0	0	1	1	0	0	0	0	0	1	0	0	0	0	1	1	0	1	1	1	0	1	-145.0	0.094	0.287	NaN	NaN	0.224	0.638	NaN	NaN	6.72	22.33	NaN	NaN	0.0	"2.5"	"F0034"	1	0	"PR"	845.096	"wash-en"	17.766	1	1	2	843.559	0.0	946.359	null	1792.074	0.086
-0.1	0.049225	30375.0	2821.875	2306.25	NaN	NaN	NaN	0	0	0	0	0	1	1	0	0	0	0	0	1	0	0	0	0	0	0	0	1	0	0	0	1	-1.0	0.097	0.289	NaN	NaN	0.231	0.642	NaN	NaN	6.93	22.47	NaN	NaN	0.0	"2.5"	"F0034"	0	0	"PR"	855.215	"wash-sc"	7.712	1	1	2	843.559	0.0	946.359	null	1802.193	0.09
-1.1	0.04895	1500.0	2981.25	2287.5	NaN	NaN	NaN	0	0	0	0	0	0	0	0	0	0	0	0	0	0	0	0	0	0	0	0	1	0	0	0	1	-13.0	0.113	0.287	NaN	NaN	0.269	0.638	NaN	NaN	8.07	22.33	NaN	NaN	0.0	"2.5"	"F0034"	0	0	"PR"	865.254	"diffuse"	7.631	1	1	3	843.559	0.0	946.359	null	1812.232	0.093
-0.9	0.049775	1125.0	2981.25	2278.125	NaN	NaN	NaN	0	0	0	0	0	0	0	0	0	0	0	0	0	0	0	0	0	0	0	0	1	0	0	0	1	-11.0	0.113	0.286	NaN	NaN	0.269	0.636	NaN	NaN	8.07	22.26	NaN	NaN	0.0	"2.5"	"F0034"	0	0	"PR"	875.086	"diffuse"	17.463	1	1	3	843.559	0.0	946.359	null	1822.064	0.084
-0.9	0.049775	1125.0	2981.25	2287.5	NaN	NaN	NaN	0	0	0	0	0	0	0	0	0	0	0	0	0	0	0	0	0	0	0	0	1	0	0	0	1	-11.0	0.113	0.287	NaN	NaN	0.269	0.638	NaN	NaN	8.07	22.33	NaN	NaN	0.0	"2.5"	"F0034"	0	0	"PR"	885.119	"diffuse"	27.496	1	1	3	843.559	0.0	946.359	null	1832.097	0.084
-12.0	0.048675	28125.0	2793.75	2278.125	NaN	NaN	NaN	0	0	0	0	0	1	1	0	0	0	0	0	1	0	0	0	0	1	1	0	1	1	1	0	1	-144.0	0.094	0.286	NaN	NaN	0.224	0.636	NaN	NaN	6.72	22.26	NaN	NaN	0.0	"2.5"	"F0034"	1	0	"PR"	895.251	"wash-en"	7.521	1	1	3	843.559	0.0	946.359	null	1842.229	0.088
-12.4	0.04895	29250.0	2803.125	2278.125	NaN	NaN	NaN	0	0	0	0	0	1	1	0	0	0	0	0	1	0	0	0	0	1	1	0	1	1	1	0	1	-149.0	0.095	0.286	NaN	NaN	0.226	0.636	NaN	NaN	6.78	22.26	NaN	NaN	0.0	"2.5"	"F0034"	1	0	"PR"	905.287	"wash-en"	17.557	1	1	3	843.559	0.0	946.359	null	1852.265	0.087
-0.1	0.0495	30375.0	2840.625	2278.125	NaN	NaN	NaN	0	0	0	0	0	1	1	0	0	0	0	0	1	0	0	0	0	0	0	0	1	0	0	0	1	-1.0	0.099	0.286	NaN	NaN	0.236	0.636	NaN	NaN	7.08	22.26	NaN	NaN	0.0	"2.5"	"F0034"	0	0	"PR"	915.216	"wash-sc"	7.32	1	1	3	843.559	0.0	946.359	null	1862.194	0.086
-0.6	0.049225	2437.5	2962.5	2287.5	NaN	NaN	NaN	0	0	0	0	0	0	0	0	0	0	0	0	0	0	0	0	0	0	0	0	1	0	0	0	1	-7.0	0.111	0.287	NaN	NaN	0.264	0.638	NaN	NaN	7.92	22.33	NaN	NaN	0.0	"2.5"	"F0034"	0	0	"PR"	925.254	"diffuse"	7.226	1	1	4	843.559	0.0	946.359	null	1872.232	0.088
-0.4	0.049775	750.0	2971.875	2278.125	NaN	NaN	NaN	0	0	0	0	0	0	0	0	0	0	0	0	0	0	0	0	0	0	0	0	1	0	0	0	1	-5.0	0.112	0.286	NaN	NaN	0.267	0.636	NaN	NaN	8.01	22.26	NaN	NaN	0.0	"2.5"	"F0034"	0	0	"PR"	935.283	"diffuse"	17.255	1	1	4	843.559	0.0	946.359	null	1882.261	0.084
-0.8	0.0495	2250.0	2981.25	2287.5	NaN	NaN	NaN	0	0	0	0	0	0	0	0	0	0	0	0	0	0	0	0	0	0	0	0	1	0	0	0	1	-10.0	0.113	0.287	NaN	NaN	0.269	0.638	NaN	NaN	8.07	22.33	NaN	NaN	0.0	"2.5"	"F0034"	0	0	"PR"	945.316	"diffuse"	27.288	1	1	4	843.559	0.0	946.359	null	1892.294	0.086
-11.6	0.049225	29625.0	2803.125	2278.125	NaN	NaN	NaN	0	0	0	0	0	1	1	0	0	0	0	0	1	0	0	0	0	1	1	0	1	1	1	0	1	-139.0	0.095	0.286	NaN	NaN	0.226	0.636	NaN	NaN	6.78	22.26	NaN	NaN	0.0	"2.5"	"F0034"	1	0	"PR"	955.241	"wash-en"	7.115	1	1	4	843.559	0.0	946.359	null	1902.219	0.083
-11.9	0.0495	30000.0	2803.125	2268.75	NaN	NaN	NaN	0	0	0	0	0	1	1	0	0	0	0	0	1	0	0	0	0	1	1	0	1	1	1	0	1	-143.0	0.095	0.285	NaN	NaN	0.226	0.633	NaN	NaN	6.78	22.155	NaN	NaN	0.0	"2.5"	"F0034"	1	0	"PR"	965.278	"wash-en"	17.152	1	1	4	843.559	0.0	946.359	null	1912.256	0.084
0.4	0.049775	30000.0	2831.25	2287.5	NaN	NaN	NaN	0	0	0	0	0	1	1	0	0	0	0	0	1	0	0	0	0	0	0	0	1	0	0	0	1	5.0	0.098	0.287	NaN	NaN	0.233	0.638	NaN	NaN	6.99	22.33	NaN	NaN	0.0	"2.5"	"F0034"	0	0	"PR"	975.2	"wash-sc"	6.913	1	1	4	843.559	0.0	946.359	null	1922.178	0.087
-0.1	0.0495	187.5	2521.875	2296.875	NaN	NaN	NaN	0	0	0	0	1	0	0	0	0	0	0	0	0	0	0	0	0	0	0	0	1	0	0	0	1	-1.0	0.067	0.288	NaN	NaN	0.16	0.64	NaN	NaN	4.8	22.4	NaN	NaN	0.0	"2.5"	"F0034"	0	0	"PR"	985.232	"drain-rg"	6.819	1	1	4	843.559	0.0	946.359	null	1932.21	0.084
0.2	0.05005	-562.5	2175.0	2296.875	NaN	NaN	NaN	0	0	0	0	1	0	0	0	0	0	0	0	0	0	0	0	0	0	0	0	1	0	0	0	1	2.0	0.033	0.288	NaN	NaN	0.079	0.64	NaN	NaN	2.37	22.4	NaN	NaN	0.0	"2.5"	"F0034"	0	0	"PR"	995.271	"drain-rg"	16.858	1	1	4	843.559	0.0	946.359	null	1942.249	0.087
-0.4	0.0495	-937.5	1809.375	2278.125	NaN	NaN	NaN	0	0	0	0	1	0	0	0	0	0	0	0	0	0	0	0	0	0	0	0	1	0	0	0	1	-5.0	-0.004	0.286	NaN	NaN	-0.01	0.636	NaN	NaN	-0.3	22.26	NaN	NaN	0.0	"2.5"	"F0034"	0	0	"PR"	1005.303	"drip-rg"	0.2	1	1	4	843.559	0.0	946.359	null	1952.281	0.089
-3.0	0.04895	-1125.0	1031.25	2315.625	NaN	NaN	NaN	0	0	0	0	1	0	0	0	0	0	0	0	0	0	0	0	0	0	0	0	1	0	0	0	1	-36.0	-0.082	0.29	NaN	NaN	-0.195	0.644	NaN	NaN	-5.85	22.54	NaN	NaN	0.0	"2.5"	"F0034"	0	0	"PR"	1015.34	"drip-rg"	10.237	1	1	4	843.559	0.0	946.359	null	1962.318	0.083
0.6	0.04895	27000.0	1734.375	2203.125	NaN	NaN	NaN	0	0	1	0	0	1	0	0	0	0	0	0	1	0	0	0	0	0	0	0	1	0	0	0	1	7.0	-0.012	0.278	NaN	NaN	-0.029	0.618	NaN	NaN	-0.87	21.63	NaN	NaN	0.0	"2.5"	"F0034"	0	0	"FR"	4.444	"fill-rg-di"	4.243	2	1	0	1967.336	0.0	946.359	null	1972.402	0.087
-0.8	0.049225	29250.0	2109.375	1940.625	NaN	NaN	NaN	0	0	1	0	0	1	0	0	0	0	0	0	1	0	0	0	0	0	0	0	1	0	0	0	1	-10.0	0.026	0.252	NaN	NaN	0.062	0.56	NaN	NaN	1.86	19.6	NaN	NaN	0.0	"2.5"	"F0034"	0	0	"FR"	14.481	"fill-rg-di"	14.28	2	1	0	1967.336	0.0	946.359	null	1982.439	0.087
0.0	0.04785	30000.0	2409.375	1696.875	NaN	NaN	NaN	0	0	1	0	0	1	0	0	0	0	0	0	1	0	0	0	0	0	0	0	1	0	0	0	1	0.0	0.056	0.228	NaN	NaN	0.133	0.507	NaN	NaN	3.99	17.745	NaN	NaN	0.0	"2.5"	"F0034"	0	0	"FR"	24.315	"fill-rg-di"	24.114	2	1	0	1967.336	0.0	946.359	null	1992.273	0.084
-0.2	0.0462	28687.5	2718.75	1462.5	NaN	NaN	NaN	0	0	1	0	0	1	0	0	0	0	0	0	1	0	0	0	0	0	0	0	1	0	0	0	1	-2.0	0.087	0.204	NaN	NaN	0.207	0.453	NaN	NaN	6.21	15.855	NaN	NaN	0.0	"2.5"	"F0034"	0	0	"FR"	34.346	"fill-rg-di"	34.145	2	1	0	1967.336	0.0	946.359	null	2002.304	0.084
-0.1	0.04565	30187.5	3009.375	1190.625	NaN	NaN	NaN	0	0	1	0	0	1	0	0	0	0	0	0	1	0	0	0	0	0	0	0	1	0	0	0	1	-1.0	0.116	0.177	NaN	NaN	0.276	0.393	NaN	NaN	8.28	13.755	NaN	NaN	0.0	"2.5"	"F0034"	0	0	"FR"	44.388	"fill-rg-di"	44.187	2	1	0	1967.336	0.0	946.359	null	2012.346	0.084
-0.4	0.0451	1312.5	2934.375	993.75	NaN	NaN	NaN	0	0	0	0	1	0	0	0	0	0	0	0	0	0	0	0	0	0	0	0	1	0	0	0	1	-5.0	0.108	0.157	NaN	NaN	0.257	0.349	NaN	NaN	7.71	12.215	NaN	NaN	0.0	"2.5"	"F0034"	0	0	"FR"	54.417	"drain-rg"	2.005	2	1	0	1967.336	0.0	946.359	null	2022.375	0.084
-0.5	0.045375	2250.0	2671.875	993.75	NaN	NaN	NaN	0	0	0	0	1	0	0	0	0	0	0	0	0	0	0	0	0	0	0	0	1	0	0	0	1	-6.0	0.082	0.157	NaN	NaN	0.195	0.349	NaN	NaN	5.85	12.215	NaN	NaN	0.0	"2.5"	"F0034"	0	0	"FR"	64.456	"drain-rg"	12.044	2	1	0	1967.336	0.0	946.359	null	2032.414	0.084
-0.3	0.04455	2625.0	2296.875	984.375	NaN	NaN	NaN	0	0	0	0	1	0	0	0	0	0	0	0	0	0	0	0	0	0	0	0	1	0	0	0	1	-4.0	0.045	0.156	NaN	NaN	0.107	0.347	NaN	NaN	3.21	12.145	NaN	NaN	0.0	"2.5"	"F0034"	0	0	"FR"	74.495	"drain-rg"	22.083	2	1	0	1967.336	0.0	946.359	null	2042.453	0.086
0.2	0.0451	1312.5	1931.25	993.75	NaN	NaN	NaN	0	0	0	0	1	0	0	0	0	0	0	0	0	0	0	0	0	0	0	0	1	0	0	0	1	2.0	0.008	0.157	NaN	NaN	0.019	0.349	NaN	NaN	0.57	12.215	NaN	NaN	0.0	"2.5"	"F0034"	0	0	"FR"	84.526	"drain-rg"	32.114	2	1	0	1967.336	0.0	946.359	null	2052.484	0.086
-0.8	0.04455	1875.0	1406.25	993.75	NaN	NaN	NaN	0	0	0	0	1	0	0	0	0	0	0	0	0	0	0	0	0	0	0	0	1	0	0	0	1	-10.0	-0.044	0.157	NaN	NaN	-0.105	0.349	NaN	NaN	-3.15	12.215	NaN	NaN	0.0	"2.5"	"F0034"	0	0	"FR"	94.557	"drip-rg"	7.623	2	1	0	1967.336	0.0	946.359	null	2062.515	0.084
0.1	0.0451	20625.0	421.875	965.625	NaN	NaN	NaN	0	0	1	0	0	1	0	0	0	0	0	0	1	0	0	0	0	0	0	0	1	0	0	0	1	1.0	-0.143	0.155	NaN	NaN	-0.34	0.344	NaN	NaN	-10.2	12.04	NaN	NaN	0.0	"2.5"	"F0034"	0	0	"PR"	1.625	"fill-rg-di"	1.424	2	0	0	1967.336	0.0	2070.146	null	2072.389	0.084
-0.1	0.0451	27562.5	2006.25	721.875	NaN	NaN	NaN	0	0	1	0	0	1	0	0	0	0	0	0	1	0	0	0	0	0	0	0	1	0	0	0	1	-1.0	0.016	0.13	NaN	NaN	0.038	0.289	NaN	NaN	1.14	10.115	NaN	NaN	0.0	"2.5"	"F0034"	0	0	"PR"	11.664	"fill-rg-di"	11.463	2	0	0	1967.336	0.0	2070.146	null	2082.428	0.088
0.6	0.044275	29062.5	2334.375	450.0	NaN	NaN	NaN	0	0	1	0	0	1	0	0	0	0	0	0	1	0	0	0	0	0	0	0	1	0	0	0	1	7.0	0.048	0.103	NaN	NaN	0.114	0.229	NaN	NaN	3.42	8.015	NaN	NaN	0.0	"2.5"	"F0034"	0	0	"PR"	21.701	"fill-rg-di"	21.5	2	0	0	1967.336	0.0	2070.146	null	2092.465	0.087
0.2	0.044	28687.5	2653.125	215.625	NaN	NaN	NaN	0	0	1	0	0	1	0	0	0	0	0	0	1	0	0	0	0	0	0	0	1	0	0	0	1	2.0	0.08	0.08	NaN	NaN	0.19	0.178	NaN	NaN	5.7	6.23	NaN	NaN	0.0	"2.5"	"F0034"	0	0	"PR"	31.741	"fill-rg-di"	31.54	2	0	0	1967.336	0.0	2070.146	null	2102.505	0.085
-0.5	0.043175	1687.5	2784.375	215.625	NaN	NaN	NaN	1	0	0	0	0	0	0	0	0	0	0	0	0	1	0	0	0	0	0	0	1	0	0	0	1	-6.0	0.093	0.08	NaN	NaN	0.221	0.178	NaN	NaN	6.63	6.23	NaN	NaN	0.0	"2.5"	"F0034"	0	0	"PR"	41.782	"fill-di-lb"	5.018	2	0	0	1967.336	0.0	2070.146	null	2112.546	0.085
-0.1	0.043725	3000.0	2784.375	525.0	NaN	NaN	NaN	1	0	0	0	0	0	0	0	0	0	0	0	0	1	0	0	0	0	0	0	1	0	0	0	1	-1.0	0.093	0.111	NaN	NaN	0.221	0.247	NaN	NaN	6.63	8.645	NaN	NaN	0.0	"2.5"	"F0034"	0	0	"PR"	51.81	"fill-di-lb"	15.046	2	0	0	1967.336	0.0	2070.146	null	2122.574	0.084
-0.3	0.0429	2812.5	2784.375	806.25	NaN	NaN	NaN	1	0	0	0	0	0	0	0	0	0	0	0	0	1	0	0	0	0	0	0	1	0	0	0	1	-4.0	0.093	0.139	NaN	NaN	0.221	0.309	NaN	NaN	6.63	10.815	NaN	NaN	0.0	"2.5"	"F0034"	0	0	"PR"	61.845	"fill-di-lb"	25.081	2	0	0	1967.336	0.0	2070.146	null	2132.609	0.084
-0.1	0.0429	3750.0	2784.375	1106.25	NaN	NaN	NaN	1	0	0	0	0	0	0	0	0	0	0	0	0	1	0	0	0	0	0	0	1	0	0	0	1	-1.0	0.093	0.169	NaN	NaN	0.221	0.376	NaN	NaN	6.63	13.16	NaN	NaN	0.0	"2.5"	"F0034"	0	0	"PR"	71.687	"fill-di-lb"	34.923	2	0	0	1967.336	0.0	2070.146	null	2142.451	0.09
-0.4	0.043175	2250.0	2784.375	1378.125	NaN	NaN	NaN	1	0	0	0	0	0	0	0	0	0	0	0	0	1	0	0	0	0	0	0	1	0	0	0	1	-5.0	0.093	0.196	NaN	NaN	0.221	0.436	NaN	NaN	6.63	15.26	NaN	NaN	0.0	"2.5"	"F0034"	0	0	"PR"	81.719	"fill-di-lb"	44.955	2	0	0	1967.336	0.0	2070.146	null	2152.483	0.09
-0.4	0.043725	2437.5	2775.0	1678.125	NaN	NaN	NaN	1	0	0	0	0	0	0	0	0	0	0	0	0	1	0	0	0	0	0	0	1	0	0	0	1	-5.0	0.093	0.226	NaN	NaN	0.221	0.502	NaN	NaN	6.63	17.57	NaN	NaN	0.0	"2.5"	"F0034"	0	0	"PR"	91.754	"fill-di-lb"	54.99	2	0	0	1967.336	0.0	2070.146	null	2162.518	0.091
-0.4	0.043725	3375.0	2784.375	1950.0	NaN	NaN	NaN	1	0	0	0	0	0	0	0	0	0	0	0	0	1	0	0	0	0	0	0	1	0	0	0	1	-5.0	0.093	0.253	NaN	NaN	0.221	0.562	NaN	NaN	6.63	19.67	NaN	NaN	0.0	"2.5"	"F0034"	0	0	"PR"	101.79	"fill-di-lb"	65.026	2	0	0	1967.336	0.0	2070.146	null	2172.554	0.087
-0.4	0.0429	14625.0	2793.75	2231.25	NaN	NaN	NaN	0	0	1	0	0	1	0	0	0	0	0	0	1	0	0	0	0	0	0	0	1	0	0	0	1	-5.0	0.094	0.281	NaN	NaN	0.224	0.624	NaN	NaN	6.72	21.84	NaN	NaN	0.0	"2.5"	"F0034"	0	0	"PR"	111.82	"fill-rg-di"	1.004	2	0	0	1967.336	0.0	2070.146	null	2182.584	0.09
-0.1	0.043175	3750.0	2962.5	2240.625	NaN	NaN	NaN	0	0	1	0	0	1	0	0	0	0	0	0	1	0	0	0	0	0	0	0	1	0	0	0	1	-1.0	0.111	0.282	NaN	NaN	0.264	0.627	NaN	NaN	7.92	21.945	NaN	NaN	0.0	"2.5"	"F0034"	0	0	"PR"	121.859	"flush-rg-sc"	0.201	2	1	0	1967.336	0.0	2070.146	null	2192.623	0.092
