cur	ec	mod-ps	rg-ps	di-ps	fw1-ps	fw2-ps	pf-ps	vlv-di-fill	vlv-di-in	vlv-di-out	vlv-rg-fill	vlv-rg-drain	vlv-rg-in	vlv-rg-out	vlv-fw1-in	vlv-fw1-out	vlv-fw2-in	vlv-po	vlv-mod-drain	pmp-sys	pmp-di	pmp-fw1	pmp-fw2	uv	en-anode1	en-cath1	pl-anode1	pl-cath1	en-anode2	en-cath2	pl-anode2	pl-cath2	pw	rg-he	di-he	fw1-he	fw2-he	rg-lev	di-lev	fw1-lev	fw2-lev	rg-vol	di-vol	fw1-vol	fw2-vol	pr-ec	ver	sn	mod-en	mod-pl	proc	proc-time	ph	ph-time	count	cyc	rnd	pr-last	rc-last	fr-last	halt-re	time	exec
2.5	0.055275	29250.0	2887.5	2118.75	NaN	NaN	NaN	0	0	1	0	0	1	0	0	0	0	0	0	1	0	0	0	0	0	0	0	1	0	0	0	1	30.0	0.104	0.27	NaN	NaN	0.248	0.6	NaN	NaN	7.44	21.0	NaN	NaN	0.0	"2.5"	"F0034"	0	0	"PR"	8.247	"fill-rg-di"	8.047	0	0	0	0.0	0.0	0.0	null	10.038	0.087
2.5	0.055275	29250.0	2887.5	2118.75	NaN	NaN	NaN	0	0	1	0	0	1	0	0	0	0	0	0	1	0	0	0	0	0	0	0	1	0	0	0	1	30.0	0.104	0.27	NaN	NaN	0.248	0.6	NaN	NaN	7.44	21.0	NaN	NaN	0.0	"2.5"	"F0034"	0	0	"PR"	8.247	"fill-rg-di"	8.047	0	0	0	0.0	0.0	0.0	null	10.038	0.087
2.5	0.055275	2250.0	2981.25	2231.25	NaN	NaN	NaN	1	0	0	0	0	0	0	0	0	0	0	0	0	1	0	0	0	0	0	0	1	0	0	0	1	30.0	0.113	0.281	NaN	NaN	0.269	0.624	NaN	NaN	8.07	21.84	NaN	NaN	0.0	"2.5"	"F0034"	0	0	"PR"	18.278	"fill-di"	7.222	0	0	0	0.0	0.0	0.0	null	20.069	0.086
2.6	0.055275	27187.5	2859.375	2278.125	NaN	NaN	NaN	0	0	0	0	0	1	1	0	0	0	0	0	1	0	0	0	0	0	0	0	1	0	0	0	1	31.0	0.101	0.286	NaN	NaN	0.24	0.636	NaN	NaN	7.2	22.26	NaN	NaN	0.0	"2.5"	"F0034"	0	0	"PR"	28.314	"prime"	9.434	0	0	0	0.0	0.0	0.0	null	30.105	0.084
2.5	0.05445	28125.0	2793.75	2268.75	NaN	NaN	NaN	0	0	0	0	0	1	1	0	0	0	0	0	1	0	0	0	0	0	0	0	1	0	0	0	1	30.0	0.094	0.285	NaN	NaN	0.224	0.633	NaN	NaN	6.72	22.155	NaN	NaN	0.0	"2.5"	"F0034"	0	0	"PR"	38.349	"prime"	19.469	0	0	0	0.0	0.0	0.0	null	40.14	0.087
2.8	0.05555	29812.5	2850.0	2268.75	NaN	NaN	NaN	0	0	0	0	0	1	1	0	0	0	0	0	1	0	0	0	0	0	0	0	1	0	0	0	1	34.0	0.1	0.285	NaN	NaN	0.238	0.633	NaN	NaN	7.14	22.155	NaN	NaN	0.0	"2.5"	"F0034"	0	0	"PR"	48.386	"prime"	29.506	0	0	0	0.0	0.0	0.0	null	50.177	0.086
-11.7	0.054725	29812.5	2981.25	2606.25	NaN	NaN	NaN	0	1	1	0	0	0	0	0	0	0	0	0	1	0	0	0	0	1	1	0	1	1	1	0	1	-140.0	0.113	0.319	NaN	NaN	0.269	0.709	NaN	NaN	8.07	24.815	NaN	NaN	0.0	"2.5"	"F0034"	1	0	"PR"	58.438	"deionize"	9.048	0	1	0	0.0	0.0	0.0	null	60.229	0.085
-13.0	0.05335	29250.0	2971.875	2559.375	NaN	NaN	NaN	0	1	1	0	0	0	0	0	0	0	0	0	1	0	0	0	0	1	1	0	1	1	1	0	1	-156.0	0.112	0.314	NaN	NaN	0.267	0.698	NaN	NaN	8.01	24.43	NaN	NaN	0.0	"2.5"	"F0034"	1	0	"PR"	68.475	"deionize"	19.085	0	1	0	0.0	0.0	0.0	null	70.266	0.087
-12.4	0.051975	33000.0	2971.875	2493.75	NaN	NaN	NaN	0	1	1	0	0	0	0	0	0	0	0	0	1	0	0	0	0	1	1	0	1	1	1	0	1	-149.0	0.112	0.307	NaN	NaN	0.267	0.682	NaN	NaN	8.01	23.87	NaN	NaN	0.0	"2.5"	"F0034"	1	0	"PR"	78.511	"deionize"	29.121	0	1	0	0.0	0.0	0.0	null	80.302	0.086
-12.3	0.0506	30000.0	2971.875	2493.75	NaN	NaN	NaN	0	1	1	0	0	0	0	0	0	0	0	0	1	0	0	0	0	1	1	0	1	1	1	0	1	-148.0	0.112	0.307	NaN	NaN	0.267	0.682	NaN	NaN	8.01	23.87	NaN	NaN	0.0	"2.5"	"F0034"	1	0	"PR"	88.357	"deionize"	38.967	0	1	0	0.0	0.0	0.0	null	90.148	0.084
-11.9	0.049225	30187.5	2981.25	2653.125	NaN	NaN	NaN	0	1	1	0	0	0	0	0	0	0	0	0	1	0	0	0	0	1	1	0	1	1	1	0	1	-143.0	0.113	0.323	NaN	NaN	0.269	0.718	NaN	NaN	8.07	25.13	NaN	NaN	0.0	"2.5"	"F0034"	1	0	"PR"	98.397	"deionize"	49.007	0	1	0	0.0	0.0	0.0	null	100.188	0.085
-11.9	0.0484	30000.0	2962.5	2512.5	NaN	NaN	NaN	0	1	1	0	0	0	0	0	0	0	0	0	1	0	0	0	0	1	1	0	1	1	1	0	1	-143.0	0.111	0.309	NaN	NaN	0.264	0.687	NaN	NaN	7.92	24.045	NaN	NaN	0.0	"2.5"	"F0034"	1	0	"PR"	108.434	"deionize"	59.044	0	1	0	0.0	0.0	0.0	null	110.225	0.089
-10.3	0.0473	33000.0	2971.875	2531.25	NaN	NaN	NaN	0	1	1	0	0	0	0	0	0	0	0	0	1	0	0	0	0	1	1	0	1	1	1	0	1	-124.0	0.112	0.311	NaN	NaN	0.267	0.691	NaN	NaN	8.01	24.185	NaN	NaN	0.0	"2.5"	"F0034"	1	0	"PR"	118.47	"deionize"	69.08	0	1	0	0.0	0.0	0.0	null	120.261	0.084
-11.7	0.0451	31312.5	2962.5	2503.125	NaN	NaN	NaN	0	1	1	0	0	0	0	0	0	0	0	0	1	0	0	0	0	1	1	0	1	1	1	0	1	-140.0	0.111	0.308	NaN	NaN	0.264	0.684	NaN	NaN	7.92	23.94	NaN	NaN	0.0	"2.5"	"F0034"	1	0	"PR"	128.506	"deionize"	79.116	0	1	0	0.0	0.0	0.0	null	130.297	0.084
-11.9	0.044825	32250.0	2962.5	2475.0	NaN	NaN	NaN	0	1	1	0	0	0	0	0	0	0	0	0	1	0	0	0	0	1	1	0	1	1	1	0	1	-143.0	0.111	0.305	NaN	NaN	0.264	0.678	NaN	NaN	7.92	23.73	NaN	NaN	0.0	"2.5"	"F0034"	1	0	"PR"	138.55	"deionize"	89.16	0	1	0	0.0	0.0	0.0	null	140.341	0.085
-10.6	0.043725	30375.0	2981.25	2475.0	NaN	NaN	NaN	0	1	1	0	0	0	0	0	0	0	0	0	1	0	0	0	0	1	1	0	1	1	1	0	1	-127.0	0.113	0.305	NaN	NaN	0.269	0.678	NaN	NaN	8.07	23.73	NaN	NaN	0.0	"2.5"	"F0034"	1	0	"PR"	148.583	"deionize"	99.193	0	1	0	0.0	0.0	0.0	null	150.374	0.087
-12.1	0.04235	32250.0	2953.125	2493.75	NaN	NaN	NaN	0	1	1	0	0	0	0	0	0	0	0	0	1	0	0	0	0	1	1	0	1	1	1	0	1	-145.0	0.11	0.307	NaN	NaN	0.262	0.682	NaN	NaN	7.86	23.87	NaN	NaN	0.0	"2.5"	"F0034"	1	0	"PR"	158.623	"deionize"	109.233	0	1	0	0.0	0.0	0.0	null	160.414	0.084
-12.0	0.041525	29437.5	2971.875	2446.875	NaN	NaN	NaN	0	1	1	0	0	0	0	0	0	0	0	0	1	0	0	0	0	1	1	0	1	1	1	0	1	-144.0	0.112	0.303	NaN	NaN	0.267	0.673	NaN	NaN	8.01	23.555	NaN	NaN	0.0	"2.5"	"F0034"	1	0	"PR"	168.459	"deionize"	119.069	0	1	0	0.0	0.0	0.0	null	170.25	0.084
-11.9	0.040425	32062.5	2953.125	2390.625	NaN	NaN	NaN	0	1	1	0	0	0	0	0	0	0	0	0	1	0	0	0	0	1	1	0	1	1	1	0	1	-143.0	0.11	0.297	NaN	NaN	0.262	0.66	NaN	NaN	7.86	23.1	NaN	NaN	0.0	"2.5"	"F0034"	1	0	"PR"	178.492	"deionize"	129.102	0	1	0	0.0	0.0	0.0	null	180.283	0.087
-11.4	0.0396	29625.0	2962.5	2418.75	NaN	NaN	NaN	0	1	1	0	0	0	0	0	0	0	0	0	1	0	0	0	0	1	1	0	1	1	1	0	1	-137.0	0.111	0.3	NaN	NaN	0.264	0.667	NaN	NaN	7.92	23.345	NaN	NaN	0.0	"2.5"	"F0034"	1	0	"PR"	188.538	"deionize"	139.148	0	1	0	0.0	0.0	0.0	null	190.329	0.086
-10.9	0.039325	30562.5	2971.875	2428.125	NaN	NaN	NaN	0	1	1	0	0	0	0	0	0	0	0	0	1	0	0	0	0	1	1	0	1	1	1	0	1	-131.0	0.112	0.301	NaN	NaN	0.267	0.669	NaN	NaN	8.01	23.415	NaN	NaN	0.0	"2.5"	"F0034"	1	0	"PR"	198.572	"deionize"	149.182	0	1	0	0.0	0.0	0.0	null	200.363	0.084
-10.6	0.038775	30375.0	2953.125	2409.375	NaN	NaN	NaN	0	1	1	0	0	0	0	0	0	0	0	0	1	0	0	0	0	1	1	0	1	1	1	0	1	-127.0	0.11	0.299	NaN	NaN	0.262	0.664	NaN	NaN	7.86	23.24	NaN	NaN	0.0	"2.5"	"F0034"	1	0	"PR"	208.61	"deionize"	159.22	0	1	0	0.0	0.0	0.0	null	210.401	0.087
-9.7	0.03795	32625.0	2934.375	2428.125	NaN	NaN	NaN	0	1	1	0	0	0	0	0	0	0	0	0	1	0	0	0	0	1	1	0	1	1	1	0	1	-116.0	0.108	0.301	NaN	NaN	0.257	0.669	NaN	NaN	7.71	23.415	NaN	NaN	0.0	"2.5"	"F0034"	1	0	"PR"	218.648	"deionize"	169.258	0	1	0	0.0	0.0	0.0	null	220.439	0.085
-10.7	0.0374	29437.5	2962.5	2400.0	NaN	NaN	NaN	0	1	1	0	0	0	0	0	0	0	0	0	1	0	0	0	0	1	1	0	1	1	1	0	1	-128.0	0.111	0.298	NaN	NaN	0.264	0.662	NaN	NaN	7.92	23.17	NaN	NaN	0.0	"2.5"	"F0034"	1	0	"PR"	228.68	"deionize"	179.29	0	1	0	0.0	0.0	0.0	null	230.471	0.087
-10.4	0.037125	30562.5	2943.75	2353.125	NaN	NaN	NaN	0	1	1	0	0	0	0	0	0	0	0	0	1	0	0	0	0	1	1	0	1	1	1	0	1	-125.0	0.109	0.293	NaN	NaN	0.26	0.651	NaN	NaN	7.8	22.785	NaN	NaN	0.0	"2.5"	"F0034"	1	0	"PR"	238.516	"deionize"	189.126	0	1	0	0.0	0.0	0.0	null	240.307	0.087
-9.9	0.03685	30000.0	2962.5	2381.25	NaN	NaN	NaN	0	1	1	0	0	0	0	0	0	0	0	0	1	0	0	0	0	1	1	0	1	1	1	0	1	-119.0	0.111	0.296	NaN	NaN	0.264	0.658	NaN	NaN	7.92	23.03	NaN	NaN	0.0	"2.5"	"F0034"	1	0	"PR"	248.557	"deionize"	199.167	0	1	0	0.0	0.0	0.0	null	250.348	0.087
-10.5	0.036025	30937.5	2971.875	2437.5	NaN	NaN	NaN	0	1	1	0	0	0	0	0	0	0	0	0	1	0	0	0	0	1	1	0	1	1	1	0	1	-126.0	0.112	0.302	NaN	NaN	0.267	0.671	NaN	NaN	8.01	23.485	NaN	NaN	0.0	"2.5"	"F0034"	1	0	"PR"	258.593	"deionize"	209.203	0	1	0	0.0	0.0	0.0	null	260.384	0.086
-9.5	0.0352	32625.0	2981.25	2456.25	NaN	NaN	NaN	0	1	1	0	0	0	0	0	0	0	0	0	1	0	0	0	0	1	1	0	1	1	1	0	1	-114.0	0.113	0.304	NaN	NaN	0.269	0.676	NaN	NaN	8.07	23.66	NaN	NaN	0.0	"2.5"	"F0034"	1	0	"PR"	268.632	"deionize"	219.242	0	1	0	0.0	0.0	0.0	null	270.423	0.086
-9.2	0.03575	32437.5	2962.5	2437.5	NaN	NaN	NaN	0	1	1	0	0	0	0	0	0	0	0	0	1	0	0	0	0	1	1	0	1	1	1	0	1	-110.0	0.111	0.302	NaN	NaN	0.264	0.671	NaN	NaN	7.92	23.485	NaN	NaN	0.0	"2.5"	"F0034"	1	0	"PR"	278.669	"deionize"	229.279	0	1	0	0.0	0.0	0.0	null	280.46	0.087
-8.0	0.035475	29812.5	2953.125	2390.625	NaN	NaN	NaN	0	1	1	0	0	0	0	0	0	0	0	0	1	0	0	0	0	1	1	0	1	1	1	0	1	-96.0	0.11	0.297	NaN	NaN	0.262	0.66	NaN	NaN	7.86	23.1	NaN	NaN	0.0	"2.5"	"F0034"	1	0	"PR"	288.698	"deionize"	239.308	0	1	0	0.0	0.0	0.0	null	290.489	0.087
-9.6	0.03465	32812.5	2971.875	2353.125	NaN	NaN	NaN	0	1	1	0	0	0	0	0	0	0	0	0	1	0	0	0	1	1	1	0	1	1	1	0	1	-115.0	0.112	0.293	NaN	NaN	0.267	0.651	NaN	NaN	8.01	22.785	NaN	NaN	0.0	"2.5"	"F0034"	1	0	"PR"	298.65	"deionize-uv"	9.148	0	1	0	0.0	0.0	0.0	null	300.441	0.086
-9.4	0.03465	32812.5	2971.875	2362.5	NaN	NaN	NaN	0	1	1	0	0	0	0	0	0	0	0	0	1	0	0	0	1	1	1	0	1	1	1	0	1	-113.0	0.112	0.294	NaN	NaN	0.267	0.653	NaN	NaN	8.01	22.855	NaN	NaN	0.0	"2.5"	"F0034"	1	0	"PR"	308.689	"deionize-uv"	19.187	0	1	0	0.0	0.0	0.0	null	310.48	0.083
-9.2	0.033825	32062.5	2962.5	2371.875	NaN	NaN	NaN	0	1	1	0	0	0	0	0	0	0	0	0	1	0	0	0	1	1	1	0	1	1	1	0	1	-110.0	0.111	0.295	NaN	NaN	0.264	0.656	NaN	NaN	7.92	22.96	NaN	NaN	0.0	"2.5"	"F0034"	1	0	"PR"	318.725	"deionize-uv"	29.223	0	1	0	0.0	0.0	0.0	null	320.516	0.083
-9.1	0.033825	30375.0	2962.5	2400.0	NaN	NaN	NaN	0	1	1	0	0	0	0	0	0	0	0	0	1	0	0	0	1	1	1	0	1	1	1	0	1	-109.0	0.111	0.298	NaN	NaN	0.264	0.662	NaN	NaN	7.92	23.17	NaN	NaN	0.0	"2.5"	"F0034"	1	0	"PR"	328.764	"deionize-uv"	39.262	0	1	0	0.0	0.0	0.0	null	330.555	0.083
-8.4	0.032725	30000.0	2962.5	2353.125	NaN	NaN	NaN	0	1	1	0	0	0	0	0	0	0	0	0	1	0	0	0	1	1	1	0	1	1	1	0	1	-101.0	0.111	0.293	NaN	NaN	0.264	0.651	NaN	NaN	7.92	22.785	NaN	NaN	0.0	"2.5"	"F0034"	1	0	"PR"	338.8	"deionize-uv"	49.298	0	1	0	0.0	0.0	0.0	null	340.591	0.084
-9.0	0.032725	30750.0	2971.875	2362.5	NaN	NaN	NaN	0	1	1	0	0	0	0	0	0	0	0	0	1	0	0	0	1	1	1	0	1	1	1	0	1	-108.0	0.112	0.294	NaN	NaN	0.267	0.653	NaN	NaN	8.01	22.855	NaN	NaN	0.0	"2.5"	"F0034"	1	0	"PR"	348.642	"deionize-uv"	59.14	0	1	0	0.0	0.0	0.0	null	350.433	0.092
-8.5	0.03245	29812.5	2962.5	2437.5	NaN	NaN	NaN	0	1	1	0	0	0	0	0	0	0	0	0	1	0	0	0	1	1	1	0	1	1	1	0	1	-102.0	0.111	0.302	NaN	NaN	0.264	0.671	NaN	NaN	7.92	23.485	NaN	NaN	0.0	"2.5"	"F0034"	1	0	"PR"	358.68	"deionize-uv"	69.178	0	1	0	0.0	0.0	0.0	null	360.471	0.09
-9.2	0.033	29625.0	2971.875	2371.875	NaN	NaN	NaN	0	1	1	0	0	0	0	0	0	0	0	0	1	0	0	0	1	1	1	0	1	1	1	0	1	-110.0	0.112	0.295	NaN	NaN	0.267	0.656	NaN	NaN	8.01	22.96	NaN	NaN	0.0	"2.5"	"F0034"	1	0	"PR"	368.718	"deionize-uv"	79.216	0	1	0	0.0	0.0	0.0	null	370.509	0.087
-9.8	0.03245	30937.5	2953.125	2418.75	NaN	NaN	NaN	0	1	1	0	0	0	0	0	0	0	0	0	1	0	0	0	1	1	1	0	1	1	1	0	1	-118.0	0.11	0.3	NaN	NaN	0.262	0.667	NaN	NaN	7.86	23.345	NaN	NaN	0.0	"2.5"	"F0034"	1	0	"PR"	378.755	"deionize-uv"	89.253	0	1	0	0.0	0.0	0.0	null	380.546	0.091
-8.7	0.0319	31875.0	2943.75	2437.5	NaN	NaN	NaN	0	1	1	0	0	0	0	0	0	0	0	0	1	0	0	0	1	1	1	0	1	1	1	0	1	-104.0	0.109	0.302	NaN	NaN	0.26	0.671	NaN	NaN	7.8	23.485	NaN	NaN	0.0	"2.5"	"F0034"	1	0	"PR"	388.789	"deionize-uv"	99.287	0	1	0	0.0	0.0	0.0	null	390.58	0.09
-8.6	0.03135	30562.5	2943.75	2409.375	NaN	NaN	NaN	0	1	1	0	0	0	0	0	0	0	0	0	1	0	0	0	1	1	1	0	1	1	1	0	1	-103.0	0.109	0.299	NaN	NaN	0.26	0.664	NaN	NaN	7.8	23.24	NaN	NaN	0.0	"2.5"	"F0034"	1	0	"PR"	398.829	"deionize-uv"	109.327	0	1	0	0.0	0.0	0.0	null	400.62	0.091
-8.2	0.031625	32625.0	2971.875	2390.625	NaN	NaN	NaN	0	1	1	0	0	0	0	0	0	0	0	0	1	0	0	0	1	1	1	0	1	1	1	0	1	-98.0	0.112	0.297	NaN	NaN	0.267	0.66	NaN	NaN	8.01	23.1	NaN	NaN	0.0	"2.5"	"F0034"	1	0	"PR"	408.867	"deionize-uv"	119.365	0	1	0	0.0	0.0	0.0	null	410.658	0.086
-8.2	0.03025	30000.0	2943.75	1875.0	NaN	NaN	NaN	0	0	1	0	0	0	0	1	0	0	0	0	1	0	0	0	1	1	1	0	1	1	1	0	1	-98.0	0.109	0.245	NaN	NaN	0.26	0.544	NaN	NaN	7.8	19.04	NaN	NaN	0.0	"2.5"	"F0034"	1	0	"PR"	418.835	"drain-di-1"	9.164	0	1	0	0.0	0.0	0.0	null	420.626	0.091
-6.1	0.030525	30937.5	2971.875	1621.875	NaN	NaN	NaN	0	0	1	0	0	0	0	1	0	0	0	0	1	0	0	0	1	1	1	0	1	1	1	0	1	-73.0	0.112	0.22	NaN	NaN	0.267	0.489	NaN	NaN	8.01	17.115	NaN	NaN	0.0	"2.5"	"F0034"	1	0	"PR"	428.873	"drain-di-1"	19.202	0	1	0	0.0	0.0	0.0	null	430.664	0.09
-8.9	0.030525	31875.0	2971.875	1378.125	NaN	NaN	NaN	0	0	1	0	0	0	0	1	0	0	0	0	1	0	0	0	1	1	1	0	1	1	1	0	1	-107.0	0.112	0.196	NaN	NaN	0.267	0.436	NaN	NaN	8.01	15.26	NaN	NaN	0.0	"2.5"	"F0034"	1	0	"PR"	438.912	"drain-di-1"	29.241	0	1	0	0.0	0.0	0.0	null	440.703	0.09
-8.4	0.029975	31875.0	2971.875	1115.625	NaN	NaN	NaN	0	0	1	0	0	0	0	1	0	0	0	0	1	0	0	0	1	1	1	0	1	1	1	0	1	-101.0	0.112	0.17	NaN	NaN	0.267	0.378	NaN	NaN	8.01	13.23	NaN	NaN	0.0	"2.5"	"F0034"	1	0	"PR"	448.749	"drain-di-1"	39.078	0	1	0	0.0	0.0	0.0	null	450.54	0.092
-7.9	0.029425	29812.5	2962.5	862.5	NaN	NaN	NaN	0	0	1	0	0	0	0	1	0	0	0	0	1	0	0	0	1	1	1	0	1	1	1	0	1	-95.0	0.111	0.144	NaN	NaN	0.264	0.32	NaN	NaN	7.92	11.2	NaN	NaN	0.0	"2.5"	"F0034"	1	0	"PR"	458.786	"drain-di-1"	49.115	0	1	0	0.0	0.0	0.0	null	460.577	0.09
-9.0	0.03025	30000.0	2953.125	618.75	NaN	NaN	NaN	0	0	1	0	0	0	0	1	0	0	0	0	1	0	0	0	1	1	1	0	1	1	1	0	1	-108.0	0.11	0.12	NaN	NaN	0.262	0.267	NaN	NaN	7.86	9.345	NaN	NaN	0.0	"2.5"	"F0034"	1	0	"PR"	468.826	"drain-di-1"	59.155	0	1	0	0.0	0.0	0.0	null	470.617	0.091
-8.8	0.029975	30562.5	2953.125	384.375	NaN	NaN	NaN	0	0	1	0	0	0	0	1	0	0	0	0	1	0	0	0	1	1	1	0	1	1	1	0	1	-106.0	0.11	0.096	NaN	NaN	0.262	0.213	NaN	NaN	7.86	7.455	NaN	NaN	0.0	"2.5"	"F0034"	1	0	"PR"	478.867	"drain-di-1"	69.196	0	1	0	0.0	0.0	0.0	null	480.658	0.09
-8.0	0.0297	29812.5	2953.125	121.875	NaN	NaN	NaN	0	0	1	0	0	0	0	1	0	0	0	0	1	0	0	0	1	1	1	0	1	1	1	0	1	-96.0	0.11	0.07	NaN	NaN	0.262	0.156	NaN	NaN	7.86	5.46	NaN	NaN	0.0	"2.5"	"F0034"	1	0	"PR"	488.905	"drain-di-1"	79.234	0	1	0	0.0	0.0	0.0	null	490.696	0.09
-8.8	0.029975	29812.5	2962.5	-112.5	NaN	NaN	NaN	0	0	1	0	0	0	0	1	0	0	0	0	1	0	0	0	1	1	1	0	1	1	1	0	1	-106.0	0.111	0.047	NaN	NaN	0.264	0.104	NaN	NaN	7.92	3.64	NaN	NaN	0.0	"2.5"	"F0034"	1	0	"PR"	498.856	"drip-di-1"	7.743	0	1	0	0.0	0.0	0.0	null	500.647	0.091
12.5	0.029975	29625.0	2896.875	-28.125	NaN	NaN	NaN	1	0	0	0	0	1	1	0	0	0	0	0	1	1	0	0	0	1	1	1	0	1	1	1	0	150.0	0.105	0.055	NaN	NaN	0.25	0.122	NaN	NaN	7.5	4.27	NaN	NaN	0.0	"2.5"	"F0034"	1	1	"PR"	508.86	"reverse-f"	2.572	0	1	0	0.0	0.0	0.0	null	510.651	0.09
12.6	0.03135	29812.5	2775.0	206.25	NaN	NaN	NaN	1	0	0	0	0	1	1	0	0	0	0	0	1	1	0	0	0	1	1	1	0	1	1	1	0	151.0	0.093	0.079	NaN	NaN	0.221	0.176	NaN	NaN	6.63	6.16	NaN	NaN	0.0	"2.5"	"F0034"	1	1	"PR"	518.894	"reverse-f"	12.606	0	1	0	0.0	0.0	0.0	null	520.685	0.09
12.5	0.03465	30000.0	2896.875	543.75	NaN	NaN	NaN	1	0	0	0	0	1	1	0	0	0	0	0	1	1	0	0	0	1	1	1	0	1	1	1	0	150.0	0.105	0.112	NaN	NaN	0.25	0.249	NaN	NaN	7.5	8.715	NaN	NaN	0.0	"2.5"	"F0034"	1	1	"PR"	528.932	"reverse-f"	22.644	0	1	0	0.0	0.0	0.0	null	530.723	0.087
12.6	0.037125	29812.5	2821.875	834.375	NaN	NaN	NaN	1	0	0	0	0	1	1	0	0	0	0	0	1	1	0	0	0	1	1	1	0	1	1	1	0	151.0	0.097	0.141	NaN	NaN	0.231	0.313	NaN	NaN	6.93	10.955	NaN	NaN	0.0	"2.5"	"F0034"	1	1	"PR"	538.971	"reverse-f"	32.683	0	1	0	0.0	0.0	0.0	null	540.762	0.09
12.3	0.040425	27562.5	2850.0	1106.25	NaN	NaN	NaN	1	0	0	0	0	1	1	0	0	0	0	0	1	1	0	0	0	1	1	1	0	1	1	1	0	148.0	0.1	0.169	NaN	NaN	0.238	0.376	NaN	NaN	7.14	13.16	NaN	NaN	0.0	"2.5"	"F0034"	1	1	"PR"	549.003	"reverse-f"	42.715	0	1	0	0.0	0.0	0.0	null	550.794	0.087
12.7	0.042625	27000.0	2831.25	1425.0	NaN	NaN	NaN	1	0	0	0	0	1	1	0	0	0	0	0	1	1	0	0	0	1	1	1	0	1	1	1	0	152.0	0.098	0.2	NaN	NaN	0.233	0.444	NaN	NaN	6.99	15.54	NaN	NaN	0.0	"2.5"	"F0034"	1	1	"PR"	559.04	"reverse-f"	52.752	0	1	0	0.0	0.0	0.0	null	560.831	0.09
12.5	0.04455	30000.0	2821.875	1696.875	NaN	NaN	NaN	1	0	0	0	0	1	1	0	0	0	0	0	1	1	0	0	0	1	1	1	0	1	1	1	0	150.0	0.097	0.228	NaN	NaN	0.231	0.507	NaN	NaN	6.93	17.745	NaN	NaN	0.0	"2.5"	"F0034"	1	1	"PR"	568.872	"reverse-f"	62.584	0	1	0	0.0	0.0	0.0	null	570.663	0.086
12.0	0.047575	26437.5	2775.0	2006.25	NaN	NaN	NaN	1	0	0	0	0	1	1	0	0	0	0	0	1	1	0	0	0	1	1	1	0	1	1	1	0	144.0	0.093	0.259	NaN	NaN	0.221	0.576	NaN	NaN	6.63	20.16	NaN	NaN	0.0	"2.5"	"F0034"	1	1	"PR"	578.906	"reverse-f"	72.618	0	1	0	0.0	0.0	0.0	null	580.697	0.086
12.6	0.049775	29250.0	2821.875	2240.625	NaN	NaN	NaN	0	0	0	0	0	1	1	0	0	0	0	0	1	0	0	0	0	1	1	1	0	1	1	1	0	151.0	0.097	0.282	NaN	NaN	0.231	0.627	NaN	NaN	6.93	21.945	NaN	NaN	0.0	"2.5"	"F0034"	1	1	"PR"	589.054	"reverse"	82.766	0	1	0	0.0	0.0	0.0	null	590.845	0.087
12.6	0.05115	29437.5	2803.125	2240.625	NaN	NaN	NaN	0	0	0	0	0	1	1	0	0	0	0	0	1	0	0	0	0	1	1	1	0	1	1	1	0	151.0	0.095	0.282	NaN	NaN	0.226	0.627	NaN	NaN	6.78	21.945	NaN	NaN	0.0	"2.5"	"F0034"	1	1	"PR"	599.089	"reverse"	92.801	0	1	0	0.0	0.0	0.0	null	600.88	0.09
12.5	0.05225	29625.0	2784.375	2240.625	NaN	NaN	NaN	0	0	0	0	0	1	1	0	0	0	0	0	1	0	0	0	0	1	1	1	0	1	1	1	0	150.0	0.093	0.282	NaN	NaN	0.221	0.627	NaN	NaN	6.63	21.945	NaN	NaN	0.0	"2.5"	"F0034"	1	1	"PR"	608.934	"reverse"	102.646	0	1	0	0.0	0.0	0.0	null	610.725	0.088
12.6	0.05335	29437.5	2831.25	2250.0	NaN	NaN	NaN	0	0	0	0	0	1	1	0	0	0	0	0	1	0	0	0	0	1	1	1	0	1	1	1	0	151.0	0.098	0.283	NaN	NaN	0.233	0.629	NaN	NaN	6.99	22.015	NaN	NaN	0.0	"2.5"	"F0034"	1	1	"PR"	618.974	"reverse"	112.686	0	1	0	0.0	0.0	0.0	null	620.765	0.086
12.4	0.05445	27562.5	2803.125	2240.625	NaN	NaN	NaN	0	0	0	0	0	1	1	0	0	0	0	0	1	0	0	0	0	1	1	1	0	1	1	1	0	149.0	0.095	0.282	NaN	NaN	0.226	0.627	NaN	NaN	6.78	21.945	NaN	NaN	0.0	"2.5"	"F0034"	1	1	"PR"	629.009	"reverse"	122.721	0	1	0	0.0	0.0	0.0	null	630.8	0.086
11.9	0.055275	26062.5	2831.25	2231.25	NaN	NaN	NaN	0	0	0	0	0	1	1	0	0	0	0	0	1	0	0	0	0	1	1	1	0	1	1	1	0	143.0	0.098	0.281	NaN	NaN	0.233	0.624	NaN	NaN	6.99	21.84	NaN	NaN	0.0	"2.5"	"F0034"	1	1	"PR"	639.049	"reverse"	132.761	0	1	0	0.0	0.0	0.0	null	640.84	0.087
12.3	0.055825	27000.0	2821.875	2240.625	NaN	NaN	NaN	0	0	0	0	0	1	1	0	0	0	0	0	1	0	0	0	0	1	1	1	0	1	1	1	0	148.0	0.097	0.282	NaN	NaN	0.231	0.627	NaN	NaN	6.93	21.945	NaN	NaN	0.0	"2.5"	"F0034"	1	1	"PR"	649.083	"reverse"	142.795	0	1	0	0.0	0.0	0.0	null	650.874	0.083
4.8	0.05665	1312.5	2981.25	2250.0	NaN	NaN	NaN	0	0	0	0	0	0	0	0	0	0	0	0	0	0	0	0	0	0	0	0	1	0	0	0	1	58.0	0.113	0.283	NaN	NaN	0.269	0.629	NaN	NaN	8.07	22.015	NaN	NaN	0.0	"2.5"	"F0034"	0	0	"PR"	659.009	"diffuse"	2.698	0	1	1	0.0	0.0	0.0	null	660.8	0.084
4.8	0.056925	375.0	2990.625	2278.125	NaN	NaN	NaN	0	0	0	0	0	0	0	0	0	0	0	0	0	0	0	0	0	0	0	0	1	0	0	0	1	58.0	0.114	0.286	NaN	NaN	0.271	0.636	NaN	NaN	8.13	22.26	NaN	NaN	0.0	"2.5"	"F0034"	0	0	"PR"	669.05	"diffuse"	12.739	0	1	1	0.0	0.0	0.0	null	670.841	0.087
4.5	0.05665	0.0	2981.25	2250.0	NaN	NaN	NaN	0	0	0	0	0	0	0	0	0	0	0	0	0	0	0	0	0	0	0	0	1	0	0	0	1	54.0	0.113	0.283	NaN	NaN	0.269	0.629	NaN	NaN	8.07	22.015	NaN	NaN	0.0	"2.5"	"F0034"	0	0	"PR"	679.088	"diffuse"	22.777	0	1	1	0.0	0.0	0.0	null	680.879	0.086
14.3	0.0561	25312.5	2793.75	2259.375	NaN	NaN	NaN	0	0	0	0	0	1	1	0	0	0	0	0	1	0	0	0	0	1	1	1	0	1	1	1	0	172.0	0.094	0.284	NaN	NaN	0.224	0.631	NaN	NaN	6.72	22.085	NaN	NaN	0.0	"2.5"	"F0034"	1	1	"PR"	689.205	"wash-en"	2.694	0	1	1	0.0	0.0	0.0	null	690.996	0.09
12.6	0.057475	27562.5	2784.375	2240.625	NaN	NaN	NaN	0	0	0	0	0	1	1	0	0	0	0	0	1	0	0	0	0	1	1	1	0	1	1	1	0	151.0	0.093	0.282	NaN	NaN	0.221	0.627	NaN	NaN	6.63	21.945	NaN	NaN	0.0	"2.5"	"F0034"	1	1	"PR"	699.043	"wash-en"	12.532	0	1	1	0.0	0.0	0.0	null	700.834	0.086
3.9	0.05885	30000.0	2859.375	2259.375	NaN	NaN	NaN	0	0	0	0	0	1	1	0	0	0	0	0	1	0	0	0	0	0	0	0	1	0	0	0	1	47.0	0.101	0.284	NaN	NaN	0.24	0.631	NaN	NaN	7.2	22.085	NaN	NaN	0.0	"2.5"	"F0034"	0	0	"PR"	709.174	"wash-sc"	2.508	0	1	1	0.0	0.0	0.0	null	710.965	0.086
4.8	0.0594	187.5	2981.25	2240.625	NaN	NaN	NaN	0	0	0	0	0	0	0	0	0	0	0	0	0	0	0	0	0	0	0	0	1	0	0	0	1	58.0	0.113	0.282	NaN	NaN	0.269	0.627	NaN	NaN	8.07	21.945	NaN	NaN	0.0	"2.5"	"F0034"	0	0	"PR"	719.209	"diffuse"	2.408	0	1	2	0.0	0.0	0.0	null	721.0	0.087
4.0	0.059675	1500.0	2981.25	2250.0	NaN	NaN	NaN	0	0	0	0	0	0	0	0	0	0	0	0	0	0	0	0	0	0	0	0	1	0	0	0	1	48.0	0.113	0.283	NaN	NaN	0.269	0.629	NaN	NaN	8.07	22.015	NaN	NaN	0.0	"2.5"	"F0034"	0	0	"PR"	729.251	"diffuse"	12.45	0	1	2	0.0	0.0	0.0	null	731.042	0.084
3.9	0.0594	937.5	2981.25	2250.0	NaN	NaN	NaN	0	0	0	0	0	0	0	0	0	0	0	0	0	0	0	0	0	0	0	0	1	0	0	0	1	47.0	0.113	0.283	NaN	NaN	0.269	0.629	NaN	NaN	8.07	22.015	NaN	NaN	0.0	"2.5"	"F0034"	0	0	"PR"	739.084	"diffuse"	22.283	0	1	2	0.0	0.0	0.0	null	740.875	0.084
11.4	0.0583	24937.5	2737.5	2240.625	NaN	NaN	NaN	0	0	0	0	0	1	1	0	0	0	0	0	1	0	0	0	0	1	1	1	0	1	1	1	0	137.0	0.089	0.282	NaN	NaN	0.212	0.627	NaN	NaN	6.36	21.945	NaN	NaN	0.0	"2.5"	"F0034"	1	1	"PR"	749.209	"wash-en"	2.299	0	1	2	0.0	0.0	0.0	null	751.0	0.087
13.1	0.059125	26437.5	2812.5	2250.0	NaN	NaN	NaN	0	0	0	0	0	1	1	0	0	0	0	0	1	0	0	0	0	1	1	1	0	1	1	1	0	157.0	0.096	0.283	NaN	NaN	0.229	0.629	NaN	NaN	6.87	22.015	NaN	NaN	0.0	"2.5"	"F0034"	1	1	"PR"	759.251	"wash-en"	12.341	0	1	2	0.0	0.0	0.0	null	761.042	0.087
3.0	0.0594	29625.0	2812.5	2212.5	NaN	NaN	NaN	0	0	0	0	0	1	1	0	0	0	0	0	1	0	0	0	0	0	0	0	1	0	0	0	1	36.0	0.096	0.279	NaN	NaN	0.229	0.62	NaN	NaN	6.87	21.7	NaN	NaN	0.0	"2.5"	"F0034"	0	0	"PR"	769.175	"wash-sc"	2.098	0	1	2	0.0	0.0	0.0	null	770.966	0.086
2.7	0.060225	-187.5	2981.25	2268.75	NaN	NaN	NaN	0	0	0	0	0	0	0	0	0	0	0	0	0	0	0	0	0	0	0	0	1	0	0	0	1	32.0	0.113	0.285	NaN	NaN	0.269	0.633	NaN	NaN	8.07	22.155	NaN	NaN	0.0	"2.5"	"F0034"	0	0	"PR"	779.211	"diffuse"	2.008	0	1	3	0.0	0.0	0.0	null	781.002	0.086
3.5	0.05995	750.0	2962.5	2240.625	NaN	NaN	NaN	0	0	0	0	0	0	0	0	0	0	0	0	0	0	0	0	0	0	0	0	1	0	0	0	1	42.0	0.111	0.282	NaN	NaN	0.264	0.627	NaN	NaN	7.92	21.945	NaN	NaN	0.0	"2.5"	"F0034"	0	0	"PR"	789.248	"diffuse"	12.045	0	1	3	0.0	0.0	0.0	null	791.039	0.087
3.7	0.05995	562.5	2990.625	2278.125	NaN	NaN	NaN	0	0	0	0	0	0	0	0	0	0	0	0	0	0	0	0	0	0	0	0	1	0	0	0	1	44.0	0.114	0.286	NaN	NaN	0.271	0.636	NaN	NaN	8.13	22.26	NaN	NaN	0.0	"2.5"	"F0034"	0	0	"PR"	799.283	"diffuse"	22.08	0	1	3	0.0	0.0	0.0	null	801.074	0.084
12.1	0.059125	26062.5	2784.375	2240.625	NaN	NaN	NaN	0	0	0	0	0	1	1	0	0	0	0	0	1	0	0	0	0	1	1	1	0	1	1	1	0	145.0	0.093	0.282	NaN	NaN	0.221	0.627	NaN	NaN	6.63	21.945	NaN	NaN	0.0	"2.5"	"F0034"	1	1	"PR"	809.203	"wash-en"	1.893	0	1	3	0.0	0.0	0.0	null	810.994	0.086
12.4	0.05995	29812.5	2793.75	2240.625	NaN	NaN	NaN	0	0	0	0	0	1	1	0	0	0	0	0	1	0	0	0	0	1	1	1	0	1	1	1	0	149.0	0.094	0.282	NaN	NaN	0.224	0.627	NaN	NaN	6.72	21.945	NaN	NaN	0.0	"2.5"	"F0034"	1	1	"PR"	819.241	"wash-en"	11.931	0	1	3	0.0	0.0	0.0	null	821.032	0.088
2.5	0.060775	27750.0	2821.875	2250.0	NaN	NaN	NaN	0	0	0	0	0	1	1	0	0	0	0	0	1	0	0	0	0	0	0	0	1	0	0	0	1	30.0	0.097	0.283	NaN	NaN	0.231	0.629	NaN	NaN	6.93	22.015	NaN	NaN	0.0	"2.5"	"F0034"	0	0	"PR"	829.167	"wash-sc"	1.698	0	1	3	0.0	0.0	0.0	null	830.958	0.09
3.2	0.0594	-187.5	2981.25	2268.75	NaN	NaN	NaN	0	0	0	0	0	0	0	0	0	0	0	0	0	0	0	0	0	0	0	0	1	0	0	0	1	38.0	0.113	0.285	NaN	NaN	0.269	0.633	NaN	NaN	8.07	22.155	NaN	NaN	0.0	"2.5"	"F0034"	0	0	"PR"	839.201	"diffuse"	1.605	0	1	4	0.0	0.0	0.0	null	840.992	0.083
3.3	0.05995	1500.0	2981.25	2250.0	NaN	NaN	NaN	0	0	0	0	0	0	0	0	0	0	0	0	0	0	0	0	0	0	0	0	1	0	0	0	1	40.0	0.113	0.283	NaN	NaN	0.269	0.629	NaN	NaN	8.07	22.015	NaN	NaN	0.0	"2.5"	"F0034"	0	0	"PR"	849.243	"diffuse"	11.647	0	1	4	0.0	0.0	0.0	null	851.034	0.088
3.3	0.059675	2625.0	2981.25	2250.0	NaN	NaN	NaN	0	0	0	0	0	0	0	0	0	0	0	0	0	0	0	0	0	0	0	0	1	0	0	0	1	40.0	0.113	0.283	NaN	NaN	0.269	0.629	NaN	NaN	8.07	22.015	NaN	NaN	0.0	"2.5"	"F0034"	0	0	"PR"	859.278	"diffuse"	21.682	0	1	4	0.0	0.0	0.0	null	861.069	0.083
13.2	0.059675	24562.5	2756.25	2240.625	NaN	NaN	NaN	0	0	0	0	0	1	1	0	0	0	0	0	1	0	0	0	0	1	1	1	0	1	1	1	0	158.0	0.091	0.282	NaN	NaN	0.217	0.627	NaN	NaN	6.51	21.945	NaN	NaN	0.0	"2.5"	"F0034"	1	1	"PR"	869.205	"wash-en"	1.497	0	1	4	0.0	0.0	0.0	null	870.996	0.09
12.6	0.05995	27375.0	2784.375	2240.625	NaN	NaN	NaN	0	0	0	0	0	1	1	0	0	0	0	0	1	0	0	0	0	1	1	1	0	1	1	1	0	151.0	0.093	0.282	NaN	NaN	0.221	0.627	NaN	NaN	6.63	21.945	NaN	NaN	0.0	"2.5"	"F0034"	1	1	"PR"	879.242	"wash-en"	11.534	0	1	4	0.0	0.0	0.0	null	881.033	0.092
1.8	0.05995	26437.5	2793.75	2250.0	NaN	NaN	NaN	0	0	0	0	0	1	1	0	0	0	0	0	1	0	0	0	0	0	0	0	1	0	0	0	1	22.0	0.094	0.283	NaN	NaN	0.224	0.629	NaN	NaN	6.72	22.015	NaN	NaN	0.0	"2.5"	"F0034"	0	0	"PR"	889.37	"wash-sc"	1.497	0	1	4	0.0	0.0	0.0	null	891.161	0.084
2.6	0.060225	-4687.5	2690.625	2259.375	NaN	NaN	NaN	0	0	0	0	1	0	0	0	0	0	0	0	0	0	0	0	0	0	0	0	1	0	0	0	1	31.0	0.084	0.284	NaN	NaN	0.2	0.631	NaN	NaN	6.0	22.085	NaN	NaN	0.0	"2.5"	"F0034"	0	0	"PR"	899.404	"drain-rg"	1.404	0	1	4	0.0	0.0	0.0	null	901.195	0.083
2.5	0.0605	-1312.5	2362.5	2240.625	NaN	NaN	NaN	0	0	0	0	1	0	0	0	0	0	0	0	0	0	0	0	0	0	0	0	1	0	0	0	1	30.0	0.051	0.282	NaN	NaN	0.121	0.627	NaN	NaN	3.63	21.945	NaN	NaN	0.0	"2.5"	"F0034"	0	0	"PR"	909.444	"drain-rg"	11.444	0	1	4	0.0	0.0	0.0	null	911.235	0.085
2.8	0.0605	-1125.0	1996.875	2278.125	NaN	NaN	NaN	0	0	0	0	1	0	0	0	0	0	0	0	0	0	0	0	0	0	0	0	1	0	0	0	1	34.0	0.015	0.286	NaN	NaN	0.036	0.636	NaN	NaN	1.08	22.26	NaN	NaN	0.0	"2.5"	"F0034"	0	0	"PR"	919.275	"drain-rg"	21.275	0	1	4	0.0	0.0	0.0	null	921.066	0.09
2.6	0.060225	-937.5	1593.75	2250.0	NaN	NaN	NaN	0	0	0	0	1	0	0	0	0	0	0	0	0	0	0	0	0	0	0	0	1	0	0	0	1	31.0	-0.026	0.283	NaN	NaN	-0.062	0.629	NaN	NaN	-1.86	22.015	NaN	NaN	0.0	"2.5"	"F0034"	0	0	"PR"	929.312	"drip-rg"	5.622	0	1	4	0.0	0.0	0.0	null	931.103	0.09
2.5	0.05995	-1500.0	28.125	2250.0	NaN	NaN	NaN	0	0	0	0	0	0	0	0	0	0	0	0	0	0	0	0	0	0	0	0	1	0	0	0	1	30.0	-0.182	0.283	NaN	NaN	-0.433	0.629	NaN	NaN	-12.99	22.015	NaN	NaN	0.0	"2.5"	"F0034"	0	0	"ID"	0.424	"as"	0.424	1	0	0	940.738	0.0	0.0	null	941.162	0.424
2.4	0.0594	25875.0	1931.25	2034.375	NaN	NaN	NaN	0	0	1	0	0	1	0	0	0	0	0	0	1	0	0	0	0	0	0	0	1	0	0	0	1	29.0	0.008	0.261	NaN	NaN	0.019	0.58	NaN	NaN	0.57	20.3	NaN	NaN	0.0	"2.5"	"F0034"	0	0	"FR"	9.859	"fill-rg-di"	9.659	1	1	0	940.738	0.0	0.0	null	951.222	0.085
2.6	0.05775	27000.0	2296.875	1781.25	NaN	NaN	NaN	0	0	1	0	0	1	0	0	0	0	0	0	1	0	0	0	0	0	0	0	1	0	0	0	1	31.0	0.045	0.236	NaN	NaN	0.107	0.524	NaN	NaN	3.21	18.34	NaN	NaN	0.0	"2.5"	"F0034"	0	0	"FR"	19.894	"fill-rg-di"	19.694	1	1	0	940.738	0.0	0.0	null	961.257	0.084
3.0	0.055825	27562.5	2578.125	1528.125	NaN	NaN	NaN	0	0	1	0	0	1	0	0	0	0	0	0	1	0	0	0	0	0	0	0	1	0	0	0	1	36.0	0.073	0.211	NaN	NaN	0.174	0.469	NaN	NaN	5.22	16.415	NaN	NaN	0.0	"2.5"	"F0034"	0	0	"FR"	29.927	"fill-rg-di"	29.727	1	1	0	940.738	0.0	0.0	null	971.29	0.084
2.7	0.054175	29625.0	2887.5	1265.625	NaN	NaN	NaN	0	0	1	0	0	1	0	0	0	0	0	0	1	0	0	0	0	0	0	0	1	0	0	0	1	32.0	0.104	0.185	NaN	NaN	0.248	0.411	NaN	NaN	7.44	14.385	NaN	NaN	0.0	"2.5"	"F0034"	0	0	"FR"	39.769	"fill-rg-di"	39.569	1	1	0	940.738	0.0	0.0	null	981.132	0.093
2.5	0.052525	28875.0	3178.125	1021.875	NaN	NaN	NaN	0	0	1	0	0	1	0	0	0	0	0	0	1	0	0	0	0	0	0	0	1	0	0	0	1	30.0	0.133	0.16	NaN	NaN	0.317	0.356	NaN	NaN	9.51	12.46	NaN	NaN	0.0	"2.5"	"F0034"	0	0	"FR"	49.808	"fill-rg-di"	49.608	1	1	0	940.738	0.0	0.0	null	991.171	0.09
2.4	0.0528	-2437.5	2746.875	956.25	NaN	NaN	NaN	0	0	0	0	1	0	0	0	0	0	0	0	0	0	0	0	0	0	0	0	1	0	0	0	1	29.0	0.09	0.154	NaN	NaN	0.214	0.342	NaN	NaN	6.42	11.97	NaN	NaN	0.0	"2.5"	"F0034"	0	0	"FR"	59.846	"drain-rg"	7.629	1	1	0	940.738	0.0	0.0	null	1001.209	0.09
2.1	0.051975	-4687.5	2409.375	937.5	NaN	NaN	NaN	0	0	0	0	1	0	0	0	0	0	0	0	0	0	0	0	0	0	0	0	1	0	0	0	1	25.0	0.056	0.152	NaN	NaN	0.133	0.338	NaN	NaN	3.99	11.83	NaN	NaN	0.0	"2.5"	"F0034"	0	0	"FR"	69.884	"drain-rg"	17.667	1	1	0	940.738	0.0	0.0	null	1011.247	0.091
2.5	0.052525	-5625.0	2025.0	956.25	NaN	NaN	NaN	0	0	0	0	1	0	0	0	0	0	0	0	0	0	0	0	0	0	0	0	1	0	0	0	1	30.0	0.018	0.154	NaN	NaN	0.043	0.342	NaN	NaN	1.29	11.97	NaN	NaN	0.0	"2.5"	"F0034"	0	0	"FR"	79.919	"drain-rg"	27.702	1	1	0	940.738	0.0	0.0	null	1021.282	0.091
1.8	0.051975	-6187.5	1650.0	956.25	NaN	NaN	NaN	0	0	0	0	1	0	0	0	0	0	0	0	0	0	0	0	0	0	0	0	1	0	0	0	1	22.0	-0.02	0.154	NaN	NaN	-0.048	0.342	NaN	NaN	-1.44	11.97	NaN	NaN	0.0	"2.5"	"F0034"	0	0	"FR"	89.953	"drip-rg"	4.014	1	1	0	940.738	0.0	0.0	null	1031.316	0.091
3.9	0.051975	-6375.0	0.0	956.25	NaN	NaN	NaN	0	0	0	0	1	0	0	0	0	0	0	0	0	0	0	0	0	0	0	0	1	0	0	0	1	47.0	-0.185	0.154	NaN	NaN	-0.44	0.342	NaN	NaN	-13.2	11.97	NaN	NaN	0.0	"2.5"	"F0034"	0	0	"FR"	99.99	"drip-rg"	14.051	1	1	0	940.738	0.0	0.0	null	1041.353	0.089
2.2	0.051975	26250.0	1809.375	768.75	NaN	NaN	NaN	0	0	1	0	0	1	0	0	0	0	0	0	1	0	0	0	0	0	0	0	1	0	0	0	1	26.0	-0.004	0.135	NaN	NaN	-0.01	0.3	NaN	NaN	-0.3	10.5	NaN	NaN	0.0	"2.5"	"F0034"	0	0	"PR"	8.051	"fill-rg-di"	7.851	1	0	0	940.738	0.0	1042.559	null	1051.239	0.092
2.6	0.05115	26437.5	2203.125	515.625	NaN	NaN	NaN	0	0	1	0	0	1	0	0	0	0	0	0	1	0	0	0	0	0	0	0	1	0	0	0	1	31.0	0.035	0.11	NaN	NaN	0.083	0.244	NaN	NaN	2.49	8.54	NaN	NaN	0.0	"2.5"	"F0034"	0	0	"PR"	18.087	"fill-rg-di"	17.887	1	0	0	940.738	0.0	1042.559	null	1061.275	0.09
2.8	0.05005	27562.5	2540.625	253.125	NaN	NaN	NaN	0	0	1	0	0	1	0	0	0	0	0	0	1	0	0	0	0	0	0	0	1	0	0	0	1	34.0	0.069	0.083	NaN	NaN	0.164	0.184	NaN	NaN	4.92	6.44	NaN	NaN	0.0	"2.5"	"F0034"	0	0	"PR"	28.124	"fill-rg-di"	27.924	1	0	0	940.738	0.0	1042.559	null	1071.312	0.092
2.5	0.0484	2250.0	2784.375	112.5	NaN	NaN	NaN	1	0	0	0	0	0	0	0	0	0	0	0	0	1	0	0	0	0	0	0	1	0	0	0	1	30.0	0.093	0.069	NaN	NaN	0.221	0.153	NaN	NaN	6.63	5.355	NaN	NaN	0.0	"2.5"	"F0034"	0	0	"PR"	38.162	"fill-di-lb"	2.206	1	0	0	940.738	0.0	1042.559	null	1081.35	0.093
2.4	0.048675	2812.5	2746.875	431.25	NaN	NaN	NaN	1	0	0	0	0	0	0	0	0	0	0	0	0	1	0	0	0	0	0	0	1	0	0	0	1	29.0	0.09	0.101	NaN	NaN	0.214	0.224	NaN	NaN	6.42	7.84	NaN	NaN	0.0	"2.5"	"F0034"	0	0	"PR"	48.202	"fill-di-lb"	12.246	1	0	0	940.738	0.0	1042.559	null	1091.39	0.086
2.5	0.0484	3000.0	2746.875	721.875	NaN	NaN	NaN	1	0	0	0	0	0	0	0	0	0	0	0	0	1	0	0	0	0	0	0	1	0	0	0	1	30.0	0.09	0.13	NaN	NaN	0.214	0.289	NaN	NaN	6.42	10.115	NaN	NaN	0.0	"2.5"	"F0034"	0	0	"PR"	58.241	"fill-di-lb"	22.285	1	0	0	940.738	0.0	1042.559	null	1101.429	0.092
2.2	0.048675	1312.5	2765.625	1012.5	NaN	NaN	NaN	1	0	0	0	0	0	0	0	0	0	0	0	0	1	0	0	0	0	0	0	1	0	0	0	1	26.0	0.092	0.159	NaN	NaN	0.219	0.353	NaN	NaN	6.57	12.355	NaN	NaN	0.0	"2.5"	"F0034"	0	0	"PR"	68.072	"fill-di-lb"	32.116	1	0	0	940.738	0.0	1042.559	null	1111.26	0.086
2.5	0.0484	2625.0	2746.875	1321.875	NaN	NaN	NaN	1	0	0	0	0	0	0	0	0	0	0	0	0	1	0	0	0	0	0	0	1	0	0	0	1	30.0	0.09	0.19	NaN	NaN	0.214	0.422	NaN	NaN	6.42	14.77	NaN	NaN	0.0	"2.5"	"F0034"	0	0	"PR"	78.106	"fill-di-lb"	42.15	1	0	0	940.738	0.0	1042.559	null	1121.294	0.086
2.1	0.048675	1312.5	2746.875	1612.5	NaN	NaN	NaN	1	0	0	0	0	0	0	0	0	0	0	0	0	1	0	0	0	0	0	0	1	0	0	0	1	25.0	0.09	0.219	NaN	NaN	0.214	0.487	NaN	NaN	6.42	17.045	NaN	NaN	0.0	"2.5"	"F0034"	0	0	"PR"	88.156	"fill-di-lb"	52.2	1	0	0	940.738	0.0	1042.559	null	1131.344	0.091
2.3	0.048675	1312.5	2756.25	1903.125	NaN	NaN	NaN	1	0	0	0	0	0	0	0	0	0	0	0	0	1	0	0	0	0	0	0	1	0	0	0	1	28.0	0.091	0.248	NaN	NaN	0.217	0.551	NaN	NaN	6.51	19.285	NaN	NaN	0.0	"2.5"	"F0034"	0	0	"PR"	98.193	"fill-di-lb"	62.237	1	0	0	940.738	0.0	1042.559	null	1141.381	0.091
2.0	0.0484	1687.5	2756.25	2203.125	NaN	NaN	NaN	1	0	0	0	0	0	0	0	0	0	0	0	0	1	0	0	0	0	0	0	1	0	0	0	1	24.0	0.091	0.278	NaN	NaN	0.217	0.618	NaN	NaN	6.51	21.63	NaN	NaN	0.0	"2.5"	"F0034"	0	0	"PR"	108.232	"fill-di-lb"	72.276	1	0	0	940.738	0.0	1042.559	null	1151.42	0.092
2.0	0.048675	2812.5	2962.5	2146.875	NaN	NaN	NaN	1	0	0	0	0	0	0	0	0	0	0	0	0	1	0	0	0	0	0	0	1	0	0	0	1	24.0	0.111	0.273	NaN	NaN	0.264	0.607	NaN	NaN	7.92	21.245	NaN	NaN	0.0	"2.5"	"F0034"	0	0	"PR"	118.269	"fill-di"	1.605	1	0	0	940.738	0.0	1042.559	null	1161.457	0.09
10.8	0.047575	32625.0	2934.375	2634.375	NaN	NaN	NaN	0	1	1	0	0	0	0	0	0	0	0	0	1	0	0	0	0	1	1	1	0	1	1	1	0	130.0	0.108	0.321	NaN	NaN	0.257	0.713	NaN	NaN	7.71	24.955	NaN	NaN	0.0	"2.5"	"F0034"	1	1	"PR"	128.307	"deionize"	6.026	1	1	0	940.738	0.0	1042.559	null	1171.495	0.091
12.4	0.0462	30937.5	2943.75	2568.75	NaN	NaN	NaN	0	1	1	0	0	0	0	0	0	0	0	0	1	0	0	0	0	1	1	1	0	1	1	1	0	149.0	0.109	0.315	NaN	NaN	0.26	0.7	NaN	NaN	7.8	24.5	NaN	NaN	0.0	"2.5"	"F0034"	1	1	"PR"	138.148	"deionize"	15.867	1	1	0	940.738	0.0	1042.559	null	1181.336	0.086
12.4	0.04565	30000.0	2962.5	2475.0	NaN	NaN	NaN	0	1	1	0	0	0	0	0	0	0	0	0	1	0	0	0	0	1	1	1	0	1	1	1	0	149.0	0.111	0.305	NaN	NaN	0.264	0.678	NaN	NaN	7.92	23.73	NaN	NaN	0.0	"2.5"	"F0034"	1	1	"PR"	148.179	"deionize"	25.898	1	1	0	940.738	0.0	1042.559	null	1191.367	0.087
12.3	0.0451	29812.5	2962.5	2568.75	NaN	NaN	NaN	0	1	1	0	0	0	0	0	0	0	0	0	1	0	0	0	0	1	1	1	0	1	1	1	0	148.0	0.111	0.315	NaN	NaN	0.264	0.7	NaN	NaN	7.92	24.5	NaN	NaN	0.0	"2.5"	"F0034"	1	1	"PR"	158.214	"deionize"	35.933	1	1	0	940.738	0.0	1042.559	null	1201.402	0.087
12.5	0.043725	30937.5	2943.75	2512.5	NaN	NaN	NaN	0	1	1	0	0	0	0	0	0	0	0	0	1	0	0	0	0	1	1	1	0	1	1	1	0	150.0	0.109	0.309	NaN	NaN	0.26	0.687	NaN	NaN	7.8	24.045	NaN	NaN	0.0	"2.5"	"F0034"	1	1	"PR"	168.253	"deionize"	45.972	1	1	0	940.738	0.0	1042.559	null	1211.441	0.088
12.4	0.042625	31500.0	2953.125	2531.25	NaN	NaN	NaN	0	1	1	0	0	0	0	0	0	0	0	0	1	0	0	0	0	1	1	1	0	1	1	1	0	149.0	0.11	0.311	NaN	NaN	0.262	0.691	NaN	NaN	7.86	24.185	NaN	NaN	0.0	"2.5"	"F0034"	1	1	"PR"	178.29	"deionize"	56.009	1	1	0	940.738	0.0	1042.559	null	1221.478	0.084
12.6	0.041525	32062.5	2971.875	2550.0	NaN	NaN	NaN	0	1	1	0	0	0	0	0	0	0	0	0	1	0	0	0	0	1	1	1	0	1	1	1	0	151.0	0.112	0.313	NaN	NaN	0.267	0.696	NaN	NaN	8.01	24.36	NaN	NaN	0.0	"2.5"	"F0034"	1	1	"PR"	188.33	"deionize"	66.049	1	1	0	940.738	0.0	1042.559	null	1231.518	0.088
11.6	0.040975	30375.0	2953.125	2531.25	NaN	NaN	NaN	0	1	1	0	0	0	0	0	0	0	0	0	1	0	0	0	0	1	1	1	0	1	1	1	0	139.0	0.11	0.311	NaN	NaN	0.262	0.691	NaN	NaN	7.86	24.185	NaN	NaN	0.0	"2.5"	"F0034"	1	1	"PR"	198.37	"deionize"	76.089	1	1	0	940.738	0.0	1042.559	null	1241.558	0.091
11.9	0.04015	32250.0	2962.5	2521.875	NaN	NaN	NaN	0	1	1	0	0	0	0	0	0	0	0	0	1	0	0	0	0	1	1	1	0	1	1	1	0	143.0	0.111	0.31	NaN	NaN	0.264	0.689	NaN	NaN	7.92	24.115	NaN	NaN	0.0	"2.5"	"F0034"	1	1	"PR"	208.406	"deionize"	86.125	1	1	0	940.738	0.0	1042.559	null	1251.594	0.091
12.4	0.039325	33000.0	2962.5	2493.75	NaN	NaN	NaN	0	1	1	0	0	0	0	0	0	0	0	0	1	0	0	0	0	1	1	1	0	1	1	1	0	149.0	0.111	0.307	NaN	NaN	0.264	0.682	NaN	NaN	7.92	23.87	NaN	NaN	0.0	"2.5"	"F0034"	1	1	"PR"	218.247	"deionize"	95.966	1	1	0	940.738	0.0	1042.559	null	1261.435	0.086
12.0	0.03905	32812.5	2971.875	2540.625	NaN	NaN	NaN	0	1	1	0	0	0	0	0	0	0	0	0	1	0	0	0	0	1	1	1	0	1	1	1	0	144.0	0.112	0.312	NaN	NaN	0.267	0.693	NaN	NaN	8.01	24.255	NaN	NaN	0.0	"2.5"	"F0034"	1	1	"PR"	228.284	"deionize"	106.003	1	1	0	940.738	0.0	1042.559	null	1271.472	0.084
13.2	0.0396	30000.0	2953.125	2475.0	NaN	NaN	NaN	0	1	1	0	0	0	0	0	0	0	0	0	1	0	0	0	0	1	1	1	0	1	1	1	0	158.0	0.11	0.305	NaN	NaN	0.262	0.678	NaN	NaN	7.86	23.73	NaN	NaN	0.0	"2.5"	"F0034"	1	1	"PR"	238.318	"deionize"	116.037	1	1	0	940.738	0.0	1042.559	null	1281.506	0.084
12.4	0.0385	30000.0	2962.5	2493.75	NaN	NaN	NaN	0	1	1	0	0	0	0	0	0	0	0	0	1	0	0	0	0	1	1	1	0	1	1	1	0	149.0	0.111	0.307	NaN	NaN	0.264	0.682	NaN	NaN	7.92	23.87	NaN	NaN	0.0	"2.5"	"F0034"	1	1	"PR"	248.358	"deionize"	126.077	1	1	0	940.738	0.0	1042.559	null	1291.546	0.087
12.6	0.03795	32437.5	2962.5	2521.875	NaN	NaN	NaN	0	1	1	0	0	0	0	0	0	0	0	0	1	0	0	0	0	1	1	1	0	1	1	1	0	151.0	0.111	0.31	NaN	NaN	0.264	0.689	NaN	NaN	7.92	24.115	NaN	NaN	0.0	"2.5"	"F0034"	1	1	"PR"	258.393	"deionize"	136.112	1	1	0	940.738	0.0	1042.559	null	1301.581	0.087
12.9	0.03795	32250.0	2962.5	2390.625	NaN	NaN	NaN	0	1	1	0	0	0	0	0	0	0	0	0	1	0	0	0	0	1	1	1	0	1	1	1	0	155.0	0.111	0.297	NaN	NaN	0.264	0.66	NaN	NaN	7.92	23.1	NaN	NaN	0.0	"2.5"	"F0034"	1	1	"PR"	268.428	"deionize"	146.147	1	1	0	940.738	0.0	1042.559	null	1311.616	0.088
12.3	0.0374	32062.5	2953.125	2456.25	NaN	NaN	NaN	0	1	1	0	0	0	0	0	0	0	0	0	1	0	0	0	0	1	1	1	0	1	1	1	0	148.0	0.11	0.304	NaN	NaN	0.262	0.676	NaN	NaN	7.86	23.66	NaN	NaN	0.0	"2.5"	"F0034"	1	1	"PR"	278.466	"deionize"	156.185	1	1	0	940.738	0.0	1042.559	null	1321.654	0.087
13.8	0.037125	30750.0	2953.125	2390.625	NaN	NaN	NaN	0	1	1	0	0	0	0	0	0	0	0	0	1	0	0	0	0	1	1	1	0	1	1	1	0	166.0	0.11	0.297	NaN	NaN	0.262	0.66	NaN	NaN	7.86	23.1	NaN	NaN	0.0	"2.5"	"F0034"	1	1	"PR"	288.504	"deionize"	166.223	1	1	0	940.738	0.0	1042.559	null	1331.692	0.087
12.4	0.03685	31500.0	2953.125	2475.0	NaN	NaN	NaN	0	1	1	0	0	0	0	0	0	0	0	0	1	0	0	0	0	1	1	1	0	1	1	1	0	149.0	0.11	0.305	NaN	NaN	0.262	0.678	NaN	NaN	7.86	23.73	NaN	NaN	0.0	"2.5"	"F0034"	1	1	"PR"	298.346	"deionize"	176.065	1	1	0	940.738	0.0	1042.559	null	1341.534	0.088
14.5	0.0363	33187.5	2943.75	2418.75	NaN	NaN	NaN	0	1	1	0	0	0	0	0	0	0	0	0	1	0	0	0	0	1	1	1	0	1	1	1	0	174.0	0.109	0.3	NaN	NaN	0.26	0.667	NaN	NaN	7.8	23.345	NaN	NaN	0.0	"2.5"	"F0034"	1	1	"PR"	308.384	"deionize"	186.103	1	1	0	940.738	0.0	1042.559	null	1351.572	0.087
13.2	0.036025	30000.0	2953.125	2409.375	NaN	NaN	NaN	0	1	1	0	0	0	0	0	0	0	0	0	1	0	0	0	0	1	1	1	0	1	1	1	0	158.0	0.11	0.299	NaN	NaN	0.262	0.664	NaN	NaN	7.86	23.24	NaN	NaN	0.0	"2.5"	"F0034"	1	1	"PR"	318.419	"deionize"	196.138	1	1	0	940.738	0.0	1042.559	null	1361.607	0.086
12.8	0.036025	31500.0	2971.875	2400.0	NaN	NaN	NaN	0	1	1	0	0	0	0	0	0	0	0	0	1	0	0	0	0	1	1	1	0	1	1	1	0	154.0	0.112	0.298	NaN	NaN	0.267	0.662	NaN	NaN	8.01	23.17	NaN	NaN	0.0	"2.5"	"F0034"	1	1	"PR"	328.46	"deionize"	206.179	1	1	0	940.738	0.0	1042.559	null	1371.648	0.084
11.6	0.034925	31125.0	2962.5	2428.125	NaN	NaN	NaN	0	1	1	0	0	0	0	0	0	0	0	0	1	0	0	0	0	1	1	1	0	1	1	1	0	139.0	0.111	0.301	NaN	NaN	0.264	0.669	NaN	NaN	7.92	23.415	NaN	NaN	0.0	"2.5"	"F0034"	1	1	"PR"	338.498	"deionize"	216.217	1	1	0	940.738	0.0	1042.559	null	1381.686	0.086
12.9	0.0352	30000.0	2943.75	2437.5	NaN	NaN	NaN	0	1	1	0	0	0	0	0	0	0	0	0	1	0	0	0	0	1	1	1	0	1	1	1	0	155.0	0.109	0.302	NaN	NaN	0.26	0.671	NaN	NaN	7.8	23.485	NaN	NaN	0.0	"2.5"	"F0034"	1	1	"PR"	348.534	"deionize"	226.253	1	1	0	940.738	0.0	1042.559	null	1391.722	0.089
11.9	0.034925	29250.0	2934.375	2437.5	NaN	NaN	NaN	0	1	1	0	0	0	0	0	0	0	0	0	1	0	0	0	0	1	1	1	0	1	1	1	0	143.0	0.108	0.302	NaN	NaN	0.257	0.671	NaN	NaN	7.71	23.485	NaN	NaN	0.0	"2.5"	"F0034"	1	1	"PR"	358.572	"deionize"	236.291	1	1	0	940.738	0.0	1042.559	null	1401.76	0.086
14.1	0.0341	31687.5	2953.125	2465.625	NaN	NaN	NaN	0	1	1	0	0	0	0	0	0	0	0	0	1	0	0	0	1	1	1	1	0	1	1	1	0	169.0	0.11	0.305	NaN	NaN	0.262	0.678	NaN	NaN	7.86	23.73	NaN	NaN	0.0	"2.5"	"F0034"	1	1	"PR"	368.517	"deionize-uv"	6.132	1	1	0	940.738	0.0	1042.559	null	1411.705	0.083
12.2	0.033825	29250.0	2981.25	2437.5	NaN	NaN	NaN	0	1	1	0	0	0	0	0	0	0	0	0	1	0	0	0	1	1	1	1	0	1	1	1	0	146.0	0.113	0.302	NaN	NaN	0.269	0.671	NaN	NaN	8.07	23.485	NaN	NaN	0.0	"2.5"	"F0034"	1	1	"PR"	378.555	"deionize-uv"	16.17	1	1	0	940.738	0.0	1042.559	null	1421.743	0.084
12.7	0.03355	30750.0	2934.375	2465.625	NaN	NaN	NaN	0	1	1	0	0	0	0	0	0	0	0	0	1	0	0	0	1	1	1	1	0	1	1	1	0	152.0	0.108	0.305	NaN	NaN	0.257	0.678	NaN	NaN	7.71	23.73	NaN	NaN	0.0	"2.5"	"F0034"	1	1	"PR"	388.591	"deionize-uv"	26.206	1	1	0	940.738	0.0	1042.559	null	1431.779	0.083
12.3	0.033	31125.0	2943.75	2446.875	NaN	NaN	NaN	0	1	1	0	0	0	0	0	0	0	0	0	1	0	0	0	1	1	1	1	0	1	1	1	0	148.0	0.109	0.303	NaN	NaN	0.26	0.673	NaN	NaN	7.8	23.555	NaN	NaN	0.0	"2.5"	"F0034"	1	1	"PR"	398.628	"deionize-uv"	36.243	1	1	0	940.738	0.0	1042.559	null	1441.816	0.087
12.6	0.03245	32437.5	2953.125	2409.375	NaN	NaN	NaN	0	1	1	0	0	0	0	0	0	0	0	0	1	0	0	0	1	1	1	1	0	1	1	1	0	151.0	0.11	0.299	NaN	NaN	0.262	0.664	NaN	NaN	7.86	23.24	NaN	NaN	0.0	"2.5"	"F0034"	1	1	"PR"	408.465	"deionize-uv"	46.08	1	1	0	940.738	0.0	1042.559	null	1451.653	0.09
12.9	0.03245	32062.5	2953.125	2353.125	NaN	NaN	NaN	0	1	1	0	0	0	0	0	0	0	0	0	1	0	0	0	1	1	1	1	0	1	1	1	0	155.0	0.11	0.293	NaN	NaN	0.262	0.651	NaN	NaN	7.86	22.785	NaN	NaN	0.0	"2.5"	"F0034"	1	1	"PR"	418.505	"deionize-uv"	56.12	1	1	0	940.738	0.0	1042.559	null	1461.693	0.083
12.6	0.03245	33000.0	2943.75	2390.625	NaN	NaN	NaN	0	1	1	0	0	0	0	0	0	0	0	0	1	0	0	0	1	1	1	1	0	1	1	1	0	151.0	0.109	0.297	NaN	NaN	0.26	0.66	NaN	NaN	7.8	23.1	NaN	NaN	0.0	"2.5"	"F0034"	1	1	"PR"	428.545	"deionize-uv"	66.16	1	1	0	940.738	0.0	1042.559	null	1471.733	0.086
12.6	0.032175	32437.5	2953.125	2465.625	NaN	NaN	NaN	0	1	1	0	0	0	0	0	0	0	0	0	1	0	0	0	1	1	1	1	0	1	1	1	0	151.0	0.11	0.305	NaN	NaN	0.262	0.678	NaN	NaN	7.86	23.73	NaN	NaN	0.0	"2.5"	"F0034"	1	1	"PR"	438.583	"deionize-uv"	76.198	1	1	0	940.738	0.0	1042.559	null	1481.771	0.083
12.8	0.031075	32062.5	2981.25	2475.0	NaN	NaN	NaN	0	1	1	0	0	0	0	0	0	0	0	0	1	0	0	0	1	1	1	1	0	1	1	1	0	154.0	0.113	0.305	NaN	NaN	0.269	0.678	NaN	NaN	8.07	23.73	NaN	NaN	0.0	"2.5"	"F0034"	1	1	"PR"	448.62	"deionize-uv"	86.235	1	1	0	940.738	0.0	1042.559	null	1491.808	0.084
12.6	0.031075	32437.5	2943.75	2409.375	NaN	NaN	NaN	0	1	1	0	0	0	0	0	0	0	0	0	1	0	0	0	1	1	1	1	0	1	1	1	0	151.0	0.109	0.299	NaN	NaN	0.26	0.664	NaN	NaN	7.8	23.24	NaN	NaN	0.0	"2.5"	"F0034"	1	1	"PR"	458.66	"deionize-uv"	96.275	1	1	0	940.738	0.0	1042.559	null	1501.848	0.084
12.9	0.031075	31500.0	2981.25	2484.375	NaN	NaN	NaN	0	1	1	0	0	0	0	0	0	0	0	0	1	0	0	0	1	1	1	1	0	1	1	1	0	155.0	0.113	0.306	NaN	NaN	0.269	0.68	NaN	NaN	8.07	23.8	NaN	NaN	0.0	"2.5"	"F0034"	1	1	"PR"	468.702	"deionize-uv"	106.317	1	1	0	940.738	0.0	1042.559	null	1511.89	0.083
12.4	0.03025	30937.5	2943.75	2409.375	NaN	NaN	NaN	0	1	1	0	0	0	0	0	0	0	0	0	1	0	0	0	1	1	1	1	0	1	1	1	0	149.0	0.109	0.299	NaN	NaN	0.26	0.664	NaN	NaN	7.8	23.24	NaN	NaN	0.0	"2.5"	"F0034"	1	1	"PR"	478.547	"deionize-uv"	116.162	1	1	0	940.738	0.0	1042.559	null	1521.735	0.092
12.9	0.03025	29812.5	2953.125	1978.125	NaN	NaN	NaN	0	0	1	0	0	0	0	1	0	0	0	0	1	0	0	0	1	1	1	1	0	1	1	1	0	155.0	0.11	0.256	NaN	NaN	0.262	0.569	NaN	NaN	7.86	19.915	NaN	NaN	0.0	"2.5"	"F0034"	1	1	"PR"	488.711	"drain-di-1"	6.15	1	1	0	940.738	0.0	1042.559	null	1531.899	0.085
11.8	0.0297	29812.5	2953.125	1706.25	NaN	NaN	NaN	0	0	1	0	0	0	0	1	0	0	0	0	1	0	0	0	1	1	1	1	0	1	1	1	0	142.0	0.11	0.229	NaN	NaN	0.262	0.509	NaN	NaN	7.86	17.815	NaN	NaN	0.0	"2.5"	"F0034"	1	1	"PR"	498.555	"drain-di-1"	15.994	1	1	0	940.738	0.0	1042.559	null	1541.743	0.092
11.2	0.02915	30750.0	2953.125	1443.75	NaN	NaN	NaN	0	0	1	0	0	0	0	1	0	0	0	0	1	0	0	0	1	1	1	1	0	1	1	1	0	134.0	0.11	0.202	NaN	NaN	0.262	0.449	NaN	NaN	7.86	15.715	NaN	NaN	0.0	"2.5"	"F0034"	1	1	"PR"	508.592	"drain-di-1"	26.031	1	1	0	940.738	0.0	1042.559	null	1551.78	0.09
11.8	0.028875	30750.0	2943.75	1218.75	NaN	NaN	NaN	0	0	1	0	0	0	0	1	0	0	0	0	1	0	0	0	1	1	1	1	0	1	1	1	0	142.0	0.109	0.18	NaN	NaN	0.26	0.4	NaN	NaN	7.8	14.0	NaN	NaN	0.0	"2.5"	"F0034"	1	1	"PR"	518.629	"drain-di-1"	36.068	1	1	0	940.738	0.0	1042.559	null	1561.817	0.091
11.2	0.02915	31500.0	2981.25	984.375	NaN	NaN	NaN	0	0	1	0	0	0	0	1	0	0	0	0	1	0	0	0	1	1	1	1	0	1	1	1	0	134.0	0.113	0.156	NaN	NaN	0.269	0.347	NaN	NaN	8.07	12.145	NaN	NaN	0.0	"2.5"	"F0034"	1	1	"PR"	528.667	"drain-di-1"	46.106	1	1	0	940.738	0.0	1042.559	null	1571.855	0.087
11.5	0.028875	30375.0	2953.125	740.625	NaN	NaN	NaN	0	0	1	0	0	0	0	1	0	0	0	0	1	0	0	0	1	1	1	1	0	1	1	1	0	138.0	0.11	0.132	NaN	NaN	0.262	0.293	NaN	NaN	7.86	10.255	NaN	NaN	0.0	"2.5"	"F0034"	1	1	"PR"	538.703	"drain-di-1"	56.142	1	1	0	940.738	0.0	1042.559	null	1581.891	0.091
11.2	0.0286	30000.0	2943.75	487.5	NaN	NaN	NaN	0	0	1	0	0	0	0	1	0	0	0	0	1	0	0	0	1	1	1	1	0	1	1	1	0	134.0	0.109	0.107	NaN	NaN	0.26	0.238	NaN	NaN	7.8	8.33	NaN	NaN	0.0	"2.5"	"F0034"	1	1	"PR"	548.739	"drain-di-1"	66.178	1	1	0	940.738	0.0	1042.559	null	1591.927	0.089
11.0	0.027775	29812.5	2962.5	225.0	NaN	NaN	NaN	0	0	1	0	0	0	0	1	0	0	0	0	1	0	0	0	1	1	1	1	0	1	1	1	0	132.0	0.111	0.081	NaN	NaN	0.264	0.18	NaN	NaN	7.92	6.3	NaN	NaN	0.0	"2.5"	"F0034"	1	1	"PR"	558.776	"drain-di-1"	76.215	1	1	0	940.738	0.0	1042.559	null	1601.964	0.084
10.0	0.02805	32625.0	2953.125	-9.375	NaN	NaN	NaN	0	0	1	0	0	0	0	1	0	0	0	0	1	0	0	0	1	1	1	1	0	1	1	1	0	120.0	0.11	0.057	NaN	NaN	0.262	0.127	NaN	NaN	7.86	4.445	NaN	NaN	0.0	"2.5"	"F0034"	1	1	"PR"	568.724	"drip-di-1"	3.525	1	1	0	940.738	0.0	1042.559	null	1611.912	0.092
10.9	0.02805	31125.0	2971.875	-18.75	NaN	NaN	NaN	0	0	1	0	0	0	0	1	0	0	0	0	1	0	0	0	1	1	1	1	0	1	1	1	0	131.0	0.112	0.056	NaN	NaN	0.267	0.124	NaN	NaN	8.01	4.34	NaN	NaN	0.0	"2.5"	"F0034"	1	1	"PR"	578.765	"drip-di-1"	13.566	1	1	0	940.738	0.0	1042.559	null	1621.953	0.09
-11.7	0.02915	28500.0	2803.125	84.375	NaN	NaN	NaN	1	0	0	0	0	1	1	0	0	0	0	0	1	1	0	0	0	1	1	0	1	1	1	0	1	-140.0	0.095	0.066	NaN	NaN	0.226	0.147	NaN	NaN	6.78	5.145	NaN	NaN	0.0	"2.5"	"F0034"	1	0	"PR"	588.76	"reverse-f"	8.39	1	1	0	940.738	0.0	1042.559	null	1631.948	0.09
-12.1	0.030525	26062.5	2831.25	393.75	NaN	NaN	NaN	1	0	0	0	0	1	1	0	0	0	0	0	1	1	0	0	0	1	1	0	1	1	1	0	1	-145.0	0.098	0.097	NaN	NaN	0.233	0.216	NaN	NaN	6.99	7.56	NaN	NaN	0.0	"2.5"	"F0034"	1	0	"PR"	598.797	"reverse-f"	18.427	1	1	0	940.738	0.0	1042.559	null	1641.985	0.087
-11.5	0.033825	25312.5	2793.75	675.0	NaN	NaN	NaN	1	0	0	0	0	1	1	0	0	0	0	0	1	1	0	0	0	1	1	0	1	1	1	0	1	-138.0	0.094	0.126	NaN	NaN	0.224	0.28	NaN	NaN	6.72	9.8	NaN	NaN	0.0	"2.5"	"F0034"	1	0	"PR"	608.835	"reverse-f"	28.465	1	1	0	940.738	0.0	1042.559	null	1652.023	0.092
-11.8	0.0363	28125.0	2803.125	984.375	NaN	NaN	NaN	1	0	0	0	0	1	1	0	0	0	0	0	1	1	0	0	0	1	1	0	1	1	1	0	1	-142.0	0.095	0.156	NaN	NaN	0.226	0.347	NaN	NaN	6.78	12.145	NaN	NaN	0.0	"2.5"	"F0034"	1	0	"PR"	618.869	"reverse-f"	38.499	1	1	0	940.738	0.0	1042.559	null	1662.057	0.09
-11.6	0.039325	29812.5	2784.375	1275.0	NaN	NaN	NaN	1	0	0	0	0	1	1	0	0	0	0	0	1	1	0	0	0	1	1	0	1	1	1	0	1	-139.0	0.093	0.185	NaN	NaN	0.221	0.411	NaN	NaN	6.63	14.385	NaN	NaN	0.0	"2.5"	"F0034"	1	0	"PR"	628.7	"reverse-f"	48.33	1	1	0	940.738	0.0	1042.559	null	1671.888	0.09
-11.6	0.041525	27187.5	2840.625	1575.0	NaN	NaN	NaN	1	0	0	0	0	1	1	0	0	0	0	0	1	1	0	0	0	1	1	0	1	1	1	0	1	-139.0	0.099	0.215	NaN	NaN	0.236	0.478	NaN	NaN	7.08	16.73	NaN	NaN	0.0	"2.5"	"F0034"	1	0	"PR"	638.738	"reverse-f"	58.368	1	1	0	940.738	0.0	1042.559	null	1681.926	0.092
-12.1	0.044	24562.5	2821.875	1884.375	NaN	NaN	NaN	1	0	0	0	0	1	1	0	0	0	0	0	1	1	0	0	0	1	1	0	1	1	1	0	1	-145.0	0.097	0.246	NaN	NaN	0.231	0.547	NaN	NaN	6.93	19.145	NaN	NaN	0.0	"2.5"	"F0034"	1	0	"PR"	648.774	"reverse-f"	68.404	1	1	0	940.738	0.0	1042.559	null	1691.962	0.09
-12.1	0.04565	29250.0	2812.5	2165.625	NaN	NaN	NaN	1	0	0	0	0	1	1	0	0	0	0	0	1	1	0	0	0	1	1	0	1	1	1	0	1	-145.0	0.096	0.275	NaN	NaN	0.229	0.611	NaN	NaN	6.87	21.385	NaN	NaN	0.0	"2.5"	"F0034"	1	0	"PR"	658.804	"reverse-f"	78.434	1	1	0	940.738	0.0	1042.559	null	1701.992	0.09
-12.0	0.046475	27187.5	2793.75	2259.375	NaN	NaN	NaN	0	0	0	0	0	1	1	0	0	0	0	0	1	0	0	0	0	1	1	0	1	1	1	0	1	-144.0	0.094	0.284	NaN	NaN	0.224	0.631	NaN	NaN	6.72	22.085	NaN	NaN	0.0	"2.5"	"F0034"	1	0	"PR"	668.75	"reverse"	88.38	1	1	0	940.738	0.0	1042.559	null	1711.938	0.088
-13.2	0.048675	29437.5	2812.5	2240.625	NaN	NaN	NaN	0	0	0	0	0	1	1	0	0	0	0	0	1	0	0	0	0	1	1	0	1	1	1	0	1	-158.0	0.096	0.282	NaN	NaN	0.229	0.627	NaN	NaN	6.87	21.945	NaN	NaN	0.0	"2.5"	"F0034"	1	0	"PR"	678.782	"reverse"	98.412	1	1	0	940.738	0.0	1042.559	null	1721.97	0.085
-11.8	0.049775	28500.0	2803.125	2268.75	NaN	NaN	NaN	0	0	0	0	0	1	1	0	0	0	0	0	1	0	0	0	0	1	1	0	1	1	1	0	1	-142.0	0.095	0.285	NaN	NaN	0.226	0.633	NaN	NaN	6.78	22.155	NaN	NaN	0.0	"2.5"	"F0034"	1	0	"PR"	688.821	"reverse"	108.451	1	1	0	940.738	0.0	1042.559	null	1732.009	0.091
-12.2	0.050325	30000.0	2821.875	2259.375	NaN	NaN	NaN	0	0	0	0	0	1	1	0	0	0	0	0	1	0	0	0	0	1	1	0	1	1	1	0	1	-146.0	0.097	0.284	NaN	NaN	0.231	0.631	NaN	NaN	6.93	22.085	NaN	NaN	0.0	"2.5"	"F0034"	1	0	"PR"	698.861	"reverse"	118.491	1	1	0	940.738	0.0	1042.559	null	1742.049	0.09
-11.7	0.050875	26062.5	2784.375	2268.75	NaN	NaN	NaN	0	0	0	0	0	1	1	0	0	0	0	0	1	0	0	0	0	1	1	0	1	1	1	0	1	-140.0	0.093	0.285	NaN	NaN	0.221	0.633	NaN	NaN	6.63	22.155	NaN	NaN	0.0	"2.5"	"F0034"	1	0	"PR"	708.895	"reverse"	128.525	1	1	0	940.738	0.0	1042.559	null	1752.083	0.09
-12.0	0.0517	27562.5	2803.125	2250.0	NaN	NaN	NaN	0	0	0	0	0	1	1	0	0	0	0	0	1	0	0	0	0	1	1	0	1	1	1	0	1	-144.0	0.095	0.283	NaN	NaN	0.226	0.629	NaN	NaN	6.78	22.015	NaN	NaN	0.0	"2.5"	"F0034"	1	0	"PR"	718.929	"reverse"	138.559	1	1	0	940.738	0.0	1042.559	null	1762.117	0.091
-12.5	0.052525	30000.0	2821.875	2250.0	NaN	NaN	NaN	0	0	0	0	0	1	1	0	0	0	0	0	1	0	0	0	0	1	1	0	1	1	1	0	1	-150.0	0.097	0.283	NaN	NaN	0.231	0.629	NaN	NaN	6.93	22.015	NaN	NaN	0.0	"2.5"	"F0034"	1	0	"PR"	728.965	"reverse"	148.595	1	1	0	940.738	0.0	1042.559	null	1772.153	0.09
-0.1	0.05225	1687.5	2971.875	2268.75	NaN	NaN	NaN	0	0	0	0	0	0	0	0	0	0	0	0	0	0	0	0	0	0	0	0	1	0	0	0	1	-1.0	0.112	0.285	NaN	NaN	0.267	0.633	NaN	NaN	8.01	22.155	NaN	NaN	0.0	"2.5"	"F0034"	0	0	"PR"	738.884	"diffuse"	8.314	1	1	1	940.738	0.0	1042.559	null	1782.072	0.086
-0.8	0.051975	2250.0	2962.5	2268.75	NaN	NaN	NaN	0	0	0	0	0	0	0	0	0	0	0	0	0	0	0	0	0	0	0	0	1	0	0	0	1	-10.0	0.111	0.285	NaN	NaN	0.264	0.633	NaN	NaN	7.92	22.155	NaN	NaN	0.0	"2.5"	"F0034"	0	0	"PR"	748.921	"diffuse"	18.351	1	1	1	940.738	0.0	1042.559	null	1792.109	0.086
-0.6	0.052525	1500.0	2971.875	2278.125	NaN	NaN	NaN	0	0	0	0	0	0	0	0	0	0	0	0	0	0	0	0	0	0	0	0	1	0	0	0	1	-7.0	0.112	0.286	NaN	NaN	0.267	0.636	NaN	NaN	8.01	22.26	NaN	NaN	0.0	"2.5"	"F0034"	0	0	"PR"	758.958	"diffuse"	28.388	1	1	1	940.738	0.0	1042.559	null	1802.146	0.091
-11.7	0.05225	27750.0	2793.75	2268.75	NaN	NaN	NaN	0	0	0	0	0	1	1	0	0	0	0	0	1	0	0	0	0	1	1	0	1	1	1	0	1	-140.0	0.094	0.285	NaN	NaN	0.224	0.633	NaN	NaN	6.72	22.155	NaN	NaN	0.0	"2.5"	"F0034"	1	0	"PR"	768.879	"wash-en"	8.116	1	1	1	940.738	0.0	1042.559	null	1812.067	0.086
-12.2	0.0528	27375.0	2821.875	2240.625	NaN	NaN	NaN	0	0	0	0	0	1	1	0	0	0	0	0	1	0	0	0	0	1	1	0	1	1	1	0	1	-146.0	0.097	0.282	NaN	NaN	0.231	0.627	NaN	NaN	6.93	21.945	NaN	NaN	0.0	"2.5"	"F0034"	1	0	"PR"	778.91	"wash-en"	18.147	1	1	1	940.738	0.0	1042.559	null	1822.098	0.084
-0.3	0.054175	28875.0	2803.125	2278.125	NaN	NaN	NaN	0	0	0	0	0	1	1	0	0	0	0	0	1	0	0	0	0	0	0	0	1	0	0	0	1	-4.0	0.095	0.286	NaN	NaN	0.226	0.636	NaN	NaN	6.78	22.26	NaN	NaN	0.0	"2.5"	"F0034"	0	0	"PR"	789.042	"wash-sc"	8.124	1	1	1	940.738	0.0	1042.559	null	1832.23	0.096
-0.7	0.05445	1125.0	2934.375	2278.125	NaN	NaN	NaN	0	0	0	0	0	0	0	0	0	0	0	0	0	0	0	0	0	0	0	0	1	0	0	0	1	-8.0	0.108	0.286	NaN	NaN	0.257	0.636	NaN	NaN	7.71	22.26	NaN	NaN	0.0	"2.5"	"F0034"	0	0	"PR"	798.873	"diffuse"	7.825	1	1	2	940.738	0.0	1042.559	null	1842.061	0.083
-0.6	0.054175	937.5	2962.5	2278.125	NaN	NaN	NaN	0	0	0	0	0	0	0	0	0	0	0	0	0	0	0	0	0	0	0	0	1	0	0	0	1	-7.0	0.111	0.286	NaN	NaN	0.264	0.636	NaN	NaN	7.92	22.26	NaN	NaN	0.0	"2.5"	"F0034"	0	0	"PR"	808.914	"diffuse"	17.866	1	1	2	940.738	0.0	1042.559	null	1852.102	0.086
-0.8	0.054175	-187.5	2981.25	2278.125	NaN	NaN	NaN	0	0	0	0	0	0	0	0	0	0	0	0	0	0	0	0	0	0	0	0	1	0	0	0	1	-10.0	0.113	0.286	NaN	NaN	0.269	0.636	NaN	NaN	8.07	22.26	NaN	NaN	0.0	"2.5"	"F0034"	0	0	"PR"	818.955	"diffuse"	27.907	1	1	2	940.738	0.0	1042.559	null	1862.143	0.088
-12.3	0.053075	25500.0	2775.0	2296.875	NaN	NaN	NaN	0	0	0	0	0	1	1	0	0	0	0	0	1	0	0	0	0	1	1	0	1	1	1	0	1	-148.0	0.093	0.288	NaN	NaN	0.221	0.64	NaN	NaN	6.63	22.4	NaN	NaN	0.0	"2.5"	"F0034"	1	0	"PR"	829.079	"wash-en"	7.916	1	1	2	940.738	0.0	1042.559	null	1872.267	0.091
-11.9	0.054175	27375.0	2840.625	2268.75	NaN	NaN	NaN	0	0	0	0	0	1	1	0	0	0	0	0	1	0	0	0	0	1	1	0	1	1	1	0	1	-143.0	0.099	0.285	NaN	NaN	0.236	0.633	NaN	NaN	7.08	22.155	NaN	NaN	0.0	"2.5"	"F0034"	1	0	"PR"	838.916	"wash-en"	17.753	1	1	2	940.738	0.0	1042.559	null	1882.104	0.084
0.2	0.054175	29625.0	2803.125	2278.125	NaN	NaN	NaN	0	0	0	0	0	1	1	0	0	0	0	0	1	0	0	0	0	0	0	0	1	0	0	0	1	2.0	0.095	0.286	NaN	NaN	0.226	0.636	NaN	NaN	6.78	22.26	NaN	NaN	0.0	"2.5"	"F0034"	0	0	"PR"	849.048	"wash-sc"	7.724	1	1	2	940.738	0.0	1042.559	null	1892.236	0.093
