cur	ec	mod-ps	rg-ps	di-ps	fw1-ps	fw2-ps	pf-ps	vlv-di-fill	vlv-di-in	vlv-di-out	vlv-rg-fill	vlv-rg-drain	vlv-rg-in	vlv-rg-out	vlv-fw1-in	vlv-fw1-out	vlv-fw2-in	vlv-po	vlv-mod-drain	pmp-sys	pmp-di	pmp-fw1	pmp-fw2	uv	en-anode1	en-cath1	pl-anode1	pl-cath1	en-anode2	en-cath2	pl-anode2	pl-cath2	pw	rg-he	di-he	fw1-he	fw2-he	rg-lev	di-lev	fw1-lev	fw2-lev	rg-vol	di-vol	fw1-vol	fw2-vol	pr-ec	ver	sn	mod-en	mod-pl	proc	proc-time	ph	ph-time	count	cyc	rnd	pr-last	rc-last	fr-last	halt-re	time	exec
1.5	0.049775	29625.0	2784.375	2409.375	NaN	NaN	NaN	0	0	0	0	0	1	1	0	0	0	0	0	1	0	0	0	0	0	0	0	1	0	0	0	1	18.0	0.093	0.299	NaN	NaN	0.221	0.664	NaN	NaN	6.63	23.24	NaN	NaN	0.0	"2.5"	"F0034"	0	0	"PR"	8.252	"prime"	7.429	0	0	0	0.0	0.0	0.0	null	10.033	0.09
0.6	0.05005	30187.5	2840.625	2400.0	NaN	NaN	NaN	0	0	0	0	0	1	1	0	0	0	0	0	1	0	0	0	0	0	0	0	1	0	0	0	1	7.0	0.099	0.298	NaN	NaN	0.236	0.662	NaN	NaN	7.08	23.17	NaN	NaN	0.0	"2.5"	"F0034"	0	0	"PR"	8.453	"prime"	7.63	0	0	0	0.0	0.0	0.0	null	10.234	0.089
1.3	0.05005	30000.0	2831.25	2390.625	NaN	NaN	NaN	0	0	0	0	0	1	1	0	0	0	0	0	1	0	0	0	0	0	0	0	1	0	0	0	1	16.0	0.098	0.297	NaN	NaN	0.233	0.66	NaN	NaN	6.99	23.1	NaN	NaN	0.0	"2.5"	"F0034"	0	0	"PR"	18.289	"prime"	17.466	0	0	0	0.0	0.0	0.0	null	20.07	0.089
1.9	0.05005	30000.0	2840.625	2400.0	NaN	NaN	NaN	0	0	0	0	0	1	1	0	0	0	0	0	1	0	0	0	0	0	0	0	1	0	0	0	1	23.0	0.099	0.298	NaN	NaN	0.236	0.662	NaN	NaN	7.08	23.17	NaN	NaN	0.0	"2.5"	"F0034"	0	0	"PR"	28.325	"prime"	27.502	0	0	0	0.0	0.0	0.0	null	30.106	0.089
-14.1	0.049225	34500.0	2971.875	2596.875	NaN	NaN	NaN	0	1	1	0	0	0	0	0	0	0	0	0	1	0	0	0	0	1	1	0	1	1	1	0	1	-169.0	0.112	0.318	NaN	NaN	0.267	0.707	NaN	NaN	8.01	24.745	NaN	NaN	0.0	"2.5"	"F0034"	1	0	"PR"	38.368	"deionize"	7.031	0	1	0	0.0	0.0	0.0	null	40.149	0.09
-12.9	0.04895	34875.0	2981.25	2718.75	NaN	NaN	NaN	0	1	1	0	0	0	0	0	0	0	0	0	1	0	0	0	0	1	1	0	1	1	1	0	1	-155.0	0.113	0.33	NaN	NaN	0.269	0.733	NaN	NaN	8.07	25.655	NaN	NaN	0.0	"2.5"	"F0034"	1	0	"PR"	48.397	"deionize"	17.06	0	1	0	0.0	0.0	0.0	null	50.178	0.087
-11.9	0.0473	33187.5	2971.875	2700.0	NaN	NaN	NaN	0	1	1	0	0	0	0	0	0	0	0	0	1	0	0	0	0	1	1	0	1	1	1	0	1	-143.0	0.112	0.328	NaN	NaN	0.267	0.729	NaN	NaN	8.01	25.515	NaN	NaN	0.0	"2.5"	"F0034"	1	0	"PR"	58.43	"deionize"	27.093	0	1	0	0.0	0.0	0.0	null	60.211	0.091
-11.8	0.0462	34875.0	2971.875	2625.0	NaN	NaN	NaN	0	1	1	0	0	0	0	0	0	0	0	0	1	0	0	0	0	1	1	0	1	1	1	0	1	-142.0	0.112	0.321	NaN	NaN	0.267	0.713	NaN	NaN	8.01	24.955	NaN	NaN	0.0	"2.5"	"F0034"	1	0	"PR"	68.467	"deionize"	37.13	0	1	0	0.0	0.0	0.0	null	70.248	0.09
-11.2	0.04565	35437.5	2971.875	2690.625	NaN	NaN	NaN	0	1	1	0	0	0	0	0	0	0	0	0	1	0	0	0	0	1	1	0	1	1	1	0	1	-134.0	0.112	0.327	NaN	NaN	0.267	0.727	NaN	NaN	8.01	25.445	NaN	NaN	0.0	"2.5"	"F0034"	1	0	"PR"	78.497	"deionize"	47.16	0	1	0	0.0	0.0	0.0	null	80.278	0.089
-12.6	0.0451	34312.5	2962.5	2671.875	NaN	NaN	NaN	0	1	1	0	0	0	0	0	0	0	0	0	1	0	0	0	0	1	1	0	1	1	1	0	1	-151.0	0.111	0.325	NaN	NaN	0.264	0.722	NaN	NaN	7.92	25.27	NaN	NaN	0.0	"2.5"	"F0034"	1	0	"PR"	88.527	"deionize"	57.19	0	1	0	0.0	0.0	0.0	null	90.308	0.09
-11.4	0.044275	34687.5	2981.25	2700.0	NaN	NaN	NaN	0	1	1	0	0	0	0	0	0	0	0	0	1	0	0	0	0	1	1	0	1	1	1	0	1	-137.0	0.113	0.328	NaN	NaN	0.269	0.729	NaN	NaN	8.07	25.515	NaN	NaN	0.0	"2.5"	"F0034"	1	0	"PR"	98.364	"deionize"	67.027	0	1	0	0.0	0.0	0.0	null	100.145	0.087
-12.0	0.043725	35625.0	2981.25	2625.0	NaN	NaN	NaN	0	1	1	0	0	0	0	0	0	0	0	0	1	0	0	0	0	1	1	0	1	1	1	0	1	-144.0	0.113	0.321	NaN	NaN	0.269	0.713	NaN	NaN	8.07	24.955	NaN	NaN	0.0	"2.5"	"F0034"	1	0	"PR"	108.398	"deionize"	77.061	0	1	0	0.0	0.0	0.0	null	110.179	0.086
-11.7	0.0418	33187.5	2971.875	2625.0	NaN	NaN	NaN	0	1	1	0	0	0	0	0	0	0	0	0	1	0	0	0	0	1	1	0	1	1	1	0	1	-140.0	0.112	0.321	NaN	NaN	0.267	0.713	NaN	NaN	8.01	24.955	NaN	NaN	0.0	"2.5"	"F0034"	1	0	"PR"	118.43	"deionize"	87.093	0	1	0	0.0	0.0	0.0	null	120.211	0.087
-12.4	0.040425	33750.0	2971.875	2671.875	NaN	NaN	NaN	0	1	1	0	0	0	0	0	0	0	0	0	1	0	0	0	0	1	1	0	1	1	1	0	1	-149.0	0.112	0.325	NaN	NaN	0.267	0.722	NaN	NaN	8.01	25.27	NaN	NaN	0.0	"2.5"	"F0034"	1	0	"PR"	128.469	"deionize"	97.132	0	1	0	0.0	0.0	0.0	null	130.25	0.087
-11.6	0.0396	36937.5	2981.25	2625.0	NaN	NaN	NaN	0	1	1	0	0	0	0	0	0	0	0	0	1	0	0	0	0	1	1	0	1	1	1	0	1	-139.0	0.113	0.321	NaN	NaN	0.269	0.713	NaN	NaN	8.07	24.955	NaN	NaN	0.0	"2.5"	"F0034"	1	0	"PR"	138.502	"deionize"	107.165	0	1	0	0.0	0.0	0.0	null	140.283	0.09
-10.8	0.0396	35437.5	2990.625	2615.625	NaN	NaN	NaN	0	1	1	0	0	0	0	0	0	0	0	0	1	0	0	0	0	1	1	0	1	1	1	0	1	-130.0	0.114	0.32	NaN	NaN	0.271	0.711	NaN	NaN	8.13	24.885	NaN	NaN	0.0	"2.5"	"F0034"	1	0	"PR"	148.541	"deionize"	117.204	0	1	0	0.0	0.0	0.0	null	150.322	0.091
-11.3	0.0385	34687.5	2981.25	2643.75	NaN	NaN	NaN	0	1	1	0	0	0	0	0	0	0	0	0	1	0	0	0	0	1	1	0	1	1	1	0	1	-136.0	0.113	0.322	NaN	NaN	0.269	0.716	NaN	NaN	8.07	25.06	NaN	NaN	0.0	"2.5"	"F0034"	1	0	"PR"	158.575	"deionize"	127.238	0	1	0	0.0	0.0	0.0	null	160.356	0.09
-11.3	0.03795	35250.0	2971.875	2550.0	NaN	NaN	NaN	0	1	1	0	0	0	0	0	0	0	0	0	1	0	0	0	0	1	1	0	1	1	1	0	1	-136.0	0.112	0.313	NaN	NaN	0.267	0.696	NaN	NaN	8.01	24.36	NaN	NaN	0.0	"2.5"	"F0034"	1	0	"PR"	168.604	"deionize"	137.267	0	1	0	0.0	0.0	0.0	null	170.385	0.09
-11.3	0.0374	35250.0	2981.25	2568.75	NaN	NaN	NaN	0	1	1	0	0	0	0	0	0	0	0	0	1	0	0	0	0	1	1	0	1	1	1	0	1	-136.0	0.113	0.315	NaN	NaN	0.269	0.7	NaN	NaN	8.07	24.5	NaN	NaN	0.0	"2.5"	"F0034"	1	0	"PR"	178.435	"deionize"	147.098	0	1	0	0.0	0.0	0.0	null	180.216	0.085
-11.2	0.03685	33375.0	2981.25	2559.375	NaN	NaN	NaN	0	1	1	0	0	0	0	0	0	0	0	0	1	0	0	0	0	1	1	0	1	1	1	0	1	-134.0	0.113	0.314	NaN	NaN	0.269	0.698	NaN	NaN	8.07	24.43	NaN	NaN	0.0	"2.5"	"F0034"	1	0	"PR"	188.469	"deionize"	157.132	0	1	0	0.0	0.0	0.0	null	190.25	0.086
-11.0	0.034925	36000.0	2981.25	2596.875	NaN	NaN	NaN	0	1	1	0	0	0	0	0	0	0	0	0	1	0	0	0	0	1	1	0	1	1	1	0	1	-132.0	0.113	0.318	NaN	NaN	0.269	0.707	NaN	NaN	8.07	24.745	NaN	NaN	0.0	"2.5"	"F0034"	1	0	"PR"	198.502	"deionize"	167.165	0	1	0	0.0	0.0	0.0	null	200.283	0.086
-10.6	0.036025	34687.5	2981.25	2578.125	NaN	NaN	NaN	0	1	1	0	0	0	0	0	0	0	0	0	1	0	0	0	0	1	1	0	1	1	1	0	1	-127.0	0.113	0.316	NaN	NaN	0.269	0.702	NaN	NaN	8.07	24.57	NaN	NaN	0.0	"2.5"	"F0034"	1	0	"PR"	208.539	"deionize"	177.202	0	1	0	0.0	0.0	0.0	null	210.32	0.088
-10.1	0.035475	33937.5	2981.25	2521.875	NaN	NaN	NaN	0	1	1	0	0	0	0	0	0	0	0	0	1	0	0	0	0	1	1	0	1	1	1	0	1	-121.0	0.113	0.31	NaN	NaN	0.269	0.689	NaN	NaN	8.07	24.115	NaN	NaN	0.0	"2.5"	"F0034"	1	0	"PR"	218.576	"deionize"	187.239	0	1	0	0.0	0.0	0.0	null	220.357	0.086
-10.0	0.03465	35062.5	2971.875	2596.875	NaN	NaN	NaN	0	1	1	0	0	0	0	0	0	0	0	0	1	0	0	0	0	1	1	0	1	1	1	0	1	-120.0	0.112	0.318	NaN	NaN	0.267	0.707	NaN	NaN	8.01	24.745	NaN	NaN	0.0	"2.5"	"F0034"	1	0	"PR"	228.608	"deionize"	197.271	0	1	0	0.0	0.0	0.0	null	230.389	0.086
-10.1	0.03465	36000.0	2981.25	2531.25	NaN	NaN	NaN	0	1	1	0	0	0	0	0	0	0	0	0	1	0	0	0	0	1	1	0	1	1	1	0	1	-121.0	0.113	0.311	NaN	NaN	0.269	0.691	NaN	NaN	8.07	24.185	NaN	NaN	0.0	"2.5"	"F0034"	1	0	"PR"	238.643	"deionize"	207.306	0	1	0	0.0	0.0	0.0	null	240.424	0.088
-9.2	0.034375	35250.0	2971.875	2596.875	NaN	NaN	NaN	0	1	1	0	0	0	0	0	0	0	0	0	1	0	0	0	0	1	1	0	1	1	1	0	1	-110.0	0.112	0.318	NaN	NaN	0.267	0.707	NaN	NaN	8.01	24.745	NaN	NaN	0.0	"2.5"	"F0034"	1	0	"PR"	248.676	"deionize"	217.339	0	1	0	0.0	0.0	0.0	null	250.457	0.084
-9.7	0.033825	34312.5	2971.875	2521.875	NaN	NaN	NaN	0	1	1	0	0	0	0	0	0	0	0	0	1	0	0	0	0	1	1	0	1	1	1	0	1	-116.0	0.112	0.31	NaN	NaN	0.267	0.689	NaN	NaN	8.01	24.115	NaN	NaN	0.0	"2.5"	"F0034"	1	0	"PR"	258.706	"deionize"	227.369	0	1	0	0.0	0.0	0.0	null	260.487	0.09
-9.8	0.033275	36562.5	2981.25	2475.0	NaN	NaN	NaN	0	1	1	0	0	0	0	0	0	0	0	0	1	0	0	0	0	1	1	0	1	1	1	0	1	-118.0	0.113	0.305	NaN	NaN	0.269	0.678	NaN	NaN	8.07	23.73	NaN	NaN	0.0	"2.5"	"F0034"	1	0	"PR"	268.54	"deionize"	237.203	0	1	0	0.0	0.0	0.0	null	270.321	0.088
-9.5	0.033275	35062.5	2981.25	2578.125	NaN	NaN	NaN	0	1	1	0	0	0	0	0	0	0	0	0	1	0	0	0	1	1	1	0	1	1	1	0	1	-114.0	0.113	0.316	NaN	NaN	0.269	0.702	NaN	NaN	8.07	24.57	NaN	NaN	0.0	"2.5"	"F0034"	1	0	"PR"	278.684	"deionize-uv"	7.332	0	1	0	0.0	0.0	0.0	null	280.465	0.086
-9.9	0.03245	36750.0	2981.25	2550.0	NaN	NaN	NaN	0	1	1	0	0	0	0	0	0	0	0	0	1	0	0	0	1	1	1	0	1	1	1	0	1	-119.0	0.113	0.313	NaN	NaN	0.269	0.696	NaN	NaN	8.07	24.36	NaN	NaN	0.0	"2.5"	"F0034"	1	0	"PR"	288.719	"deionize-uv"	17.367	0	1	0	0.0	0.0	0.0	null	290.5	0.087
-9.2	0.03245	36000.0	2981.25	2512.5	NaN	NaN	NaN	0	1	1	0	0	0	0	0	0	0	0	0	1	0	0	0	1	1	1	0	1	1	1	0	1	-110.0	0.113	0.309	NaN	NaN	0.269	0.687	NaN	NaN	8.07	24.045	NaN	NaN	0.0	"2.5"	"F0034"	1	0	"PR"	298.758	"deionize-uv"	27.406	0	1	0	0.0	0.0	0.0	null	300.539	0.087
-8.0	0.03245	33375.0	2981.25	2521.875	NaN	NaN	NaN	0	1	1	0	0	0	0	0	0	0	0	0	1	0	0	0	1	1	1	0	1	1	1	0	1	-96.0	0.113	0.31	NaN	NaN	0.269	0.689	NaN	NaN	8.07	24.115	NaN	NaN	0.0	"2.5"	"F0034"	1	0	"PR"	308.591	"deionize-uv"	37.239	0	1	0	0.0	0.0	0.0	null	310.372	0.086
-8.8	0.03135	33937.5	2981.25	2587.5	NaN	NaN	NaN	0	1	1	0	0	0	0	0	0	0	0	0	1	0	0	0	1	1	1	0	1	1	1	0	1	-106.0	0.113	0.317	NaN	NaN	0.269	0.704	NaN	NaN	8.07	24.64	NaN	NaN	0.0	"2.5"	"F0034"	1	0	"PR"	318.626	"deionize-uv"	47.274	0	1	0	0.0	0.0	0.0	null	320.407	0.083
-8.8	0.03135	35250.0	2981.25	2531.25	NaN	NaN	NaN	0	1	1	0	0	0	0	0	0	0	0	0	1	0	0	0	1	1	1	0	1	1	1	0	1	-106.0	0.113	0.311	NaN	NaN	0.269	0.691	NaN	NaN	8.07	24.185	NaN	NaN	0.0	"2.5"	"F0034"	1	0	"PR"	328.664	"deionize-uv"	57.312	0	1	0	0.0	0.0	0.0	null	330.445	0.084
-8.9	0.03135	36562.5	2981.25	2568.75	NaN	NaN	NaN	0	1	1	0	0	0	0	0	0	0	0	0	1	0	0	0	1	1	1	0	1	1	1	0	1	-107.0	0.113	0.315	NaN	NaN	0.269	0.7	NaN	NaN	8.07	24.5	NaN	NaN	0.0	"2.5"	"F0034"	1	0	"PR"	338.698	"deionize-uv"	67.346	0	1	0	0.0	0.0	0.0	null	340.479	0.083
-8.0	0.031075	36562.5	2971.875	2568.75	NaN	NaN	NaN	0	1	1	0	0	0	0	0	0	0	0	0	1	0	0	0	1	1	1	0	1	1	1	0	1	-96.0	0.112	0.315	NaN	NaN	0.267	0.7	NaN	NaN	8.01	24.5	NaN	NaN	0.0	"2.5"	"F0034"	1	0	"PR"	348.736	"deionize-uv"	77.384	0	1	0	0.0	0.0	0.0	null	350.517	0.083
-8.9	0.030525	35062.5	3009.375	2531.25	NaN	NaN	NaN	0	1	1	0	0	0	0	0	0	0	0	0	1	0	0	0	1	1	1	0	1	1	1	0	1	-107.0	0.116	0.311	NaN	NaN	0.276	0.691	NaN	NaN	8.28	24.185	NaN	NaN	0.0	"2.5"	"F0034"	1	0	"PR"	358.777	"deionize-uv"	87.425	0	1	0	0.0	0.0	0.0	null	360.558	0.083
-9.0	0.029975	35250.0	2981.25	2550.0	NaN	NaN	NaN	0	1	1	0	0	0	0	0	0	0	0	0	1	0	0	0	1	1	1	0	1	1	1	0	1	-108.0	0.113	0.313	NaN	NaN	0.269	0.696	NaN	NaN	8.07	24.36	NaN	NaN	0.0	"2.5"	"F0034"	1	0	"PR"	368.816	"deionize-uv"	97.464	0	1	0	0.0	0.0	0.0	null	370.597	0.086
-8.9	0.03025	35062.5	2981.25	2578.125	NaN	NaN	NaN	0	1	1	0	0	0	0	0	0	0	0	0	1	0	0	0	1	1	1	0	1	1	1	0	1	-107.0	0.113	0.316	NaN	NaN	0.269	0.702	NaN	NaN	8.07	24.57	NaN	NaN	0.0	"2.5"	"F0034"	1	0	"PR"	378.655	"deionize-uv"	107.303	0	1	0	0.0	0.0	0.0	null	380.436	0.085
-8.8	0.029975	35437.5	2981.25	2512.5	NaN	NaN	NaN	0	1	1	0	0	0	0	0	0	0	0	0	1	0	0	0	1	1	1	0	1	1	1	0	1	-106.0	0.113	0.309	NaN	NaN	0.269	0.687	NaN	NaN	8.07	24.045	NaN	NaN	0.0	"2.5"	"F0034"	1	0	"PR"	388.695	"deionize-uv"	117.343	0	1	0	0.0	0.0	0.0	null	390.476	0.086
-7.9	0.03025	36375.0	2981.25	2071.875	NaN	NaN	NaN	0	0	1	0	0	0	0	1	0	0	0	0	1	0	0	0	1	1	1	0	1	1	1	0	1	-95.0	0.113	0.265	NaN	NaN	0.269	0.589	NaN	NaN	8.07	20.615	NaN	NaN	0.0	"2.5"	"F0034"	1	0	"PR"	398.861	"drain-di-1"	7.356	0	1	0	0.0	0.0	0.0	null	400.642	0.085
-8.3	0.02915	35437.5	2981.25	1818.75	NaN	NaN	NaN	0	0	1	0	0	0	0	1	0	0	0	0	1	0	0	0	1	1	1	0	1	1	1	0	1	-100.0	0.113	0.24	NaN	NaN	0.269	0.533	NaN	NaN	8.07	18.655	NaN	NaN	0.0	"2.5"	"F0034"	1	0	"PR"	408.692	"drain-di-1"	17.187	0	1	0	0.0	0.0	0.0	null	410.473	0.084
-8.4	0.029425	33375.0	2953.125	1565.625	NaN	NaN	NaN	0	0	1	0	0	0	0	1	0	0	0	0	1	0	0	0	1	1	1	0	1	1	1	0	1	-101.0	0.11	0.215	NaN	NaN	0.262	0.478	NaN	NaN	7.86	16.73	NaN	NaN	0.0	"2.5"	"F0034"	1	0	"PR"	418.728	"drain-di-1"	27.223	0	1	0	0.0	0.0	0.0	null	420.509	0.087
-8.2	0.02915	35250.0	2981.25	1340.625	NaN	NaN	NaN	0	0	1	0	0	0	0	1	0	0	0	0	1	0	0	0	1	1	1	0	1	1	1	0	1	-98.0	0.113	0.192	NaN	NaN	0.269	0.427	NaN	NaN	8.07	14.945	NaN	NaN	0.0	"2.5"	"F0034"	1	0	"PR"	428.764	"drain-di-1"	37.259	0	1	0	0.0	0.0	0.0	null	430.545	0.084
-7.8	0.028875	36375.0	3000.0	1096.875	NaN	NaN	NaN	0	0	1	0	0	0	0	1	0	0	0	0	1	0	0	0	1	1	1	0	1	1	1	0	1	-94.0	0.115	0.168	NaN	NaN	0.274	0.373	NaN	NaN	8.22	13.055	NaN	NaN	0.0	"2.5"	"F0034"	1	0	"PR"	438.795	"drain-di-1"	47.29	0	1	0	0.0	0.0	0.0	null	440.576	0.084
-9.2	0.02915	35437.5	2981.25	853.125	NaN	NaN	NaN	0	0	1	0	0	0	0	1	0	0	0	0	1	0	0	0	1	1	1	0	1	1	1	0	1	-110.0	0.113	0.143	NaN	NaN	0.269	0.318	NaN	NaN	8.07	11.13	NaN	NaN	0.0	"2.5"	"F0034"	1	0	"PR"	448.827	"drain-di-1"	57.322	0	1	0	0.0	0.0	0.0	null	450.608	0.087
-8.5	0.0286	35812.5	2981.25	600.0	NaN	NaN	NaN	0	0	1	0	0	0	0	1	0	0	0	0	1	0	0	0	1	1	1	0	1	1	1	0	1	-102.0	0.113	0.118	NaN	NaN	0.269	0.262	NaN	NaN	8.07	9.17	NaN	NaN	0.0	"2.5"	"F0034"	1	0	"PR"	458.867	"drain-di-1"	67.362	0	1	0	0.0	0.0	0.0	null	460.648	0.084
-7.8	0.028875	36937.5	3009.375	328.125	NaN	NaN	NaN	0	0	1	0	0	0	0	1	0	0	0	0	1	0	0	0	1	1	1	0	1	1	1	0	1	-94.0	0.116	0.091	NaN	NaN	0.276	0.202	NaN	NaN	8.28	7.07	NaN	NaN	0.0	"2.5"	"F0034"	1	0	"PR"	468.898	"drain-di-1"	77.393	0	1	0	0.0	0.0	0.0	null	470.679	0.084
-7.6	0.028875	34312.5	2981.25	93.75	NaN	NaN	NaN	0	0	1	0	0	0	0	1	0	0	0	0	1	0	0	0	1	1	1	0	1	1	1	0	1	-91.0	0.113	0.067	NaN	NaN	0.269	0.149	NaN	NaN	8.07	5.215	NaN	NaN	0.0	"2.5"	"F0034"	1	0	"PR"	478.93	"drain-di-1"	87.425	0	1	0	0.0	0.0	0.0	null	480.711	0.084
-7.4	0.0286	35625.0	2981.25	-159.375	NaN	NaN	NaN	0	0	1	0	0	0	0	1	0	0	0	0	1	0	0	0	1	1	1	0	1	1	1	0	1	-89.0	0.113	0.042	NaN	NaN	0.269	0.093	NaN	NaN	8.07	3.255	NaN	NaN	0.0	"2.5"	"F0034"	1	0	"PR"	488.876	"drip-di-1"	8.138	0	1	0	0.0	0.0	0.0	null	490.657	0.084
12.5	0.02805	29625.0	2840.625	-18.75	NaN	NaN	NaN	1	0	0	0	0	1	1	0	0	0	0	0	1	1	0	0	0	1	1	1	0	1	1	1	0	150.0	0.099	0.056	NaN	NaN	0.236	0.124	NaN	NaN	7.08	4.34	NaN	NaN	0.0	"2.5"	"F0034"	1	1	"PR"	498.87	"reverse-f"	2.974	0	1	0	0.0	0.0	0.0	null	500.651	0.083
12.5	0.029975	29812.5	2821.875	215.625	NaN	NaN	NaN	1	0	0	0	0	1	1	0	0	0	0	0	1	1	0	0	0	1	1	1	0	1	1	1	0	150.0	0.097	0.08	NaN	NaN	0.231	0.178	NaN	NaN	6.93	6.23	NaN	NaN	0.0	"2.5"	"F0034"	1	1	"PR"	508.911	"reverse-f"	13.015	0	1	0	0.0	0.0	0.0	null	510.692	0.083
12.4	0.03245	29625.0	2821.875	515.625	NaN	NaN	NaN	1	0	0	0	0	1	1	0	0	0	0	0	1	1	0	0	0	1	1	1	0	1	1	1	0	149.0	0.097	0.11	NaN	NaN	0.231	0.244	NaN	NaN	6.93	8.54	NaN	NaN	0.0	"2.5"	"F0034"	1	1	"PR"	518.949	"reverse-f"	23.053	0	1	0	0.0	0.0	0.0	null	520.73	0.085
12.8	0.03575	29250.0	2859.375	825.0	NaN	NaN	NaN	1	0	0	0	0	1	1	0	0	0	0	0	1	1	0	0	0	1	1	1	0	1	1	1	0	154.0	0.101	0.141	NaN	NaN	0.24	0.313	NaN	NaN	7.2	10.955	NaN	NaN	0.0	"2.5"	"F0034"	1	1	"PR"	528.987	"reverse-f"	33.091	0	1	0	0.0	0.0	0.0	null	530.768	0.086
12.7	0.038225	29250.0	2812.5	1115.625	NaN	NaN	NaN	1	0	0	0	0	1	1	0	0	0	0	0	1	1	0	0	0	1	1	1	0	1	1	1	0	152.0	0.096	0.17	NaN	NaN	0.229	0.378	NaN	NaN	6.87	13.23	NaN	NaN	0.0	"2.5"	"F0034"	1	1	"PR"	539.029	"reverse-f"	43.133	0	1	0	0.0	0.0	0.0	null	540.81	0.083
11.7	0.04015	29437.5	2831.25	1396.875	NaN	NaN	NaN	1	0	0	0	0	1	1	0	0	0	0	0	1	1	0	0	0	1	1	1	0	1	1	1	0	140.0	0.098	0.198	NaN	NaN	0.233	0.44	NaN	NaN	6.99	15.4	NaN	NaN	0.0	"2.5"	"F0034"	1	1	"PR"	548.866	"reverse-f"	52.97	0	1	0	0.0	0.0	0.0	null	550.647	0.099
12.7	0.0429	29625.0	2831.25	1696.875	NaN	NaN	NaN	1	0	0	0	0	1	1	0	0	0	0	0	1	1	0	0	0	1	1	1	0	1	1	1	0	152.0	0.098	0.228	NaN	NaN	0.233	0.507	NaN	NaN	6.99	17.745	NaN	NaN	0.0	"2.5"	"F0034"	1	1	"PR"	558.902	"reverse-f"	63.006	0	1	0	0.0	0.0	0.0	null	560.683	0.089
13.3	0.044275	29625.0	2803.125	1996.875	NaN	NaN	NaN	1	0	0	0	0	1	1	0	0	0	0	0	1	1	0	0	0	1	1	1	0	1	1	1	0	160.0	0.095	0.258	NaN	NaN	0.226	0.573	NaN	NaN	6.78	20.055	NaN	NaN	0.0	"2.5"	"F0034"	1	1	"PR"	568.944	"reverse-f"	73.048	0	1	0	0.0	0.0	0.0	null	570.725	0.091
12.7	0.045925	29812.5	2803.125	2268.75	NaN	NaN	NaN	0	0	0	0	0	1	1	0	0	0	0	0	1	0	0	0	0	1	1	1	0	1	1	1	0	152.0	0.095	0.285	NaN	NaN	0.226	0.633	NaN	NaN	6.78	22.155	NaN	NaN	0.0	"2.5"	"F0034"	1	1	"PR"	578.889	"reverse"	82.993	0	1	0	0.0	0.0	0.0	null	580.67	0.099
12.1	0.0473	29250.0	2859.375	2259.375	NaN	NaN	NaN	0	0	0	0	0	1	1	0	0	0	0	0	1	0	0	0	0	1	1	1	0	1	1	1	0	145.0	0.101	0.284	NaN	NaN	0.24	0.631	NaN	NaN	7.2	22.085	NaN	NaN	0.0	"2.5"	"F0034"	1	1	"PR"	588.928	"reverse"	93.032	0	1	0	0.0	0.0	0.0	null	590.709	0.089
12.6	0.0484	29625.0	2840.625	2268.75	NaN	NaN	NaN	0	0	0	0	0	1	1	0	0	0	0	0	1	0	0	0	0	1	1	1	0	1	1	1	0	151.0	0.099	0.285	NaN	NaN	0.236	0.633	NaN	NaN	7.08	22.155	NaN	NaN	0.0	"2.5"	"F0034"	1	1	"PR"	598.965	"reverse"	103.069	0	1	0	0.0	0.0	0.0	null	600.746	0.091
13.0	0.04895	29812.5	2859.375	2268.75	NaN	NaN	NaN	0	0	0	0	0	1	1	0	0	0	0	0	1	0	0	0	0	1	1	1	0	1	1	1	0	156.0	0.101	0.285	NaN	NaN	0.24	0.633	NaN	NaN	7.2	22.155	NaN	NaN	0.0	"2.5"	"F0034"	1	1	"PR"	609.0	"reverse"	113.104	0	1	0	0.0	0.0	0.0	null	610.781	0.094
12.4	0.0506	30000.0	2821.875	2259.375	NaN	NaN	NaN	0	0	0	0	0	1	1	0	0	0	0	0	1	0	0	0	0	1	1	1	0	1	1	1	0	149.0	0.097	0.284	NaN	NaN	0.231	0.631	NaN	NaN	6.93	22.085	NaN	NaN	0.0	"2.5"	"F0034"	1	1	"PR"	619.038	"reverse"	123.142	0	1	0	0.0	0.0	0.0	null	620.819	0.087
13.9	0.050875	30187.5	2812.5	2259.375	NaN	NaN	NaN	0	0	0	0	0	1	1	0	0	0	0	0	1	0	0	0	0	1	1	1	0	1	1	1	0	167.0	0.096	0.284	NaN	NaN	0.229	0.631	NaN	NaN	6.87	22.085	NaN	NaN	0.0	"2.5"	"F0034"	1	1	"PR"	629.077	"reverse"	133.181	0	1	0	0.0	0.0	0.0	null	630.858	0.086
16.6	0.051975	30187.5	2859.375	2268.75	NaN	NaN	NaN	0	0	0	0	0	1	1	0	0	0	0	0	1	0	0	0	0	1	1	1	0	1	1	1	0	199.0	0.101	0.285	NaN	NaN	0.24	0.633	NaN	NaN	7.2	22.155	NaN	NaN	0.0	"2.5"	"F0034"	1	1	"PR"	639.117	"reverse"	143.221	0	1	0	0.0	0.0	0.0	null	640.898	0.099
3.3	0.053075	2437.5	3028.125	2306.25	NaN	NaN	NaN	0	0	0	0	0	0	0	0	0	0	0	0	0	0	0	0	0	0	0	0	1	0	0	0	1	40.0	0.118	0.289	NaN	NaN	0.281	0.642	NaN	NaN	8.43	22.47	NaN	NaN	0.0	"2.5"	"F0034"	0	0	"PR"	649.051	"diffuse"	3.104	0	1	1	0.0	0.0	0.0	null	650.832	0.092
4.0	0.05225	750.0	2981.25	2278.125	NaN	NaN	NaN	0	0	0	0	0	0	0	0	0	0	0	0	0	0	0	0	0	0	0	0	1	0	0	0	1	48.0	0.113	0.286	NaN	NaN	0.269	0.636	NaN	NaN	8.07	22.26	NaN	NaN	0.0	"2.5"	"F0034"	0	0	"PR"	659.087	"diffuse"	13.14	0	1	1	0.0	0.0	0.0	null	660.868	0.086
4.0	0.051975	1312.5	3000.0	2278.125	NaN	NaN	NaN	0	0	0	0	0	0	0	0	0	0	0	0	0	0	0	0	0	0	0	0	1	0	0	0	1	48.0	0.115	0.286	NaN	NaN	0.274	0.636	NaN	NaN	8.22	22.26	NaN	NaN	0.0	"2.5"	"F0034"	0	0	"PR"	669.125	"diffuse"	23.178	0	1	1	0.0	0.0	0.0	null	670.906	0.089
13.0	0.051975	30375.0	2803.125	2268.75	NaN	NaN	NaN	0	0	0	0	0	1	1	0	0	0	0	0	1	0	0	0	0	1	1	1	0	1	1	1	0	156.0	0.095	0.285	NaN	NaN	0.226	0.633	NaN	NaN	6.78	22.155	NaN	NaN	0.0	"2.5"	"F0034"	1	1	"PR"	679.054	"wash-en"	3.101	0	1	1	0.0	0.0	0.0	null	680.835	0.088
12.1	0.053625	29062.5	2803.125	2250.0	NaN	NaN	NaN	0	0	0	0	0	1	1	0	0	0	0	0	1	0	0	0	0	1	1	1	0	1	1	1	0	145.0	0.095	0.283	NaN	NaN	0.226	0.629	NaN	NaN	6.78	22.015	NaN	NaN	0.0	"2.5"	"F0034"	1	1	"PR"	689.089	"wash-en"	13.136	0	1	1	0.0	0.0	0.0	null	690.87	0.089
2.7	0.054175	30187.5	2821.875	2278.125	NaN	NaN	NaN	0	0	0	0	0	1	1	0	0	0	0	0	1	0	0	0	0	0	0	0	1	0	0	0	1	32.0	0.097	0.286	NaN	NaN	0.231	0.636	NaN	NaN	6.93	22.26	NaN	NaN	0.0	"2.5"	"F0034"	0	0	"PR"	699.014	"wash-sc"	2.9	0	1	1	0.0	0.0	0.0	null	700.795	0.097
3.2	0.055275	1500.0	2981.25	2278.125	NaN	NaN	NaN	0	0	0	0	0	0	0	0	0	0	0	0	0	0	0	0	0	0	0	0	1	0	0	0	1	38.0	0.113	0.286	NaN	NaN	0.269	0.636	NaN	NaN	8.07	22.26	NaN	NaN	0.0	"2.5"	"F0034"	0	0	"PR"	709.052	"diffuse"	2.81	0	1	2	0.0	0.0	0.0	null	710.833	0.096
3.4	0.05445	937.5	2990.625	2278.125	NaN	NaN	NaN	0	0	0	0	0	0	0	0	0	0	0	0	0	0	0	0	0	0	0	0	1	0	0	0	1	41.0	0.114	0.286	NaN	NaN	0.271	0.636	NaN	NaN	8.13	22.26	NaN	NaN	0.0	"2.5"	"F0034"	0	0	"PR"	719.088	"diffuse"	12.846	0	1	2	0.0	0.0	0.0	null	720.869	0.087
3.5	0.05445	937.5	3009.375	2278.125	NaN	NaN	NaN	0	0	0	0	0	0	0	0	0	0	0	0	0	0	0	0	0	0	0	0	1	0	0	0	1	42.0	0.116	0.286	NaN	NaN	0.276	0.636	NaN	NaN	8.28	22.26	NaN	NaN	0.0	"2.5"	"F0034"	0	0	"PR"	729.124	"diffuse"	22.882	0	1	2	0.0	0.0	0.0	null	730.905	0.086
12.2	0.0539	30187.5	2803.125	2278.125	NaN	NaN	NaN	0	0	0	0	0	1	1	0	0	0	0	0	1	0	0	0	0	1	1	1	0	1	1	1	0	146.0	0.095	0.286	NaN	NaN	0.226	0.636	NaN	NaN	6.78	22.26	NaN	NaN	0.0	"2.5"	"F0034"	1	1	"PR"	739.052	"wash-en"	2.701	0	1	2	0.0	0.0	0.0	null	740.833	0.086
12.0	0.055	30000.0	2840.625	2259.375	NaN	NaN	NaN	0	0	0	0	0	1	1	0	0	0	0	0	1	0	0	0	0	1	1	1	0	1	1	1	0	144.0	0.099	0.284	NaN	NaN	0.236	0.631	NaN	NaN	7.08	22.085	NaN	NaN	0.0	"2.5"	"F0034"	1	1	"PR"	749.094	"wash-en"	12.743	0	1	2	0.0	0.0	0.0	null	750.875	0.086
2.7	0.055	30000.0	2868.75	2278.125	NaN	NaN	NaN	0	0	0	0	0	1	1	0	0	0	0	0	1	0	0	0	0	0	0	0	1	0	0	0	1	32.0	0.102	0.286	NaN	NaN	0.243	0.636	NaN	NaN	7.29	22.26	NaN	NaN	0.0	"2.5"	"F0034"	0	0	"PR"	759.219	"wash-sc"	2.696	0	1	2	0.0	0.0	0.0	null	761.0	0.09
2.7	0.055275	1125.0	2990.625	2278.125	NaN	NaN	NaN	0	0	0	0	0	0	0	0	0	0	0	0	0	0	0	0	0	0	0	0	1	0	0	0	1	32.0	0.114	0.286	NaN	NaN	0.271	0.636	NaN	NaN	8.13	22.26	NaN	NaN	0.0	"2.5"	"F0034"	0	0	"PR"	769.26	"diffuse"	2.611	0	1	3	0.0	0.0	0.0	null	771.041	0.09
2.9	0.055	2250.0	2990.625	2278.125	NaN	NaN	NaN	0	0	0	0	0	0	0	0	0	0	0	0	0	0	0	0	0	0	0	0	1	0	0	0	1	35.0	0.114	0.286	NaN	NaN	0.271	0.636	NaN	NaN	8.13	22.26	NaN	NaN	0.0	"2.5"	"F0034"	0	0	"PR"	779.096	"diffuse"	12.447	0	1	3	0.0	0.0	0.0	null	780.877	0.083
2.9	0.055275	2250.0	3009.375	2278.125	NaN	NaN	NaN	0	0	0	0	0	0	0	0	0	0	0	0	0	0	0	0	0	0	0	0	1	0	0	0	1	35.0	0.116	0.286	NaN	NaN	0.276	0.636	NaN	NaN	8.28	22.26	NaN	NaN	0.0	"2.5"	"F0034"	0	0	"PR"	789.132	"diffuse"	22.483	0	1	3	0.0	0.0	0.0	null	790.913	0.093
12.3	0.054175	30000.0	2821.875	2296.875	NaN	NaN	NaN	0	0	0	0	0	1	1	0	0	0	0	0	1	0	0	0	0	1	1	1	0	1	1	1	0	148.0	0.097	0.288	NaN	NaN	0.231	0.64	NaN	NaN	6.93	22.4	NaN	NaN	0.0	"2.5"	"F0034"	1	1	"PR"	799.261	"wash-en"	2.502	0	1	3	0.0	0.0	0.0	null	801.042	0.091
12.5	0.054725	29250.0	2803.125	2259.375	NaN	NaN	NaN	0	0	0	0	0	1	1	0	0	0	0	0	1	0	0	0	0	1	1	1	0	1	1	1	0	150.0	0.095	0.284	NaN	NaN	0.226	0.631	NaN	NaN	6.78	22.085	NaN	NaN	0.0	"2.5"	"F0034"	1	1	"PR"	809.298	"wash-en"	12.539	0	1	3	0.0	0.0	0.0	null	811.079	0.09
2.0	0.055275	30750.0	2831.25	2306.25	NaN	NaN	NaN	0	0	0	0	0	1	1	0	0	0	0	0	1	0	0	0	0	0	0	0	1	0	0	0	1	24.0	0.098	0.289	NaN	NaN	0.233	0.642	NaN	NaN	6.99	22.47	NaN	NaN	0.0	"2.5"	"F0034"	0	0	"PR"	819.232	"wash-sc"	2.303	0	1	3	0.0	0.0	0.0	null	821.013	0.086
0.5	0.055275	562.5	2990.625	2278.125	NaN	NaN	NaN	0	0	0	0	0	0	0	0	0	0	0	0	0	0	0	0	0	0	0	0	1	0	0	0	1	6.0	0.114	0.286	NaN	NaN	0.271	0.636	NaN	NaN	8.13	22.26	NaN	NaN	0.0	"2.5"	"F0034"	0	0	"PR"	829.269	"diffuse"	2.209	0	1	4	0.0	0.0	0.0	null	831.05	0.086
2.5	0.055275	1500.0	3000.0	2287.5	NaN	NaN	NaN	0	0	0	0	0	0	0	0	0	0	0	0	0	0	0	0	0	0	0	0	1	0	0	0	1	30.0	0.115	0.287	NaN	NaN	0.274	0.638	NaN	NaN	8.22	22.33	NaN	NaN	0.0	"2.5"	"F0034"	0	0	"PR"	839.31	"diffuse"	12.25	0	1	4	0.0	0.0	0.0	null	841.091	0.086
2.3	0.055275	2812.5	3000.0	2278.125	NaN	NaN	NaN	0	0	0	0	0	0	0	0	0	0	0	0	0	0	0	0	0	0	0	0	1	0	0	0	1	28.0	0.115	0.286	NaN	NaN	0.274	0.636	NaN	NaN	8.22	22.26	NaN	NaN	0.0	"2.5"	"F0034"	0	0	"PR"	849.352	"diffuse"	22.292	0	1	4	0.0	0.0	0.0	null	851.133	0.091
12.2	0.05445	30000.0	2812.5	2278.125	NaN	NaN	NaN	0	0	0	0	0	1	1	0	0	0	0	0	1	0	0	0	0	1	1	1	0	1	1	1	0	146.0	0.096	0.286	NaN	NaN	0.229	0.636	NaN	NaN	6.87	22.26	NaN	NaN	0.0	"2.5"	"F0034"	1	1	"PR"	859.272	"wash-en"	2.093	0	1	4	0.0	0.0	0.0	null	861.053	0.086
12.6	0.055275	30000.0	2821.875	2250.0	NaN	NaN	NaN	0	0	0	0	0	1	1	0	0	0	0	0	1	0	0	0	0	1	1	1	0	1	1	1	0	151.0	0.097	0.283	NaN	NaN	0.231	0.629	NaN	NaN	6.93	22.015	NaN	NaN	0.0	"2.5"	"F0034"	1	1	"PR"	869.312	"wash-en"	12.133	0	1	4	0.0	0.0	0.0	null	871.093	0.086
1.3	0.054725	29250.0	2859.375	2268.75	NaN	NaN	NaN	0	0	0	0	0	1	1	0	0	0	0	0	1	0	0	0	0	0	0	0	1	0	0	0	1	16.0	0.101	0.285	NaN	NaN	0.24	0.633	NaN	NaN	7.2	22.155	NaN	NaN	0.0	"2.5"	"F0034"	0	0	"PR"	879.246	"wash-sc"	1.9	0	1	4	0.0	0.0	0.0	null	881.027	0.098
2.0	0.055275	-2625.0	2718.75	2278.125	NaN	NaN	NaN	0	0	0	0	1	0	0	0	0	0	0	0	0	0	0	0	0	0	0	0	1	0	0	0	1	24.0	0.087	0.286	NaN	NaN	0.207	0.636	NaN	NaN	6.21	22.26	NaN	NaN	0.0	"2.5"	"F0034"	0	0	"PR"	889.28	"drain-rg"	1.807	0	1	4	0.0	0.0	0.0	null	891.061	0.083
1.9	0.055825	0.0	2353.125	2278.125	NaN	NaN	NaN	0	0	0	0	1	0	0	0	0	0	0	0	0	0	0	0	0	0	0	0	1	0	0	0	1	23.0	0.05	0.286	NaN	NaN	0.119	0.636	NaN	NaN	3.57	22.26	NaN	NaN	0.0	"2.5"	"F0034"	0	0	"PR"	899.317	"drain-rg"	11.844	0	1	4	0.0	0.0	0.0	null	901.098	0.083
2.0	0.055275	-562.5	2034.375	2268.75	NaN	NaN	NaN	0	0	0	0	1	0	0	0	0	0	0	0	0	0	0	0	0	0	0	0	1	0	0	0	1	24.0	0.018	0.285	NaN	NaN	0.043	0.633	NaN	NaN	1.29	22.155	NaN	NaN	0.0	"2.5"	"F0034"	0	0	"PR"	909.355	"drain-rg"	21.882	0	1	4	0.0	0.0	0.0	null	911.136	0.088
2.3	0.055275	-187.5	1650.0	2278.125	NaN	NaN	NaN	0	0	0	0	1	0	0	0	0	0	0	0	0	0	0	0	0	0	0	0	1	0	0	0	1	28.0	-0.02	0.286	NaN	NaN	-0.048	0.636	NaN	NaN	-1.44	22.26	NaN	NaN	0.0	"2.5"	"F0034"	0	0	"PR"	919.388	"drip-rg"	5.016	0	1	4	0.0	0.0	0.0	null	921.169	0.086
2.0	0.05445	-937.5	9.375	2278.125	NaN	NaN	NaN	0	0	0	0	1	0	0	0	0	0	0	0	0	0	0	0	0	0	0	0	1	0	0	0	1	24.0	-0.184	0.286	NaN	NaN	-0.438	0.636	NaN	NaN	-13.14	22.26	NaN	NaN	0.0	"2.5"	"F0034"	0	0	"PR"	929.425	"drip-rg"	15.053	0	1	4	0.0	0.0	0.0	null	931.206	0.086
2.2	0.054725	29250.0	1884.375	2053.125	NaN	NaN	NaN	0	0	1	0	0	1	0	0	0	0	0	0	1	0	0	0	0	0	0	0	1	0	0	0	1	26.0	0.003	0.263	NaN	NaN	0.007	0.584	NaN	NaN	0.21	20.44	NaN	NaN	0.0	"2.5"	"F0034"	0	0	"FR"	9.052	"fill-rg-di"	8.852	1	1	0	931.406	0.0	0.0	null	941.085	0.086
1.9	0.0539	30000.0	2203.125	1818.75	NaN	NaN	NaN	0	0	1	0	0	1	0	0	0	0	0	0	1	0	0	0	0	0	0	0	1	0	0	0	1	23.0	0.035	0.24	NaN	NaN	0.083	0.533	NaN	NaN	2.49	18.655	NaN	NaN	0.0	"2.5"	"F0034"	0	0	"FR"	19.089	"fill-rg-di"	18.889	1	1	0	931.406	0.0	0.0	null	951.122	0.085
1.4	0.051975	30000.0	2521.875	1565.625	NaN	NaN	NaN	0	0	1	0	0	1	0	0	0	0	0	0	1	0	0	0	0	0	0	0	1	0	0	0	1	17.0	0.067	0.215	NaN	NaN	0.16	0.478	NaN	NaN	4.8	16.73	NaN	NaN	0.0	"2.5"	"F0034"	0	0	"FR"	29.123	"fill-rg-di"	28.923	1	1	0	931.406	0.0	0.0	null	961.156	0.083
2.0	0.05005	30000.0	2840.625	1303.125	NaN	NaN	NaN	0	0	1	0	0	1	0	0	0	0	0	0	1	0	0	0	0	0	0	0	1	0	0	0	1	24.0	0.099	0.188	NaN	NaN	0.236	0.418	NaN	NaN	7.08	14.63	NaN	NaN	0.0	"2.5"	"F0034"	0	0	"FR"	39.163	"fill-rg-di"	38.963	1	1	0	931.406	0.0	0.0	null	971.196	0.086
1.4	0.0495	29812.5	3140.625	1068.75	NaN	NaN	NaN	0	0	1	0	0	1	0	0	0	0	0	0	1	0	0	0	0	0	0	0	1	0	0	0	1	17.0	0.129	0.165	NaN	NaN	0.307	0.367	NaN	NaN	9.21	12.845	NaN	NaN	0.0	"2.5"	"F0034"	0	0	"FR"	49.209	"fill-rg-di"	49.009	1	1	0	931.406	0.0	0.0	null	981.242	0.084
1.8	0.04785	937.5	2850.0	965.625	NaN	NaN	NaN	0	0	0	0	1	0	0	0	0	0	0	0	0	0	0	0	0	0	0	0	1	0	0	0	1	22.0	0.1	0.155	NaN	NaN	0.238	0.344	NaN	NaN	7.14	12.04	NaN	NaN	0.0	"2.5"	"F0034"	0	0	"FR"	59.247	"drain-rg"	6.024	1	1	0	931.406	0.0	0.0	null	991.28	0.083
2.0	0.0484	937.5	2531.25	965.625	NaN	NaN	NaN	0	0	0	0	1	0	0	0	0	0	0	0	0	0	0	0	0	0	0	0	1	0	0	0	1	24.0	0.068	0.155	NaN	NaN	0.162	0.344	NaN	NaN	4.86	12.04	NaN	NaN	0.0	"2.5"	"F0034"	0	0	"FR"	69.284	"drain-rg"	16.061	1	1	0	931.406	0.0	0.0	null	1001.317	0.086
2.4	0.048125	562.5	2165.625	975.0	NaN	NaN	NaN	0	0	0	0	1	0	0	0	0	0	0	0	0	0	0	0	0	0	0	0	1	0	0	0	1	29.0	0.032	0.155	NaN	NaN	0.076	0.344	NaN	NaN	2.28	12.04	NaN	NaN	0.0	"2.5"	"F0034"	0	0	"FR"	79.125	"drain-rg"	25.902	1	1	0	931.406	0.0	0.0	null	1011.158	0.083
2.2	0.0484	1125.0	1809.375	975.0	NaN	NaN	NaN	0	0	0	0	1	0	0	0	0	0	0	0	0	0	0	0	0	0	0	0	1	0	0	0	1	26.0	-0.004	0.155	NaN	NaN	-0.01	0.344	NaN	NaN	-0.3	12.04	NaN	NaN	0.0	"2.5"	"F0034"	0	0	"FR"	89.16	"drip-rg"	1.003	1	1	0	931.406	0.0	0.0	null	1021.193	0.086
1.3	0.048125	562.5	-28.125	965.625	NaN	NaN	NaN	0	0	0	0	1	0	0	0	0	0	0	0	0	0	0	0	0	0	0	0	1	0	0	0	1	16.0	-0.188	0.155	NaN	NaN	-0.448	0.344	NaN	NaN	-13.44	12.04	NaN	NaN	0.0	"2.5"	"F0034"	0	0	"FR"	99.201	"drip-rg"	11.044	1	1	0	931.406	0.0	0.0	null	1031.234	0.085
1.1	0.0484	30000.0	1640.625	853.125	NaN	NaN	NaN	0	0	1	0	0	1	0	0	0	0	0	0	1	0	0	0	0	0	0	0	1	0	0	0	1	13.0	-0.021	0.143	NaN	NaN	-0.05	0.318	NaN	NaN	-1.5	11.13	NaN	NaN	0.0	"2.5"	"F0034"	0	0	"PR"	5.234	"fill-rg-di"	5.034	1	0	0	931.406	0.0	1035.449	null	1041.308	0.084
1.3	0.048125	30375.0	2100.0	609.375	NaN	NaN	NaN	0	0	1	0	0	1	0	0	0	0	0	0	1	0	0	0	0	0	0	0	1	0	0	0	1	16.0	0.025	0.119	NaN	NaN	0.06	0.264	NaN	NaN	1.8	9.24	NaN	NaN	0.0	"2.5"	"F0034"	0	0	"PR"	15.274	"fill-rg-di"	15.074	1	0	0	931.406	0.0	1035.449	null	1051.348	0.086
1.9	0.047025	30187.5	2418.75	328.125	NaN	NaN	NaN	0	0	1	0	0	1	0	0	0	0	0	0	1	0	0	0	0	0	0	0	1	0	0	0	1	23.0	0.057	0.091	NaN	NaN	0.136	0.202	NaN	NaN	4.08	7.07	NaN	NaN	0.0	"2.5"	"F0034"	0	0	"PR"	25.301	"fill-rg-di"	25.101	1	0	0	931.406	0.0	1035.449	null	1061.375	0.086
1.8	0.04565	30000.0	2746.875	93.75	NaN	NaN	NaN	0	0	1	0	0	1	0	0	0	0	0	0	1	0	0	0	0	0	0	0	1	0	0	0	1	22.0	0.09	0.067	NaN	NaN	0.214	0.149	NaN	NaN	6.42	5.215	NaN	NaN	0.0	"2.5"	"F0034"	0	0	"PR"	35.332	"fill-rg-di"	35.132	1	0	0	931.406	0.0	1035.449	null	1071.406	0.086
2.4	0.0462	2250.0	2746.875	328.125	NaN	NaN	NaN	1	0	0	0	0	0	0	0	0	0	0	0	0	1	0	0	0	0	0	0	1	0	0	0	1	29.0	0.09	0.091	NaN	NaN	0.214	0.202	NaN	NaN	6.42	7.07	NaN	NaN	0.0	"2.5"	"F0034"	0	0	"PR"	45.169	"fill-di-lb"	8.833	1	0	0	931.406	0.0	1035.449	null	1081.243	0.089
1.4	0.0462	3375.0	2784.375	646.875	NaN	NaN	NaN	1	0	0	0	0	0	0	0	0	0	0	0	0	1	0	0	0	0	0	0	1	0	0	0	1	17.0	0.093	0.123	NaN	NaN	0.221	0.273	NaN	NaN	6.63	9.555	NaN	NaN	0.0	"2.5"	"F0034"	0	0	"PR"	55.206	"fill-di-lb"	18.87	1	0	0	931.406	0.0	1035.449	null	1091.28	0.085
1.8	0.04565	3000.0	2765.625	918.75	NaN	NaN	NaN	1	0	0	0	0	0	0	0	0	0	0	0	0	1	0	0	0	0	0	0	1	0	0	0	1	22.0	0.092	0.15	NaN	NaN	0.219	0.333	NaN	NaN	6.57	11.655	NaN	NaN	0.0	"2.5"	"F0034"	0	0	"PR"	65.242	"fill-di-lb"	28.906	1	0	0	931.406	0.0	1035.449	null	1101.316	0.086
1.8	0.045925	3562.5	2728.125	1246.875	NaN	NaN	NaN	1	0	0	0	0	0	0	0	0	0	0	0	0	1	0	0	0	0	0	0	1	0	0	0	1	22.0	0.088	0.183	NaN	NaN	0.21	0.407	NaN	NaN	6.3	14.245	NaN	NaN	0.0	"2.5"	"F0034"	0	0	"PR"	75.281	"fill-di-lb"	38.945	1	0	0	931.406	0.0	1035.449	null	1111.355	0.083
0.1	0.0462	3562.5	2746.875	1500.0	NaN	NaN	NaN	1	0	0	0	0	0	0	0	0	0	0	0	0	1	0	0	0	0	0	0	1	0	0	0	1	1.0	0.09	0.208	NaN	NaN	0.214	0.462	NaN	NaN	6.42	16.17	NaN	NaN	0.0	"2.5"	"F0034"	0	0	"PR"	85.318	"fill-di-lb"	48.982	1	0	0	931.406	0.0	1035.449	null	1121.392	0.086
1.8	0.045375	3562.5	2737.5	1818.75	NaN	NaN	NaN	1	0	0	0	0	0	0	0	0	0	0	0	0	1	0	0	0	0	0	0	1	0	0	0	1	22.0	0.089	0.24	NaN	NaN	0.212	0.533	NaN	NaN	6.36	18.655	NaN	NaN	0.0	"2.5"	"F0034"	0	0	"PR"	95.357	"fill-di-lb"	59.021	1	0	0	931.406	0.0	1035.449	null	1131.431	0.088
2.1	0.0462	1875.0	2765.625	2081.25	NaN	NaN	NaN	1	0	0	0	0	0	0	0	0	0	0	0	0	1	0	0	0	0	0	0	1	0	0	0	1	25.0	0.092	0.266	NaN	NaN	0.219	0.591	NaN	NaN	6.57	20.685	NaN	NaN	0.0	"2.5"	"F0034"	0	0	"PR"	105.393	"fill-di-lb"	69.057	1	0	0	931.406	0.0	1035.449	null	1141.467	0.083
0.6	0.04565	29812.5	2859.375	2184.375	NaN	NaN	NaN	0	0	1	0	0	1	0	0	0	0	0	0	1	0	0	0	0	0	0	0	1	0	0	0	1	7.0	0.101	0.276	NaN	NaN	0.24	0.613	NaN	NaN	7.2	21.455	NaN	NaN	0.0	"2.5"	"F0034"	0	0	"PR"	115.43	"fill-rg-di"	4.216	1	0	0	931.406	0.0	1035.449	null	1151.504	0.084
13.7	0.044825	31500.0	2934.375	2465.625	NaN	NaN	NaN	0	1	1	0	0	0	0	0	0	0	0	0	1	0	0	0	0	1	1	1	0	1	1	1	0	164.0	0.108	0.305	NaN	NaN	0.257	0.678	NaN	NaN	7.71	23.73	NaN	NaN	0.0	"2.5"	"F0034"	1	1	"PR"	125.287	"deionize"	1.825	1	1	0	931.406	0.0	1035.449	null	1161.361	0.09
12.1	0.0451	33937.5	2943.75	2512.5	NaN	NaN	NaN	0	1	1	0	0	0	0	0	0	0	0	0	1	0	0	0	0	1	1	1	0	1	1	1	0	145.0	0.109	0.309	NaN	NaN	0.26	0.687	NaN	NaN	7.8	24.045	NaN	NaN	0.0	"2.5"	"F0034"	1	1	"PR"	135.327	"deionize"	11.865	1	1	0	931.406	0.0	1035.449	null	1171.401	0.09
12.4	0.044275	33937.5	2943.75	2578.125	NaN	NaN	NaN	0	1	1	0	0	0	0	0	0	0	0	0	1	0	0	0	0	1	1	1	0	1	1	1	0	149.0	0.109	0.316	NaN	NaN	0.26	0.702	NaN	NaN	7.8	24.57	NaN	NaN	0.0	"2.5"	"F0034"	1	1	"PR"	145.366	"deionize"	21.904	1	1	0	931.406	0.0	1035.449	null	1181.44	0.09
12.3	0.044	33750.0	2962.5	2512.5	NaN	NaN	NaN	0	1	1	0	0	0	0	0	0	0	0	0	1	0	0	0	0	1	1	1	0	1	1	1	0	148.0	0.111	0.309	NaN	NaN	0.264	0.687	NaN	NaN	7.92	24.045	NaN	NaN	0.0	"2.5"	"F0034"	1	1	"PR"	155.396	"deionize"	31.934	1	1	0	931.406	0.0	1035.449	null	1191.47	0.09
13.0	0.042625	34500.0	2971.875	2475.0	NaN	NaN	NaN	0	1	1	0	0	0	0	0	0	0	0	0	1	0	0	0	0	1	1	1	0	1	1	1	0	156.0	0.112	0.305	NaN	NaN	0.267	0.678	NaN	NaN	8.01	23.73	NaN	NaN	0.0	"2.5"	"F0034"	1	1	"PR"	165.429	"deionize"	41.967	1	1	0	931.406	0.0	1035.449	null	1201.503	0.084
11.9	0.041525	35062.5	2962.5	2531.25	NaN	NaN	NaN	0	1	1	0	0	0	0	0	0	0	0	0	1	0	0	0	0	1	1	1	0	1	1	1	0	143.0	0.111	0.311	NaN	NaN	0.264	0.691	NaN	NaN	7.92	24.185	NaN	NaN	0.0	"2.5"	"F0034"	1	1	"PR"	175.465	"deionize"	52.003	1	1	0	931.406	0.0	1035.449	null	1211.539	0.088
12.5	0.039875	36000.0	2953.125	2578.125	NaN	NaN	NaN	0	1	1	0	0	0	0	0	0	0	0	0	1	0	0	0	0	1	1	1	0	1	1	1	0	150.0	0.11	0.316	NaN	NaN	0.262	0.702	NaN	NaN	7.86	24.57	NaN	NaN	0.0	"2.5"	"F0034"	1	1	"PR"	185.499	"deionize"	62.037	1	1	0	931.406	0.0	1035.449	null	1221.573	0.084
12.6	0.04015	33000.0	2934.375	2550.0	NaN	NaN	NaN	0	1	1	0	0	0	0	0	0	0	0	0	1	0	0	0	0	1	1	1	0	1	1	1	0	151.0	0.108	0.313	NaN	NaN	0.257	0.696	NaN	NaN	7.71	24.36	NaN	NaN	0.0	"2.5"	"F0034"	1	1	"PR"	195.332	"deionize"	71.87	1	1	0	931.406	0.0	1035.449	null	1231.406	0.09
13.3	0.039325	33187.5	2953.125	2475.0	NaN	NaN	NaN	0	1	1	0	0	0	0	0	0	0	0	0	1	0	0	0	0	1	1	1	0	1	1	1	0	160.0	0.11	0.305	NaN	NaN	0.262	0.678	NaN	NaN	7.86	23.73	NaN	NaN	0.0	"2.5"	"F0034"	1	1	"PR"	205.373	"deionize"	81.911	1	1	0	931.406	0.0	1035.449	null	1241.447	0.09
13.0	0.0385	35250.0	2943.75	2550.0	NaN	NaN	NaN	0	1	1	0	0	0	0	0	0	0	0	0	1	0	0	0	0	1	1	1	0	1	1	1	0	156.0	0.109	0.313	NaN	NaN	0.26	0.696	NaN	NaN	7.8	24.36	NaN	NaN	0.0	"2.5"	"F0034"	1	1	"PR"	215.403	"deionize"	91.941	1	1	0	931.406	0.0	1035.449	null	1251.477	0.09
12.8	0.038225	36375.0	2943.75	2531.25	NaN	NaN	NaN	0	1	1	0	0	0	0	0	0	0	0	0	1	0	0	0	0	1	1	1	0	1	1	1	0	154.0	0.109	0.311	NaN	NaN	0.26	0.691	NaN	NaN	7.8	24.185	NaN	NaN	0.0	"2.5"	"F0034"	1	1	"PR"	225.436	"deionize"	101.974	1	1	0	931.406	0.0	1035.449	null	1261.51	0.087
12.3	0.037125	35437.5	2953.125	2437.5	NaN	NaN	NaN	0	1	1	0	0	0	0	0	0	0	0	0	1	0	0	0	0	1	1	1	0	1	1	1	0	148.0	0.11	0.302	NaN	NaN	0.262	0.671	NaN	NaN	7.86	23.485	NaN	NaN	0.0	"2.5"	"F0034"	1	1	"PR"	235.476	"deionize"	112.014	1	1	0	931.406	0.0	1035.449	null	1271.55	0.09
12.6	0.03685	34312.5	2953.125	2465.625	NaN	NaN	NaN	0	1	1	0	0	0	0	0	0	0	0	0	1	0	0	0	0	1	1	1	0	1	1	1	0	151.0	0.11	0.305	NaN	NaN	0.262	0.678	NaN	NaN	7.86	23.73	NaN	NaN	0.0	"2.5"	"F0034"	1	1	"PR"	245.506	"deionize"	122.044	1	1	0	931.406	0.0	1035.449	null	1281.58	0.09
11.9	0.0363	34687.5	2962.5	2381.25	NaN	NaN	NaN	0	1	1	0	0	0	0	0	0	0	0	0	1	0	0	0	0	1	1	1	0	1	1	1	0	143.0	0.111	0.296	NaN	NaN	0.264	0.658	NaN	NaN	7.92	23.03	NaN	NaN	0.0	"2.5"	"F0034"	1	1	"PR"	255.535	"deionize"	132.073	1	1	0	931.406	0.0	1035.449	null	1291.609	0.087
12.5	0.036025	34125.0	2953.125	2475.0	NaN	NaN	NaN	0	1	1	0	0	0	0	0	0	0	0	0	1	0	0	0	0	1	1	1	0	1	1	1	0	150.0	0.11	0.305	NaN	NaN	0.262	0.678	NaN	NaN	7.86	23.73	NaN	NaN	0.0	"2.5"	"F0034"	1	1	"PR"	265.573	"deionize"	142.111	1	1	0	931.406	0.0	1035.449	null	1301.647	0.091
12.3	0.0363	35812.5	2953.125	2503.125	NaN	NaN	NaN	0	1	1	0	0	0	0	0	0	0	0	0	1	0	0	0	0	1	1	1	0	1	1	1	0	148.0	0.11	0.308	NaN	NaN	0.262	0.684	NaN	NaN	7.86	23.94	NaN	NaN	0.0	"2.5"	"F0034"	1	1	"PR"	275.605	"deionize"	152.143	1	1	0	931.406	0.0	1035.449	null	1311.679	0.09
12.3	0.0352	35625.0	2962.5	2484.375	NaN	NaN	NaN	0	1	1	0	0	0	0	0	0	0	0	0	1	0	0	0	0	1	1	1	0	1	1	1	0	148.0	0.111	0.306	NaN	NaN	0.264	0.68	NaN	NaN	7.92	23.8	NaN	NaN	0.0	"2.5"	"F0034"	1	1	"PR"	285.44	"deionize"	161.978	1	1	0	931.406	0.0	1035.449	null	1321.514	0.086
12.5	0.035475	35437.5	2971.875	2428.125	NaN	NaN	NaN	0	1	1	0	0	0	0	0	0	0	0	0	1	0	0	0	0	1	1	1	0	1	1	1	0	150.0	0.112	0.301	NaN	NaN	0.267	0.669	NaN	NaN	8.01	23.415	NaN	NaN	0.0	"2.5"	"F0034"	1	1	"PR"	295.478	"deionize"	172.016	1	1	0	931.406	0.0	1035.449	null	1331.552	0.087
11.7	0.0341	34500.0	2943.75	2428.125	NaN	NaN	NaN	0	1	1	0	0	0	0	0	0	0	0	0	1	0	0	0	0	1	1	1	0	1	1	1	0	140.0	0.109	0.301	NaN	NaN	0.26	0.669	NaN	NaN	7.8	23.415	NaN	NaN	0.0	"2.5"	"F0034"	1	1	"PR"	305.509	"deionize"	182.047	1	1	0	931.406	0.0	1035.449	null	1341.583	0.09
14.8	0.034375	35437.5	2943.75	2465.625	NaN	NaN	NaN	0	1	1	0	0	0	0	0	0	0	0	0	1	0	0	0	0	1	1	1	0	1	1	1	0	178.0	0.109	0.305	NaN	NaN	0.26	0.678	NaN	NaN	7.8	23.73	NaN	NaN	0.0	"2.5"	"F0034"	1	1	"PR"	315.545	"deionize"	192.083	1	1	0	931.406	0.0	1035.449	null	1351.619	0.092
11.9	0.033825	35062.5	2962.5	2371.875	NaN	NaN	NaN	0	1	1	0	0	0	0	0	0	0	0	0	1	0	0	0	0	1	1	1	0	1	1	1	0	143.0	0.111	0.295	NaN	NaN	0.264	0.656	NaN	NaN	7.92	22.96	NaN	NaN	0.0	"2.5"	"F0034"	1	1	"PR"	325.58	"deionize"	202.118	1	1	0	931.406	0.0	1035.449	null	1361.654	0.09
12.4	0.032725	32625.0	2943.75	2353.125	NaN	NaN	NaN	0	1	1	0	0	0	0	0	0	0	0	0	1	0	0	0	0	1	1	1	0	1	1	1	0	149.0	0.109	0.293	NaN	NaN	0.26	0.651	NaN	NaN	7.8	22.785	NaN	NaN	0.0	"2.5"	"F0034"	1	1	"PR"	335.614	"deionize"	212.152	1	1	0	931.406	0.0	1035.449	null	1371.688	0.09
12.4	0.032725	32250.0	2953.125	2390.625	NaN	NaN	NaN	0	1	1	0	0	0	0	0	0	0	0	0	1	0	0	0	0	1	1	1	0	1	1	1	0	149.0	0.11	0.297	NaN	NaN	0.262	0.66	NaN	NaN	7.86	23.1	NaN	NaN	0.0	"2.5"	"F0034"	1	1	"PR"	345.652	"deionize"	222.19	1	1	0	931.406	0.0	1035.449	null	1381.726	0.092
11.9	0.03245	33187.5	2962.5	2390.625	NaN	NaN	NaN	0	1	1	0	0	0	0	0	0	0	0	0	1	0	0	0	0	1	1	1	0	1	1	1	0	143.0	0.111	0.297	NaN	NaN	0.264	0.66	NaN	NaN	7.92	23.1	NaN	NaN	0.0	"2.5"	"F0034"	1	1	"PR"	355.688	"deionize"	232.226	1	1	0	931.406	0.0	1035.449	null	1391.762	0.087
12.7	0.032175	35437.5	2962.5	2409.375	NaN	NaN	NaN	0	1	1	0	0	0	0	0	0	0	0	0	1	0	0	0	1	1	1	1	0	1	1	1	0	152.0	0.111	0.299	NaN	NaN	0.264	0.664	NaN	NaN	7.92	23.24	NaN	NaN	0.0	"2.5"	"F0034"	1	1	"PR"	365.637	"deionize-uv"	2.121	1	1	0	931.406	0.0	1035.449	null	1401.711	0.091
12.9	0.03135	34500.0	2981.25	2418.75	NaN	NaN	NaN	0	1	1	0	0	0	0	0	0	0	0	0	1	0	0	0	1	1	1	1	0	1	1	1	0	155.0	0.113	0.3	NaN	NaN	0.269	0.667	NaN	NaN	8.07	23.345	NaN	NaN	0.0	"2.5"	"F0034"	1	1	"PR"	375.674	"deionize-uv"	12.158	1	1	0	931.406	0.0	1035.449	null	1411.748	0.088
12.0	0.03135	33187.5	2953.125	2418.75	NaN	NaN	NaN	0	1	1	0	0	0	0	0	0	0	0	0	1	0	0	0	1	1	1	1	0	1	1	1	0	144.0	0.11	0.3	NaN	NaN	0.262	0.667	NaN	NaN	7.86	23.345	NaN	NaN	0.0	"2.5"	"F0034"	1	1	"PR"	385.712	"deionize-uv"	22.196	1	1	0	931.406	0.0	1035.449	null	1421.786	0.09
13.0	0.030525	32812.5	2915.625	2428.125	NaN	NaN	NaN	0	1	1	0	0	0	0	0	0	0	0	0	1	0	0	0	1	1	1	1	0	1	1	1	0	156.0	0.107	0.301	NaN	NaN	0.255	0.669	NaN	NaN	7.65	23.415	NaN	NaN	0.0	"2.5"	"F0034"	1	1	"PR"	395.551	"deionize-uv"	32.035	1	1	0	931.406	0.0	1035.449	null	1431.625	0.085
12.4	0.030525	33187.5	2943.75	2390.625	NaN	NaN	NaN	0	1	1	0	0	0	0	0	0	0	0	0	1	0	0	0	1	1	1	1	0	1	1	1	0	149.0	0.109	0.297	NaN	NaN	0.26	0.66	NaN	NaN	7.8	23.1	NaN	NaN	0.0	"2.5"	"F0034"	1	1	"PR"	405.587	"deionize-uv"	42.071	1	1	0	931.406	0.0	1035.449	null	1441.661	0.086
11.1	0.03025	33750.0	2953.125	2325.0	NaN	NaN	NaN	0	1	1	0	0	0	0	0	0	0	0	0	1	0	0	0	1	1	1	1	0	1	1	1	0	133.0	0.11	0.291	NaN	NaN	0.262	0.647	NaN	NaN	7.86	22.645	NaN	NaN	0.0	"2.5"	"F0034"	1	1	"PR"	415.625	"deionize-uv"	52.109	1	1	0	931.406	0.0	1035.449	null	1451.699	0.086
11.6	0.0297	34687.5	2962.5	2428.125	NaN	NaN	NaN	0	1	1	0	0	0	0	0	0	0	0	0	1	0	0	0	1	1	1	1	0	1	1	1	0	139.0	0.111	0.301	NaN	NaN	0.264	0.669	NaN	NaN	7.92	23.415	NaN	NaN	0.0	"2.5"	"F0034"	1	1	"PR"	425.668	"deionize-uv"	62.152	1	1	0	931.406	0.0	1035.449	null	1461.742	0.087
11.2	0.02915	33937.5	2934.375	2428.125	NaN	NaN	NaN	0	1	1	0	0	0	0	0	0	0	0	0	1	0	0	0	1	1	1	1	0	1	1	1	0	134.0	0.108	0.301	NaN	NaN	0.257	0.669	NaN	NaN	7.71	23.415	NaN	NaN	0.0	"2.5"	"F0034"	1	1	"PR"	435.708	"deionize-uv"	72.192	1	1	0	931.406	0.0	1035.449	null	1471.782	0.084
11.2	0.028875	34312.5	2943.75	2437.5	NaN	NaN	NaN	0	1	1	0	0	0	0	0	0	0	0	0	1	0	0	0	1	1	1	1	0	1	1	1	0	134.0	0.109	0.302	NaN	NaN	0.26	0.671	NaN	NaN	7.8	23.485	NaN	NaN	0.0	"2.5"	"F0034"	1	1	"PR"	445.748	"deionize-uv"	82.232	1	1	0	931.406	0.0	1035.449	null	1481.822	0.087
11.1	0.02805	34687.5	2953.125	2371.875	NaN	NaN	NaN	0	1	1	0	0	0	0	0	0	0	0	0	1	0	0	0	1	1	1	1	0	1	1	1	0	133.0	0.11	0.295	NaN	NaN	0.262	0.656	NaN	NaN	7.86	22.96	NaN	NaN	0.0	"2.5"	"F0034"	1	1	"PR"	455.786	"deionize-uv"	92.27	1	1	0	931.406	0.0	1035.449	null	1491.86	0.09
10.9	0.02805	36750.0	2943.75	2343.75	NaN	NaN	NaN	0	1	1	0	0	0	0	0	0	0	0	0	1	0	0	0	1	1	1	1	0	1	1	1	0	131.0	0.109	0.292	NaN	NaN	0.26	0.649	NaN	NaN	7.8	22.715	NaN	NaN	0.0	"2.5"	"F0034"	1	1	"PR"	465.821	"deionize-uv"	102.305	1	1	0	931.406	0.0	1035.449	null	1501.895	0.086
10.7	0.02805	35812.5	2971.875	2437.5	NaN	NaN	NaN	0	1	1	0	0	0	0	0	0	0	0	0	1	0	0	0	1	1	1	1	0	1	1	1	0	128.0	0.112	0.302	NaN	NaN	0.267	0.671	NaN	NaN	8.01	23.485	NaN	NaN	0.0	"2.5"	"F0034"	1	1	"PR"	475.662	"deionize-uv"	112.146	1	1	0	931.406	0.0	1035.449	null	1511.736	0.088
11.0	0.02695	32250.0	2953.125	2062.5	NaN	NaN	NaN	0	0	1	0	0	0	0	1	0	0	0	0	1	0	0	0	1	1	1	1	0	1	1	1	0	132.0	0.11	0.264	NaN	NaN	0.262	0.587	NaN	NaN	7.86	20.545	NaN	NaN	0.0	"2.5"	"F0034"	1	1	"PR"	485.829	"drain-di-1"	2.136	1	1	0	931.406	0.0	1035.449	null	1521.903	0.086
10.5	0.027225	34687.5	2953.125	1828.125	NaN	NaN	NaN	0	0	1	0	0	0	0	1	0	0	0	0	1	0	0	0	1	1	1	1	0	1	1	1	0	126.0	0.11	0.241	NaN	NaN	0.262	0.536	NaN	NaN	7.86	18.76	NaN	NaN	0.0	"2.5"	"F0034"	1	1	"PR"	495.67	"drain-di-1"	11.977	1	1	0	931.406	0.0	1035.449	null	1531.744	0.085
10.7	0.02695	36187.5	2943.75	1584.375	NaN	NaN	NaN	0	0	1	0	0	0	0	1	0	0	0	0	1	0	0	0	1	1	1	1	0	1	1	1	0	128.0	0.109	0.216	NaN	NaN	0.26	0.48	NaN	NaN	7.8	16.8	NaN	NaN	0.0	"2.5"	"F0034"	1	1	"PR"	505.703	"drain-di-1"	22.01	1	1	0	931.406	0.0	1035.449	null	1541.777	0.084
10.4	0.02695	36375.0	2953.125	1350.0	NaN	NaN	NaN	0	0	1	0	0	0	0	1	0	0	0	0	1	0	0	0	1	1	1	1	0	1	1	1	0	125.0	0.11	0.193	NaN	NaN	0.262	0.429	NaN	NaN	7.86	15.015	NaN	NaN	0.0	"2.5"	"F0034"	1	1	"PR"	515.737	"drain-di-1"	32.044	1	1	0	931.406	0.0	1035.449	null	1551.811	0.084
11.6	0.02585	33937.5	2962.5	1087.5	NaN	NaN	NaN	0	0	1	0	0	0	0	1	0	0	0	0	1	0	0	0	1	1	1	1	0	1	1	1	0	139.0	0.111	0.167	NaN	NaN	0.264	0.371	NaN	NaN	7.92	12.985	NaN	NaN	0.0	"2.5"	"F0034"	1	1	"PR"	525.773	"drain-di-1"	42.08	1	1	0	931.406	0.0	1035.449	null	1561.847	0.084
9.7	0.026125	34312.5	2953.125	843.75	NaN	NaN	NaN	0	0	1	0	0	0	0	1	0	0	0	0	1	0	0	0	1	1	1	1	0	1	1	1	0	116.0	0.11	0.142	NaN	NaN	0.262	0.316	NaN	NaN	7.86	11.06	NaN	NaN	0.0	"2.5"	"F0034"	1	1	"PR"	535.809	"drain-di-1"	52.116	1	1	0	931.406	0.0	1035.449	null	1571.883	0.082
10.1	0.02585	35437.5	2953.125	609.375	NaN	NaN	NaN	0	0	1	0	0	0	0	1	0	0	0	0	1	0	0	0	1	1	1	1	0	1	1	1	0	121.0	0.11	0.119	NaN	NaN	0.262	0.264	NaN	NaN	7.86	9.24	NaN	NaN	0.0	"2.5"	"F0034"	1	1	"PR"	545.846	"drain-di-1"	62.153	1	1	0	931.406	0.0	1035.449	null	1581.92	0.088
10.4	0.0264	35625.0	2981.25	356.25	NaN	NaN	NaN	0	0	1	0	0	0	0	1	0	0	0	0	1	0	0	0	1	1	1	1	0	1	1	1	0	125.0	0.113	0.094	NaN	NaN	0.269	0.209	NaN	NaN	8.07	7.315	NaN	NaN	0.0	"2.5"	"F0034"	1	1	"PR"	555.884	"drain-di-1"	72.191	1	1	0	931.406	0.0	1035.449	null	1591.958	0.087
10.1	0.02585	36375.0	2953.125	93.75	NaN	NaN	NaN	0	0	1	0	0	0	0	1	0	0	0	0	1	0	0	0	1	1	1	1	0	1	1	1	0	121.0	0.11	0.067	NaN	NaN	0.262	0.149	NaN	NaN	7.86	5.215	NaN	NaN	0.0	"2.5"	"F0034"	1	1	"PR"	565.917	"drain-di-1"	82.224	1	1	0	931.406	0.0	1035.449	null	1601.991	0.086
10.1	0.02585	36187.5	2962.5	-131.25	NaN	NaN	NaN	0	0	1	0	0	0	0	1	0	0	0	0	1	0	0	0	1	1	1	1	0	1	1	1	0	121.0	0.111	0.045	NaN	NaN	0.264	0.1	NaN	NaN	7.92	3.5	NaN	NaN	0.0	"2.5"	"F0034"	1	1	"PR"	575.865	"drip-di-1"	8.142	1	1	0	931.406	0.0	1035.449	null	1611.939	0.088
-11.7	0.026125	29625.0	2793.75	-18.75	NaN	NaN	NaN	1	0	0	0	0	1	1	0	0	0	0	0	1	1	0	0	0	1	1	0	1	1	1	0	1	-140.0	0.094	0.056	NaN	NaN	0.224	0.124	NaN	NaN	6.72	4.34	NaN	NaN	0.0	"2.5"	"F0034"	1	0	"PR"	585.867	"reverse-f"	2.974	1	1	0	931.406	0.0	1035.449	null	1621.941	0.085
-11.9	0.027225	29812.5	2812.5	215.625	NaN	NaN	NaN	1	0	0	0	0	1	1	0	0	0	0	0	1	1	0	0	0	1	1	0	1	1	1	0	1	-143.0	0.096	0.08	NaN	NaN	0.229	0.178	NaN	NaN	6.87	6.23	NaN	NaN	0.0	"2.5"	"F0034"	1	0	"PR"	595.905	"reverse-f"	13.012	1	1	0	931.406	0.0	1035.449	null	1631.979	0.083
-12.4	0.03025	29625.0	2812.5	506.25	NaN	NaN	NaN	1	0	0	0	0	1	1	0	0	0	0	0	1	1	0	0	0	1	1	0	1	1	1	0	1	-149.0	0.096	0.109	NaN	NaN	0.229	0.242	NaN	NaN	6.87	8.47	NaN	NaN	0.0	"2.5"	"F0034"	1	0	"PR"	605.944	"reverse-f"	23.051	1	1	0	931.406	0.0	1035.449	null	1642.018	0.084
-11.4	0.03245	30000.0	2784.375	796.875	NaN	NaN	NaN	1	0	0	0	0	1	1	0	0	0	0	0	1	1	0	0	0	1	1	0	1	1	1	0	1	-137.0	0.093	0.138	NaN	NaN	0.221	0.307	NaN	NaN	6.63	10.745	NaN	NaN	0.0	"2.5"	"F0034"	1	0	"PR"	615.98	"reverse-f"	33.087	1	1	0	931.406	0.0	1035.449	null	1652.054	0.083
-12.0	0.0352	30187.5	2803.125	1068.75	NaN	NaN	NaN	1	0	0	0	0	1	1	0	0	0	0	0	1	1	0	0	0	1	1	0	1	1	1	0	1	-144.0	0.095	0.165	NaN	NaN	0.226	0.367	NaN	NaN	6.78	12.845	NaN	NaN	0.0	"2.5"	"F0034"	1	0	"PR"	625.817	"reverse-f"	42.924	1	1	0	931.406	0.0	1035.449	null	1661.891	0.086
-11.9	0.038225	30375.0	2784.375	1378.125	NaN	NaN	NaN	1	0	0	0	0	1	1	0	0	0	0	0	1	1	0	0	0	1	1	0	1	1	1	0	1	-143.0	0.093	0.196	NaN	NaN	0.221	0.436	NaN	NaN	6.63	15.26	NaN	NaN	0.0	"2.5"	"F0034"	1	0	"PR"	635.858	"reverse-f"	52.965	1	1	0	931.406	0.0	1035.449	null	1671.932	0.086
-12.2	0.040425	29812.5	2775.0	1696.875	NaN	NaN	NaN	1	0	0	0	0	1	1	0	0	0	0	0	1	1	0	0	0	1	1	0	1	1	1	0	1	-146.0	0.093	0.228	NaN	NaN	0.221	0.507	NaN	NaN	6.63	17.745	NaN	NaN	0.0	"2.5"	"F0034"	1	0	"PR"	645.894	"reverse-f"	63.001	1	1	0	931.406	0.0	1035.449	null	1681.968	0.086
-12.7	0.042625	28500.0	2803.125	1968.75	NaN	NaN	NaN	1	0	0	0	0	1	1	0	0	0	0	0	1	1	0	0	0	1	1	0	1	1	1	0	1	-152.0	0.095	0.255	NaN	NaN	0.226	0.567	NaN	NaN	6.78	19.845	NaN	NaN	0.0	"2.5"	"F0034"	1	0	"PR"	655.931	"reverse-f"	73.038	1	1	0	931.406	0.0	1035.449	null	1692.005	0.086
-12.5	0.04455	29250.0	2812.5	2250.0	NaN	NaN	NaN	1	0	0	0	0	1	1	0	0	0	0	0	1	1	0	0	0	1	1	0	1	1	1	0	1	-150.0	0.096	0.283	NaN	NaN	0.229	0.629	NaN	NaN	6.87	22.015	NaN	NaN	0.0	"2.5"	"F0034"	1	0	"PR"	665.97	"reverse-f"	83.077	1	1	0	931.406	0.0	1035.449	null	1702.044	0.084
-12.0	0.0462	29812.5	2793.75	2287.5	NaN	NaN	NaN	0	0	0	0	0	1	1	0	0	0	0	0	1	0	0	0	0	1	1	0	1	1	1	0	1	-144.0	0.094	0.287	NaN	NaN	0.224	0.638	NaN	NaN	6.72	22.33	NaN	NaN	0.0	"2.5"	"F0034"	1	0	"PR"	675.917	"reverse"	93.024	1	1	0	931.406	0.0	1035.449	null	1711.991	0.083
-11.4	0.0473	30000.0	2812.5	2278.125	NaN	NaN	NaN	0	0	0	0	0	1	1	0	0	0	0	0	1	0	0	0	0	1	1	0	1	1	1	0	1	-137.0	0.096	0.286	NaN	NaN	0.229	0.636	NaN	NaN	6.87	22.26	NaN	NaN	0.0	"2.5"	"F0034"	1	0	"PR"	685.957	"reverse"	103.064	1	1	0	931.406	0.0	1035.449	null	1722.031	0.086
-10.9	0.0484	30562.5	2831.25	2287.5	NaN	NaN	NaN	0	0	0	0	0	1	1	0	0	0	0	0	1	0	0	0	0	1	1	0	1	1	1	0	1	-131.0	0.098	0.287	NaN	NaN	0.233	0.638	NaN	NaN	6.99	22.33	NaN	NaN	0.0	"2.5"	"F0034"	1	0	"PR"	695.996	"reverse"	113.103	1	1	0	931.406	0.0	1035.449	null	1732.07	0.084
-11.7	0.04895	30187.5	2784.375	2259.375	NaN	NaN	NaN	0	0	0	0	0	1	1	0	0	0	0	0	1	0	0	0	0	1	1	0	1	1	1	0	1	-140.0	0.093	0.284	NaN	NaN	0.221	0.631	NaN	NaN	6.63	22.085	NaN	NaN	0.0	"2.5"	"F0034"	1	0	"PR"	706.035	"reverse"	123.142	1	1	0	931.406	0.0	1035.449	null	1742.109	0.086
-11.8	0.049775	28875.0	2812.5	2296.875	NaN	NaN	NaN	0	0	0	0	0	1	1	0	0	0	0	0	1	0	0	0	0	1	1	0	1	1	1	0	1	-142.0	0.096	0.288	NaN	NaN	0.229	0.64	NaN	NaN	6.87	22.4	NaN	NaN	0.0	"2.5"	"F0034"	1	0	"PR"	716.071	"reverse"	133.178	1	1	0	931.406	0.0	1035.449	null	1752.145	0.087
-11.0	0.050875	29250.0	2812.5	2240.625	NaN	NaN	NaN	0	0	0	0	0	1	1	0	0	0	0	0	1	0	0	0	0	1	1	0	1	1	1	0	1	-132.0	0.096	0.282	NaN	NaN	0.229	0.627	NaN	NaN	6.87	21.945	NaN	NaN	0.0	"2.5"	"F0034"	1	0	"PR"	726.109	"reverse"	143.216	1	1	0	931.406	0.0	1035.449	null	1762.183	0.084
-0.7	0.05115	1875.0	2981.25	2287.5	NaN	NaN	NaN	0	0	0	0	0	0	0	0	0	0	0	0	0	0	0	0	0	0	0	0	1	0	0	0	1	-8.0	0.113	0.287	NaN	NaN	0.269	0.638	NaN	NaN	8.07	22.33	NaN	NaN	0.0	"2.5"	"F0034"	0	0	"PR"	736.041	"diffuse"	3.105	1	1	1	931.406	0.0	1035.449	null	1772.115	0.083
-1.5	0.0517	1875.0	2971.875	2278.125	NaN	NaN	NaN	0	0	0	0	0	0	0	0	0	0	0	0	0	0	0	0	0	0	0	0	1	0	0	0	1	-18.0	0.112	0.286	NaN	NaN	0.267	0.636	NaN	NaN	8.01	22.26	NaN	NaN	0.0	"2.5"	"F0034"	0	0	"PR"	746.082	"diffuse"	13.146	1	1	1	931.406	0.0	1035.449	null	1782.156	0.086
-1.2	0.051425	1312.5	2990.625	2287.5	NaN	NaN	NaN	0	0	0	0	0	0	0	0	0	0	0	0	0	0	0	0	0	0	0	0	1	0	0	0	1	-14.0	0.114	0.287	NaN	NaN	0.271	0.638	NaN	NaN	8.13	22.33	NaN	NaN	0.0	"2.5"	"F0034"	0	0	"PR"	756.123	"diffuse"	23.187	1	1	1	931.406	0.0	1035.449	null	1792.197	0.083
-11.9	0.050875	30187.5	2793.75	2278.125	NaN	NaN	NaN	0	0	0	0	0	1	1	0	0	0	0	0	1	0	0	0	0	1	1	0	1	1	1	0	1	-143.0	0.094	0.286	NaN	NaN	0.224	0.636	NaN	NaN	6.72	22.26	NaN	NaN	0.0	"2.5"	"F0034"	1	0	"PR"	766.059	"wash-en"	3.108	1	1	1	931.406	0.0	1035.449	null	1802.133	0.092
-10.3	0.05225	30375.0	2803.125	2259.375	NaN	NaN	NaN	0	0	0	0	0	1	1	0	0	0	0	0	1	0	0	0	0	1	1	0	1	1	1	0	1	-124.0	0.095	0.284	NaN	NaN	0.226	0.631	NaN	NaN	6.78	22.085	NaN	NaN	0.0	"2.5"	"F0034"	1	0	"PR"	776.096	"wash-en"	13.145	1	1	1	931.406	0.0	1035.449	null	1812.17	0.09
-0.1	0.051975	30187.5	2840.625	2278.125	NaN	NaN	NaN	0	0	0	0	0	1	1	0	0	0	0	0	1	0	0	0	0	0	0	0	1	0	0	0	1	-1.0	0.099	0.286	NaN	NaN	0.236	0.636	NaN	NaN	7.08	22.26	NaN	NaN	0.0	"2.5"	"F0034"	0	0	"PR"	786.018	"wash-sc"	2.896	1	1	1	931.406	0.0	1035.449	null	1822.092	0.09
-0.6	0.053075	1875.0	2971.875	2278.125	NaN	NaN	NaN	0	0	0	0	0	0	0	0	0	0	0	0	0	0	0	0	0	0	0	0	1	0	0	0	1	-7.0	0.112	0.286	NaN	NaN	0.267	0.636	NaN	NaN	8.01	22.26	NaN	NaN	0.0	"2.5"	"F0034"	0	0	"PR"	796.058	"diffuse"	2.81	1	1	2	931.406	0.0	1035.449	null	1832.132	0.092
-0.8	0.053075	1875.0	2981.25	2278.125	NaN	NaN	NaN	0	0	0	0	0	0	0	0	0	0	0	0	0	0	0	0	0	0	0	0	1	0	0	0	1	-10.0	0.113	0.286	NaN	NaN	0.269	0.636	NaN	NaN	8.07	22.26	NaN	NaN	0.0	"2.5"	"F0034"	0	0	"PR"	806.095	"diffuse"	12.847	1	1	2	931.406	0.0	1035.449	null	1842.169	0.089
-0.8	0.053625	2250.0	2971.875	2287.5	NaN	NaN	NaN	0	0	0	0	0	0	0	0	0	0	0	0	0	0	0	0	0	0	0	0	1	0	0	0	1	-10.0	0.112	0.287	NaN	NaN	0.267	0.638	NaN	NaN	8.01	22.33	NaN	NaN	0.0	"2.5"	"F0034"	0	0	"PR"	816.133	"diffuse"	22.885	1	1	2	931.406	0.0	1035.449	null	1852.207	0.089
-11.9	0.051975	30187.5	2803.125	2278.125	NaN	NaN	NaN	0	0	0	0	0	1	1	0	0	0	0	0	1	0	0	0	0	1	1	0	1	1	1	0	1	-143.0	0.095	0.286	NaN	NaN	0.226	0.636	NaN	NaN	6.78	22.26	NaN	NaN	0.0	"2.5"	"F0034"	1	0	"PR"	826.056	"wash-en"	2.694	1	1	2	931.406	0.0	1035.449	null	1862.13	0.092
-11.3	0.05225	29812.5	2840.625	2259.375	NaN	NaN	NaN	0	0	0	0	0	1	1	0	0	0	0	0	1	0	0	0	0	1	1	0	1	1	1	0	1	-136.0	0.099	0.284	NaN	NaN	0.236	0.631	NaN	NaN	7.08	22.085	NaN	NaN	0.0	"2.5"	"F0034"	1	0	"PR"	836.091	"wash-en"	12.729	1	1	2	931.406	0.0	1035.449	null	1872.165	0.086
-0.4	0.0528	30000.0	2821.875	2287.5	NaN	NaN	NaN	0	0	0	0	0	1	1	0	0	0	0	0	1	0	0	0	0	0	0	0	1	0	0	0	1	-5.0	0.097	0.287	NaN	NaN	0.231	0.638	NaN	NaN	6.93	22.33	NaN	NaN	0.0	"2.5"	"F0034"	0	0	"PR"	846.22	"wash-sc"	2.7	1	1	2	931.406	0.0	1035.449	null	1882.294	0.09
0.6	0.053625	2625.0	2981.25	2296.875	NaN	NaN	NaN	0	0	0	0	0	0	0	0	0	0	0	0	0	0	0	0	0	0	0	0	1	0	0	0	1	7.0	0.113	0.288	NaN	NaN	0.269	0.64	NaN	NaN	8.07	22.4	NaN	NaN	0.0	"2.5"	"F0034"	0	0	"PR"	856.258	"diffuse"	2.609	1	1	3	931.406	0.0	1035.449	null	1892.332	0.086
-0.4	0.0528	562.5	2981.25	2278.125	NaN	NaN	NaN	0	0	0	0	0	0	0	0	0	0	0	0	0	0	0	0	0	0	0	0	1	0	0	0	1	-5.0	0.113	0.286	NaN	NaN	0.269	0.636	NaN	NaN	8.07	22.26	NaN	NaN	0.0	"2.5"	"F0034"	0	0	"PR"	866.091	"diffuse"	12.442	1	1	3	931.406	0.0	1035.449	null	1902.165	0.09
-0.4	0.05335	1500.0	2981.25	2287.5	NaN	NaN	NaN	0	0	0	0	0	0	0	0	0	0	0	0	0	0	0	0	0	0	0	0	1	0	0	0	1	-5.0	0.113	0.287	NaN	NaN	0.269	0.638	NaN	NaN	8.07	22.33	NaN	NaN	0.0	"2.5"	"F0034"	0	0	"PR"	876.129	"diffuse"	22.48	1	1	3	931.406	0.0	1035.449	null	1912.203	0.089
-11.8	0.0528	29812.5	2803.125	2259.375	NaN	NaN	NaN	0	0	0	0	0	1	1	0	0	0	0	0	1	0	0	0	0	1	1	0	1	1	1	0	1	-142.0	0.095	0.284	NaN	NaN	0.226	0.631	NaN	NaN	6.78	22.085	NaN	NaN	0.0	"2.5"	"F0034"	1	0	"PR"	886.262	"wash-en"	2.504	1	1	3	931.406	0.0	1035.449	null	1922.336	0.091
-12.5	0.053075	30000.0	2821.875	2278.125	NaN	NaN	NaN	0	0	0	0	0	1	1	0	0	0	0	0	1	0	0	0	0	1	1	0	1	1	1	0	1	-150.0	0.097	0.286	NaN	NaN	0.231	0.636	NaN	NaN	6.93	22.26	NaN	NaN	0.0	"2.5"	"F0034"	1	0	"PR"	896.298	"wash-en"	12.54	1	1	3	931.406	0.0	1035.449	null	1932.372	0.089
1.5	0.053075	30187.5	2803.125	2278.125	NaN	NaN	NaN	0	0	0	0	0	1	1	0	0	0	0	0	1	0	0	0	0	0	0	0	1	0	0	0	1	18.0	0.095	0.286	NaN	NaN	0.226	0.636	NaN	NaN	6.78	22.26	NaN	NaN	0.0	"2.5"	"F0034"	0	0	"PR"	906.219	"wash-sc"	2.297	1	1	3	931.406	0.0	1035.449	null	1942.293	0.09
