cur	ec	mod-ps	rg-ps	di-ps	fw1-ps	fw2-ps	pf-ps	vlv-di-fill	vlv-di-in	vlv-di-out	vlv-rg-fill	vlv-rg-drain	vlv-rg-in	vlv-rg-out	vlv-fw1-in	vlv-fw1-out	vlv-fw2-in	vlv-po	vlv-mod-drain	pmp-sys	pmp-di	pmp-fw1	pmp-fw2	uv	en-anode1	en-cath1	pl-anode1	pl-cath1	en-anode2	en-cath2	pl-anode2	pl-cath2	pw	rg-he	di-he	fw1-he	fw2-he	rg-lev	di-lev	fw1-lev	fw2-lev	rg-vol	di-vol	fw1-vol	fw2-vol	pr-ec	ver	sn	mod-en	mod-pl	proc	proc-time	ph	ph-time	count	cyc	rnd	pr-last	rc-last	fr-last	halt-re	time	exec
2.6	0.050875	22500.0	2850.0	2268.75	NaN	NaN	NaN	0	0	0	0	0	1	1	0	0	0	0	0	1	0	0	0	0	0	0	0	1	0	0	0	1	31.0	0.1	0.285	NaN	NaN	0.238	0.633	NaN	NaN	7.14	22.155	NaN	NaN	0.0	"2.5"	"F0034"	0	0	"PR"	8.25	"prime"	7.431	0	0	0	0.0	0.0	0.0	null	10.045	0.09
4.3	0.050875	24000.0	2803.125	2296.875	NaN	NaN	NaN	0	0	0	0	0	1	1	0	0	0	0	0	1	0	0	0	0	0	0	0	1	0	0	0	1	52.0	0.095	0.288	NaN	NaN	0.226	0.64	NaN	NaN	6.78	22.4	NaN	NaN	0.0	"2.5"	"F0034"	0	0	"PR"	8.451	"prime"	7.632	0	0	0	0.0	0.0	0.0	null	10.246	0.089
3.2	0.050875	23062.5	2793.75	2306.25	NaN	NaN	NaN	0	0	0	0	0	1	1	0	0	0	0	0	1	0	0	0	0	0	0	0	1	0	0	0	1	38.0	0.094	0.289	NaN	NaN	0.224	0.642	NaN	NaN	6.72	22.47	NaN	NaN	0.0	"2.5"	"F0034"	0	0	"PR"	18.291	"prime"	17.472	0	0	0	0.0	0.0	0.0	null	20.086	0.087
3.0	0.050875	24750.0	2784.375	2315.625	NaN	NaN	NaN	0	0	0	0	0	1	1	0	0	0	0	0	1	0	0	0	0	0	0	0	1	0	0	0	1	36.0	0.093	0.29	NaN	NaN	0.221	0.644	NaN	NaN	6.63	22.54	NaN	NaN	0.0	"2.5"	"F0034"	0	0	"PR"	28.325	"prime"	27.506	0	0	0	0.0	0.0	0.0	null	30.12	0.088
-11.8	0.050325	29812.5	2990.625	2615.625	NaN	NaN	NaN	0	1	1	0	0	0	0	0	0	0	0	0	1	0	0	0	0	1	1	0	1	1	1	0	1	-142.0	0.114	0.32	NaN	NaN	0.271	0.711	NaN	NaN	8.13	24.885	NaN	NaN	0.0	"2.5"	"F0034"	1	0	"PR"	38.364	"deionize"	7.029	0	1	0	0.0	0.0	0.0	null	40.159	0.085
-13.4	0.049775	29437.5	2990.625	2540.625	NaN	NaN	NaN	0	1	1	0	0	0	0	0	0	0	0	0	1	0	0	0	0	1	1	0	1	1	1	0	1	-161.0	0.114	0.312	NaN	NaN	0.271	0.693	NaN	NaN	8.13	24.255	NaN	NaN	0.0	"2.5"	"F0034"	1	0	"PR"	48.405	"deionize"	17.07	0	1	0	0.0	0.0	0.0	null	50.2	0.094
-11.9	0.048125	29625.0	2981.25	2512.5	NaN	NaN	NaN	0	1	1	0	0	0	0	0	0	0	0	0	1	0	0	0	0	1	1	0	1	1	1	0	1	-143.0	0.113	0.309	NaN	NaN	0.269	0.687	NaN	NaN	8.07	24.045	NaN	NaN	0.0	"2.5"	"F0034"	1	0	"PR"	58.441	"deionize"	27.106	0	1	0	0.0	0.0	0.0	null	60.236	0.095
-12.0	0.047025	30375.0	2981.25	2578.125	NaN	NaN	NaN	0	1	1	0	0	0	0	0	0	0	0	0	1	0	0	0	0	1	1	0	1	1	1	0	1	-144.0	0.113	0.316	NaN	NaN	0.269	0.702	NaN	NaN	8.07	24.57	NaN	NaN	0.0	"2.5"	"F0034"	1	0	"PR"	68.478	"deionize"	37.143	0	1	0	0.0	0.0	0.0	null	70.273	0.096
-11.9	0.044825	30000.0	2953.125	2559.375	NaN	NaN	NaN	0	1	1	0	0	0	0	0	0	0	0	0	1	0	0	0	0	1	1	0	1	1	1	0	1	-143.0	0.11	0.314	NaN	NaN	0.262	0.698	NaN	NaN	7.86	24.43	NaN	NaN	0.0	"2.5"	"F0034"	1	0	"PR"	78.515	"deionize"	47.18	0	1	0	0.0	0.0	0.0	null	80.31	0.09
-12.8	0.043725	28687.5	2962.5	2475.0	NaN	NaN	NaN	0	1	1	0	0	0	0	0	0	0	0	0	1	0	0	0	0	1	1	0	1	1	1	0	1	-154.0	0.111	0.305	NaN	NaN	0.264	0.678	NaN	NaN	7.92	23.73	NaN	NaN	0.0	"2.5"	"F0034"	1	0	"PR"	88.35	"deionize"	57.015	0	1	0	0.0	0.0	0.0	null	90.145	0.082
-12.5	0.0418	29812.5	2981.25	2484.375	NaN	NaN	NaN	0	1	1	0	0	0	0	0	0	0	0	0	1	0	0	0	0	1	1	0	1	1	1	0	1	-150.0	0.113	0.306	NaN	NaN	0.269	0.68	NaN	NaN	8.07	23.8	NaN	NaN	0.0	"2.5"	"F0034"	1	0	"PR"	98.388	"deionize"	67.053	0	1	0	0.0	0.0	0.0	null	100.183	0.087
-11.7	0.040425	29812.5	2981.25	2578.125	NaN	NaN	NaN	0	1	1	0	0	0	0	0	0	0	0	0	1	0	0	0	0	1	1	0	1	1	1	0	1	-140.0	0.113	0.316	NaN	NaN	0.269	0.702	NaN	NaN	8.07	24.57	NaN	NaN	0.0	"2.5"	"F0034"	1	0	"PR"	108.423	"deionize"	77.088	0	1	0	0.0	0.0	0.0	null	110.218	0.095
-11.6	0.038775	30375.0	2981.25	2456.25	NaN	NaN	NaN	0	1	1	0	0	0	0	0	0	0	0	0	1	0	0	0	0	1	1	0	1	1	1	0	1	-139.0	0.113	0.304	NaN	NaN	0.269	0.676	NaN	NaN	8.07	23.66	NaN	NaN	0.0	"2.5"	"F0034"	1	0	"PR"	118.461	"deionize"	87.126	0	1	0	0.0	0.0	0.0	null	120.256	0.096
-11.3	0.0374	30000.0	2962.5	2512.5	NaN	NaN	NaN	0	1	1	0	0	0	0	0	0	0	0	0	1	0	0	0	0	1	1	0	1	1	1	0	1	-136.0	0.111	0.309	NaN	NaN	0.264	0.687	NaN	NaN	7.92	24.045	NaN	NaN	0.0	"2.5"	"F0034"	1	0	"PR"	128.501	"deionize"	97.166	0	1	0	0.0	0.0	0.0	null	130.296	0.09
-11.0	0.0363	30000.0	3009.375	2437.5	NaN	NaN	NaN	0	1	1	0	0	0	0	0	0	0	0	0	1	0	0	0	0	1	1	0	1	1	1	0	1	-132.0	0.116	0.302	NaN	NaN	0.276	0.671	NaN	NaN	8.28	23.485	NaN	NaN	0.0	"2.5"	"F0034"	1	0	"PR"	138.538	"deionize"	107.203	0	1	0	0.0	0.0	0.0	null	140.333	0.094
-11.2	0.03575	30562.5	2990.625	2521.875	NaN	NaN	NaN	0	1	1	0	0	0	0	0	0	0	0	0	1	0	0	0	0	1	1	0	1	1	1	0	1	-134.0	0.114	0.31	NaN	NaN	0.271	0.689	NaN	NaN	8.13	24.115	NaN	NaN	0.0	"2.5"	"F0034"	1	0	"PR"	148.578	"deionize"	117.243	0	1	0	0.0	0.0	0.0	null	150.373	0.096
-11.6	0.03465	29062.5	2981.25	2362.5	NaN	NaN	NaN	0	1	1	0	0	0	0	0	0	0	0	0	1	0	0	0	0	1	1	0	1	1	1	0	1	-139.0	0.113	0.294	NaN	NaN	0.269	0.653	NaN	NaN	8.07	22.855	NaN	NaN	0.0	"2.5"	"F0034"	1	0	"PR"	158.613	"deionize"	127.278	0	1	0	0.0	0.0	0.0	null	160.408	0.094
-10.1	0.033825	29812.5	2981.25	2418.75	NaN	NaN	NaN	0	1	1	0	0	0	0	0	0	0	0	0	1	0	0	0	0	1	1	0	1	1	1	0	1	-121.0	0.113	0.3	NaN	NaN	0.269	0.667	NaN	NaN	8.07	23.345	NaN	NaN	0.0	"2.5"	"F0034"	1	0	"PR"	168.452	"deionize"	137.117	0	1	0	0.0	0.0	0.0	null	170.247	0.09
-14.2	0.03355	29250.0	2971.875	2400.0	NaN	NaN	NaN	0	1	1	0	0	0	0	0	0	0	0	0	1	0	0	0	0	1	1	0	1	1	1	0	1	-170.0	0.112	0.298	NaN	NaN	0.267	0.662	NaN	NaN	8.01	23.17	NaN	NaN	0.0	"2.5"	"F0034"	1	0	"PR"	178.488	"deionize"	147.153	0	1	0	0.0	0.0	0.0	null	180.283	0.087
-10.9	0.03355	30750.0	3000.0	2512.5	NaN	NaN	NaN	0	1	1	0	0	0	0	0	0	0	0	0	1	0	0	0	0	1	1	0	1	1	1	0	1	-131.0	0.115	0.309	NaN	NaN	0.274	0.687	NaN	NaN	8.22	24.045	NaN	NaN	0.0	"2.5"	"F0034"	1	0	"PR"	188.523	"deionize"	157.188	0	1	0	0.0	0.0	0.0	null	190.318	0.087
-10.2	0.033	30000.0	2990.625	2475.0	NaN	NaN	NaN	0	1	1	0	0	0	0	0	0	0	0	0	1	0	0	0	0	1	1	0	1	1	1	0	1	-122.0	0.114	0.305	NaN	NaN	0.271	0.678	NaN	NaN	8.13	23.73	NaN	NaN	0.0	"2.5"	"F0034"	1	0	"PR"	198.562	"deionize"	167.227	0	1	0	0.0	0.0	0.0	null	200.357	0.087
-9.8	0.033	30187.5	2971.875	2418.75	NaN	NaN	NaN	0	1	1	0	0	0	0	0	0	0	0	0	1	0	0	0	0	1	1	0	1	1	1	0	1	-118.0	0.112	0.3	NaN	NaN	0.267	0.667	NaN	NaN	8.01	23.345	NaN	NaN	0.0	"2.5"	"F0034"	1	0	"PR"	208.6	"deionize"	177.265	0	1	0	0.0	0.0	0.0	null	210.395	0.086
-9.8	0.031625	30000.0	3000.0	2390.625	NaN	NaN	NaN	0	1	1	0	0	0	0	0	0	0	0	0	1	0	0	0	0	1	1	0	1	1	1	0	1	-118.0	0.115	0.297	NaN	NaN	0.274	0.66	NaN	NaN	8.22	23.1	NaN	NaN	0.0	"2.5"	"F0034"	1	0	"PR"	218.639	"deionize"	187.304	0	1	0	0.0	0.0	0.0	null	220.434	0.084
-10.7	0.031625	30750.0	2981.25	2446.875	NaN	NaN	NaN	0	1	1	0	0	0	0	0	0	0	0	0	1	0	0	0	0	1	1	0	1	1	1	0	1	-128.0	0.113	0.303	NaN	NaN	0.269	0.673	NaN	NaN	8.07	23.555	NaN	NaN	0.0	"2.5"	"F0034"	1	0	"PR"	228.68	"deionize"	197.345	0	1	0	0.0	0.0	0.0	null	230.475	0.093
-9.8	0.030525	30187.5	2981.25	2475.0	NaN	NaN	NaN	0	1	1	0	0	0	0	0	0	0	0	0	1	0	0	0	0	1	1	0	1	1	1	0	1	-118.0	0.113	0.305	NaN	NaN	0.269	0.678	NaN	NaN	8.07	23.73	NaN	NaN	0.0	"2.5"	"F0034"	1	0	"PR"	238.518	"deionize"	207.183	0	1	0	0.0	0.0	0.0	null	240.313	0.085
-9.9	0.030525	29625.0	2990.625	2484.375	NaN	NaN	NaN	0	1	1	0	0	0	0	0	0	0	0	0	1	0	0	0	0	1	1	0	1	1	1	0	1	-119.0	0.114	0.306	NaN	NaN	0.271	0.68	NaN	NaN	8.13	23.8	NaN	NaN	0.0	"2.5"	"F0034"	1	0	"PR"	248.55	"deionize"	217.215	0	1	0	0.0	0.0	0.0	null	250.345	0.091
-9.3	0.030525	30750.0	2981.25	2409.375	NaN	NaN	NaN	0	1	1	0	0	0	0	0	0	0	0	0	1	0	0	0	0	1	1	0	1	1	1	0	1	-112.0	0.113	0.299	NaN	NaN	0.269	0.664	NaN	NaN	8.07	23.24	NaN	NaN	0.0	"2.5"	"F0034"	1	0	"PR"	258.59	"deionize"	227.255	0	1	0	0.0	0.0	0.0	null	260.385	0.09
-9.1	0.03025	29437.5	2981.25	2437.5	NaN	NaN	NaN	0	1	1	0	0	0	0	0	0	0	0	0	1	0	0	0	0	1	1	0	1	1	1	0	1	-109.0	0.113	0.302	NaN	NaN	0.269	0.671	NaN	NaN	8.07	23.485	NaN	NaN	0.0	"2.5"	"F0034"	1	0	"PR"	268.629	"deionize"	237.294	0	1	0	0.0	0.0	0.0	null	270.424	0.084
-9.1	0.029975	30000.0	2971.875	2437.5	NaN	NaN	NaN	0	1	1	0	0	0	0	0	0	0	0	0	1	0	0	0	1	1	1	0	1	1	1	0	1	-109.0	0.112	0.302	NaN	NaN	0.267	0.671	NaN	NaN	8.01	23.485	NaN	NaN	0.0	"2.5"	"F0034"	1	0	"PR"	278.578	"deionize-uv"	7.137	0	1	0	0.0	0.0	0.0	null	280.373	0.091
-9.2	0.0297	30000.0	2990.625	2362.5	NaN	NaN	NaN	0	1	1	0	0	0	0	0	0	0	0	0	1	0	0	0	1	1	1	0	1	1	1	0	1	-110.0	0.114	0.294	NaN	NaN	0.271	0.653	NaN	NaN	8.13	22.855	NaN	NaN	0.0	"2.5"	"F0034"	1	0	"PR"	288.618	"deionize-uv"	17.177	0	1	0	0.0	0.0	0.0	null	290.413	0.088
-7.6	0.0286	29250.0	2981.25	2512.5	NaN	NaN	NaN	0	1	1	0	0	0	0	0	0	0	0	0	1	0	0	0	1	1	1	0	1	1	1	0	1	-91.0	0.113	0.309	NaN	NaN	0.269	0.687	NaN	NaN	8.07	24.045	NaN	NaN	0.0	"2.5"	"F0034"	1	0	"PR"	298.657	"deionize-uv"	27.216	0	1	0	0.0	0.0	0.0	null	300.452	0.089
-9.0	0.0286	30375.0	2981.25	2512.5	NaN	NaN	NaN	0	1	1	0	0	0	0	0	0	0	0	0	1	0	0	0	1	1	1	0	1	1	1	0	1	-108.0	0.113	0.309	NaN	NaN	0.269	0.687	NaN	NaN	8.07	24.045	NaN	NaN	0.0	"2.5"	"F0034"	1	0	"PR"	308.695	"deionize-uv"	37.254	0	1	0	0.0	0.0	0.0	null	310.49	0.089
-8.9	0.028325	29250.0	2981.25	2446.875	NaN	NaN	NaN	0	1	1	0	0	0	0	0	0	0	0	0	1	0	0	0	1	1	1	0	1	1	1	0	1	-107.0	0.113	0.303	NaN	NaN	0.269	0.673	NaN	NaN	8.07	23.555	NaN	NaN	0.0	"2.5"	"F0034"	1	0	"PR"	318.732	"deionize-uv"	47.291	0	1	0	0.0	0.0	0.0	null	320.527	0.09
-9.1	0.028875	29812.5	2981.25	2428.125	NaN	NaN	NaN	0	1	1	0	0	0	0	0	0	0	0	0	1	0	0	0	1	1	1	0	1	1	1	0	1	-109.0	0.113	0.301	NaN	NaN	0.269	0.669	NaN	NaN	8.07	23.415	NaN	NaN	0.0	"2.5"	"F0034"	1	0	"PR"	328.772	"deionize-uv"	57.331	0	1	0	0.0	0.0	0.0	null	330.567	0.088
-8.5	0.027775	29625.0	2981.25	2390.625	NaN	NaN	NaN	0	1	1	0	0	0	0	0	0	0	0	0	1	0	0	0	1	1	1	0	1	1	1	0	1	-102.0	0.113	0.297	NaN	NaN	0.269	0.66	NaN	NaN	8.07	23.1	NaN	NaN	0.0	"2.5"	"F0034"	1	0	"PR"	338.811	"deionize-uv"	67.37	0	1	0	0.0	0.0	0.0	null	340.606	0.081
-8.4	0.02805	30187.5	2981.25	2475.0	NaN	NaN	NaN	0	1	1	0	0	0	0	0	0	0	0	0	1	0	0	0	1	1	1	0	1	1	1	0	1	-101.0	0.113	0.305	NaN	NaN	0.269	0.678	NaN	NaN	8.07	23.73	NaN	NaN	0.0	"2.5"	"F0034"	1	0	"PR"	348.649	"deionize-uv"	77.208	0	1	0	0.0	0.0	0.0	null	350.444	0.09
-8.1	0.027225	29437.5	2981.25	2371.875	NaN	NaN	NaN	0	1	1	0	0	0	0	0	0	0	0	0	1	0	0	0	1	1	1	0	1	1	1	0	1	-97.0	0.113	0.295	NaN	NaN	0.269	0.656	NaN	NaN	8.07	22.96	NaN	NaN	0.0	"2.5"	"F0034"	1	0	"PR"	358.693	"deionize-uv"	87.252	0	1	0	0.0	0.0	0.0	null	360.488	0.092
-7.9	0.026675	30000.0	2981.25	2409.375	NaN	NaN	NaN	0	1	1	0	0	0	0	0	0	0	0	0	1	0	0	0	1	1	1	0	1	1	1	0	1	-95.0	0.113	0.299	NaN	NaN	0.269	0.664	NaN	NaN	8.07	23.24	NaN	NaN	0.0	"2.5"	"F0034"	1	0	"PR"	368.727	"deionize-uv"	97.286	0	1	0	0.0	0.0	0.0	null	370.522	0.086
-7.1	0.02695	30000.0	2981.25	2484.375	NaN	NaN	NaN	0	1	1	0	0	0	0	0	0	0	0	0	1	0	0	0	1	1	1	0	1	1	1	0	1	-85.0	0.113	0.306	NaN	NaN	0.269	0.68	NaN	NaN	8.07	23.8	NaN	NaN	0.0	"2.5"	"F0034"	1	0	"PR"	378.767	"deionize-uv"	107.326	0	1	0	0.0	0.0	0.0	null	380.562	0.082
-8.4	0.026675	30187.5	2971.875	2484.375	NaN	NaN	NaN	0	1	1	0	0	0	0	0	0	0	0	0	1	0	0	0	1	1	1	0	1	1	1	0	1	-101.0	0.112	0.306	NaN	NaN	0.267	0.68	NaN	NaN	8.01	23.8	NaN	NaN	0.0	"2.5"	"F0034"	1	0	"PR"	388.802	"deionize-uv"	117.361	0	1	0	0.0	0.0	0.0	null	390.597	0.083
-7.9	0.026675	27562.5	2981.25	1931.25	NaN	NaN	NaN	0	0	1	0	0	0	0	1	0	0	0	0	1	0	0	0	1	1	1	0	1	1	1	0	1	-95.0	0.113	0.251	NaN	NaN	0.269	0.558	NaN	NaN	8.07	19.53	NaN	NaN	0.0	"2.5"	"F0034"	1	0	"PR"	398.765	"drain-di-1"	7.154	0	1	0	0.0	0.0	0.0	null	400.56	0.082
-7.9	0.026125	25312.5	2990.625	1678.125	NaN	NaN	NaN	0	0	1	0	0	0	0	1	0	0	0	0	1	0	0	0	1	1	1	0	1	1	1	0	1	-95.0	0.114	0.226	NaN	NaN	0.271	0.502	NaN	NaN	8.13	17.57	NaN	NaN	0.0	"2.5"	"F0034"	1	0	"PR"	408.802	"drain-di-1"	17.191	0	1	0	0.0	0.0	0.0	null	410.597	0.082
-8.1	0.026125	24000.0	2981.25	1425.0	NaN	NaN	NaN	0	0	1	0	0	0	0	1	0	0	0	0	1	0	0	0	1	1	1	0	1	1	1	0	1	-97.0	0.113	0.2	NaN	NaN	0.269	0.444	NaN	NaN	8.07	15.54	NaN	NaN	0.0	"2.5"	"F0034"	1	0	"PR"	418.839	"drain-di-1"	27.228	0	1	0	0.0	0.0	0.0	null	420.634	0.084
-8.4	0.0264	26250.0	2981.25	1190.625	NaN	NaN	NaN	0	0	1	0	0	0	0	1	0	0	0	0	1	0	0	0	1	1	1	0	1	1	1	0	1	-101.0	0.113	0.177	NaN	NaN	0.269	0.393	NaN	NaN	8.07	13.755	NaN	NaN	0.0	"2.5"	"F0034"	1	0	"PR"	428.883	"drain-di-1"	37.272	0	1	0	0.0	0.0	0.0	null	430.678	0.085
-7.9	0.026125	25687.5	2981.25	909.375	NaN	NaN	NaN	0	0	1	0	0	0	0	1	0	0	0	0	1	0	0	0	1	1	1	0	1	1	1	0	1	-95.0	0.113	0.149	NaN	NaN	0.269	0.331	NaN	NaN	8.07	11.585	NaN	NaN	0.0	"2.5"	"F0034"	1	0	"PR"	438.923	"drain-di-1"	47.312	0	1	0	0.0	0.0	0.0	null	440.718	0.087
-7.8	0.02585	24562.5	2981.25	684.375	NaN	NaN	NaN	0	0	1	0	0	0	0	1	0	0	0	0	1	0	0	0	1	1	1	0	1	1	1	0	1	-94.0	0.113	0.126	NaN	NaN	0.269	0.28	NaN	NaN	8.07	9.8	NaN	NaN	0.0	"2.5"	"F0034"	1	0	"PR"	448.76	"drain-di-1"	57.149	0	1	0	0.0	0.0	0.0	null	450.555	0.091
-8.5	0.025575	25125.0	2971.875	421.875	NaN	NaN	NaN	0	0	1	0	0	0	0	1	0	0	0	0	1	0	0	0	1	1	1	0	1	1	1	0	1	-102.0	0.112	0.1	NaN	NaN	0.267	0.222	NaN	NaN	8.01	7.77	NaN	NaN	0.0	"2.5"	"F0034"	1	0	"PR"	458.8	"drain-di-1"	67.189	0	1	0	0.0	0.0	0.0	null	460.595	0.087
-8.1	0.02585	24375.0	2990.625	168.75	NaN	NaN	NaN	0	0	1	0	0	0	0	1	0	0	0	0	1	0	0	0	1	1	1	0	1	1	1	0	1	-97.0	0.114	0.075	NaN	NaN	0.271	0.167	NaN	NaN	8.13	5.845	NaN	NaN	0.0	"2.5"	"F0034"	1	0	"PR"	468.836	"drain-di-1"	77.225	0	1	0	0.0	0.0	0.0	null	470.631	0.082
-7.8	0.025575	25312.5	2981.25	-103.125	NaN	NaN	NaN	0	0	1	0	0	0	0	1	0	0	0	0	1	0	0	0	1	1	1	0	1	1	1	0	1	-94.0	0.113	0.048	NaN	NaN	0.269	0.107	NaN	NaN	8.07	3.745	NaN	NaN	0.0	"2.5"	"F0034"	1	0	"PR"	478.988	"drip-di-1"	6.338	0	1	0	0.0	0.0	0.0	null	480.783	0.087
12.2	0.025575	20437.5	2906.25	-46.875	NaN	NaN	NaN	1	0	0	0	0	1	1	0	0	0	0	0	1	1	0	0	0	1	1	1	0	1	1	1	0	146.0	0.106	0.053	NaN	NaN	0.252	0.118	NaN	NaN	7.56	4.13	NaN	NaN	0.0	"2.5"	"F0034"	1	1	"PR"	488.991	"reverse-f"	1.168	0	1	0	0.0	0.0	0.0	null	490.786	0.084
11.6	0.026675	25687.5	2812.5	140.625	NaN	NaN	NaN	1	0	0	0	0	1	1	0	0	0	0	0	1	1	0	0	0	1	1	1	0	1	1	1	0	139.0	0.096	0.072	NaN	NaN	0.229	0.16	NaN	NaN	6.87	5.6	NaN	NaN	0.0	"2.5"	"F0034"	1	1	"PR"	498.826	"reverse-f"	11.003	0	1	0	0.0	0.0	0.0	null	500.621	0.084
11.9	0.0286	25687.5	2821.875	487.5	NaN	NaN	NaN	1	0	0	0	0	1	1	0	0	0	0	0	1	1	0	0	0	1	1	1	0	1	1	1	0	143.0	0.097	0.107	NaN	NaN	0.231	0.238	NaN	NaN	6.93	8.33	NaN	NaN	0.0	"2.5"	"F0034"	1	1	"PR"	508.865	"reverse-f"	21.042	0	1	0	0.0	0.0	0.0	null	510.66	0.091
12.6	0.03245	25125.0	2821.875	731.25	NaN	NaN	NaN	1	0	0	0	0	1	1	0	0	0	0	0	1	1	0	0	0	1	1	1	0	1	1	1	0	151.0	0.097	0.131	NaN	NaN	0.231	0.291	NaN	NaN	6.93	10.185	NaN	NaN	0.0	"2.5"	"F0034"	1	1	"PR"	518.908	"reverse-f"	31.085	0	1	0	0.0	0.0	0.0	null	520.703	0.094
12.5	0.03575	25875.0	2859.375	1050.0	NaN	NaN	NaN	1	0	0	0	0	1	1	0	0	0	0	0	1	1	0	0	0	1	1	1	0	1	1	1	0	150.0	0.101	0.163	NaN	NaN	0.24	0.362	NaN	NaN	7.2	12.67	NaN	NaN	0.0	"2.5"	"F0034"	1	1	"PR"	528.95	"reverse-f"	41.127	0	1	0	0.0	0.0	0.0	null	530.745	0.093
12.6	0.038775	23625.0	2803.125	1340.625	NaN	NaN	NaN	1	0	0	0	0	1	1	0	0	0	0	0	1	1	0	0	0	1	1	1	0	1	1	1	0	151.0	0.095	0.192	NaN	NaN	0.226	0.427	NaN	NaN	6.78	14.945	NaN	NaN	0.0	"2.5"	"F0034"	1	1	"PR"	538.988	"reverse-f"	51.165	0	1	0	0.0	0.0	0.0	null	540.783	0.09
12.2	0.04125	25312.5	2784.375	1631.25	NaN	NaN	NaN	1	0	0	0	0	1	1	0	0	0	0	0	1	1	0	0	0	1	1	1	0	1	1	1	0	146.0	0.093	0.221	NaN	NaN	0.221	0.491	NaN	NaN	6.63	17.185	NaN	NaN	0.0	"2.5"	"F0034"	1	1	"PR"	549.027	"reverse-f"	61.204	0	1	0	0.0	0.0	0.0	null	550.822	0.088
12.8	0.044	25312.5	2793.75	1921.875	NaN	NaN	NaN	1	0	0	0	0	1	1	0	0	0	0	0	1	1	0	0	0	1	1	1	0	1	1	1	0	154.0	0.094	0.25	NaN	NaN	0.224	0.556	NaN	NaN	6.72	19.46	NaN	NaN	0.0	"2.5"	"F0034"	1	1	"PR"	559.068	"reverse-f"	71.245	0	1	0	0.0	0.0	0.0	null	560.863	0.085
11.9	0.0462	24375.0	2765.625	2203.125	NaN	NaN	NaN	1	0	0	0	0	1	1	0	0	0	0	0	1	1	0	0	0	1	1	1	0	1	1	1	0	143.0	0.092	0.278	NaN	NaN	0.219	0.618	NaN	NaN	6.57	21.63	NaN	NaN	0.0	"2.5"	"F0034"	1	1	"PR"	568.906	"reverse-f"	81.083	0	1	0	0.0	0.0	0.0	null	570.701	0.094
13.0	0.04785	24562.5	2831.25	2278.125	NaN	NaN	NaN	0	0	0	0	0	1	1	0	0	0	0	0	1	0	0	0	0	1	1	1	0	1	1	1	0	156.0	0.098	0.286	NaN	NaN	0.233	0.636	NaN	NaN	6.99	22.26	NaN	NaN	0.0	"2.5"	"F0034"	1	1	"PR"	579.053	"reverse"	91.23	0	1	0	0.0	0.0	0.0	null	580.848	0.086
13.2	0.0495	22687.5	2821.875	2268.75	NaN	NaN	NaN	0	0	0	0	0	1	1	0	0	0	0	0	1	0	0	0	0	1	1	1	0	1	1	1	0	158.0	0.097	0.285	NaN	NaN	0.231	0.633	NaN	NaN	6.93	22.155	NaN	NaN	0.0	"2.5"	"F0034"	1	1	"PR"	589.099	"reverse"	101.276	0	1	0	0.0	0.0	0.0	null	590.894	0.09
12.6	0.050325	23062.5	2821.875	2240.625	NaN	NaN	NaN	0	0	0	0	0	1	1	0	0	0	0	0	1	0	0	0	0	1	1	1	0	1	1	1	0	151.0	0.097	0.282	NaN	NaN	0.231	0.627	NaN	NaN	6.93	21.945	NaN	NaN	0.0	"2.5"	"F0034"	1	1	"PR"	598.936	"reverse"	111.113	0	1	0	0.0	0.0	0.0	null	600.731	0.094
12.6	0.051425	22875.0	2821.875	2259.375	NaN	NaN	NaN	0	0	0	0	0	1	1	0	0	0	0	0	1	0	0	0	0	1	1	1	0	1	1	1	0	151.0	0.097	0.284	NaN	NaN	0.231	0.631	NaN	NaN	6.93	22.085	NaN	NaN	0.0	"2.5"	"F0034"	1	1	"PR"	608.977	"reverse"	121.154	0	1	0	0.0	0.0	0.0	null	610.772	0.091
12.7	0.051975	23812.5	2821.875	2259.375	NaN	NaN	NaN	0	0	0	0	0	1	1	0	0	0	0	0	1	0	0	0	0	1	1	1	0	1	1	1	0	152.0	0.097	0.284	NaN	NaN	0.231	0.631	NaN	NaN	6.93	22.085	NaN	NaN	0.0	"2.5"	"F0034"	1	1	"PR"	619.017	"reverse"	131.194	0	1	0	0.0	0.0	0.0	null	620.812	0.094
12.5	0.052525	22875.0	2793.75	2250.0	NaN	NaN	NaN	0	0	0	0	0	1	1	0	0	0	0	0	1	0	0	0	0	1	1	1	0	1	1	1	0	150.0	0.094	0.283	NaN	NaN	0.224	0.629	NaN	NaN	6.72	22.015	NaN	NaN	0.0	"2.5"	"F0034"	1	1	"PR"	629.059	"reverse"	141.236	0	1	0	0.0	0.0	0.0	null	630.854	0.095
4.8	0.054175	-1875.0	3018.75	2278.125	NaN	NaN	NaN	0	0	0	0	0	0	0	0	0	0	0	0	0	0	0	0	0	0	0	0	1	0	0	0	1	58.0	0.117	0.286	NaN	NaN	0.279	0.636	NaN	NaN	8.37	22.26	NaN	NaN	0.0	"2.5"	"F0034"	0	0	"PR"	638.987	"diffuse"	1.093	0	1	1	0.0	0.0	0.0	null	640.782	0.094
5.1	0.054175	187.5	2990.625	2287.5	NaN	NaN	NaN	0	0	0	0	0	0	0	0	0	0	0	0	0	0	0	0	0	0	0	0	1	0	0	0	1	61.0	0.114	0.287	NaN	NaN	0.271	0.638	NaN	NaN	8.13	22.33	NaN	NaN	0.0	"2.5"	"F0034"	0	0	"PR"	649.024	"diffuse"	11.13	0	1	1	0.0	0.0	0.0	null	650.819	0.09
4.7	0.054175	-375.0	2990.625	2278.125	NaN	NaN	NaN	0	0	0	0	0	0	0	0	0	0	0	0	0	0	0	0	0	0	0	0	1	0	0	0	1	56.0	0.114	0.286	NaN	NaN	0.271	0.636	NaN	NaN	8.13	22.26	NaN	NaN	0.0	"2.5"	"F0034"	0	0	"PR"	659.062	"diffuse"	21.168	0	1	1	0.0	0.0	0.0	null	660.857	0.095
12.6	0.052525	19687.5	2812.5	2268.75	NaN	NaN	NaN	0	0	0	0	0	1	1	0	0	0	0	0	1	0	0	0	0	1	1	1	0	1	1	1	0	151.0	0.096	0.285	NaN	NaN	0.229	0.633	NaN	NaN	6.87	22.155	NaN	NaN	0.0	"2.5"	"F0034"	1	1	"PR"	669.187	"wash-en"	1.29	0	1	1	0.0	0.0	0.0	null	670.982	0.093
13.2	0.05445	23062.5	2840.625	2268.75	NaN	NaN	NaN	0	0	0	0	0	1	1	0	0	0	0	0	1	0	0	0	0	1	1	1	0	1	1	1	0	158.0	0.099	0.285	NaN	NaN	0.236	0.633	NaN	NaN	7.08	22.155	NaN	NaN	0.0	"2.5"	"F0034"	1	1	"PR"	679.023	"wash-en"	11.126	0	1	1	0.0	0.0	0.0	null	680.818	0.086
3.7	0.0561	26062.5	2821.875	2278.125	NaN	NaN	NaN	0	0	0	0	0	1	1	0	0	0	0	0	1	0	0	0	0	0	0	0	1	0	0	0	1	44.0	0.097	0.286	NaN	NaN	0.231	0.636	NaN	NaN	6.93	22.26	NaN	NaN	0.0	"2.5"	"F0034"	0	0	"PR"	689.154	"wash-sc"	1.097	0	1	1	0.0	0.0	0.0	null	690.949	0.09
2.5	0.056375	-187.5	3018.75	2278.125	NaN	NaN	NaN	0	0	0	0	0	0	0	0	0	0	0	0	0	0	0	0	0	0	0	0	1	0	0	0	1	30.0	0.117	0.286	NaN	NaN	0.279	0.636	NaN	NaN	8.37	22.26	NaN	NaN	0.0	"2.5"	"F0034"	0	0	"PR"	699.193	"diffuse"	1.005	0	1	2	0.0	0.0	0.0	null	700.988	0.097
4.3	0.0572	937.5	3000.0	2287.5	NaN	NaN	NaN	0	0	0	0	0	0	0	0	0	0	0	0	0	0	0	0	0	0	0	0	1	0	0	0	1	52.0	0.115	0.287	NaN	NaN	0.274	0.638	NaN	NaN	8.22	22.33	NaN	NaN	0.0	"2.5"	"F0034"	0	0	"PR"	709.231	"diffuse"	11.043	0	1	2	0.0	0.0	0.0	null	711.026	0.09
4.3	0.056925	1500.0	2981.25	2278.125	NaN	NaN	NaN	0	0	0	0	0	0	0	0	0	0	0	0	0	0	0	0	0	0	0	0	1	0	0	0	1	52.0	0.113	0.286	NaN	NaN	0.269	0.636	NaN	NaN	8.07	22.26	NaN	NaN	0.0	"2.5"	"F0034"	0	0	"PR"	719.069	"diffuse"	20.881	0	1	2	0.0	0.0	0.0	null	720.864	0.087
12.6	0.056375	14437.5	2878.125	2268.75	NaN	NaN	NaN	0	0	0	0	0	1	1	0	0	0	0	0	1	0	0	0	0	1	1	1	0	1	1	1	0	151.0	0.103	0.285	NaN	NaN	0.245	0.633	NaN	NaN	7.35	22.155	NaN	NaN	0.0	"2.5"	"F0034"	1	1	"PR"	729.198	"wash-en"	0.895	0	1	2	0.0	0.0	0.0	null	730.993	0.097
12.6	0.05665	23062.5	2831.25	2278.125	NaN	NaN	NaN	0	0	0	0	0	1	1	0	0	0	0	0	1	0	0	0	0	1	1	1	0	1	1	1	0	151.0	0.098	0.286	NaN	NaN	0.233	0.636	NaN	NaN	6.99	22.26	NaN	NaN	0.0	"2.5"	"F0034"	1	1	"PR"	739.237	"wash-en"	10.934	0	1	2	0.0	0.0	0.0	null	741.032	0.085
2.8	0.058025	22312.5	2821.875	2315.625	NaN	NaN	NaN	0	0	0	0	0	1	1	0	0	0	0	0	1	0	0	0	0	0	0	0	1	0	0	0	1	34.0	0.097	0.29	NaN	NaN	0.231	0.644	NaN	NaN	6.93	22.54	NaN	NaN	0.0	"2.5"	"F0034"	0	0	"PR"	749.167	"wash-sc"	0.691	0	1	2	0.0	0.0	0.0	null	750.962	0.086
1.8	0.0583	-562.5	3018.75	2287.5	NaN	NaN	NaN	0	0	0	0	0	0	0	0	0	0	0	0	0	0	0	0	0	0	0	0	1	0	0	0	1	22.0	0.117	0.287	NaN	NaN	0.279	0.638	NaN	NaN	8.37	22.33	NaN	NaN	0.0	"2.5"	"F0034"	0	0	"PR"	759.202	"diffuse"	0.601	0	1	3	0.0	0.0	0.0	null	760.997	0.089
4.3	0.0583	-375.0	2990.625	2287.5	NaN	NaN	NaN	0	0	0	0	0	0	0	0	0	0	0	0	0	0	0	0	0	0	0	0	1	0	0	0	1	52.0	0.114	0.287	NaN	NaN	0.271	0.638	NaN	NaN	8.13	22.33	NaN	NaN	0.0	"2.5"	"F0034"	0	0	"PR"	769.243	"diffuse"	10.642	0	1	3	0.0	0.0	0.0	null	771.038	0.09
3.7	0.0583	750.0	3000.0	2287.5	NaN	NaN	NaN	0	0	0	0	0	0	0	0	0	0	0	0	0	0	0	0	0	0	0	0	1	0	0	0	1	44.0	0.115	0.287	NaN	NaN	0.274	0.638	NaN	NaN	8.22	22.33	NaN	NaN	0.0	"2.5"	"F0034"	0	0	"PR"	779.284	"diffuse"	20.683	0	1	3	0.0	0.0	0.0	null	781.079	0.089
12.2	0.058025	-2625.0	2990.625	2278.125	NaN	NaN	NaN	0	0	0	0	0	1	1	0	0	0	0	0	1	0	0	0	0	1	1	1	0	1	1	1	0	146.0	0.114	0.286	NaN	NaN	0.271	0.636	NaN	NaN	8.13	22.26	NaN	NaN	0.0	"2.5"	"F0034"	1	1	"PR"	789.213	"wash-en"	0.492	0	1	3	0.0	0.0	0.0	null	791.008	0.292
12.3	0.05775	21375.0	2784.375	2259.375	NaN	NaN	NaN	0	0	0	0	0	1	1	0	0	0	0	0	1	0	0	0	0	1	1	1	0	1	1	1	0	148.0	0.093	0.284	NaN	NaN	0.221	0.631	NaN	NaN	6.63	22.085	NaN	NaN	0.0	"2.5"	"F0034"	1	1	"PR"	799.25	"wash-en"	10.529	0	1	3	0.0	0.0	0.0	null	801.045	0.087
11.9	0.058575	22875.0	2812.5	2268.75	NaN	NaN	NaN	0	0	0	0	0	1	1	0	0	0	0	0	1	0	0	0	0	0	0	0	1	0	0	0	1	143.0	0.096	0.285	NaN	NaN	0.229	0.633	NaN	NaN	6.87	22.155	NaN	NaN	0.0	"2.5"	"F0034"	0	0	"PR"	809.091	"wash-sc"	0.201	0	1	3	0.0	0.0	0.0	null	810.886	0.094
3.0	0.059125	25687.5	2831.25	2250.0	NaN	NaN	NaN	0	0	0	0	0	0	0	0	0	0	0	0	0	0	0	0	0	0	0	0	1	0	0	0	1	36.0	0.098	0.283	NaN	NaN	0.233	0.629	NaN	NaN	6.99	22.015	NaN	NaN	0.0	"2.5"	"F0034"	0	0	"PR"	819.218	"diffuse"	0.201	0	1	4	0.0	0.0	0.0	null	821.013	0.094
3.3	0.059125	1875.0	3000.0	2306.25	NaN	NaN	NaN	0	0	0	0	0	0	0	0	0	0	0	0	0	0	0	0	0	0	0	0	1	0	0	0	1	40.0	0.115	0.289	NaN	NaN	0.274	0.642	NaN	NaN	8.22	22.47	NaN	NaN	0.0	"2.5"	"F0034"	0	0	"PR"	829.256	"diffuse"	10.239	0	1	4	0.0	0.0	0.0	null	831.051	0.086
4.9	0.05885	187.5	3000.0	2278.125	NaN	NaN	NaN	0	0	0	0	0	0	0	0	0	0	0	0	0	0	0	0	0	0	0	0	1	0	0	0	1	59.0	0.115	0.286	NaN	NaN	0.274	0.636	NaN	NaN	8.22	22.26	NaN	NaN	0.0	"2.5"	"F0034"	0	0	"PR"	839.3	"diffuse"	20.283	0	1	4	0.0	0.0	0.0	null	841.095	0.082
3.5	0.0583	2250.0	2981.25	2287.5	NaN	NaN	NaN	0	0	0	0	0	1	1	0	0	0	0	0	1	0	0	0	0	1	1	1	0	1	1	1	0	42.0	0.113	0.287	NaN	NaN	0.269	0.638	NaN	NaN	8.07	22.33	NaN	NaN	0.0	"2.5"	"F0034"	1	1	"PR"	849.336	"wash-en"	0.2	0	1	4	0.0	0.0	0.0	null	851.131	0.087
12.4	0.05885	25312.5	2850.0	2250.0	NaN	NaN	NaN	0	0	0	0	0	1	1	0	0	0	0	0	1	0	0	0	0	1	1	1	0	1	1	1	0	149.0	0.1	0.283	NaN	NaN	0.238	0.629	NaN	NaN	7.14	22.015	NaN	NaN	0.0	"2.5"	"F0034"	1	1	"PR"	859.276	"wash-en"	10.14	0	1	4	0.0	0.0	0.0	null	861.071	0.092
14.0	0.0594	22687.5	2812.5	2287.5	NaN	NaN	NaN	0	0	0	0	0	1	1	0	0	0	0	0	1	0	0	0	0	1	1	1	0	1	1	1	0	168.0	0.096	0.287	NaN	NaN	0.229	0.638	NaN	NaN	6.87	22.33	NaN	NaN	0.0	"2.5"	"F0034"	1	1	"PR"	869.312	"wash-en"	20.176	0	1	4	0.0	0.0	0.0	null	871.107	0.084
2.5	0.05885	24000.0	2840.625	2278.125	NaN	NaN	NaN	0	0	0	0	0	1	1	0	0	0	0	0	1	0	0	0	0	0	0	0	1	0	0	0	1	30.0	0.099	0.286	NaN	NaN	0.236	0.636	NaN	NaN	7.08	22.26	NaN	NaN	0.0	"2.5"	"F0034"	0	0	"PR"	879.446	"wash-sc"	10.134	0	1	4	0.0	0.0	0.0	null	881.241	0.095
2.4	0.059125	-1687.5	2465.625	2287.5	NaN	NaN	NaN	0	0	0	0	1	0	0	0	0	0	0	0	0	0	0	0	0	0	0	0	1	0	0	0	1	29.0	0.062	0.287	NaN	NaN	0.148	0.638	NaN	NaN	4.44	22.33	NaN	NaN	0.0	"2.5"	"F0034"	0	0	"PR"	889.284	"drain-rg"	9.838	0	1	4	0.0	0.0	0.0	null	891.079	0.083
2.7	0.05995	-1500.0	2071.875	2278.125	NaN	NaN	NaN	0	0	0	0	1	0	0	0	0	0	0	0	0	0	0	0	0	0	0	0	1	0	0	0	1	32.0	0.022	0.286	NaN	NaN	0.052	0.636	NaN	NaN	1.56	22.26	NaN	NaN	0.0	"2.5"	"F0034"	0	0	"PR"	899.326	"drain-rg"	19.88	0	1	4	0.0	0.0	0.0	null	901.121	0.081
2.5	0.05885	-1875.0	1687.5	2278.125	NaN	NaN	NaN	0	0	0	0	1	0	0	0	0	0	0	0	0	0	0	0	0	0	0	0	1	0	0	0	1	30.0	-0.016	0.286	NaN	NaN	-0.038	0.636	NaN	NaN	-1.14	22.26	NaN	NaN	0.0	"2.5"	"F0034"	0	0	"PR"	909.363	"drip-rg"	3.414	0	1	4	0.0	0.0	0.0	null	911.158	0.081
3.0	0.059675	-1125.0	-9.375	2278.125	NaN	NaN	NaN	0	0	0	0	1	0	0	0	0	0	0	0	0	0	0	0	0	0	0	0	1	0	0	0	1	36.0	-0.186	0.286	NaN	NaN	-0.443	0.636	NaN	NaN	-13.29	22.26	NaN	NaN	0.0	"2.5"	"F0034"	0	0	"PR"	919.402	"drip-rg"	13.453	0	1	4	0.0	0.0	0.0	null	921.197	0.09
2.8	0.05885	22312.5	1781.25	2109.375	NaN	NaN	NaN	0	0	1	0	0	1	0	0	0	0	0	0	1	0	0	0	0	0	0	0	1	0	0	0	1	34.0	-0.007	0.269	NaN	NaN	-0.017	0.598	NaN	NaN	-0.51	20.93	NaN	NaN	0.0	"2.5"	"F0034"	0	0	"FR"	7.651	"fill-rg-di"	7.451	1	1	0	923.004	0.0	0.0	null	931.28	0.087
2.7	0.0583	23250.0	2203.125	1865.625	NaN	NaN	NaN	0	0	1	0	0	1	0	0	0	0	0	0	1	0	0	0	0	0	0	0	1	0	0	0	1	32.0	0.035	0.245	NaN	NaN	0.083	0.544	NaN	NaN	2.49	19.04	NaN	NaN	0.0	"2.5"	"F0034"	0	0	"FR"	17.693	"fill-rg-di"	17.493	1	1	0	923.004	0.0	0.0	null	941.322	0.086
2.5	0.05665	23437.5	2512.5	1612.5	NaN	NaN	NaN	0	0	1	0	0	1	0	0	0	0	0	0	1	0	0	0	0	0	0	0	1	0	0	0	1	30.0	0.066	0.219	NaN	NaN	0.157	0.487	NaN	NaN	4.71	17.045	NaN	NaN	0.0	"2.5"	"F0034"	0	0	"FR"	27.531	"fill-rg-di"	27.331	1	1	0	923.004	0.0	0.0	null	951.16	0.084
2.0	0.055275	24375.0	2812.5	1340.625	NaN	NaN	NaN	0	0	1	0	0	1	0	0	0	0	0	0	1	0	0	0	0	0	0	0	1	0	0	0	1	24.0	0.096	0.192	NaN	NaN	0.229	0.427	NaN	NaN	6.87	14.945	NaN	NaN	0.0	"2.5"	"F0034"	0	0	"FR"	37.571	"fill-rg-di"	37.371	1	1	0	923.004	0.0	0.0	null	961.2	0.09
2.4	0.053625	26062.5	3131.25	1106.25	NaN	NaN	NaN	0	0	1	0	0	1	0	0	0	0	0	0	1	0	0	0	0	0	0	0	1	0	0	0	1	29.0	0.128	0.169	NaN	NaN	0.305	0.376	NaN	NaN	9.15	13.16	NaN	NaN	0.0	"2.5"	"F0034"	0	0	"FR"	47.606	"fill-rg-di"	47.406	1	1	0	923.004	0.0	0.0	null	971.235	0.086
2.7	0.052525	-4312.5	2850.0	1012.5	NaN	NaN	NaN	0	0	0	0	1	0	0	0	0	0	0	0	0	0	0	0	0	0	0	0	1	0	0	0	1	32.0	0.1	0.159	NaN	NaN	0.238	0.353	NaN	NaN	7.14	12.355	NaN	NaN	0.0	"2.5"	"F0034"	0	0	"FR"	57.643	"drain-rg"	5.621	1	1	0	923.004	0.0	0.0	null	981.272	0.087
1.9	0.052525	-6375.0	2521.875	975.0	NaN	NaN	NaN	0	0	0	0	1	0	0	0	0	0	0	0	0	0	0	0	0	0	0	0	1	0	0	0	1	23.0	0.067	0.155	NaN	NaN	0.16	0.344	NaN	NaN	4.8	12.04	NaN	NaN	0.0	"2.5"	"F0034"	0	0	"FR"	67.682	"drain-rg"	15.66	1	1	0	923.004	0.0	0.0	null	991.311	0.086
2.5	0.05335	-7687.5	2156.25	993.75	NaN	NaN	NaN	0	0	0	0	1	0	0	0	0	0	0	0	0	0	0	0	0	0	0	0	1	0	0	0	1	30.0	0.031	0.157	NaN	NaN	0.074	0.349	NaN	NaN	2.22	12.215	NaN	NaN	0.0	"2.5"	"F0034"	0	0	"FR"	77.722	"drain-rg"	25.7	1	1	0	923.004	0.0	0.0	null	1001.351	0.086
2.2	0.05225	-8250.0	1837.5	975.0	NaN	NaN	NaN	0	0	0	0	1	0	0	0	0	0	0	0	0	0	0	0	0	0	0	0	1	0	0	0	1	26.0	-0.001	0.155	NaN	NaN	-0.002	0.344	NaN	NaN	-0.06	12.04	NaN	NaN	0.0	"2.5"	"F0034"	0	0	"FR"	87.762	"drip-rg"	1.405	1	1	0	923.004	0.0	0.0	null	1011.391	0.09
2.0	0.053075	-8625.0	-56.25	984.375	NaN	NaN	NaN	0	0	0	0	1	0	0	0	0	0	0	0	0	0	0	0	0	0	0	0	1	0	0	0	1	24.0	-0.191	0.156	NaN	NaN	-0.455	0.347	NaN	NaN	-13.65	12.145	NaN	NaN	0.0	"2.5"	"F0034"	0	0	"FR"	97.598	"drip-rg"	11.241	1	1	0	923.004	0.0	0.0	null	1021.227	0.09
3.5	0.051975	21937.5	1659.375	871.875	NaN	NaN	NaN	0	0	1	0	0	1	0	0	0	0	0	0	1	0	0	0	0	0	0	0	1	0	0	0	1	42.0	-0.019	0.145	NaN	NaN	-0.045	0.322	NaN	NaN	-1.35	11.27	NaN	NaN	0.0	"2.5"	"F0034"	0	0	"PR"	5.437	"fill-rg-di"	5.237	1	0	0	923.004	0.0	1025.243	null	1031.302	0.087
2.1	0.0517	23250.0	2118.75	609.375	NaN	NaN	NaN	0	0	1	0	0	1	0	0	0	0	0	0	1	0	0	0	0	0	0	0	1	0	0	0	1	25.0	0.027	0.119	NaN	NaN	0.064	0.264	NaN	NaN	1.92	9.24	NaN	NaN	0.0	"2.5"	"F0034"	0	0	"PR"	15.475	"fill-rg-di"	15.275	1	0	0	923.004	0.0	1025.243	null	1041.34	0.09
2.8	0.05005	24375.0	2437.5	356.25	NaN	NaN	NaN	0	0	1	0	0	1	0	0	0	0	0	0	1	0	0	0	0	0	0	0	1	0	0	0	1	34.0	0.059	0.094	NaN	NaN	0.14	0.209	NaN	NaN	4.2	7.315	NaN	NaN	0.0	"2.5"	"F0034"	0	0	"PR"	25.513	"fill-rg-di"	25.313	1	0	0	923.004	0.0	1025.243	null	1051.378	0.087
1.9	0.0484	24187.5	2746.875	93.75	NaN	NaN	NaN	0	0	1	0	0	1	0	0	0	0	0	0	1	0	0	0	0	0	0	0	1	0	0	0	1	23.0	0.09	0.067	NaN	NaN	0.214	0.149	NaN	NaN	6.42	5.215	NaN	NaN	0.0	"2.5"	"F0034"	0	0	"PR"	35.551	"fill-rg-di"	35.351	1	0	0	923.004	0.0	1025.243	null	1061.416	0.091
2.2	0.0484	1875.0	2756.25	365.625	NaN	NaN	NaN	1	0	0	0	0	0	0	0	0	0	0	0	0	1	0	0	0	0	0	0	1	0	0	0	1	26.0	0.091	0.095	NaN	NaN	0.217	0.211	NaN	NaN	6.51	7.385	NaN	NaN	0.0	"2.5"	"F0034"	0	0	"PR"	45.593	"fill-di-lb"	9.44	1	0	0	923.004	0.0	1025.243	null	1071.458	0.087
2.2	0.04785	-187.5	2784.375	646.875	NaN	NaN	NaN	1	0	0	0	0	0	0	0	0	0	0	0	0	1	0	0	0	0	0	0	1	0	0	0	1	26.0	0.093	0.123	NaN	NaN	0.221	0.273	NaN	NaN	6.63	9.555	NaN	NaN	0.0	"2.5"	"F0034"	0	0	"PR"	55.428	"fill-di-lb"	19.275	1	0	0	923.004	0.0	1025.243	null	1081.293	0.09
1.8	0.0484	-1125.0	2784.375	956.25	NaN	NaN	NaN	1	0	0	0	0	0	0	0	0	0	0	0	0	1	0	0	0	0	0	0	1	0	0	0	1	22.0	0.093	0.154	NaN	NaN	0.221	0.342	NaN	NaN	6.63	11.97	NaN	NaN	0.0	"2.5"	"F0034"	0	0	"PR"	65.465	"fill-di-lb"	29.312	1	0	0	923.004	0.0	1025.243	null	1091.33	0.09
2.1	0.048675	-375.0	2775.0	1246.875	NaN	NaN	NaN	1	0	0	0	0	0	0	0	0	0	0	0	0	1	0	0	0	0	0	0	1	0	0	0	1	25.0	0.093	0.183	NaN	NaN	0.221	0.407	NaN	NaN	6.63	14.245	NaN	NaN	0.0	"2.5"	"F0034"	0	0	"PR"	75.506	"fill-di-lb"	39.353	1	0	0	923.004	0.0	1025.243	null	1101.371	0.091
3.3	0.048125	375.0	2756.25	1528.125	NaN	NaN	NaN	1	0	0	0	0	0	0	0	0	0	0	0	0	1	0	0	0	0	0	0	1	0	0	0	1	40.0	0.091	0.211	NaN	NaN	0.217	0.469	NaN	NaN	6.51	16.415	NaN	NaN	0.0	"2.5"	"F0034"	0	0	"PR"	85.539	"fill-di-lb"	49.386	1	0	0	923.004	0.0	1025.243	null	1111.404	0.084
2.5	0.048125	187.5	2784.375	1837.5	NaN	NaN	NaN	1	0	0	0	0	0	0	0	0	0	0	0	0	1	0	0	0	0	0	0	1	0	0	0	1	30.0	0.093	0.242	NaN	NaN	0.221	0.538	NaN	NaN	6.63	18.83	NaN	NaN	0.0	"2.5"	"F0034"	0	0	"PR"	95.577	"fill-di-lb"	59.424	1	0	0	923.004	0.0	1025.243	null	1121.442	0.09
3.1	0.0484	-375.0	2775.0	2109.375	NaN	NaN	NaN	1	0	0	0	0	0	0	0	0	0	0	0	0	1	0	0	0	0	0	0	1	0	0	0	1	37.0	0.093	0.269	NaN	NaN	0.221	0.598	NaN	NaN	6.63	20.93	NaN	NaN	0.0	"2.5"	"F0034"	0	0	"PR"	105.62	"fill-di-lb"	69.467	1	0	0	923.004	0.0	1025.243	null	1131.485	0.089
2.1	0.048125	24375.0	2943.75	2146.875	NaN	NaN	NaN	0	0	1	0	0	1	0	0	0	0	0	0	1	0	0	0	0	0	0	0	1	0	0	0	1	25.0	0.109	0.273	NaN	NaN	0.26	0.607	NaN	NaN	7.8	21.245	NaN	NaN	0.0	"2.5"	"F0034"	0	0	"PR"	115.657	"fill-rg-di"	5.219	1	0	0	923.004	0.0	1025.243	null	1141.522	0.087
12.0	0.047025	30562.5	2962.5	2512.5	NaN	NaN	NaN	0	1	1	0	0	0	0	0	0	0	0	0	1	0	0	0	0	1	1	1	0	1	1	1	0	144.0	0.111	0.309	NaN	NaN	0.264	0.687	NaN	NaN	7.92	24.045	NaN	NaN	0.0	"2.5"	"F0034"	1	1	"PR"	125.493	"deionize"	4.417	1	1	0	923.004	0.0	1025.243	null	1151.358	0.091
12.3	0.046475	30000.0	2934.375	2559.375	NaN	NaN	NaN	0	1	1	0	0	0	0	0	0	0	0	0	1	0	0	0	0	1	1	1	0	1	1	1	0	148.0	0.108	0.314	NaN	NaN	0.257	0.698	NaN	NaN	7.71	24.43	NaN	NaN	0.0	"2.5"	"F0034"	1	1	"PR"	135.531	"deionize"	14.455	1	1	0	923.004	0.0	1025.243	null	1161.396	0.091
11.6	0.045925	29062.5	2943.75	2550.0	NaN	NaN	NaN	0	1	1	0	0	0	0	0	0	0	0	0	1	0	0	0	0	1	1	1	0	1	1	1	0	139.0	0.109	0.313	NaN	NaN	0.26	0.696	NaN	NaN	7.8	24.36	NaN	NaN	0.0	"2.5"	"F0034"	1	1	"PR"	145.568	"deionize"	24.492	1	1	0	923.004	0.0	1025.243	null	1171.433	0.095
12.3	0.044	28312.5	2971.875	2559.375	NaN	NaN	NaN	0	1	1	0	0	0	0	0	0	0	0	0	1	0	0	0	0	1	1	1	0	1	1	1	0	148.0	0.112	0.314	NaN	NaN	0.267	0.698	NaN	NaN	8.01	24.43	NaN	NaN	0.0	"2.5"	"F0034"	1	1	"PR"	155.609	"deionize"	34.533	1	1	0	923.004	0.0	1025.243	null	1181.474	0.098
12.6	0.04345	29812.5	2934.375	2521.875	NaN	NaN	NaN	0	1	1	0	0	0	0	0	0	0	0	0	1	0	0	0	0	1	1	1	0	1	1	1	0	151.0	0.108	0.31	NaN	NaN	0.257	0.689	NaN	NaN	7.71	24.115	NaN	NaN	0.0	"2.5"	"F0034"	1	1	"PR"	165.646	"deionize"	44.57	1	1	0	923.004	0.0	1025.243	null	1191.511	0.091
12.6	0.0418	29250.0	2943.75	2456.25	NaN	NaN	NaN	0	1	1	0	0	0	0	0	0	0	0	0	1	0	0	0	0	1	1	1	0	1	1	1	0	151.0	0.109	0.304	NaN	NaN	0.26	0.676	NaN	NaN	7.8	23.66	NaN	NaN	0.0	"2.5"	"F0034"	1	1	"PR"	175.687	"deionize"	54.611	1	1	0	923.004	0.0	1025.243	null	1201.552	0.087
12.5	0.04125	29062.5	2943.75	2578.125	NaN	NaN	NaN	0	1	1	0	0	0	0	0	0	0	0	0	1	0	0	0	0	1	1	1	0	1	1	1	0	150.0	0.109	0.316	NaN	NaN	0.26	0.702	NaN	NaN	7.8	24.57	NaN	NaN	0.0	"2.5"	"F0034"	1	1	"PR"	185.728	"deionize"	64.652	1	1	0	923.004	0.0	1025.243	null	1211.593	0.082
12.3	0.040425	30000.0	2953.125	2512.5	NaN	NaN	NaN	0	1	1	0	0	0	0	0	0	0	0	0	1	0	0	0	0	1	1	1	0	1	1	1	0	148.0	0.11	0.309	NaN	NaN	0.262	0.687	NaN	NaN	7.86	24.045	NaN	NaN	0.0	"2.5"	"F0034"	1	1	"PR"	195.764	"deionize"	74.688	1	1	0	923.004	0.0	1025.243	null	1221.629	0.084
12.6	0.0396	29625.0	2943.75	2418.75	NaN	NaN	NaN	0	1	1	0	0	0	0	0	0	0	0	0	1	0	0	0	0	1	1	1	0	1	1	1	0	151.0	0.109	0.3	NaN	NaN	0.26	0.667	NaN	NaN	7.8	23.345	NaN	NaN	0.0	"2.5"	"F0034"	1	1	"PR"	205.6	"deionize"	84.524	1	1	0	923.004	0.0	1025.243	null	1231.465	0.092
12.4	0.0396	30000.0	2943.75	2465.625	NaN	NaN	NaN	0	1	1	0	0	0	0	0	0	0	0	0	1	0	0	0	0	1	1	1	0	1	1	1	0	149.0	0.109	0.305	NaN	NaN	0.26	0.678	NaN	NaN	7.8	23.73	NaN	NaN	0.0	"2.5"	"F0034"	1	1	"PR"	215.636	"deionize"	94.56	1	1	0	923.004	0.0	1025.243	null	1241.501	0.091
12.6	0.039325	30187.5	2943.75	2428.125	NaN	NaN	NaN	0	1	1	0	0	0	0	0	0	0	0	0	1	0	0	0	0	1	1	1	0	1	1	1	0	151.0	0.109	0.301	NaN	NaN	0.26	0.669	NaN	NaN	7.8	23.415	NaN	NaN	0.0	"2.5"	"F0034"	1	1	"PR"	225.672	"deionize"	104.596	1	1	0	923.004	0.0	1025.243	null	1251.537	0.086
12.2	0.038775	30375.0	2953.125	2437.5	NaN	NaN	NaN	0	1	1	0	0	0	0	0	0	0	0	0	1	0	0	0	0	1	1	1	0	1	1	1	0	146.0	0.11	0.302	NaN	NaN	0.262	0.671	NaN	NaN	7.86	23.485	NaN	NaN	0.0	"2.5"	"F0034"	1	1	"PR"	235.713	"deionize"	114.637	1	1	0	923.004	0.0	1025.243	null	1261.578	0.088
13.3	0.038775	29250.0	2943.75	2512.5	NaN	NaN	NaN	0	1	1	0	0	0	0	0	0	0	0	0	1	0	0	0	0	1	1	1	0	1	1	1	0	160.0	0.109	0.309	NaN	NaN	0.26	0.687	NaN	NaN	7.8	24.045	NaN	NaN	0.0	"2.5"	"F0034"	1	1	"PR"	245.749	"deionize"	124.673	1	1	0	923.004	0.0	1025.243	null	1271.614	0.087
12.3	0.03795	29437.5	2953.125	2475.0	NaN	NaN	NaN	0	1	1	0	0	0	0	0	0	0	0	0	1	0	0	0	0	1	1	1	0	1	1	1	0	148.0	0.11	0.305	NaN	NaN	0.262	0.678	NaN	NaN	7.86	23.73	NaN	NaN	0.0	"2.5"	"F0034"	1	1	"PR"	255.785	"deionize"	134.709	1	1	0	923.004	0.0	1025.243	null	1281.65	0.085
13.1	0.038225	29625.0	2962.5	2400.0	NaN	NaN	NaN	0	1	1	0	0	0	0	0	0	0	0	0	1	0	0	0	0	1	1	1	0	1	1	1	0	157.0	0.111	0.298	NaN	NaN	0.264	0.662	NaN	NaN	7.92	23.17	NaN	NaN	0.0	"2.5"	"F0034"	1	1	"PR"	265.826	"deionize"	144.75	1	1	0	923.004	0.0	1025.243	null	1291.691	0.091
12.5	0.037125	30000.0	2934.375	2475.0	NaN	NaN	NaN	0	1	1	0	0	0	0	0	0	0	0	0	1	0	0	0	0	1	1	1	0	1	1	1	0	150.0	0.108	0.305	NaN	NaN	0.257	0.678	NaN	NaN	7.71	23.73	NaN	NaN	0.0	"2.5"	"F0034"	1	1	"PR"	275.659	"deionize"	154.583	1	1	0	923.004	0.0	1025.243	null	1301.524	0.087
13.0	0.037125	30187.5	2943.75	2390.625	NaN	NaN	NaN	0	1	1	0	0	0	0	0	0	0	0	0	1	0	0	0	0	1	1	1	0	1	1	1	0	156.0	0.109	0.297	NaN	NaN	0.26	0.66	NaN	NaN	7.8	23.1	NaN	NaN	0.0	"2.5"	"F0034"	1	1	"PR"	285.694	"deionize"	164.618	1	1	0	923.004	0.0	1025.243	null	1311.559	0.085
10.1	0.0374	30000.0	2943.75	2390.625	NaN	NaN	NaN	0	1	1	0	0	0	0	0	0	0	0	0	1	0	0	0	0	1	1	1	0	1	1	1	0	121.0	0.109	0.297	NaN	NaN	0.26	0.66	NaN	NaN	7.8	23.1	NaN	NaN	0.0	"2.5"	"F0034"	1	1	"PR"	295.73	"deionize"	174.654	1	1	0	923.004	0.0	1025.243	null	1321.595	0.088
12.4	0.0363	29437.5	2943.75	2353.125	NaN	NaN	NaN	0	1	1	0	0	0	0	0	0	0	0	0	1	0	0	0	0	1	1	1	0	1	1	1	0	149.0	0.109	0.293	NaN	NaN	0.26	0.651	NaN	NaN	7.8	22.785	NaN	NaN	0.0	"2.5"	"F0034"	1	1	"PR"	305.766	"deionize"	184.69	1	1	0	923.004	0.0	1025.243	null	1331.631	0.085
12.2	0.036025	29812.5	2971.875	2437.5	NaN	NaN	NaN	0	1	1	0	0	0	0	0	0	0	0	0	1	0	0	0	0	1	1	1	0	1	1	1	0	146.0	0.112	0.302	NaN	NaN	0.267	0.671	NaN	NaN	8.01	23.485	NaN	NaN	0.0	"2.5"	"F0034"	1	1	"PR"	315.808	"deionize"	194.732	1	1	0	923.004	0.0	1025.243	null	1341.673	0.087
11.9	0.0363	30000.0	2934.375	2390.625	NaN	NaN	NaN	0	1	1	0	0	0	0	0	0	0	0	0	1	0	0	0	0	1	1	1	0	1	1	1	0	143.0	0.108	0.297	NaN	NaN	0.257	0.66	NaN	NaN	7.71	23.1	NaN	NaN	0.0	"2.5"	"F0034"	1	1	"PR"	325.845	"deionize"	204.769	1	1	0	923.004	0.0	1025.243	null	1351.71	0.095
12.3	0.03575	30000.0	2962.5	2428.125	NaN	NaN	NaN	0	1	1	0	0	0	0	0	0	0	0	0	1	0	0	0	0	1	1	1	0	1	1	1	0	148.0	0.111	0.301	NaN	NaN	0.264	0.669	NaN	NaN	7.92	23.415	NaN	NaN	0.0	"2.5"	"F0034"	1	1	"PR"	335.88	"deionize"	214.804	1	1	0	923.004	0.0	1025.243	null	1361.745	0.096
12.3	0.035475	30187.5	2934.375	2371.875	NaN	NaN	NaN	0	1	1	0	0	0	0	0	0	0	0	0	1	0	0	0	0	1	1	1	0	1	1	1	0	148.0	0.108	0.295	NaN	NaN	0.257	0.656	NaN	NaN	7.71	22.96	NaN	NaN	0.0	"2.5"	"F0034"	1	1	"PR"	345.919	"deionize"	224.843	1	1	0	923.004	0.0	1025.243	null	1371.784	0.091
13.2	0.03465	29812.5	2934.375	2362.5	NaN	NaN	NaN	0	1	1	0	0	0	0	0	0	0	0	0	1	0	0	0	0	1	1	1	0	1	1	1	0	158.0	0.108	0.294	NaN	NaN	0.257	0.653	NaN	NaN	7.71	22.855	NaN	NaN	0.0	"2.5"	"F0034"	1	1	"PR"	355.754	"deionize"	234.678	1	1	0	923.004	0.0	1025.243	null	1381.619	0.084
12.7	0.034925	30187.5	2934.375	2475.0	NaN	NaN	NaN	0	1	1	0	0	0	0	0	0	0	0	0	1	0	0	0	1	1	1	1	0	1	1	1	0	152.0	0.108	0.305	NaN	NaN	0.257	0.678	NaN	NaN	7.71	23.73	NaN	NaN	0.0	"2.5"	"F0034"	1	1	"PR"	365.899	"deionize-uv"	4.726	1	1	0	923.004	0.0	1025.243	null	1391.764	0.096
13.7	0.033825	30750.0	2953.125	2437.5	NaN	NaN	NaN	0	1	1	0	0	0	0	0	0	0	0	0	1	0	0	0	1	1	1	1	0	1	1	1	0	164.0	0.11	0.302	NaN	NaN	0.262	0.671	NaN	NaN	7.86	23.485	NaN	NaN	0.0	"2.5"	"F0034"	1	1	"PR"	375.939	"deionize-uv"	14.766	1	1	0	923.004	0.0	1025.243	null	1401.804	0.09
12.3	0.0341	29812.5	2943.75	2465.625	NaN	NaN	NaN	0	1	1	0	0	0	0	0	0	0	0	0	1	0	0	0	1	1	1	1	0	1	1	1	0	148.0	0.109	0.305	NaN	NaN	0.26	0.678	NaN	NaN	7.8	23.73	NaN	NaN	0.0	"2.5"	"F0034"	1	1	"PR"	385.979	"deionize-uv"	24.806	1	1	0	923.004	0.0	1025.243	null	1411.844	0.09
12.2	0.03355	30000.0	2925.0	2418.75	NaN	NaN	NaN	0	1	1	0	0	0	0	0	0	0	0	0	1	0	0	0	1	1	1	1	0	1	1	1	0	146.0	0.107	0.3	NaN	NaN	0.255	0.667	NaN	NaN	7.65	23.345	NaN	NaN	0.0	"2.5"	"F0034"	1	1	"PR"	395.817	"deionize-uv"	34.644	1	1	0	923.004	0.0	1025.243	null	1421.682	0.086
11.4	0.032725	30000.0	2953.125	2400.0	NaN	NaN	NaN	0	1	1	0	0	0	0	0	0	0	0	0	1	0	0	0	1	1	1	1	0	1	1	1	0	137.0	0.11	0.298	NaN	NaN	0.262	0.662	NaN	NaN	7.86	23.17	NaN	NaN	0.0	"2.5"	"F0034"	1	1	"PR"	405.857	"deionize-uv"	44.684	1	1	0	923.004	0.0	1025.243	null	1431.722	0.09
11.8	0.03355	29062.5	2934.375	2409.375	NaN	NaN	NaN	0	1	1	0	0	0	0	0	0	0	0	0	1	0	0	0	1	1	1	1	0	1	1	1	0	142.0	0.108	0.299	NaN	NaN	0.257	0.664	NaN	NaN	7.71	23.24	NaN	NaN	0.0	"2.5"	"F0034"	1	1	"PR"	415.895	"deionize-uv"	54.722	1	1	0	923.004	0.0	1025.243	null	1441.76	0.091
12.1	0.03245	30000.0	2915.625	2475.0	NaN	NaN	NaN	0	1	1	0	0	0	0	0	0	0	0	0	1	0	0	0	1	1	1	1	0	1	1	1	0	145.0	0.107	0.305	NaN	NaN	0.255	0.678	NaN	NaN	7.65	23.73	NaN	NaN	0.0	"2.5"	"F0034"	1	1	"PR"	425.932	"deionize-uv"	64.759	1	1	0	923.004	0.0	1025.243	null	1451.797	0.09
12.6	0.03245	29625.0	2934.375	2409.375	NaN	NaN	NaN	0	1	1	0	0	0	0	0	0	0	0	0	1	0	0	0	1	1	1	1	0	1	1	1	0	151.0	0.108	0.299	NaN	NaN	0.257	0.664	NaN	NaN	7.71	23.24	NaN	NaN	0.0	"2.5"	"F0034"	1	1	"PR"	435.968	"deionize-uv"	74.795	1	1	0	923.004	0.0	1025.243	null	1461.833	0.086
11.7	0.031625	30000.0	2953.125	2400.0	NaN	NaN	NaN	0	1	1	0	0	0	0	0	0	0	0	0	1	0	0	0	1	1	1	1	0	1	1	1	0	140.0	0.11	0.298	NaN	NaN	0.262	0.662	NaN	NaN	7.86	23.17	NaN	NaN	0.0	"2.5"	"F0034"	1	1	"PR"	446.009	"deionize-uv"	84.836	1	1	0	923.004	0.0	1025.243	null	1471.874	0.086
12.3	0.031075	29625.0	2943.75	2437.5	NaN	NaN	NaN	0	1	1	0	0	0	0	0	0	0	0	0	1	0	0	0	1	1	1	1	0	1	1	1	0	148.0	0.109	0.302	NaN	NaN	0.26	0.671	NaN	NaN	7.8	23.485	NaN	NaN	0.0	"2.5"	"F0034"	1	1	"PR"	456.049	"deionize-uv"	94.876	1	1	0	923.004	0.0	1025.243	null	1481.914	0.09
12.3	0.03135	29625.0	2934.375	2465.625	NaN	NaN	NaN	0	1	1	0	0	0	0	0	0	0	0	0	1	0	0	0	1	1	1	1	0	1	1	1	0	148.0	0.108	0.305	NaN	NaN	0.257	0.678	NaN	NaN	7.71	23.73	NaN	NaN	0.0	"2.5"	"F0034"	1	1	"PR"	465.886	"deionize-uv"	104.713	1	1	0	923.004	0.0	1025.243	null	1491.751	0.086
12.6	0.03025	30000.0	2943.75	2390.625	NaN	NaN	NaN	0	1	1	0	0	0	0	0	0	0	0	0	1	0	0	0	1	1	1	1	0	1	1	1	0	151.0	0.109	0.297	NaN	NaN	0.26	0.66	NaN	NaN	7.8	23.1	NaN	NaN	0.0	"2.5"	"F0034"	1	1	"PR"	475.924	"deionize-uv"	114.751	1	1	0	923.004	0.0	1025.243	null	1501.789	0.085
12.4	0.030525	25875.0	2943.75	1978.125	NaN	NaN	NaN	0	0	1	0	0	0	0	1	0	0	0	0	1	0	0	0	1	1	1	1	0	1	1	1	0	149.0	0.109	0.256	NaN	NaN	0.26	0.569	NaN	NaN	7.8	19.915	NaN	NaN	0.0	"2.5"	"F0034"	1	1	"PR"	486.089	"drain-di-1"	4.744	1	1	0	923.004	0.0	1025.243	null	1511.954	0.087
11.4	0.03025	27937.5	2953.125	1725.0	NaN	NaN	NaN	0	0	1	0	0	0	0	1	0	0	0	0	1	0	0	0	1	1	1	1	0	1	1	1	0	137.0	0.11	0.23	NaN	NaN	0.262	0.511	NaN	NaN	7.86	17.885	NaN	NaN	0.0	"2.5"	"F0034"	1	1	"PR"	495.923	"drain-di-1"	14.578	1	1	0	923.004	0.0	1025.243	null	1521.788	0.075
12.2	0.0297	27562.5	2934.375	1462.5	NaN	NaN	NaN	0	0	1	0	0	0	0	1	0	0	0	0	1	0	0	0	1	1	1	1	0	1	1	1	0	146.0	0.108	0.204	NaN	NaN	0.257	0.453	NaN	NaN	7.71	15.855	NaN	NaN	0.0	"2.5"	"F0034"	1	1	"PR"	505.963	"drain-di-1"	24.618	1	1	0	923.004	0.0	1025.243	null	1531.828	0.087
11.9	0.02915	26062.5	2953.125	1181.25	NaN	NaN	NaN	0	0	1	0	0	0	0	1	0	0	0	0	1	0	0	0	1	1	1	1	0	1	1	1	0	143.0	0.11	0.176	NaN	NaN	0.262	0.391	NaN	NaN	7.86	13.685	NaN	NaN	0.0	"2.5"	"F0034"	1	1	"PR"	516.001	"drain-di-1"	34.656	1	1	0	923.004	0.0	1025.243	null	1541.866	0.088
10.8	0.028875	26250.0	2934.375	965.625	NaN	NaN	NaN	0	0	1	0	0	0	0	1	0	0	0	0	1	0	0	0	1	1	1	1	0	1	1	1	0	130.0	0.108	0.155	NaN	NaN	0.257	0.344	NaN	NaN	7.71	12.04	NaN	NaN	0.0	"2.5"	"F0034"	1	1	"PR"	526.038	"drain-di-1"	44.693	1	1	0	923.004	0.0	1025.243	null	1551.903	0.089
11.3	0.02915	24937.5	2953.125	693.75	NaN	NaN	NaN	0	0	1	0	0	0	0	1	0	0	0	0	1	0	0	0	1	1	1	1	0	1	1	1	0	136.0	0.11	0.127	NaN	NaN	0.262	0.282	NaN	NaN	7.86	9.87	NaN	NaN	0.0	"2.5"	"F0034"	1	1	"PR"	536.07	"drain-di-1"	54.725	1	1	0	923.004	0.0	1025.243	null	1561.935	0.09
7.7	0.02915	25687.5	2962.5	450.0	NaN	NaN	NaN	0	0	1	0	0	0	0	1	0	0	0	0	1	0	0	0	1	1	1	1	0	1	1	1	0	92.0	0.111	0.103	NaN	NaN	0.264	0.229	NaN	NaN	7.92	8.015	NaN	NaN	0.0	"2.5"	"F0034"	1	1	"PR"	546.118	"drain-di-1"	64.773	1	1	0	923.004	0.0	1025.243	null	1571.983	0.087
11.9	0.0286	24562.5	2943.75	196.875	NaN	NaN	NaN	0	0	1	0	0	0	0	1	0	0	0	0	1	0	0	0	1	1	1	1	0	1	1	1	0	143.0	0.109	0.078	NaN	NaN	0.26	0.173	NaN	NaN	7.8	6.055	NaN	NaN	0.0	"2.5"	"F0034"	1	1	"PR"	556.152	"drain-di-1"	74.807	1	1	0	923.004	0.0	1025.243	null	1582.017	0.087
11.2	0.028875	24562.5	2953.125	-56.25	NaN	NaN	NaN	0	0	1	0	0	0	0	1	0	0	0	0	1	0	0	0	1	1	1	1	0	1	1	1	0	134.0	0.11	0.052	NaN	NaN	0.262	0.116	NaN	NaN	7.86	4.06	NaN	NaN	0.0	"2.5"	"F0034"	1	1	"PR"	566.097	"drip-di-1"	4.526	1	1	0	923.004	0.0	1025.243	null	1591.962	0.088
11.2	0.02805	24000.0	2962.5	-65.625	NaN	NaN	NaN	0	0	1	0	0	0	0	1	0	0	0	0	1	0	0	0	1	1	1	1	0	1	1	1	0	134.0	0.111	0.051	NaN	NaN	0.264	0.113	NaN	NaN	7.92	3.955	NaN	NaN	0.0	"2.5"	"F0034"	1	1	"PR"	576.132	"drip-di-1"	14.561	1	1	0	923.004	0.0	1025.243	null	1601.997	0.089
-12.0	0.02915	22875.0	2821.875	93.75	NaN	NaN	NaN	1	0	0	0	0	1	1	0	0	0	0	0	1	1	0	0	0	1	1	0	1	1	1	0	1	-144.0	0.097	0.067	NaN	NaN	0.231	0.149	NaN	NaN	6.93	5.215	NaN	NaN	0.0	"2.5"	"F0034"	1	0	"PR"	586.135	"reverse-f"	9.401	1	1	0	923.004	0.0	1025.243	null	1612.0	0.088
-11.3	0.030525	24750.0	2784.375	403.125	NaN	NaN	NaN	1	0	0	0	0	1	1	0	0	0	0	0	1	1	0	0	0	1	1	0	1	1	1	0	1	-136.0	0.093	0.098	NaN	NaN	0.221	0.218	NaN	NaN	6.63	7.63	NaN	NaN	0.0	"2.5"	"F0034"	1	0	"PR"	596.175	"reverse-f"	19.441	1	1	0	923.004	0.0	1025.243	null	1622.04	0.086
-11.0	0.0341	22125.0	2784.375	712.5	NaN	NaN	NaN	1	0	0	0	0	1	1	0	0	0	0	0	1	1	0	0	0	1	1	0	1	1	1	0	1	-132.0	0.093	0.129	NaN	NaN	0.221	0.287	NaN	NaN	6.63	10.045	NaN	NaN	0.0	"2.5"	"F0034"	1	0	"PR"	606.217	"reverse-f"	29.483	1	1	0	923.004	0.0	1025.243	null	1632.082	0.084
-10.9	0.03685	22125.0	2784.375	1059.375	NaN	NaN	NaN	1	0	0	0	0	1	1	0	0	0	0	0	1	1	0	0	0	1	1	0	1	1	1	0	1	-131.0	0.093	0.164	NaN	NaN	0.221	0.364	NaN	NaN	6.63	12.74	NaN	NaN	0.0	"2.5"	"F0034"	1	0	"PR"	616.256	"reverse-f"	39.522	1	1	0	923.004	0.0	1025.243	null	1642.121	0.081
-11.5	0.039325	21750.0	2793.75	1293.75	NaN	NaN	NaN	1	0	0	0	0	1	1	0	0	0	0	0	1	1	0	0	0	1	1	0	1	1	1	0	1	-138.0	0.094	0.187	NaN	NaN	0.224	0.416	NaN	NaN	6.72	14.56	NaN	NaN	0.0	"2.5"	"F0034"	1	0	"PR"	626.096	"reverse-f"	49.362	1	1	0	923.004	0.0	1025.243	null	1651.961	0.088
-12.0	0.0429	21937.5	2775.0	1575.0	NaN	NaN	NaN	1	0	0	0	0	1	1	0	0	0	0	0	1	1	0	0	0	1	1	0	1	1	1	0	1	-144.0	0.093	0.215	NaN	NaN	0.221	0.478	NaN	NaN	6.63	16.73	NaN	NaN	0.0	"2.5"	"F0034"	1	0	"PR"	636.137	"reverse-f"	59.403	1	1	0	923.004	0.0	1025.243	null	1662.002	0.088
-13.0	0.044275	23437.5	2784.375	1865.625	NaN	NaN	NaN	1	0	0	0	0	1	1	0	0	0	0	0	1	1	0	0	0	1	1	0	1	1	1	0	1	-156.0	0.093	0.245	NaN	NaN	0.221	0.544	NaN	NaN	6.63	19.04	NaN	NaN	0.0	"2.5"	"F0034"	1	0	"PR"	646.17	"reverse-f"	69.436	1	1	0	923.004	0.0	1025.243	null	1672.035	0.083
-12.3	0.0462	24000.0	2775.0	2146.875	NaN	NaN	NaN	1	0	0	0	0	1	1	0	0	0	0	0	1	1	0	0	0	1	1	0	1	1	1	0	1	-148.0	0.093	0.273	NaN	NaN	0.221	0.607	NaN	NaN	6.63	21.245	NaN	NaN	0.0	"2.5"	"F0034"	1	0	"PR"	656.211	"reverse-f"	79.477	1	1	0	923.004	0.0	1025.243	null	1682.076	0.083
-12.0	0.047575	25500.0	2784.375	2278.125	NaN	NaN	NaN	0	0	0	0	0	1	1	0	0	0	0	0	1	0	0	0	0	1	1	0	1	1	1	0	1	-144.0	0.093	0.286	NaN	NaN	0.221	0.636	NaN	NaN	6.63	22.26	NaN	NaN	0.0	"2.5"	"F0034"	1	0	"PR"	666.161	"reverse"	89.427	1	1	0	923.004	0.0	1025.243	null	1692.026	0.084
-12.0	0.048675	23812.5	2803.125	2250.0	NaN	NaN	NaN	0	0	0	0	0	1	1	0	0	0	0	0	1	0	0	0	0	1	1	0	1	1	1	0	1	-144.0	0.095	0.283	NaN	NaN	0.226	0.629	NaN	NaN	6.78	22.015	NaN	NaN	0.0	"2.5"	"F0034"	1	0	"PR"	676.199	"reverse"	99.465	1	1	0	923.004	0.0	1025.243	null	1702.064	0.088
-12.4	0.049775	21562.5	2775.0	2250.0	NaN	NaN	NaN	0	0	0	0	0	1	1	0	0	0	0	0	1	0	0	0	0	1	1	0	1	1	1	0	1	-149.0	0.093	0.283	NaN	NaN	0.221	0.629	NaN	NaN	6.63	22.015	NaN	NaN	0.0	"2.5"	"F0034"	1	0	"PR"	686.236	"reverse"	109.502	1	1	0	923.004	0.0	1025.243	null	1712.101	0.081
-12.6	0.050875	22500.0	2793.75	2259.375	NaN	NaN	NaN	0	0	0	0	0	1	1	0	0	0	0	0	1	0	0	0	0	1	1	0	1	1	1	0	1	-151.0	0.094	0.284	NaN	NaN	0.224	0.631	NaN	NaN	6.72	22.085	NaN	NaN	0.0	"2.5"	"F0034"	1	0	"PR"	696.274	"reverse"	119.54	1	1	0	923.004	0.0	1025.243	null	1722.139	0.081
-11.8	0.051425	22500.0	2784.375	2259.375	NaN	NaN	NaN	0	0	0	0	0	1	1	0	0	0	0	0	1	0	0	0	0	1	1	0	1	1	1	0	1	-142.0	0.093	0.284	NaN	NaN	0.221	0.631	NaN	NaN	6.63	22.085	NaN	NaN	0.0	"2.5"	"F0034"	1	0	"PR"	706.316	"reverse"	129.582	1	1	0	923.004	0.0	1025.243	null	1732.181	0.081
-11.9	0.05115	21562.5	2784.375	2278.125	NaN	NaN	NaN	0	0	0	0	0	1	1	0	0	0	0	0	1	0	0	0	0	1	1	0	1	1	1	0	1	-143.0	0.093	0.286	NaN	NaN	0.221	0.636	NaN	NaN	6.63	22.26	NaN	NaN	0.0	"2.5"	"F0034"	1	0	"PR"	716.355	"reverse"	139.621	1	1	0	923.004	0.0	1025.243	null	1742.22	0.086
-11.7	0.0517	22875.0	2784.375	2278.125	NaN	NaN	NaN	0	0	0	0	0	1	1	0	0	0	0	0	1	0	0	0	0	1	1	0	1	1	1	0	1	-140.0	0.093	0.286	NaN	NaN	0.221	0.636	NaN	NaN	6.63	22.26	NaN	NaN	0.0	"2.5"	"F0034"	1	0	"PR"	726.192	"reverse"	149.458	1	1	0	923.004	0.0	1025.243	null	1752.057	0.087
-0.8	0.05225	1500.0	2981.25	2278.125	NaN	NaN	NaN	0	0	0	0	0	0	0	0	0	0	0	0	0	0	0	0	0	0	0	0	1	0	0	0	1	-10.0	0.113	0.286	NaN	NaN	0.269	0.636	NaN	NaN	8.07	22.26	NaN	NaN	0.0	"2.5"	"F0034"	0	0	"PR"	736.323	"diffuse"	9.528	1	1	1	923.004	0.0	1025.243	null	1762.188	0.087
-1.2	0.051975	1125.0	2953.125	2278.125	NaN	NaN	NaN	0	0	0	0	0	0	0	0	0	0	0	0	0	0	0	0	0	0	0	0	1	0	0	0	1	-14.0	0.11	0.286	NaN	NaN	0.262	0.636	NaN	NaN	7.86	22.26	NaN	NaN	0.0	"2.5"	"F0034"	0	0	"PR"	746.358	"diffuse"	19.563	1	1	1	923.004	0.0	1025.243	null	1772.223	0.09
-1.2	0.052525	187.5	2971.875	2278.125	NaN	NaN	NaN	0	0	0	0	0	0	0	0	0	0	0	0	0	0	0	0	0	0	0	0	1	0	0	0	1	-14.0	0.112	0.286	NaN	NaN	0.267	0.636	NaN	NaN	8.01	22.26	NaN	NaN	0.0	"2.5"	"F0034"	0	0	"PR"	756.395	"diffuse"	29.6	1	1	1	923.004	0.0	1025.243	null	1782.26	0.09
-11.1	0.05225	23625.0	2784.375	2259.375	NaN	NaN	NaN	0	0	0	0	0	1	1	0	0	0	0	0	1	0	0	0	0	1	1	0	1	1	1	0	1	-133.0	0.093	0.284	NaN	NaN	0.221	0.631	NaN	NaN	6.63	22.085	NaN	NaN	0.0	"2.5"	"F0034"	1	0	"PR"	766.326	"wash-en"	9.529	1	1	1	923.004	0.0	1025.243	null	1792.191	0.094
-12.0	0.052525	23062.5	2784.375	2278.125	NaN	NaN	NaN	0	0	0	0	0	1	1	0	0	0	0	0	1	0	0	0	0	1	1	0	1	1	1	0	1	-144.0	0.093	0.286	NaN	NaN	0.221	0.636	NaN	NaN	6.63	22.26	NaN	NaN	0.0	"2.5"	"F0034"	1	0	"PR"	776.365	"wash-en"	19.568	1	1	1	923.004	0.0	1025.243	null	1802.23	0.094
-0.1	0.05335	23062.5	2812.5	2278.125	NaN	NaN	NaN	0	0	0	0	0	1	1	0	0	0	0	0	1	0	0	0	0	0	0	0	1	0	0	0	1	-1.0	0.096	0.286	NaN	NaN	0.229	0.636	NaN	NaN	6.87	22.26	NaN	NaN	0.0	"2.5"	"F0034"	0	0	"PR"	786.29	"wash-sc"	9.324	1	1	1	923.004	0.0	1025.243	null	1812.155	0.09
