cur	ec	mod-ps	rg-ps	di-ps	fw1-ps	fw2-ps	pf-ps	vlv-di-fill	vlv-di-in	vlv-di-out	vlv-rg-fill	vlv-rg-drain	vlv-rg-in	vlv-rg-out	vlv-fw1-in	vlv-fw1-out	vlv-fw2-in	vlv-po	vlv-mod-drain	pmp-sys	pmp-di	pmp-fw1	pmp-fw2	uv	en-anode1	en-cath1	pl-anode1	pl-cath1	en-anode2	en-cath2	pl-anode2	pl-cath2	pw	rg-he	di-he	fw1-he	fw2-he	rg-lev	di-lev	fw1-lev	fw2-lev	rg-vol	di-vol	fw1-vol	fw2-vol	pr-ec	ver	sn	mod-en	mod-pl	proc	proc-time	ph	ph-time	count	cyc	rnd	pr-last	rc-last	fr-last	halt-re	time	exec
3.2	0.049775	24562.5	2840.625	2278.125	NaN	NaN	NaN	0	0	0	0	0	1	1	0	0	0	0	0	1	0	0	0	0	0	0	0	1	0	0	0	1	38.0	0.099	0.286	NaN	NaN	0.236	0.636	NaN	NaN	7.08	22.26	NaN	NaN	0.0	"2.5"	"F0034"	0	0	"PR"	8.246	"prime"	6.425	0	0	0	0.0	0.0	0.0	null	10.037	0.089
3.5	0.05005	23812.5	2850.0	2250.0	NaN	NaN	NaN	0	0	0	0	0	1	1	0	0	0	0	0	1	0	0	0	0	0	0	0	1	0	0	0	1	42.0	0.1	0.283	NaN	NaN	0.238	0.629	NaN	NaN	7.14	22.015	NaN	NaN	0.0	"2.5"	"F0034"	0	0	"PR"	8.447	"prime"	6.626	0	0	0	0.0	0.0	0.0	null	10.238	0.092
2.8	0.051425	24375.0	2840.625	2250.0	NaN	NaN	NaN	0	0	0	0	0	1	1	0	0	0	0	0	1	0	0	0	0	0	0	0	1	0	0	0	1	34.0	0.099	0.283	NaN	NaN	0.236	0.629	NaN	NaN	7.08	22.015	NaN	NaN	0.0	"2.5"	"F0034"	0	0	"PR"	18.287	"prime"	16.466	0	0	0	0.0	0.0	0.0	null	20.078	0.093
3.1	0.05115	23437.5	2803.125	2278.125	NaN	NaN	NaN	0	0	0	0	0	1	1	0	0	0	0	0	1	0	0	0	0	0	0	0	1	0	0	0	1	37.0	0.095	0.286	NaN	NaN	0.226	0.636	NaN	NaN	6.78	22.26	NaN	NaN	0.0	"2.5"	"F0034"	0	0	"PR"	28.329	"prime"	26.508	0	0	0	0.0	0.0	0.0	null	30.12	0.091
-10.6	0.050875	30000.0	2990.625	2587.5	NaN	NaN	NaN	0	1	1	0	0	0	0	0	0	0	0	0	1	0	0	0	0	1	1	0	1	1	1	0	1	-127.0	0.114	0.317	NaN	NaN	0.271	0.704	NaN	NaN	8.13	24.64	NaN	NaN	0.0	"2.5"	"F0034"	1	0	"PR"	38.366	"deionize"	6.02	0	1	0	0.0	0.0	0.0	null	40.157	0.09
-11.5	0.0506	29625.0	2981.25	2484.375	NaN	NaN	NaN	0	1	1	0	0	0	0	0	0	0	0	0	1	0	0	0	0	1	1	0	1	1	1	0	1	-138.0	0.113	0.306	NaN	NaN	0.269	0.68	NaN	NaN	8.07	23.8	NaN	NaN	0.0	"2.5"	"F0034"	1	0	"PR"	48.408	"deionize"	16.062	0	1	0	0.0	0.0	0.0	null	50.199	0.095
-12.0	0.0484	30000.0	2981.25	2615.625	NaN	NaN	NaN	0	1	1	0	0	0	0	0	0	0	0	0	1	0	0	0	0	1	1	0	1	1	1	0	1	-144.0	0.113	0.32	NaN	NaN	0.269	0.711	NaN	NaN	8.07	24.885	NaN	NaN	0.0	"2.5"	"F0034"	1	0	"PR"	58.446	"deionize"	26.1	0	1	0	0.0	0.0	0.0	null	60.237	0.094
-12.1	0.047575	29812.5	2981.25	2559.375	NaN	NaN	NaN	0	1	1	0	0	0	0	0	0	0	0	0	1	0	0	0	0	1	1	0	1	1	1	0	1	-145.0	0.113	0.314	NaN	NaN	0.269	0.698	NaN	NaN	8.07	24.43	NaN	NaN	0.0	"2.5"	"F0034"	1	0	"PR"	68.484	"deionize"	36.138	0	1	0	0.0	0.0	0.0	null	70.275	0.085
-12.0	0.045925	29437.5	2990.625	2559.375	NaN	NaN	NaN	0	1	1	0	0	0	0	0	0	0	0	0	1	0	0	0	0	1	1	0	1	1	1	0	1	-144.0	0.114	0.314	NaN	NaN	0.271	0.698	NaN	NaN	8.13	24.43	NaN	NaN	0.0	"2.5"	"F0034"	1	0	"PR"	78.526	"deionize"	46.18	0	1	0	0.0	0.0	0.0	null	80.317	0.088
-12.4	0.044	30000.0	2981.25	2512.5	NaN	NaN	NaN	0	1	1	0	0	0	0	0	0	0	0	0	1	0	0	0	0	1	1	0	1	1	1	0	1	-149.0	0.113	0.309	NaN	NaN	0.269	0.687	NaN	NaN	8.07	24.045	NaN	NaN	0.0	"2.5"	"F0034"	1	0	"PR"	88.362	"deionize"	56.016	0	1	0	0.0	0.0	0.0	null	90.153	0.087
-11.7	0.042075	30375.0	2981.25	2512.5	NaN	NaN	NaN	0	1	1	0	0	0	0	0	0	0	0	0	1	0	0	0	0	1	1	0	1	1	1	0	1	-140.0	0.113	0.309	NaN	NaN	0.269	0.687	NaN	NaN	8.07	24.045	NaN	NaN	0.0	"2.5"	"F0034"	1	0	"PR"	98.4	"deionize"	66.054	0	1	0	0.0	0.0	0.0	null	100.191	0.088
-12.4	0.040425	30000.0	2981.25	2465.625	NaN	NaN	NaN	0	1	1	0	0	0	0	0	0	0	0	0	1	0	0	0	0	1	1	0	1	1	1	0	1	-149.0	0.113	0.305	NaN	NaN	0.269	0.678	NaN	NaN	8.07	23.73	NaN	NaN	0.0	"2.5"	"F0034"	1	0	"PR"	108.441	"deionize"	76.095	0	1	0	0.0	0.0	0.0	null	110.232	0.094
-12.0	0.0396	30187.5	2990.625	2475.0	NaN	NaN	NaN	0	1	1	0	0	0	0	0	0	0	0	0	1	0	0	0	0	1	1	0	1	1	1	0	1	-144.0	0.114	0.305	NaN	NaN	0.271	0.678	NaN	NaN	8.13	23.73	NaN	NaN	0.0	"2.5"	"F0034"	1	0	"PR"	118.48	"deionize"	86.134	0	1	0	0.0	0.0	0.0	null	120.271	0.087
-11.0	0.037675	30187.5	2981.25	2493.75	NaN	NaN	NaN	0	1	1	0	0	0	0	0	0	0	0	0	1	0	0	0	0	1	1	0	1	1	1	0	1	-132.0	0.113	0.307	NaN	NaN	0.269	0.682	NaN	NaN	8.07	23.87	NaN	NaN	0.0	"2.5"	"F0034"	1	0	"PR"	128.521	"deionize"	96.175	0	1	0	0.0	0.0	0.0	null	130.312	0.088
-10.8	0.037125	30000.0	2971.875	2437.5	NaN	NaN	NaN	0	1	1	0	0	0	0	0	0	0	0	0	1	0	0	0	0	1	1	0	1	1	1	0	1	-130.0	0.112	0.302	NaN	NaN	0.267	0.671	NaN	NaN	8.01	23.485	NaN	NaN	0.0	"2.5"	"F0034"	1	0	"PR"	138.56	"deionize"	106.214	0	1	0	0.0	0.0	0.0	null	140.351	0.088
-9.9	0.036025	29250.0	2981.25	2475.0	NaN	NaN	NaN	0	1	1	0	0	0	0	0	0	0	0	0	1	0	0	0	0	1	1	0	1	1	1	0	1	-119.0	0.113	0.305	NaN	NaN	0.269	0.678	NaN	NaN	8.07	23.73	NaN	NaN	0.0	"2.5"	"F0034"	1	0	"PR"	148.594	"deionize"	116.248	0	1	0	0.0	0.0	0.0	null	150.385	0.084
-10.7	0.034925	30187.5	2981.25	2465.625	NaN	NaN	NaN	0	1	1	0	0	0	0	0	0	0	0	0	1	0	0	0	0	1	1	0	1	1	1	0	1	-128.0	0.113	0.305	NaN	NaN	0.269	0.678	NaN	NaN	8.07	23.73	NaN	NaN	0.0	"2.5"	"F0034"	1	0	"PR"	158.436	"deionize"	126.09	0	1	0	0.0	0.0	0.0	null	160.227	0.091
-10.7	0.034375	29812.5	2981.25	2428.125	NaN	NaN	NaN	0	1	1	0	0	0	0	0	0	0	0	0	1	0	0	0	0	1	1	0	1	1	1	0	1	-128.0	0.113	0.301	NaN	NaN	0.269	0.669	NaN	NaN	8.07	23.415	NaN	NaN	0.0	"2.5"	"F0034"	1	0	"PR"	168.468	"deionize"	136.122	0	1	0	0.0	0.0	0.0	null	170.259	0.087
-10.6	0.033825	29812.5	2971.875	2437.5	NaN	NaN	NaN	0	1	1	0	0	0	0	0	0	0	0	0	1	0	0	0	0	1	1	0	1	1	1	0	1	-127.0	0.112	0.302	NaN	NaN	0.267	0.671	NaN	NaN	8.01	23.485	NaN	NaN	0.0	"2.5"	"F0034"	1	0	"PR"	178.498	"deionize"	146.152	0	1	0	0.0	0.0	0.0	null	180.289	0.091
-10.5	0.0341	30562.5	2962.5	2521.875	NaN	NaN	NaN	0	1	1	0	0	0	0	0	0	0	0	0	1	0	0	0	0	1	1	0	1	1	1	0	1	-126.0	0.111	0.31	NaN	NaN	0.264	0.689	NaN	NaN	7.92	24.115	NaN	NaN	0.0	"2.5"	"F0034"	1	0	"PR"	188.539	"deionize"	156.193	0	1	0	0.0	0.0	0.0	null	190.33	0.084
-10.8	0.033	29250.0	2981.25	2493.75	NaN	NaN	NaN	0	1	1	0	0	0	0	0	0	0	0	0	1	0	0	0	0	1	1	0	1	1	1	0	1	-130.0	0.113	0.307	NaN	NaN	0.269	0.682	NaN	NaN	8.07	23.87	NaN	NaN	0.0	"2.5"	"F0034"	1	0	"PR"	198.573	"deionize"	166.227	0	1	0	0.0	0.0	0.0	null	200.364	0.082
-10.0	0.03245	30000.0	2971.875	2446.875	NaN	NaN	NaN	0	1	1	0	0	0	0	0	0	0	0	0	1	0	0	0	0	1	1	0	1	1	1	0	1	-120.0	0.112	0.303	NaN	NaN	0.267	0.673	NaN	NaN	8.01	23.555	NaN	NaN	0.0	"2.5"	"F0034"	1	0	"PR"	208.609	"deionize"	176.263	0	1	0	0.0	0.0	0.0	null	210.4	0.084
-9.8	0.03245	30000.0	2981.25	2465.625	NaN	NaN	NaN	0	1	1	0	0	0	0	0	0	0	0	0	1	0	0	0	0	1	1	0	1	1	1	0	1	-118.0	0.113	0.305	NaN	NaN	0.269	0.678	NaN	NaN	8.07	23.73	NaN	NaN	0.0	"2.5"	"F0034"	1	0	"PR"	218.647	"deionize"	186.301	0	1	0	0.0	0.0	0.0	null	220.438	0.091
-9.3	0.031625	29625.0	2971.875	2446.875	NaN	NaN	NaN	0	1	1	0	0	0	0	0	0	0	0	0	1	0	0	0	0	1	1	0	1	1	1	0	1	-112.0	0.112	0.303	NaN	NaN	0.267	0.673	NaN	NaN	8.01	23.555	NaN	NaN	0.0	"2.5"	"F0034"	1	0	"PR"	228.679	"deionize"	196.333	0	1	0	0.0	0.0	0.0	null	230.47	0.095
-9.4	0.03135	28687.5	2981.25	2418.75	NaN	NaN	NaN	0	1	1	0	0	0	0	0	0	0	0	0	1	0	0	0	0	1	1	0	1	1	1	0	1	-113.0	0.113	0.3	NaN	NaN	0.269	0.667	NaN	NaN	8.07	23.345	NaN	NaN	0.0	"2.5"	"F0034"	1	0	"PR"	238.514	"deionize"	206.168	0	1	0	0.0	0.0	0.0	null	240.305	0.085
-9.6	0.03135	29250.0	2990.625	2428.125	NaN	NaN	NaN	0	1	1	0	0	0	0	0	0	0	0	0	1	0	0	0	0	1	1	0	1	1	1	0	1	-115.0	0.114	0.301	NaN	NaN	0.271	0.669	NaN	NaN	8.13	23.415	NaN	NaN	0.0	"2.5"	"F0034"	1	0	"PR"	248.554	"deionize"	216.208	0	1	0	0.0	0.0	0.0	null	250.345	0.082
-9.9	0.0308	29812.5	2981.25	2409.375	NaN	NaN	NaN	0	1	1	0	0	0	0	0	0	0	0	0	1	0	0	0	0	1	1	0	1	1	1	0	1	-119.0	0.113	0.299	NaN	NaN	0.269	0.664	NaN	NaN	8.07	23.24	NaN	NaN	0.0	"2.5"	"F0034"	1	0	"PR"	258.585	"deionize"	226.239	0	1	0	0.0	0.0	0.0	null	260.376	0.09
-9.4	0.0308	30375.0	2990.625	2465.625	NaN	NaN	NaN	0	1	1	0	0	0	0	0	0	0	0	0	1	0	0	0	0	1	1	0	1	1	1	0	1	-113.0	0.114	0.305	NaN	NaN	0.271	0.678	NaN	NaN	8.13	23.73	NaN	NaN	0.0	"2.5"	"F0034"	1	0	"PR"	268.619	"deionize"	236.273	0	1	0	0.0	0.0	0.0	null	270.41	0.084
-9.7	0.03025	30187.5	2981.25	2400.0	NaN	NaN	NaN	0	1	1	0	0	0	0	0	0	0	0	0	1	0	0	0	1	1	1	0	1	1	1	0	1	-116.0	0.113	0.298	NaN	NaN	0.269	0.662	NaN	NaN	8.07	23.17	NaN	NaN	0.0	"2.5"	"F0034"	1	0	"PR"	278.759	"deionize-uv"	6.327	0	1	0	0.0	0.0	0.0	null	280.55	0.086
-9.2	0.0297	29625.0	2981.25	2428.125	NaN	NaN	NaN	0	1	1	0	0	0	0	0	0	0	0	0	1	0	0	0	1	1	1	0	1	1	1	0	1	-110.0	0.113	0.301	NaN	NaN	0.269	0.669	NaN	NaN	8.07	23.415	NaN	NaN	0.0	"2.5"	"F0034"	1	0	"PR"	288.597	"deionize-uv"	16.165	0	1	0	0.0	0.0	0.0	null	290.388	0.083
-6.8	0.02915	29250.0	2981.25	2409.375	NaN	NaN	NaN	0	1	1	0	0	0	0	0	0	0	0	0	1	0	0	0	1	1	1	0	1	1	1	0	1	-82.0	0.113	0.299	NaN	NaN	0.269	0.664	NaN	NaN	8.07	23.24	NaN	NaN	0.0	"2.5"	"F0034"	1	0	"PR"	298.633	"deionize-uv"	26.201	0	1	0	0.0	0.0	0.0	null	300.424	0.085
-9.2	0.02915	29250.0	2925.0	2418.75	NaN	NaN	NaN	0	1	1	0	0	0	0	0	0	0	0	0	1	0	0	0	1	1	1	0	1	1	1	0	1	-110.0	0.107	0.3	NaN	NaN	0.255	0.667	NaN	NaN	7.65	23.345	NaN	NaN	0.0	"2.5"	"F0034"	1	0	"PR"	308.672	"deionize-uv"	36.24	0	1	0	0.0	0.0	0.0	null	310.463	0.1
-9.2	0.028875	30000.0	2953.125	2362.5	NaN	NaN	NaN	0	1	1	0	0	0	0	0	0	0	0	0	1	0	0	0	1	1	1	0	1	1	1	0	1	-110.0	0.11	0.294	NaN	NaN	0.262	0.653	NaN	NaN	7.86	22.855	NaN	NaN	0.0	"2.5"	"F0034"	1	0	"PR"	318.709	"deionize-uv"	46.277	0	1	0	0.0	0.0	0.0	null	320.5	0.083
-8.7	0.028325	29437.5	2934.375	2418.75	NaN	NaN	NaN	0	1	1	0	0	0	0	0	0	0	0	0	1	0	0	0	1	1	1	0	1	1	1	0	1	-104.0	0.108	0.3	NaN	NaN	0.257	0.667	NaN	NaN	7.71	23.345	NaN	NaN	0.0	"2.5"	"F0034"	1	0	"PR"	328.748	"deionize-uv"	56.316	0	1	0	0.0	0.0	0.0	null	330.539	0.086
-8.5	0.02805	30000.0	2981.25	2353.125	NaN	NaN	NaN	0	1	1	0	0	0	0	0	0	0	0	0	1	0	0	0	1	1	1	0	1	1	1	0	1	-102.0	0.113	0.293	NaN	NaN	0.269	0.651	NaN	NaN	8.07	22.785	NaN	NaN	0.0	"2.5"	"F0034"	1	0	"PR"	338.787	"deionize-uv"	66.355	0	1	0	0.0	0.0	0.0	null	340.578	0.086
-8.2	0.027225	29812.5	2971.875	2400.0	NaN	NaN	NaN	0	1	1	0	0	0	0	0	0	0	0	0	1	0	0	0	1	1	1	0	1	1	1	0	1	-98.0	0.112	0.298	NaN	NaN	0.267	0.662	NaN	NaN	8.01	23.17	NaN	NaN	0.0	"2.5"	"F0034"	1	0	"PR"	348.827	"deionize-uv"	76.395	0	1	0	0.0	0.0	0.0	null	350.618	0.091
-6.4	0.0275	30000.0	2981.25	2446.875	NaN	NaN	NaN	0	1	1	0	0	0	0	0	0	0	0	0	1	0	0	0	1	1	1	0	1	1	1	0	1	-77.0	0.113	0.303	NaN	NaN	0.269	0.673	NaN	NaN	8.07	23.555	NaN	NaN	0.0	"2.5"	"F0034"	1	0	"PR"	358.663	"deionize-uv"	86.231	0	1	0	0.0	0.0	0.0	null	360.454	0.089
-8.3	0.027775	29625.0	2981.25	2418.75	NaN	NaN	NaN	0	1	1	0	0	0	0	0	0	0	0	0	1	0	0	0	1	1	1	0	1	1	1	0	1	-100.0	0.113	0.3	NaN	NaN	0.269	0.667	NaN	NaN	8.07	23.345	NaN	NaN	0.0	"2.5"	"F0034"	1	0	"PR"	368.7	"deionize-uv"	96.268	0	1	0	0.0	0.0	0.0	null	370.491	0.09
-8.1	0.02695	28875.0	2971.875	2409.375	NaN	NaN	NaN	0	1	1	0	0	0	0	0	0	0	0	0	1	0	0	0	1	1	1	0	1	1	1	0	1	-97.0	0.112	0.299	NaN	NaN	0.267	0.664	NaN	NaN	8.01	23.24	NaN	NaN	0.0	"2.5"	"F0034"	1	0	"PR"	378.74	"deionize-uv"	106.308	0	1	0	0.0	0.0	0.0	null	380.531	0.087
-8.1	0.0264	29625.0	2971.875	2390.625	NaN	NaN	NaN	0	1	1	0	0	0	0	0	0	0	0	0	1	0	0	0	1	1	1	0	1	1	1	0	1	-97.0	0.112	0.297	NaN	NaN	0.267	0.66	NaN	NaN	8.01	23.1	NaN	NaN	0.0	"2.5"	"F0034"	1	0	"PR"	388.777	"deionize-uv"	116.345	0	1	0	0.0	0.0	0.0	null	390.568	0.09
-8.4	0.02695	25875.0	2981.25	1884.375	NaN	NaN	NaN	0	0	1	0	0	0	0	1	0	0	0	0	1	0	0	0	1	1	1	0	1	1	1	0	1	-101.0	0.113	0.246	NaN	NaN	0.269	0.547	NaN	NaN	8.07	19.145	NaN	NaN	0.0	"2.5"	"F0034"	1	0	"PR"	398.745	"drain-di-1"	6.153	0	1	0	0.0	0.0	0.0	null	400.536	0.09
-9.2	0.026675	24750.0	2981.25	1650.0	NaN	NaN	NaN	0	0	1	0	0	0	0	1	0	0	0	0	1	0	0	0	1	1	1	0	1	1	1	0	1	-110.0	0.113	0.223	NaN	NaN	0.269	0.496	NaN	NaN	8.07	17.36	NaN	NaN	0.0	"2.5"	"F0034"	1	0	"PR"	408.783	"drain-di-1"	16.191	0	1	0	0.0	0.0	0.0	null	410.574	0.087
-8.0	0.0264	23812.5	2981.25	1425.0	NaN	NaN	NaN	0	0	1	0	0	0	0	1	0	0	0	0	1	0	0	0	1	1	1	0	1	1	1	0	1	-96.0	0.113	0.2	NaN	NaN	0.269	0.444	NaN	NaN	8.07	15.54	NaN	NaN	0.0	"2.5"	"F0034"	1	0	"PR"	418.819	"drain-di-1"	26.227	0	1	0	0.0	0.0	0.0	null	420.61	0.088
-7.3	0.025575	23437.5	2981.25	1171.875	NaN	NaN	NaN	0	0	1	0	0	0	0	1	0	0	0	0	1	0	0	0	1	1	1	0	1	1	1	0	1	-88.0	0.113	0.175	NaN	NaN	0.269	0.389	NaN	NaN	8.07	13.615	NaN	NaN	0.0	"2.5"	"F0034"	1	0	"PR"	428.859	"drain-di-1"	36.267	0	1	0	0.0	0.0	0.0	null	430.65	0.09
-7.9	0.025575	24562.5	2981.25	918.75	NaN	NaN	NaN	0	0	1	0	0	0	0	1	0	0	0	0	1	0	0	0	1	1	1	0	1	1	1	0	1	-95.0	0.113	0.15	NaN	NaN	0.269	0.333	NaN	NaN	8.07	11.655	NaN	NaN	0.0	"2.5"	"F0034"	1	0	"PR"	438.893	"drain-di-1"	46.301	0	1	0	0.0	0.0	0.0	null	440.684	0.087
-5.1	0.025575	25312.5	2981.25	665.625	NaN	NaN	NaN	0	0	1	0	0	0	0	1	0	0	0	0	1	0	0	0	1	1	1	0	1	1	1	0	1	-61.0	0.113	0.125	NaN	NaN	0.269	0.278	NaN	NaN	8.07	9.73	NaN	NaN	0.0	"2.5"	"F0034"	1	0	"PR"	448.931	"drain-di-1"	56.339	0	1	0	0.0	0.0	0.0	null	450.722	0.087
-8.4	0.025575	26062.5	2981.25	412.5	NaN	NaN	NaN	0	0	1	0	0	0	0	1	0	0	0	0	1	0	0	0	1	1	1	0	1	1	1	0	1	-101.0	0.113	0.099	NaN	NaN	0.269	0.22	NaN	NaN	8.07	7.7	NaN	NaN	0.0	"2.5"	"F0034"	1	0	"PR"	458.968	"drain-di-1"	66.376	0	1	0	0.0	0.0	0.0	null	460.759	0.087
-7.9	0.025575	26437.5	2990.625	140.625	NaN	NaN	NaN	0	0	1	0	0	0	0	1	0	0	0	0	1	0	0	0	1	1	1	0	1	1	1	0	1	-95.0	0.114	0.072	NaN	NaN	0.271	0.16	NaN	NaN	8.13	5.6	NaN	NaN	0.0	"2.5"	"F0034"	1	0	"PR"	468.804	"drain-di-1"	76.212	0	1	0	0.0	0.0	0.0	null	470.595	0.091
-6.7	0.025575	24000.0	2981.25	-93.75	NaN	NaN	NaN	0	0	1	0	0	0	0	1	0	0	0	0	1	0	0	0	1	1	1	0	1	1	1	0	1	-80.0	0.113	0.049	NaN	NaN	0.269	0.109	NaN	NaN	8.07	3.815	NaN	NaN	0.0	"2.5"	"F0034"	1	0	"PR"	478.954	"drip-di-1"	6.334	0	1	0	0.0	0.0	0.0	null	480.745	0.093
12.3	0.025575	21187.5	2906.25	-28.125	NaN	NaN	NaN	1	0	0	0	0	1	1	0	0	0	0	0	1	1	0	0	0	1	1	1	0	1	1	1	0	148.0	0.106	0.055	NaN	NaN	0.252	0.122	NaN	NaN	7.56	4.27	NaN	NaN	0.0	"2.5"	"F0034"	1	1	"PR"	488.963	"reverse-f"	1.174	0	1	0	0.0	0.0	0.0	null	490.754	0.087
12.6	0.026125	24562.5	2812.5	159.375	NaN	NaN	NaN	1	0	0	0	0	1	1	0	0	0	0	0	1	1	0	0	0	1	1	1	0	1	1	1	0	151.0	0.096	0.074	NaN	NaN	0.229	0.164	NaN	NaN	6.87	5.74	NaN	NaN	0.0	"2.5"	"F0034"	1	1	"PR"	499.002	"reverse-f"	11.213	0	1	0	0.0	0.0	0.0	null	500.793	0.084
12.6	0.02915	24937.5	2793.75	468.75	NaN	NaN	NaN	1	0	0	0	0	1	1	0	0	0	0	0	1	1	0	0	0	1	1	1	0	1	1	1	0	151.0	0.094	0.105	NaN	NaN	0.224	0.233	NaN	NaN	6.72	8.155	NaN	NaN	0.0	"2.5"	"F0034"	1	1	"PR"	508.843	"reverse-f"	21.054	0	1	0	0.0	0.0	0.0	null	510.634	0.09
11.6	0.03245	24000.0	2793.75	768.75	NaN	NaN	NaN	1	0	0	0	0	1	1	0	0	0	0	0	1	1	0	0	0	1	1	1	0	1	1	1	0	139.0	0.094	0.135	NaN	NaN	0.224	0.3	NaN	NaN	6.72	10.5	NaN	NaN	0.0	"2.5"	"F0034"	1	1	"PR"	518.88	"reverse-f"	31.091	0	1	0	0.0	0.0	0.0	null	520.671	0.094
12.8	0.036025	24000.0	2793.75	1087.5	NaN	NaN	NaN	1	0	0	0	0	1	1	0	0	0	0	0	1	1	0	0	0	1	1	1	0	1	1	1	0	154.0	0.094	0.167	NaN	NaN	0.224	0.371	NaN	NaN	6.72	12.985	NaN	NaN	0.0	"2.5"	"F0034"	1	1	"PR"	528.921	"reverse-f"	41.132	0	1	0	0.0	0.0	0.0	null	530.712	0.092
13.4	0.03795	25125.0	2831.25	1387.5	NaN	NaN	NaN	1	0	0	0	0	1	1	0	0	0	0	0	1	1	0	0	0	1	1	1	0	1	1	1	0	161.0	0.098	0.197	NaN	NaN	0.233	0.438	NaN	NaN	6.99	15.33	NaN	NaN	0.0	"2.5"	"F0034"	1	1	"PR"	538.961	"reverse-f"	51.172	0	1	0	0.0	0.0	0.0	null	540.752	0.087
12.6	0.0418	23812.5	2859.375	1631.25	NaN	NaN	NaN	1	0	0	0	0	1	1	0	0	0	0	0	1	1	0	0	0	1	1	1	0	1	1	1	0	151.0	0.101	0.221	NaN	NaN	0.24	0.491	NaN	NaN	7.2	17.185	NaN	NaN	0.0	"2.5"	"F0034"	1	1	"PR"	549.001	"reverse-f"	61.212	0	1	0	0.0	0.0	0.0	null	550.792	0.087
12.6	0.044275	23437.5	2784.375	1931.25	NaN	NaN	NaN	1	0	0	0	0	1	1	0	0	0	0	0	1	1	0	0	0	1	1	1	0	1	1	1	0	151.0	0.093	0.251	NaN	NaN	0.221	0.558	NaN	NaN	6.63	19.53	NaN	NaN	0.0	"2.5"	"F0034"	1	1	"PR"	559.038	"reverse-f"	71.249	0	1	0	0.0	0.0	0.0	null	560.829	0.084
13.1	0.046475	22687.5	2821.875	2212.5	NaN	NaN	NaN	0	0	0	0	0	1	1	0	0	0	0	0	1	0	0	0	0	1	1	1	0	1	1	1	0	157.0	0.097	0.279	NaN	NaN	0.231	0.62	NaN	NaN	6.93	21.7	NaN	NaN	0.0	"2.5"	"F0034"	1	1	"PR"	569.072	"reverse"	81.283	0	1	0	0.0	0.0	0.0	null	570.863	0.081
13.0	0.0484	22875.0	2821.875	2278.125	NaN	NaN	NaN	0	0	0	0	0	1	1	0	0	0	0	0	1	0	0	0	0	1	1	1	0	1	1	1	0	156.0	0.097	0.286	NaN	NaN	0.231	0.636	NaN	NaN	6.93	22.26	NaN	NaN	0.0	"2.5"	"F0034"	1	1	"PR"	579.009	"reverse"	91.22	0	1	0	0.0	0.0	0.0	null	580.8	0.09
12.4	0.05005	24750.0	2821.875	2296.875	NaN	NaN	NaN	0	0	0	0	0	1	1	0	0	0	0	0	1	0	0	0	0	1	1	1	0	1	1	1	0	149.0	0.097	0.288	NaN	NaN	0.231	0.64	NaN	NaN	6.93	22.4	NaN	NaN	0.0	"2.5"	"F0034"	1	1	"PR"	589.048	"reverse"	101.259	0	1	0	0.0	0.0	0.0	null	590.839	0.087
12.4	0.0506	23812.5	2831.25	2250.0	NaN	NaN	NaN	0	0	0	0	0	1	1	0	0	0	0	0	1	0	0	0	0	1	1	1	0	1	1	1	0	149.0	0.098	0.283	NaN	NaN	0.233	0.629	NaN	NaN	6.99	22.015	NaN	NaN	0.0	"2.5"	"F0034"	1	1	"PR"	599.088	"reverse"	111.299	0	1	0	0.0	0.0	0.0	null	600.879	0.084
13.3	0.05225	24562.5	2831.25	2240.625	NaN	NaN	NaN	0	0	0	0	0	1	1	0	0	0	0	0	1	0	0	0	0	1	1	1	0	1	1	1	0	160.0	0.098	0.282	NaN	NaN	0.233	0.627	NaN	NaN	6.99	21.945	NaN	NaN	0.0	"2.5"	"F0034"	1	1	"PR"	609.128	"reverse"	121.339	0	1	0	0.0	0.0	0.0	null	610.919	0.09
18.5	0.0528	23812.5	2868.75	2259.375	NaN	NaN	NaN	0	0	0	0	0	1	1	0	0	0	0	0	1	0	0	0	0	1	1	1	0	1	1	1	0	222.0	0.102	0.284	NaN	NaN	0.243	0.631	NaN	NaN	7.29	22.085	NaN	NaN	0.0	"2.5"	"F0034"	1	1	"PR"	618.96	"reverse"	131.171	0	1	0	0.0	0.0	0.0	null	620.751	0.091
12.3	0.053075	25125.0	2850.0	2250.0	NaN	NaN	NaN	0	0	0	0	0	1	1	0	0	0	0	0	1	0	0	0	0	1	1	1	0	1	1	1	0	148.0	0.1	0.283	NaN	NaN	0.238	0.629	NaN	NaN	7.14	22.015	NaN	NaN	0.0	"2.5"	"F0034"	1	1	"PR"	629.002	"reverse"	141.213	0	1	0	0.0	0.0	0.0	null	630.793	0.09
3.7	0.054175	-2437.5	3009.375	2306.25	NaN	NaN	NaN	0	0	0	0	0	0	0	0	0	0	0	0	0	0	0	0	0	0	0	0	1	0	0	0	1	44.0	0.116	0.289	NaN	NaN	0.276	0.642	NaN	NaN	8.28	22.47	NaN	NaN	0.0	"2.5"	"F0034"	0	0	"PR"	639.132	"diffuse"	1.293	0	1	1	0.0	0.0	0.0	null	640.923	0.088
4.8	0.054175	562.5	2990.625	2268.75	NaN	NaN	NaN	0	0	0	0	0	0	0	0	0	0	0	0	0	0	0	0	0	0	0	0	1	0	0	0	1	58.0	0.114	0.285	NaN	NaN	0.271	0.633	NaN	NaN	8.13	22.155	NaN	NaN	0.0	"2.5"	"F0034"	0	0	"PR"	649.171	"diffuse"	11.332	0	1	1	0.0	0.0	0.0	null	650.962	0.09
4.4	0.054175	750.0	2981.25	2268.75	NaN	NaN	NaN	0	0	0	0	0	0	0	0	0	0	0	0	0	0	0	0	0	0	0	0	1	0	0	0	1	53.0	0.113	0.285	NaN	NaN	0.269	0.633	NaN	NaN	8.07	22.155	NaN	NaN	0.0	"2.5"	"F0034"	0	0	"PR"	659.01	"diffuse"	21.171	0	1	1	0.0	0.0	0.0	null	660.801	0.087
12.4	0.053625	20062.5	2812.5	2259.375	NaN	NaN	NaN	0	0	0	0	0	1	1	0	0	0	0	0	1	0	0	0	0	1	1	1	0	1	1	1	0	149.0	0.096	0.284	NaN	NaN	0.229	0.631	NaN	NaN	6.87	22.085	NaN	NaN	0.0	"2.5"	"F0034"	1	1	"PR"	669.136	"wash-en"	1.293	0	1	1	0.0	0.0	0.0	null	670.927	0.095
12.4	0.0539	24000.0	2868.75	2268.75	NaN	NaN	NaN	0	0	0	0	0	1	1	0	0	0	0	0	1	0	0	0	0	1	1	1	0	1	1	1	0	149.0	0.102	0.285	NaN	NaN	0.243	0.633	NaN	NaN	7.29	22.155	NaN	NaN	0.0	"2.5"	"F0034"	1	1	"PR"	679.173	"wash-en"	11.33	0	1	1	0.0	0.0	0.0	null	680.964	0.094
3.3	0.05665	23812.5	2793.75	2278.125	NaN	NaN	NaN	0	0	0	0	0	1	1	0	0	0	0	0	1	0	0	0	0	0	0	0	1	0	0	0	1	40.0	0.094	0.286	NaN	NaN	0.224	0.636	NaN	NaN	6.72	22.26	NaN	NaN	0.0	"2.5"	"F0034"	0	0	"PR"	689.098	"wash-sc"	1.091	0	1	1	0.0	0.0	0.0	null	690.889	0.087
4.5	0.05775	-1500.0	3009.375	2250.0	NaN	NaN	NaN	0	0	0	0	0	0	0	0	0	0	0	0	0	0	0	0	0	0	0	0	1	0	0	0	1	54.0	0.116	0.283	NaN	NaN	0.276	0.629	NaN	NaN	8.28	22.015	NaN	NaN	0.0	"2.5"	"F0034"	0	0	"PR"	699.136	"diffuse"	1.003	0	1	2	0.0	0.0	0.0	null	700.927	0.09
4.2	0.05775	562.5	3000.0	2278.125	NaN	NaN	NaN	0	0	0	0	0	0	0	0	0	0	0	0	0	0	0	0	0	0	0	0	1	0	0	0	1	50.0	0.115	0.286	NaN	NaN	0.274	0.636	NaN	NaN	8.22	22.26	NaN	NaN	0.0	"2.5"	"F0034"	0	0	"PR"	709.172	"diffuse"	11.039	0	1	2	0.0	0.0	0.0	null	710.963	0.094
4.9	0.057475	1125.0	2990.625	2278.125	NaN	NaN	NaN	0	0	0	0	0	0	0	0	0	0	0	0	0	0	0	0	0	0	0	0	1	0	0	0	1	59.0	0.114	0.286	NaN	NaN	0.271	0.636	NaN	NaN	8.13	22.26	NaN	NaN	0.0	"2.5"	"F0034"	0	0	"PR"	719.208	"diffuse"	21.075	0	1	2	0.0	0.0	0.0	null	720.999	0.094
12.0	0.0572	12000.0	2906.25	2259.375	NaN	NaN	NaN	0	0	0	0	0	1	1	0	0	0	0	0	1	0	0	0	0	1	1	1	0	1	1	1	0	144.0	0.106	0.284	NaN	NaN	0.252	0.631	NaN	NaN	7.56	22.085	NaN	NaN	0.0	"2.5"	"F0034"	1	1	"PR"	729.136	"wash-en"	0.895	0	1	2	0.0	0.0	0.0	null	730.927	0.084
12.7	0.0572	23625.0	2850.0	2259.375	NaN	NaN	NaN	0	0	0	0	0	1	1	0	0	0	0	0	1	0	0	0	0	1	1	1	0	1	1	1	0	152.0	0.1	0.284	NaN	NaN	0.238	0.631	NaN	NaN	7.14	22.085	NaN	NaN	0.0	"2.5"	"F0034"	1	1	"PR"	739.175	"wash-en"	10.934	0	1	2	0.0	0.0	0.0	null	740.966	0.095
2.7	0.0583	25500.0	2840.625	2278.125	NaN	NaN	NaN	0	0	0	0	0	1	1	0	0	0	0	0	1	0	0	0	0	0	0	0	1	0	0	0	1	32.0	0.099	0.286	NaN	NaN	0.236	0.636	NaN	NaN	7.08	22.26	NaN	NaN	0.0	"2.5"	"F0034"	0	0	"PR"	749.103	"wash-sc"	0.692	0	1	2	0.0	0.0	0.0	null	750.894	0.082
3.5	0.058575	937.5	3009.375	2240.625	NaN	NaN	NaN	0	0	0	0	0	0	0	0	0	0	0	0	0	0	0	0	0	0	0	0	1	0	0	0	1	42.0	0.116	0.282	NaN	NaN	0.276	0.627	NaN	NaN	8.28	21.945	NaN	NaN	0.0	"2.5"	"F0034"	0	0	"PR"	759.142	"diffuse"	0.603	0	1	3	0.0	0.0	0.0	null	760.933	0.086
3.3	0.05885	1500.0	2990.625	2268.75	NaN	NaN	NaN	0	0	0	0	0	0	0	0	0	0	0	0	0	0	0	0	0	0	0	0	1	0	0	0	1	40.0	0.114	0.285	NaN	NaN	0.271	0.633	NaN	NaN	8.13	22.155	NaN	NaN	0.0	"2.5"	"F0034"	0	0	"PR"	769.182	"diffuse"	10.643	0	1	3	0.0	0.0	0.0	null	770.973	0.09
5.5	0.058575	1125.0	2990.625	2278.125	NaN	NaN	NaN	0	0	0	0	0	0	0	0	0	0	0	0	0	0	0	0	0	0	0	0	1	0	0	0	1	66.0	0.114	0.286	NaN	NaN	0.271	0.636	NaN	NaN	8.13	22.26	NaN	NaN	0.0	"2.5"	"F0034"	0	0	"PR"	779.222	"diffuse"	20.683	0	1	3	0.0	0.0	0.0	null	781.013	0.087
12.2	0.05775	9187.5	2709.375	2259.375	NaN	NaN	NaN	0	0	0	0	0	1	1	0	0	0	0	0	1	0	0	0	0	1	1	1	0	1	1	1	0	146.0	0.086	0.284	NaN	NaN	0.205	0.631	NaN	NaN	6.15	22.085	NaN	NaN	0.0	"2.5"	"F0034"	1	1	"PR"	789.342	"wash-en"	0.688	0	1	3	0.0	0.0	0.0	null	791.133	0.087
12.6	0.0583	24562.5	2784.375	2278.125	NaN	NaN	NaN	0	0	0	0	0	1	1	0	0	0	0	0	1	0	0	0	0	1	1	1	0	1	1	1	0	151.0	0.093	0.286	NaN	NaN	0.221	0.636	NaN	NaN	6.63	22.26	NaN	NaN	0.0	"2.5"	"F0034"	1	1	"PR"	799.18	"wash-en"	10.526	0	1	3	0.0	0.0	0.0	null	800.971	0.09
12.6	0.05885	23250.0	2821.875	2268.75	NaN	NaN	NaN	0	0	0	0	0	1	1	0	0	0	0	0	1	0	0	0	0	0	0	0	1	0	0	0	1	151.0	0.097	0.285	NaN	NaN	0.231	0.633	NaN	NaN	6.93	22.155	NaN	NaN	0.0	"2.5"	"F0034"	0	0	"PR"	809.019	"wash-sc"	0.201	0	1	3	0.0	0.0	0.0	null	810.81	0.095
3.2	0.059675	22125.0	2793.75	2278.125	NaN	NaN	NaN	0	0	0	0	0	0	0	0	0	0	0	0	0	0	0	0	0	0	0	0	1	0	0	0	1	38.0	0.094	0.286	NaN	NaN	0.224	0.636	NaN	NaN	6.72	22.26	NaN	NaN	0.0	"2.5"	"F0034"	0	0	"PR"	819.156	"diffuse"	0.201	0	1	4	0.0	0.0	0.0	null	820.947	0.09
3.0	0.059675	750.0	3000.0	2278.125	NaN	NaN	NaN	0	0	0	0	0	0	0	0	0	0	0	0	0	0	0	0	0	0	0	0	1	0	0	0	1	36.0	0.115	0.286	NaN	NaN	0.274	0.636	NaN	NaN	8.22	22.26	NaN	NaN	0.0	"2.5"	"F0034"	0	0	"PR"	829.19	"diffuse"	10.235	0	1	4	0.0	0.0	0.0	null	830.981	0.09
3.2	0.059125	562.5	3000.0	2250.0	NaN	NaN	NaN	0	0	0	0	0	0	0	0	0	0	0	0	0	0	0	0	0	0	0	0	1	0	0	0	1	38.0	0.115	0.283	NaN	NaN	0.274	0.629	NaN	NaN	8.22	22.015	NaN	NaN	0.0	"2.5"	"F0034"	0	0	"PR"	839.232	"diffuse"	20.277	0	1	4	0.0	0.0	0.0	null	841.023	0.087
3.0	0.059125	1125.0	3000.0	2278.125	NaN	NaN	NaN	0	0	0	0	0	1	1	0	0	0	0	0	1	0	0	0	0	1	1	1	0	1	1	1	0	36.0	0.115	0.286	NaN	NaN	0.274	0.636	NaN	NaN	8.22	22.26	NaN	NaN	0.0	"2.5"	"F0034"	1	1	"PR"	849.268	"wash-en"	0.2	0	1	4	0.0	0.0	0.0	null	851.059	0.098
13.3	0.05885	23250.0	2821.875	2287.5	NaN	NaN	NaN	0	0	0	0	0	1	1	0	0	0	0	0	1	0	0	0	0	1	1	1	0	1	1	1	0	160.0	0.097	0.287	NaN	NaN	0.231	0.638	NaN	NaN	6.93	22.33	NaN	NaN	0.0	"2.5"	"F0034"	1	1	"PR"	859.402	"wash-en"	10.334	0	1	4	0.0	0.0	0.0	null	861.193	0.095
13.0	0.059675	23625.0	2821.875	2259.375	NaN	NaN	NaN	0	0	0	0	0	1	1	0	0	0	0	0	1	0	0	0	0	1	1	1	0	1	1	1	0	156.0	0.097	0.284	NaN	NaN	0.231	0.631	NaN	NaN	6.93	22.085	NaN	NaN	0.0	"2.5"	"F0034"	1	1	"PR"	869.24	"wash-en"	20.172	0	1	4	0.0	0.0	0.0	null	871.031	0.086
2.7	0.059675	23625.0	2850.0	2278.125	NaN	NaN	NaN	0	0	0	0	0	1	1	0	0	0	0	0	1	0	0	0	0	0	0	0	1	0	0	0	1	32.0	0.1	0.286	NaN	NaN	0.238	0.636	NaN	NaN	7.14	22.26	NaN	NaN	0.0	"2.5"	"F0034"	0	0	"PR"	879.364	"wash-sc"	10.124	0	1	4	0.0	0.0	0.0	null	881.155	0.09
2.7	0.05885	-1687.5	2456.25	2278.125	NaN	NaN	NaN	0	0	0	0	1	0	0	0	0	0	0	0	0	0	0	0	0	0	0	0	1	0	0	0	1	32.0	0.061	0.286	NaN	NaN	0.145	0.636	NaN	NaN	4.35	22.26	NaN	NaN	0.0	"2.5"	"F0034"	0	0	"PR"	889.401	"drain-rg"	10.037	0	1	4	0.0	0.0	0.0	null	891.192	0.087
2.5	0.059675	-750.0	2081.25	2278.125	NaN	NaN	NaN	0	0	0	0	1	0	0	0	0	0	0	0	0	0	0	0	0	0	0	0	1	0	0	0	1	30.0	0.023	0.286	NaN	NaN	0.055	0.636	NaN	NaN	1.65	22.26	NaN	NaN	0.0	"2.5"	"F0034"	0	0	"PR"	899.443	"drain-rg"	20.079	0	1	4	0.0	0.0	0.0	null	901.234	0.092
2.5	0.0594	-1125.0	1715.625	2278.125	NaN	NaN	NaN	0	0	0	0	1	0	0	0	0	0	0	0	0	0	0	0	0	0	0	0	1	0	0	0	1	30.0	-0.013	0.286	NaN	NaN	-0.031	0.636	NaN	NaN	-0.93	22.26	NaN	NaN	0.0	"2.5"	"F0034"	0	0	"PR"	909.482	"drip-rg"	2.812	0	1	4	0.0	0.0	0.0	null	911.273	0.089
2.5	0.059125	-1312.5	0.0	2278.125	NaN	NaN	NaN	0	0	0	0	1	0	0	0	0	0	0	0	0	0	0	0	0	0	0	0	1	0	0	0	1	30.0	-0.185	0.286	NaN	NaN	-0.44	0.636	NaN	NaN	-13.2	22.26	NaN	NaN	0.0	"2.5"	"F0034"	0	0	"PR"	919.326	"drip-rg"	12.656	0	1	4	0.0	0.0	0.0	null	921.117	0.084
3.5	0.0594	23250.0	1790.625	2128.125	NaN	NaN	NaN	0	0	1	0	0	1	0	0	0	0	0	0	1	0	0	0	0	0	0	0	1	0	0	0	1	42.0	-0.006	0.271	NaN	NaN	-0.014	0.602	NaN	NaN	-0.42	21.07	NaN	NaN	0.0	"2.5"	"F0034"	0	0	"FR"	6.845	"fill-rg-di"	6.643	1	1	0	923.725	0.0	0.0	null	931.191	0.09
2.5	0.05885	23437.5	2203.125	1865.625	NaN	NaN	NaN	0	0	1	0	0	1	0	0	0	0	0	0	1	0	0	0	0	0	0	0	1	0	0	0	1	30.0	0.035	0.245	NaN	NaN	0.083	0.544	NaN	NaN	2.49	19.04	NaN	NaN	0.0	"2.5"	"F0034"	0	0	"FR"	16.884	"fill-rg-di"	16.682	1	1	0	923.725	0.0	0.0	null	941.23	0.088
3.9	0.056925	21375.0	2503.125	1603.125	NaN	NaN	NaN	0	0	1	0	0	1	0	0	0	0	0	0	1	0	0	0	0	0	0	0	1	0	0	0	1	47.0	0.065	0.218	NaN	NaN	0.155	0.484	NaN	NaN	4.65	16.94	NaN	NaN	0.0	"2.5"	"F0034"	0	0	"FR"	26.919	"fill-rg-di"	26.717	1	1	0	923.725	0.0	0.0	null	951.265	0.09
2.4	0.055275	23625.0	2821.875	1350.0	NaN	NaN	NaN	0	0	1	0	0	1	0	0	0	0	0	0	1	0	0	0	0	0	0	0	1	0	0	0	1	29.0	0.097	0.193	NaN	NaN	0.231	0.429	NaN	NaN	6.93	15.015	NaN	NaN	0.0	"2.5"	"F0034"	0	0	"FR"	36.951	"fill-rg-di"	36.749	1	1	0	923.725	0.0	0.0	null	961.297	0.086
2.5	0.054175	23437.5	3140.625	1106.25	NaN	NaN	NaN	0	0	1	0	0	1	0	0	0	0	0	0	1	0	0	0	0	0	0	0	1	0	0	0	1	30.0	0.129	0.169	NaN	NaN	0.307	0.376	NaN	NaN	9.21	13.16	NaN	NaN	0.0	"2.5"	"F0034"	0	0	"FR"	46.991	"fill-rg-di"	46.789	1	1	0	923.725	0.0	0.0	null	971.337	0.084
2.8	0.05335	1500.0	2896.875	965.625	NaN	NaN	NaN	0	0	0	0	1	0	0	0	0	0	0	0	0	0	0	0	0	0	0	0	1	0	0	0	1	34.0	0.105	0.155	NaN	NaN	0.25	0.344	NaN	NaN	7.5	12.04	NaN	NaN	0.0	"2.5"	"F0034"	0	0	"FR"	56.827	"drain-rg"	4.617	1	1	0	923.725	0.0	0.0	null	981.173	0.086
2.5	0.05335	1875.0	2540.625	975.0	NaN	NaN	NaN	0	0	0	0	1	0	0	0	0	0	0	0	0	0	0	0	0	0	0	0	1	0	0	0	1	30.0	0.069	0.155	NaN	NaN	0.164	0.344	NaN	NaN	4.92	12.04	NaN	NaN	0.0	"2.5"	"F0034"	0	0	"FR"	66.866	"drain-rg"	14.656	1	1	0	923.725	0.0	0.0	null	991.212	0.087
2.9	0.05335	1312.5	2193.75	975.0	NaN	NaN	NaN	0	0	0	0	1	0	0	0	0	0	0	0	0	0	0	0	0	0	0	0	1	0	0	0	1	35.0	0.034	0.155	NaN	NaN	0.081	0.344	NaN	NaN	2.43	12.04	NaN	NaN	0.0	"2.5"	"F0034"	0	0	"FR"	76.903	"drain-rg"	24.693	1	1	0	923.725	0.0	0.0	null	1001.249	0.087
2.1	0.053075	562.5	1846.875	965.625	NaN	NaN	NaN	0	0	0	0	1	0	0	0	0	0	0	0	0	0	0	0	0	0	0	0	1	0	0	0	1	25.0	-0.0	0.155	NaN	NaN	-0.0	0.344	NaN	NaN	-0.0	12.04	NaN	NaN	0.0	"2.5"	"F0034"	0	0	"FR"	86.94	"drip-rg"	0.201	1	1	0	923.725	0.0	0.0	null	1011.286	0.088
2.2	0.0528	1875.0	1106.25	956.25	NaN	NaN	NaN	0	0	0	0	1	0	0	0	0	0	0	0	0	0	0	0	0	0	0	0	1	0	0	0	1	26.0	-0.074	0.154	NaN	NaN	-0.176	0.342	NaN	NaN	-5.28	11.97	NaN	NaN	0.0	"2.5"	"F0034"	0	0	"FR"	96.984	"drip-rg"	10.245	1	1	0	923.725	0.0	0.0	null	1021.33	0.083
2.8	0.05225	21375.0	1162.5	900.0	NaN	NaN	NaN	0	0	1	0	0	1	0	0	0	0	0	0	1	0	0	0	0	0	0	0	1	0	0	0	1	34.0	-0.069	0.148	NaN	NaN	-0.164	0.329	NaN	NaN	-4.92	11.515	NaN	NaN	0.0	"2.5"	"F0034"	0	0	"PR"	4.433	"fill-rg-di"	4.232	1	0	0	923.725	0.0	1026.35	null	1031.404	0.081
2.0	0.051975	22125.0	2090.625	618.75	NaN	NaN	NaN	0	0	1	0	0	1	0	0	0	0	0	0	1	0	0	0	0	0	0	0	1	0	0	0	1	24.0	0.024	0.12	NaN	NaN	0.057	0.267	NaN	NaN	1.71	9.345	NaN	NaN	0.0	"2.5"	"F0034"	0	0	"PR"	14.273	"fill-rg-di"	14.072	1	0	0	923.725	0.0	1026.35	null	1041.244	0.093
2.4	0.0506	22125.0	2390.625	384.375	NaN	NaN	NaN	0	0	1	0	0	1	0	0	0	0	0	0	1	0	0	0	0	0	0	0	1	0	0	0	1	29.0	0.054	0.096	NaN	NaN	0.129	0.213	NaN	NaN	3.87	7.455	NaN	NaN	0.0	"2.5"	"F0034"	0	0	"PR"	24.31	"fill-rg-di"	24.109	1	0	0	923.725	0.0	1026.35	null	1051.281	0.09
2.5	0.0484	21562.5	2728.125	112.5	NaN	NaN	NaN	0	0	1	0	0	1	0	0	0	0	0	0	1	0	0	0	0	0	0	0	1	0	0	0	1	30.0	0.088	0.069	NaN	NaN	0.21	0.153	NaN	NaN	6.3	5.355	NaN	NaN	0.0	"2.5"	"F0034"	0	0	"PR"	34.351	"fill-rg-di"	34.15	1	0	0	923.725	0.0	1026.35	null	1061.322	0.086
0.6	0.04895	1125.0	2793.75	328.125	NaN	NaN	NaN	1	0	0	0	0	0	0	0	0	0	0	0	0	1	0	0	0	0	0	0	1	0	0	0	1	7.0	0.094	0.091	NaN	NaN	0.224	0.202	NaN	NaN	6.72	7.07	NaN	NaN	0.0	"2.5"	"F0034"	0	0	"PR"	44.389	"fill-di-lb"	8.633	1	0	0	923.725	0.0	1026.35	null	1071.36	0.086
1.6	0.04895	1500.0	2775.0	637.5	NaN	NaN	NaN	1	0	0	0	0	0	0	0	0	0	0	0	0	1	0	0	0	0	0	0	1	0	0	0	1	19.0	0.093	0.122	NaN	NaN	0.221	0.271	NaN	NaN	6.63	9.485	NaN	NaN	0.0	"2.5"	"F0034"	0	0	"PR"	54.427	"fill-di-lb"	18.671	1	0	0	923.725	0.0	1026.35	null	1081.398	0.082
2.3	0.04895	1312.5	2775.0	918.75	NaN	NaN	NaN	1	0	0	0	0	0	0	0	0	0	0	0	0	1	0	0	0	0	0	0	1	0	0	0	1	28.0	0.093	0.15	NaN	NaN	0.221	0.333	NaN	NaN	6.63	11.655	NaN	NaN	0.0	"2.5"	"F0034"	0	0	"PR"	64.474	"fill-di-lb"	28.718	1	0	0	923.725	0.0	1026.35	null	1091.445	0.086
2.5	0.04895	1500.0	2775.0	1228.125	NaN	NaN	NaN	1	0	0	0	0	0	0	0	0	0	0	0	0	1	0	0	0	0	0	0	1	0	0	0	1	30.0	0.093	0.181	NaN	NaN	0.221	0.402	NaN	NaN	6.63	14.07	NaN	NaN	0.0	"2.5"	"F0034"	0	0	"PR"	74.507	"fill-di-lb"	38.751	1	0	0	923.725	0.0	1026.35	null	1101.478	0.086
2.1	0.0484	1687.5	2765.625	1518.75	NaN	NaN	NaN	1	0	0	0	0	0	0	0	0	0	0	0	0	1	0	0	0	0	0	0	1	0	0	0	1	25.0	0.092	0.21	NaN	NaN	0.219	0.467	NaN	NaN	6.57	16.345	NaN	NaN	0.0	"2.5"	"F0034"	0	0	"PR"	84.346	"fill-di-lb"	48.59	1	0	0	923.725	0.0	1026.35	null	1111.317	0.091
2.7	0.049225	2437.5	2746.875	1809.375	NaN	NaN	NaN	1	0	0	0	0	0	0	0	0	0	0	0	0	1	0	0	0	0	0	0	1	0	0	0	1	32.0	0.09	0.239	NaN	NaN	0.214	0.531	NaN	NaN	6.42	18.585	NaN	NaN	0.0	"2.5"	"F0034"	0	0	"PR"	94.384	"fill-di-lb"	58.628	1	0	0	923.725	0.0	1026.35	null	1121.355	0.087
2.4	0.04895	3000.0	2775.0	2109.375	NaN	NaN	NaN	1	0	0	0	0	0	0	0	0	0	0	0	0	1	0	0	0	0	0	0	1	0	0	0	1	29.0	0.093	0.269	NaN	NaN	0.221	0.598	NaN	NaN	6.63	20.93	NaN	NaN	0.0	"2.5"	"F0034"	0	0	"PR"	104.421	"fill-di-lb"	68.665	1	0	0	923.725	0.0	1026.35	null	1131.392	0.084
1.8	0.0484	25125.0	2906.25	2128.125	NaN	NaN	NaN	0	0	1	0	0	1	0	0	0	0	0	0	1	0	0	0	0	0	0	0	1	0	0	0	1	22.0	0.106	0.271	NaN	NaN	0.252	0.602	NaN	NaN	7.56	21.07	NaN	NaN	0.0	"2.5"	"F0034"	0	0	"PR"	114.462	"fill-rg-di"	5.018	1	0	0	923.725	0.0	1026.35	null	1141.433	0.086
12.1	0.04785	30000.0	2981.25	2521.875	NaN	NaN	NaN	0	1	1	0	0	0	0	0	0	0	0	0	1	0	0	0	0	1	1	1	0	1	1	1	0	145.0	0.113	0.31	NaN	NaN	0.269	0.689	NaN	NaN	8.07	24.115	NaN	NaN	0.0	"2.5"	"F0034"	1	1	"PR"	124.499	"deionize"	3.613	1	1	0	923.725	0.0	1026.35	null	1151.47	0.09
11.9	0.0473	29437.5	2943.75	2568.75	NaN	NaN	NaN	0	1	1	0	0	0	0	0	0	0	0	0	1	0	0	0	0	1	1	1	0	1	1	1	0	143.0	0.109	0.315	NaN	NaN	0.26	0.7	NaN	NaN	7.8	24.5	NaN	NaN	0.0	"2.5"	"F0034"	1	1	"PR"	134.539	"deionize"	13.653	1	1	0	923.725	0.0	1026.35	null	1161.51	0.088
12.3	0.045375	29250.0	2943.75	2493.75	NaN	NaN	NaN	0	1	1	0	0	0	0	0	0	0	0	0	1	0	0	0	0	1	1	1	0	1	1	1	0	148.0	0.109	0.307	NaN	NaN	0.26	0.682	NaN	NaN	7.8	23.87	NaN	NaN	0.0	"2.5"	"F0034"	1	1	"PR"	144.574	"deionize"	23.688	1	1	0	923.725	0.0	1026.35	null	1171.545	0.084
12.0	0.044825	29812.5	2953.125	2587.5	NaN	NaN	NaN	0	1	1	0	0	0	0	0	0	0	0	0	1	0	0	0	0	1	1	1	0	1	1	1	0	144.0	0.11	0.317	NaN	NaN	0.262	0.704	NaN	NaN	7.86	24.64	NaN	NaN	0.0	"2.5"	"F0034"	1	1	"PR"	154.609	"deionize"	33.723	1	1	0	923.725	0.0	1026.35	null	1181.58	0.095
11.6	0.04345	30000.0	2981.25	2512.5	NaN	NaN	NaN	0	1	1	0	0	0	0	0	0	0	0	0	1	0	0	0	0	1	1	1	0	1	1	1	0	139.0	0.113	0.309	NaN	NaN	0.269	0.687	NaN	NaN	8.07	24.045	NaN	NaN	0.0	"2.5"	"F0034"	1	1	"PR"	164.446	"deionize"	43.56	1	1	0	923.725	0.0	1026.35	null	1191.417	0.077
12.6	0.04235	30000.0	2971.875	2550.0	NaN	NaN	NaN	0	1	1	0	0	0	0	0	0	0	0	0	1	0	0	0	0	1	1	1	0	1	1	1	0	151.0	0.112	0.313	NaN	NaN	0.267	0.696	NaN	NaN	8.01	24.36	NaN	NaN	0.0	"2.5"	"F0034"	1	1	"PR"	174.487	"deionize"	53.601	1	1	0	923.725	0.0	1026.35	null	1201.458	0.09
12.4	0.0418	28875.0	2981.25	2493.75	NaN	NaN	NaN	0	1	1	0	0	0	0	0	0	0	0	0	1	0	0	0	0	1	1	1	0	1	1	1	0	149.0	0.113	0.307	NaN	NaN	0.269	0.682	NaN	NaN	8.07	23.87	NaN	NaN	0.0	"2.5"	"F0034"	1	1	"PR"	184.521	"deionize"	63.635	1	1	0	923.725	0.0	1026.35	null	1211.492	0.091
12.6	0.041525	30000.0	2981.25	2512.5	NaN	NaN	NaN	0	1	1	0	0	0	0	0	0	0	0	0	1	0	0	0	0	1	1	1	0	1	1	1	0	151.0	0.113	0.309	NaN	NaN	0.269	0.687	NaN	NaN	8.07	24.045	NaN	NaN	0.0	"2.5"	"F0034"	1	1	"PR"	194.565	"deionize"	73.679	1	1	0	923.725	0.0	1026.35	null	1221.536	0.095
12.7	0.040425	30000.0	2943.75	2446.875	NaN	NaN	NaN	0	1	1	0	0	0	0	0	0	0	0	0	1	0	0	0	0	1	1	1	0	1	1	1	0	152.0	0.109	0.303	NaN	NaN	0.26	0.673	NaN	NaN	7.8	23.555	NaN	NaN	0.0	"2.5"	"F0034"	1	1	"PR"	204.601	"deionize"	83.715	1	1	0	923.725	0.0	1026.35	null	1231.572	0.09
12.6	0.039875	29625.0	2953.125	2550.0	NaN	NaN	NaN	0	1	1	0	0	0	0	0	0	0	0	0	1	0	0	0	0	1	1	1	0	1	1	1	0	151.0	0.11	0.313	NaN	NaN	0.262	0.696	NaN	NaN	7.86	24.36	NaN	NaN	0.0	"2.5"	"F0034"	1	1	"PR"	214.638	"deionize"	93.752	1	1	0	923.725	0.0	1026.35	null	1241.609	0.091
11.9	0.04015	29812.5	2971.875	2475.0	NaN	NaN	NaN	0	1	1	0	0	0	0	0	0	0	0	0	1	0	0	0	0	1	1	1	0	1	1	1	0	143.0	0.112	0.305	NaN	NaN	0.267	0.678	NaN	NaN	8.01	23.73	NaN	NaN	0.0	"2.5"	"F0034"	1	1	"PR"	224.673	"deionize"	103.787	1	1	0	923.725	0.0	1026.35	null	1251.644	0.091
12.6	0.039325	30000.0	2953.125	2334.375	NaN	NaN	NaN	0	1	1	0	0	0	0	0	0	0	0	0	1	0	0	0	0	1	1	1	0	1	1	1	0	151.0	0.11	0.291	NaN	NaN	0.262	0.647	NaN	NaN	7.86	22.645	NaN	NaN	0.0	"2.5"	"F0034"	1	1	"PR"	234.509	"deionize"	113.623	1	1	0	923.725	0.0	1026.35	null	1261.48	0.095
12.4	0.038775	30000.0	2971.875	2456.25	NaN	NaN	NaN	0	1	1	0	0	0	0	0	0	0	0	0	1	0	0	0	0	1	1	1	0	1	1	1	0	149.0	0.112	0.304	NaN	NaN	0.267	0.676	NaN	NaN	8.01	23.66	NaN	NaN	0.0	"2.5"	"F0034"	1	1	"PR"	244.548	"deionize"	123.662	1	1	0	923.725	0.0	1026.35	null	1271.519	0.092
12.8	0.038225	30375.0	2971.875	2465.625	NaN	NaN	NaN	0	1	1	0	0	0	0	0	0	0	0	0	1	0	0	0	0	1	1	1	0	1	1	1	0	154.0	0.112	0.305	NaN	NaN	0.267	0.678	NaN	NaN	8.01	23.73	NaN	NaN	0.0	"2.5"	"F0034"	1	1	"PR"	254.584	"deionize"	133.698	1	1	0	923.725	0.0	1026.35	null	1281.555	0.091
12.9	0.0385	30000.0	2953.125	2437.5	NaN	NaN	NaN	0	1	1	0	0	0	0	0	0	0	0	0	1	0	0	0	0	1	1	1	0	1	1	1	0	155.0	0.11	0.302	NaN	NaN	0.262	0.671	NaN	NaN	7.86	23.485	NaN	NaN	0.0	"2.5"	"F0034"	1	1	"PR"	264.621	"deionize"	143.735	1	1	0	923.725	0.0	1026.35	null	1291.592	0.095
14.1	0.03795	30000.0	2981.25	2428.125	NaN	NaN	NaN	0	1	1	0	0	0	0	0	0	0	0	0	1	0	0	0	0	1	1	1	0	1	1	1	0	169.0	0.113	0.301	NaN	NaN	0.269	0.669	NaN	NaN	8.07	23.415	NaN	NaN	0.0	"2.5"	"F0034"	1	1	"PR"	274.663	"deionize"	153.777	1	1	0	923.725	0.0	1026.35	null	1301.634	0.09
11.2	0.037675	30187.5	2953.125	2428.125	NaN	NaN	NaN	0	1	1	0	0	0	0	0	0	0	0	0	1	0	0	0	0	1	1	1	0	1	1	1	0	134.0	0.11	0.301	NaN	NaN	0.262	0.669	NaN	NaN	7.86	23.415	NaN	NaN	0.0	"2.5"	"F0034"	1	1	"PR"	284.701	"deionize"	163.815	1	1	0	923.725	0.0	1026.35	null	1311.672	0.095
11.7	0.037125	30187.5	2981.25	2428.125	NaN	NaN	NaN	0	1	1	0	0	0	0	0	0	0	0	0	1	0	0	0	0	1	1	1	0	1	1	1	0	140.0	0.113	0.301	NaN	NaN	0.269	0.669	NaN	NaN	8.07	23.415	NaN	NaN	0.0	"2.5"	"F0034"	1	1	"PR"	294.74	"deionize"	173.854	1	1	0	923.725	0.0	1026.35	null	1321.711	0.096
12.0	0.037125	28312.5	2962.5	2409.375	NaN	NaN	NaN	0	1	1	0	0	0	0	0	0	0	0	0	1	0	0	0	0	1	1	1	0	1	1	1	0	144.0	0.111	0.299	NaN	NaN	0.264	0.664	NaN	NaN	7.92	23.24	NaN	NaN	0.0	"2.5"	"F0034"	1	1	"PR"	304.575	"deionize"	183.689	1	1	0	923.725	0.0	1026.35	null	1331.546	0.091
12.6	0.036575	30187.5	2953.125	2437.5	NaN	NaN	NaN	0	1	1	0	0	0	0	0	0	0	0	0	1	0	0	0	0	1	1	1	0	1	1	1	0	151.0	0.11	0.302	NaN	NaN	0.262	0.671	NaN	NaN	7.86	23.485	NaN	NaN	0.0	"2.5"	"F0034"	1	1	"PR"	314.616	"deionize"	193.73	1	1	0	923.725	0.0	1026.35	null	1341.587	0.09
12.4	0.03575	29812.5	2962.5	2390.625	NaN	NaN	NaN	0	1	1	0	0	0	0	0	0	0	0	0	1	0	0	0	0	1	1	1	0	1	1	1	0	149.0	0.111	0.297	NaN	NaN	0.264	0.66	NaN	NaN	7.92	23.1	NaN	NaN	0.0	"2.5"	"F0034"	1	1	"PR"	324.655	"deionize"	203.769	1	1	0	923.725	0.0	1026.35	null	1351.626	0.088
12.6	0.036025	29625.0	2962.5	2371.875	NaN	NaN	NaN	0	1	1	0	0	0	0	0	0	0	0	0	1	0	0	0	0	1	1	1	0	1	1	1	0	151.0	0.111	0.295	NaN	NaN	0.264	0.656	NaN	NaN	7.92	22.96	NaN	NaN	0.0	"2.5"	"F0034"	1	1	"PR"	334.69	"deionize"	213.804	1	1	0	923.725	0.0	1026.35	null	1361.661	0.095
12.7	0.03575	30000.0	2971.875	2390.625	NaN	NaN	NaN	0	1	1	0	0	0	0	0	0	0	0	0	1	0	0	0	0	1	1	1	0	1	1	1	0	152.0	0.112	0.297	NaN	NaN	0.267	0.66	NaN	NaN	8.01	23.1	NaN	NaN	0.0	"2.5"	"F0034"	1	1	"PR"	344.724	"deionize"	223.838	1	1	0	923.725	0.0	1026.35	null	1371.695	0.095
11.7	0.035475	30000.0	2971.875	2400.0	NaN	NaN	NaN	0	1	1	0	0	0	0	0	0	0	0	0	1	0	0	0	0	1	1	1	0	1	1	1	0	140.0	0.112	0.298	NaN	NaN	0.267	0.662	NaN	NaN	8.01	23.17	NaN	NaN	0.0	"2.5"	"F0034"	1	1	"PR"	354.76	"deionize"	233.874	1	1	0	923.725	0.0	1026.35	null	1381.731	0.093
12.3	0.034925	30750.0	2971.875	2475.0	NaN	NaN	NaN	0	1	1	0	0	0	0	0	0	0	0	0	1	0	0	0	1	1	1	1	0	1	1	1	0	148.0	0.112	0.305	NaN	NaN	0.267	0.678	NaN	NaN	8.01	23.73	NaN	NaN	0.0	"2.5"	"F0034"	1	1	"PR"	364.703	"deionize-uv"	3.72	1	1	0	923.725	0.0	1026.35	null	1391.674	0.089
12.3	0.03465	30000.0	2962.5	2400.0	NaN	NaN	NaN	0	1	1	0	0	0	0	0	0	0	0	0	1	0	0	0	1	1	1	1	0	1	1	1	0	148.0	0.111	0.298	NaN	NaN	0.264	0.662	NaN	NaN	7.92	23.17	NaN	NaN	0.0	"2.5"	"F0034"	1	1	"PR"	374.744	"deionize-uv"	13.761	1	1	0	923.725	0.0	1026.35	null	1401.715	0.088
13.2	0.033825	30187.5	2962.5	2362.5	NaN	NaN	NaN	0	1	1	0	0	0	0	0	0	0	0	0	1	0	0	0	1	1	1	1	0	1	1	1	0	158.0	0.111	0.294	NaN	NaN	0.264	0.653	NaN	NaN	7.92	22.855	NaN	NaN	0.0	"2.5"	"F0034"	1	1	"PR"	384.781	"deionize-uv"	23.798	1	1	0	923.725	0.0	1026.35	null	1411.752	0.088
12.3	0.03355	29812.5	2962.5	2390.625	NaN	NaN	NaN	0	1	1	0	0	0	0	0	0	0	0	0	1	0	0	0	1	1	1	1	0	1	1	1	0	148.0	0.111	0.297	NaN	NaN	0.264	0.66	NaN	NaN	7.92	23.1	NaN	NaN	0.0	"2.5"	"F0034"	1	1	"PR"	394.826	"deionize-uv"	33.843	1	1	0	923.725	0.0	1026.35	null	1421.797	0.09
12.3	0.033825	29250.0	2953.125	2428.125	NaN	NaN	NaN	0	1	1	0	0	0	0	0	0	0	0	0	1	0	0	0	1	1	1	1	0	1	1	1	0	148.0	0.11	0.301	NaN	NaN	0.262	0.669	NaN	NaN	7.86	23.415	NaN	NaN	0.0	"2.5"	"F0034"	1	1	"PR"	404.867	"deionize-uv"	43.884	1	1	0	923.725	0.0	1026.35	null	1431.838	0.084
12.8	0.033275	30187.5	2962.5	2428.125	NaN	NaN	NaN	0	1	1	0	0	0	0	0	0	0	0	0	1	0	0	0	1	1	1	1	0	1	1	1	0	154.0	0.111	0.301	NaN	NaN	0.264	0.669	NaN	NaN	7.92	23.415	NaN	NaN	0.0	"2.5"	"F0034"	1	1	"PR"	414.903	"deionize-uv"	53.92	1	1	0	923.725	0.0	1026.35	null	1441.874	0.084
12.4	0.03245	30000.0	2962.5	2390.625	NaN	NaN	NaN	0	1	1	0	0	0	0	0	0	0	0	0	1	0	0	0	1	1	1	1	0	1	1	1	0	149.0	0.111	0.297	NaN	NaN	0.264	0.66	NaN	NaN	7.92	23.1	NaN	NaN	0.0	"2.5"	"F0034"	1	1	"PR"	424.74	"deionize-uv"	63.757	1	1	0	923.725	0.0	1026.35	null	1451.711	0.087
12.7	0.03245	30000.0	2943.75	2409.375	NaN	NaN	NaN	0	1	1	0	0	0	0	0	0	0	0	0	1	0	0	0	1	1	1	1	0	1	1	1	0	152.0	0.109	0.299	NaN	NaN	0.26	0.664	NaN	NaN	7.8	23.24	NaN	NaN	0.0	"2.5"	"F0034"	1	1	"PR"	434.777	"deionize-uv"	73.794	1	1	0	923.725	0.0	1026.35	null	1461.748	0.088
12.1	0.032175	28500.0	2962.5	2409.375	NaN	NaN	NaN	0	1	1	0	0	0	0	0	0	0	0	0	1	0	0	0	1	1	1	1	0	1	1	1	0	145.0	0.111	0.299	NaN	NaN	0.264	0.664	NaN	NaN	7.92	23.24	NaN	NaN	0.0	"2.5"	"F0034"	1	1	"PR"	444.814	"deionize-uv"	83.831	1	1	0	923.725	0.0	1026.35	null	1471.785	0.086
11.3	0.032175	29812.5	2925.0	2315.625	NaN	NaN	NaN	0	1	1	0	0	0	0	0	0	0	0	0	1	0	0	0	1	1	1	1	0	1	1	1	0	136.0	0.107	0.29	NaN	NaN	0.255	0.644	NaN	NaN	7.65	22.54	NaN	NaN	0.0	"2.5"	"F0034"	1	1	"PR"	454.858	"deionize-uv"	93.875	1	1	0	923.725	0.0	1026.35	null	1481.829	0.084
12.8	0.031625	29250.0	2981.25	2381.25	NaN	NaN	NaN	0	1	1	0	0	0	0	0	0	0	0	0	1	0	0	0	1	1	1	1	0	1	1	1	0	154.0	0.113	0.296	NaN	NaN	0.269	0.658	NaN	NaN	8.07	23.03	NaN	NaN	0.0	"2.5"	"F0034"	1	1	"PR"	464.892	"deionize-uv"	103.909	1	1	0	923.725	0.0	1026.35	null	1491.863	0.084
12.9	0.03135	29625.0	2953.125	2390.625	NaN	NaN	NaN	0	1	1	0	0	0	0	0	0	0	0	0	1	0	0	0	1	1	1	1	0	1	1	1	0	155.0	0.11	0.297	NaN	NaN	0.262	0.66	NaN	NaN	7.86	23.1	NaN	NaN	0.0	"2.5"	"F0034"	1	1	"PR"	474.928	"deionize-uv"	113.945	1	1	0	923.725	0.0	1026.35	null	1501.899	0.082
12.6	0.03025	24000.0	2934.375	1968.75	NaN	NaN	NaN	0	0	1	0	0	0	0	1	0	0	0	0	1	0	0	0	1	1	1	1	0	1	1	1	0	151.0	0.108	0.255	NaN	NaN	0.257	0.567	NaN	NaN	7.71	19.845	NaN	NaN	0.0	"2.5"	"F0034"	1	1	"PR"	484.892	"drain-di-1"	3.74	1	1	0	923.725	0.0	1026.35	null	1511.863	0.082
11.9	0.03025	25312.5	2971.875	1706.25	NaN	NaN	NaN	0	0	1	0	0	0	0	1	0	0	0	0	1	0	0	0	1	1	1	1	0	1	1	1	0	143.0	0.112	0.229	NaN	NaN	0.267	0.509	NaN	NaN	8.01	17.815	NaN	NaN	0.0	"2.5"	"F0034"	1	1	"PR"	494.926	"drain-di-1"	13.774	1	1	0	923.725	0.0	1026.35	null	1521.897	0.082
12.1	0.029975	24562.5	2971.875	1462.5	NaN	NaN	NaN	0	0	1	0	0	0	0	1	0	0	0	0	1	0	0	0	1	1	1	1	0	1	1	1	0	145.0	0.112	0.204	NaN	NaN	0.267	0.453	NaN	NaN	8.01	15.855	NaN	NaN	0.0	"2.5"	"F0034"	1	1	"PR"	504.964	"drain-di-1"	23.812	1	1	0	923.725	0.0	1026.35	null	1531.935	0.086
12.4	0.02915	26062.5	2971.875	1218.75	NaN	NaN	NaN	0	0	1	0	0	0	0	1	0	0	0	0	1	0	0	0	1	1	1	1	0	1	1	1	0	149.0	0.112	0.18	NaN	NaN	0.267	0.4	NaN	NaN	8.01	14.0	NaN	NaN	0.0	"2.5"	"F0034"	1	1	"PR"	515.002	"drain-di-1"	33.85	1	1	0	923.725	0.0	1026.35	null	1541.973	0.09
12.3	0.0286	26062.5	2962.5	965.625	NaN	NaN	NaN	0	0	1	0	0	0	0	1	0	0	0	0	1	0	0	0	1	1	1	1	0	1	1	1	0	148.0	0.111	0.155	NaN	NaN	0.264	0.344	NaN	NaN	7.92	12.04	NaN	NaN	0.0	"2.5"	"F0034"	1	1	"PR"	524.837	"drain-di-1"	43.685	1	1	0	923.725	0.0	1026.35	null	1551.808	0.087
11.9	0.02915	24562.5	2962.5	721.875	NaN	NaN	NaN	0	0	1	0	0	0	0	1	0	0	0	0	1	0	0	0	1	1	1	1	0	1	1	1	0	143.0	0.111	0.13	NaN	NaN	0.264	0.289	NaN	NaN	7.92	10.115	NaN	NaN	0.0	"2.5"	"F0034"	1	1	"PR"	534.877	"drain-di-1"	53.725	1	1	0	923.725	0.0	1026.35	null	1561.848	0.082
11.7	0.02915	23437.5	2990.625	450.0	NaN	NaN	NaN	0	0	1	0	0	0	0	1	0	0	0	0	1	0	0	0	1	1	1	1	0	1	1	1	0	140.0	0.114	0.103	NaN	NaN	0.271	0.229	NaN	NaN	8.13	8.015	NaN	NaN	0.0	"2.5"	"F0034"	1	1	"PR"	544.914	"drain-di-1"	63.762	1	1	0	923.725	0.0	1026.35	null	1571.885	0.082
11.5	0.029425	23812.5	2943.75	206.25	NaN	NaN	NaN	0	0	1	0	0	0	0	1	0	0	0	0	1	0	0	0	1	1	1	1	0	1	1	1	0	138.0	0.109	0.079	NaN	NaN	0.26	0.176	NaN	NaN	7.8	6.16	NaN	NaN	0.0	"2.5"	"F0034"	1	1	"PR"	554.953	"drain-di-1"	73.801	1	1	0	923.725	0.0	1026.35	null	1581.924	0.085
11.6	0.0286	26062.5	2962.5	-56.25	NaN	NaN	NaN	0	0	1	0	0	0	0	1	0	0	0	0	1	0	0	0	1	1	1	1	0	1	1	1	0	139.0	0.111	0.052	NaN	NaN	0.264	0.116	NaN	NaN	7.92	4.06	NaN	NaN	0.0	"2.5"	"F0034"	1	1	"PR"	564.9	"drip-di-1"	4.527	1	1	0	923.725	0.0	1026.35	null	1591.871	0.082
10.8	0.028875	24937.5	2953.125	-75.0	NaN	NaN	NaN	0	0	1	0	0	0	0	1	0	0	0	0	1	0	0	0	1	1	1	1	0	1	1	1	0	130.0	0.11	0.051	NaN	NaN	0.262	0.113	NaN	NaN	7.86	3.955	NaN	NaN	0.0	"2.5"	"F0034"	1	1	"PR"	574.938	"drip-di-1"	14.565	1	1	0	923.725	0.0	1026.35	null	1601.909	0.085
-11.3	0.02915	25500.0	2803.125	93.75	NaN	NaN	NaN	1	0	0	0	0	1	1	0	0	0	0	0	1	1	0	0	0	1	1	0	1	1	1	0	1	-136.0	0.095	0.067	NaN	NaN	0.226	0.149	NaN	NaN	6.78	5.215	NaN	NaN	0.0	"2.5"	"F0034"	1	0	"PR"	584.925	"reverse-f"	9.385	1	1	0	923.725	0.0	1026.35	null	1611.896	0.088
-11.8	0.03135	24375.0	2784.375	421.875	NaN	NaN	NaN	1	0	0	0	0	1	1	0	0	0	0	0	1	1	0	0	0	1	1	0	1	1	1	0	1	-142.0	0.093	0.1	NaN	NaN	0.221	0.222	NaN	NaN	6.63	7.77	NaN	NaN	0.0	"2.5"	"F0034"	1	0	"PR"	594.963	"reverse-f"	19.423	1	1	0	923.725	0.0	1026.35	null	1621.934	0.086
-12.0	0.033825	23437.5	2756.25	721.875	NaN	NaN	NaN	1	0	0	0	0	1	1	0	0	0	0	0	1	1	0	0	0	1	1	0	1	1	1	0	1	-144.0	0.091	0.13	NaN	NaN	0.217	0.289	NaN	NaN	6.51	10.115	NaN	NaN	0.0	"2.5"	"F0034"	1	0	"PR"	605.0	"reverse-f"	29.46	1	1	0	923.725	0.0	1026.35	null	1631.971	0.086
-12.1	0.03685	24375.0	2765.625	993.75	NaN	NaN	NaN	1	0	0	0	0	1	1	0	0	0	0	0	1	1	0	0	0	1	1	0	1	1	1	0	1	-145.0	0.092	0.157	NaN	NaN	0.219	0.349	NaN	NaN	6.57	12.215	NaN	NaN	0.0	"2.5"	"F0034"	1	0	"PR"	615.042	"reverse-f"	39.502	1	1	0	923.725	0.0	1026.35	null	1642.013	0.089
-11.6	0.04015	23437.5	2784.375	1340.625	NaN	NaN	NaN	1	0	0	0	0	1	1	0	0	0	0	0	1	1	0	0	0	1	1	0	1	1	1	0	1	-139.0	0.093	0.192	NaN	NaN	0.221	0.427	NaN	NaN	6.63	14.945	NaN	NaN	0.0	"2.5"	"F0034"	1	0	"PR"	625.085	"reverse-f"	49.545	1	1	0	923.725	0.0	1026.35	null	1652.056	0.086
-11.7	0.0429	24750.0	2746.875	1593.75	NaN	NaN	NaN	1	0	0	0	0	1	1	0	0	0	0	0	1	1	0	0	0	1	1	0	1	1	1	0	1	-140.0	0.09	0.217	NaN	NaN	0.214	0.482	NaN	NaN	6.42	16.87	NaN	NaN	0.0	"2.5"	"F0034"	1	0	"PR"	635.12	"reverse-f"	59.58	1	1	0	923.725	0.0	1026.35	null	1662.091	0.076
-11.9	0.0451	23250.0	2756.25	1884.375	NaN	NaN	NaN	1	0	0	0	0	1	1	0	0	0	0	0	1	1	0	0	0	1	1	0	1	1	1	0	1	-143.0	0.091	0.246	NaN	NaN	0.217	0.547	NaN	NaN	6.51	19.145	NaN	NaN	0.0	"2.5"	"F0034"	1	0	"PR"	645.155	"reverse-f"	69.615	1	1	0	923.725	0.0	1026.35	null	1672.126	0.087
-11.7	0.0473	21375.0	2784.375	2193.75	NaN	NaN	NaN	1	0	0	0	0	1	1	0	0	0	0	0	1	1	0	0	0	1	1	0	1	1	1	0	1	-140.0	0.093	0.277	NaN	NaN	0.221	0.616	NaN	NaN	6.63	21.56	NaN	NaN	0.0	"2.5"	"F0034"	1	0	"PR"	654.989	"reverse-f"	79.449	1	1	0	923.725	0.0	1026.35	null	1681.96	0.095
-11.3	0.048675	23062.5	2793.75	2240.625	NaN	NaN	NaN	0	0	0	0	0	1	1	0	0	0	0	0	1	0	0	0	0	1	1	0	1	1	1	0	1	-136.0	0.094	0.282	NaN	NaN	0.224	0.627	NaN	NaN	6.72	21.945	NaN	NaN	0.0	"2.5"	"F0034"	1	0	"PR"	665.141	"reverse"	89.601	1	1	0	923.725	0.0	1026.35	null	1692.112	0.09
-11.7	0.049775	24187.5	2784.375	2259.375	NaN	NaN	NaN	0	0	0	0	0	1	1	0	0	0	0	0	1	0	0	0	0	1	1	0	1	1	1	0	1	-140.0	0.093	0.284	NaN	NaN	0.221	0.631	NaN	NaN	6.63	22.085	NaN	NaN	0.0	"2.5"	"F0034"	1	0	"PR"	675.179	"reverse"	99.639	1	1	0	923.725	0.0	1026.35	null	1702.15	0.086
-11.9	0.0506	24375.0	2746.875	2259.375	NaN	NaN	NaN	0	0	0	0	0	1	1	0	0	0	0	0	1	0	0	0	0	1	1	0	1	1	1	0	1	-143.0	0.09	0.284	NaN	NaN	0.214	0.631	NaN	NaN	6.42	22.085	NaN	NaN	0.0	"2.5"	"F0034"	1	0	"PR"	685.215	"reverse"	109.675	1	1	0	923.725	0.0	1026.35	null	1712.186	0.074
-11.9	0.050875	22687.5	2775.0	2250.0	NaN	NaN	NaN	0	0	0	0	0	1	1	0	0	0	0	0	1	0	0	0	0	1	1	0	1	1	1	0	1	-143.0	0.093	0.283	NaN	NaN	0.221	0.629	NaN	NaN	6.63	22.015	NaN	NaN	0.0	"2.5"	"F0034"	1	0	"PR"	695.052	"reverse"	119.512	1	1	0	923.725	0.0	1026.35	null	1722.023	0.091
-11.9	0.051975	23062.5	2803.125	2259.375	NaN	NaN	NaN	0	0	0	0	0	1	1	0	0	0	0	0	1	0	0	0	0	1	1	0	1	1	1	0	1	-143.0	0.095	0.284	NaN	NaN	0.226	0.631	NaN	NaN	6.78	22.085	NaN	NaN	0.0	"2.5"	"F0034"	1	0	"PR"	705.087	"reverse"	129.547	1	1	0	923.725	0.0	1026.35	null	1732.058	0.089
-10.2	0.051975	24187.5	2775.0	2278.125	NaN	NaN	NaN	0	0	0	0	0	1	1	0	0	0	0	0	1	0	0	0	0	1	1	0	1	1	1	0	1	-122.0	0.093	0.286	NaN	NaN	0.221	0.636	NaN	NaN	6.63	22.26	NaN	NaN	0.0	"2.5"	"F0034"	1	0	"PR"	715.124	"reverse"	139.584	1	1	0	923.725	0.0	1026.35	null	1742.095	0.097
-12.9	0.05225	22500.0	2775.0	2250.0	NaN	NaN	NaN	0	0	0	0	0	1	1	0	0	0	0	0	1	0	0	0	0	1	1	0	1	1	1	0	1	-155.0	0.093	0.283	NaN	NaN	0.221	0.629	NaN	NaN	6.63	22.015	NaN	NaN	0.0	"2.5"	"F0034"	1	0	"PR"	725.167	"reverse"	149.627	1	1	0	923.725	0.0	1026.35	null	1752.138	0.09
-0.4	0.051975	-1125.0	2962.5	2278.125	NaN	NaN	NaN	0	0	0	0	0	0	0	0	0	0	0	0	0	0	0	0	0	0	0	0	1	0	0	0	1	-5.0	0.111	0.286	NaN	NaN	0.264	0.636	NaN	NaN	7.92	22.26	NaN	NaN	0.0	"2.5"	"F0034"	0	0	"PR"	735.091	"diffuse"	9.522	1	1	1	923.725	0.0	1026.35	null	1762.062	0.087
-0.9	0.052525	187.5	2971.875	2296.875	NaN	NaN	NaN	0	0	0	0	0	0	0	0	0	0	0	0	0	0	0	0	0	0	0	0	1	0	0	0	1	-11.0	0.112	0.288	NaN	NaN	0.267	0.64	NaN	NaN	8.01	22.4	NaN	NaN	0.0	"2.5"	"F0034"	0	0	"PR"	745.124	"diffuse"	19.555	1	1	1	923.725	0.0	1026.35	null	1772.095	0.091
-0.9	0.0528	-375.0	2962.5	2278.125	NaN	NaN	NaN	0	0	0	0	0	0	0	0	0	0	0	0	0	0	0	0	0	0	0	0	1	0	0	0	1	-11.0	0.111	0.286	NaN	NaN	0.264	0.636	NaN	NaN	7.92	22.26	NaN	NaN	0.0	"2.5"	"F0034"	0	0	"PR"	755.165	"diffuse"	29.596	1	1	1	923.725	0.0	1026.35	null	1782.136	0.089
-11.9	0.051975	23812.5	2793.75	2278.125	NaN	NaN	NaN	0	0	0	0	0	1	1	0	0	0	0	0	1	0	0	0	0	1	1	0	1	1	1	0	1	-143.0	0.094	0.286	NaN	NaN	0.224	0.636	NaN	NaN	6.72	22.26	NaN	NaN	0.0	"2.5"	"F0034"	1	0	"PR"	765.293	"wash-en"	9.525	1	1	1	923.725	0.0	1026.35	null	1792.264	0.086
-12.0	0.053075	24562.5	2812.5	2259.375	NaN	NaN	NaN	0	0	0	0	0	1	1	0	0	0	0	0	1	0	0	0	0	1	1	0	1	1	1	0	1	-144.0	0.096	0.284	NaN	NaN	0.229	0.631	NaN	NaN	6.87	22.085	NaN	NaN	0.0	"2.5"	"F0034"	1	0	"PR"	775.137	"wash-en"	19.369	1	1	1	923.725	0.0	1026.35	null	1802.108	0.091
-0.1	0.054175	23437.5	2821.875	2268.75	NaN	NaN	NaN	0	0	0	0	0	1	1	0	0	0	0	0	1	0	0	0	0	0	0	0	1	0	0	0	1	-1.0	0.097	0.285	NaN	NaN	0.231	0.633	NaN	NaN	6.93	22.155	NaN	NaN	0.0	"2.5"	"F0034"	0	0	"PR"	785.265	"wash-sc"	9.325	1	1	1	923.725	0.0	1026.35	null	1812.236	0.097
-0.4	0.0539	0.0	2962.5	2278.125	NaN	NaN	NaN	0	0	0	0	0	0	0	0	0	0	0	0	0	0	0	0	0	0	0	0	1	0	0	0	1	-5.0	0.111	0.286	NaN	NaN	0.264	0.636	NaN	NaN	7.92	22.26	NaN	NaN	0.0	"2.5"	"F0034"	0	0	"PR"	795.302	"diffuse"	9.234	1	1	2	923.725	0.0	1026.35	null	1822.273	0.084
-0.6	0.053625	1125.0	2953.125	2268.75	NaN	NaN	NaN	0	0	0	0	0	0	0	0	0	0	0	0	0	0	0	0	0	0	0	0	1	0	0	0	1	-7.0	0.11	0.285	NaN	NaN	0.262	0.633	NaN	NaN	7.86	22.155	NaN	NaN	0.0	"2.5"	"F0034"	0	0	"PR"	805.34	"diffuse"	19.272	1	1	2	923.725	0.0	1026.35	null	1832.311	0.088
-0.8	0.054175	937.5	2971.875	2278.125	NaN	NaN	NaN	0	0	0	0	0	0	0	0	0	0	0	0	0	0	0	0	0	0	0	0	1	0	0	0	1	-10.0	0.112	0.286	NaN	NaN	0.267	0.636	NaN	NaN	8.01	22.26	NaN	NaN	0.0	"2.5"	"F0034"	0	0	"PR"	815.177	"diffuse"	29.109	1	1	2	923.725	0.0	1026.35	null	1842.148	0.078
-10.8	0.053075	21375.0	2793.75	2278.125	NaN	NaN	NaN	0	0	0	0	0	1	1	0	0	0	0	0	1	0	0	0	0	1	1	0	1	1	1	0	1	-130.0	0.094	0.286	NaN	NaN	0.224	0.636	NaN	NaN	6.72	22.26	NaN	NaN	0.0	"2.5"	"F0034"	1	0	"PR"	825.31	"wash-en"	9.129	1	1	2	923.725	0.0	1026.35	null	1852.281	0.092
-10.6	0.05335	22312.5	2775.0	2259.375	NaN	NaN	NaN	0	0	0	0	0	1	1	0	0	0	0	0	1	0	0	0	0	1	1	0	1	1	1	0	1	-127.0	0.093	0.284	NaN	NaN	0.221	0.631	NaN	NaN	6.63	22.085	NaN	NaN	0.0	"2.5"	"F0034"	1	0	"PR"	835.352	"wash-en"	19.171	1	1	2	923.725	0.0	1026.35	null	1862.323	0.087
-0.8	0.0539	23812.5	2784.375	2278.125	NaN	NaN	NaN	0	0	0	0	0	1	1	0	0	0	0	0	1	0	0	0	0	0	0	0	1	0	0	0	1	-10.0	0.093	0.286	NaN	NaN	0.221	0.636	NaN	NaN	6.63	22.26	NaN	NaN	0.0	"2.5"	"F0034"	0	0	"PR"	845.276	"wash-sc"	8.92	1	1	2	923.725	0.0	1026.35	null	1872.247	0.093
-0.1	0.0539	-1125.0	2971.875	2278.125	NaN	NaN	NaN	0	0	0	0	0	0	0	0	0	0	0	0	0	0	0	0	0	0	0	0	1	0	0	0	1	-1.0	0.112	0.286	NaN	NaN	0.267	0.636	NaN	NaN	8.01	22.26	NaN	NaN	0.0	"2.5"	"F0034"	0	0	"PR"	855.315	"diffuse"	8.834	1	1	3	923.725	0.0	1026.35	null	1882.286	0.09
-0.1	0.054175	-375.0	2962.5	2268.75	NaN	NaN	NaN	0	0	0	0	0	0	0	0	0	0	0	0	0	0	0	0	0	0	0	0	1	0	0	0	1	-1.0	0.111	0.285	NaN	NaN	0.264	0.633	NaN	NaN	7.92	22.155	NaN	NaN	0.0	"2.5"	"F0034"	0	0	"PR"	865.357	"diffuse"	18.876	1	1	3	923.725	0.0	1026.35	null	1892.328	0.076
0.3	0.054175	562.5	2962.5	2278.125	NaN	NaN	NaN	0	0	0	0	0	0	0	0	0	0	0	0	0	0	0	0	0	0	0	0	1	0	0	0	1	4.0	0.111	0.286	NaN	NaN	0.264	0.636	NaN	NaN	7.92	22.26	NaN	NaN	0.0	"2.5"	"F0034"	0	0	"PR"	875.395	"diffuse"	28.914	1	1	3	923.725	0.0	1026.35	null	1902.366	0.089
-12.1	0.05335	25125.0	2793.75	2268.75	NaN	NaN	NaN	0	0	0	0	0	1	1	0	0	0	0	0	1	0	0	0	0	1	1	0	1	1	1	0	1	-145.0	0.094	0.285	NaN	NaN	0.224	0.633	NaN	NaN	6.72	22.155	NaN	NaN	0.0	"2.5"	"F0034"	1	0	"PR"	885.305	"wash-en"	8.704	1	1	3	923.725	0.0	1026.35	null	1912.276	0.09
-11.5	0.05335	25312.5	2784.375	2240.625	NaN	NaN	NaN	0	0	0	0	0	1	1	0	0	0	0	0	1	0	0	0	0	1	1	0	1	1	1	0	1	-138.0	0.093	0.282	NaN	NaN	0.221	0.627	NaN	NaN	6.63	21.945	NaN	NaN	0.0	"2.5"	"F0034"	1	0	"PR"	895.343	"wash-en"	18.742	1	1	3	923.725	0.0	1026.35	null	1922.314	0.09
0.5	0.0539	22312.5	2812.5	2278.125	NaN	NaN	NaN	0	0	0	0	0	1	1	0	0	0	0	0	1	0	0	0	0	0	0	0	1	0	0	0	1	6.0	0.096	0.286	NaN	NaN	0.229	0.636	NaN	NaN	6.87	22.26	NaN	NaN	0.0	"2.5"	"F0034"	0	0	"PR"	905.273	"wash-sc"	8.524	1	1	3	923.725	0.0	1026.35	null	1932.244	0.089
0.6	0.053625	-187.5	2962.5	2278.125	NaN	NaN	NaN	0	0	0	0	0	0	0	0	0	0	0	0	0	0	0	0	0	0	0	0	1	0	0	0	1	7.0	0.111	0.286	NaN	NaN	0.264	0.636	NaN	NaN	7.92	22.26	NaN	NaN	0.0	"2.5"	"F0034"	0	0	"PR"	915.312	"diffuse"	8.434	1	1	4	923.725	0.0	1026.35	null	1942.283	0.081
-0.1	0.054175	0.0	2962.5	2287.5	NaN	NaN	NaN	0	0	0	0	0	0	0	0	0	0	0	0	0	0	0	0	0	0	0	0	1	0	0	0	1	-1.0	0.111	0.287	NaN	NaN	0.264	0.638	NaN	NaN	7.92	22.33	NaN	NaN	0.0	"2.5"	"F0034"	0	0	"PR"	925.351	"diffuse"	18.473	1	1	4	923.725	0.0	1026.35	null	1952.322	0.092
0.1	0.054175	187.5	2981.25	2278.125	NaN	NaN	NaN	0	0	0	0	0	0	0	0	0	0	0	0	0	0	0	0	0	0	0	0	1	0	0	0	1	1.0	0.113	0.286	NaN	NaN	0.269	0.636	NaN	NaN	8.07	22.26	NaN	NaN	0.0	"2.5"	"F0034"	0	0	"PR"	935.389	"diffuse"	28.511	1	1	4	923.725	0.0	1026.35	null	1962.36	0.087
-12.2	0.05335	21750.0	2784.375	2259.375	NaN	NaN	NaN	0	0	0	0	0	1	1	0	0	0	0	0	1	0	0	0	0	1	1	0	1	1	1	0	1	-146.0	0.093	0.284	NaN	NaN	0.221	0.631	NaN	NaN	6.63	22.085	NaN	NaN	0.0	"2.5"	"F0034"	1	0	"PR"	945.314	"wash-en"	8.318	1	1	4	923.725	0.0	1026.35	null	1972.285	0.083
-12.9	0.0539	22312.5	2775.0	2250.0	NaN	NaN	NaN	0	0	0	0	0	1	1	0	0	0	0	0	1	0	0	0	0	1	1	0	1	1	1	0	1	-155.0	0.093	0.283	NaN	NaN	0.221	0.629	NaN	NaN	6.63	22.015	NaN	NaN	0.0	"2.5"	"F0034"	1	0	"PR"	955.355	"wash-en"	18.359	1	1	4	923.725	0.0	1026.35	null	1982.326	0.083
0.5	0.054175	23437.5	2793.75	2259.375	NaN	NaN	NaN	0	0	0	0	0	1	1	0	0	0	0	0	1	0	0	0	0	0	0	0	1	0	0	0	1	6.0	0.094	0.284	NaN	NaN	0.224	0.631	NaN	NaN	6.72	22.085	NaN	NaN	0.0	"2.5"	"F0034"	0	0	"PR"	965.485	"wash-sc"	8.323	1	1	4	923.725	0.0	1026.35	null	1992.456	0.099
0.6	0.053625	-1125.0	2446.875	2287.5	NaN	NaN	NaN	0	0	0	0	1	0	0	0	0	0	0	0	0	0	0	0	0	0	0	0	1	0	0	0	1	7.0	0.06	0.287	NaN	NaN	0.143	0.638	NaN	NaN	4.29	22.33	NaN	NaN	0.0	"2.5"	"F0034"	0	0	"PR"	975.523	"drain-rg"	8.232	1	1	4	923.725	0.0	1026.35	null	2002.494	0.095
0.3	0.053625	-2250.0	2137.5	2278.125	NaN	NaN	NaN	0	0	0	0	1	0	0	0	0	0	0	0	0	0	0	0	0	0	0	0	1	0	0	0	1	4.0	0.029	0.286	NaN	NaN	0.069	0.636	NaN	NaN	2.07	22.26	NaN	NaN	0.0	"2.5"	"F0034"	0	0	"PR"	985.36	"drain-rg"	18.069	1	1	4	923.725	0.0	1026.35	null	2012.331	0.083
0.5	0.054175	-1875.0	1753.125	2268.75	NaN	NaN	NaN	0	0	0	0	1	0	0	0	0	0	0	0	0	0	0	0	0	0	0	0	1	0	0	0	1	6.0	-0.01	0.285	NaN	NaN	-0.024	0.633	NaN	NaN	-0.72	22.155	NaN	NaN	0.0	"2.5"	"F0034"	0	0	"PR"	995.398	"drip-rg"	2.409	1	1	4	923.725	0.0	1026.35	null	2022.369	0.082
0.6	0.053625	-2250.0	9.375	2287.5	NaN	NaN	NaN	0	0	0	0	1	0	0	0	0	0	0	0	0	0	0	0	0	0	0	0	1	0	0	0	1	7.0	-0.184	0.287	NaN	NaN	-0.438	0.638	NaN	NaN	-13.14	22.33	NaN	NaN	0.0	"2.5"	"F0034"	0	0	"PR"	1005.442	"drip-rg"	12.453	1	1	4	923.725	0.0	1026.35	null	2032.413	0.087
0.6	0.053625	22125.0	1790.625	2146.875	NaN	NaN	NaN	0	0	1	0	0	1	0	0	0	0	0	0	1	0	0	0	0	0	0	0	1	0	0	0	1	7.0	-0.006	0.273	NaN	NaN	-0.014	0.607	NaN	NaN	-0.42	21.245	NaN	NaN	0.0	"2.5"	"F0034"	0	0	"FR"	6.647	"fill-rg-di"	6.446	2	1	0	2035.224	0.0	1026.35	null	2042.495	0.09
0.4	0.053075	22875.0	2193.75	1884.375	NaN	NaN	NaN	0	0	1	0	0	1	0	0	0	0	0	0	1	0	0	0	0	0	0	0	1	0	0	0	1	5.0	0.034	0.246	NaN	NaN	0.081	0.547	NaN	NaN	2.43	19.145	NaN	NaN	0.0	"2.5"	"F0034"	0	0	"FR"	16.685	"fill-rg-di"	16.484	2	1	0	2035.224	0.0	1026.35	null	2052.533	0.093
-0.1	0.05225	24937.5	2475.0	1612.5	NaN	NaN	NaN	0	0	1	0	0	1	0	0	0	0	0	0	1	0	0	0	0	0	0	0	1	0	0	0	1	-1.0	0.062	0.219	NaN	NaN	0.148	0.487	NaN	NaN	4.44	17.045	NaN	NaN	0.0	"2.5"	"F0034"	0	0	"FR"	26.722	"fill-rg-di"	26.521	2	1	0	2035.224	0.0	1026.35	null	2062.57	0.09
0.7	0.050325	25125.0	2756.25	1350.0	NaN	NaN	NaN	0	0	1	0	0	1	0	0	0	0	0	0	1	0	0	0	0	0	0	0	1	0	0	0	1	8.0	0.091	0.193	NaN	NaN	0.217	0.429	NaN	NaN	6.51	15.015	NaN	NaN	0.0	"2.5"	"F0034"	0	0	"FR"	36.561	"fill-rg-di"	36.36	2	1	0	2035.224	0.0	1026.35	null	2072.409	0.087
-0.4	0.049775	23062.5	3103.125	1096.875	NaN	NaN	NaN	0	0	1	0	0	1	0	0	0	0	0	0	1	0	0	0	0	0	0	0	1	0	0	0	1	-5.0	0.125	0.168	NaN	NaN	0.298	0.373	NaN	NaN	8.94	13.055	NaN	NaN	0.0	"2.5"	"F0034"	0	0	"FR"	46.6	"fill-rg-di"	46.399	2	1	0	2035.224	0.0	1026.35	null	2082.448	0.088
-0.1	0.049775	0.0	2925.0	984.375	NaN	NaN	NaN	0	0	0	0	1	0	0	0	0	0	0	0	0	0	0	0	0	0	0	0	1	0	0	0	1	-1.0	0.107	0.156	NaN	NaN	0.255	0.347	NaN	NaN	7.65	12.145	NaN	NaN	0.0	"2.5"	"F0034"	0	0	"FR"	56.64	"drain-rg"	4.82	2	1	0	2035.224	0.0	1026.35	null	2092.488	0.086
0.0	0.049775	-2437.5	2559.375	984.375	NaN	NaN	NaN	0	0	0	0	1	0	0	0	0	0	0	0	0	0	0	0	0	0	0	0	1	0	0	0	1	0.0	0.071	0.156	NaN	NaN	0.169	0.347	NaN	NaN	5.07	12.145	NaN	NaN	0.0	"2.5"	"F0034"	0	0	"FR"	66.678	"drain-rg"	14.858	2	1	0	2035.224	0.0	1026.35	null	2102.526	0.088
1.0	0.049225	-2625.0	2193.75	993.75	NaN	NaN	NaN	0	0	0	0	1	0	0	0	0	0	0	0	0	0	0	0	0	0	0	0	1	0	0	0	1	12.0	0.034	0.157	NaN	NaN	0.081	0.349	NaN	NaN	2.43	12.215	NaN	NaN	0.0	"2.5"	"F0034"	0	0	"FR"	76.716	"drain-rg"	24.896	2	1	0	2035.224	0.0	1026.35	null	2112.564	0.09
0.3	0.049225	-2625.0	1856.25	956.25	NaN	NaN	NaN	0	0	0	0	1	0	0	0	0	0	0	0	0	0	0	0	0	0	0	0	1	0	0	0	1	4.0	0.001	0.154	NaN	NaN	0.002	0.342	NaN	NaN	0.06	11.97	NaN	NaN	0.0	"2.5"	"F0034"	0	0	"FR"	86.555	"drip-rg"	0.2	2	1	0	2035.224	0.0	1026.35	null	2122.403	0.097
0.6	0.049775	-3562.5	900.0	993.75	NaN	NaN	NaN	0	0	0	0	1	0	0	0	0	0	0	0	0	0	0	0	0	0	0	0	1	0	0	0	1	7.0	-0.095	0.157	NaN	NaN	-0.226	0.349	NaN	NaN	-6.78	12.215	NaN	NaN	0.0	"2.5"	"F0034"	0	0	"FR"	96.793	"drip-rg"	10.438	2	1	0	2035.224	0.0	1026.35	null	2132.641	0.087
0.6	0.049775	22875.0	1968.75	871.875	NaN	NaN	NaN	0	0	1	0	0	1	0	0	0	0	0	0	1	0	0	0	0	0	0	0	1	0	0	0	1	7.0	0.012	0.145	NaN	NaN	0.029	0.322	NaN	NaN	0.87	11.27	NaN	NaN	0.0	"2.5"	"F0034"	0	0	"PR"	4.435	"fill-rg-di"	4.234	2	0	0	2035.224	0.0	2137.459	null	2142.518	0.09
0.3	0.0484	22875.0	2090.625	646.875	NaN	NaN	NaN	0	0	1	0	0	1	0	0	0	0	0	0	1	0	0	0	0	0	0	0	1	0	0	0	1	4.0	0.024	0.123	NaN	NaN	0.057	0.273	NaN	NaN	1.71	9.555	NaN	NaN	0.0	"2.5"	"F0034"	0	0	"PR"	14.472	"fill-rg-di"	14.271	2	0	0	2035.224	0.0	2137.459	null	2152.555	0.087
0.3	0.0473	23062.5	2446.875	384.375	NaN	NaN	NaN	0	0	1	0	0	1	0	0	0	0	0	0	1	0	0	0	0	0	0	0	1	0	0	0	1	4.0	0.06	0.096	NaN	NaN	0.143	0.213	NaN	NaN	4.29	7.455	NaN	NaN	0.0	"2.5"	"F0034"	0	0	"PR"	24.508	"fill-rg-di"	24.307	2	0	0	2035.224	0.0	2137.459	null	2162.591	0.082
0.3	0.047025	24562.5	2737.5	112.5	NaN	NaN	NaN	0	0	1	0	0	1	0	0	0	0	0	0	1	0	0	0	0	0	0	0	1	0	0	0	1	4.0	0.089	0.069	NaN	NaN	0.212	0.153	NaN	NaN	6.36	5.355	NaN	NaN	0.0	"2.5"	"F0034"	0	0	"PR"	34.545	"fill-rg-di"	34.344	2	0	0	2035.224	0.0	2137.459	null	2172.628	0.095
0.3	0.0462	2625.0	2746.875	375.0	NaN	NaN	NaN	1	0	0	0	0	0	0	0	0	0	0	0	0	1	0	0	0	0	0	0	1	0	0	0	1	4.0	0.09	0.096	NaN	NaN	0.214	0.213	NaN	NaN	6.42	7.455	NaN	NaN	0.0	"2.5"	"F0034"	0	0	"PR"	44.582	"fill-di-lb"	8.632	2	0	0	2035.224	0.0	2137.459	null	2182.665	0.087
0.3	0.0462	2625.0	2775.0	646.875	NaN	NaN	NaN	1	0	0	0	0	0	0	0	0	0	0	0	0	1	0	0	0	0	0	0	1	0	0	0	1	4.0	0.093	0.123	NaN	NaN	0.221	0.273	NaN	NaN	6.63	9.555	NaN	NaN	0.0	"2.5"	"F0034"	0	0	"PR"	54.622	"fill-di-lb"	18.672	2	0	0	2035.224	0.0	2137.459	null	2192.705	0.086
0.3	0.0462	2812.5	2775.0	956.25	NaN	NaN	NaN	1	0	0	0	0	0	0	0	0	0	0	0	0	1	0	0	0	0	0	0	1	0	0	0	1	4.0	0.093	0.154	NaN	NaN	0.221	0.342	NaN	NaN	6.63	11.97	NaN	NaN	0.0	"2.5"	"F0034"	0	0	"PR"	64.464	"fill-di-lb"	28.514	2	0	0	2035.224	0.0	2137.459	null	2202.547	0.087
0.2	0.04675	2625.0	2756.25	1237.5	NaN	NaN	NaN	1	0	0	0	0	0	0	0	0	0	0	0	0	1	0	0	0	0	0	0	1	0	0	0	1	2.0	0.091	0.182	NaN	NaN	0.217	0.404	NaN	NaN	6.51	14.14	NaN	NaN	0.0	"2.5"	"F0034"	0	0	"PR"	74.505	"fill-di-lb"	38.555	2	0	0	2035.224	0.0	2137.459	null	2212.588	0.086
0.3	0.0462	1875.0	2793.75	1518.75	NaN	NaN	NaN	1	0	0	0	0	0	0	0	0	0	0	0	0	1	0	0	0	0	0	0	1	0	0	0	1	4.0	0.094	0.21	NaN	NaN	0.224	0.467	NaN	NaN	6.72	16.345	NaN	NaN	0.0	"2.5"	"F0034"	0	0	"PR"	84.543	"fill-di-lb"	48.593	2	0	0	2035.224	0.0	2137.459	null	2222.626	0.087
-0.1	0.046475	562.5	2775.0	1800.0	NaN	NaN	NaN	1	0	0	0	0	0	0	0	0	0	0	0	0	1	0	0	0	0	0	0	1	0	0	0	1	-1.0	0.093	0.238	NaN	NaN	0.221	0.529	NaN	NaN	6.63	18.515	NaN	NaN	0.0	"2.5"	"F0034"	0	0	"PR"	94.578	"fill-di-lb"	58.628	2	0	0	2035.224	0.0	2137.459	null	2232.661	0.09
0.3	0.046475	1125.0	2775.0	2100.0	NaN	NaN	NaN	1	0	0	0	0	0	0	0	0	0	0	0	0	1	0	0	0	0	0	0	1	0	0	0	1	4.0	0.093	0.268	NaN	NaN	0.221	0.596	NaN	NaN	6.63	20.86	NaN	NaN	0.0	"2.5"	"F0034"	0	0	"PR"	104.615	"fill-di-lb"	68.665	2	0	0	2035.224	0.0	2137.459	null	2242.698	0.086
0.3	0.04565	23062.5	2934.375	2128.125	NaN	NaN	NaN	0	0	1	0	0	1	0	0	0	0	0	0	1	0	0	0	0	0	0	0	1	0	0	0	1	4.0	0.108	0.271	NaN	NaN	0.257	0.602	NaN	NaN	7.71	21.07	NaN	NaN	0.0	"2.5"	"F0034"	0	0	"PR"	114.655	"fill-rg-di"	5.221	2	0	0	2035.224	0.0	2137.459	null	2252.738	0.092
-12.4	0.0451	29250.0	2981.25	2568.75	NaN	NaN	NaN	0	1	1	0	0	0	0	0	0	0	0	0	1	0	0	0	0	1	1	0	1	1	1	0	1	-149.0	0.113	0.315	NaN	NaN	0.269	0.7	NaN	NaN	8.07	24.5	NaN	NaN	0.0	"2.5"	"F0034"	1	0	"PR"	124.672	"deionize"	2.39	2	1	0	2035.224	0.0	2137.459	null	2262.755	0.091
-11.9	0.0451	30187.5	2962.5	2540.625	NaN	NaN	NaN	0	1	1	0	0	0	0	0	0	0	0	0	1	0	0	0	0	1	1	0	1	1	1	0	1	-143.0	0.111	0.312	NaN	NaN	0.264	0.693	NaN	NaN	7.92	24.255	NaN	NaN	0.0	"2.5"	"F0034"	1	0	"PR"	134.707	"deionize"	12.425	2	1	0	2035.224	0.0	2137.459	null	2272.79	0.087
-11.8	0.0451	30375.0	2981.25	2596.875	NaN	NaN	NaN	0	1	1	0	0	0	0	0	0	0	0	0	1	0	0	0	0	1	1	0	1	1	1	0	1	-142.0	0.113	0.318	NaN	NaN	0.269	0.707	NaN	NaN	8.07	24.745	NaN	NaN	0.0	"2.5"	"F0034"	1	0	"PR"	144.545	"deionize"	22.263	2	1	0	2035.224	0.0	2137.459	null	2282.628	0.094
-11.8	0.04345	30375.0	2971.875	2550.0	NaN	NaN	NaN	0	1	1	0	0	0	0	0	0	0	0	0	1	0	0	0	0	1	1	0	1	1	1	0	1	-142.0	0.112	0.313	NaN	NaN	0.267	0.696	NaN	NaN	8.01	24.36	NaN	NaN	0.0	"2.5"	"F0034"	1	0	"PR"	154.583	"deionize"	32.301	2	1	0	2035.224	0.0	2137.459	null	2292.666	0.095
-12.1	0.04235	30750.0	2981.25	2606.25	NaN	NaN	NaN	0	1	1	0	0	0	0	0	0	0	0	0	1	0	0	0	0	1	1	0	1	1	1	0	1	-145.0	0.113	0.319	NaN	NaN	0.269	0.709	NaN	NaN	8.07	24.815	NaN	NaN	0.0	"2.5"	"F0034"	1	0	"PR"	164.622	"deionize"	42.34	2	1	0	2035.224	0.0	2137.459	null	2302.705	0.087
-12.7	0.040975	30375.0	2971.875	2540.625	NaN	NaN	NaN	0	1	1	0	0	0	0	0	0	0	0	0	1	0	0	0	0	1	1	0	1	1	1	0	1	-152.0	0.112	0.312	NaN	NaN	0.267	0.693	NaN	NaN	8.01	24.255	NaN	NaN	0.0	"2.5"	"F0034"	1	0	"PR"	174.664	"deionize"	52.382	2	1	0	2035.224	0.0	2137.459	null	2312.747	0.093
-11.8	0.0407	30000.0	2990.625	2512.5	NaN	NaN	NaN	0	1	1	0	0	0	0	0	0	0	0	0	1	0	0	0	0	1	1	0	1	1	1	0	1	-142.0	0.114	0.309	NaN	NaN	0.271	0.687	NaN	NaN	8.13	24.045	NaN	NaN	0.0	"2.5"	"F0034"	1	0	"PR"	184.703	"deionize"	62.421	2	1	0	2035.224	0.0	2137.459	null	2322.786	0.086
-11.9	0.039875	30000.0	2971.875	2465.625	NaN	NaN	NaN	0	1	1	0	0	0	0	0	0	0	0	0	1	0	0	0	0	1	1	0	1	1	1	0	1	-143.0	0.112	0.305	NaN	NaN	0.267	0.678	NaN	NaN	8.01	23.73	NaN	NaN	0.0	"2.5"	"F0034"	1	0	"PR"	194.744	"deionize"	72.462	2	1	0	2035.224	0.0	2137.459	null	2332.827	0.084
-12.0	0.039325	29250.0	2981.25	2475.0	NaN	NaN	NaN	0	1	1	0	0	0	0	0	0	0	0	0	1	0	0	0	0	1	1	0	1	1	1	0	1	-144.0	0.113	0.305	NaN	NaN	0.269	0.678	NaN	NaN	8.07	23.73	NaN	NaN	0.0	"2.5"	"F0034"	1	0	"PR"	204.778	"deionize"	82.496	2	1	0	2035.224	0.0	2137.459	null	2342.861	0.084
-11.2	0.0385	30187.5	2971.875	2512.5	NaN	NaN	NaN	0	1	1	0	0	0	0	0	0	0	0	0	1	0	0	0	0	1	1	0	1	1	1	0	1	-134.0	0.112	0.309	NaN	NaN	0.267	0.687	NaN	NaN	8.01	24.045	NaN	NaN	0.0	"2.5"	"F0034"	1	0	"PR"	214.81	"deionize"	92.528	2	1	0	2035.224	0.0	2137.459	null	2352.893	0.087
-12.7	0.037675	30000.0	2962.5	2418.75	NaN	NaN	NaN	0	1	1	0	0	0	0	0	0	0	0	0	1	0	0	0	0	1	1	0	1	1	1	0	1	-152.0	0.111	0.3	NaN	NaN	0.264	0.667	NaN	NaN	7.92	23.345	NaN	NaN	0.0	"2.5"	"F0034"	1	0	"PR"	224.649	"deionize"	102.367	2	1	0	2035.224	0.0	2137.459	null	2362.732	0.099
-12.1	0.0374	29250.0	2971.875	2465.625	NaN	NaN	NaN	0	1	1	0	0	0	0	0	0	0	0	0	1	0	0	0	0	1	1	0	1	1	1	0	1	-145.0	0.112	0.305	NaN	NaN	0.267	0.678	NaN	NaN	8.01	23.73	NaN	NaN	0.0	"2.5"	"F0034"	1	0	"PR"	234.682	"deionize"	112.4	2	1	0	2035.224	0.0	2137.459	null	2372.765	0.087
-11.3	0.037125	29062.5	2981.25	2465.625	NaN	NaN	NaN	0	1	1	0	0	0	0	0	0	0	0	0	1	0	0	0	0	1	1	0	1	1	1	0	1	-136.0	0.113	0.305	NaN	NaN	0.269	0.678	NaN	NaN	8.07	23.73	NaN	NaN	0.0	"2.5"	"F0034"	1	0	"PR"	244.718	"deionize"	122.436	2	1	0	2035.224	0.0	2137.459	null	2382.801	0.09
-12.3	0.0363	29812.5	2971.875	2512.5	NaN	NaN	NaN	0	1	1	0	0	0	0	0	0	0	0	0	1	0	0	0	0	1	1	0	1	1	1	0	1	-148.0	0.112	0.309	NaN	NaN	0.267	0.687	NaN	NaN	8.01	24.045	NaN	NaN	0.0	"2.5"	"F0034"	1	0	"PR"	254.761	"deionize"	132.479	2	1	0	2035.224	0.0	2137.459	null	2392.844	0.085
-12.0	0.036025	29625.0	2981.25	2409.375	NaN	NaN	NaN	0	1	1	0	0	0	0	0	0	0	0	0	1	0	0	0	0	1	1	0	1	1	1	0	1	-144.0	0.113	0.299	NaN	NaN	0.269	0.664	NaN	NaN	8.07	23.24	NaN	NaN	0.0	"2.5"	"F0034"	1	0	"PR"	264.794	"deionize"	142.512	2	1	0	2035.224	0.0	2137.459	null	2402.877	0.085
-11.7	0.034925	29062.5	3009.375	2437.5	NaN	NaN	NaN	0	1	1	0	0	0	0	0	0	0	0	0	1	0	0	0	0	1	1	0	1	1	1	0	1	-140.0	0.116	0.302	NaN	NaN	0.276	0.671	NaN	NaN	8.28	23.485	NaN	NaN	0.0	"2.5"	"F0034"	1	0	"PR"	274.838	"deionize"	152.556	2	1	0	2035.224	0.0	2137.459	null	2412.921	0.085
-11.9	0.0352	29437.5	2962.5	2446.875	NaN	NaN	NaN	0	1	1	0	0	0	0	0	0	0	0	0	1	0	0	0	0	1	1	0	1	1	1	0	1	-143.0	0.111	0.303	NaN	NaN	0.264	0.673	NaN	NaN	7.92	23.555	NaN	NaN	0.0	"2.5"	"F0034"	1	0	"PR"	284.876	"deionize"	162.594	2	1	0	2035.224	0.0	2137.459	null	2422.959	0.09
-11.9	0.0341	29437.5	2981.25	2465.625	NaN	NaN	NaN	0	1	1	0	0	0	0	0	0	0	0	0	1	0	0	0	0	1	1	0	1	1	1	0	1	-143.0	0.113	0.305	NaN	NaN	0.269	0.678	NaN	NaN	8.07	23.73	NaN	NaN	0.0	"2.5"	"F0034"	1	0	"PR"	294.713	"deionize"	172.431	2	1	0	2035.224	0.0	2137.459	null	2432.796	0.09
-10.6	0.0341	29812.5	2934.375	2409.375	NaN	NaN	NaN	0	1	1	0	0	0	0	0	0	0	0	0	1	0	0	0	0	1	1	0	1	1	1	0	1	-127.0	0.108	0.299	NaN	NaN	0.257	0.664	NaN	NaN	7.71	23.24	NaN	NaN	0.0	"2.5"	"F0034"	1	0	"PR"	304.754	"deionize"	182.472	2	1	0	2035.224	0.0	2137.459	null	2442.837	0.087
-12.0	0.03355	30000.0	2981.25	2437.5	NaN	NaN	NaN	0	1	1	0	0	0	0	0	0	0	0	0	1	0	0	0	0	1	1	0	1	1	1	0	1	-144.0	0.113	0.302	NaN	NaN	0.269	0.671	NaN	NaN	8.07	23.485	NaN	NaN	0.0	"2.5"	"F0034"	1	0	"PR"	314.789	"deionize"	192.507	2	1	0	2035.224	0.0	2137.459	null	2452.872	0.086
-11.8	0.03245	30000.0	2971.875	2437.5	NaN	NaN	NaN	0	1	1	0	0	0	0	0	0	0	0	0	1	0	0	0	0	1	1	0	1	1	1	0	1	-142.0	0.112	0.302	NaN	NaN	0.267	0.671	NaN	NaN	8.01	23.485	NaN	NaN	0.0	"2.5"	"F0034"	1	0	"PR"	324.83	"deionize"	202.548	2	1	0	2035.224	0.0	2137.459	null	2462.913	0.087
-11.2	0.033	30187.5	2962.5	2381.25	NaN	NaN	NaN	0	1	1	0	0	0	0	0	0	0	0	0	1	0	0	0	0	1	1	0	1	1	1	0	1	-134.0	0.111	0.296	NaN	NaN	0.264	0.658	NaN	NaN	7.92	23.03	NaN	NaN	0.0	"2.5"	"F0034"	1	0	"PR"	334.866	"deionize"	212.584	2	1	0	2035.224	0.0	2137.459	null	2472.949	0.098
-11.1	0.03245	28875.0	2953.125	2503.125	NaN	NaN	NaN	0	1	1	0	0	0	0	0	0	0	0	0	1	0	0	0	0	1	1	0	1	1	1	0	1	-133.0	0.11	0.308	NaN	NaN	0.262	0.684	NaN	NaN	7.86	23.94	NaN	NaN	0.0	"2.5"	"F0034"	1	0	"PR"	344.898	"deionize"	222.616	2	1	0	2035.224	0.0	2137.459	null	2482.981	0.091
-11.9	0.03135	29437.5	2971.875	2418.75	NaN	NaN	NaN	0	1	1	0	0	0	0	0	0	0	0	0	1	0	0	0	0	1	1	0	1	1	1	0	1	-143.0	0.112	0.3	NaN	NaN	0.267	0.667	NaN	NaN	8.01	23.345	NaN	NaN	0.0	"2.5"	"F0034"	1	0	"PR"	354.94	"deionize"	232.658	2	1	0	2035.224	0.0	2137.459	null	2493.023	0.097
-11.2	0.03135	30000.0	2981.25	2465.625	NaN	NaN	NaN	0	1	1	0	0	0	0	0	0	0	0	0	1	0	0	0	1	1	1	0	1	1	1	0	1	-134.0	0.113	0.305	NaN	NaN	0.269	0.678	NaN	NaN	8.07	23.73	NaN	NaN	0.0	"2.5"	"F0034"	1	0	"PR"	364.885	"deionize-uv"	2.517	2	1	0	2035.224	0.0	2137.459	null	2502.968	0.097
-11.0	0.0308	30000.0	2981.25	2400.0	NaN	NaN	NaN	0	1	1	0	0	0	0	0	0	0	0	0	1	0	0	0	1	1	1	0	1	1	1	0	1	-132.0	0.113	0.298	NaN	NaN	0.269	0.662	NaN	NaN	8.07	23.17	NaN	NaN	0.0	"2.5"	"F0034"	1	0	"PR"	374.922	"deionize-uv"	12.554	2	1	0	2035.224	0.0	2137.459	null	2513.005	0.091
-10.8	0.03025	30000.0	2971.875	2390.625	NaN	NaN	NaN	0	1	1	0	0	0	0	0	0	0	0	0	1	0	0	0	1	1	1	0	1	1	1	0	1	-130.0	0.112	0.297	NaN	NaN	0.267	0.66	NaN	NaN	8.01	23.1	NaN	NaN	0.0	"2.5"	"F0034"	1	0	"PR"	384.959	"deionize-uv"	22.591	2	1	0	2035.224	0.0	2137.459	null	2523.042	0.094
-11.2	0.030525	29812.5	2953.125	2428.125	NaN	NaN	NaN	0	1	1	0	0	0	0	0	0	0	0	0	1	0	0	0	1	1	1	0	1	1	1	0	1	-134.0	0.11	0.301	NaN	NaN	0.262	0.669	NaN	NaN	7.86	23.415	NaN	NaN	0.0	"2.5"	"F0034"	1	0	"PR"	394.996	"deionize-uv"	32.628	2	1	0	2035.224	0.0	2137.459	null	2533.079	0.09
-13.2	0.0297	29625.0	2962.5	2390.625	NaN	NaN	NaN	0	1	1	0	0	0	0	0	0	0	0	0	1	0	0	0	1	1	1	0	1	1	1	0	1	-158.0	0.111	0.297	NaN	NaN	0.264	0.66	NaN	NaN	7.92	23.1	NaN	NaN	0.0	"2.5"	"F0034"	1	0	"PR"	405.034	"deionize-uv"	42.666	2	1	0	2035.224	0.0	2137.459	null	2543.117	0.089
-10.3	0.02915	28875.0	2981.25	2390.625	NaN	NaN	NaN	0	1	1	0	0	0	0	0	0	0	0	0	1	0	0	0	1	1	1	0	1	1	1	0	1	-124.0	0.113	0.297	NaN	NaN	0.269	0.66	NaN	NaN	8.07	23.1	NaN	NaN	0.0	"2.5"	"F0034"	1	0	"PR"	414.876	"deionize-uv"	52.508	2	1	0	2035.224	0.0	2137.459	null	2552.959	0.09
-11.4	0.028875	30187.5	2981.25	2437.5	NaN	NaN	NaN	0	1	1	0	0	0	0	0	0	0	0	0	1	0	0	0	1	1	1	0	1	1	1	0	1	-137.0	0.113	0.302	NaN	NaN	0.269	0.671	NaN	NaN	8.07	23.485	NaN	NaN	0.0	"2.5"	"F0034"	1	0	"PR"	424.917	"deionize-uv"	62.549	2	1	0	2035.224	0.0	2137.459	null	2563.0	0.095
-10.5	0.028875	29250.0	2971.875	2437.5	NaN	NaN	NaN	0	1	1	0	0	0	0	0	0	0	0	0	1	0	0	0	1	1	1	0	1	1	1	0	1	-126.0	0.112	0.302	NaN	NaN	0.267	0.671	NaN	NaN	8.01	23.485	NaN	NaN	0.0	"2.5"	"F0034"	1	0	"PR"	434.956	"deionize-uv"	72.588	2	1	0	2035.224	0.0	2137.459	null	2573.039	0.09
-8.5	0.028325	30000.0	2953.125	2475.0	NaN	NaN	NaN	0	1	1	0	0	0	0	0	0	0	0	0	1	0	0	0	1	1	1	0	1	1	1	0	1	-102.0	0.11	0.305	NaN	NaN	0.262	0.678	NaN	NaN	7.86	23.73	NaN	NaN	0.0	"2.5"	"F0034"	1	0	"PR"	444.994	"deionize-uv"	82.626	2	1	0	2035.224	0.0	2137.459	null	2583.077	0.094
-9.7	0.02805	29625.0	2943.75	2381.25	NaN	NaN	NaN	0	1	1	0	0	0	0	0	0	0	0	0	1	0	0	0	1	1	1	0	1	1	1	0	1	-116.0	0.109	0.296	NaN	NaN	0.26	0.658	NaN	NaN	7.8	23.03	NaN	NaN	0.0	"2.5"	"F0034"	1	0	"PR"	455.035	"deionize-uv"	92.667	2	1	0	2035.224	0.0	2137.459	null	2593.118	0.095
-10.0	0.0275	30000.0	2981.25	2437.5	NaN	NaN	NaN	0	1	1	0	0	0	0	0	0	0	0	0	1	0	0	0	1	1	1	0	1	1	1	0	1	-120.0	0.113	0.302	NaN	NaN	0.269	0.671	NaN	NaN	8.07	23.485	NaN	NaN	0.0	"2.5"	"F0034"	1	0	"PR"	465.074	"deionize-uv"	102.706	2	1	0	2035.224	0.0	2137.459	null	2603.157	0.094
-9.5	0.027775	30750.0	2981.25	2456.25	NaN	NaN	NaN	0	1	1	0	0	0	0	0	0	0	0	0	1	0	0	0	1	1	1	0	1	1	1	0	1	-114.0	0.113	0.304	NaN	NaN	0.269	0.676	NaN	NaN	8.07	23.66	NaN	NaN	0.0	"2.5"	"F0034"	1	0	"PR"	474.913	"deionize-uv"	112.545	2	1	0	2035.224	0.0	2137.459	null	2612.996	0.089
-9.8	0.027225	25125.0	2971.875	2025.0	NaN	NaN	NaN	0	0	1	0	0	0	0	1	0	0	0	0	1	0	0	0	1	1	1	0	1	1	1	0	1	-118.0	0.112	0.261	NaN	NaN	0.267	0.58	NaN	NaN	8.01	20.3	NaN	NaN	0.0	"2.5"	"F0034"	1	0	"PR"	485.082	"drain-di-1"	2.539	2	1	0	2035.224	0.0	2137.459	null	2623.165	0.089
-9.9	0.02695	24562.5	2953.125	1771.875	NaN	NaN	NaN	0	0	1	0	0	0	0	1	0	0	0	0	1	0	0	0	1	1	1	0	1	1	1	0	1	-119.0	0.11	0.235	NaN	NaN	0.262	0.522	NaN	NaN	7.86	18.27	NaN	NaN	0.0	"2.5"	"F0034"	1	0	"PR"	495.123	"drain-di-1"	12.58	2	1	0	2035.224	0.0	2137.459	null	2633.206	0.095
-9.8	0.026125	24937.5	2981.25	1528.125	NaN	NaN	NaN	0	0	1	0	0	0	0	1	0	0	0	0	1	0	0	0	1	1	1	0	1	1	1	0	1	-118.0	0.113	0.211	NaN	NaN	0.269	0.469	NaN	NaN	8.07	16.415	NaN	NaN	0.0	"2.5"	"F0034"	1	0	"PR"	504.961	"drain-di-1"	22.418	2	1	0	2035.224	0.0	2137.459	null	2643.044	0.091
-9.2	0.0264	27000.0	2971.875	1265.625	NaN	NaN	NaN	0	0	1	0	0	0	0	1	0	0	0	0	1	0	0	0	1	1	1	0	1	1	1	0	1	-110.0	0.112	0.185	NaN	NaN	0.267	0.411	NaN	NaN	8.01	14.385	NaN	NaN	0.0	"2.5"	"F0034"	1	0	"PR"	514.999	"drain-di-1"	32.456	2	1	0	2035.224	0.0	2137.459	null	2653.082	0.095
-10.1	0.02585	24562.5	2962.5	1031.25	NaN	NaN	NaN	0	0	1	0	0	0	0	1	0	0	0	0	1	0	0	0	1	1	1	0	1	1	1	0	1	-121.0	0.111	0.161	NaN	NaN	0.264	0.358	NaN	NaN	7.92	12.53	NaN	NaN	0.0	"2.5"	"F0034"	1	0	"PR"	525.039	"drain-di-1"	42.496	2	1	0	2035.224	0.0	2137.459	null	2663.122	0.092
-9.7	0.026125	27562.5	2981.25	768.75	NaN	NaN	NaN	0	0	1	0	0	0	0	1	0	0	0	0	1	0	0	0	1	1	1	0	1	1	1	0	1	-116.0	0.113	0.135	NaN	NaN	0.269	0.3	NaN	NaN	8.07	10.5	NaN	NaN	0.0	"2.5"	"F0034"	1	0	"PR"	535.074	"drain-di-1"	52.531	2	1	0	2035.224	0.0	2137.459	null	2673.157	0.087
-9.1	0.025575	26625.0	2971.875	525.0	NaN	NaN	NaN	0	0	1	0	0	0	0	1	0	0	0	0	1	0	0	0	1	1	1	0	1	1	1	0	1	-109.0	0.112	0.111	NaN	NaN	0.267	0.247	NaN	NaN	8.01	8.645	NaN	NaN	0.0	"2.5"	"F0034"	1	0	"PR"	545.113	"drain-di-1"	62.57	2	1	0	2035.224	0.0	2137.459	null	2683.196	0.091
-9.0	0.02585	25875.0	2981.25	281.25	NaN	NaN	NaN	0	0	1	0	0	0	0	1	0	0	0	0	1	0	0	0	1	1	1	0	1	1	1	0	1	-108.0	0.113	0.086	NaN	NaN	0.269	0.191	NaN	NaN	8.07	6.685	NaN	NaN	0.0	"2.5"	"F0034"	1	0	"PR"	555.152	"drain-di-1"	72.609	2	1	0	2035.224	0.0	2137.459	null	2693.235	0.093
-8.5	0.02585	24562.5	2981.25	9.375	NaN	NaN	NaN	0	0	1	0	0	0	0	1	0	0	0	0	1	0	0	0	1	1	1	0	1	1	1	0	1	-102.0	0.113	0.059	NaN	NaN	0.269	0.131	NaN	NaN	8.07	4.585	NaN	NaN	0.0	"2.5"	"F0034"	1	0	"PR"	565.101	"drip-di-1"	2.521	2	1	0	2035.224	0.0	2137.459	null	2703.184	0.091
-9.7	0.0253	25500.0	2981.25	-84.375	NaN	NaN	NaN	0	0	1	0	0	0	0	1	0	0	0	0	1	0	0	0	1	1	1	0	1	1	1	0	1	-116.0	0.113	0.05	NaN	NaN	0.269	0.111	NaN	NaN	8.07	3.885	NaN	NaN	0.0	"2.5"	"F0034"	1	0	"PR"	575.142	"drip-di-1"	12.562	2	1	0	2035.224	0.0	2137.459	null	2713.225	0.087
12.8	0.025575	22125.0	2793.75	37.5	NaN	NaN	NaN	1	0	0	0	0	1	1	0	0	0	0	0	1	1	0	0	0	1	1	1	0	1	1	1	0	154.0	0.094	0.062	NaN	NaN	0.224	0.138	NaN	NaN	6.72	4.83	NaN	NaN	0.0	"2.5"	"F0034"	1	1	"PR"	585.149	"reverse-f"	7.398	2	1	0	2035.224	0.0	2137.459	null	2723.232	0.089
10.1	0.0275	23812.5	2793.75	375.0	NaN	NaN	NaN	1	0	0	0	0	1	1	0	0	0	0	0	1	1	0	0	0	1	1	1	0	1	1	1	0	121.0	0.094	0.096	NaN	NaN	0.224	0.213	NaN	NaN	6.72	7.455	NaN	NaN	0.0	"2.5"	"F0034"	1	1	"PR"	595.186	"reverse-f"	17.435	2	1	0	2035.224	0.0	2137.459	null	2733.269	0.086
12.6	0.03025	23625.0	2831.25	656.25	NaN	NaN	NaN	1	0	0	0	0	1	1	0	0	0	0	0	1	1	0	0	0	1	1	1	0	1	1	1	0	151.0	0.098	0.124	NaN	NaN	0.233	0.276	NaN	NaN	6.99	9.66	NaN	NaN	0.0	"2.5"	"F0034"	1	1	"PR"	605.227	"reverse-f"	27.476	2	1	0	2035.224	0.0	2137.459	null	2743.31	0.087
10.1	0.033275	23625.0	2803.125	965.625	NaN	NaN	NaN	1	0	0	0	0	1	1	0	0	0	0	0	1	1	0	0	0	1	1	1	0	1	1	1	0	121.0	0.095	0.155	NaN	NaN	0.226	0.344	NaN	NaN	6.78	12.04	NaN	NaN	0.0	"2.5"	"F0034"	1	1	"PR"	615.263	"reverse-f"	37.512	2	1	0	2035.224	0.0	2137.459	null	2753.346	0.081
12.5	0.036025	24187.5	2821.875	1256.25	NaN	NaN	NaN	1	0	0	0	0	1	1	0	0	0	0	0	1	1	0	0	0	1	1	1	0	1	1	1	0	150.0	0.097	0.184	NaN	NaN	0.231	0.409	NaN	NaN	6.93	14.315	NaN	NaN	0.0	"2.5"	"F0034"	1	1	"PR"	625.298	"reverse-f"	47.547	2	1	0	2035.224	0.0	2137.459	null	2763.381	0.082
12.8	0.0385	24750.0	2784.375	1556.25	NaN	NaN	NaN	1	0	0	0	0	1	1	0	0	0	0	0	1	1	0	0	0	1	1	1	0	1	1	1	0	154.0	0.093	0.214	NaN	NaN	0.221	0.476	NaN	NaN	6.63	16.66	NaN	NaN	0.0	"2.5"	"F0034"	1	1	"PR"	635.134	"reverse-f"	57.383	2	1	0	2035.224	0.0	2137.459	null	2773.217	0.091
12.6	0.041525	24562.5	2784.375	1828.125	NaN	NaN	NaN	1	0	0	0	0	1	1	0	0	0	0	0	1	1	0	0	0	1	1	1	0	1	1	1	0	151.0	0.093	0.241	NaN	NaN	0.221	0.536	NaN	NaN	6.63	18.76	NaN	NaN	0.0	"2.5"	"F0034"	1	1	"PR"	645.173	"reverse-f"	67.422	2	1	0	2035.224	0.0	2137.459	null	2783.256	0.087
12.2	0.044	23812.5	2793.75	2118.75	NaN	NaN	NaN	1	0	0	0	0	1	1	0	0	0	0	0	1	1	0	0	0	1	1	1	0	1	1	1	0	146.0	0.094	0.27	NaN	NaN	0.224	0.6	NaN	NaN	6.72	21.0	NaN	NaN	0.0	"2.5"	"F0034"	1	1	"PR"	655.208	"reverse-f"	77.457	2	1	0	2035.224	0.0	2137.459	null	2793.291	0.086
12.6	0.045375	24750.0	2803.125	2259.375	NaN	NaN	NaN	0	0	0	0	0	1	1	0	0	0	0	0	1	0	0	0	0	1	1	1	0	1	1	1	0	151.0	0.095	0.284	NaN	NaN	0.226	0.631	NaN	NaN	6.78	22.085	NaN	NaN	0.0	"2.5"	"F0034"	1	1	"PR"	665.155	"reverse"	87.404	2	1	0	2035.224	0.0	2137.459	null	2803.238	0.092
12.7	0.0462	24937.5	2784.375	2250.0	NaN	NaN	NaN	0	0	0	0	0	1	1	0	0	0	0	0	1	0	0	0	0	1	1	1	0	1	1	1	0	152.0	0.093	0.283	NaN	NaN	0.221	0.629	NaN	NaN	6.63	22.015	NaN	NaN	0.0	"2.5"	"F0034"	1	1	"PR"	675.192	"reverse"	97.441	2	1	0	2035.224	0.0	2137.459	null	2813.275	0.083
12.6	0.04785	23812.5	2784.375	2278.125	NaN	NaN	NaN	0	0	0	0	0	1	1	0	0	0	0	0	1	0	0	0	0	1	1	1	0	1	1	1	0	151.0	0.093	0.286	NaN	NaN	0.221	0.636	NaN	NaN	6.63	22.26	NaN	NaN	0.0	"2.5"	"F0034"	1	1	"PR"	685.235	"reverse"	107.484	2	1	0	2035.224	0.0	2137.459	null	2823.318	0.085
12.0	0.0484	25500.0	2803.125	2250.0	NaN	NaN	NaN	0	0	0	0	0	1	1	0	0	0	0	0	1	0	0	0	0	1	1	1	0	1	1	1	0	144.0	0.095	0.283	NaN	NaN	0.226	0.629	NaN	NaN	6.78	22.015	NaN	NaN	0.0	"2.5"	"F0034"	1	1	"PR"	695.275	"reverse"	117.524	2	1	0	2035.224	0.0	2137.459	null	2833.358	0.087
12.6	0.04895	24000.0	2775.0	2259.375	NaN	NaN	NaN	0	0	0	0	0	1	1	0	0	0	0	0	1	0	0	0	0	1	1	1	0	1	1	1	0	151.0	0.093	0.284	NaN	NaN	0.221	0.631	NaN	NaN	6.63	22.085	NaN	NaN	0.0	"2.5"	"F0034"	1	1	"PR"	705.312	"reverse"	127.561	2	1	0	2035.224	0.0	2137.459	null	2843.395	0.081
12.4	0.049775	23625.0	2821.875	2259.375	NaN	NaN	NaN	0	0	0	0	0	1	1	0	0	0	0	0	1	0	0	0	0	1	1	1	0	1	1	1	0	149.0	0.097	0.284	NaN	NaN	0.231	0.631	NaN	NaN	6.93	22.085	NaN	NaN	0.0	"2.5"	"F0034"	1	1	"PR"	715.354	"reverse"	137.603	2	1	0	2035.224	0.0	2137.459	null	2853.437	0.09
12.3	0.050325	22687.5	2821.875	2231.25	NaN	NaN	NaN	0	0	0	0	0	1	1	0	0	0	0	0	1	0	0	0	0	1	1	1	0	1	1	1	0	148.0	0.097	0.281	NaN	NaN	0.231	0.624	NaN	NaN	6.93	21.84	NaN	NaN	0.0	"2.5"	"F0034"	1	1	"PR"	725.394	"reverse"	147.643	2	1	0	2035.224	0.0	2137.459	null	2863.477	0.09
