cur	ec	mod-ps	rg-ps	di-ps	fw1-ps	fw2-ps	pf-ps	vlv-di-fill	vlv-di-in	vlv-di-out	vlv-rg-fill	vlv-rg-drain	vlv-rg-in	vlv-rg-out	vlv-fw1-in	vlv-fw1-out	vlv-fw2-in	vlv-po	vlv-mod-drain	pmp-sys	pmp-di	pmp-fw1	pmp-fw2	uv	en-anode1	en-cath1	pl-anode1	pl-cath1	en-anode2	en-cath2	pl-anode2	pl-cath2	pw	rg-he	di-he	fw1-he	fw2-he	rg-lev	di-lev	fw1-lev	fw2-lev	rg-vol	di-vol	fw1-vol	fw2-vol	pr-ec	ver	sn	mod-en	mod-pl	proc	proc-time	ph	ph-time	count	cyc	rnd	pr-last	rc-last	fr-last	halt-re	time	exec
1.4	0.048675	30375.0	2831.25	2296.875	NaN	NaN	NaN	0	0	0	0	0	1	1	0	0	0	0	0	1	0	0	0	0	0	0	0	1	0	0	0	1	17.0	0.098	0.288	NaN	NaN	0.233	0.64	NaN	NaN	6.99	22.4	NaN	NaN	0.0	"2.5"	"F0034"	0	0	"PR"	8.245	"prime"	7.225	0	0	0	0.0	0.0	0.0	null	10.029	0.086
1.4	0.048675	30375.0	2831.25	2296.875	NaN	NaN	NaN	0	0	0	0	0	1	1	0	0	0	0	0	1	0	0	0	0	0	0	0	1	0	0	0	1	17.0	0.098	0.288	NaN	NaN	0.233	0.64	NaN	NaN	6.99	22.4	NaN	NaN	0.0	"2.5"	"F0034"	0	0	"PR"	8.245	"prime"	7.225	0	0	0	0.0	0.0	0.0	null	10.029	0.086
2.2	0.048675	30562.5	2821.875	2296.875	NaN	NaN	NaN	0	0	0	0	0	1	1	0	0	0	0	0	1	0	0	0	0	0	0	0	1	0	0	0	1	26.0	0.097	0.288	NaN	NaN	0.231	0.64	NaN	NaN	6.93	22.4	NaN	NaN	0.0	"2.5"	"F0034"	0	0	"PR"	18.283	"prime"	17.263	0	0	0	0.0	0.0	0.0	null	20.067	0.088
2.1	0.04895	29812.5	2793.75	2306.25	NaN	NaN	NaN	0	0	0	0	0	1	1	0	0	0	0	0	1	0	0	0	0	0	0	0	1	0	0	0	1	25.0	0.094	0.289	NaN	NaN	0.224	0.642	NaN	NaN	6.72	22.47	NaN	NaN	0.0	"2.5"	"F0034"	0	0	"PR"	28.322	"prime"	27.302	0	0	0	0.0	0.0	0.0	null	30.106	0.086
-12.9	0.048675	33937.5	2981.25	2625.0	NaN	NaN	NaN	0	1	1	0	0	0	0	0	0	0	0	0	1	0	0	0	0	1	1	0	1	1	1	0	1	-155.0	0.113	0.321	NaN	NaN	0.269	0.713	NaN	NaN	8.07	24.955	NaN	NaN	0.0	"2.5"	"F0034"	1	0	"PR"	38.365	"deionize"	6.833	0	1	0	0.0	0.0	0.0	null	40.149	0.087
-11.9	0.048125	34125.0	2981.25	2531.25	NaN	NaN	NaN	0	1	1	0	0	0	0	0	0	0	0	0	1	0	0	0	0	1	1	0	1	1	1	0	1	-143.0	0.113	0.311	NaN	NaN	0.269	0.691	NaN	NaN	8.07	24.185	NaN	NaN	0.0	"2.5"	"F0034"	1	0	"PR"	48.405	"deionize"	16.873	0	1	0	0.0	0.0	0.0	null	50.189	0.091
-11.7	0.04675	35250.0	2971.875	2587.5	NaN	NaN	NaN	0	1	1	0	0	0	0	0	0	0	0	0	1	0	0	0	0	1	1	0	1	1	1	0	1	-140.0	0.112	0.317	NaN	NaN	0.267	0.704	NaN	NaN	8.01	24.64	NaN	NaN	0.0	"2.5"	"F0034"	1	0	"PR"	58.444	"deionize"	26.912	0	1	0	0.0	0.0	0.0	null	60.228	0.09
-11.3	0.04565	35062.5	2990.625	2550.0	NaN	NaN	NaN	0	1	1	0	0	0	0	0	0	0	0	0	1	0	0	0	0	1	1	0	1	1	1	0	1	-136.0	0.114	0.313	NaN	NaN	0.271	0.696	NaN	NaN	8.13	24.36	NaN	NaN	0.0	"2.5"	"F0034"	1	0	"PR"	68.485	"deionize"	36.953	0	1	0	0.0	0.0	0.0	null	70.269	0.091
-11.9	0.04455	32062.5	2962.5	2521.875	NaN	NaN	NaN	0	1	1	0	0	0	0	0	0	0	0	0	1	0	0	0	0	1	1	0	1	1	1	0	1	-143.0	0.111	0.31	NaN	NaN	0.264	0.689	NaN	NaN	7.92	24.115	NaN	NaN	0.0	"2.5"	"F0034"	1	0	"PR"	78.519	"deionize"	46.987	0	1	0	0.0	0.0	0.0	null	80.303	0.087
-12.4	0.0429	34687.5	2953.125	2559.375	NaN	NaN	NaN	0	1	1	0	0	0	0	0	0	0	0	0	1	0	0	0	0	1	1	0	1	1	1	0	1	-149.0	0.11	0.314	NaN	NaN	0.262	0.698	NaN	NaN	7.86	24.43	NaN	NaN	0.0	"2.5"	"F0034"	1	0	"PR"	88.355	"deionize"	56.823	0	1	0	0.0	0.0	0.0	null	90.139	0.086
-12.4	0.0418	33562.5	2981.25	2596.875	NaN	NaN	NaN	0	1	1	0	0	0	0	0	0	0	0	0	1	0	0	0	0	1	1	0	1	1	1	0	1	-149.0	0.113	0.318	NaN	NaN	0.269	0.707	NaN	NaN	8.07	24.745	NaN	NaN	0.0	"2.5"	"F0034"	1	0	"PR"	98.398	"deionize"	66.866	0	1	0	0.0	0.0	0.0	null	100.182	0.088
-12.6	0.040975	35812.5	2971.875	2531.25	NaN	NaN	NaN	0	1	1	0	0	0	0	0	0	0	0	0	1	0	0	0	0	1	1	0	1	1	1	0	1	-151.0	0.112	0.311	NaN	NaN	0.267	0.691	NaN	NaN	8.01	24.185	NaN	NaN	0.0	"2.5"	"F0034"	1	0	"PR"	108.435	"deionize"	76.903	0	1	0	0.0	0.0	0.0	null	110.219	0.087
-12.1	0.0396	36750.0	2981.25	2521.875	NaN	NaN	NaN	0	1	1	0	0	0	0	0	0	0	0	0	1	0	0	0	0	1	1	0	1	1	1	0	1	-145.0	0.113	0.31	NaN	NaN	0.269	0.689	NaN	NaN	8.07	24.115	NaN	NaN	0.0	"2.5"	"F0034"	1	0	"PR"	118.469	"deionize"	86.937	0	1	0	0.0	0.0	0.0	null	120.253	0.087
-11.7	0.0396	36187.5	2953.125	2550.0	NaN	NaN	NaN	0	1	1	0	0	0	0	0	0	0	0	0	1	0	0	0	0	1	1	0	1	1	1	0	1	-140.0	0.11	0.313	NaN	NaN	0.262	0.696	NaN	NaN	7.86	24.36	NaN	NaN	0.0	"2.5"	"F0034"	1	0	"PR"	128.509	"deionize"	96.977	0	1	0	0.0	0.0	0.0	null	130.293	0.087
-9.6	0.038225	33937.5	2981.25	2493.75	NaN	NaN	NaN	0	1	1	0	0	0	0	0	0	0	0	0	1	0	0	0	0	1	1	0	1	1	1	0	1	-115.0	0.113	0.307	NaN	NaN	0.269	0.682	NaN	NaN	8.07	23.87	NaN	NaN	0.0	"2.5"	"F0034"	1	0	"PR"	138.546	"deionize"	107.014	0	1	0	0.0	0.0	0.0	null	140.33	0.087
-11.2	0.038225	34687.5	2981.25	2521.875	NaN	NaN	NaN	0	1	1	0	0	0	0	0	0	0	0	0	1	0	0	0	0	1	1	0	1	1	1	0	1	-134.0	0.113	0.31	NaN	NaN	0.269	0.689	NaN	NaN	8.07	24.115	NaN	NaN	0.0	"2.5"	"F0034"	1	0	"PR"	148.585	"deionize"	117.053	0	1	0	0.0	0.0	0.0	null	150.369	0.093
-11.0	0.0374	34312.5	2981.25	2521.875	NaN	NaN	NaN	0	1	1	0	0	0	0	0	0	0	0	0	1	0	0	0	0	1	1	0	1	1	1	0	1	-132.0	0.113	0.31	NaN	NaN	0.269	0.689	NaN	NaN	8.07	24.115	NaN	NaN	0.0	"2.5"	"F0034"	1	0	"PR"	158.417	"deionize"	126.885	0	1	0	0.0	0.0	0.0	null	160.201	0.087
-10.6	0.037125	35250.0	2971.875	2550.0	NaN	NaN	NaN	0	1	1	0	0	0	0	0	0	0	0	0	1	0	0	0	0	1	1	0	1	1	1	0	1	-127.0	0.112	0.313	NaN	NaN	0.267	0.696	NaN	NaN	8.01	24.36	NaN	NaN	0.0	"2.5"	"F0034"	1	0	"PR"	168.453	"deionize"	136.921	0	1	0	0.0	0.0	0.0	null	170.237	0.084
-9.8	0.036575	33562.5	2971.875	2484.375	NaN	NaN	NaN	0	1	1	0	0	0	0	0	0	0	0	0	1	0	0	0	0	1	1	0	1	1	1	0	1	-118.0	0.112	0.306	NaN	NaN	0.267	0.68	NaN	NaN	8.01	23.8	NaN	NaN	0.0	"2.5"	"F0034"	1	0	"PR"	178.495	"deionize"	146.963	0	1	0	0.0	0.0	0.0	null	180.279	0.088
-10.0	0.036025	33937.5	2981.25	2475.0	NaN	NaN	NaN	0	1	1	0	0	0	0	0	0	0	0	0	1	0	0	0	0	1	1	0	1	1	1	0	1	-120.0	0.113	0.305	NaN	NaN	0.269	0.678	NaN	NaN	8.07	23.73	NaN	NaN	0.0	"2.5"	"F0034"	1	0	"PR"	188.531	"deionize"	156.999	0	1	0	0.0	0.0	0.0	null	190.315	0.084
-10.7	0.03575	35250.0	2981.25	2503.125	NaN	NaN	NaN	0	1	1	0	0	0	0	0	0	0	0	0	1	0	0	0	0	1	1	0	1	1	1	0	1	-128.0	0.113	0.308	NaN	NaN	0.269	0.684	NaN	NaN	8.07	23.94	NaN	NaN	0.0	"2.5"	"F0034"	1	0	"PR"	198.569	"deionize"	167.037	0	1	0	0.0	0.0	0.0	null	200.353	0.085
-9.5	0.034925	35437.5	2981.25	2484.375	NaN	NaN	NaN	0	1	1	0	0	0	0	0	0	0	0	0	1	0	0	0	0	1	1	0	1	1	1	0	1	-114.0	0.113	0.306	NaN	NaN	0.269	0.68	NaN	NaN	8.07	23.8	NaN	NaN	0.0	"2.5"	"F0034"	1	0	"PR"	208.606	"deionize"	177.074	0	1	0	0.0	0.0	0.0	null	210.39	0.087
-9.5	0.034375	32250.0	2981.25	2437.5	NaN	NaN	NaN	0	1	1	0	0	0	0	0	0	0	0	0	1	0	0	0	0	1	1	0	1	1	1	0	1	-114.0	0.113	0.302	NaN	NaN	0.269	0.671	NaN	NaN	8.07	23.485	NaN	NaN	0.0	"2.5"	"F0034"	1	0	"PR"	218.639	"deionize"	187.107	0	1	0	0.0	0.0	0.0	null	220.423	0.087
-9.4	0.0341	32250.0	2971.875	2437.5	NaN	NaN	NaN	0	1	1	0	0	0	0	0	0	0	0	0	1	0	0	0	0	1	1	0	1	1	1	0	1	-113.0	0.112	0.302	NaN	NaN	0.267	0.671	NaN	NaN	8.01	23.485	NaN	NaN	0.0	"2.5"	"F0034"	1	0	"PR"	228.479	"deionize"	196.947	0	1	0	0.0	0.0	0.0	null	230.263	0.084
-9.2	0.033825	32250.0	2981.25	2428.125	NaN	NaN	NaN	0	1	1	0	0	0	0	0	0	0	0	0	1	0	0	0	0	1	1	0	1	1	1	0	1	-110.0	0.113	0.301	NaN	NaN	0.269	0.669	NaN	NaN	8.07	23.415	NaN	NaN	0.0	"2.5"	"F0034"	1	0	"PR"	238.518	"deionize"	206.986	0	1	0	0.0	0.0	0.0	null	240.302	0.084
-10.2	0.03355	33562.5	2981.25	2465.625	NaN	NaN	NaN	0	1	1	0	0	0	0	0	0	0	0	0	1	0	0	0	0	1	1	0	1	1	1	0	1	-122.0	0.113	0.305	NaN	NaN	0.269	0.678	NaN	NaN	8.07	23.73	NaN	NaN	0.0	"2.5"	"F0034"	1	0	"PR"	248.556	"deionize"	217.024	0	1	0	0.0	0.0	0.0	null	250.34	0.084
-9.1	0.033	34687.5	2971.875	2484.375	NaN	NaN	NaN	0	1	1	0	0	0	0	0	0	0	0	0	1	0	0	0	0	1	1	0	1	1	1	0	1	-109.0	0.112	0.306	NaN	NaN	0.267	0.68	NaN	NaN	8.01	23.8	NaN	NaN	0.0	"2.5"	"F0034"	1	0	"PR"	258.597	"deionize"	227.065	0	1	0	0.0	0.0	0.0	null	260.381	0.088
-9.8	0.032725	35437.5	2971.875	2456.25	NaN	NaN	NaN	0	1	1	0	0	0	0	0	0	0	0	0	1	0	0	0	0	1	1	0	1	1	1	0	1	-118.0	0.112	0.304	NaN	NaN	0.267	0.676	NaN	NaN	8.01	23.66	NaN	NaN	0.0	"2.5"	"F0034"	1	0	"PR"	268.629	"deionize"	237.097	0	1	0	0.0	0.0	0.0	null	270.413	0.084
-8.4	0.032725	36375.0	2981.25	2456.25	NaN	NaN	NaN	0	1	1	0	0	0	0	0	0	0	0	0	1	0	0	0	1	1	1	0	1	1	1	0	1	-101.0	0.113	0.304	NaN	NaN	0.269	0.676	NaN	NaN	8.07	23.66	NaN	NaN	0.0	"2.5"	"F0034"	1	0	"PR"	278.566	"deionize-uv"	6.929	0	1	0	0.0	0.0	0.0	null	280.35	0.084
-9.4	0.03245	34500.0	2981.25	2475.0	NaN	NaN	NaN	0	1	1	0	0	0	0	0	0	0	0	0	1	0	0	0	1	1	1	0	1	1	1	0	1	-113.0	0.113	0.305	NaN	NaN	0.269	0.678	NaN	NaN	8.07	23.73	NaN	NaN	0.0	"2.5"	"F0034"	1	0	"PR"	288.603	"deionize-uv"	16.966	0	1	0	0.0	0.0	0.0	null	290.387	0.084
-8.2	0.03245	34125.0	2981.25	2465.625	NaN	NaN	NaN	0	1	1	0	0	0	0	0	0	0	0	0	1	0	0	0	1	1	1	0	1	1	1	0	1	-98.0	0.113	0.305	NaN	NaN	0.269	0.678	NaN	NaN	8.07	23.73	NaN	NaN	0.0	"2.5"	"F0034"	1	0	"PR"	298.64	"deionize-uv"	27.003	0	1	0	0.0	0.0	0.0	null	300.424	0.084
-8.7	0.0319	34500.0	2971.875	2428.125	NaN	NaN	NaN	0	1	1	0	0	0	0	0	0	0	0	0	1	0	0	0	1	1	1	0	1	1	1	0	1	-104.0	0.112	0.301	NaN	NaN	0.267	0.669	NaN	NaN	8.01	23.415	NaN	NaN	0.0	"2.5"	"F0034"	1	0	"PR"	308.677	"deionize-uv"	37.04	0	1	0	0.0	0.0	0.0	null	310.461	0.083
-8.2	0.031625	33750.0	2962.5	2446.875	NaN	NaN	NaN	0	1	1	0	0	0	0	0	0	0	0	0	1	0	0	0	1	1	1	0	1	1	1	0	1	-98.0	0.111	0.303	NaN	NaN	0.264	0.673	NaN	NaN	7.92	23.555	NaN	NaN	0.0	"2.5"	"F0034"	1	0	"PR"	318.713	"deionize-uv"	47.076	0	1	0	0.0	0.0	0.0	null	320.497	0.083
-8.4	0.03135	34875.0	2971.875	2437.5	NaN	NaN	NaN	0	1	1	0	0	0	0	0	0	0	0	0	1	0	0	0	1	1	1	0	1	1	1	0	1	-101.0	0.112	0.302	NaN	NaN	0.267	0.671	NaN	NaN	8.01	23.485	NaN	NaN	0.0	"2.5"	"F0034"	1	0	"PR"	328.75	"deionize-uv"	57.113	0	1	0	0.0	0.0	0.0	null	330.534	0.083
-8.3	0.03135	36375.0	2981.25	2446.875	NaN	NaN	NaN	0	1	1	0	0	0	0	0	0	0	0	0	1	0	0	0	1	1	1	0	1	1	1	0	1	-100.0	0.113	0.303	NaN	NaN	0.269	0.673	NaN	NaN	8.07	23.555	NaN	NaN	0.0	"2.5"	"F0034"	1	0	"PR"	338.588	"deionize-uv"	66.951	0	1	0	0.0	0.0	0.0	null	340.372	0.089
-8.0	0.0308	33562.5	2971.875	2428.125	NaN	NaN	NaN	0	1	1	0	0	0	0	0	0	0	0	0	1	0	0	0	1	1	1	0	1	1	1	0	1	-96.0	0.112	0.301	NaN	NaN	0.267	0.669	NaN	NaN	8.01	23.415	NaN	NaN	0.0	"2.5"	"F0034"	1	0	"PR"	348.623	"deionize-uv"	76.986	0	1	0	0.0	0.0	0.0	null	350.407	0.099
-7.4	0.030525	32062.5	2971.875	2456.25	NaN	NaN	NaN	0	1	1	0	0	0	0	0	0	0	0	0	1	0	0	0	1	1	1	0	1	1	1	0	1	-89.0	0.112	0.304	NaN	NaN	0.267	0.676	NaN	NaN	8.01	23.66	NaN	NaN	0.0	"2.5"	"F0034"	1	0	"PR"	358.658	"deionize-uv"	87.021	0	1	0	0.0	0.0	0.0	null	360.442	0.09
-8.4	0.03025	33937.5	2990.625	2475.0	NaN	NaN	NaN	0	1	1	0	0	0	0	0	0	0	0	0	1	0	0	0	1	1	1	0	1	1	1	0	1	-101.0	0.114	0.305	NaN	NaN	0.271	0.678	NaN	NaN	8.13	23.73	NaN	NaN	0.0	"2.5"	"F0034"	1	0	"PR"	368.695	"deionize-uv"	97.058	0	1	0	0.0	0.0	0.0	null	370.479	0.089
-9.7	0.03025	34875.0	2981.25	2446.875	NaN	NaN	NaN	0	1	1	0	0	0	0	0	0	0	0	0	1	0	0	0	1	1	1	0	1	1	1	0	1	-116.0	0.113	0.303	NaN	NaN	0.269	0.673	NaN	NaN	8.07	23.555	NaN	NaN	0.0	"2.5"	"F0034"	1	0	"PR"	378.728	"deionize-uv"	107.091	0	1	0	0.0	0.0	0.0	null	380.512	0.083
-8.2	0.029425	34875.0	2981.25	2437.5	NaN	NaN	NaN	0	1	1	0	0	0	0	0	0	0	0	0	1	0	0	0	1	1	1	0	1	1	1	0	1	-98.0	0.113	0.302	NaN	NaN	0.269	0.671	NaN	NaN	8.07	23.485	NaN	NaN	0.0	"2.5"	"F0034"	1	0	"PR"	388.764	"deionize-uv"	117.127	0	1	0	0.0	0.0	0.0	null	390.548	0.084
-7.0	0.029975	39562.5	2981.25	2006.25	NaN	NaN	NaN	0	0	1	0	0	0	0	1	0	0	0	0	1	0	0	0	1	1	1	0	1	1	1	0	1	-84.0	0.113	0.259	NaN	NaN	0.269	0.576	NaN	NaN	8.07	20.16	NaN	NaN	0.0	"2.5"	"F0034"	1	0	"PR"	398.729	"drain-di-1"	6.953	0	1	0	0.0	0.0	0.0	null	400.513	0.087
-7.7	0.02915	38625.0	2971.875	1734.375	NaN	NaN	NaN	0	0	1	0	0	0	0	1	0	0	0	0	1	0	0	0	1	1	1	0	1	1	1	0	1	-92.0	0.112	0.231	NaN	NaN	0.267	0.513	NaN	NaN	8.01	17.955	NaN	NaN	0.0	"2.5"	"F0034"	1	0	"PR"	408.768	"drain-di-1"	16.992	0	1	0	0.0	0.0	0.0	null	410.552	0.087
-3.7	0.028875	39000.0	2971.875	1528.125	NaN	NaN	NaN	0	0	1	0	0	0	0	1	0	0	0	0	1	0	0	0	1	1	1	0	1	1	1	0	1	-44.0	0.112	0.211	NaN	NaN	0.267	0.469	NaN	NaN	8.01	16.415	NaN	NaN	0.0	"2.5"	"F0034"	1	0	"PR"	418.805	"drain-di-1"	27.029	0	1	0	0.0	0.0	0.0	null	420.589	0.085
-4.2	0.02915	36562.5	3000.0	1265.625	NaN	NaN	NaN	0	0	1	0	0	0	0	1	0	0	0	0	1	0	0	0	1	1	1	0	1	1	1	0	1	-50.0	0.115	0.185	NaN	NaN	0.274	0.411	NaN	NaN	8.22	14.385	NaN	NaN	0.0	"2.5"	"F0034"	1	0	"PR"	428.84	"drain-di-1"	37.064	0	1	0	0.0	0.0	0.0	null	430.624	0.084
-8.0	0.02915	36187.5	2962.5	1031.25	NaN	NaN	NaN	0	0	1	0	0	0	0	1	0	0	0	0	1	0	0	0	1	1	1	0	1	1	1	0	1	-96.0	0.111	0.161	NaN	NaN	0.264	0.358	NaN	NaN	7.92	12.53	NaN	NaN	0.0	"2.5"	"F0034"	1	0	"PR"	438.877	"drain-di-1"	47.101	0	1	0	0.0	0.0	0.0	null	440.661	0.088
-7.6	0.028875	39000.0	2981.25	796.875	NaN	NaN	NaN	0	0	1	0	0	0	0	1	0	0	0	0	1	0	0	0	1	1	1	0	1	1	1	0	1	-91.0	0.113	0.138	NaN	NaN	0.269	0.307	NaN	NaN	8.07	10.745	NaN	NaN	0.0	"2.5"	"F0034"	1	0	"PR"	448.716	"drain-di-1"	56.94	0	1	0	0.0	0.0	0.0	null	450.5	0.087
-7.8	0.0286	38812.5	2981.25	562.5	NaN	NaN	NaN	0	0	1	0	0	0	0	1	0	0	0	0	1	0	0	0	1	1	1	0	1	1	1	0	1	-94.0	0.113	0.114	NaN	NaN	0.269	0.253	NaN	NaN	8.07	8.855	NaN	NaN	0.0	"2.5"	"F0034"	1	0	"PR"	458.754	"drain-di-1"	66.978	0	1	0	0.0	0.0	0.0	null	460.538	0.087
-7.4	0.0286	37312.5	2981.25	309.375	NaN	NaN	NaN	0	0	1	0	0	0	0	1	0	0	0	0	1	0	0	0	1	1	1	0	1	1	1	0	1	-89.0	0.113	0.089	NaN	NaN	0.269	0.198	NaN	NaN	8.07	6.93	NaN	NaN	0.0	"2.5"	"F0034"	1	0	"PR"	468.796	"drain-di-1"	77.02	0	1	0	0.0	0.0	0.0	null	470.58	0.089
-7.8	0.0286	39375.0	2981.25	56.25	NaN	NaN	NaN	0	0	1	0	0	0	0	1	0	0	0	0	1	0	0	0	1	1	1	0	1	1	1	0	1	-94.0	0.113	0.064	NaN	NaN	0.269	0.142	NaN	NaN	8.07	4.97	NaN	NaN	0.0	"2.5"	"F0034"	1	0	"PR"	478.832	"drain-di-1"	87.056	0	1	0	0.0	0.0	0.0	null	480.616	0.087
-7.2	0.02805	36750.0	2981.25	-56.25	NaN	NaN	NaN	0	0	1	0	0	0	0	1	0	0	0	0	1	0	0	0	1	1	1	0	1	1	1	0	1	-86.0	0.113	0.052	NaN	NaN	0.269	0.116	NaN	NaN	8.07	4.06	NaN	NaN	0.0	"2.5"	"F0034"	1	0	"PR"	488.779	"drip-di-1"	9.947	0	1	0	0.0	0.0	0.0	null	490.563	0.089
13.1	0.02805	29250.0	2821.875	9.375	NaN	NaN	NaN	1	0	0	0	0	1	1	0	0	0	0	0	1	1	0	0	0	1	1	1	0	1	1	1	0	157.0	0.097	0.059	NaN	NaN	0.231	0.131	NaN	NaN	6.93	4.585	NaN	NaN	0.0	"2.5"	"F0034"	1	1	"PR"	498.781	"reverse-f"	4.782	0	1	0	0.0	0.0	0.0	null	500.565	0.092
12.6	0.030525	29812.5	2812.5	262.5	NaN	NaN	NaN	1	0	0	0	0	1	1	0	0	0	0	0	1	1	0	0	0	1	1	1	0	1	1	1	0	151.0	0.096	0.084	NaN	NaN	0.229	0.187	NaN	NaN	6.87	6.545	NaN	NaN	0.0	"2.5"	"F0034"	1	1	"PR"	508.816	"reverse-f"	14.817	0	1	0	0.0	0.0	0.0	null	510.6	0.087
11.9	0.033275	29625.0	2821.875	543.75	NaN	NaN	NaN	1	0	0	0	0	1	1	0	0	0	0	0	1	1	0	0	0	1	1	1	0	1	1	1	0	143.0	0.097	0.112	NaN	NaN	0.231	0.249	NaN	NaN	6.93	8.715	NaN	NaN	0.0	"2.5"	"F0034"	1	1	"PR"	518.853	"reverse-f"	24.854	0	1	0	0.0	0.0	0.0	null	520.637	0.087
12.7	0.0352	29812.5	2831.25	853.125	NaN	NaN	NaN	1	0	0	0	0	1	1	0	0	0	0	0	1	1	0	0	0	1	1	1	0	1	1	1	0	152.0	0.098	0.143	NaN	NaN	0.233	0.318	NaN	NaN	6.99	11.13	NaN	NaN	0.0	"2.5"	"F0034"	1	1	"PR"	528.895	"reverse-f"	34.896	0	1	0	0.0	0.0	0.0	null	530.679	0.09
12.6	0.037675	30187.5	2803.125	1143.75	NaN	NaN	NaN	1	0	0	0	0	1	1	0	0	0	0	0	1	1	0	0	0	1	1	1	0	1	1	1	0	151.0	0.095	0.172	NaN	NaN	0.226	0.382	NaN	NaN	6.78	13.37	NaN	NaN	0.0	"2.5"	"F0034"	1	1	"PR"	538.926	"reverse-f"	44.927	0	1	0	0.0	0.0	0.0	null	540.71	0.09
12.0	0.039325	30000.0	2821.875	1443.75	NaN	NaN	NaN	1	0	0	0	0	1	1	0	0	0	0	0	1	1	0	0	0	1	1	1	0	1	1	1	0	144.0	0.097	0.202	NaN	NaN	0.231	0.449	NaN	NaN	6.93	15.715	NaN	NaN	0.0	"2.5"	"F0034"	1	1	"PR"	548.961	"reverse-f"	54.962	0	1	0	0.0	0.0	0.0	null	550.745	0.09
12.3	0.0418	28875.0	2821.875	1715.625	NaN	NaN	NaN	1	0	0	0	0	1	1	0	0	0	0	0	1	1	0	0	0	1	1	1	0	1	1	1	0	148.0	0.097	0.23	NaN	NaN	0.231	0.511	NaN	NaN	6.93	17.885	NaN	NaN	0.0	"2.5"	"F0034"	1	1	"PR"	558.799	"reverse-f"	64.8	0	1	0	0.0	0.0	0.0	null	560.583	0.086
13.0	0.043175	30000.0	2821.875	2006.25	NaN	NaN	NaN	1	0	0	0	0	1	1	0	0	0	0	0	1	1	0	0	0	1	1	1	0	1	1	1	0	156.0	0.097	0.259	NaN	NaN	0.231	0.576	NaN	NaN	6.93	20.16	NaN	NaN	0.0	"2.5"	"F0034"	1	1	"PR"	568.829	"reverse-f"	74.83	0	1	0	0.0	0.0	0.0	null	570.613	0.084
12.6	0.044825	29812.5	2878.125	2278.125	NaN	NaN	NaN	0	0	0	0	0	1	1	0	0	0	0	0	1	0	0	0	0	1	1	1	0	1	1	1	0	151.0	0.103	0.286	NaN	NaN	0.245	0.636	NaN	NaN	7.35	22.26	NaN	NaN	0.0	"2.5"	"F0034"	1	1	"PR"	578.969	"reverse"	84.97	0	1	0	0.0	0.0	0.0	null	580.753	0.09
12.8	0.0462	30187.5	2840.625	2287.5	NaN	NaN	NaN	0	0	0	0	0	1	1	0	0	0	0	0	1	0	0	0	0	1	1	1	0	1	1	1	0	154.0	0.099	0.287	NaN	NaN	0.236	0.638	NaN	NaN	7.08	22.33	NaN	NaN	0.0	"2.5"	"F0034"	1	1	"PR"	589.006	"reverse"	95.007	0	1	0	0.0	0.0	0.0	null	590.79	0.091
12.6	0.047575	30000.0	2850.0	2240.625	NaN	NaN	NaN	0	0	0	0	0	1	1	0	0	0	0	0	1	0	0	0	0	1	1	1	0	1	1	1	0	151.0	0.1	0.282	NaN	NaN	0.238	0.627	NaN	NaN	7.14	21.945	NaN	NaN	0.0	"2.5"	"F0034"	1	1	"PR"	598.841	"reverse"	104.842	0	1	0	0.0	0.0	0.0	null	600.625	0.084
13.0	0.048675	29625.0	2821.875	2268.75	NaN	NaN	NaN	0	0	0	0	0	1	1	0	0	0	0	0	1	0	0	0	0	1	1	1	0	1	1	1	0	156.0	0.097	0.285	NaN	NaN	0.231	0.633	NaN	NaN	6.93	22.155	NaN	NaN	0.0	"2.5"	"F0034"	1	1	"PR"	608.877	"reverse"	114.878	0	1	0	0.0	0.0	0.0	null	610.661	0.084
12.6	0.049775	30187.5	2840.625	2250.0	NaN	NaN	NaN	0	0	0	0	0	1	1	0	0	0	0	0	1	0	0	0	0	1	1	1	0	1	1	1	0	151.0	0.099	0.283	NaN	NaN	0.236	0.629	NaN	NaN	7.08	22.015	NaN	NaN	0.0	"2.5"	"F0034"	1	1	"PR"	618.911	"reverse"	124.912	0	1	0	0.0	0.0	0.0	null	620.695	0.086
12.7	0.050325	31125.0	2831.25	2278.125	NaN	NaN	NaN	0	0	0	0	0	1	1	0	0	0	0	0	1	0	0	0	0	1	1	1	0	1	1	1	0	152.0	0.098	0.286	NaN	NaN	0.233	0.636	NaN	NaN	6.99	22.26	NaN	NaN	0.0	"2.5"	"F0034"	1	1	"PR"	628.946	"reverse"	134.947	0	1	0	0.0	0.0	0.0	null	630.73	0.086
12.5	0.05005	30000.0	2821.875	2221.875	NaN	NaN	NaN	0	0	0	0	0	1	1	0	0	0	0	0	1	0	0	0	0	1	1	1	0	1	1	1	0	150.0	0.097	0.28	NaN	NaN	0.231	0.622	NaN	NaN	6.93	21.77	NaN	NaN	0.0	"2.5"	"F0034"	1	1	"PR"	638.985	"reverse"	144.986	0	1	0	0.0	0.0	0.0	null	640.769	0.088
4.9	0.050875	2812.5	3046.875	2315.625	NaN	NaN	NaN	0	0	0	0	0	0	0	0	0	0	0	0	0	0	0	0	0	0	0	0	1	0	0	0	1	59.0	0.12	0.29	NaN	NaN	0.286	0.644	NaN	NaN	8.58	22.54	NaN	NaN	0.0	"2.5"	"F0034"	0	0	"PR"	648.909	"diffuse"	4.903	0	1	1	0.0	0.0	0.0	null	650.693	0.084
4.1	0.050875	2250.0	2990.625	2278.125	NaN	NaN	NaN	0	0	0	0	0	0	0	0	0	0	0	0	0	0	0	0	0	0	0	0	1	0	0	0	1	49.0	0.114	0.286	NaN	NaN	0.271	0.636	NaN	NaN	8.13	22.26	NaN	NaN	0.0	"2.5"	"F0034"	0	0	"PR"	658.945	"diffuse"	14.939	0	1	1	0.0	0.0	0.0	null	660.729	0.086
3.6	0.050875	2250.0	3000.0	2278.125	NaN	NaN	NaN	0	0	0	0	0	0	0	0	0	0	0	0	0	0	0	0	0	0	0	0	1	0	0	0	1	43.0	0.115	0.286	NaN	NaN	0.274	0.636	NaN	NaN	8.22	22.26	NaN	NaN	0.0	"2.5"	"F0034"	0	0	"PR"	668.983	"diffuse"	24.977	0	1	1	0.0	0.0	0.0	null	670.767	0.088
12.6	0.050875	29625.0	2793.75	2278.125	NaN	NaN	NaN	0	0	0	0	0	1	1	0	0	0	0	0	1	0	0	0	0	1	1	1	0	1	1	1	0	151.0	0.094	0.286	NaN	NaN	0.224	0.636	NaN	NaN	6.72	22.26	NaN	NaN	0.0	"2.5"	"F0034"	1	1	"PR"	679.111	"wash-en"	4.909	0	1	1	0.0	0.0	0.0	null	680.895	0.094
12.3	0.051975	30187.5	2821.875	2268.75	NaN	NaN	NaN	0	0	0	0	0	1	1	0	0	0	0	0	1	0	0	0	0	1	1	1	0	1	1	1	0	148.0	0.097	0.285	NaN	NaN	0.231	0.633	NaN	NaN	6.93	22.155	NaN	NaN	0.0	"2.5"	"F0034"	1	1	"PR"	688.95	"wash-en"	14.748	0	1	1	0.0	0.0	0.0	null	690.734	0.086
3.2	0.0528	30000.0	2859.375	2259.375	NaN	NaN	NaN	0	0	0	0	0	1	1	0	0	0	0	0	1	0	0	0	0	0	0	0	1	0	0	0	1	38.0	0.101	0.284	NaN	NaN	0.24	0.631	NaN	NaN	7.2	22.085	NaN	NaN	0.0	"2.5"	"F0034"	0	0	"PR"	699.082	"wash-sc"	4.711	0	1	1	0.0	0.0	0.0	null	700.866	0.085
3.5	0.053075	750.0	2990.625	2278.125	NaN	NaN	NaN	0	0	0	0	0	0	0	0	0	0	0	0	0	0	0	0	0	0	0	0	1	0	0	0	1	42.0	0.114	0.286	NaN	NaN	0.271	0.636	NaN	NaN	8.13	22.26	NaN	NaN	0.0	"2.5"	"F0034"	0	0	"PR"	709.121	"diffuse"	4.618	0	1	2	0.0	0.0	0.0	null	710.905	0.086
3.4	0.05335	1125.0	3009.375	2278.125	NaN	NaN	NaN	0	0	0	0	0	0	0	0	0	0	0	0	0	0	0	0	0	0	0	0	1	0	0	0	1	41.0	0.116	0.286	NaN	NaN	0.276	0.636	NaN	NaN	8.28	22.26	NaN	NaN	0.0	"2.5"	"F0034"	0	0	"PR"	719.155	"diffuse"	14.652	0	1	2	0.0	0.0	0.0	null	720.939	0.084
3.3	0.053075	1500.0	3009.375	2278.125	NaN	NaN	NaN	0	0	0	0	0	0	0	0	0	0	0	0	0	0	0	0	0	0	0	0	1	0	0	0	1	40.0	0.116	0.286	NaN	NaN	0.276	0.636	NaN	NaN	8.28	22.26	NaN	NaN	0.0	"2.5"	"F0034"	0	0	"PR"	728.995	"diffuse"	24.492	0	1	2	0.0	0.0	0.0	null	730.779	0.085
13.2	0.0528	29625.0	2831.25	2259.375	NaN	NaN	NaN	0	0	0	0	0	1	1	0	0	0	0	0	1	0	0	0	0	1	1	1	0	1	1	1	0	158.0	0.098	0.284	NaN	NaN	0.233	0.631	NaN	NaN	6.99	22.085	NaN	NaN	0.0	"2.5"	"F0034"	1	1	"PR"	739.117	"wash-en"	4.505	0	1	2	0.0	0.0	0.0	null	740.901	0.086
12.3	0.053075	29625.0	2878.125	2268.75	NaN	NaN	NaN	0	0	0	0	0	1	1	0	0	0	0	0	1	0	0	0	0	1	1	1	0	1	1	1	0	148.0	0.103	0.285	NaN	NaN	0.245	0.633	NaN	NaN	7.35	22.155	NaN	NaN	0.0	"2.5"	"F0034"	1	1	"PR"	749.152	"wash-en"	14.54	0	1	2	0.0	0.0	0.0	null	750.936	0.084
1.5	0.053625	30375.0	2821.875	2278.125	NaN	NaN	NaN	0	0	0	0	0	1	1	0	0	0	0	0	1	0	0	0	0	0	0	0	1	0	0	0	1	18.0	0.097	0.286	NaN	NaN	0.231	0.636	NaN	NaN	6.93	22.26	NaN	NaN	0.0	"2.5"	"F0034"	0	0	"PR"	759.089	"wash-sc"	4.312	0	1	2	0.0	0.0	0.0	null	760.873	0.087
2.4	0.053625	1875.0	2981.25	2278.125	NaN	NaN	NaN	0	0	0	0	0	0	0	0	0	0	0	0	0	0	0	0	0	0	0	0	1	0	0	0	1	29.0	0.113	0.286	NaN	NaN	0.269	0.636	NaN	NaN	8.07	22.26	NaN	NaN	0.0	"2.5"	"F0034"	0	0	"PR"	769.13	"diffuse"	4.218	0	1	3	0.0	0.0	0.0	null	770.914	0.083
2.9	0.053625	1875.0	3000.0	2287.5	NaN	NaN	NaN	0	0	0	0	0	0	0	0	0	0	0	0	0	0	0	0	0	0	0	0	1	0	0	0	1	35.0	0.115	0.287	NaN	NaN	0.274	0.638	NaN	NaN	8.22	22.33	NaN	NaN	0.0	"2.5"	"F0034"	0	0	"PR"	779.163	"diffuse"	14.251	0	1	3	0.0	0.0	0.0	null	780.947	0.086
2.8	0.053075	375.0	3018.75	2278.125	NaN	NaN	NaN	0	0	0	0	0	0	0	0	0	0	0	0	0	0	0	0	0	0	0	0	1	0	0	0	1	34.0	0.117	0.286	NaN	NaN	0.279	0.636	NaN	NaN	8.37	22.26	NaN	NaN	0.0	"2.5"	"F0034"	0	0	"PR"	789.2	"diffuse"	24.288	0	1	3	0.0	0.0	0.0	null	790.984	0.085
13.0	0.0528	29062.5	2812.5	2268.75	NaN	NaN	NaN	0	0	0	0	0	1	1	0	0	0	0	0	1	0	0	0	0	1	1	1	0	1	1	1	0	156.0	0.096	0.285	NaN	NaN	0.229	0.633	NaN	NaN	6.87	22.155	NaN	NaN	0.0	"2.5"	"F0034"	1	1	"PR"	799.121	"wash-en"	4.104	0	1	3	0.0	0.0	0.0	null	800.905	0.085
12.5	0.053075	30187.5	2793.75	2278.125	NaN	NaN	NaN	0	0	0	0	0	1	1	0	0	0	0	0	1	0	0	0	0	1	1	1	0	1	1	1	0	150.0	0.094	0.286	NaN	NaN	0.224	0.636	NaN	NaN	6.72	22.26	NaN	NaN	0.0	"2.5"	"F0034"	1	1	"PR"	809.155	"wash-en"	14.138	0	1	3	0.0	0.0	0.0	null	810.939	0.083
3.5	0.053075	30000.0	2859.375	2259.375	NaN	NaN	NaN	0	0	0	0	0	1	1	0	0	0	0	0	1	0	0	0	0	0	0	0	1	0	0	0	1	42.0	0.101	0.284	NaN	NaN	0.24	0.631	NaN	NaN	7.2	22.085	NaN	NaN	0.0	"2.5"	"F0034"	0	0	"PR"	819.088	"wash-sc"	3.907	0	1	3	0.0	0.0	0.0	null	820.872	0.09
2.7	0.05335	2812.5	3000.0	2278.125	NaN	NaN	NaN	0	0	0	0	0	0	0	0	0	0	0	0	0	0	0	0	0	0	0	0	1	0	0	0	1	32.0	0.115	0.286	NaN	NaN	0.274	0.636	NaN	NaN	8.22	22.26	NaN	NaN	0.0	"2.5"	"F0034"	0	0	"PR"	829.124	"diffuse"	3.813	0	1	4	0.0	0.0	0.0	null	830.908	0.083
3.4	0.053625	937.5	3000.0	2278.125	NaN	NaN	NaN	0	0	0	0	0	0	0	0	0	0	0	0	0	0	0	0	0	0	0	0	1	0	0	0	1	41.0	0.115	0.286	NaN	NaN	0.274	0.636	NaN	NaN	8.22	22.26	NaN	NaN	0.0	"2.5"	"F0034"	0	0	"PR"	839.155	"diffuse"	13.844	0	1	4	0.0	0.0	0.0	null	840.939	0.086
3.0	0.053075	1500.0	2990.625	2278.125	NaN	NaN	NaN	0	0	0	0	0	0	0	0	0	0	0	0	0	0	0	0	0	0	0	0	1	0	0	0	1	36.0	0.114	0.286	NaN	NaN	0.271	0.636	NaN	NaN	8.13	22.26	NaN	NaN	0.0	"2.5"	"F0034"	0	0	"PR"	849.194	"diffuse"	23.883	0	1	4	0.0	0.0	0.0	null	850.978	0.088
12.2	0.053075	29812.5	2840.625	2278.125	NaN	NaN	NaN	0	0	0	0	0	1	1	0	0	0	0	0	1	0	0	0	0	1	1	1	0	1	1	1	0	146.0	0.099	0.286	NaN	NaN	0.236	0.636	NaN	NaN	7.08	22.26	NaN	NaN	0.0	"2.5"	"F0034"	1	1	"PR"	859.118	"wash-en"	3.702	0	1	4	0.0	0.0	0.0	null	860.902	0.09
12.9	0.05335	29812.5	2775.0	2278.125	NaN	NaN	NaN	0	0	0	0	0	1	1	0	0	0	0	0	1	0	0	0	0	1	1	1	0	1	1	1	0	155.0	0.093	0.286	NaN	NaN	0.221	0.636	NaN	NaN	6.63	22.26	NaN	NaN	0.0	"2.5"	"F0034"	1	1	"PR"	869.153	"wash-en"	13.737	0	1	4	0.0	0.0	0.0	null	870.937	0.09
1.8	0.0528	32250.0	2859.375	2278.125	NaN	NaN	NaN	0	0	0	0	0	1	1	0	0	0	0	0	1	0	0	0	0	0	0	0	1	0	0	0	1	22.0	0.101	0.286	NaN	NaN	0.24	0.636	NaN	NaN	7.2	22.26	NaN	NaN	0.0	"2.5"	"F0034"	0	0	"PR"	879.289	"wash-sc"	3.711	0	1	4	0.0	0.0	0.0	null	881.073	0.089
2.1	0.054175	-1500.0	2662.5	2278.125	NaN	NaN	NaN	0	0	0	0	1	0	0	0	0	0	0	0	0	0	0	0	0	0	0	0	1	0	0	0	1	25.0	0.081	0.286	NaN	NaN	0.193	0.636	NaN	NaN	5.79	22.26	NaN	NaN	0.0	"2.5"	"F0034"	0	0	"PR"	889.322	"drain-rg"	3.612	0	1	4	0.0	0.0	0.0	null	891.106	0.084
2.8	0.0539	-375.0	2315.625	2278.125	NaN	NaN	NaN	0	0	0	0	1	0	0	0	0	0	0	0	0	0	0	0	0	0	0	0	1	0	0	0	1	34.0	0.047	0.286	NaN	NaN	0.112	0.636	NaN	NaN	3.36	22.26	NaN	NaN	0.0	"2.5"	"F0034"	0	0	"PR"	899.155	"drain-rg"	13.445	0	1	4	0.0	0.0	0.0	null	900.939	0.087
3.4	0.05335	-562.5	1978.125	2278.125	NaN	NaN	NaN	0	0	0	0	1	0	0	0	0	0	0	0	0	0	0	0	0	0	0	0	1	0	0	0	1	41.0	0.013	0.286	NaN	NaN	0.031	0.636	NaN	NaN	0.93	22.26	NaN	NaN	0.0	"2.5"	"F0034"	0	0	"PR"	909.194	"drain-rg"	23.484	0	1	4	0.0	0.0	0.0	null	910.978	0.091
2.5	0.053075	-562.5	1537.5	2278.125	NaN	NaN	NaN	0	0	0	0	1	0	0	0	0	0	0	0	0	0	0	0	0	0	0	0	1	0	0	0	1	30.0	-0.031	0.286	NaN	NaN	-0.074	0.636	NaN	NaN	-2.22	22.26	NaN	NaN	0.0	"2.5"	"F0034"	0	0	"PR"	919.23	"drip-rg"	6.222	0	1	4	0.0	0.0	0.0	null	921.014	0.099
2.3	0.053075	-1312.5	0.0	2287.5	NaN	NaN	NaN	0	0	0	0	0	0	0	0	0	0	0	0	0	0	0	0	0	0	0	0	1	0	0	0	1	28.0	-0.185	0.287	NaN	NaN	-0.44	0.638	NaN	NaN	-13.2	22.33	NaN	NaN	0.0	"2.5"	"F0034"	0	0	"FR"	0.201	"begin"	0.201	1	1	0	930.044	0.0	0.0	null	930.866	0.099
2.2	0.05335	29625.0	1912.5	2043.75	NaN	NaN	NaN	0	0	1	0	0	1	0	0	0	0	0	0	1	0	0	0	0	0	0	0	1	0	0	0	1	26.0	0.006	0.262	NaN	NaN	0.014	0.582	NaN	NaN	0.42	20.37	NaN	NaN	0.0	"2.5"	"F0034"	0	0	"FR"	10.458	"fill-rg-di"	10.257	1	1	0	930.044	0.0	0.0	null	941.123	0.086
4.0	0.051975	30187.5	2278.125	1800.0	NaN	NaN	NaN	0	0	1	0	0	1	0	0	0	0	0	0	1	0	0	0	0	0	0	0	1	0	0	0	1	48.0	0.043	0.238	NaN	NaN	0.102	0.529	NaN	NaN	3.06	18.515	NaN	NaN	0.0	"2.5"	"F0034"	0	0	"FR"	20.497	"fill-rg-di"	20.296	1	1	0	930.044	0.0	0.0	null	951.162	0.098
1.8	0.049775	30000.0	2587.5	1528.125	NaN	NaN	NaN	0	0	1	0	0	1	0	0	0	0	0	0	1	0	0	0	0	0	0	0	1	0	0	0	1	22.0	0.074	0.211	NaN	NaN	0.176	0.469	NaN	NaN	5.28	16.415	NaN	NaN	0.0	"2.5"	"F0034"	0	0	"FR"	30.532	"fill-rg-di"	30.331	1	1	0	930.044	0.0	0.0	null	961.197	0.084
2.3	0.048675	30187.5	2878.125	1293.75	NaN	NaN	NaN	0	0	1	0	0	1	0	0	0	0	0	0	1	0	0	0	0	0	0	0	1	0	0	0	1	28.0	0.103	0.187	NaN	NaN	0.245	0.416	NaN	NaN	7.35	14.56	NaN	NaN	0.0	"2.5"	"F0034"	0	0	"FR"	40.364	"fill-rg-di"	40.163	1	1	0	930.044	0.0	0.0	null	971.029	0.09
1.8	0.047575	30000.0	3168.75	1040.625	NaN	NaN	NaN	0	0	1	0	0	1	0	0	0	0	0	0	1	0	0	0	0	0	0	0	1	0	0	0	1	22.0	0.132	0.162	NaN	NaN	0.314	0.36	NaN	NaN	9.42	12.6	NaN	NaN	0.0	"2.5"	"F0034"	0	0	"FR"	50.398	"fill-rg-di"	50.197	1	1	0	930.044	0.0	0.0	null	981.063	0.098
2.1	0.047025	-2437.5	2728.125	975.0	NaN	NaN	NaN	0	0	0	0	1	0	0	0	0	0	0	0	0	0	0	0	0	0	0	0	1	0	0	0	1	25.0	0.088	0.155	NaN	NaN	0.21	0.344	NaN	NaN	6.3	12.04	NaN	NaN	0.0	"2.5"	"F0034"	0	0	"FR"	60.445	"drain-rg"	7.837	1	1	0	930.044	0.0	0.0	null	991.11	0.09
2.2	0.0473	-4500.0	2456.25	993.75	NaN	NaN	NaN	0	0	0	0	1	0	0	0	0	0	0	0	0	0	0	0	0	0	0	0	1	0	0	0	1	26.0	0.061	0.157	NaN	NaN	0.145	0.349	NaN	NaN	4.35	12.215	NaN	NaN	0.0	"2.5"	"F0034"	0	0	"FR"	70.483	"drain-rg"	17.875	1	1	0	930.044	0.0	0.0	null	1001.148	0.09
2.4	0.0473	-5812.5	2081.25	984.375	NaN	NaN	NaN	0	0	0	0	1	0	0	0	0	0	0	0	0	0	0	0	0	0	0	0	1	0	0	0	1	29.0	0.023	0.156	NaN	NaN	0.055	0.347	NaN	NaN	1.65	12.145	NaN	NaN	0.0	"2.5"	"F0034"	0	0	"FR"	80.521	"drain-rg"	27.913	1	1	0	930.044	0.0	0.0	null	1011.186	0.091
2.1	0.046475	-6562.5	1659.375	993.75	NaN	NaN	NaN	0	0	0	0	1	0	0	0	0	0	0	0	0	0	0	0	0	0	0	0	1	0	0	0	1	25.0	-0.019	0.157	NaN	NaN	-0.045	0.349	NaN	NaN	-1.35	12.215	NaN	NaN	0.0	"2.5"	"F0034"	0	0	"FR"	90.552	"drip-rg"	4.614	1	1	0	930.044	0.0	0.0	null	1021.217	0.09
2.4	0.046475	-6187.5	18.75	975.0	NaN	NaN	NaN	0	0	0	0	1	0	0	0	0	0	0	0	0	0	0	0	0	0	0	0	1	0	0	0	1	29.0	-0.183	0.155	NaN	NaN	-0.436	0.344	NaN	NaN	-13.08	12.04	NaN	NaN	0.0	"2.5"	"F0034"	0	0	"FR"	100.59	"drip-rg"	14.652	1	1	0	930.044	0.0	0.0	null	1031.255	0.087
