cur	ec	mod-ps	rg-ps	di-ps	fw1-ps	fw2-ps	pf-ps	vlv-di-fill	vlv-di-in	vlv-di-out	vlv-rg-fill	vlv-rg-drain	vlv-rg-in	vlv-rg-out	vlv-fw1-in	vlv-fw1-out	vlv-fw2-in	vlv-po	vlv-mod-drain	pmp-sys	pmp-di	pmp-fw1	pmp-fw2	uv	en-anode1	en-cath1	pl-anode1	pl-cath1	en-anode2	en-cath2	pl-anode2	pl-cath2	pw	rg-he	di-he	fw1-he	fw2-he	rg-lev	di-lev	fw1-lev	fw2-lev	rg-vol	di-vol	fw1-vol	fw2-vol	pr-ec	ver	sn	mod-en	mod-pl	proc	proc-time	ph	ph-time	count	cyc	rnd	pr-last	rc-last	fr-last	halt-re	time	exec
-0.1	0.048125	2250.0	2971.875	1115.625	NaN	NaN	NaN	1	0	0	0	0	0	0	0	0	0	0	0	0	1	0	0	0	0	0	0	1	0	0	0	1	-1.0	0.112	0.17	NaN	NaN	0.267	0.378	NaN	NaN	8.01	13.23	NaN	NaN	0.0	"2.5"	"F0034"	0	0	"PR"	8.243	"fill-di"	6.018	0	0	0	0.0	0.0	0.0	null	10.045	0.084
0.8	0.047575	1875.0	2962.5	1125.0	NaN	NaN	NaN	1	0	0	0	0	0	0	0	0	0	0	0	0	1	0	0	0	0	0	0	1	0	0	0	1	10.0	0.111	0.171	NaN	NaN	0.264	0.38	NaN	NaN	7.92	13.3	NaN	NaN	0.0	"2.5"	"F0034"	0	0	"PR"	8.444	"fill-di"	6.219	0	0	0	0.0	0.0	0.0	null	10.246	0.09
0.6	0.04785	2062.5	2971.875	1387.5	NaN	NaN	NaN	1	0	0	0	0	0	0	0	0	0	0	0	0	1	0	0	0	0	0	0	1	0	0	0	1	7.0	0.112	0.197	NaN	NaN	0.267	0.438	NaN	NaN	8.01	15.33	NaN	NaN	0.0	"2.5"	"F0034"	0	0	"PR"	18.28	"fill-di"	16.055	0	0	0	0.0	0.0	0.0	null	20.082	0.088
0.6	0.048125	3187.5	2962.5	1706.25	NaN	NaN	NaN	1	0	0	0	0	0	0	0	0	0	0	0	0	1	0	0	0	0	0	0	1	0	0	0	1	7.0	0.111	0.229	NaN	NaN	0.264	0.509	NaN	NaN	7.92	17.815	NaN	NaN	0.0	"2.5"	"F0034"	0	0	"PR"	28.314	"fill-di"	26.089	0	0	0	0.0	0.0	0.0	null	30.116	0.087
-0.1	0.047025	2625.0	2953.125	2006.25	NaN	NaN	NaN	1	0	0	0	0	0	0	0	0	0	0	0	0	1	0	0	0	0	0	0	1	0	0	0	1	-1.0	0.11	0.259	NaN	NaN	0.262	0.576	NaN	NaN	7.86	20.16	NaN	NaN	0.0	"2.5"	"F0034"	0	0	"PR"	38.349	"fill-di"	36.124	0	0	0	0.0	0.0	0.0	null	40.151	0.084
-0.1	0.048125	25312.5	2803.125	2278.125	NaN	NaN	NaN	0	0	0	0	0	1	1	0	0	0	0	0	1	0	0	0	0	0	0	0	1	0	0	0	1	-1.0	0.095	0.286	NaN	NaN	0.226	0.636	NaN	NaN	6.78	22.26	NaN	NaN	0.0	"2.5"	"F0034"	0	0	"PR"	48.388	"prime"	1.806	0	0	0	0.0	0.0	0.0	null	50.19	0.086
0.1	0.04785	27000.0	2793.75	2259.375	NaN	NaN	NaN	0	0	0	0	0	1	1	0	0	0	0	0	1	0	0	0	0	0	0	0	1	0	0	0	1	1.0	0.094	0.284	NaN	NaN	0.224	0.631	NaN	NaN	6.72	22.085	NaN	NaN	0.0	"2.5"	"F0034"	0	0	"PR"	58.422	"prime"	11.84	0	0	0	0.0	0.0	0.0	null	60.224	0.084
-0.8	0.048125	27375.0	2831.25	2259.375	NaN	NaN	NaN	0	0	0	0	0	1	1	0	0	0	0	0	1	0	0	0	0	0	0	0	1	0	0	0	1	-10.0	0.098	0.284	NaN	NaN	0.233	0.631	NaN	NaN	6.99	22.085	NaN	NaN	0.0	"2.5"	"F0034"	0	0	"PR"	68.454	"prime"	21.872	0	0	0	0.0	0.0	0.0	null	70.256	0.084
-11.5	0.0484	29812.5	2971.875	2578.125	NaN	NaN	NaN	0	1	1	0	0	0	0	0	0	0	0	0	1	0	0	0	0	1	1	0	1	1	1	0	1	-138.0	0.112	0.316	NaN	NaN	0.267	0.702	NaN	NaN	8.01	24.57	NaN	NaN	0.0	"2.5"	"F0034"	1	0	"PR"	78.509	"deionize"	1.421	0	1	0	0.0	0.0	0.0	null	80.311	0.084
-12.0	0.047575	29062.5	2971.875	2578.125	NaN	NaN	NaN	0	1	1	0	0	0	0	0	0	0	0	0	1	0	0	0	0	1	1	0	1	1	1	0	1	-144.0	0.112	0.316	NaN	NaN	0.267	0.702	NaN	NaN	8.01	24.57	NaN	NaN	0.0	"2.5"	"F0034"	1	0	"PR"	88.544	"deionize"	11.456	0	1	0	0.0	0.0	0.0	null	90.346	0.084
-11.7	0.0462	30562.5	2953.125	2484.375	NaN	NaN	NaN	0	1	1	0	0	0	0	0	0	0	0	0	1	0	0	0	0	1	1	0	1	1	1	0	1	-140.0	0.11	0.306	NaN	NaN	0.262	0.68	NaN	NaN	7.86	23.8	NaN	NaN	0.0	"2.5"	"F0034"	1	0	"PR"	98.383	"deionize"	21.295	0	1	0	0.0	0.0	0.0	null	100.185	0.092
-11.6	0.04565	30000.0	2934.375	2587.5	NaN	NaN	NaN	0	1	1	0	0	0	0	0	0	0	0	0	1	0	0	0	0	1	1	0	1	1	1	0	1	-139.0	0.108	0.317	NaN	NaN	0.257	0.704	NaN	NaN	7.71	24.64	NaN	NaN	0.0	"2.5"	"F0034"	1	0	"PR"	108.417	"deionize"	31.329	0	1	0	0.0	0.0	0.0	null	110.219	0.09
-11.9	0.04455	30187.5	2981.25	2512.5	NaN	NaN	NaN	0	1	1	0	0	0	0	0	0	0	0	0	1	0	0	0	0	1	1	0	1	1	1	0	1	-143.0	0.113	0.309	NaN	NaN	0.269	0.687	NaN	NaN	8.07	24.045	NaN	NaN	0.0	"2.5"	"F0034"	1	0	"PR"	118.457	"deionize"	41.369	0	1	0	0.0	0.0	0.0	null	120.259	0.085
-11.7	0.043725	30000.0	2971.875	2512.5	NaN	NaN	NaN	0	1	1	0	0	0	0	0	0	0	0	0	1	0	0	0	0	1	1	0	1	1	1	0	1	-140.0	0.112	0.309	NaN	NaN	0.267	0.687	NaN	NaN	8.01	24.045	NaN	NaN	0.0	"2.5"	"F0034"	1	0	"PR"	128.492	"deionize"	51.404	0	1	0	0.0	0.0	0.0	null	130.294	0.084
-12.8	0.043175	30187.5	2962.5	2475.0	NaN	NaN	NaN	0	1	1	0	0	0	0	0	0	0	0	0	1	0	0	0	0	1	1	0	1	1	1	0	1	-154.0	0.111	0.305	NaN	NaN	0.264	0.678	NaN	NaN	7.92	23.73	NaN	NaN	0.0	"2.5"	"F0034"	1	0	"PR"	138.526	"deionize"	61.438	0	1	0	0.0	0.0	0.0	null	140.328	0.084
-12.0	0.042625	30000.0	2953.125	2521.875	NaN	NaN	NaN	0	1	1	0	0	0	0	0	0	0	0	0	1	0	0	0	0	1	1	0	1	1	1	0	1	-144.0	0.11	0.31	NaN	NaN	0.262	0.689	NaN	NaN	7.86	24.115	NaN	NaN	0.0	"2.5"	"F0034"	1	0	"PR"	148.567	"deionize"	71.479	0	1	0	0.0	0.0	0.0	null	150.369	0.089
-11.9	0.04125	29250.0	2962.5	2446.875	NaN	NaN	NaN	0	1	1	0	0	0	0	0	0	0	0	0	1	0	0	0	0	1	1	0	1	1	1	0	1	-143.0	0.111	0.303	NaN	NaN	0.264	0.673	NaN	NaN	7.92	23.555	NaN	NaN	0.0	"2.5"	"F0034"	1	0	"PR"	158.604	"deionize"	81.516	0	1	0	0.0	0.0	0.0	null	160.406	0.084
-13.6	0.04125	29062.5	2962.5	2475.0	NaN	NaN	NaN	0	1	1	0	0	0	0	0	0	0	0	0	1	0	0	0	0	1	1	0	1	1	1	0	1	-163.0	0.111	0.305	NaN	NaN	0.264	0.678	NaN	NaN	7.92	23.73	NaN	NaN	0.0	"2.5"	"F0034"	1	0	"PR"	168.44	"deionize"	91.352	0	1	0	0.0	0.0	0.0	null	170.242	0.091
-11.9	0.0396	29812.5	2953.125	2493.75	NaN	NaN	NaN	0	1	1	0	0	0	0	0	0	0	0	0	1	0	0	0	0	1	1	0	1	1	1	0	1	-143.0	0.11	0.307	NaN	NaN	0.262	0.682	NaN	NaN	7.86	23.87	NaN	NaN	0.0	"2.5"	"F0034"	1	0	"PR"	178.479	"deionize"	101.391	0	1	0	0.0	0.0	0.0	null	180.281	0.09
-12.5	0.039325	29812.5	2971.875	2475.0	NaN	NaN	NaN	0	1	1	0	0	0	0	0	0	0	0	0	1	0	0	0	0	1	1	0	1	1	1	0	1	-150.0	0.112	0.305	NaN	NaN	0.267	0.678	NaN	NaN	8.01	23.73	NaN	NaN	0.0	"2.5"	"F0034"	1	0	"PR"	188.514	"deionize"	111.426	0	1	0	0.0	0.0	0.0	null	190.316	0.09
-11.7	0.039325	29812.5	2971.875	2512.5	NaN	NaN	NaN	0	1	1	0	0	0	0	0	0	0	0	0	1	0	0	0	0	1	1	0	1	1	1	0	1	-140.0	0.112	0.309	NaN	NaN	0.267	0.687	NaN	NaN	8.01	24.045	NaN	NaN	0.0	"2.5"	"F0034"	1	0	"PR"	198.554	"deionize"	121.466	0	1	0	0.0	0.0	0.0	null	200.356	0.09
-12.3	0.038225	31125.0	2962.5	2475.0	NaN	NaN	NaN	0	1	1	0	0	0	0	0	0	0	0	0	1	0	0	0	0	1	1	0	1	1	1	0	1	-148.0	0.111	0.305	NaN	NaN	0.264	0.678	NaN	NaN	7.92	23.73	NaN	NaN	0.0	"2.5"	"F0034"	1	0	"PR"	208.592	"deionize"	131.504	0	1	0	0.0	0.0	0.0	null	210.394	0.091
-11.9	0.03795	30375.0	2971.875	2437.5	NaN	NaN	NaN	0	1	1	0	0	0	0	0	0	0	0	0	1	0	0	0	0	1	1	0	1	1	1	0	1	-143.0	0.112	0.302	NaN	NaN	0.267	0.671	NaN	NaN	8.01	23.485	NaN	NaN	0.0	"2.5"	"F0034"	1	0	"PR"	218.629	"deionize"	141.541	0	1	0	0.0	0.0	0.0	null	220.431	0.09
-11.7	0.0374	30187.5	2971.875	2390.625	NaN	NaN	NaN	0	1	1	0	0	0	0	0	0	0	0	0	1	0	0	0	0	1	1	0	1	1	1	0	1	-140.0	0.112	0.297	NaN	NaN	0.267	0.66	NaN	NaN	8.01	23.1	NaN	NaN	0.0	"2.5"	"F0034"	1	0	"PR"	228.668	"deionize"	151.58	0	1	0	0.0	0.0	0.0	null	230.47	0.086
-11.3	0.037125	29812.5	2971.875	2400.0	NaN	NaN	NaN	0	1	1	0	0	0	0	0	0	0	0	0	1	0	0	0	0	1	1	0	1	1	1	0	1	-136.0	0.112	0.298	NaN	NaN	0.267	0.662	NaN	NaN	8.01	23.17	NaN	NaN	0.0	"2.5"	"F0034"	1	0	"PR"	238.704	"deionize"	161.616	0	1	0	0.0	0.0	0.0	null	240.506	0.087
-11.9	0.036575	29250.0	2971.875	2437.5	NaN	NaN	NaN	0	1	1	0	0	0	0	0	0	0	0	0	1	0	0	0	0	1	1	0	1	1	1	0	1	-143.0	0.112	0.302	NaN	NaN	0.267	0.671	NaN	NaN	8.01	23.485	NaN	NaN	0.0	"2.5"	"F0034"	1	0	"PR"	248.542	"deionize"	171.454	0	1	0	0.0	0.0	0.0	null	250.344	0.094
-11.6	0.03575	29625.0	2971.875	2446.875	NaN	NaN	NaN	0	1	1	0	0	0	0	0	0	0	0	0	1	0	0	0	0	1	1	0	1	1	1	0	1	-139.0	0.112	0.303	NaN	NaN	0.267	0.673	NaN	NaN	8.01	23.555	NaN	NaN	0.0	"2.5"	"F0034"	1	0	"PR"	258.583	"deionize"	181.495	0	1	0	0.0	0.0	0.0	null	260.385	0.09
-11.5	0.036025	29625.0	2971.875	2362.5	NaN	NaN	NaN	0	1	1	0	0	0	0	0	0	0	0	0	1	0	0	0	0	1	1	0	1	1	1	0	1	-138.0	0.112	0.294	NaN	NaN	0.267	0.653	NaN	NaN	8.01	22.855	NaN	NaN	0.0	"2.5"	"F0034"	1	0	"PR"	268.617	"deionize"	191.529	0	1	0	0.0	0.0	0.0	null	270.419	0.091
-10.6	0.0352	30000.0	2962.5	2437.5	NaN	NaN	NaN	0	1	1	0	0	0	0	0	0	0	0	0	1	0	0	0	0	1	1	0	1	1	1	0	1	-127.0	0.111	0.302	NaN	NaN	0.264	0.671	NaN	NaN	7.92	23.485	NaN	NaN	0.0	"2.5"	"F0034"	1	0	"PR"	278.657	"deionize"	201.569	0	1	0	0.0	0.0	0.0	null	280.459	0.096
-12.0	0.034925	30000.0	2971.875	2400.0	NaN	NaN	NaN	0	1	1	0	0	0	0	0	0	0	0	0	1	0	0	0	0	1	1	0	1	1	1	0	1	-144.0	0.112	0.298	NaN	NaN	0.267	0.662	NaN	NaN	8.01	23.17	NaN	NaN	0.0	"2.5"	"F0034"	1	0	"PR"	288.692	"deionize"	211.604	0	1	0	0.0	0.0	0.0	null	290.494	0.09
-12.3	0.034375	29625.0	2981.25	2437.5	NaN	NaN	NaN	0	1	1	0	0	0	0	0	0	0	0	0	1	0	0	0	0	1	1	0	1	1	1	0	1	-148.0	0.113	0.302	NaN	NaN	0.269	0.671	NaN	NaN	8.07	23.485	NaN	NaN	0.0	"2.5"	"F0034"	1	0	"PR"	298.73	"deionize"	221.642	0	1	0	0.0	0.0	0.0	null	300.532	0.09
-11.7	0.03355	30375.0	2962.5	2334.375	NaN	NaN	NaN	0	1	1	0	0	0	0	0	0	0	0	0	1	0	0	0	0	1	1	0	1	1	1	0	1	-140.0	0.111	0.291	NaN	NaN	0.264	0.647	NaN	NaN	7.92	22.645	NaN	NaN	0.0	"2.5"	"F0034"	1	0	"PR"	308.771	"deionize"	231.683	0	1	0	0.0	0.0	0.0	null	310.573	0.092
-11.5	0.03355	29812.5	2981.25	2409.375	NaN	NaN	NaN	0	1	1	0	0	0	0	0	0	0	0	0	1	0	0	0	1	1	1	0	1	1	1	0	1	-138.0	0.113	0.299	NaN	NaN	0.269	0.664	NaN	NaN	8.07	23.24	NaN	NaN	0.0	"2.5"	"F0034"	1	0	"PR"	318.715	"deionize-uv"	1.514	0	1	0	0.0	0.0	0.0	null	320.517	0.09
-11.2	0.033	29437.5	2990.625	2475.0	NaN	NaN	NaN	0	1	1	0	0	0	0	0	0	0	0	0	1	0	0	0	1	1	1	0	1	1	1	0	1	-134.0	0.114	0.305	NaN	NaN	0.271	0.678	NaN	NaN	8.13	23.73	NaN	NaN	0.0	"2.5"	"F0034"	1	0	"PR"	328.752	"deionize-uv"	11.551	0	1	0	0.0	0.0	0.0	null	330.554	0.091
-11.0	0.03245	30187.5	2981.25	2390.625	NaN	NaN	NaN	0	1	1	0	0	0	0	0	0	0	0	0	1	0	0	0	1	1	1	0	1	1	1	0	1	-132.0	0.113	0.297	NaN	NaN	0.269	0.66	NaN	NaN	8.07	23.1	NaN	NaN	0.0	"2.5"	"F0034"	1	0	"PR"	338.786	"deionize-uv"	21.585	0	1	0	0.0	0.0	0.0	null	340.588	0.088
-11.1	0.03245	30000.0	2962.5	2390.625	NaN	NaN	NaN	0	1	1	0	0	0	0	0	0	0	0	0	1	0	0	0	1	1	1	0	1	1	1	0	1	-133.0	0.111	0.297	NaN	NaN	0.264	0.66	NaN	NaN	7.92	23.1	NaN	NaN	0.0	"2.5"	"F0034"	1	0	"PR"	348.823	"deionize-uv"	31.622	0	1	0	0.0	0.0	0.0	null	350.625	0.09
-11.5	0.0319	29812.5	2971.875	2390.625	NaN	NaN	NaN	0	1	1	0	0	0	0	0	0	0	0	0	1	0	0	0	1	1	1	0	1	1	1	0	1	-138.0	0.112	0.297	NaN	NaN	0.267	0.66	NaN	NaN	8.01	23.1	NaN	NaN	0.0	"2.5"	"F0034"	1	0	"PR"	358.657	"deionize-uv"	41.456	0	1	0	0.0	0.0	0.0	null	360.459	0.087
-10.6	0.03135	30937.5	2971.875	2428.125	NaN	NaN	NaN	0	1	1	0	0	0	0	0	0	0	0	0	1	0	0	0	1	1	1	0	1	1	1	0	1	-127.0	0.112	0.301	NaN	NaN	0.267	0.669	NaN	NaN	8.01	23.415	NaN	NaN	0.0	"2.5"	"F0034"	1	0	"PR"	368.692	"deionize-uv"	51.491	0	1	0	0.0	0.0	0.0	null	370.494	0.086
-10.4	0.031075	30000.0	2971.875	2390.625	NaN	NaN	NaN	0	1	1	0	0	0	0	0	0	0	0	0	1	0	0	0	1	1	1	0	1	1	1	0	1	-125.0	0.112	0.297	NaN	NaN	0.267	0.66	NaN	NaN	8.01	23.1	NaN	NaN	0.0	"2.5"	"F0034"	1	0	"PR"	378.728	"deionize-uv"	61.527	0	1	0	0.0	0.0	0.0	null	380.53	0.086
-12.8	0.03025	30000.0	2971.875	2353.125	NaN	NaN	NaN	0	1	1	0	0	0	0	0	0	0	0	0	1	0	0	0	1	1	1	0	1	1	1	0	1	-154.0	0.112	0.293	NaN	NaN	0.267	0.651	NaN	NaN	8.01	22.785	NaN	NaN	0.0	"2.5"	"F0034"	1	0	"PR"	388.764	"deionize-uv"	71.563	0	1	0	0.0	0.0	0.0	null	390.566	0.088
-10.3	0.03025	29250.0	2934.375	2437.5	NaN	NaN	NaN	0	1	1	0	0	0	0	0	0	0	0	0	1	0	0	0	1	1	1	0	1	1	1	0	1	-124.0	0.108	0.302	NaN	NaN	0.257	0.671	NaN	NaN	7.71	23.485	NaN	NaN	0.0	"2.5"	"F0034"	1	0	"PR"	398.801	"deionize-uv"	81.6	0	1	0	0.0	0.0	0.0	null	400.603	0.09
-10.1	0.03025	29625.0	2962.5	2390.625	NaN	NaN	NaN	0	1	1	0	0	0	0	0	0	0	0	0	1	0	0	0	1	1	1	0	1	1	1	0	1	-121.0	0.111	0.297	NaN	NaN	0.264	0.66	NaN	NaN	7.92	23.1	NaN	NaN	0.0	"2.5"	"F0034"	1	0	"PR"	408.834	"deionize-uv"	91.633	0	1	0	0.0	0.0	0.0	null	410.636	0.09
-10.3	0.0297	30000.0	2962.5	2428.125	NaN	NaN	NaN	0	1	1	0	0	0	0	0	0	0	0	0	1	0	0	0	1	1	1	0	1	1	1	0	1	-124.0	0.111	0.301	NaN	NaN	0.264	0.669	NaN	NaN	7.92	23.415	NaN	NaN	0.0	"2.5"	"F0034"	1	0	"PR"	418.873	"deionize-uv"	101.672	0	1	0	0.0	0.0	0.0	null	420.675	0.092
-10.9	0.029425	30000.0	2962.5	2418.75	NaN	NaN	NaN	0	1	1	0	0	0	0	0	0	0	0	0	1	0	0	0	1	1	1	0	1	1	1	0	1	-131.0	0.111	0.3	NaN	NaN	0.264	0.667	NaN	NaN	7.92	23.345	NaN	NaN	0.0	"2.5"	"F0034"	1	0	"PR"	428.904	"deionize-uv"	111.703	0	1	0	0.0	0.0	0.0	null	430.706	0.09
-10.7	0.02915	27750.0	2990.625	2043.75	NaN	NaN	NaN	0	0	1	0	0	0	0	1	0	0	0	0	1	0	0	0	1	1	1	0	1	1	1	0	1	-128.0	0.114	0.262	NaN	NaN	0.271	0.582	NaN	NaN	8.13	20.37	NaN	NaN	0.0	"2.5"	"F0034"	1	0	"PR"	438.871	"drain-di-1"	1.541	0	1	0	0.0	0.0	0.0	null	440.673	0.094
-9.8	0.028325	30000.0	2971.875	1809.375	NaN	NaN	NaN	0	0	1	0	0	0	0	1	0	0	0	0	1	0	0	0	1	1	1	0	1	1	1	0	1	-118.0	0.112	0.239	NaN	NaN	0.267	0.531	NaN	NaN	8.01	18.585	NaN	NaN	0.0	"2.5"	"F0034"	1	0	"PR"	448.913	"drain-di-1"	11.583	0	1	0	0.0	0.0	0.0	null	450.715	0.09
-9.8	0.02915	29437.5	2971.875	1565.625	NaN	NaN	NaN	0	0	1	0	0	0	0	1	0	0	0	0	1	0	0	0	1	1	1	0	1	1	1	0	1	-118.0	0.112	0.215	NaN	NaN	0.267	0.478	NaN	NaN	8.01	16.73	NaN	NaN	0.0	"2.5"	"F0034"	1	0	"PR"	458.756	"drain-di-1"	21.426	0	1	0	0.0	0.0	0.0	null	460.558	0.084
-9.5	0.0286	30375.0	2962.5	1293.75	NaN	NaN	NaN	0	0	1	0	0	0	0	1	0	0	0	0	1	0	0	0	1	1	1	0	1	1	1	0	1	-114.0	0.111	0.187	NaN	NaN	0.264	0.416	NaN	NaN	7.92	14.56	NaN	NaN	0.0	"2.5"	"F0034"	1	0	"PR"	468.794	"drain-di-1"	31.464	0	1	0	0.0	0.0	0.0	null	470.596	0.084
-9.7	0.028325	30000.0	2971.875	1031.25	NaN	NaN	NaN	0	0	1	0	0	0	0	1	0	0	0	0	1	0	0	0	1	1	1	0	1	1	1	0	1	-116.0	0.112	0.161	NaN	NaN	0.267	0.358	NaN	NaN	8.01	12.53	NaN	NaN	0.0	"2.5"	"F0034"	1	0	"PR"	478.828	"drain-di-1"	41.498	0	1	0	0.0	0.0	0.0	null	480.63	0.086
-9.2	0.028325	30000.0	2971.875	806.25	NaN	NaN	NaN	0	0	1	0	0	0	0	1	0	0	0	0	1	0	0	0	1	1	1	0	1	1	1	0	1	-110.0	0.112	0.139	NaN	NaN	0.267	0.309	NaN	NaN	8.01	10.815	NaN	NaN	0.0	"2.5"	"F0034"	1	0	"PR"	488.87	"drain-di-1"	51.54	0	1	0	0.0	0.0	0.0	null	490.672	0.09
-9.1	0.02805	30000.0	2981.25	534.375	NaN	NaN	NaN	0	0	1	0	0	0	0	1	0	0	0	0	1	0	0	0	1	1	1	0	1	1	1	0	1	-109.0	0.113	0.111	NaN	NaN	0.269	0.247	NaN	NaN	8.07	8.645	NaN	NaN	0.0	"2.5"	"F0034"	1	0	"PR"	498.908	"drain-di-1"	61.578	0	1	0	0.0	0.0	0.0	null	500.71	0.087
-8.8	0.027775	29250.0	2981.25	290.625	NaN	NaN	NaN	0	0	1	0	0	0	0	1	0	0	0	0	1	0	0	0	1	1	1	0	1	1	1	0	1	-106.0	0.113	0.087	NaN	NaN	0.269	0.193	NaN	NaN	8.07	6.755	NaN	NaN	0.0	"2.5"	"F0034"	1	0	"PR"	508.947	"drain-di-1"	71.617	0	1	0	0.0	0.0	0.0	null	510.749	0.087
-9.1	0.02805	29812.5	2971.875	46.875	NaN	NaN	NaN	0	0	1	0	0	0	0	1	0	0	0	0	1	0	0	0	1	1	1	0	1	1	1	0	1	-109.0	0.112	0.063	NaN	NaN	0.267	0.14	NaN	NaN	8.01	4.9	NaN	NaN	0.0	"2.5"	"F0034"	1	0	"PR"	518.897	"drip-di-1"	0.917	0	1	0	0.0	0.0	0.0	null	520.699	0.087
-9.4	0.027775	29625.0	2962.5	215.625	NaN	NaN	NaN	0	0	1	0	0	0	0	1	0	0	0	0	1	0	0	0	1	1	1	0	1	1	1	0	1	-113.0	0.111	0.08	NaN	NaN	0.264	0.178	NaN	NaN	7.92	6.23	NaN	NaN	0.0	"2.5"	"F0034"	1	0	"PR"	528.935	"drip-di-1"	10.955	0	1	0	0.0	0.0	0.0	null	530.737	0.086
12.6	0.02805	26062.5	2821.875	18.75	NaN	NaN	NaN	1	0	0	0	0	1	1	0	0	0	0	0	1	1	0	0	0	1	1	1	0	1	1	1	0	151.0	0.097	0.06	NaN	NaN	0.231	0.133	NaN	NaN	6.93	4.655	NaN	NaN	0.0	"2.5"	"F0034"	1	1	"PR"	538.939	"reverse-f"	5.786	0	1	0	0.0	0.0	0.0	null	540.741	0.084
12.3	0.0297	25500.0	2812.5	328.125	NaN	NaN	NaN	1	0	0	0	0	1	1	0	0	0	0	0	1	1	0	0	0	1	1	1	0	1	1	1	0	148.0	0.096	0.091	NaN	NaN	0.229	0.202	NaN	NaN	6.87	7.07	NaN	NaN	0.0	"2.5"	"F0034"	1	1	"PR"	548.98	"reverse-f"	15.827	0	1	0	0.0	0.0	0.0	null	550.782	0.087
12.4	0.031625	26437.5	2784.375	628.125	NaN	NaN	NaN	1	0	0	0	0	1	1	0	0	0	0	0	1	1	0	0	0	1	1	1	0	1	1	1	0	149.0	0.093	0.121	NaN	NaN	0.221	0.269	NaN	NaN	6.63	9.415	NaN	NaN	0.0	"2.5"	"F0034"	1	1	"PR"	559.013	"reverse-f"	25.86	0	1	0	0.0	0.0	0.0	null	560.815	0.086
12.3	0.034925	26437.5	2821.875	918.75	NaN	NaN	NaN	1	0	0	0	0	1	1	0	0	0	0	0	1	1	0	0	0	1	1	1	0	1	1	1	0	148.0	0.097	0.15	NaN	NaN	0.231	0.333	NaN	NaN	6.93	11.655	NaN	NaN	0.0	"2.5"	"F0034"	1	1	"PR"	569.05	"reverse-f"	35.897	0	1	0	0.0	0.0	0.0	null	570.852	0.086
12.5	0.0374	25500.0	2746.875	1246.875	NaN	NaN	NaN	1	0	0	0	0	1	1	0	0	0	0	0	1	1	0	0	0	1	1	1	0	1	1	1	0	150.0	0.09	0.183	NaN	NaN	0.214	0.407	NaN	NaN	6.42	14.245	NaN	NaN	0.0	"2.5"	"F0034"	1	1	"PR"	579.088	"reverse-f"	45.935	0	1	0	0.0	0.0	0.0	null	580.89	0.087
12.7	0.0396	24000.0	2821.875	1518.75	NaN	NaN	NaN	1	0	0	0	0	1	1	0	0	0	0	0	1	1	0	0	0	1	1	1	0	1	1	1	0	152.0	0.097	0.21	NaN	NaN	0.231	0.467	NaN	NaN	6.93	16.345	NaN	NaN	0.0	"2.5"	"F0034"	1	1	"PR"	588.922	"reverse-f"	55.769	0	1	0	0.0	0.0	0.0	null	590.724	0.084
12.3	0.0418	26250.0	2793.75	1809.375	NaN	NaN	NaN	1	0	0	0	0	1	1	0	0	0	0	0	1	1	0	0	0	1	1	1	0	1	1	1	0	148.0	0.094	0.239	NaN	NaN	0.224	0.531	NaN	NaN	6.72	18.585	NaN	NaN	0.0	"2.5"	"F0034"	1	1	"PR"	598.959	"reverse-f"	65.806	0	1	0	0.0	0.0	0.0	null	600.761	0.085
12.0	0.044	26062.5	2784.375	2090.625	NaN	NaN	NaN	1	0	0	0	0	1	1	0	0	0	0	0	1	1	0	0	0	1	1	1	0	1	1	1	0	144.0	0.093	0.267	NaN	NaN	0.221	0.593	NaN	NaN	6.63	20.755	NaN	NaN	0.0	"2.5"	"F0034"	1	1	"PR"	609.0	"reverse-f"	75.847	0	1	0	0.0	0.0	0.0	null	610.802	0.084
11.9	0.0462	23812.5	2784.375	2259.375	NaN	NaN	NaN	0	0	0	0	0	1	1	0	0	0	0	0	1	0	0	0	0	1	1	1	0	1	1	1	0	143.0	0.093	0.284	NaN	NaN	0.221	0.631	NaN	NaN	6.63	22.085	NaN	NaN	0.0	"2.5"	"F0034"	1	1	"PR"	618.941	"reverse"	85.788	0	1	0	0.0	0.0	0.0	null	620.743	0.084
9.1	0.0473	24000.0	2812.5	2268.75	NaN	NaN	NaN	0	0	0	0	0	1	1	0	0	0	0	0	1	0	0	0	0	1	1	1	0	1	1	1	0	109.0	0.096	0.285	NaN	NaN	0.229	0.633	NaN	NaN	6.87	22.155	NaN	NaN	0.0	"2.5"	"F0034"	1	1	"PR"	628.981	"reverse"	95.828	0	1	0	0.0	0.0	0.0	null	630.783	0.085
14.8	0.04895	25125.0	2803.125	2250.0	NaN	NaN	NaN	0	0	0	0	0	1	1	0	0	0	0	0	1	0	0	0	0	1	1	1	0	1	1	1	0	178.0	0.095	0.283	NaN	NaN	0.226	0.629	NaN	NaN	6.78	22.015	NaN	NaN	0.0	"2.5"	"F0034"	1	1	"PR"	639.014	"reverse"	105.861	0	1	0	0.0	0.0	0.0	null	640.816	0.084
11.9	0.049775	26062.5	2756.25	2259.375	NaN	NaN	NaN	0	0	0	0	0	1	1	0	0	0	0	0	1	0	0	0	0	1	1	1	0	1	1	1	0	143.0	0.091	0.284	NaN	NaN	0.217	0.631	NaN	NaN	6.51	22.085	NaN	NaN	0.0	"2.5"	"F0034"	1	1	"PR"	649.046	"reverse"	115.893	0	1	0	0.0	0.0	0.0	null	650.848	0.084
13.6	0.05005	26062.5	2784.375	2250.0	NaN	NaN	NaN	0	0	0	0	0	1	1	0	0	0	0	0	1	0	0	0	0	1	1	1	0	1	1	1	0	163.0	0.093	0.283	NaN	NaN	0.221	0.629	NaN	NaN	6.63	22.015	NaN	NaN	0.0	"2.5"	"F0034"	1	1	"PR"	659.084	"reverse"	125.931	0	1	0	0.0	0.0	0.0	null	660.886	0.084
12.6	0.050875	24000.0	2840.625	2268.75	NaN	NaN	NaN	0	0	0	0	0	1	1	0	0	0	0	0	1	0	0	0	0	1	1	1	0	1	1	1	0	151.0	0.099	0.285	NaN	NaN	0.236	0.633	NaN	NaN	7.08	22.155	NaN	NaN	0.0	"2.5"	"F0034"	1	1	"PR"	669.114	"reverse"	135.961	0	1	0	0.0	0.0	0.0	null	670.916	0.084
12.4	0.050875	25687.5	2784.375	2250.0	NaN	NaN	NaN	0	0	0	0	0	1	1	0	0	0	0	0	1	0	0	0	0	1	1	1	0	1	1	1	0	149.0	0.093	0.283	NaN	NaN	0.221	0.629	NaN	NaN	6.63	22.015	NaN	NaN	0.0	"2.5"	"F0034"	1	1	"PR"	679.148	"reverse"	145.995	0	1	0	0.0	0.0	0.0	null	680.95	0.084
2.6	0.052525	-937.5	2981.25	2278.125	NaN	NaN	NaN	0	0	0	0	0	0	0	0	0	0	0	0	0	0	0	0	0	0	0	0	1	0	0	0	1	31.0	0.113	0.286	NaN	NaN	0.269	0.636	NaN	NaN	8.07	22.26	NaN	NaN	0.0	"2.5"	"F0034"	0	0	"PR"	689.078	"diffuse"	5.913	0	1	1	0.0	0.0	0.0	null	690.88	0.085
3.4	0.051425	-375.0	2981.25	2278.125	NaN	NaN	NaN	0	0	0	0	0	0	0	0	0	0	0	0	0	0	0	0	0	0	0	0	1	0	0	0	1	41.0	0.113	0.286	NaN	NaN	0.269	0.636	NaN	NaN	8.07	22.26	NaN	NaN	0.0	"2.5"	"F0034"	0	0	"PR"	699.108	"diffuse"	15.943	0	1	1	0.0	0.0	0.0	null	700.91	0.084
3.2	0.0517	-750.0	2981.25	2268.75	NaN	NaN	NaN	0	0	0	0	0	0	0	0	0	0	0	0	0	0	0	0	0	0	0	0	1	0	0	0	1	38.0	0.113	0.285	NaN	NaN	0.269	0.633	NaN	NaN	8.07	22.155	NaN	NaN	0.0	"2.5"	"F0034"	0	0	"PR"	709.14	"diffuse"	25.975	0	1	1	0.0	0.0	0.0	null	710.942	0.084
12.4	0.0517	24000.0	2831.25	2268.75	NaN	NaN	NaN	0	0	0	0	0	1	1	0	0	0	0	0	1	0	0	0	0	1	1	1	0	1	1	1	0	149.0	0.098	0.285	NaN	NaN	0.233	0.633	NaN	NaN	6.99	22.155	NaN	NaN	0.0	"2.5"	"F0034"	1	1	"PR"	719.073	"wash-en"	5.718	0	1	1	0.0	0.0	0.0	null	720.875	0.092
12.1	0.051975	26437.5	2850.0	2268.75	NaN	NaN	NaN	0	0	0	0	0	1	1	0	0	0	0	0	1	0	0	0	0	1	1	1	0	1	1	1	0	145.0	0.1	0.285	NaN	NaN	0.238	0.633	NaN	NaN	7.14	22.155	NaN	NaN	0.0	"2.5"	"F0034"	1	1	"PR"	729.105	"wash-en"	15.75	0	1	1	0.0	0.0	0.0	null	730.907	0.09
2.3	0.054175	25687.5	2812.5	2278.125	NaN	NaN	NaN	0	0	0	0	0	1	1	0	0	0	0	0	1	0	0	0	0	0	0	0	1	0	0	0	1	28.0	0.096	0.286	NaN	NaN	0.229	0.636	NaN	NaN	6.87	22.26	NaN	NaN	0.0	"2.5"	"F0034"	0	0	"PR"	739.231	"wash-sc"	5.711	0	1	1	0.0	0.0	0.0	null	741.033	0.084
3.0	0.053075	-562.5	2981.25	2278.125	NaN	NaN	NaN	0	0	0	0	0	0	0	0	0	0	0	0	0	0	0	0	0	0	0	0	1	0	0	0	1	36.0	0.113	0.286	NaN	NaN	0.269	0.636	NaN	NaN	8.07	22.26	NaN	NaN	0.0	"2.5"	"F0034"	0	0	"PR"	749.272	"diffuse"	5.624	0	1	2	0.0	0.0	0.0	null	751.074	0.086
2.8	0.053075	-375.0	2971.875	2278.125	NaN	NaN	NaN	0	0	0	0	0	0	0	0	0	0	0	0	0	0	0	0	0	0	0	0	1	0	0	0	1	34.0	0.112	0.286	NaN	NaN	0.267	0.636	NaN	NaN	8.01	22.26	NaN	NaN	0.0	"2.5"	"F0034"	0	0	"PR"	759.106	"diffuse"	15.458	0	1	2	0.0	0.0	0.0	null	760.908	0.09
2.7	0.053625	937.5	2981.25	2278.125	NaN	NaN	NaN	0	0	0	0	0	0	0	0	0	0	0	0	0	0	0	0	0	0	0	0	1	0	0	0	1	32.0	0.113	0.286	NaN	NaN	0.269	0.636	NaN	NaN	8.07	22.26	NaN	NaN	0.0	"2.5"	"F0034"	0	0	"PR"	769.137	"diffuse"	25.489	0	1	2	0.0	0.0	0.0	null	770.939	0.09
12.1	0.0528	24750.0	2803.125	2259.375	NaN	NaN	NaN	0	0	0	0	0	1	1	0	0	0	0	0	1	0	0	0	0	1	1	1	0	1	1	1	0	145.0	0.095	0.284	NaN	NaN	0.226	0.631	NaN	NaN	6.78	22.085	NaN	NaN	0.0	"2.5"	"F0034"	1	1	"PR"	779.269	"wash-en"	5.512	0	1	2	0.0	0.0	0.0	null	781.071	0.087
12.3	0.053625	24562.5	2821.875	2240.625	NaN	NaN	NaN	0	0	0	0	0	1	1	0	0	0	0	0	1	0	0	0	0	1	1	1	0	1	1	1	0	148.0	0.097	0.282	NaN	NaN	0.231	0.627	NaN	NaN	6.93	21.945	NaN	NaN	0.0	"2.5"	"F0034"	1	1	"PR"	789.304	"wash-en"	15.547	0	1	2	0.0	0.0	0.0	null	791.106	0.084
1.8	0.054175	25500.0	2831.25	2287.5	NaN	NaN	NaN	0	0	0	0	0	1	1	0	0	0	0	0	1	0	0	0	0	0	0	0	1	0	0	0	1	22.0	0.098	0.287	NaN	NaN	0.233	0.638	NaN	NaN	6.99	22.33	NaN	NaN	0.0	"2.5"	"F0034"	0	0	"PR"	799.221	"wash-sc"	5.304	0	1	2	0.0	0.0	0.0	null	801.023	0.09
2.1	0.0539	-187.5	2981.25	2278.125	NaN	NaN	NaN	0	0	0	0	0	0	0	0	0	0	0	0	0	0	0	0	0	0	0	0	1	0	0	0	1	25.0	0.113	0.286	NaN	NaN	0.269	0.636	NaN	NaN	8.07	22.26	NaN	NaN	0.0	"2.5"	"F0034"	0	0	"PR"	809.263	"diffuse"	5.222	0	1	3	0.0	0.0	0.0	null	811.065	0.092
1.9	0.054175	375.0	2990.625	2278.125	NaN	NaN	NaN	0	0	0	0	0	0	0	0	0	0	0	0	0	0	0	0	0	0	0	0	1	0	0	0	1	23.0	0.114	0.286	NaN	NaN	0.271	0.636	NaN	NaN	8.13	22.26	NaN	NaN	0.0	"2.5"	"F0034"	0	0	"PR"	819.3	"diffuse"	15.259	0	1	3	0.0	0.0	0.0	null	821.102	0.086
3.1	0.0539	-375.0	2981.25	2287.5	NaN	NaN	NaN	0	0	0	0	0	0	0	0	0	0	0	0	0	0	0	0	0	0	0	0	1	0	0	0	1	37.0	0.113	0.287	NaN	NaN	0.269	0.638	NaN	NaN	8.07	22.33	NaN	NaN	0.0	"2.5"	"F0034"	0	0	"PR"	829.334	"diffuse"	25.293	0	1	3	0.0	0.0	0.0	null	831.136	0.084
12.6	0.05335	23812.5	2784.375	2240.625	NaN	NaN	NaN	0	0	0	0	0	1	1	0	0	0	0	0	1	0	0	0	0	1	1	1	0	1	1	1	0	151.0	0.093	0.282	NaN	NaN	0.221	0.627	NaN	NaN	6.63	21.945	NaN	NaN	0.0	"2.5"	"F0034"	1	1	"PR"	839.267	"wash-en"	5.113	0	1	3	0.0	0.0	0.0	null	841.069	0.088
12.6	0.053075	26250.0	2821.875	2240.625	NaN	NaN	NaN	0	0	0	0	0	1	1	0	0	0	0	0	1	0	0	0	0	1	1	1	0	1	1	1	0	151.0	0.097	0.282	NaN	NaN	0.231	0.627	NaN	NaN	6.93	21.945	NaN	NaN	0.0	"2.5"	"F0034"	1	1	"PR"	849.3	"wash-en"	15.146	0	1	3	0.0	0.0	0.0	null	851.102	0.087
1.4	0.0539	24750.0	2775.0	2268.75	NaN	NaN	NaN	0	0	0	0	0	1	1	0	0	0	0	0	1	0	0	0	0	0	0	0	1	0	0	0	1	17.0	0.093	0.285	NaN	NaN	0.221	0.633	NaN	NaN	6.63	22.155	NaN	NaN	0.0	"2.5"	"F0034"	0	0	"PR"	859.226	"wash-sc"	4.909	0	1	3	0.0	0.0	0.0	null	861.028	0.087
0.8	0.053625	-1500.0	2981.25	2268.75	NaN	NaN	NaN	0	0	0	0	0	0	0	0	0	0	0	0	0	0	0	0	0	0	0	0	1	0	0	0	1	10.0	0.113	0.285	NaN	NaN	0.269	0.633	NaN	NaN	8.07	22.155	NaN	NaN	0.0	"2.5"	"F0034"	0	0	"PR"	869.267	"diffuse"	4.82	0	1	4	0.0	0.0	0.0	null	871.069	0.091
1.3	0.053625	375.0	2990.625	2278.125	NaN	NaN	NaN	0	0	0	0	0	0	0	0	0	0	0	0	0	0	0	0	0	0	0	0	1	0	0	0	1	16.0	0.114	0.286	NaN	NaN	0.271	0.636	NaN	NaN	8.13	22.26	NaN	NaN	0.0	"2.5"	"F0034"	0	0	"PR"	879.299	"diffuse"	14.852	0	1	4	0.0	0.0	0.0	null	881.101	0.087
1.9	0.054175	187.5	2981.25	2315.625	NaN	NaN	NaN	0	0	0	0	0	0	0	0	0	0	0	0	0	0	0	0	0	0	0	0	1	0	0	0	1	23.0	0.113	0.29	NaN	NaN	0.269	0.644	NaN	NaN	8.07	22.54	NaN	NaN	0.0	"2.5"	"F0034"	0	0	"PR"	889.332	"diffuse"	24.885	0	1	4	0.0	0.0	0.0	null	891.134	0.087
12.5	0.053075	24375.0	2840.625	2287.5	NaN	NaN	NaN	0	0	0	0	0	1	1	0	0	0	0	0	1	0	0	0	0	1	1	1	0	1	1	1	0	150.0	0.099	0.287	NaN	NaN	0.236	0.638	NaN	NaN	7.08	22.33	NaN	NaN	0.0	"2.5"	"F0034"	1	1	"PR"	899.261	"wash-en"	4.71	0	1	4	0.0	0.0	0.0	null	901.063	0.092
10.1	0.053075	25312.5	2784.375	2268.75	NaN	NaN	NaN	0	0	0	0	0	1	1	0	0	0	0	0	1	0	0	0	0	1	1	1	0	1	1	1	0	121.0	0.093	0.285	NaN	NaN	0.221	0.633	NaN	NaN	6.63	22.155	NaN	NaN	0.0	"2.5"	"F0034"	1	1	"PR"	909.295	"wash-en"	14.744	0	1	4	0.0	0.0	0.0	null	911.097	0.087
1.3	0.054175	24937.5	2896.875	2278.125	NaN	NaN	NaN	0	0	0	0	0	1	1	0	0	0	0	0	1	0	0	0	0	0	0	0	1	0	0	0	1	16.0	0.105	0.286	NaN	NaN	0.25	0.636	NaN	NaN	7.5	22.26	NaN	NaN	0.0	"2.5"	"F0034"	0	0	"PR"	919.418	"wash-sc"	4.707	0	1	4	0.0	0.0	0.0	null	921.22	0.09
1.0	0.0539	-2437.5	2615.625	2278.125	NaN	NaN	NaN	0	0	0	0	1	0	0	0	0	0	0	0	0	0	0	0	0	0	0	0	1	0	0	0	1	12.0	0.077	0.286	NaN	NaN	0.183	0.636	NaN	NaN	5.49	22.26	NaN	NaN	0.0	"2.5"	"F0034"	0	0	"PR"	929.457	"drain-rg"	4.619	0	1	4	0.0	0.0	0.0	null	931.259	0.091
1.0	0.0539	-2250.0	2259.375	2287.5	NaN	NaN	NaN	0	0	0	0	1	0	0	0	0	0	0	0	0	0	0	0	0	0	0	0	1	0	0	0	1	12.0	0.041	0.287	NaN	NaN	0.098	0.638	NaN	NaN	2.94	22.33	NaN	NaN	0.0	"2.5"	"F0034"	0	0	"PR"	939.491	"drain-rg"	14.653	0	1	4	0.0	0.0	0.0	null	941.293	0.09
1.3	0.054175	-2625.0	1912.5	2287.5	NaN	NaN	NaN	0	0	0	0	1	0	0	0	0	0	0	0	0	0	0	0	0	0	0	0	1	0	0	0	1	16.0	0.006	0.287	NaN	NaN	0.014	0.638	NaN	NaN	0.42	22.33	NaN	NaN	0.0	"2.5"	"F0034"	0	0	"PR"	949.323	"drain-rg"	24.485	0	1	4	0.0	0.0	0.0	null	951.125	0.084
0.5	0.053075	-2625.0	1312.5	2278.125	NaN	NaN	NaN	0	0	0	0	1	0	0	0	0	0	0	0	0	0	0	0	0	0	0	0	1	0	0	0	1	6.0	-0.054	0.286	NaN	NaN	-0.129	0.636	NaN	NaN	-3.87	22.26	NaN	NaN	0.0	"2.5"	"F0034"	0	0	"PR"	959.361	"drip-rg"	9.236	0	1	4	0.0	0.0	0.0	null	961.163	0.085
0.6	0.053075	21937.5	1809.375	2203.125	NaN	NaN	NaN	0	0	1	0	0	1	0	0	0	0	0	0	1	0	0	0	0	0	0	0	1	0	0	0	1	7.0	-0.004	0.278	NaN	NaN	-0.01	0.618	NaN	NaN	-0.3	21.63	NaN	NaN	0.0	"2.5"	"F0034"	0	0	"FR"	3.432	"fill-rg-di"	3.231	1	1	0	967.186	0.0	0.0	null	971.244	0.09
1.5	0.05335	23250.0	2062.5	1959.375	NaN	NaN	NaN	0	0	1	0	0	1	0	0	0	0	0	0	1	0	0	0	0	0	0	0	1	0	0	0	1	18.0	0.021	0.254	NaN	NaN	0.05	0.564	NaN	NaN	1.5	19.74	NaN	NaN	0.0	"2.5"	"F0034"	0	0	"FR"	13.469	"fill-rg-di"	13.268	1	1	0	967.186	0.0	0.0	null	981.281	0.088
1.2	0.0517	24750.0	2381.25	1696.875	NaN	NaN	NaN	0	0	1	0	0	1	0	0	0	0	0	0	1	0	0	0	0	0	0	0	1	0	0	0	1	14.0	0.053	0.228	NaN	NaN	0.126	0.507	NaN	NaN	3.78	17.745	NaN	NaN	0.0	"2.5"	"F0034"	0	0	"FR"	23.505	"fill-rg-di"	23.304	1	1	0	967.186	0.0	0.0	null	991.317	0.09
1.2	0.050875	24937.5	2671.875	1462.5	NaN	NaN	NaN	0	0	1	0	0	1	0	0	0	0	0	0	1	0	0	0	0	0	0	0	1	0	0	0	1	14.0	0.082	0.204	NaN	NaN	0.195	0.453	NaN	NaN	5.85	15.855	NaN	NaN	0.0	"2.5"	"F0034"	0	0	"FR"	33.541	"fill-rg-di"	33.34	1	1	0	967.186	0.0	0.0	null	1001.353	0.091
1.4	0.0495	24562.5	3000.0	1200.0	NaN	NaN	NaN	0	0	1	0	0	1	0	0	0	0	0	0	1	0	0	0	0	0	0	0	1	0	0	0	1	17.0	0.115	0.178	NaN	NaN	0.274	0.396	NaN	NaN	8.22	13.86	NaN	NaN	0.0	"2.5"	"F0034"	0	0	"FR"	43.378	"fill-rg-di"	43.177	1	1	0	967.186	0.0	0.0	null	1011.19	0.087
-0.1	0.049225	-2062.5	2962.5	1003.125	NaN	NaN	NaN	0	0	0	0	1	0	0	0	0	0	0	0	0	0	0	0	0	0	0	0	1	0	0	0	1	-1.0	0.111	0.158	NaN	NaN	0.264	0.351	NaN	NaN	7.92	12.285	NaN	NaN	0.0	"2.5"	"F0034"	0	0	"FR"	53.408	"drain-rg"	2.005	1	1	0	967.186	0.0	0.0	null	1021.22	0.086
1.1	0.0484	-3562.5	2615.625	993.75	NaN	NaN	NaN	0	0	0	0	1	0	0	0	0	0	0	0	0	0	0	0	0	0	0	0	1	0	0	0	1	13.0	0.077	0.157	NaN	NaN	0.183	0.349	NaN	NaN	5.49	12.215	NaN	NaN	0.0	"2.5"	"F0034"	0	0	"FR"	63.44	"drain-rg"	12.037	1	1	0	967.186	0.0	0.0	null	1031.252	0.086
1.4	0.048675	-3562.5	2231.25	993.75	NaN	NaN	NaN	0	0	0	0	1	0	0	0	0	0	0	0	0	0	0	0	0	0	0	0	1	0	0	0	1	17.0	0.038	0.157	NaN	NaN	0.09	0.349	NaN	NaN	2.7	12.215	NaN	NaN	0.0	"2.5"	"F0034"	0	0	"FR"	73.478	"drain-rg"	22.075	1	1	0	967.186	0.0	0.0	null	1041.29	0.087
1.3	0.049225	-5250.0	1884.375	993.75	NaN	NaN	NaN	0	0	0	0	1	0	0	0	0	0	0	0	0	0	0	0	0	0	0	0	1	0	0	0	1	16.0	0.003	0.157	NaN	NaN	0.007	0.349	NaN	NaN	0.21	12.215	NaN	NaN	0.0	"2.5"	"F0034"	0	0	"FR"	83.508	"drain-rg"	32.105	1	1	0	967.186	0.0	0.0	null	1051.32	0.086
1.2	0.049225	-5250.0	1228.125	984.375	NaN	NaN	NaN	0	0	0	0	1	0	0	0	0	0	0	0	0	0	0	0	0	0	0	0	1	0	0	0	1	14.0	-0.062	0.156	NaN	NaN	-0.148	0.347	NaN	NaN	-4.44	12.145	NaN	NaN	0.0	"2.5"	"F0034"	0	0	"FR"	93.544	"drip-rg"	9.634	1	1	0	967.186	0.0	0.0	null	1061.356	0.088
1.3	0.048675	24562.5	1387.5	918.75	NaN	NaN	NaN	0	0	1	0	0	1	0	0	0	0	0	0	1	0	0	0	0	0	0	0	1	0	0	0	1	16.0	-0.046	0.15	NaN	NaN	-0.11	0.333	NaN	NaN	-3.3	11.655	NaN	NaN	0.0	"2.5"	"F0034"	0	0	"PR"	3.832	"fill-rg-di"	3.632	1	0	0	967.186	0.0	1066.98	null	1071.432	0.09
1.5	0.048125	24375.0	2062.5	665.625	NaN	NaN	NaN	0	0	1	0	0	1	0	0	0	0	0	0	1	0	0	0	0	0	0	0	1	0	0	0	1	18.0	0.021	0.125	NaN	NaN	0.05	0.278	NaN	NaN	1.5	9.73	NaN	NaN	0.0	"2.5"	"F0034"	0	0	"PR"	13.672	"fill-rg-di"	13.472	1	0	0	967.186	0.0	1066.98	null	1081.272	0.09
1.2	0.04675	24750.0	2362.5	412.5	NaN	NaN	NaN	0	0	1	0	0	1	0	0	0	0	0	0	1	0	0	0	0	0	0	0	1	0	0	0	1	14.0	0.051	0.099	NaN	NaN	0.121	0.22	NaN	NaN	3.63	7.7	NaN	NaN	0.0	"2.5"	"F0034"	0	0	"PR"	23.708	"fill-rg-di"	23.508	1	0	0	967.186	0.0	1066.98	null	1091.308	0.084
1.2	0.046475	24562.5	2671.875	150.0	NaN	NaN	NaN	0	0	1	0	0	1	0	0	0	0	0	0	1	0	0	0	0	0	0	0	1	0	0	0	1	14.0	0.082	0.073	NaN	NaN	0.195	0.162	NaN	NaN	5.85	5.67	NaN	NaN	0.0	"2.5"	"F0034"	0	0	"PR"	33.746	"fill-rg-di"	33.546	1	0	0	967.186	0.0	1066.98	null	1101.346	0.087
1.0	0.045925	-562.5	2765.625	309.375	NaN	NaN	NaN	1	0	0	0	0	0	0	0	0	0	0	0	0	1	0	0	0	0	0	0	1	0	0	0	1	12.0	0.092	0.089	NaN	NaN	0.219	0.198	NaN	NaN	6.57	6.93	NaN	NaN	0.0	"2.5"	"F0034"	0	0	"PR"	43.785	"fill-di-lb"	7.427	1	0	0	967.186	0.0	1066.98	null	1111.385	0.087
1.3	0.045925	-187.5	2784.375	600.0	NaN	NaN	NaN	1	0	0	0	0	0	0	0	0	0	0	0	0	1	0	0	0	0	0	0	1	0	0	0	1	16.0	0.093	0.118	NaN	NaN	0.221	0.262	NaN	NaN	6.63	9.17	NaN	NaN	0.0	"2.5"	"F0034"	0	0	"PR"	53.818	"fill-di-lb"	17.46	1	0	0	967.186	0.0	1066.98	null	1121.418	0.086
1.0	0.0462	1312.5	2775.0	900.0	NaN	NaN	NaN	1	0	0	0	0	0	0	0	0	0	0	0	0	1	0	0	0	0	0	0	1	0	0	0	1	12.0	0.093	0.148	NaN	NaN	0.221	0.329	NaN	NaN	6.63	11.515	NaN	NaN	0.0	"2.5"	"F0034"	0	0	"PR"	63.852	"fill-di-lb"	27.494	1	0	0	967.186	0.0	1066.98	null	1131.452	0.087
0.8	0.0462	1500.0	2784.375	1200.0	NaN	NaN	NaN	1	0	0	0	0	0	0	0	0	0	0	0	0	1	0	0	0	0	0	0	1	0	0	0	1	10.0	0.093	0.178	NaN	NaN	0.221	0.396	NaN	NaN	6.63	13.86	NaN	NaN	0.0	"2.5"	"F0034"	0	0	"PR"	73.889	"fill-di-lb"	37.531	1	0	0	967.186	0.0	1066.98	null	1141.489	0.087
1.1	0.045925	750.0	2765.625	1481.25	NaN	NaN	NaN	1	0	0	0	0	0	0	0	0	0	0	0	0	1	0	0	0	0	0	0	1	0	0	0	1	13.0	0.092	0.206	NaN	NaN	0.219	0.458	NaN	NaN	6.57	16.03	NaN	NaN	0.0	"2.5"	"F0034"	0	0	"PR"	83.924	"fill-di-lb"	47.566	1	0	0	967.186	0.0	1066.98	null	1151.524	0.086
1.3	0.0462	0.0	2765.625	1781.25	NaN	NaN	NaN	1	0	0	0	0	0	0	0	0	0	0	0	0	1	0	0	0	0	0	0	1	0	0	0	1	16.0	0.092	0.236	NaN	NaN	0.219	0.524	NaN	NaN	6.57	18.34	NaN	NaN	0.0	"2.5"	"F0034"	0	0	"PR"	93.761	"fill-di-lb"	57.403	1	0	0	967.186	0.0	1066.98	null	1161.361	0.084
1.1	0.045925	-375.0	2756.25	2081.25	NaN	NaN	NaN	1	0	0	0	0	0	0	0	0	0	0	0	0	1	0	0	0	0	0	0	1	0	0	0	1	13.0	0.091	0.266	NaN	NaN	0.217	0.591	NaN	NaN	6.51	20.685	NaN	NaN	0.0	"2.5"	"F0034"	0	0	"PR"	103.797	"fill-di-lb"	67.439	1	0	0	967.186	0.0	1066.98	null	1171.397	0.084
0.6	0.0462	23812.5	2896.875	2156.25	NaN	NaN	NaN	0	0	1	0	0	1	0	0	0	0	0	0	1	0	0	0	0	0	0	0	1	0	0	0	1	7.0	0.105	0.274	NaN	NaN	0.25	0.609	NaN	NaN	7.5	21.315	NaN	NaN	0.0	"2.5"	"F0034"	0	0	"PR"	113.835	"fill-rg-di"	4.62	1	0	0	967.186	0.0	1066.98	null	1181.435	0.084
12.6	0.0451	30000.0	2962.5	2550.0	NaN	NaN	NaN	0	1	1	0	0	0	0	0	0	0	0	0	1	0	0	0	0	1	1	1	0	1	1	1	0	151.0	0.111	0.313	NaN	NaN	0.264	0.696	NaN	NaN	7.92	24.36	NaN	NaN	0.0	"2.5"	"F0034"	1	1	"PR"	123.887	"deionize"	2.022	1	1	0	967.186	0.0	1066.98	null	1191.487	0.085
13.3	0.045375	29437.5	2971.875	2568.75	NaN	NaN	NaN	0	1	1	0	0	0	0	0	0	0	0	0	1	0	0	0	0	1	1	1	0	1	1	1	0	160.0	0.112	0.315	NaN	NaN	0.267	0.7	NaN	NaN	8.01	24.5	NaN	NaN	0.0	"2.5"	"F0034"	1	1	"PR"	133.921	"deionize"	12.056	1	1	0	967.186	0.0	1066.98	null	1201.521	0.087
12.3	0.044	29625.0	2943.75	2587.5	NaN	NaN	NaN	0	1	1	0	0	0	0	0	0	0	0	0	1	0	0	0	0	1	1	1	0	1	1	1	0	148.0	0.109	0.317	NaN	NaN	0.26	0.704	NaN	NaN	7.8	24.64	NaN	NaN	0.0	"2.5"	"F0034"	1	1	"PR"	143.959	"deionize"	22.094	1	1	0	967.186	0.0	1066.98	null	1211.559	0.087
13.8	0.04345	30000.0	2971.875	2503.125	NaN	NaN	NaN	0	1	1	0	0	0	0	0	0	0	0	0	1	0	0	0	0	1	1	1	0	1	1	1	0	166.0	0.112	0.308	NaN	NaN	0.267	0.684	NaN	NaN	8.01	23.94	NaN	NaN	0.0	"2.5"	"F0034"	1	1	"PR"	153.991	"deionize"	32.126	1	1	0	967.186	0.0	1066.98	null	1221.591	0.087
12.5	0.0418	30000.0	2971.875	2521.875	NaN	NaN	NaN	0	1	1	0	0	0	0	0	0	0	0	0	1	0	0	0	0	1	1	1	0	1	1	1	0	150.0	0.112	0.31	NaN	NaN	0.267	0.689	NaN	NaN	8.01	24.115	NaN	NaN	0.0	"2.5"	"F0034"	1	1	"PR"	164.03	"deionize"	42.165	1	1	0	967.186	0.0	1066.98	null	1231.63	0.087
12.6	0.04125	30000.0	3000.0	2475.0	NaN	NaN	NaN	0	1	1	0	0	0	0	0	0	0	0	0	1	0	0	0	0	1	1	1	0	1	1	1	0	151.0	0.115	0.305	NaN	NaN	0.274	0.678	NaN	NaN	8.22	23.73	NaN	NaN	0.0	"2.5"	"F0034"	1	1	"PR"	173.869	"deionize"	52.004	1	1	0	967.186	0.0	1066.98	null	1241.469	0.089
12.7	0.04015	29625.0	2981.25	2521.875	NaN	NaN	NaN	0	1	1	0	0	0	0	0	0	0	0	0	1	0	0	0	0	1	1	1	0	1	1	1	0	152.0	0.113	0.31	NaN	NaN	0.269	0.689	NaN	NaN	8.07	24.115	NaN	NaN	0.0	"2.5"	"F0034"	1	1	"PR"	183.903	"deionize"	62.038	1	1	0	967.186	0.0	1066.98	null	1251.503	0.084
12.6	0.0396	29250.0	2971.875	2559.375	NaN	NaN	NaN	0	1	1	0	0	0	0	0	0	0	0	0	1	0	0	0	0	1	1	1	0	1	1	1	0	151.0	0.112	0.314	NaN	NaN	0.267	0.698	NaN	NaN	8.01	24.43	NaN	NaN	0.0	"2.5"	"F0034"	1	1	"PR"	193.943	"deionize"	72.078	1	1	0	967.186	0.0	1066.98	null	1261.543	0.084
12.6	0.038775	29812.5	2962.5	2493.75	NaN	NaN	NaN	0	1	1	0	0	0	0	0	0	0	0	0	1	0	0	0	0	1	1	1	0	1	1	1	0	151.0	0.111	0.307	NaN	NaN	0.264	0.682	NaN	NaN	7.92	23.87	NaN	NaN	0.0	"2.5"	"F0034"	1	1	"PR"	203.984	"deionize"	82.119	1	1	0	967.186	0.0	1066.98	null	1271.584	0.085
12.4	0.037675	29250.0	2962.5	2643.75	NaN	NaN	NaN	0	1	1	0	0	0	0	0	0	0	0	0	1	0	0	0	0	1	1	1	0	1	1	1	0	149.0	0.111	0.322	NaN	NaN	0.264	0.716	NaN	NaN	7.92	25.06	NaN	NaN	0.0	"2.5"	"F0034"	1	1	"PR"	214.02	"deionize"	92.155	1	1	0	967.186	0.0	1066.98	null	1281.62	0.084
12.6	0.037125	29812.5	2962.5	2484.375	NaN	NaN	NaN	0	1	1	0	0	0	0	0	0	0	0	0	1	0	0	0	0	1	1	1	0	1	1	1	0	151.0	0.111	0.306	NaN	NaN	0.264	0.68	NaN	NaN	7.92	23.8	NaN	NaN	0.0	"2.5"	"F0034"	1	1	"PR"	224.059	"deionize"	102.194	1	1	0	967.186	0.0	1066.98	null	1291.659	0.087
12.6	0.037125	29812.5	2990.625	2456.25	NaN	NaN	NaN	0	1	1	0	0	0	0	0	0	0	0	0	1	0	0	0	0	1	1	1	0	1	1	1	0	151.0	0.114	0.304	NaN	NaN	0.271	0.676	NaN	NaN	8.13	23.66	NaN	NaN	0.0	"2.5"	"F0034"	1	1	"PR"	234.095	"deionize"	112.23	1	1	0	967.186	0.0	1066.98	null	1301.695	0.084
12.6	0.036025	30000.0	2971.875	2475.0	NaN	NaN	NaN	0	1	1	0	0	0	0	0	0	0	0	0	1	0	0	0	0	1	1	1	0	1	1	1	0	151.0	0.112	0.305	NaN	NaN	0.267	0.678	NaN	NaN	8.01	23.73	NaN	NaN	0.0	"2.5"	"F0034"	1	1	"PR"	243.931	"deionize"	122.066	1	1	0	967.186	0.0	1066.98	null	1311.531	0.091
12.6	0.036025	29250.0	2971.875	2400.0	NaN	NaN	NaN	0	1	1	0	0	0	0	0	0	0	0	0	1	0	0	0	0	1	1	1	0	1	1	1	0	151.0	0.112	0.298	NaN	NaN	0.267	0.662	NaN	NaN	8.01	23.17	NaN	NaN	0.0	"2.5"	"F0034"	1	1	"PR"	253.974	"deionize"	132.109	1	1	0	967.186	0.0	1066.98	null	1321.574	0.087
12.2	0.036025	30000.0	2962.5	2465.625	NaN	NaN	NaN	0	1	1	0	0	0	0	0	0	0	0	0	1	0	0	0	0	1	1	1	0	1	1	1	0	146.0	0.111	0.305	NaN	NaN	0.264	0.678	NaN	NaN	7.92	23.73	NaN	NaN	0.0	"2.5"	"F0034"	1	1	"PR"	264.011	"deionize"	142.146	1	1	0	967.186	0.0	1066.98	null	1331.611	0.084
12.4	0.0352	30187.5	2971.875	2437.5	NaN	NaN	NaN	0	1	1	0	0	0	0	0	0	0	0	0	1	0	0	0	0	1	1	1	0	1	1	1	0	149.0	0.112	0.302	NaN	NaN	0.267	0.671	NaN	NaN	8.01	23.485	NaN	NaN	0.0	"2.5"	"F0034"	1	1	"PR"	274.047	"deionize"	152.182	1	1	0	967.186	0.0	1066.98	null	1341.647	0.084
12.3	0.034925	30000.0	2981.25	2400.0	NaN	NaN	NaN	0	1	1	0	0	0	0	0	0	0	0	0	1	0	0	0	0	1	1	1	0	1	1	1	0	148.0	0.113	0.298	NaN	NaN	0.269	0.662	NaN	NaN	8.07	23.17	NaN	NaN	0.0	"2.5"	"F0034"	1	1	"PR"	284.084	"deionize"	162.219	1	1	0	967.186	0.0	1066.98	null	1351.684	0.087
11.8	0.0341	28687.5	2962.5	2437.5	NaN	NaN	NaN	0	1	1	0	0	0	0	0	0	0	0	0	1	0	0	0	0	1	1	1	0	1	1	1	0	142.0	0.111	0.302	NaN	NaN	0.264	0.671	NaN	NaN	7.92	23.485	NaN	NaN	0.0	"2.5"	"F0034"	1	1	"PR"	294.119	"deionize"	172.254	1	1	0	967.186	0.0	1066.98	null	1361.719	0.087
13.9	0.03355	29625.0	2962.5	2409.375	NaN	NaN	NaN	0	1	1	0	0	0	0	0	0	0	0	0	1	0	0	0	0	1	1	1	0	1	1	1	0	167.0	0.111	0.299	NaN	NaN	0.264	0.664	NaN	NaN	7.92	23.24	NaN	NaN	0.0	"2.5"	"F0034"	1	1	"PR"	304.157	"deionize"	182.292	1	1	0	967.186	0.0	1066.98	null	1371.757	0.087
12.4	0.033825	30000.0	2962.5	2400.0	NaN	NaN	NaN	0	1	1	0	0	0	0	0	0	0	0	0	1	0	0	0	0	1	1	1	0	1	1	1	0	149.0	0.111	0.298	NaN	NaN	0.264	0.662	NaN	NaN	7.92	23.17	NaN	NaN	0.0	"2.5"	"F0034"	1	1	"PR"	314.192	"deionize"	192.327	1	1	0	967.186	0.0	1066.98	null	1381.792	0.084
12.4	0.03355	30000.0	2971.875	2400.0	NaN	NaN	NaN	0	1	1	0	0	0	0	0	0	0	0	0	1	0	0	0	0	1	1	1	0	1	1	1	0	149.0	0.112	0.298	NaN	NaN	0.267	0.662	NaN	NaN	8.01	23.17	NaN	NaN	0.0	"2.5"	"F0034"	1	1	"PR"	324.03	"deionize"	202.165	1	1	0	967.186	0.0	1066.98	null	1391.63	0.09
10.4	0.032725	29625.0	2971.875	2400.0	NaN	NaN	NaN	0	1	1	0	0	0	0	0	0	0	0	0	1	0	0	0	0	1	1	1	0	1	1	1	0	125.0	0.112	0.298	NaN	NaN	0.267	0.662	NaN	NaN	8.01	23.17	NaN	NaN	0.0	"2.5"	"F0034"	1	1	"PR"	334.07	"deionize"	212.205	1	1	0	967.186	0.0	1066.98	null	1401.67	0.093
12.4	0.03245	30000.0	2962.5	2409.375	NaN	NaN	NaN	0	1	1	0	0	0	0	0	0	0	0	0	1	0	0	0	0	1	1	1	0	1	1	1	0	149.0	0.111	0.299	NaN	NaN	0.264	0.664	NaN	NaN	7.92	23.24	NaN	NaN	0.0	"2.5"	"F0034"	1	1	"PR"	344.105	"deionize"	222.24	1	1	0	967.186	0.0	1066.98	null	1411.705	0.087
13.2	0.0319	30187.5	2971.875	2437.5	NaN	NaN	NaN	0	1	1	0	0	0	0	0	0	0	0	0	1	0	0	0	0	1	1	1	0	1	1	1	0	158.0	0.112	0.302	NaN	NaN	0.267	0.671	NaN	NaN	8.01	23.485	NaN	NaN	0.0	"2.5"	"F0034"	1	1	"PR"	354.143	"deionize"	232.278	1	1	0	967.186	0.0	1066.98	null	1421.743	0.09
11.9	0.03135	29250.0	2971.875	2409.375	NaN	NaN	NaN	0	1	1	0	0	0	0	0	0	0	0	0	1	0	0	0	1	1	1	1	0	1	1	1	0	143.0	0.112	0.299	NaN	NaN	0.267	0.664	NaN	NaN	8.01	23.24	NaN	NaN	0.0	"2.5"	"F0034"	1	1	"PR"	364.092	"deionize-uv"	2.12	1	1	0	967.186	0.0	1066.98	null	1431.692	0.09
13.3	0.03135	29250.0	2943.75	2428.125	NaN	NaN	NaN	0	1	1	0	0	0	0	0	0	0	0	0	1	0	0	0	1	1	1	1	0	1	1	1	0	160.0	0.109	0.301	NaN	NaN	0.26	0.669	NaN	NaN	7.8	23.415	NaN	NaN	0.0	"2.5"	"F0034"	1	1	"PR"	374.12	"deionize-uv"	12.148	1	1	0	967.186	0.0	1066.98	null	1441.72	0.09
12.2	0.030525	29812.5	3009.375	2409.375	NaN	NaN	NaN	0	1	1	0	0	0	0	0	0	0	0	0	1	0	0	0	1	1	1	1	0	1	1	1	0	146.0	0.116	0.299	NaN	NaN	0.276	0.664	NaN	NaN	8.28	23.24	NaN	NaN	0.0	"2.5"	"F0034"	1	1	"PR"	384.161	"deionize-uv"	22.189	1	1	0	967.186	0.0	1066.98	null	1451.761	0.091
12.4	0.029975	29625.0	2971.875	2437.5	NaN	NaN	NaN	0	1	1	0	0	0	0	0	0	0	0	0	1	0	0	0	1	1	1	1	0	1	1	1	0	149.0	0.112	0.302	NaN	NaN	0.267	0.671	NaN	NaN	8.01	23.485	NaN	NaN	0.0	"2.5"	"F0034"	1	1	"PR"	394.198	"deionize-uv"	32.226	1	1	0	967.186	0.0	1066.98	null	1461.798	0.09
11.5	0.0297	29812.5	2981.25	2381.25	NaN	NaN	NaN	0	1	1	0	0	0	0	0	0	0	0	0	1	0	0	0	1	1	1	1	0	1	1	1	0	138.0	0.113	0.296	NaN	NaN	0.269	0.658	NaN	NaN	8.07	23.03	NaN	NaN	0.0	"2.5"	"F0034"	1	1	"PR"	404.232	"deionize-uv"	42.26	1	1	0	967.186	0.0	1066.98	null	1471.832	0.09
11.3	0.028875	29625.0	2953.125	2390.625	NaN	NaN	NaN	0	1	1	0	0	0	0	0	0	0	0	0	1	0	0	0	1	1	1	1	0	1	1	1	0	136.0	0.11	0.297	NaN	NaN	0.262	0.66	NaN	NaN	7.86	23.1	NaN	NaN	0.0	"2.5"	"F0034"	1	1	"PR"	414.269	"deionize-uv"	52.297	1	1	0	967.186	0.0	1066.98	null	1481.869	0.085
11.9	0.028875	30000.0	3000.0	2465.625	NaN	NaN	NaN	0	1	1	0	0	0	0	0	0	0	0	0	1	0	0	0	1	1	1	1	0	1	1	1	0	143.0	0.115	0.305	NaN	NaN	0.274	0.678	NaN	NaN	8.22	23.73	NaN	NaN	0.0	"2.5"	"F0034"	1	1	"PR"	424.301	"deionize-uv"	62.329	1	1	0	967.186	0.0	1066.98	null	1491.901	0.084
11.2	0.02805	30000.0	2953.125	2409.375	NaN	NaN	NaN	0	1	1	0	0	0	0	0	0	0	0	0	1	0	0	0	1	1	1	1	0	1	1	1	0	134.0	0.11	0.299	NaN	NaN	0.262	0.664	NaN	NaN	7.86	23.24	NaN	NaN	0.0	"2.5"	"F0034"	1	1	"PR"	434.331	"deionize-uv"	72.359	1	1	0	967.186	0.0	1066.98	null	1501.931	0.084
10.9	0.028325	30000.0	2971.875	2362.5	NaN	NaN	NaN	0	1	1	0	0	0	0	0	0	0	0	0	1	0	0	0	1	1	1	1	0	1	1	1	0	131.0	0.112	0.294	NaN	NaN	0.267	0.653	NaN	NaN	8.01	22.855	NaN	NaN	0.0	"2.5"	"F0034"	1	1	"PR"	444.17	"deionize-uv"	82.198	1	1	0	967.186	0.0	1066.98	null	1511.77	0.091
10.5	0.02805	30000.0	2962.5	2409.375	NaN	NaN	NaN	0	1	1	0	0	0	0	0	0	0	0	0	1	0	0	0	1	1	1	1	0	1	1	1	0	126.0	0.111	0.299	NaN	NaN	0.264	0.664	NaN	NaN	7.92	23.24	NaN	NaN	0.0	"2.5"	"F0034"	1	1	"PR"	454.203	"deionize-uv"	92.231	1	1	0	967.186	0.0	1066.98	null	1521.803	0.09
11.1	0.027775	29625.0	2971.875	2343.75	NaN	NaN	NaN	0	1	1	0	0	0	0	0	0	0	0	0	1	0	0	0	1	1	1	1	0	1	1	1	0	133.0	0.112	0.292	NaN	NaN	0.267	0.649	NaN	NaN	8.01	22.715	NaN	NaN	0.0	"2.5"	"F0034"	1	1	"PR"	464.237	"deionize-uv"	102.265	1	1	0	967.186	0.0	1066.98	null	1531.837	0.09
11.5	0.0275	29062.5	2981.25	2390.625	NaN	NaN	NaN	0	1	1	0	0	0	0	0	0	0	0	0	1	0	0	0	1	1	1	1	0	1	1	1	0	138.0	0.113	0.297	NaN	NaN	0.269	0.66	NaN	NaN	8.07	23.1	NaN	NaN	0.0	"2.5"	"F0034"	1	1	"PR"	474.277	"deionize-uv"	112.305	1	1	0	967.186	0.0	1066.98	null	1541.877	0.092
10.2	0.02695	29812.5	2971.875	2043.75	NaN	NaN	NaN	0	0	1	0	0	0	0	1	0	0	0	0	1	0	0	0	1	1	1	1	0	1	1	1	0	122.0	0.112	0.262	NaN	NaN	0.267	0.582	NaN	NaN	8.01	20.37	NaN	NaN	0.0	"2.5"	"F0034"	1	1	"PR"	484.246	"drain-di-1"	2.141	1	1	0	967.186	0.0	1066.98	null	1551.846	0.087
9.8	0.02695	30000.0	2953.125	1771.875	NaN	NaN	NaN	0	0	1	0	0	0	0	1	0	0	0	0	1	0	0	0	1	1	1	1	0	1	1	1	0	118.0	0.11	0.235	NaN	NaN	0.262	0.522	NaN	NaN	7.86	18.27	NaN	NaN	0.0	"2.5"	"F0034"	1	1	"PR"	494.285	"drain-di-1"	12.18	1	1	0	967.186	0.0	1066.98	null	1561.885	0.091
10.6	0.026125	30000.0	2971.875	1528.125	NaN	NaN	NaN	0	0	1	0	0	0	0	1	0	0	0	0	1	0	0	0	1	1	1	1	0	1	1	1	0	127.0	0.112	0.211	NaN	NaN	0.267	0.469	NaN	NaN	8.01	16.415	NaN	NaN	0.0	"2.5"	"F0034"	1	1	"PR"	504.322	"drain-di-1"	22.217	1	1	0	967.186	0.0	1066.98	null	1571.922	0.091
10.4	0.02585	29812.5	2981.25	1275.0	NaN	NaN	NaN	0	0	1	0	0	0	0	1	0	0	0	0	1	0	0	0	1	1	1	1	0	1	1	1	0	125.0	0.113	0.185	NaN	NaN	0.269	0.411	NaN	NaN	8.07	14.385	NaN	NaN	0.0	"2.5"	"F0034"	1	1	"PR"	514.361	"drain-di-1"	32.256	1	1	0	967.186	0.0	1066.98	null	1581.961	0.09
10.0	0.02585	30000.0	2934.375	1012.5	NaN	NaN	NaN	0	0	1	0	0	0	0	1	0	0	0	0	1	0	0	0	1	1	1	1	0	1	1	1	0	120.0	0.108	0.159	NaN	NaN	0.257	0.353	NaN	NaN	7.71	12.355	NaN	NaN	0.0	"2.5"	"F0034"	1	1	"PR"	524.398	"drain-di-1"	42.293	1	1	0	967.186	0.0	1066.98	null	1591.998	0.091
10.0	0.025575	26812.5	2971.875	768.75	NaN	NaN	NaN	0	0	1	0	0	0	0	1	0	0	0	0	1	0	0	0	1	1	1	1	0	1	1	1	0	120.0	0.112	0.135	NaN	NaN	0.267	0.3	NaN	NaN	8.01	10.5	NaN	NaN	0.0	"2.5"	"F0034"	1	1	"PR"	534.434	"drain-di-1"	52.329	1	1	0	967.186	0.0	1066.98	null	1602.034	0.087
9.6	0.0253	27937.5	2971.875	506.25	NaN	NaN	NaN	0	0	1	0	0	0	0	1	0	0	0	0	1	0	0	0	1	1	1	1	0	1	1	1	0	115.0	0.112	0.109	NaN	NaN	0.267	0.242	NaN	NaN	8.01	8.47	NaN	NaN	0.0	"2.5"	"F0034"	1	1	"PR"	544.277	"drain-di-1"	62.172	1	1	0	967.186	0.0	1066.98	null	1611.877	0.089
9.7	0.025575	26625.0	2971.875	290.625	NaN	NaN	NaN	0	0	1	0	0	0	0	1	0	0	0	0	1	0	0	0	1	1	1	1	0	1	1	1	0	116.0	0.112	0.087	NaN	NaN	0.267	0.193	NaN	NaN	8.01	6.755	NaN	NaN	0.0	"2.5"	"F0034"	1	1	"PR"	554.317	"drain-di-1"	72.212	1	1	0	967.186	0.0	1066.98	null	1621.917	0.087
9.7	0.025025	29625.0	2962.5	18.75	NaN	NaN	NaN	0	0	1	0	0	0	0	1	0	0	0	0	1	0	0	0	1	1	1	1	0	1	1	1	0	116.0	0.111	0.06	NaN	NaN	0.264	0.133	NaN	NaN	7.92	4.655	NaN	NaN	0.0	"2.5"	"F0034"	1	1	"PR"	564.469	"drip-di-1"	1.717	1	1	0	967.186	0.0	1066.98	null	1632.069	0.093
9.1	0.025575	30375.0	2934.375	-37.5	NaN	NaN	NaN	0	0	1	0	0	0	0	1	0	0	0	0	1	0	0	0	1	1	1	1	0	1	1	1	0	109.0	0.108	0.054	NaN	NaN	0.257	0.12	NaN	NaN	7.71	4.2	NaN	NaN	0.0	"2.5"	"F0034"	1	1	"PR"	574.303	"drip-di-1"	11.551	1	1	0	967.186	0.0	1066.98	null	1641.903	0.087
-11.8	0.025025	26625.0	2793.75	9.375	NaN	NaN	NaN	1	0	0	0	0	1	1	0	0	0	0	0	1	1	0	0	0	1	1	0	1	1	1	0	1	-142.0	0.094	0.059	NaN	NaN	0.224	0.131	NaN	NaN	6.72	4.585	NaN	NaN	0.0	"2.5"	"F0034"	1	0	"PR"	584.503	"reverse-f"	6.588	1	1	0	967.186	0.0	1066.98	null	1652.103	0.09
-11.9	0.026675	25125.0	2812.5	318.75	NaN	NaN	NaN	1	0	0	0	0	1	1	0	0	0	0	0	1	1	0	0	0	1	1	0	1	1	1	0	1	-143.0	0.096	0.09	NaN	NaN	0.229	0.2	NaN	NaN	6.87	7.0	NaN	NaN	0.0	"2.5"	"F0034"	1	0	"PR"	594.335	"reverse-f"	16.42	1	1	0	967.186	0.0	1066.98	null	1661.935	0.086
-11.8	0.03025	24750.0	2803.125	628.125	NaN	NaN	NaN	1	0	0	0	0	1	1	0	0	0	0	0	1	1	0	0	0	1	1	0	1	1	1	0	1	-142.0	0.095	0.121	NaN	NaN	0.226	0.269	NaN	NaN	6.78	9.415	NaN	NaN	0.0	"2.5"	"F0034"	1	0	"PR"	604.376	"reverse-f"	26.461	1	1	0	967.186	0.0	1066.98	null	1671.976	0.089
-12.2	0.03355	23812.5	2784.375	975.0	NaN	NaN	NaN	1	0	0	0	0	1	1	0	0	0	0	0	1	1	0	0	0	1	1	0	1	1	1	0	1	-146.0	0.093	0.155	NaN	NaN	0.221	0.344	NaN	NaN	6.63	12.04	NaN	NaN	0.0	"2.5"	"F0034"	1	0	"PR"	614.41	"reverse-f"	36.495	1	1	0	967.186	0.0	1066.98	null	1682.01	0.087
-11.9	0.0363	26250.0	2784.375	1228.125	NaN	NaN	NaN	1	0	0	0	0	1	1	0	0	0	0	0	1	1	0	0	0	1	1	0	1	1	1	0	1	-143.0	0.093	0.181	NaN	NaN	0.221	0.402	NaN	NaN	6.63	14.07	NaN	NaN	0.0	"2.5"	"F0034"	1	0	"PR"	624.444	"reverse-f"	46.529	1	1	0	967.186	0.0	1066.98	null	1692.044	0.087
-11.9	0.0385	25687.5	2793.75	1518.75	NaN	NaN	NaN	1	0	0	0	0	1	1	0	0	0	0	0	1	1	0	0	0	1	1	0	1	1	1	0	1	-143.0	0.094	0.21	NaN	NaN	0.224	0.467	NaN	NaN	6.72	16.345	NaN	NaN	0.0	"2.5"	"F0034"	1	0	"PR"	634.484	"reverse-f"	56.569	1	1	0	967.186	0.0	1066.98	null	1702.084	0.085
-12.2	0.042075	24187.5	2821.875	1809.375	NaN	NaN	NaN	1	0	0	0	0	1	1	0	0	0	0	0	1	1	0	0	0	1	1	0	1	1	1	0	1	-146.0	0.097	0.239	NaN	NaN	0.231	0.531	NaN	NaN	6.93	18.585	NaN	NaN	0.0	"2.5"	"F0034"	1	0	"PR"	644.513	"reverse-f"	66.598	1	1	0	967.186	0.0	1066.98	null	1712.113	0.09
-10.7	0.043725	23812.5	2793.75	2100.0	NaN	NaN	NaN	1	0	0	0	0	1	1	0	0	0	0	0	1	1	0	0	0	1	1	0	1	1	1	0	1	-128.0	0.094	0.268	NaN	NaN	0.224	0.596	NaN	NaN	6.72	20.86	NaN	NaN	0.0	"2.5"	"F0034"	1	0	"PR"	654.55	"reverse-f"	76.635	1	1	0	967.186	0.0	1066.98	null	1722.15	0.09
-12.1	0.04565	24562.5	2821.875	2278.125	NaN	NaN	NaN	0	0	0	0	0	1	1	0	0	0	0	0	1	0	0	0	0	1	1	0	1	1	1	0	1	-145.0	0.097	0.286	NaN	NaN	0.231	0.636	NaN	NaN	6.93	22.26	NaN	NaN	0.0	"2.5"	"F0034"	1	0	"PR"	664.496	"reverse"	86.581	1	1	0	967.186	0.0	1066.98	null	1732.096	0.086
-12.7	0.0473	24000.0	2803.125	2250.0	NaN	NaN	NaN	0	0	0	0	0	1	1	0	0	0	0	0	1	0	0	0	0	1	1	0	1	1	1	0	1	-152.0	0.095	0.283	NaN	NaN	0.226	0.629	NaN	NaN	6.78	22.015	NaN	NaN	0.0	"2.5"	"F0034"	1	0	"PR"	674.531	"reverse"	96.616	1	1	0	967.186	0.0	1066.98	null	1742.131	0.086
-12.4	0.047575	25312.5	2803.125	2268.75	NaN	NaN	NaN	0	0	0	0	0	1	1	0	0	0	0	0	1	0	0	0	0	1	1	0	1	1	1	0	1	-149.0	0.095	0.285	NaN	NaN	0.226	0.633	NaN	NaN	6.78	22.155	NaN	NaN	0.0	"2.5"	"F0034"	1	0	"PR"	684.567	"reverse"	106.652	1	1	0	967.186	0.0	1066.98	null	1752.167	0.088
-12.6	0.04895	26062.5	2821.875	2250.0	NaN	NaN	NaN	0	0	0	0	0	1	1	0	0	0	0	0	1	0	0	0	0	1	1	0	1	1	1	0	1	-151.0	0.097	0.283	NaN	NaN	0.231	0.629	NaN	NaN	6.93	22.015	NaN	NaN	0.0	"2.5"	"F0034"	1	0	"PR"	694.605	"reverse"	116.69	1	1	0	967.186	0.0	1066.98	null	1762.205	0.089
-11.9	0.049775	25687.5	2831.25	2259.375	NaN	NaN	NaN	0	0	0	0	0	1	1	0	0	0	0	0	1	0	0	0	0	1	1	0	1	1	1	0	1	-143.0	0.098	0.284	NaN	NaN	0.233	0.631	NaN	NaN	6.99	22.085	NaN	NaN	0.0	"2.5"	"F0034"	1	0	"PR"	704.441	"reverse"	126.526	1	1	0	967.186	0.0	1066.98	null	1772.041	0.084
-11.9	0.050325	25125.0	2803.125	2240.625	NaN	NaN	NaN	0	0	0	0	0	1	1	0	0	0	0	0	1	0	0	0	0	1	1	0	1	1	1	0	1	-143.0	0.095	0.282	NaN	NaN	0.226	0.627	NaN	NaN	6.78	21.945	NaN	NaN	0.0	"2.5"	"F0034"	1	0	"PR"	714.483	"reverse"	136.568	1	1	0	967.186	0.0	1066.98	null	1782.083	0.085
-12.1	0.050875	25687.5	2803.125	2250.0	NaN	NaN	NaN	0	0	0	0	0	1	1	0	0	0	0	0	1	0	0	0	0	1	1	0	1	1	1	0	1	-145.0	0.095	0.283	NaN	NaN	0.226	0.629	NaN	NaN	6.78	22.015	NaN	NaN	0.0	"2.5"	"F0034"	1	0	"PR"	724.516	"reverse"	146.601	1	1	0	967.186	0.0	1066.98	null	1792.116	0.082
-1.9	0.051425	-375.0	2990.625	2259.375	NaN	NaN	NaN	0	0	0	0	0	0	0	0	0	0	0	0	0	0	0	0	0	0	0	0	1	0	0	0	1	-23.0	0.114	0.284	NaN	NaN	0.271	0.631	NaN	NaN	8.13	22.085	NaN	NaN	0.0	"2.5"	"F0034"	0	0	"PR"	734.644	"diffuse"	6.716	1	1	1	967.186	0.0	1066.98	null	1802.244	0.086
-0.8	0.05115	750.0	2981.25	2268.75	NaN	NaN	NaN	0	0	0	0	0	0	0	0	0	0	0	0	0	0	0	0	0	0	0	0	1	0	0	0	1	-10.0	0.113	0.285	NaN	NaN	0.269	0.633	NaN	NaN	8.07	22.155	NaN	NaN	0.0	"2.5"	"F0034"	0	0	"PR"	744.48	"diffuse"	16.552	1	1	1	967.186	0.0	1066.98	null	1812.08	0.085
-1.8	0.051425	-937.5	2981.25	2278.125	NaN	NaN	NaN	0	0	0	0	0	0	0	0	0	0	0	0	0	0	0	0	0	0	0	0	1	0	0	0	1	-22.0	0.113	0.286	NaN	NaN	0.269	0.636	NaN	NaN	8.07	22.26	NaN	NaN	0.0	"2.5"	"F0034"	0	0	"PR"	754.512	"diffuse"	26.584	1	1	1	967.186	0.0	1066.98	null	1822.112	0.084
-11.3	0.050875	26062.5	2784.375	2231.25	NaN	NaN	NaN	0	0	0	0	0	1	1	0	0	0	0	0	1	0	0	0	0	1	1	0	1	1	1	0	1	-136.0	0.093	0.281	NaN	NaN	0.221	0.624	NaN	NaN	6.63	21.84	NaN	NaN	0.0	"2.5"	"F0034"	1	0	"PR"	764.637	"wash-en"	6.512	1	1	1	967.186	0.0	1066.98	null	1832.237	0.086
-12.0	0.05225	24937.5	2840.625	2259.375	NaN	NaN	NaN	0	0	0	0	0	1	1	0	0	0	0	0	1	0	0	0	0	1	1	0	1	1	1	0	1	-144.0	0.099	0.284	NaN	NaN	0.236	0.631	NaN	NaN	7.08	22.085	NaN	NaN	0.0	"2.5"	"F0034"	1	0	"PR"	774.674	"wash-en"	16.549	1	1	1	967.186	0.0	1066.98	null	1842.274	0.089
-1.2	0.052525	25875.0	2793.75	2278.125	NaN	NaN	NaN	0	0	0	0	0	1	1	0	0	0	0	0	1	0	0	0	0	0	0	0	1	0	0	0	1	-14.0	0.094	0.286	NaN	NaN	0.224	0.636	NaN	NaN	6.72	22.26	NaN	NaN	0.0	"2.5"	"F0034"	0	0	"PR"	784.6	"wash-sc"	6.315	1	1	1	967.186	0.0	1066.98	null	1852.2	0.084
-1.2	0.0528	-1125.0	2981.25	2278.125	NaN	NaN	NaN	0	0	0	0	0	0	0	0	0	0	0	0	0	0	0	0	0	0	0	0	1	0	0	0	1	-14.0	0.113	0.286	NaN	NaN	0.269	0.636	NaN	NaN	8.07	22.26	NaN	NaN	0.0	"2.5"	"F0034"	0	0	"PR"	794.634	"diffuse"	6.219	1	1	2	967.186	0.0	1066.98	null	1862.234	0.084
-1.5	0.05335	-937.5	2981.25	2278.125	NaN	NaN	NaN	0	0	0	0	0	0	0	0	0	0	0	0	0	0	0	0	0	0	0	0	1	0	0	0	1	-18.0	0.113	0.286	NaN	NaN	0.269	0.636	NaN	NaN	8.07	22.26	NaN	NaN	0.0	"2.5"	"F0034"	0	0	"PR"	804.673	"diffuse"	16.258	1	1	2	967.186	0.0	1066.98	null	1872.273	0.087
-1.4	0.053075	-375.0	2971.875	2240.625	NaN	NaN	NaN	0	0	0	0	0	0	0	0	0	0	0	0	0	0	0	0	0	0	0	0	1	0	0	0	1	-17.0	0.112	0.282	NaN	NaN	0.267	0.627	NaN	NaN	8.01	21.945	NaN	NaN	0.0	"2.5"	"F0034"	0	0	"PR"	814.708	"diffuse"	26.293	1	1	2	967.186	0.0	1066.98	null	1882.308	0.084
-11.9	0.05225	23625.0	2784.375	2259.375	NaN	NaN	NaN	0	0	0	0	0	1	1	0	0	0	0	0	1	0	0	0	0	1	1	0	1	1	1	0	1	-143.0	0.093	0.284	NaN	NaN	0.221	0.631	NaN	NaN	6.63	22.085	NaN	NaN	0.0	"2.5"	"F0034"	1	0	"PR"	824.633	"wash-en"	6.109	1	1	2	967.186	0.0	1066.98	null	1892.233	0.086
-11.9	0.0528	23062.5	2775.0	2259.375	NaN	NaN	NaN	0	0	0	0	0	1	1	0	0	0	0	0	1	0	0	0	0	1	1	0	1	1	1	0	1	-143.0	0.093	0.284	NaN	NaN	0.221	0.631	NaN	NaN	6.63	22.085	NaN	NaN	0.0	"2.5"	"F0034"	1	0	"PR"	834.671	"wash-en"	16.147	1	1	2	967.186	0.0	1066.98	null	1902.271	0.086
-0.7	0.053075	24937.5	2821.875	2278.125	NaN	NaN	NaN	0	0	0	0	0	1	1	0	0	0	0	0	1	0	0	0	0	0	0	0	1	0	0	0	1	-8.0	0.097	0.286	NaN	NaN	0.231	0.636	NaN	NaN	6.93	22.26	NaN	NaN	0.0	"2.5"	"F0034"	0	0	"PR"	844.592	"wash-sc"	5.906	1	1	2	967.186	0.0	1066.98	null	1912.192	0.084
-0.8	0.05335	-562.5	2990.625	2278.125	NaN	NaN	NaN	0	0	0	0	0	0	0	0	0	0	0	0	0	0	0	0	0	0	0	0	1	0	0	0	1	-10.0	0.114	0.286	NaN	NaN	0.271	0.636	NaN	NaN	8.13	22.26	NaN	NaN	0.0	"2.5"	"F0034"	0	0	"PR"	854.628	"diffuse"	5.821	1	1	3	967.186	0.0	1066.98	null	1922.228	0.086
-1.1	0.053075	-375.0	2981.25	2268.75	NaN	NaN	NaN	0	0	0	0	0	0	0	0	0	0	0	0	0	0	0	0	0	0	0	0	1	0	0	0	1	-13.0	0.113	0.285	NaN	NaN	0.269	0.633	NaN	NaN	8.07	22.155	NaN	NaN	0.0	"2.5"	"F0034"	0	0	"PR"	864.667	"diffuse"	15.86	1	1	3	967.186	0.0	1066.98	null	1932.267	0.088
-0.8	0.053625	750.0	2971.875	2278.125	NaN	NaN	NaN	0	0	0	0	0	0	0	0	0	0	0	0	0	0	0	0	0	0	0	0	1	0	0	0	1	-10.0	0.112	0.286	NaN	NaN	0.267	0.636	NaN	NaN	8.01	22.26	NaN	NaN	0.0	"2.5"	"F0034"	0	0	"PR"	874.698	"diffuse"	25.891	1	1	3	967.186	0.0	1066.98	null	1942.298	0.084
-11.8	0.05225	25875.0	2803.125	2287.5	NaN	NaN	NaN	0	0	0	0	0	1	1	0	0	0	0	0	1	0	0	0	0	1	1	0	1	1	1	0	1	-142.0	0.095	0.287	NaN	NaN	0.226	0.638	NaN	NaN	6.78	22.33	NaN	NaN	0.0	"2.5"	"F0034"	1	0	"PR"	884.824	"wash-en"	5.911	1	1	3	967.186	0.0	1066.98	null	1952.424	0.084
-12.0	0.051975	26062.5	2793.75	2268.75	NaN	NaN	NaN	0	0	0	0	0	1	1	0	0	0	0	0	1	0	0	0	0	1	1	0	1	1	1	0	1	-144.0	0.094	0.285	NaN	NaN	0.224	0.633	NaN	NaN	6.72	22.155	NaN	NaN	0.0	"2.5"	"F0034"	1	0	"PR"	894.66	"wash-en"	15.747	1	1	3	967.186	0.0	1066.98	null	1962.26	0.092
-1.5	0.0528	24937.5	2831.25	2240.625	NaN	NaN	NaN	0	0	0	0	0	1	1	0	0	0	0	0	1	0	0	0	0	0	0	0	1	0	0	0	1	-18.0	0.098	0.282	NaN	NaN	0.233	0.627	NaN	NaN	6.99	21.945	NaN	NaN	0.0	"2.5"	"F0034"	0	0	"PR"	904.789	"wash-sc"	5.711	1	1	3	967.186	0.0	1066.98	null	1972.389	0.084
-0.7	0.053075	-375.0	2981.25	2278.125	NaN	NaN	NaN	0	0	0	0	0	0	0	0	0	0	0	0	0	0	0	0	0	0	0	0	1	0	0	0	1	-8.0	0.113	0.286	NaN	NaN	0.269	0.636	NaN	NaN	8.07	22.26	NaN	NaN	0.0	"2.5"	"F0034"	0	0	"PR"	914.825	"diffuse"	5.618	1	1	4	967.186	0.0	1066.98	null	1982.425	0.084
-0.1	0.05335	-187.5	2981.25	2278.125	NaN	NaN	NaN	0	0	0	0	0	0	0	0	0	0	0	0	0	0	0	0	0	0	0	0	1	0	0	0	1	-1.0	0.113	0.286	NaN	NaN	0.269	0.636	NaN	NaN	8.07	22.26	NaN	NaN	0.0	"2.5"	"F0034"	0	0	"PR"	924.863	"diffuse"	15.656	1	1	4	967.186	0.0	1066.98	null	1992.463	0.088
-0.4	0.053075	187.5	2981.25	2287.5	NaN	NaN	NaN	0	0	0	0	0	0	0	0	0	0	0	0	0	0	0	0	0	0	0	0	1	0	0	0	1	-5.0	0.113	0.287	NaN	NaN	0.269	0.638	NaN	NaN	8.07	22.33	NaN	NaN	0.0	"2.5"	"F0034"	0	0	"PR"	934.696	"diffuse"	25.489	1	1	4	967.186	0.0	1066.98	null	2002.296	0.09
-11.9	0.053075	27000.0	2765.625	2250.0	NaN	NaN	NaN	0	0	0	0	0	1	1	0	0	0	0	0	1	0	0	0	0	1	1	0	1	1	1	0	1	-143.0	0.092	0.283	NaN	NaN	0.219	0.629	NaN	NaN	6.57	22.015	NaN	NaN	0.0	"2.5"	"F0034"	1	0	"PR"	944.821	"wash-en"	5.511	1	1	4	967.186	0.0	1066.98	null	2012.421	0.084
-13.0	0.053075	26812.5	2821.875	2268.75	NaN	NaN	NaN	0	0	0	0	0	1	1	0	0	0	0	0	1	0	0	0	0	1	1	0	1	1	1	0	1	-156.0	0.097	0.285	NaN	NaN	0.231	0.633	NaN	NaN	6.93	22.155	NaN	NaN	0.0	"2.5"	"F0034"	1	0	"PR"	954.858	"wash-en"	15.548	1	1	4	967.186	0.0	1066.98	null	2022.458	0.084
0.2	0.053075	25500.0	2821.875	2250.0	NaN	NaN	NaN	0	0	0	0	0	1	1	0	0	0	0	0	1	0	0	0	0	0	0	0	1	0	0	0	1	2.0	0.097	0.283	NaN	NaN	0.231	0.629	NaN	NaN	6.93	22.015	NaN	NaN	0.0	"2.5"	"F0034"	0	0	"PR"	964.784	"wash-sc"	5.306	1	1	4	967.186	0.0	1066.98	null	2032.384	0.091
0.8	0.053075	-2812.5	2578.125	2278.125	NaN	NaN	NaN	0	0	0	0	1	0	0	0	0	0	0	0	0	0	0	0	0	0	0	0	1	0	0	0	1	10.0	0.073	0.286	NaN	NaN	0.174	0.636	NaN	NaN	5.22	22.26	NaN	NaN	0.0	"2.5"	"F0034"	0	0	"PR"	974.821	"drain-rg"	5.219	1	1	4	967.186	0.0	1066.98	null	2042.421	0.09
0.0	0.0528	-1875.0	2221.875	2278.125	NaN	NaN	NaN	0	0	0	0	1	0	0	0	0	0	0	0	0	0	0	0	0	0	0	0	1	0	0	0	1	0.0	0.037	0.286	NaN	NaN	0.088	0.636	NaN	NaN	2.64	22.26	NaN	NaN	0.0	"2.5"	"F0034"	0	0	"PR"	984.86	"drain-rg"	15.258	1	1	4	967.186	0.0	1066.98	null	2052.46	0.084
-0.1	0.052525	-1500.0	1884.375	2268.75	NaN	NaN	NaN	0	0	0	0	1	0	0	0	0	0	0	0	0	0	0	0	0	0	0	0	1	0	0	0	1	-1.0	0.003	0.285	NaN	NaN	0.007	0.633	NaN	NaN	0.21	22.155	NaN	NaN	0.0	"2.5"	"F0034"	0	0	"PR"	994.896	"drain-rg"	25.294	1	1	4	967.186	0.0	1066.98	null	2062.496	0.084
-0.4	0.053075	-2062.5	1237.5	2278.125	NaN	NaN	NaN	0	0	0	0	1	0	0	0	0	0	0	0	0	0	0	0	0	0	0	0	1	0	0	0	1	-5.0	-0.061	0.286	NaN	NaN	-0.145	0.636	NaN	NaN	-4.35	22.26	NaN	NaN	0.0	"2.5"	"F0034"	0	0	"PR"	1004.926	"drip-rg"	9.429	1	1	4	967.186	0.0	1066.98	null	2072.526	0.084
-0.3	0.0528	23812.5	1078.125	2221.875	NaN	NaN	NaN	0	0	1	0	0	1	0	0	0	0	0	0	1	0	0	0	0	0	0	0	1	0	0	0	1	-4.0	-0.077	0.28	NaN	NaN	-0.183	0.622	NaN	NaN	-5.49	21.77	NaN	NaN	0.0	"2.5"	"F0034"	0	0	"FR"	3.428	"fill-rg-di"	3.228	2	1	0	2078.346	0.0	1066.98	null	2082.402	0.09
-0.1	0.051975	24750.0	2043.75	1959.375	NaN	NaN	NaN	0	0	1	0	0	1	0	0	0	0	0	0	1	0	0	0	0	0	0	0	1	0	0	0	1	-1.0	0.019	0.254	NaN	NaN	0.045	0.564	NaN	NaN	1.35	19.74	NaN	NaN	0.0	"2.5"	"F0034"	0	0	"FR"	13.461	"fill-rg-di"	13.261	2	1	0	2078.346	0.0	1066.98	null	2092.435	0.09
-0.3	0.050875	24937.5	2371.875	1743.75	NaN	NaN	NaN	0	0	1	0	0	1	0	0	0	0	0	0	1	0	0	0	0	0	0	0	1	0	0	0	1	-4.0	0.052	0.232	NaN	NaN	0.124	0.516	NaN	NaN	3.72	18.06	NaN	NaN	0.0	"2.5"	"F0034"	0	0	"FR"	23.501	"fill-rg-di"	23.301	2	1	0	2078.346	0.0	1066.98	null	2102.475	0.093
-0.4	0.049775	23625.0	2653.125	1443.75	NaN	NaN	NaN	0	0	1	0	0	1	0	0	0	0	0	0	1	0	0	0	0	0	0	0	1	0	0	0	1	-5.0	0.08	0.202	NaN	NaN	0.19	0.449	NaN	NaN	5.7	15.715	NaN	NaN	0.0	"2.5"	"F0034"	0	0	"FR"	33.537	"fill-rg-di"	33.337	2	1	0	2078.346	0.0	1066.98	null	2112.511	0.09
-0.4	0.048675	25312.5	2990.625	1200.0	NaN	NaN	NaN	0	0	1	0	0	1	0	0	0	0	0	0	1	0	0	0	0	0	0	0	1	0	0	0	1	-5.0	0.114	0.178	NaN	NaN	0.271	0.396	NaN	NaN	8.13	13.86	NaN	NaN	0.0	"2.5"	"F0034"	0	0	"FR"	43.571	"fill-rg-di"	43.371	2	1	0	2078.346	0.0	1066.98	null	2122.545	0.09
-0.1	0.0473	-1125.0	3056.25	956.25	NaN	NaN	NaN	0	0	0	0	1	0	0	0	0	0	0	0	0	0	0	0	0	0	0	0	1	0	0	0	1	-1.0	0.121	0.154	NaN	NaN	0.288	0.342	NaN	NaN	8.64	11.97	NaN	NaN	0.0	"2.5"	"F0034"	0	0	"FR"	53.61	"drain-rg"	0.803	2	1	0	2078.346	0.0	1066.98	null	2132.584	0.091
-0.8	0.0473	1312.5	2709.375	956.25	NaN	NaN	NaN	0	0	0	0	1	0	0	0	0	0	0	0	0	0	0	0	0	0	0	0	1	0	0	0	1	-10.0	0.086	0.154	NaN	NaN	0.205	0.342	NaN	NaN	6.15	11.97	NaN	NaN	0.0	"2.5"	"F0034"	0	0	"FR"	63.643	"drain-rg"	10.836	2	1	0	2078.346	0.0	1066.98	null	2142.617	0.09
-0.1	0.047575	-187.5	2306.25	965.625	NaN	NaN	NaN	0	0	0	0	1	0	0	0	0	0	0	0	0	0	0	0	0	0	0	0	1	0	0	0	1	-1.0	0.046	0.155	NaN	NaN	0.11	0.344	NaN	NaN	3.3	12.04	NaN	NaN	0.0	"2.5"	"F0034"	0	0	"FR"	73.677	"drain-rg"	20.87	2	1	0	2078.346	0.0	1066.98	null	2152.651	0.084
-0.2	0.047575	0.0	1950.0	956.25	NaN	NaN	NaN	0	0	0	0	1	0	0	0	0	0	0	0	0	0	0	0	0	0	0	0	1	0	0	0	1	-2.0	0.01	0.154	NaN	NaN	0.024	0.342	NaN	NaN	0.72	11.97	NaN	NaN	0.0	"2.5"	"F0034"	0	0	"FR"	83.516	"drain-rg"	30.709	2	1	0	2078.346	0.0	1066.98	null	2162.49	0.09
0.3	0.048125	0.0	1490.625	956.25	NaN	NaN	NaN	0	0	0	0	1	0	0	0	0	0	0	0	0	0	0	0	0	0	0	0	1	0	0	0	1	4.0	-0.036	0.154	NaN	NaN	-0.086	0.342	NaN	NaN	-2.58	11.97	NaN	NaN	0.0	"2.5"	"F0034"	0	0	"FR"	93.547	"drip-rg"	6.621	2	1	0	2078.346	0.0	1066.98	null	2172.521	0.091
-0.4	0.048125	-2625.0	0.0	965.625	NaN	NaN	NaN	0	0	1	0	0	1	0	0	0	0	0	0	1	0	0	0	0	0	0	0	1	0	0	0	1	-5.0	-0.185	0.155	NaN	NaN	-0.44	0.344	NaN	NaN	-13.2	12.04	NaN	NaN	0.0	"2.5"	"F0034"	0	0	"PR"	0.828	"fill-rg-di"	0.628	2	0	0	2078.346	0.0	2181.151	null	2182.602	0.137
-0.3	0.04785	24000.0	1996.875	712.5	NaN	NaN	NaN	0	0	1	0	0	1	0	0	0	0	0	0	1	0	0	0	0	0	0	0	1	0	0	0	1	-4.0	0.015	0.129	NaN	NaN	0.036	0.287	NaN	NaN	1.08	10.045	NaN	NaN	0.0	"2.5"	"F0034"	0	0	"PR"	10.867	"fill-rg-di"	10.667	2	0	0	2078.346	0.0	2181.151	null	2192.641	0.091
2.6	0.046475	23625.0	2287.5	459.375	NaN	NaN	NaN	0	0	1	0	0	1	0	0	0	0	0	0	1	0	0	0	0	0	0	0	1	0	0	0	1	31.0	0.044	0.104	NaN	NaN	0.105	0.231	NaN	NaN	3.15	8.085	NaN	NaN	0.0	"2.5"	"F0034"	0	0	"PR"	20.908	"fill-rg-di"	20.708	2	0	0	2078.346	0.0	2181.151	null	2202.682	0.092
-0.1	0.045925	24187.5	2615.625	178.125	NaN	NaN	NaN	0	0	1	0	0	1	0	0	0	0	0	0	1	0	0	0	0	0	0	0	1	0	0	0	1	-1.0	0.077	0.076	NaN	NaN	0.183	0.169	NaN	NaN	5.49	5.915	NaN	NaN	0.0	"2.5"	"F0034"	0	0	"PR"	30.945	"fill-rg-di"	30.745	2	0	0	2078.346	0.0	2181.151	null	2212.719	0.087
-0.1	0.0451	1875.0	2746.875	253.125	NaN	NaN	NaN	1	0	0	0	0	0	0	0	0	0	0	0	0	1	0	0	0	0	0	0	1	0	0	0	1	-1.0	0.09	0.083	NaN	NaN	0.214	0.184	NaN	NaN	6.42	6.44	NaN	NaN	0.0	"2.5"	"F0034"	0	0	"PR"	40.782	"fill-di-lb"	5.219	2	0	0	2078.346	0.0	2181.151	null	2222.556	0.084
0.5	0.045375	1500.0	2746.875	515.625	NaN	NaN	NaN	1	0	0	0	0	0	0	0	0	0	0	0	0	1	0	0	0	0	0	0	1	0	0	0	1	6.0	0.09	0.11	NaN	NaN	0.214	0.244	NaN	NaN	6.42	8.54	NaN	NaN	0.0	"2.5"	"F0034"	0	0	"PR"	50.82	"fill-di-lb"	15.257	2	0	0	2078.346	0.0	2181.151	null	2232.594	0.086
-0.3	0.045925	375.0	2746.875	825.0	NaN	NaN	NaN	1	0	0	0	0	0	0	0	0	0	0	0	0	1	0	0	0	0	0	0	1	0	0	0	1	-4.0	0.09	0.141	NaN	NaN	0.214	0.313	NaN	NaN	6.42	10.955	NaN	NaN	0.0	"2.5"	"F0034"	0	0	"PR"	60.852	"fill-di-lb"	25.289	2	0	0	2078.346	0.0	2181.151	null	2242.626	0.09
2.8	0.0451	-1125.0	2746.875	1115.625	NaN	NaN	NaN	1	0	0	0	0	0	0	0	0	0	0	0	0	1	0	0	0	0	0	0	1	0	0	0	1	34.0	0.09	0.17	NaN	NaN	0.214	0.378	NaN	NaN	6.42	13.23	NaN	NaN	0.0	"2.5"	"F0034"	0	0	"PR"	70.89	"fill-di-lb"	35.327	2	0	0	2078.346	0.0	2181.151	null	2252.664	0.091
-0.5	0.04565	750.0	2756.25	1415.625	NaN	NaN	NaN	1	0	0	0	0	0	0	0	0	0	0	0	0	1	0	0	0	0	0	0	1	0	0	0	1	-6.0	0.091	0.2	NaN	NaN	0.217	0.444	NaN	NaN	6.51	15.54	NaN	NaN	0.0	"2.5"	"F0034"	0	0	"PR"	80.922	"fill-di-lb"	45.359	2	0	0	2078.346	0.0	2181.151	null	2262.696	0.09
-0.3	0.04565	375.0	2746.875	1696.875	NaN	NaN	NaN	1	0	0	0	0	0	0	0	0	0	0	0	0	1	0	0	0	0	0	0	1	0	0	0	1	-4.0	0.09	0.228	NaN	NaN	0.214	0.507	NaN	NaN	6.42	17.745	NaN	NaN	0.0	"2.5"	"F0034"	0	0	"PR"	90.951	"fill-di-lb"	55.388	2	0	0	2078.346	0.0	2181.151	null	2272.725	0.09
-0.7	0.0451	937.5	2746.875	2006.25	NaN	NaN	NaN	1	0	0	0	0	0	0	0	0	0	0	0	0	1	0	0	0	0	0	0	1	0	0	0	1	-8.0	0.09	0.259	NaN	NaN	0.214	0.576	NaN	NaN	6.42	20.16	NaN	NaN	0.0	"2.5"	"F0034"	0	0	"PR"	100.983	"fill-di-lb"	65.42	2	0	0	2078.346	0.0	2181.151	null	2282.757	0.091
-0.1	0.0451	24562.5	2775.0	2240.625	NaN	NaN	NaN	0	0	1	0	0	1	0	0	0	0	0	0	1	0	0	0	0	0	0	0	1	0	0	0	1	-1.0	0.093	0.282	NaN	NaN	0.221	0.627	NaN	NaN	6.63	21.945	NaN	NaN	0.0	"2.5"	"F0034"	0	0	"PR"	111.019	"fill-rg-di"	1.404	2	0	0	2078.346	0.0	2181.151	null	2292.793	0.091
-0.1	0.044825	2437.5	2953.125	2221.875	NaN	NaN	NaN	1	0	0	0	0	0	0	0	0	0	0	0	0	1	0	0	0	0	0	0	1	0	0	0	1	-1.0	0.11	0.28	NaN	NaN	0.262	0.622	NaN	NaN	7.86	21.77	NaN	NaN	0.0	"2.5"	"F0034"	0	0	"PR"	120.855	"fill-di"	4.215	2	0	0	2078.346	0.0	2181.151	null	2302.629	0.084
-11.3	0.044825	30000.0	2971.875	2531.25	NaN	NaN	NaN	0	1	1	0	0	0	0	0	0	0	0	0	1	0	0	0	0	1	1	0	1	1	1	0	1	-136.0	0.112	0.311	NaN	NaN	0.267	0.691	NaN	NaN	8.01	24.185	NaN	NaN	0.0	"2.5"	"F0034"	1	0	"PR"	130.9	"deionize"	8.439	2	1	0	2078.346	0.0	2181.151	null	2312.674	0.089
-11.7	0.043725	30000.0	2953.125	2512.5	NaN	NaN	NaN	0	1	1	0	0	0	0	0	0	0	0	0	1	0	0	0	0	1	1	0	1	1	1	0	1	-140.0	0.11	0.309	NaN	NaN	0.262	0.687	NaN	NaN	7.86	24.045	NaN	NaN	0.0	"2.5"	"F0034"	1	0	"PR"	140.939	"deionize"	18.478	2	1	0	2078.346	0.0	2181.151	null	2322.713	0.087
-11.0	0.04345	30187.5	2934.375	2521.875	NaN	NaN	NaN	0	1	1	0	0	0	0	0	0	0	0	0	1	0	0	0	0	1	1	0	1	1	1	0	1	-132.0	0.108	0.31	NaN	NaN	0.257	0.689	NaN	NaN	7.71	24.115	NaN	NaN	0.0	"2.5"	"F0034"	1	0	"PR"	150.977	"deionize"	28.516	2	1	0	2078.346	0.0	2181.151	null	2332.751	0.087
-12.2	0.042625	30750.0	2934.375	2578.125	NaN	NaN	NaN	0	1	1	0	0	0	0	0	0	0	0	0	1	0	0	0	0	1	1	0	1	1	1	0	1	-146.0	0.108	0.316	NaN	NaN	0.257	0.702	NaN	NaN	7.71	24.57	NaN	NaN	0.0	"2.5"	"F0034"	1	0	"PR"	161.016	"deionize"	38.555	2	1	0	2078.346	0.0	2181.151	null	2342.79	0.084
-11.6	0.041525	28687.5	2943.75	2550.0	NaN	NaN	NaN	0	1	1	0	0	0	0	0	0	0	0	0	1	0	0	0	0	1	1	0	1	1	1	0	1	-139.0	0.109	0.313	NaN	NaN	0.26	0.696	NaN	NaN	7.8	24.36	NaN	NaN	0.0	"2.5"	"F0034"	1	0	"PR"	171.052	"deionize"	48.591	2	1	0	2078.346	0.0	2181.151	null	2352.826	0.087
-12.1	0.0407	30000.0	2953.125	2568.75	NaN	NaN	NaN	0	1	1	0	0	0	0	0	0	0	0	0	1	0	0	0	0	1	1	0	1	1	1	0	1	-145.0	0.11	0.315	NaN	NaN	0.262	0.7	NaN	NaN	7.86	24.5	NaN	NaN	0.0	"2.5"	"F0034"	1	0	"PR"	181.096	"deionize"	58.635	2	1	0	2078.346	0.0	2181.151	null	2362.87	0.093
-11.3	0.040425	30000.0	2943.75	2578.125	NaN	NaN	NaN	0	1	1	0	0	0	0	0	0	0	0	0	1	0	0	0	0	1	1	0	1	1	1	0	1	-136.0	0.109	0.316	NaN	NaN	0.26	0.702	NaN	NaN	7.8	24.57	NaN	NaN	0.0	"2.5"	"F0034"	1	0	"PR"	190.933	"deionize"	68.472	2	1	0	2078.346	0.0	2181.151	null	2372.707	0.084
-12.0	0.03905	29250.0	2962.5	2550.0	NaN	NaN	NaN	0	1	1	0	0	0	0	0	0	0	0	0	1	0	0	0	0	1	1	0	1	1	1	0	1	-144.0	0.111	0.313	NaN	NaN	0.264	0.696	NaN	NaN	7.92	24.36	NaN	NaN	0.0	"2.5"	"F0034"	1	0	"PR"	200.969	"deionize"	78.508	2	1	0	2078.346	0.0	2181.151	null	2382.743	0.085
-11.9	0.038775	29250.0	2962.5	2475.0	NaN	NaN	NaN	0	1	1	0	0	0	0	0	0	0	0	0	1	0	0	0	0	1	1	0	1	1	1	0	1	-143.0	0.111	0.305	NaN	NaN	0.264	0.678	NaN	NaN	7.92	23.73	NaN	NaN	0.0	"2.5"	"F0034"	1	0	"PR"	211.011	"deionize"	88.55	2	1	0	2078.346	0.0	2181.151	null	2392.785	0.085
-11.3	0.038225	29250.0	2962.5	2484.375	NaN	NaN	NaN	0	1	1	0	0	0	0	0	0	0	0	0	1	0	0	0	0	1	1	0	1	1	1	0	1	-136.0	0.111	0.306	NaN	NaN	0.264	0.68	NaN	NaN	7.92	23.8	NaN	NaN	0.0	"2.5"	"F0034"	1	0	"PR"	221.049	"deionize"	98.588	2	1	0	2078.346	0.0	2181.151	null	2402.823	0.086
-12.7	0.0374	29250.0	2953.125	2437.5	NaN	NaN	NaN	0	1	1	0	0	0	0	0	0	0	0	0	1	0	0	0	0	1	1	0	1	1	1	0	1	-152.0	0.11	0.302	NaN	NaN	0.262	0.671	NaN	NaN	7.86	23.485	NaN	NaN	0.0	"2.5"	"F0034"	1	0	"PR"	231.09	"deionize"	108.629	2	1	0	2078.346	0.0	2181.151	null	2412.864	0.089
-11.9	0.037125	29437.5	2953.125	2503.125	NaN	NaN	NaN	0	1	1	0	0	0	0	0	0	0	0	0	1	0	0	0	0	1	1	0	1	1	1	0	1	-143.0	0.11	0.308	NaN	NaN	0.262	0.684	NaN	NaN	7.86	23.94	NaN	NaN	0.0	"2.5"	"F0034"	1	0	"PR"	241.129	"deionize"	118.668	2	1	0	2078.346	0.0	2181.151	null	2422.903	0.087
-12.0	0.03685	29625.0	2953.125	2465.625	NaN	NaN	NaN	0	1	1	0	0	0	0	0	0	0	0	0	1	0	0	0	0	1	1	0	1	1	1	0	1	-144.0	0.11	0.305	NaN	NaN	0.262	0.678	NaN	NaN	7.86	23.73	NaN	NaN	0.0	"2.5"	"F0034"	1	0	"PR"	251.165	"deionize"	128.704	2	1	0	2078.346	0.0	2181.151	null	2432.939	0.087
-12.1	0.036025	30000.0	2943.75	2484.375	NaN	NaN	NaN	0	1	1	0	0	0	0	0	0	0	0	0	1	0	0	0	0	1	1	0	1	1	1	0	1	-145.0	0.109	0.306	NaN	NaN	0.26	0.68	NaN	NaN	7.8	23.8	NaN	NaN	0.0	"2.5"	"F0034"	1	0	"PR"	261.004	"deionize"	138.543	2	1	0	2078.346	0.0	2181.151	null	2442.778	0.086
-12.4	0.035475	30375.0	2934.375	2418.75	NaN	NaN	NaN	0	1	1	0	0	0	0	0	0	0	0	0	1	0	0	0	0	1	1	0	1	1	1	0	1	-149.0	0.108	0.3	NaN	NaN	0.257	0.667	NaN	NaN	7.71	23.345	NaN	NaN	0.0	"2.5"	"F0034"	1	0	"PR"	271.04	"deionize"	148.579	2	1	0	2078.346	0.0	2181.151	null	2452.814	0.084
-11.9	0.0352	30937.5	2953.125	2428.125	NaN	NaN	NaN	0	1	1	0	0	0	0	0	0	0	0	0	1	0	0	0	0	1	1	0	1	1	1	0	1	-143.0	0.11	0.301	NaN	NaN	0.262	0.669	NaN	NaN	7.86	23.415	NaN	NaN	0.0	"2.5"	"F0034"	1	0	"PR"	281.078	"deionize"	158.617	2	1	0	2078.346	0.0	2181.151	null	2462.852	0.086
-11.7	0.03465	30750.0	2990.625	2446.875	NaN	NaN	NaN	0	1	1	0	0	0	0	0	0	0	0	0	1	0	0	0	0	1	1	0	1	1	1	0	1	-140.0	0.114	0.303	NaN	NaN	0.271	0.673	NaN	NaN	8.13	23.555	NaN	NaN	0.0	"2.5"	"F0034"	1	0	"PR"	291.119	"deionize"	168.658	2	1	0	2078.346	0.0	2181.151	null	2472.893	0.084
-11.8	0.03465	30000.0	2943.75	2409.375	NaN	NaN	NaN	0	1	1	0	0	0	0	0	0	0	0	0	1	0	0	0	0	1	1	0	1	1	1	0	1	-142.0	0.109	0.299	NaN	NaN	0.26	0.664	NaN	NaN	7.8	23.24	NaN	NaN	0.0	"2.5"	"F0034"	1	0	"PR"	301.155	"deionize"	178.694	2	1	0	2078.346	0.0	2181.151	null	2482.929	0.084
-12.1	0.033825	30000.0	2953.125	2456.25	NaN	NaN	NaN	0	1	1	0	0	0	0	0	0	0	0	0	1	0	0	0	0	1	1	0	1	1	1	0	1	-145.0	0.11	0.304	NaN	NaN	0.262	0.676	NaN	NaN	7.86	23.66	NaN	NaN	0.0	"2.5"	"F0034"	1	0	"PR"	311.195	"deionize"	188.734	2	1	0	2078.346	0.0	2181.151	null	2492.969	0.086
-10.9	0.03355	28875.0	2953.125	2390.625	NaN	NaN	NaN	0	1	1	0	0	0	0	0	0	0	0	0	1	0	0	0	0	1	1	0	1	1	1	0	1	-131.0	0.11	0.297	NaN	NaN	0.262	0.66	NaN	NaN	7.86	23.1	NaN	NaN	0.0	"2.5"	"F0034"	1	0	"PR"	321.23	"deionize"	198.769	2	1	0	2078.346	0.0	2181.151	null	2503.004	0.084
-12.0	0.03355	30187.5	2943.75	2475.0	NaN	NaN	NaN	0	1	1	0	0	0	0	0	0	0	0	0	1	0	0	0	0	1	1	0	1	1	1	0	1	-144.0	0.109	0.305	NaN	NaN	0.26	0.678	NaN	NaN	7.8	23.73	NaN	NaN	0.0	"2.5"	"F0034"	1	0	"PR"	331.263	"deionize"	208.802	2	1	0	2078.346	0.0	2181.151	null	2513.037	0.087
-12.0	0.032725	30000.0	2981.25	2371.875	NaN	NaN	NaN	0	1	1	0	0	0	0	0	0	0	0	0	1	0	0	0	0	1	1	0	1	1	1	0	1	-144.0	0.113	0.295	NaN	NaN	0.269	0.656	NaN	NaN	8.07	22.96	NaN	NaN	0.0	"2.5"	"F0034"	1	0	"PR"	341.102	"deionize"	218.641	2	1	0	2078.346	0.0	2181.151	null	2522.876	0.086
-11.9	0.03245	30187.5	2943.75	2418.75	NaN	NaN	NaN	0	1	1	0	0	0	0	0	0	0	0	0	1	0	0	0	0	1	1	0	1	1	1	0	1	-143.0	0.109	0.3	NaN	NaN	0.26	0.667	NaN	NaN	7.8	23.345	NaN	NaN	0.0	"2.5"	"F0034"	1	0	"PR"	351.138	"deionize"	228.677	2	1	0	2078.346	0.0	2181.151	null	2532.912	0.084
-11.7	0.031625	29812.5	2953.125	2400.0	NaN	NaN	NaN	0	1	1	0	0	0	0	0	0	0	0	0	1	0	0	0	0	1	1	0	1	1	1	0	1	-140.0	0.11	0.298	NaN	NaN	0.262	0.662	NaN	NaN	7.86	23.17	NaN	NaN	0.0	"2.5"	"F0034"	1	0	"PR"	361.178	"deionize"	238.717	2	1	0	2078.346	0.0	2181.151	null	2542.952	0.084
-11.9	0.03135	29625.0	2962.5	2512.5	NaN	NaN	NaN	0	1	1	0	0	0	0	0	0	0	0	0	1	0	0	0	1	1	1	0	1	1	1	0	1	-143.0	0.111	0.309	NaN	NaN	0.264	0.687	NaN	NaN	7.92	24.045	NaN	NaN	0.0	"2.5"	"F0034"	1	0	"PR"	371.327	"deionize-uv"	8.741	2	1	0	2078.346	0.0	2181.151	null	2553.101	0.084
-11.3	0.031625	30000.0	2943.75	2381.25	NaN	NaN	NaN	0	1	1	0	0	0	0	0	0	0	0	0	1	0	0	0	1	1	1	0	1	1	1	0	1	-136.0	0.109	0.296	NaN	NaN	0.26	0.658	NaN	NaN	7.8	23.03	NaN	NaN	0.0	"2.5"	"F0034"	1	0	"PR"	381.159	"deionize-uv"	18.573	2	1	0	2078.346	0.0	2181.151	null	2562.933	0.09
-11.1	0.030525	29625.0	2953.125	2465.625	NaN	NaN	NaN	0	1	1	0	0	0	0	0	0	0	0	0	1	0	0	0	1	1	1	0	1	1	1	0	1	-133.0	0.11	0.305	NaN	NaN	0.262	0.678	NaN	NaN	7.86	23.73	NaN	NaN	0.0	"2.5"	"F0034"	1	0	"PR"	391.199	"deionize-uv"	28.613	2	1	0	2078.346	0.0	2181.151	null	2572.973	0.086
-10.9	0.03025	30000.0	2971.875	2428.125	NaN	NaN	NaN	0	1	1	0	0	0	0	0	0	0	0	0	1	0	0	0	1	1	1	0	1	1	1	0	1	-131.0	0.112	0.301	NaN	NaN	0.267	0.669	NaN	NaN	8.01	23.415	NaN	NaN	0.0	"2.5"	"F0034"	1	0	"PR"	401.235	"deionize-uv"	38.649	2	1	0	2078.346	0.0	2181.151	null	2583.009	0.086
-11.2	0.0297	29625.0	2943.75	2428.125	NaN	NaN	NaN	0	1	1	0	0	0	0	0	0	0	0	0	1	0	0	0	1	1	1	0	1	1	1	0	1	-134.0	0.109	0.301	NaN	NaN	0.26	0.669	NaN	NaN	7.8	23.415	NaN	NaN	0.0	"2.5"	"F0034"	1	0	"PR"	411.265	"deionize-uv"	48.679	2	1	0	2078.346	0.0	2181.151	null	2593.039	0.084
-10.6	0.0297	30187.5	2953.125	2456.25	NaN	NaN	NaN	0	1	1	0	0	0	0	0	0	0	0	0	1	0	0	0	1	1	1	0	1	1	1	0	1	-127.0	0.11	0.304	NaN	NaN	0.262	0.676	NaN	NaN	7.86	23.66	NaN	NaN	0.0	"2.5"	"F0034"	1	0	"PR"	421.304	"deionize-uv"	58.718	2	1	0	2078.346	0.0	2181.151	null	2603.078	0.085
-9.2	0.0297	30000.0	2962.5	2409.375	NaN	NaN	NaN	0	1	1	0	0	0	0	0	0	0	0	0	1	0	0	0	1	1	1	0	1	1	1	0	1	-110.0	0.111	0.299	NaN	NaN	0.264	0.664	NaN	NaN	7.92	23.24	NaN	NaN	0.0	"2.5"	"F0034"	1	0	"PR"	431.339	"deionize-uv"	68.753	2	1	0	2078.346	0.0	2181.151	null	2613.113	0.088
-10.5	0.028875	29250.0	2943.75	2437.5	NaN	NaN	NaN	0	1	1	0	0	0	0	0	0	0	0	0	1	0	0	0	1	1	1	0	1	1	1	0	1	-126.0	0.109	0.302	NaN	NaN	0.26	0.671	NaN	NaN	7.8	23.485	NaN	NaN	0.0	"2.5"	"F0034"	1	0	"PR"	441.373	"deionize-uv"	78.787	2	1	0	2078.346	0.0	2181.151	null	2623.147	0.084
-9.9	0.028875	29812.5	2953.125	2428.125	NaN	NaN	NaN	0	1	1	0	0	0	0	0	0	0	0	0	1	0	0	0	1	1	1	0	1	1	1	0	1	-119.0	0.11	0.301	NaN	NaN	0.262	0.669	NaN	NaN	7.86	23.415	NaN	NaN	0.0	"2.5"	"F0034"	1	0	"PR"	451.41	"deionize-uv"	88.824	2	1	0	2078.346	0.0	2181.151	null	2633.184	0.085
-10.4	0.0286	30000.0	2953.125	2428.125	NaN	NaN	NaN	0	1	1	0	0	0	0	0	0	0	0	0	1	0	0	0	1	1	1	0	1	1	1	0	1	-125.0	0.11	0.301	NaN	NaN	0.262	0.669	NaN	NaN	7.86	23.415	NaN	NaN	0.0	"2.5"	"F0034"	1	0	"PR"	461.245	"deionize-uv"	98.659	2	1	0	2078.346	0.0	2181.151	null	2643.019	0.087
-8.5	0.02805	31125.0	2962.5	2456.25	NaN	NaN	NaN	0	1	1	0	0	0	0	0	0	0	0	0	1	0	0	0	1	1	1	0	1	1	1	0	1	-102.0	0.111	0.304	NaN	NaN	0.264	0.676	NaN	NaN	7.92	23.66	NaN	NaN	0.0	"2.5"	"F0034"	1	0	"PR"	471.283	"deionize-uv"	108.697	2	1	0	2078.346	0.0	2181.151	null	2653.057	0.088
-9.7	0.02805	30000.0	2943.75	2409.375	NaN	NaN	NaN	0	1	1	0	0	0	0	0	0	0	0	0	1	0	0	0	1	1	1	0	1	1	1	0	1	-116.0	0.109	0.299	NaN	NaN	0.26	0.664	NaN	NaN	7.8	23.24	NaN	NaN	0.0	"2.5"	"F0034"	1	0	"PR"	481.32	"deionize-uv"	118.734	2	1	0	2078.346	0.0	2181.151	null	2663.094	0.087
-11.3	0.0275	29625.0	2953.125	1875.0	NaN	NaN	NaN	0	0	1	0	0	0	0	1	0	0	0	0	1	0	0	0	1	1	1	0	1	1	1	0	1	-136.0	0.11	0.245	NaN	NaN	0.262	0.544	NaN	NaN	7.86	19.04	NaN	NaN	0.0	"2.5"	"F0034"	1	0	"PR"	491.291	"drain-di-1"	8.566	2	1	0	2078.346	0.0	2181.151	null	2673.065	0.093
-9.6	0.02695	29250.0	2971.875	1640.625	NaN	NaN	NaN	0	0	1	0	0	0	0	1	0	0	0	0	1	0	0	0	1	1	1	0	1	1	1	0	1	-115.0	0.112	0.222	NaN	NaN	0.267	0.493	NaN	NaN	8.01	17.255	NaN	NaN	0.0	"2.5"	"F0034"	1	0	"PR"	501.328	"drain-di-1"	18.603	2	1	0	2078.346	0.0	2181.151	null	2683.102	0.087
-9.5	0.0264	30000.0	2943.75	1378.125	NaN	NaN	NaN	0	0	1	0	0	0	0	1	0	0	0	0	1	0	0	0	1	1	1	0	1	1	1	0	1	-114.0	0.109	0.196	NaN	NaN	0.26	0.436	NaN	NaN	7.8	15.26	NaN	NaN	0.0	"2.5"	"F0034"	1	0	"PR"	511.366	"drain-di-1"	28.641	2	1	0	2078.346	0.0	2181.151	null	2693.14	0.091
-8.9	0.026675	29250.0	2962.5	1134.375	NaN	NaN	NaN	0	0	1	0	0	0	0	1	0	0	0	0	1	0	0	0	1	1	1	0	1	1	1	0	1	-107.0	0.111	0.171	NaN	NaN	0.264	0.38	NaN	NaN	7.92	13.3	NaN	NaN	0.0	"2.5"	"F0034"	1	0	"PR"	521.409	"drain-di-1"	38.684	2	1	0	2078.346	0.0	2181.151	null	2703.183	0.09
-9.8	0.02695	30000.0	2962.5	862.5	NaN	NaN	NaN	0	0	1	0	0	0	0	1	0	0	0	0	1	0	0	0	1	1	1	0	1	1	1	0	1	-118.0	0.111	0.144	NaN	NaN	0.264	0.32	NaN	NaN	7.92	11.2	NaN	NaN	0.0	"2.5"	"F0034"	1	0	"PR"	531.444	"drain-di-1"	48.719	2	1	0	2078.346	0.0	2181.151	null	2713.218	0.091
-10.4	0.026675	30000.0	2953.125	628.125	NaN	NaN	NaN	0	0	1	0	0	0	0	1	0	0	0	0	1	0	0	0	1	1	1	0	1	1	1	0	1	-125.0	0.11	0.121	NaN	NaN	0.262	0.269	NaN	NaN	7.86	9.415	NaN	NaN	0.0	"2.5"	"F0034"	1	0	"PR"	541.484	"drain-di-1"	58.759	2	1	0	2078.346	0.0	2181.151	null	2723.258	0.085
-9.3	0.02585	30187.5	2943.75	375.0	NaN	NaN	NaN	0	0	1	0	0	0	0	1	0	0	0	0	1	0	0	0	1	1	1	0	1	1	1	0	1	-112.0	0.109	0.096	NaN	NaN	0.26	0.213	NaN	NaN	7.8	7.455	NaN	NaN	0.0	"2.5"	"F0034"	1	0	"PR"	551.525	"drain-di-1"	68.8	2	1	0	2078.346	0.0	2181.151	null	2733.299	0.084
-9.5	0.026125	29062.5	2943.75	121.875	NaN	NaN	NaN	0	0	1	0	0	0	0	1	0	0	0	0	1	0	0	0	1	1	1	0	1	1	1	0	1	-114.0	0.109	0.07	NaN	NaN	0.26	0.156	NaN	NaN	7.8	5.46	NaN	NaN	0.0	"2.5"	"F0034"	1	0	"PR"	561.361	"drain-di-1"	78.636	2	1	0	2078.346	0.0	2181.151	null	2743.135	0.091
-9.2	0.0264	29437.5	2943.75	-131.25	NaN	NaN	NaN	0	0	1	0	0	0	0	1	0	0	0	0	1	0	0	0	1	1	1	0	1	1	1	0	1	-110.0	0.109	0.045	NaN	NaN	0.26	0.1	NaN	NaN	7.8	3.5	NaN	NaN	0.0	"2.5"	"F0034"	1	0	"PR"	571.512	"drip-di-1"	8.143	2	1	0	2078.346	0.0	2181.151	null	2753.286	0.09
12.3	0.02585	25875.0	2756.25	0.0	NaN	NaN	NaN	1	0	0	0	0	1	1	0	0	0	0	0	1	1	0	0	0	1	1	1	0	1	1	1	0	148.0	0.091	0.058	NaN	NaN	0.217	0.129	NaN	NaN	6.51	4.515	NaN	NaN	0.0	"2.5"	"F0034"	1	1	"PR"	581.511	"reverse-f"	2.974	2	1	0	2078.346	0.0	2181.151	null	2763.285	0.091
10.8	0.0275	27375.0	2784.375	234.375	NaN	NaN	NaN	1	0	0	0	0	1	1	0	0	0	0	0	1	1	0	0	0	1	1	1	0	1	1	1	0	130.0	0.093	0.081	NaN	NaN	0.221	0.18	NaN	NaN	6.63	6.3	NaN	NaN	0.0	"2.5"	"F0034"	1	1	"PR"	591.547	"reverse-f"	13.01	2	1	0	2078.346	0.0	2181.151	null	2773.321	0.09
11.9	0.0297	24562.5	2765.625	525.0	NaN	NaN	NaN	1	0	0	0	0	1	1	0	0	0	0	0	1	1	0	0	0	1	1	1	0	1	1	1	0	143.0	0.092	0.111	NaN	NaN	0.219	0.247	NaN	NaN	6.57	8.645	NaN	NaN	0.0	"2.5"	"F0034"	1	1	"PR"	601.381	"reverse-f"	22.844	2	1	0	2078.346	0.0	2181.151	null	2783.155	0.084
13.1	0.03245	24000.0	2784.375	815.625	NaN	NaN	NaN	1	0	0	0	0	1	1	0	0	0	0	0	1	1	0	0	0	1	1	1	0	1	1	1	0	157.0	0.093	0.14	NaN	NaN	0.221	0.311	NaN	NaN	6.63	10.885	NaN	NaN	0.0	"2.5"	"F0034"	1	1	"PR"	611.418	"reverse-f"	32.881	2	1	0	2078.346	0.0	2181.151	null	2793.192	0.087
13.3	0.034925	26062.5	2793.75	1106.25	NaN	NaN	NaN	1	0	0	0	0	1	1	0	0	0	0	0	1	1	0	0	0	1	1	1	0	1	1	1	0	160.0	0.094	0.169	NaN	NaN	0.224	0.376	NaN	NaN	6.72	13.16	NaN	NaN	0.0	"2.5"	"F0034"	1	1	"PR"	621.45	"reverse-f"	42.913	2	1	0	2078.346	0.0	2181.151	null	2803.224	0.09
12.6	0.037675	26437.5	2803.125	1443.75	NaN	NaN	NaN	1	0	0	0	0	1	1	0	0	0	0	0	1	1	0	0	0	1	1	1	0	1	1	1	0	151.0	0.095	0.202	NaN	NaN	0.226	0.449	NaN	NaN	6.78	15.715	NaN	NaN	0.0	"2.5"	"F0034"	1	1	"PR"	631.487	"reverse-f"	52.95	2	1	0	2078.346	0.0	2181.151	null	2813.261	0.092
12.3	0.039325	27375.0	2793.75	1696.875	NaN	NaN	NaN	1	0	0	0	0	1	1	0	0	0	0	0	1	1	0	0	0	1	1	1	0	1	1	1	0	148.0	0.094	0.228	NaN	NaN	0.224	0.507	NaN	NaN	6.72	17.745	NaN	NaN	0.0	"2.5"	"F0034"	1	1	"PR"	641.524	"reverse-f"	62.987	2	1	0	2078.346	0.0	2181.151	null	2823.298	0.093
12.6	0.04125	24562.5	2812.5	2025.0	NaN	NaN	NaN	1	0	0	0	0	1	1	0	0	0	0	0	1	1	0	0	0	1	1	1	0	1	1	1	0	151.0	0.096	0.261	NaN	NaN	0.229	0.58	NaN	NaN	6.87	20.3	NaN	NaN	0.0	"2.5"	"F0034"	1	1	"PR"	651.559	"reverse-f"	73.022	2	1	0	2078.346	0.0	2181.151	null	2833.333	0.09
12.6	0.043725	26812.5	2765.625	2268.75	NaN	NaN	NaN	0	0	0	0	0	1	1	0	0	0	0	0	1	0	0	0	0	1	1	1	0	1	1	1	0	151.0	0.092	0.285	NaN	NaN	0.219	0.633	NaN	NaN	6.57	22.155	NaN	NaN	0.0	"2.5"	"F0034"	1	1	"PR"	661.504	"reverse"	82.967	2	1	0	2078.346	0.0	2181.151	null	2843.278	0.091
12.4	0.045375	24562.5	2775.0	2259.375	NaN	NaN	NaN	0	0	0	0	0	1	1	0	0	0	0	0	1	0	0	0	0	1	1	1	0	1	1	1	0	149.0	0.093	0.284	NaN	NaN	0.221	0.631	NaN	NaN	6.63	22.085	NaN	NaN	0.0	"2.5"	"F0034"	1	1	"PR"	671.535	"reverse"	92.998	2	1	0	2078.346	0.0	2181.151	null	2853.309	0.094
12.7	0.04565	24562.5	2784.375	2278.125	NaN	NaN	NaN	0	0	0	0	0	1	1	0	0	0	0	0	1	0	0	0	0	1	1	1	0	1	1	1	0	152.0	0.093	0.286	NaN	NaN	0.221	0.636	NaN	NaN	6.63	22.26	NaN	NaN	0.0	"2.5"	"F0034"	1	1	"PR"	681.573	"reverse"	103.036	2	1	0	2078.346	0.0	2181.151	null	2863.347	0.09
12.6	0.047025	25125.0	2821.875	2268.75	NaN	NaN	NaN	0	0	0	0	0	1	1	0	0	0	0	0	1	0	0	0	0	1	1	1	0	1	1	1	0	151.0	0.097	0.285	NaN	NaN	0.231	0.633	NaN	NaN	6.93	22.155	NaN	NaN	0.0	"2.5"	"F0034"	1	1	"PR"	691.611	"reverse"	113.074	2	1	0	2078.346	0.0	2181.151	null	2873.385	0.091
11.9	0.0473	27187.5	2821.875	2259.375	NaN	NaN	NaN	0	0	0	0	0	1	1	0	0	0	0	0	1	0	0	0	0	1	1	1	0	1	1	1	0	143.0	0.097	0.284	NaN	NaN	0.231	0.631	NaN	NaN	6.93	22.085	NaN	NaN	0.0	"2.5"	"F0034"	1	1	"PR"	701.646	"reverse"	123.109	2	1	0	2078.346	0.0	2181.151	null	2883.42	0.094
11.9	0.048675	25875.0	2784.375	2268.75	NaN	NaN	NaN	0	0	0	0	0	1	1	0	0	0	0	0	1	0	0	0	0	1	1	1	0	1	1	1	0	143.0	0.093	0.285	NaN	NaN	0.221	0.633	NaN	NaN	6.63	22.155	NaN	NaN	0.0	"2.5"	"F0034"	1	1	"PR"	711.681	"reverse"	133.144	2	1	0	2078.346	0.0	2181.151	null	2893.455	0.088
12.7	0.048675	26062.5	2803.125	2268.75	NaN	NaN	NaN	0	0	0	0	0	1	1	0	0	0	0	0	1	0	0	0	0	1	1	1	0	1	1	1	0	152.0	0.095	0.285	NaN	NaN	0.226	0.633	NaN	NaN	6.78	22.155	NaN	NaN	0.0	"2.5"	"F0034"	1	1	"PR"	721.519	"reverse"	142.982	2	1	0	2078.346	0.0	2181.151	null	2903.293	0.086
2.9	0.049775	-1125.0	2990.625	2287.5	NaN	NaN	NaN	0	0	0	0	0	0	0	0	0	0	0	0	0	0	0	0	0	0	0	0	1	0	0	0	1	35.0	0.114	0.287	NaN	NaN	0.271	0.638	NaN	NaN	8.13	22.33	NaN	NaN	0.0	"2.5"	"F0034"	0	0	"PR"	731.656	"diffuse"	3.113	2	1	1	2078.346	0.0	2181.151	null	2913.43	0.094
2.7	0.0495	0.0	2971.875	2278.125	NaN	NaN	NaN	0	0	0	0	0	0	0	0	0	0	0	0	0	0	0	0	0	0	0	0	1	0	0	0	1	32.0	0.112	0.286	NaN	NaN	0.267	0.636	NaN	NaN	8.01	22.26	NaN	NaN	0.0	"2.5"	"F0034"	0	0	"PR"	741.692	"diffuse"	13.149	2	1	1	2078.346	0.0	2181.151	null	2923.466	0.092
2.9	0.049775	1125.0	2971.875	2287.5	NaN	NaN	NaN	0	0	0	0	0	0	0	0	0	0	0	0	0	0	0	0	0	0	0	0	1	0	0	0	1	35.0	0.112	0.287	NaN	NaN	0.267	0.638	NaN	NaN	8.01	22.33	NaN	NaN	0.0	"2.5"	"F0034"	0	0	"PR"	751.726	"diffuse"	23.183	2	1	1	2078.346	0.0	2181.151	null	2933.5	0.09
12.4	0.049225	25875.0	2765.625	2268.75	NaN	NaN	NaN	0	0	0	0	0	1	1	0	0	0	0	0	1	0	0	0	0	1	1	1	0	1	1	1	0	149.0	0.092	0.285	NaN	NaN	0.219	0.633	NaN	NaN	6.57	22.155	NaN	NaN	0.0	"2.5"	"F0034"	1	1	"PR"	761.648	"wash-en"	3.1	2	1	1	2078.346	0.0	2181.151	null	2943.422	0.09
12.8	0.0506	25500.0	2803.125	2287.5	NaN	NaN	NaN	0	0	0	0	0	1	1	0	0	0	0	0	1	0	0	0	0	1	1	1	0	1	1	1	0	154.0	0.095	0.287	NaN	NaN	0.226	0.638	NaN	NaN	6.78	22.33	NaN	NaN	0.0	"2.5"	"F0034"	1	1	"PR"	771.688	"wash-en"	13.14	2	1	1	2078.346	0.0	2181.151	null	2953.462	0.087
1.8	0.05005	24750.0	2812.5	2278.125	NaN	NaN	NaN	0	0	0	0	0	1	1	0	0	0	0	0	1	0	0	0	0	0	0	0	1	0	0	0	1	22.0	0.096	0.286	NaN	NaN	0.229	0.636	NaN	NaN	6.87	22.26	NaN	NaN	0.0	"2.5"	"F0034"	0	0	"PR"	781.615	"wash-sc"	2.9	2	1	1	2078.346	0.0	2181.151	null	2963.389	0.084
1.6	0.051425	-375.0	2971.875	2287.5	NaN	NaN	NaN	0	0	0	0	0	0	0	0	0	0	0	0	0	0	0	0	0	0	0	0	1	0	0	0	1	19.0	0.112	0.287	NaN	NaN	0.267	0.638	NaN	NaN	8.01	22.33	NaN	NaN	0.0	"2.5"	"F0034"	0	0	"PR"	791.648	"diffuse"	2.809	2	1	2	2078.346	0.0	2181.151	null	2973.422	0.087
3.6	0.05115	562.5	2971.875	2268.75	NaN	NaN	NaN	0	0	0	0	0	0	0	0	0	0	0	0	0	0	0	0	0	0	0	0	1	0	0	0	1	43.0	0.112	0.285	NaN	NaN	0.267	0.633	NaN	NaN	8.01	22.155	NaN	NaN	0.0	"2.5"	"F0034"	0	0	"PR"	801.687	"diffuse"	12.848	2	1	2	2078.346	0.0	2181.151	null	2983.461	0.087
2.1	0.05115	1312.5	2971.875	2268.75	NaN	NaN	NaN	0	0	0	0	0	0	0	0	0	0	0	0	0	0	0	0	0	0	0	0	1	0	0	0	1	25.0	0.112	0.285	NaN	NaN	0.267	0.633	NaN	NaN	8.01	22.155	NaN	NaN	0.0	"2.5"	"F0034"	0	0	"PR"	811.723	"diffuse"	22.884	2	1	2	2078.346	0.0	2181.151	null	2993.497	0.086
12.3	0.0506	25500.0	2812.5	2250.0	NaN	NaN	NaN	0	0	0	0	0	1	1	0	0	0	0	0	1	0	0	0	0	1	1	1	0	1	1	1	0	148.0	0.096	0.283	NaN	NaN	0.229	0.629	NaN	NaN	6.87	22.015	NaN	NaN	0.0	"2.5"	"F0034"	1	1	"PR"	821.647	"wash-en"	2.699	2	1	2	2078.346	0.0	2181.151	null	3003.421	0.09
12.6	0.050875	26625.0	2784.375	2259.375	NaN	NaN	NaN	0	0	0	0	0	1	1	0	0	0	0	0	1	0	0	0	0	1	1	1	0	1	1	1	0	151.0	0.093	0.284	NaN	NaN	0.221	0.631	NaN	NaN	6.63	22.085	NaN	NaN	0.0	"2.5"	"F0034"	1	1	"PR"	831.684	"wash-en"	12.736	2	1	2	2078.346	0.0	2181.151	null	3013.458	0.084
1.3	0.0517	25125.0	2793.75	2268.75	NaN	NaN	NaN	0	0	0	0	0	1	1	0	0	0	0	0	1	0	0	0	0	0	0	0	1	0	0	0	1	16.0	0.094	0.285	NaN	NaN	0.224	0.633	NaN	NaN	6.72	22.155	NaN	NaN	0.0	"2.5"	"F0034"	0	0	"PR"	841.816	"wash-sc"	2.704	2	1	2	2078.346	0.0	2181.151	null	3023.59	0.087
1.7	0.051425	187.5	2962.5	2278.125	NaN	NaN	NaN	0	0	0	0	0	0	0	0	0	0	0	0	0	0	0	0	0	0	0	0	1	0	0	0	1	20.0	0.111	0.286	NaN	NaN	0.264	0.636	NaN	NaN	7.92	22.26	NaN	NaN	0.0	"2.5"	"F0034"	0	0	"PR"	851.849	"diffuse"	2.608	2	1	3	2078.346	0.0	2181.151	null	3033.623	0.087
1.7	0.05115	375.0	2971.875	2250.0	NaN	NaN	NaN	0	0	0	0	0	0	0	0	0	0	0	0	0	0	0	0	0	0	0	0	1	0	0	0	1	20.0	0.112	0.283	NaN	NaN	0.267	0.629	NaN	NaN	8.01	22.015	NaN	NaN	0.0	"2.5"	"F0034"	0	0	"PR"	861.683	"diffuse"	12.442	2	1	3	2078.346	0.0	2181.151	null	3043.457	0.087
2.1	0.0517	-937.5	2971.875	2296.875	NaN	NaN	NaN	0	0	0	0	0	0	0	0	0	0	0	0	0	0	0	0	0	0	0	0	1	0	0	0	1	25.0	0.112	0.288	NaN	NaN	0.267	0.64	NaN	NaN	8.01	22.4	NaN	NaN	0.0	"2.5"	"F0034"	0	0	"PR"	871.719	"diffuse"	22.478	2	1	3	2078.346	0.0	2181.151	null	3053.493	0.084
12.0	0.050875	26062.5	2784.375	2268.75	NaN	NaN	NaN	0	0	0	0	0	1	1	0	0	0	0	0	1	0	0	0	0	1	1	1	0	1	1	1	0	144.0	0.093	0.285	NaN	NaN	0.221	0.633	NaN	NaN	6.63	22.155	NaN	NaN	0.0	"2.5"	"F0034"	1	1	"PR"	881.841	"wash-en"	2.497	2	1	3	2078.346	0.0	2181.151	null	3063.615	0.086
12.2	0.05115	25312.5	2793.75	2250.0	NaN	NaN	NaN	0	0	0	0	0	1	1	0	0	0	0	0	1	0	0	0	0	1	1	1	0	1	1	1	0	146.0	0.094	0.283	NaN	NaN	0.224	0.629	NaN	NaN	6.72	22.015	NaN	NaN	0.0	"2.5"	"F0034"	1	1	"PR"	891.874	"wash-en"	12.53	2	1	3	2078.346	0.0	2181.151	null	3073.648	0.086
0.6	0.0517	26812.5	2793.75	2278.125	NaN	NaN	NaN	0	0	0	0	0	1	1	0	0	0	0	0	1	0	0	0	0	0	0	0	1	0	0	0	1	7.0	0.094	0.286	NaN	NaN	0.224	0.636	NaN	NaN	6.72	22.26	NaN	NaN	0.0	"2.5"	"F0034"	0	0	"PR"	901.804	"wash-sc"	2.301	2	1	3	2078.346	0.0	2181.151	null	3083.578	0.086
1.3	0.0517	-750.0	2990.625	2278.125	NaN	NaN	NaN	0	0	0	0	0	0	0	0	0	0	0	0	0	0	0	0	0	0	0	0	1	0	0	0	1	16.0	0.114	0.286	NaN	NaN	0.271	0.636	NaN	NaN	8.13	22.26	NaN	NaN	0.0	"2.5"	"F0034"	0	0	"PR"	911.84	"diffuse"	2.206	2	1	4	2078.346	0.0	2181.151	null	3093.614	0.084
1.6	0.0517	375.0	2971.875	2278.125	NaN	NaN	NaN	0	0	0	0	0	0	0	0	0	0	0	0	0	0	0	0	0	0	0	0	1	0	0	0	1	19.0	0.112	0.286	NaN	NaN	0.267	0.636	NaN	NaN	8.01	22.26	NaN	NaN	0.0	"2.5"	"F0034"	0	0	"PR"	921.873	"diffuse"	12.239	2	1	4	2078.346	0.0	2181.151	null	3103.647	0.086
2.4	0.051425	937.5	2953.125	2278.125	NaN	NaN	NaN	0	0	0	0	0	0	0	0	0	0	0	0	0	0	0	0	0	0	0	0	1	0	0	0	1	29.0	0.11	0.286	NaN	NaN	0.262	0.636	NaN	NaN	7.86	22.26	NaN	NaN	0.0	"2.5"	"F0034"	0	0	"PR"	931.913	"diffuse"	22.279	2	1	4	2078.346	0.0	2181.151	null	3113.687	0.087
11.9	0.0506	24562.5	2775.0	2268.75	NaN	NaN	NaN	0	0	0	0	0	1	1	0	0	0	0	0	1	0	0	0	0	1	1	1	0	1	1	1	0	143.0	0.093	0.285	NaN	NaN	0.221	0.633	NaN	NaN	6.63	22.155	NaN	NaN	0.0	"2.5"	"F0034"	1	1	"PR"	941.835	"wash-en"	2.099	2	1	4	2078.346	0.0	2181.151	null	3123.609	0.084
13.0	0.0506	26812.5	2793.75	2278.125	NaN	NaN	NaN	0	0	0	0	0	1	1	0	0	0	0	0	1	0	0	0	0	1	1	1	0	1	1	1	0	156.0	0.094	0.286	NaN	NaN	0.224	0.636	NaN	NaN	6.72	22.26	NaN	NaN	0.0	"2.5"	"F0034"	1	1	"PR"	951.865	"wash-en"	12.129	2	1	4	2078.346	0.0	2181.151	null	3133.639	0.084
0.6	0.05115	25312.5	2821.875	2296.875	NaN	NaN	NaN	0	0	0	0	0	1	1	0	0	0	0	0	1	0	0	0	0	0	0	0	1	0	0	0	1	7.0	0.097	0.288	NaN	NaN	0.231	0.64	NaN	NaN	6.93	22.4	NaN	NaN	0.0	"2.5"	"F0034"	0	0	"PR"	961.794	"wash-sc"	1.896	2	1	4	2078.346	0.0	2181.151	null	3143.568	0.085
1.1	0.051975	-4125.0	2681.25	2278.125	NaN	NaN	NaN	0	0	0	0	1	0	0	0	0	0	0	0	0	0	0	0	0	0	0	0	1	0	0	0	1	13.0	0.083	0.286	NaN	NaN	0.198	0.636	NaN	NaN	5.94	22.26	NaN	NaN	0.0	"2.5"	"F0034"	0	0	"PR"	971.831	"drain-rg"	1.805	2	1	4	2078.346	0.0	2181.151	null	3153.605	0.084
0.8	0.051975	-1687.5	2325.0	2278.125	NaN	NaN	NaN	0	0	0	0	1	0	0	0	0	0	0	0	0	0	0	0	0	0	0	0	1	0	0	0	1	10.0	0.048	0.286	NaN	NaN	0.114	0.636	NaN	NaN	3.42	22.26	NaN	NaN	0.0	"2.5"	"F0034"	0	0	"PR"	981.862	"drain-rg"	11.836	2	1	4	2078.346	0.0	2181.151	null	3163.636	0.081
1.8	0.0517	-2062.5	1978.125	2278.125	NaN	NaN	NaN	0	0	0	0	1	0	0	0	0	0	0	0	0	0	0	0	0	0	0	0	1	0	0	0	1	22.0	0.013	0.286	NaN	NaN	0.031	0.636	NaN	NaN	0.93	22.26	NaN	NaN	0.0	"2.5"	"F0034"	0	0	"PR"	991.902	"drain-rg"	21.876	2	1	4	2078.346	0.0	2181.151	null	3173.676	0.089
1.0	0.05115	-2250.0	1518.75	2278.125	NaN	NaN	NaN	0	0	0	0	1	0	0	0	0	0	0	0	0	0	0	0	0	0	0	0	1	0	0	0	1	12.0	-0.033	0.286	NaN	NaN	-0.079	0.636	NaN	NaN	-2.37	22.26	NaN	NaN	0.0	"2.5"	"F0034"	0	0	"PR"	1001.933	"drip-rg"	6.218	2	1	4	2078.346	0.0	2181.151	null	3183.707	0.086
0.8	0.0517	-1875.0	-18.75	2250.0	NaN	NaN	NaN	0	0	0	0	0	0	0	0	0	0	0	0	0	0	0	0	0	0	0	0	1	0	0	0	1	10.0	-0.187	0.283	NaN	NaN	-0.445	0.629	NaN	NaN	-13.35	22.015	NaN	NaN	0.0	"2.5"	"F0034"	0	0	"FR"	0.2	"begin"	0.2	3	1	0	3192.736	0.0	2181.151	null	3193.563	0.103
2.0	0.050875	24000.0	1950.0	2034.375	NaN	NaN	NaN	0	0	1	0	0	1	0	0	0	0	0	0	1	0	0	0	0	0	0	0	1	0	0	0	1	24.0	0.01	0.261	NaN	NaN	0.024	0.58	NaN	NaN	0.72	20.3	NaN	NaN	0.0	"2.5"	"F0034"	0	0	"FR"	10.453	"fill-rg-di"	10.253	3	1	0	3192.736	0.0	2181.151	null	3203.816	0.084
0.9	0.05005	24375.0	2268.75	1771.875	NaN	NaN	NaN	0	0	1	0	0	1	0	0	0	0	0	0	1	0	0	0	0	0	0	0	1	0	0	0	1	11.0	0.042	0.235	NaN	NaN	0.1	0.522	NaN	NaN	3.0	18.27	NaN	NaN	0.0	"2.5"	"F0034"	0	0	"FR"	20.287	"fill-rg-di"	20.087	3	1	0	3192.736	0.0	2181.151	null	3213.65	0.09
0.8	0.0495	24375.0	2587.5	1528.125	NaN	NaN	NaN	0	0	1	0	0	1	0	0	0	0	0	0	1	0	0	0	0	0	0	0	1	0	0	0	1	10.0	0.074	0.211	NaN	NaN	0.176	0.469	NaN	NaN	5.28	16.415	NaN	NaN	0.0	"2.5"	"F0034"	0	0	"FR"	30.327	"fill-rg-di"	30.127	3	1	0	3192.736	0.0	2181.151	null	3223.69	0.091
1.2	0.047575	25125.0	2896.875	1275.0	NaN	NaN	NaN	0	0	1	0	0	1	0	0	0	0	0	0	1	0	0	0	0	0	0	0	1	0	0	0	1	14.0	0.105	0.185	NaN	NaN	0.25	0.411	NaN	NaN	7.5	14.385	NaN	NaN	0.0	"2.5"	"F0034"	0	0	"FR"	40.361	"fill-rg-di"	40.161	3	1	0	3192.736	0.0	2181.151	null	3233.724	0.09
1.2	0.0473	26062.5	3215.625	1021.875	NaN	NaN	NaN	0	0	1	0	0	1	0	0	0	0	0	0	1	0	0	0	0	0	0	0	1	0	0	0	1	14.0	0.137	0.16	NaN	NaN	0.326	0.356	NaN	NaN	9.78	12.46	NaN	NaN	0.0	"2.5"	"F0034"	0	0	"FR"	50.398	"fill-rg-di"	50.198	3	1	0	3192.736	0.0	2181.151	null	3243.761	0.085
1.5	0.046475	937.5	2784.375	965.625	NaN	NaN	NaN	0	0	0	0	1	0	0	0	0	0	0	0	0	0	0	0	0	0	0	0	1	0	0	0	1	18.0	0.093	0.155	NaN	NaN	0.221	0.344	NaN	NaN	6.63	12.04	NaN	NaN	0.0	"2.5"	"F0034"	0	0	"FR"	60.433	"drain-rg"	7.825	3	1	0	3192.736	0.0	2181.151	null	3253.796	0.084
1.1	0.04675	-375.0	2446.875	956.25	NaN	NaN	NaN	0	0	0	0	1	0	0	0	0	0	0	0	0	0	0	0	0	0	0	0	1	0	0	0	1	13.0	0.06	0.154	NaN	NaN	0.143	0.342	NaN	NaN	4.29	11.97	NaN	NaN	0.0	"2.5"	"F0034"	0	0	"FR"	70.465	"drain-rg"	17.857	3	1	0	3192.736	0.0	2181.151	null	3263.828	0.084
1.7	0.046475	-1312.5	2053.125	937.5	NaN	NaN	NaN	0	0	0	0	1	0	0	0	0	0	0	0	0	0	0	0	0	0	0	0	1	0	0	0	1	20.0	0.02	0.152	NaN	NaN	0.048	0.338	NaN	NaN	1.44	11.83	NaN	NaN	0.0	"2.5"	"F0034"	0	0	"FR"	80.506	"drain-rg"	27.898	3	1	0	3192.736	0.0	2181.151	null	3273.869	0.088
1.0	0.0473	-1125.0	1668.75	956.25	NaN	NaN	NaN	0	0	0	0	1	0	0	0	0	0	0	0	0	0	0	0	0	0	0	0	1	0	0	0	1	12.0	-0.018	0.154	NaN	NaN	-0.043	0.342	NaN	NaN	-1.29	11.97	NaN	NaN	0.0	"2.5"	"F0034"	0	0	"FR"	90.543	"drip-rg"	4.617	3	1	0	3192.736	0.0	2181.151	null	3283.906	0.084
1.1	0.0473	-750.0	9.375	956.25	NaN	NaN	NaN	0	0	0	0	1	0	0	0	0	0	0	0	0	0	0	0	0	0	0	0	1	0	0	0	1	13.0	-0.184	0.154	NaN	NaN	-0.438	0.342	NaN	NaN	-13.14	11.97	NaN	NaN	0.0	"2.5"	"F0034"	0	0	"FR"	100.374	"drip-rg"	14.448	3	1	0	3192.736	0.0	2181.151	null	3293.737	0.09
1.0	0.04675	24000.0	1828.125	778.125	NaN	NaN	NaN	0	0	1	0	0	1	0	0	0	0	0	0	1	0	0	0	0	0	0	0	1	0	0	0	1	12.0	-0.002	0.136	NaN	NaN	-0.005	0.302	NaN	NaN	-0.15	10.57	NaN	NaN	0.0	"2.5"	"F0034"	0	0	"PR"	8.648	"fill-rg-di"	8.447	3	0	0	3192.736	0.0	3294.539	null	3303.809	0.094
0.6	0.0462	24000.0	2231.25	496.875	NaN	NaN	NaN	0	0	1	0	0	1	0	0	0	0	0	0	1	0	0	0	0	0	0	0	1	0	0	0	1	7.0	0.038	0.108	NaN	NaN	0.09	0.24	NaN	NaN	2.7	8.4	NaN	NaN	0.0	"2.5"	"F0034"	0	0	"PR"	18.688	"fill-rg-di"	18.487	3	0	0	3192.736	0.0	3294.539	null	3313.849	0.091
0.6	0.04565	24375.0	2550.0	243.75	NaN	NaN	NaN	0	0	1	0	0	1	0	0	0	0	0	0	1	0	0	0	0	0	0	0	1	0	0	0	1	7.0	0.07	0.082	NaN	NaN	0.167	0.182	NaN	NaN	5.01	6.37	NaN	NaN	0.0	"2.5"	"F0034"	0	0	"PR"	28.726	"fill-rg-di"	28.525	3	0	0	3192.736	0.0	3294.539	null	3323.887	0.088
1.3	0.0451	2437.5	2756.25	150.0	NaN	NaN	NaN	1	0	0	0	0	0	0	0	0	0	0	0	0	1	0	0	0	0	0	0	1	0	0	0	1	16.0	0.091	0.073	NaN	NaN	0.217	0.162	NaN	NaN	6.51	5.67	NaN	NaN	0.0	"2.5"	"F0034"	0	0	"PR"	38.758	"fill-di-lb"	3.01	3	0	0	3192.736	0.0	3294.539	null	3333.919	0.087
0.3	0.0451	750.0	2775.0	459.375	NaN	NaN	NaN	1	0	0	0	0	0	0	0	0	0	0	0	0	1	0	0	0	0	0	0	1	0	0	0	1	4.0	0.093	0.104	NaN	NaN	0.221	0.231	NaN	NaN	6.63	8.085	NaN	NaN	0.0	"2.5"	"F0034"	0	0	"PR"	48.792	"fill-di-lb"	13.044	3	0	0	3192.736	0.0	3294.539	null	3343.953	0.084
1.4	0.044825	1125.0	2784.375	740.625	NaN	NaN	NaN	1	0	0	0	0	0	0	0	0	0	0	0	0	1	0	0	0	0	0	0	1	0	0	0	1	17.0	0.093	0.132	NaN	NaN	0.221	0.293	NaN	NaN	6.63	10.255	NaN	NaN	0.0	"2.5"	"F0034"	0	0	"PR"	58.63	"fill-di-lb"	22.882	3	0	0	3192.736	0.0	3294.539	null	3353.791	0.09
1.9	0.04455	1312.5	2746.875	1031.25	NaN	NaN	NaN	1	0	0	0	0	0	0	0	0	0	0	0	0	1	0	0	0	0	0	0	1	0	0	0	1	23.0	0.09	0.161	NaN	NaN	0.214	0.358	NaN	NaN	6.42	12.53	NaN	NaN	0.0	"2.5"	"F0034"	0	0	"PR"	68.664	"fill-di-lb"	32.916	3	0	0	3192.736	0.0	3294.539	null	3363.825	0.09
0.7	0.044825	1875.0	2756.25	1340.625	NaN	NaN	NaN	1	0	0	0	0	0	0	0	0	0	0	0	0	1	0	0	0	0	0	0	1	0	0	0	1	8.0	0.091	0.192	NaN	NaN	0.217	0.427	NaN	NaN	6.51	14.945	NaN	NaN	0.0	"2.5"	"F0034"	0	0	"PR"	78.7	"fill-di-lb"	42.952	3	0	0	3192.736	0.0	3294.539	null	3373.861	0.089
1.4	0.044825	187.5	2756.25	1640.625	NaN	NaN	NaN	1	0	0	0	0	0	0	0	0	0	0	0	0	1	0	0	0	0	0	0	1	0	0	0	1	17.0	0.091	0.222	NaN	NaN	0.217	0.493	NaN	NaN	6.51	17.255	NaN	NaN	0.0	"2.5"	"F0034"	0	0	"PR"	88.735	"fill-di-lb"	52.987	3	0	0	3192.736	0.0	3294.539	null	3383.896	0.09
1.1	0.0451	1125.0	2765.625	1931.25	NaN	NaN	NaN	1	0	0	0	0	0	0	0	0	0	0	0	0	1	0	0	0	0	0	0	1	0	0	0	1	13.0	0.092	0.251	NaN	NaN	0.219	0.558	NaN	NaN	6.57	19.53	NaN	NaN	0.0	"2.5"	"F0034"	0	0	"PR"	98.768	"fill-di-lb"	63.02	3	0	0	3192.736	0.0	3294.539	null	3393.929	0.09
0.0	0.0451	1125.0	2775.0	2221.875	NaN	NaN	NaN	1	0	0	0	0	0	0	0	0	0	0	0	0	1	0	0	0	0	0	0	1	0	0	0	1	0.0	0.093	0.28	NaN	NaN	0.221	0.622	NaN	NaN	6.63	21.77	NaN	NaN	0.0	"2.5"	"F0034"	0	0	"PR"	108.806	"fill-di-lb"	73.058	3	0	0	3192.736	0.0	3294.539	null	3403.967	0.092
0.5	0.0451	2812.5	2953.125	2175.0	NaN	NaN	NaN	1	0	0	0	0	0	0	0	0	0	0	0	0	1	0	0	0	0	0	0	1	0	0	0	1	6.0	0.11	0.276	NaN	NaN	0.262	0.613	NaN	NaN	7.86	21.455	NaN	NaN	0.0	"2.5"	"F0034"	0	0	"PR"	118.843	"fill-di"	2.208	3	0	0	3192.736	0.0	3294.539	null	3414.004	0.09
