cur	ec	mod-ps	rg-ps	di-ps	fw1-ps	fw2-ps	pf-ps	vlv-di-fill	vlv-di-in	vlv-di-out	vlv-rg-fill	vlv-rg-drain	vlv-rg-in	vlv-rg-out	vlv-fw1-in	vlv-fw1-out	vlv-fw2-in	vlv-po	vlv-mod-drain	pmp-sys	pmp-di	pmp-fw1	pmp-fw2	uv	en-anode1	en-cath1	pl-anode1	pl-cath1	en-anode2	en-cath2	pl-anode2	pl-cath2	pw	rg-he	di-he	fw1-he	fw2-he	rg-lev	di-lev	fw1-lev	fw2-lev	rg-vol	di-vol	fw1-vol	fw2-vol	pr-ec	ver	sn	mod-en	mod-pl	proc	proc-time	ph	ph-time	count	cyc	rnd	pr-last	rc-last	fr-last	halt-re	time	exec
3.1	0.0517	25500.0	2831.25	2287.5	NaN	NaN	NaN	0	0	0	0	0	1	1	0	0	0	0	0	1	0	0	0	0	0	0	0	1	0	0	0	1	37.0	0.098	0.287	NaN	NaN	0.233	0.638	NaN	NaN	6.99	22.33	NaN	NaN	0.0	"2.5"	"F0034"	0	0	"PR"	8.247	"prime"	7.426	0	0	0	0.0	0.0	0.0	null	10.048	0.084
3.1	0.0517	25500.0	2831.25	2287.5	NaN	NaN	NaN	0	0	0	0	0	1	1	0	0	0	0	0	1	0	0	0	0	0	0	0	1	0	0	0	1	37.0	0.098	0.287	NaN	NaN	0.233	0.638	NaN	NaN	6.99	22.33	NaN	NaN	0.0	"2.5"	"F0034"	0	0	"PR"	8.247	"prime"	7.426	0	0	0	0.0	0.0	0.0	null	10.048	0.084
3.3	0.051975	24750.0	2868.75	2287.5	NaN	NaN	NaN	0	0	0	0	0	1	1	0	0	0	0	0	1	0	0	0	0	0	0	0	1	0	0	0	1	40.0	0.102	0.287	NaN	NaN	0.243	0.638	NaN	NaN	7.29	22.33	NaN	NaN	0.0	"2.5"	"F0034"	0	0	"PR"	18.286	"prime"	17.465	0	0	0	0.0	0.0	0.0	null	20.087	0.087
2.6	0.051425	26812.5	2840.625	2296.875	NaN	NaN	NaN	0	0	0	0	0	1	1	0	0	0	0	0	1	0	0	0	0	0	0	0	1	0	0	0	1	31.0	0.099	0.288	NaN	NaN	0.236	0.64	NaN	NaN	7.08	22.4	NaN	NaN	0.0	"2.5"	"F0034"	0	0	"PR"	28.321	"prime"	27.5	0	0	0	0.0	0.0	0.0	null	30.122	0.086
-12.0	0.050325	29250.0	3000.0	2512.5	NaN	NaN	NaN	0	1	1	0	0	0	0	0	0	0	0	0	1	0	0	0	0	1	1	0	1	1	1	0	1	-144.0	0.115	0.309	NaN	NaN	0.274	0.687	NaN	NaN	8.22	24.045	NaN	NaN	0.0	"2.5"	"F0034"	1	0	"PR"	38.369	"deionize"	7.037	0	1	0	0.0	0.0	0.0	null	40.17	0.09
-12.0	0.05005	30000.0	3009.375	2559.375	NaN	NaN	NaN	0	1	1	0	0	0	0	0	0	0	0	0	1	0	0	0	0	1	1	0	1	1	1	0	1	-144.0	0.116	0.314	NaN	NaN	0.276	0.698	NaN	NaN	8.28	24.43	NaN	NaN	0.0	"2.5"	"F0034"	1	0	"PR"	48.406	"deionize"	17.074	0	1	0	0.0	0.0	0.0	null	50.207	0.087
-11.7	0.048675	29625.0	2990.625	2568.75	NaN	NaN	NaN	0	1	1	0	0	0	0	0	0	0	0	0	1	0	0	0	0	1	1	0	1	1	1	0	1	-140.0	0.114	0.315	NaN	NaN	0.271	0.7	NaN	NaN	8.13	24.5	NaN	NaN	0.0	"2.5"	"F0034"	1	0	"PR"	58.443	"deionize"	27.111	0	1	0	0.0	0.0	0.0	null	60.244	0.091
-12.8	0.0473	30375.0	3000.0	2587.5	NaN	NaN	NaN	0	1	1	0	0	0	0	0	0	0	0	0	1	0	0	0	0	1	1	0	1	1	1	0	1	-154.0	0.115	0.317	NaN	NaN	0.274	0.704	NaN	NaN	8.22	24.64	NaN	NaN	0.0	"2.5"	"F0034"	1	0	"PR"	68.483	"deionize"	37.151	0	1	0	0.0	0.0	0.0	null	70.284	0.092
-11.7	0.04565	30937.5	3018.75	2531.25	NaN	NaN	NaN	0	1	1	0	0	0	0	0	0	0	0	0	1	0	0	0	0	1	1	0	1	1	1	0	1	-140.0	0.117	0.311	NaN	NaN	0.279	0.691	NaN	NaN	8.37	24.185	NaN	NaN	0.0	"2.5"	"F0034"	1	0	"PR"	78.523	"deionize"	47.191	0	1	0	0.0	0.0	0.0	null	80.324	0.09
-11.8	0.044825	30937.5	2990.625	2512.5	NaN	NaN	NaN	0	1	1	0	0	0	0	0	0	0	0	0	1	0	0	0	0	1	1	0	1	1	1	0	1	-142.0	0.114	0.309	NaN	NaN	0.271	0.687	NaN	NaN	8.13	24.045	NaN	NaN	0.0	"2.5"	"F0034"	1	0	"PR"	88.36	"deionize"	57.028	0	1	0	0.0	0.0	0.0	null	90.161	0.085
-12.0	0.04345	29812.5	3000.0	2559.375	NaN	NaN	NaN	0	1	1	0	0	0	0	0	0	0	0	0	1	0	0	0	0	1	1	0	1	1	1	0	1	-144.0	0.115	0.314	NaN	NaN	0.274	0.698	NaN	NaN	8.22	24.43	NaN	NaN	0.0	"2.5"	"F0034"	1	0	"PR"	98.396	"deionize"	67.064	0	1	0	0.0	0.0	0.0	null	100.197	0.084
-12.0	0.0418	29250.0	3000.0	2521.875	NaN	NaN	NaN	0	1	1	0	0	0	0	0	0	0	0	0	1	0	0	0	0	1	1	0	1	1	1	0	1	-144.0	0.115	0.31	NaN	NaN	0.274	0.689	NaN	NaN	8.22	24.115	NaN	NaN	0.0	"2.5"	"F0034"	1	0	"PR"	108.432	"deionize"	77.1	0	1	0	0.0	0.0	0.0	null	110.233	0.084
-13.7	0.0407	30000.0	3000.0	2503.125	NaN	NaN	NaN	0	1	1	0	0	0	0	0	0	0	0	0	1	0	0	0	0	1	1	0	1	1	1	0	1	-164.0	0.115	0.308	NaN	NaN	0.274	0.684	NaN	NaN	8.22	23.94	NaN	NaN	0.0	"2.5"	"F0034"	1	0	"PR"	118.475	"deionize"	87.143	0	1	0	0.0	0.0	0.0	null	120.276	0.089
-11.9	0.0396	30000.0	3000.0	2493.75	NaN	NaN	NaN	0	1	1	0	0	0	0	0	0	0	0	0	1	0	0	0	0	1	1	0	1	1	1	0	1	-143.0	0.115	0.307	NaN	NaN	0.274	0.682	NaN	NaN	8.22	23.87	NaN	NaN	0.0	"2.5"	"F0034"	1	0	"PR"	128.512	"deionize"	97.18	0	1	0	0.0	0.0	0.0	null	130.313	0.087
-11.7	0.038775	29062.5	2990.625	2503.125	NaN	NaN	NaN	0	1	1	0	0	0	0	0	0	0	0	0	1	0	0	0	0	1	1	0	1	1	1	0	1	-140.0	0.114	0.308	NaN	NaN	0.271	0.684	NaN	NaN	8.13	23.94	NaN	NaN	0.0	"2.5"	"F0034"	1	0	"PR"	138.551	"deionize"	107.219	0	1	0	0.0	0.0	0.0	null	140.352	0.084
-11.0	0.037675	29625.0	3009.375	2475.0	NaN	NaN	NaN	0	1	1	0	0	0	0	0	0	0	0	0	1	0	0	0	0	1	1	0	1	1	1	0	1	-132.0	0.116	0.305	NaN	NaN	0.276	0.678	NaN	NaN	8.28	23.73	NaN	NaN	0.0	"2.5"	"F0034"	1	0	"PR"	148.388	"deionize"	117.056	0	1	0	0.0	0.0	0.0	null	150.189	0.084
-10.9	0.03685	30187.5	3009.375	2484.375	NaN	NaN	NaN	0	1	1	0	0	0	0	0	0	0	0	0	1	0	0	0	0	1	1	0	1	1	1	0	1	-131.0	0.116	0.306	NaN	NaN	0.276	0.68	NaN	NaN	8.28	23.8	NaN	NaN	0.0	"2.5"	"F0034"	1	0	"PR"	158.424	"deionize"	127.092	0	1	0	0.0	0.0	0.0	null	160.225	0.084
-12.0	0.0363	29250.0	2990.625	2437.5	NaN	NaN	NaN	0	1	1	0	0	0	0	0	0	0	0	0	1	0	0	0	0	1	1	0	1	1	1	0	1	-144.0	0.114	0.302	NaN	NaN	0.271	0.671	NaN	NaN	8.13	23.485	NaN	NaN	0.0	"2.5"	"F0034"	1	0	"PR"	168.468	"deionize"	137.136	0	1	0	0.0	0.0	0.0	null	170.269	0.09
-10.6	0.034925	29250.0	3000.0	2446.875	NaN	NaN	NaN	0	1	1	0	0	0	0	0	0	0	0	0	1	0	0	0	0	1	1	0	1	1	1	0	1	-127.0	0.115	0.303	NaN	NaN	0.274	0.673	NaN	NaN	8.22	23.555	NaN	NaN	0.0	"2.5"	"F0034"	1	0	"PR"	178.509	"deionize"	147.177	0	1	0	0.0	0.0	0.0	null	180.31	0.084
-10.9	0.0352	30000.0	2990.625	2512.5	NaN	NaN	NaN	0	1	1	0	0	0	0	0	0	0	0	0	1	0	0	0	0	1	1	0	1	1	1	0	1	-131.0	0.114	0.309	NaN	NaN	0.271	0.687	NaN	NaN	8.13	24.045	NaN	NaN	0.0	"2.5"	"F0034"	1	0	"PR"	188.546	"deionize"	157.214	0	1	0	0.0	0.0	0.0	null	190.347	0.087
-10.3	0.0341	29625.0	3009.375	2475.0	NaN	NaN	NaN	0	1	1	0	0	0	0	0	0	0	0	0	1	0	0	0	0	1	1	0	1	1	1	0	1	-124.0	0.116	0.305	NaN	NaN	0.276	0.678	NaN	NaN	8.28	23.73	NaN	NaN	0.0	"2.5"	"F0034"	1	0	"PR"	198.584	"deionize"	167.252	0	1	0	0.0	0.0	0.0	null	200.385	0.085
-9.8	0.03355	30000.0	3000.0	2437.5	NaN	NaN	NaN	0	1	1	0	0	0	0	0	0	0	0	0	1	0	0	0	0	1	1	0	1	1	1	0	1	-118.0	0.115	0.302	NaN	NaN	0.274	0.671	NaN	NaN	8.22	23.485	NaN	NaN	0.0	"2.5"	"F0034"	1	0	"PR"	208.617	"deionize"	177.285	0	1	0	0.0	0.0	0.0	null	210.418	0.084
-9.8	0.033825	30000.0	3009.375	2409.375	NaN	NaN	NaN	0	1	1	0	0	0	0	0	0	0	0	0	1	0	0	0	0	1	1	0	1	1	1	0	1	-118.0	0.116	0.299	NaN	NaN	0.276	0.664	NaN	NaN	8.28	23.24	NaN	NaN	0.0	"2.5"	"F0034"	1	0	"PR"	218.455	"deionize"	187.123	0	1	0	0.0	0.0	0.0	null	220.256	0.084
-9.9	0.032725	31687.5	2990.625	2475.0	NaN	NaN	NaN	0	1	1	0	0	0	0	0	0	0	0	0	1	0	0	0	0	1	1	0	1	1	1	0	1	-119.0	0.114	0.305	NaN	NaN	0.271	0.678	NaN	NaN	8.13	23.73	NaN	NaN	0.0	"2.5"	"F0034"	1	0	"PR"	228.492	"deionize"	197.16	0	1	0	0.0	0.0	0.0	null	230.293	0.084
-9.2	0.032725	30562.5	2990.625	2409.375	NaN	NaN	NaN	0	1	1	0	0	0	0	0	0	0	0	0	1	0	0	0	0	1	1	0	1	1	1	0	1	-110.0	0.114	0.299	NaN	NaN	0.271	0.664	NaN	NaN	8.13	23.24	NaN	NaN	0.0	"2.5"	"F0034"	1	0	"PR"	238.533	"deionize"	207.201	0	1	0	0.0	0.0	0.0	null	240.334	0.084
-11.3	0.0319	30187.5	3009.375	2437.5	NaN	NaN	NaN	0	1	1	0	0	0	0	0	0	0	0	0	1	0	0	0	0	1	1	0	1	1	1	0	1	-136.0	0.116	0.302	NaN	NaN	0.276	0.671	NaN	NaN	8.28	23.485	NaN	NaN	0.0	"2.5"	"F0034"	1	0	"PR"	248.571	"deionize"	217.239	0	1	0	0.0	0.0	0.0	null	250.372	0.087
-9.7	0.032175	30750.0	3018.75	2456.25	NaN	NaN	NaN	0	1	1	0	0	0	0	0	0	0	0	0	1	0	0	0	0	1	1	0	1	1	1	0	1	-116.0	0.117	0.304	NaN	NaN	0.279	0.676	NaN	NaN	8.37	23.66	NaN	NaN	0.0	"2.5"	"F0034"	1	0	"PR"	258.61	"deionize"	227.278	0	1	0	0.0	0.0	0.0	null	260.411	0.084
-9.2	0.0319	29812.5	2990.625	2493.75	NaN	NaN	NaN	0	1	1	0	0	0	0	0	0	0	0	0	1	0	0	0	0	1	1	0	1	1	1	0	1	-110.0	0.114	0.307	NaN	NaN	0.271	0.682	NaN	NaN	8.13	23.87	NaN	NaN	0.0	"2.5"	"F0034"	1	0	"PR"	268.648	"deionize"	237.316	0	1	0	0.0	0.0	0.0	null	270.449	0.087
-8.4	0.03135	30187.5	3000.0	2465.625	NaN	NaN	NaN	0	1	1	0	0	0	0	0	0	0	0	0	1	0	0	0	1	1	1	0	1	1	1	0	1	-101.0	0.115	0.305	NaN	NaN	0.274	0.678	NaN	NaN	8.22	23.73	NaN	NaN	0.0	"2.5"	"F0034"	1	0	"PR"	278.594	"deionize-uv"	7.134	0	1	0	0.0	0.0	0.0	null	280.395	0.084
-8.8	0.03135	30000.0	3009.375	2475.0	NaN	NaN	NaN	0	1	1	0	0	0	0	0	0	0	0	0	1	0	0	0	1	1	1	0	1	1	1	0	1	-106.0	0.116	0.305	NaN	NaN	0.276	0.678	NaN	NaN	8.28	23.73	NaN	NaN	0.0	"2.5"	"F0034"	1	0	"PR"	288.625	"deionize-uv"	17.165	0	1	0	0.0	0.0	0.0	null	290.426	0.084
-9.8	0.0308	30187.5	3009.375	2437.5	NaN	NaN	NaN	0	1	1	0	0	0	0	0	0	0	0	0	1	0	0	0	1	1	1	0	1	1	1	0	1	-118.0	0.116	0.302	NaN	NaN	0.276	0.671	NaN	NaN	8.28	23.485	NaN	NaN	0.0	"2.5"	"F0034"	1	0	"PR"	298.658	"deionize-uv"	27.198	0	1	0	0.0	0.0	0.0	null	300.459	0.085
-8.8	0.03025	30000.0	3000.0	2475.0	NaN	NaN	NaN	0	1	1	0	0	0	0	0	0	0	0	0	1	0	0	0	1	1	1	0	1	1	1	0	1	-106.0	0.115	0.305	NaN	NaN	0.274	0.678	NaN	NaN	8.22	23.73	NaN	NaN	0.0	"2.5"	"F0034"	1	0	"PR"	308.695	"deionize-uv"	37.235	0	1	0	0.0	0.0	0.0	null	310.496	0.084
-8.5	0.03025	29812.5	2981.25	2446.875	NaN	NaN	NaN	0	1	1	0	0	0	0	0	0	0	0	0	1	0	0	0	1	1	1	0	1	1	1	0	1	-102.0	0.113	0.303	NaN	NaN	0.269	0.673	NaN	NaN	8.07	23.555	NaN	NaN	0.0	"2.5"	"F0034"	1	0	"PR"	318.73	"deionize-uv"	47.27	0	1	0	0.0	0.0	0.0	null	320.531	0.084
-8.5	0.03025	29250.0	3009.375	2475.0	NaN	NaN	NaN	0	1	1	0	0	0	0	0	0	0	0	0	1	0	0	0	1	1	1	0	1	1	1	0	1	-102.0	0.116	0.305	NaN	NaN	0.276	0.678	NaN	NaN	8.28	23.73	NaN	NaN	0.0	"2.5"	"F0034"	1	0	"PR"	328.566	"deionize-uv"	57.106	0	1	0	0.0	0.0	0.0	null	330.367	0.088
-8.5	0.029425	30000.0	3018.75	2325.0	NaN	NaN	NaN	0	1	1	0	0	0	0	0	0	0	0	0	1	0	0	0	1	1	1	0	1	1	1	0	1	-102.0	0.117	0.291	NaN	NaN	0.279	0.647	NaN	NaN	8.37	22.645	NaN	NaN	0.0	"2.5"	"F0034"	1	0	"PR"	338.601	"deionize-uv"	67.141	0	1	0	0.0	0.0	0.0	null	340.402	0.09
-7.8	0.028875	30375.0	3000.0	2503.125	NaN	NaN	NaN	0	1	1	0	0	0	0	0	0	0	0	0	1	0	0	0	1	1	1	0	1	1	1	0	1	-94.0	0.115	0.308	NaN	NaN	0.274	0.684	NaN	NaN	8.22	23.94	NaN	NaN	0.0	"2.5"	"F0034"	1	0	"PR"	348.633	"deionize-uv"	77.173	0	1	0	0.0	0.0	0.0	null	350.434	0.09
-9.6	0.02915	29437.5	3009.375	2512.5	NaN	NaN	NaN	0	1	1	0	0	0	0	0	0	0	0	0	1	0	0	0	1	1	1	0	1	1	1	0	1	-115.0	0.116	0.309	NaN	NaN	0.276	0.687	NaN	NaN	8.28	24.045	NaN	NaN	0.0	"2.5"	"F0034"	1	0	"PR"	358.669	"deionize-uv"	87.209	0	1	0	0.0	0.0	0.0	null	360.47	0.093
-8.6	0.0286	30750.0	3000.0	2456.25	NaN	NaN	NaN	0	1	1	0	0	0	0	0	0	0	0	0	1	0	0	0	1	1	1	0	1	1	1	0	1	-103.0	0.115	0.304	NaN	NaN	0.274	0.676	NaN	NaN	8.22	23.66	NaN	NaN	0.0	"2.5"	"F0034"	1	0	"PR"	368.703	"deionize-uv"	97.243	0	1	0	0.0	0.0	0.0	null	370.504	0.09
-8.2	0.027775	30375.0	3000.0	2475.0	NaN	NaN	NaN	0	1	1	0	0	0	0	0	0	0	0	0	1	0	0	0	1	1	1	0	1	1	1	0	1	-98.0	0.115	0.305	NaN	NaN	0.274	0.678	NaN	NaN	8.22	23.73	NaN	NaN	0.0	"2.5"	"F0034"	1	0	"PR"	378.739	"deionize-uv"	107.279	0	1	0	0.0	0.0	0.0	null	380.54	0.087
-4.4	0.02805	30750.0	3009.375	2465.625	NaN	NaN	NaN	0	1	1	0	0	0	0	0	0	0	0	0	1	0	0	0	1	1	1	0	1	1	1	0	1	-53.0	0.116	0.305	NaN	NaN	0.276	0.678	NaN	NaN	8.28	23.73	NaN	NaN	0.0	"2.5"	"F0034"	1	0	"PR"	388.777	"deionize-uv"	117.317	0	1	0	0.0	0.0	0.0	null	390.578	0.086
-8.5	0.02805	30000.0	2981.25	1940.625	NaN	NaN	NaN	0	0	1	0	0	0	0	1	0	0	0	0	1	0	0	0	1	1	1	0	1	1	1	0	1	-102.0	0.113	0.252	NaN	NaN	0.269	0.56	NaN	NaN	8.07	19.6	NaN	NaN	0.0	"2.5"	"F0034"	1	0	"PR"	398.741	"drain-di-1"	7.154	0	1	0	0.0	0.0	0.0	null	400.542	0.091
-8.2	0.0275	29812.5	3018.75	1696.875	NaN	NaN	NaN	0	0	1	0	0	0	0	1	0	0	0	0	1	0	0	0	1	1	1	0	1	1	1	0	1	-98.0	0.117	0.228	NaN	NaN	0.279	0.507	NaN	NaN	8.37	17.745	NaN	NaN	0.0	"2.5"	"F0034"	1	0	"PR"	408.782	"drain-di-1"	17.195	0	1	0	0.0	0.0	0.0	null	410.583	0.091
-8.8	0.0275	30000.0	3000.0	1462.5	NaN	NaN	NaN	0	0	1	0	0	0	0	1	0	0	0	0	1	0	0	0	1	1	1	0	1	1	1	0	1	-106.0	0.115	0.204	NaN	NaN	0.274	0.453	NaN	NaN	8.22	15.855	NaN	NaN	0.0	"2.5"	"F0034"	1	0	"PR"	418.816	"drain-di-1"	27.229	0	1	0	0.0	0.0	0.0	null	420.617	0.088
-8.0	0.02695	30187.5	2990.625	1190.625	NaN	NaN	NaN	0	0	1	0	0	0	0	1	0	0	0	0	1	0	0	0	1	1	1	0	1	1	1	0	1	-96.0	0.114	0.177	NaN	NaN	0.271	0.393	NaN	NaN	8.13	13.755	NaN	NaN	0.0	"2.5"	"F0034"	1	0	"PR"	428.856	"drain-di-1"	37.269	0	1	0	0.0	0.0	0.0	null	430.657	0.084
-8.1	0.027225	30000.0	2990.625	956.25	NaN	NaN	NaN	0	0	1	0	0	0	0	1	0	0	0	0	1	0	0	0	1	1	1	0	1	1	1	0	1	-97.0	0.114	0.154	NaN	NaN	0.271	0.342	NaN	NaN	8.13	11.97	NaN	NaN	0.0	"2.5"	"F0034"	1	0	"PR"	438.696	"drain-di-1"	47.109	0	1	0	0.0	0.0	0.0	null	440.497	0.088
-7.9	0.02695	29625.0	3000.0	665.625	NaN	NaN	NaN	0	0	1	0	0	0	0	1	0	0	0	0	1	0	0	0	1	1	1	0	1	1	1	0	1	-95.0	0.115	0.125	NaN	NaN	0.274	0.278	NaN	NaN	8.22	9.73	NaN	NaN	0.0	"2.5"	"F0034"	1	0	"PR"	448.731	"drain-di-1"	57.144	0	1	0	0.0	0.0	0.0	null	450.532	0.088
-7.8	0.02695	28500.0	2981.25	450.0	NaN	NaN	NaN	0	0	1	0	0	0	0	1	0	0	0	0	1	0	0	0	1	1	1	0	1	1	1	0	1	-94.0	0.113	0.103	NaN	NaN	0.269	0.229	NaN	NaN	8.07	8.015	NaN	NaN	0.0	"2.5"	"F0034"	1	0	"PR"	458.77	"drain-di-1"	67.183	0	1	0	0.0	0.0	0.0	null	460.571	0.093
-7.3	0.02695	29437.5	3009.375	206.25	NaN	NaN	NaN	0	0	1	0	0	0	0	1	0	0	0	0	1	0	0	0	1	1	1	0	1	1	1	0	1	-88.0	0.116	0.079	NaN	NaN	0.276	0.176	NaN	NaN	8.28	6.16	NaN	NaN	0.0	"2.5"	"F0034"	1	0	"PR"	468.805	"drain-di-1"	77.218	0	1	0	0.0	0.0	0.0	null	470.606	0.091
-8.0	0.02695	29250.0	3000.0	-56.25	NaN	NaN	NaN	0	0	1	0	0	0	0	1	0	0	0	0	1	0	0	0	1	1	1	0	1	1	1	0	1	-96.0	0.115	0.052	NaN	NaN	0.274	0.116	NaN	NaN	8.22	4.06	NaN	NaN	0.0	"2.5"	"F0034"	1	0	"PR"	478.753	"drip-di-1"	5.531	0	1	0	0.0	0.0	0.0	null	480.554	0.093
-7.8	0.02695	29625.0	3009.375	-18.75	NaN	NaN	NaN	1	0	0	0	0	1	1	0	0	0	0	0	1	1	0	0	0	1	1	1	0	1	1	1	0	-94.0	0.116	0.056	NaN	NaN	0.276	0.124	NaN	NaN	8.28	4.34	NaN	NaN	0.0	"2.5"	"F0034"	1	1	"PR"	488.591	"reverse-f"	0.201	0	1	0	0.0	0.0	0.0	null	490.392	0.094
13.0	0.0275	25500.0	2850.0	140.625	NaN	NaN	NaN	1	0	0	0	0	1	1	0	0	0	0	0	1	1	0	0	0	1	1	1	0	1	1	1	0	156.0	0.1	0.072	NaN	NaN	0.238	0.16	NaN	NaN	7.14	5.6	NaN	NaN	0.0	"2.5"	"F0034"	1	1	"PR"	498.791	"reverse-f"	10.401	0	1	0	0.0	0.0	0.0	null	500.592	0.091
12.1	0.03025	25500.0	2859.375	459.375	NaN	NaN	NaN	1	0	0	0	0	1	1	0	0	0	0	0	1	1	0	0	0	1	1	1	0	1	1	1	0	145.0	0.101	0.104	NaN	NaN	0.24	0.231	NaN	NaN	7.2	8.085	NaN	NaN	0.0	"2.5"	"F0034"	1	1	"PR"	508.826	"reverse-f"	20.436	0	1	0	0.0	0.0	0.0	null	510.627	0.091
12.3	0.03355	24562.5	2831.25	759.375	NaN	NaN	NaN	1	0	0	0	0	1	1	0	0	0	0	0	1	1	0	0	0	1	1	1	0	1	1	1	0	148.0	0.098	0.134	NaN	NaN	0.233	0.298	NaN	NaN	6.99	10.43	NaN	NaN	0.0	"2.5"	"F0034"	1	1	"PR"	518.866	"reverse-f"	30.476	0	1	0	0.0	0.0	0.0	null	520.667	0.092
12.3	0.03685	25312.5	2831.25	1059.375	NaN	NaN	NaN	1	0	0	0	0	1	1	0	0	0	0	0	1	1	0	0	0	1	1	1	0	1	1	1	0	148.0	0.098	0.164	NaN	NaN	0.233	0.364	NaN	NaN	6.99	12.74	NaN	NaN	0.0	"2.5"	"F0034"	1	1	"PR"	528.905	"reverse-f"	40.515	0	1	0	0.0	0.0	0.0	null	530.706	0.09
12.6	0.039325	25687.5	2831.25	1303.125	NaN	NaN	NaN	1	0	0	0	0	1	1	0	0	0	0	0	1	1	0	0	0	1	1	1	0	1	1	1	0	151.0	0.098	0.188	NaN	NaN	0.233	0.418	NaN	NaN	6.99	14.63	NaN	NaN	0.0	"2.5"	"F0034"	1	1	"PR"	538.941	"reverse-f"	50.551	0	1	0	0.0	0.0	0.0	null	540.742	0.09
12.8	0.0418	25312.5	2859.375	1612.5	NaN	NaN	NaN	1	0	0	0	0	1	1	0	0	0	0	0	1	1	0	0	0	1	1	1	0	1	1	1	0	154.0	0.101	0.219	NaN	NaN	0.24	0.487	NaN	NaN	7.2	17.045	NaN	NaN	0.0	"2.5"	"F0034"	1	1	"PR"	548.982	"reverse-f"	60.592	0	1	0	0.0	0.0	0.0	null	550.783	0.091
13.2	0.04455	26625.0	2850.0	1884.375	NaN	NaN	NaN	1	0	0	0	0	1	1	0	0	0	0	0	1	1	0	0	0	1	1	1	0	1	1	1	0	158.0	0.1	0.246	NaN	NaN	0.238	0.547	NaN	NaN	7.14	19.145	NaN	NaN	0.0	"2.5"	"F0034"	1	1	"PR"	558.813	"reverse-f"	70.423	0	1	0	0.0	0.0	0.0	null	560.614	0.086
12.3	0.04565	23437.5	2840.625	2156.25	NaN	NaN	NaN	1	0	0	0	0	1	1	0	0	0	0	0	1	1	0	0	0	1	1	1	0	1	1	1	0	148.0	0.099	0.274	NaN	NaN	0.236	0.609	NaN	NaN	7.08	21.315	NaN	NaN	0.0	"2.5"	"F0034"	1	1	"PR"	568.847	"reverse-f"	80.457	0	1	0	0.0	0.0	0.0	null	570.648	0.084
12.4	0.048125	26437.5	2831.25	2240.625	NaN	NaN	NaN	0	0	0	0	0	1	1	0	0	0	0	0	1	0	0	0	0	1	1	1	0	1	1	1	0	149.0	0.098	0.282	NaN	NaN	0.233	0.627	NaN	NaN	6.99	21.945	NaN	NaN	0.0	"2.5"	"F0034"	1	1	"PR"	578.996	"reverse"	90.606	0	1	0	0.0	0.0	0.0	null	580.797	0.09
12.9	0.05005	23812.5	2850.0	2250.0	NaN	NaN	NaN	0	0	0	0	0	1	1	0	0	0	0	0	1	0	0	0	0	1	1	1	0	1	1	1	0	155.0	0.1	0.283	NaN	NaN	0.238	0.629	NaN	NaN	7.14	22.015	NaN	NaN	0.0	"2.5"	"F0034"	1	1	"PR"	589.029	"reverse"	100.639	0	1	0	0.0	0.0	0.0	null	590.83	0.09
13.8	0.050325	24937.5	2850.0	2240.625	NaN	NaN	NaN	0	0	0	0	0	1	1	0	0	0	0	0	1	0	0	0	0	1	1	1	0	1	1	1	0	166.0	0.1	0.282	NaN	NaN	0.238	0.627	NaN	NaN	7.14	21.945	NaN	NaN	0.0	"2.5"	"F0034"	1	1	"PR"	598.868	"reverse"	110.478	0	1	0	0.0	0.0	0.0	null	600.669	0.088
13.0	0.0517	26062.5	2840.625	2250.0	NaN	NaN	NaN	0	0	0	0	0	1	1	0	0	0	0	0	1	0	0	0	0	1	1	1	0	1	1	1	0	156.0	0.099	0.283	NaN	NaN	0.236	0.629	NaN	NaN	7.08	22.015	NaN	NaN	0.0	"2.5"	"F0034"	1	1	"PR"	608.9	"reverse"	120.51	0	1	0	0.0	0.0	0.0	null	610.701	0.084
12.5	0.051975	26062.5	2859.375	2250.0	NaN	NaN	NaN	0	0	0	0	0	1	1	0	0	0	0	0	1	0	0	0	0	1	1	1	0	1	1	1	0	150.0	0.101	0.283	NaN	NaN	0.24	0.629	NaN	NaN	7.2	22.015	NaN	NaN	0.0	"2.5"	"F0034"	1	1	"PR"	618.933	"reverse"	130.543	0	1	0	0.0	0.0	0.0	null	620.734	0.086
12.3	0.053075	26062.5	2850.0	2240.625	NaN	NaN	NaN	0	0	0	0	0	1	1	0	0	0	0	0	1	0	0	0	0	1	1	1	0	1	1	1	0	148.0	0.1	0.282	NaN	NaN	0.238	0.627	NaN	NaN	7.14	21.945	NaN	NaN	0.0	"2.5"	"F0034"	1	1	"PR"	628.975	"reverse"	140.585	0	1	0	0.0	0.0	0.0	null	630.776	0.088
3.5	0.0539	2250.0	3084.375	2250.0	NaN	NaN	NaN	0	0	0	0	0	0	0	0	0	0	0	0	0	0	0	0	0	0	0	0	1	0	0	0	1	42.0	0.123	0.283	NaN	NaN	0.293	0.629	NaN	NaN	8.79	22.015	NaN	NaN	0.0	"2.5"	"F0034"	0	0	"PR"	638.896	"diffuse"	0.489	0	1	1	0.0	0.0	0.0	null	640.697	0.288
4.3	0.05335	-562.5	3018.75	2268.75	NaN	NaN	NaN	0	0	0	0	0	0	0	0	0	0	0	0	0	0	0	0	0	0	0	0	1	0	0	0	1	52.0	0.117	0.285	NaN	NaN	0.279	0.633	NaN	NaN	8.37	22.155	NaN	NaN	0.0	"2.5"	"F0034"	0	0	"PR"	648.928	"diffuse"	10.521	0	1	1	0.0	0.0	0.0	null	650.729	0.086
4.4	0.053625	-1125.0	3018.75	2259.375	NaN	NaN	NaN	0	0	0	0	0	0	0	0	0	0	0	0	0	0	0	0	0	0	0	0	1	0	0	0	1	53.0	0.117	0.284	NaN	NaN	0.279	0.631	NaN	NaN	8.37	22.085	NaN	NaN	0.0	"2.5"	"F0034"	0	0	"PR"	658.965	"diffuse"	20.558	0	1	1	0.0	0.0	0.0	null	660.766	0.085
4.5	0.0539	-187.5	3009.375	2268.75	NaN	NaN	NaN	0	0	0	0	0	1	1	0	0	0	0	0	1	0	0	0	0	1	1	1	0	1	1	1	0	54.0	0.116	0.285	NaN	NaN	0.276	0.633	NaN	NaN	8.28	22.155	NaN	NaN	0.0	"2.5"	"F0034"	1	1	"PR"	668.801	"wash-en"	0.201	0	1	1	0.0	0.0	0.0	null	670.602	0.097
12.7	0.0539	26437.5	2859.375	2250.0	NaN	NaN	NaN	0	0	0	0	0	1	1	0	0	0	0	0	1	0	0	0	0	1	1	1	0	1	1	1	0	152.0	0.101	0.283	NaN	NaN	0.24	0.629	NaN	NaN	7.2	22.015	NaN	NaN	0.0	"2.5"	"F0034"	1	1	"PR"	678.928	"wash-en"	10.328	0	1	1	0.0	0.0	0.0	null	680.729	0.084
12.8	0.055275	24000.0	2821.875	2259.375	NaN	NaN	NaN	0	0	0	0	0	1	1	0	0	0	0	0	1	0	0	0	0	0	0	0	1	0	0	0	1	154.0	0.097	0.284	NaN	NaN	0.231	0.631	NaN	NaN	6.93	22.085	NaN	NaN	0.0	"2.5"	"F0034"	0	0	"PR"	688.965	"wash-sc"	0.201	0	1	1	0.0	0.0	0.0	null	690.766	0.093
4.0	0.05665	26812.5	2878.125	2287.5	NaN	NaN	NaN	0	0	0	0	0	0	0	0	0	0	0	0	0	0	0	0	0	0	0	0	1	0	0	0	1	48.0	0.103	0.287	NaN	NaN	0.245	0.638	NaN	NaN	7.35	22.33	NaN	NaN	0.0	"2.5"	"F0034"	0	0	"PR"	699.093	"diffuse"	0.201	0	1	2	0.0	0.0	0.0	null	700.894	0.09
4.0	0.05665	-375.0	3018.75	2287.5	NaN	NaN	NaN	0	0	0	0	0	0	0	0	0	0	0	0	0	0	0	0	0	0	0	0	1	0	0	0	1	48.0	0.117	0.287	NaN	NaN	0.279	0.638	NaN	NaN	8.37	22.33	NaN	NaN	0.0	"2.5"	"F0034"	0	0	"PR"	709.126	"diffuse"	10.234	0	1	2	0.0	0.0	0.0	null	710.927	0.086
4.2	0.0572	-187.5	3018.75	2278.125	NaN	NaN	NaN	0	0	0	0	0	0	0	0	0	0	0	0	0	0	0	0	0	0	0	0	1	0	0	0	1	50.0	0.117	0.286	NaN	NaN	0.279	0.636	NaN	NaN	8.37	22.26	NaN	NaN	0.0	"2.5"	"F0034"	0	0	"PR"	719.161	"diffuse"	20.269	0	1	2	0.0	0.0	0.0	null	720.962	0.088
4.0	0.0561	-750.0	3018.75	2268.75	NaN	NaN	NaN	0	0	0	0	0	0	0	0	0	0	0	0	0	0	0	0	0	0	0	0	1	0	0	0	1	48.0	0.117	0.285	NaN	NaN	0.279	0.633	NaN	NaN	8.37	22.155	NaN	NaN	0.0	"2.5"	"F0034"	0	0	"PR"	729.002	"diffuse"	30.11	0	1	2	0.0	0.0	0.0	null	730.803	0.086
12.5	0.056375	24187.5	2887.5	2250.0	NaN	NaN	NaN	0	0	0	0	0	1	1	0	0	0	0	0	1	0	0	0	0	1	1	1	0	1	1	1	0	150.0	0.104	0.283	NaN	NaN	0.248	0.629	NaN	NaN	7.44	22.015	NaN	NaN	0.0	"2.5"	"F0034"	1	1	"PR"	739.128	"wash-en"	10.126	0	1	2	0.0	0.0	0.0	null	740.929	0.083
12.6	0.05665	24750.0	2850.0	2259.375	NaN	NaN	NaN	0	0	0	0	0	1	1	0	0	0	0	0	1	0	0	0	0	1	1	1	0	1	1	1	0	151.0	0.1	0.284	NaN	NaN	0.238	0.631	NaN	NaN	7.14	22.085	NaN	NaN	0.0	"2.5"	"F0034"	1	1	"PR"	749.163	"wash-en"	20.161	0	1	2	0.0	0.0	0.0	null	750.964	0.085
2.3	0.056925	25312.5	2859.375	2250.0	NaN	NaN	NaN	0	0	0	0	0	1	1	0	0	0	0	0	1	0	0	0	0	0	0	0	1	0	0	0	1	28.0	0.101	0.283	NaN	NaN	0.24	0.629	NaN	NaN	7.2	22.015	NaN	NaN	0.0	"2.5"	"F0034"	0	0	"PR"	759.089	"wash-sc"	9.926	0	1	2	0.0	0.0	0.0	null	760.89	0.087
3.4	0.05665	-187.5	3009.375	2268.75	NaN	NaN	NaN	0	0	0	0	0	0	0	0	0	0	0	0	0	0	0	0	0	0	0	0	1	0	0	0	1	41.0	0.116	0.285	NaN	NaN	0.276	0.633	NaN	NaN	8.28	22.155	NaN	NaN	0.0	"2.5"	"F0034"	0	0	"PR"	769.123	"diffuse"	9.834	0	1	3	0.0	0.0	0.0	null	770.924	0.084
3.6	0.056925	-187.5	3018.75	2278.125	NaN	NaN	NaN	0	0	0	0	0	0	0	0	0	0	0	0	0	0	0	0	0	0	0	0	1	0	0	0	1	43.0	0.117	0.286	NaN	NaN	0.279	0.636	NaN	NaN	8.37	22.26	NaN	NaN	0.0	"2.5"	"F0034"	0	0	"PR"	779.159	"diffuse"	19.87	0	1	3	0.0	0.0	0.0	null	780.96	0.084
3.8	0.056925	750.0	3009.375	2250.0	NaN	NaN	NaN	0	0	0	0	0	0	0	0	0	0	0	0	0	0	0	0	0	0	0	0	1	0	0	0	1	46.0	0.116	0.283	NaN	NaN	0.276	0.629	NaN	NaN	8.28	22.015	NaN	NaN	0.0	"2.5"	"F0034"	0	0	"PR"	789.195	"diffuse"	29.906	0	1	3	0.0	0.0	0.0	null	790.996	0.084
12.3	0.0572	27937.5	2840.625	2250.0	NaN	NaN	NaN	0	0	0	0	0	1	1	0	0	0	0	0	1	0	0	0	0	1	1	1	0	1	1	1	0	148.0	0.099	0.283	NaN	NaN	0.236	0.629	NaN	NaN	7.08	22.015	NaN	NaN	0.0	"2.5"	"F0034"	1	1	"PR"	799.13	"wash-en"	9.734	0	1	3	0.0	0.0	0.0	null	800.931	0.086
12.2	0.05665	24750.0	2850.0	2259.375	NaN	NaN	NaN	0	0	0	0	0	1	1	0	0	0	0	0	1	0	0	0	0	1	1	1	0	1	1	1	0	146.0	0.1	0.284	NaN	NaN	0.238	0.631	NaN	NaN	7.14	22.085	NaN	NaN	0.0	"2.5"	"F0034"	1	1	"PR"	809.17	"wash-en"	19.774	0	1	3	0.0	0.0	0.0	null	810.971	0.086
2.9	0.056925	25312.5	2859.375	2268.75	NaN	NaN	NaN	0	0	0	0	0	1	1	0	0	0	0	0	1	0	0	0	0	0	0	0	1	0	0	0	1	35.0	0.101	0.285	NaN	NaN	0.24	0.633	NaN	NaN	7.2	22.155	NaN	NaN	0.0	"2.5"	"F0034"	0	0	"PR"	819.102	"wash-sc"	9.531	0	1	3	0.0	0.0	0.0	null	820.903	0.09
3.4	0.05775	1312.5	3018.75	2278.125	NaN	NaN	NaN	0	0	0	0	0	0	0	0	0	0	0	0	0	0	0	0	0	0	0	0	1	0	0	0	1	41.0	0.117	0.286	NaN	NaN	0.279	0.636	NaN	NaN	8.37	22.26	NaN	NaN	0.0	"2.5"	"F0034"	0	0	"PR"	829.133	"diffuse"	9.429	0	1	4	0.0	0.0	0.0	null	830.934	0.086
2.8	0.05775	1125.0	3009.375	2278.125	NaN	NaN	NaN	0	0	0	0	0	0	0	0	0	0	0	0	0	0	0	0	0	0	0	0	1	0	0	0	1	34.0	0.116	0.286	NaN	NaN	0.276	0.636	NaN	NaN	8.28	22.26	NaN	NaN	0.0	"2.5"	"F0034"	0	0	"PR"	839.174	"diffuse"	19.47	0	1	4	0.0	0.0	0.0	null	840.975	0.086
3.1	0.057475	375.0	3018.75	2268.75	NaN	NaN	NaN	0	0	0	0	0	0	0	0	0	0	0	0	0	0	0	0	0	0	0	0	1	0	0	0	1	37.0	0.117	0.285	NaN	NaN	0.279	0.633	NaN	NaN	8.37	22.155	NaN	NaN	0.0	"2.5"	"F0034"	0	0	"PR"	849.208	"diffuse"	29.504	0	1	4	0.0	0.0	0.0	null	851.009	0.086
12.3	0.05665	25125.0	2859.375	2250.0	NaN	NaN	NaN	0	0	0	0	0	1	1	0	0	0	0	0	1	0	0	0	0	1	1	1	0	1	1	1	0	148.0	0.101	0.283	NaN	NaN	0.24	0.629	NaN	NaN	7.2	22.015	NaN	NaN	0.0	"2.5"	"F0034"	1	1	"PR"	859.323	"wash-en"	9.513	0	1	4	0.0	0.0	0.0	null	861.124	0.084
12.6	0.05775	26250.0	2821.875	2259.375	NaN	NaN	NaN	0	0	0	0	0	1	1	0	0	0	0	0	1	0	0	0	0	1	1	1	0	1	1	1	0	151.0	0.097	0.284	NaN	NaN	0.231	0.631	NaN	NaN	6.93	22.085	NaN	NaN	0.0	"2.5"	"F0034"	1	1	"PR"	869.159	"wash-en"	19.349	0	1	4	0.0	0.0	0.0	null	870.96	0.092
2.5	0.057475	27937.5	2850.0	2268.75	NaN	NaN	NaN	0	0	0	0	0	1	1	0	0	0	0	0	1	0	0	0	0	0	0	0	1	0	0	0	1	30.0	0.1	0.285	NaN	NaN	0.238	0.633	NaN	NaN	7.14	22.155	NaN	NaN	0.0	"2.5"	"F0034"	0	0	"PR"	879.291	"wash-sc"	9.329	0	1	4	0.0	0.0	0.0	null	881.092	0.085
4.5	0.05775	-2250.0	2465.625	2259.375	NaN	NaN	NaN	0	0	0	0	1	0	0	0	0	0	0	0	0	0	0	0	0	0	0	0	1	0	0	0	1	54.0	0.062	0.284	NaN	NaN	0.148	0.631	NaN	NaN	4.44	22.085	NaN	NaN	0.0	"2.5"	"F0034"	0	0	"PR"	889.327	"drain-rg"	9.233	0	1	4	0.0	0.0	0.0	null	891.128	0.086
2.8	0.056925	-2625.0	2100.0	2278.125	NaN	NaN	NaN	0	0	0	0	1	0	0	0	0	0	0	0	0	0	0	0	0	0	0	0	1	0	0	0	1	34.0	0.025	0.286	NaN	NaN	0.06	0.636	NaN	NaN	1.8	22.26	NaN	NaN	0.0	"2.5"	"F0034"	0	0	"PR"	899.365	"drain-rg"	19.271	0	1	4	0.0	0.0	0.0	null	901.166	0.087
2.6	0.05775	-1687.5	1734.375	2259.375	NaN	NaN	NaN	0	0	0	0	1	0	0	0	0	0	0	0	0	0	0	0	0	0	0	0	1	0	0	0	1	31.0	-0.012	0.284	NaN	NaN	-0.029	0.631	NaN	NaN	-0.87	22.085	NaN	NaN	0.0	"2.5"	"F0034"	0	0	"PR"	909.201	"drip-rg"	1.805	0	1	4	0.0	0.0	0.0	null	911.002	0.09
2.5	0.05775	-375.0	0.0	2268.75	NaN	NaN	NaN	0	0	0	0	1	0	0	0	0	0	0	0	0	0	0	0	0	0	0	0	1	0	0	0	1	30.0	-0.185	0.285	NaN	NaN	-0.44	0.633	NaN	NaN	-13.2	22.155	NaN	NaN	0.0	"2.5"	"F0034"	0	0	"PR"	919.231	"drip-rg"	11.835	0	1	4	0.0	0.0	0.0	null	921.032	0.09
1.8	0.057475	24937.5	1715.625	2137.5	NaN	NaN	NaN	0	0	1	0	0	1	0	0	0	0	0	0	1	0	0	0	0	0	0	0	1	0	0	0	1	22.0	-0.013	0.272	NaN	NaN	-0.031	0.604	NaN	NaN	-0.93	21.14	NaN	NaN	0.0	"2.5"	"F0034"	0	0	"FR"	6.039	"fill-rg-di"	5.838	1	1	0	924.443	0.0	0.0	null	931.111	0.09
1.7	0.05665	24562.5	2156.25	1846.875	NaN	NaN	NaN	0	0	1	0	0	1	0	0	0	0	0	0	1	0	0	0	0	0	0	0	1	0	0	0	1	20.0	0.031	0.243	NaN	NaN	0.074	0.54	NaN	NaN	2.22	18.9	NaN	NaN	0.0	"2.5"	"F0034"	0	0	"FR"	16.069	"fill-rg-di"	15.868	1	1	0	924.443	0.0	0.0	null	941.141	0.087
2.9	0.05445	23625.0	2465.625	1621.875	NaN	NaN	NaN	0	0	1	0	0	1	0	0	0	0	0	0	1	0	0	0	0	0	0	0	1	0	0	0	1	35.0	0.062	0.22	NaN	NaN	0.148	0.489	NaN	NaN	4.44	17.115	NaN	NaN	0.0	"2.5"	"F0034"	0	0	"FR"	26.111	"fill-rg-di"	25.91	1	1	0	924.443	0.0	0.0	null	951.183	0.087
2.3	0.05335	26250.0	2784.375	1387.5	NaN	NaN	NaN	0	0	1	0	0	1	0	0	0	0	0	0	1	0	0	0	0	0	0	0	1	0	0	0	1	28.0	0.093	0.197	NaN	NaN	0.221	0.438	NaN	NaN	6.63	15.33	NaN	NaN	0.0	"2.5"	"F0034"	0	0	"FR"	36.147	"fill-rg-di"	35.946	1	1	0	924.443	0.0	0.0	null	961.219	0.084
2.5	0.051975	26062.5	3093.75	1115.625	NaN	NaN	NaN	0	0	1	0	0	1	0	0	0	0	0	0	1	0	0	0	0	0	0	0	1	0	0	0	1	30.0	0.124	0.17	NaN	NaN	0.295	0.378	NaN	NaN	8.85	13.23	NaN	NaN	0.0	"2.5"	"F0034"	0	0	"FR"	46.181	"fill-rg-di"	45.98	1	1	0	924.443	0.0	0.0	null	971.253	0.084
