cur	ec	mod-ps	rg-ps	di-ps	fw1-ps	fw2-ps	pf-ps	vlv-di-fill	vlv-di-in	vlv-di-out	vlv-rg-fill	vlv-rg-drain	vlv-rg-in	vlv-rg-out	vlv-fw1-in	vlv-fw1-out	vlv-fw2-in	vlv-po	vlv-mod-drain	pmp-sys	pmp-di	pmp-fw1	pmp-fw2	uv	en-anode1	en-cath1	pl-anode1	pl-cath1	en-anode2	en-cath2	pl-anode2	pl-cath2	pw	rg-he	di-he	fw1-he	fw2-he	rg-lev	di-lev	fw1-lev	fw2-lev	rg-vol	di-vol	fw1-vol	fw2-vol	pr-ec	ver	sn	mod-en	mod-pl	proc	proc-time	ph	ph-time	count	cyc	rnd	pr-last	rc-last	fr-last	halt-re	time	exec
-1.7	0.0517	27562.5	2034.375	2081.25	NaN	NaN	NaN	0	0	1	0	0	1	0	0	0	0	0	0	1	0	0	0	0	0	0	0	1	0	0	0	1	-20.0	0.018	0.266	NaN	NaN	0.043	0.591	NaN	NaN	1.29	20.685	NaN	NaN	0.0	"2.5"	"F0034"	0	0	"PR"	8.256	"fill-rg-di"	8.055	0	0	0	0.0	0.0	0.0	null	10.039	0.091
-1.0	0.050875	27937.5	2025.0	2071.875	NaN	NaN	NaN	0	0	1	0	0	1	0	0	0	0	0	0	1	0	0	0	0	0	0	0	1	0	0	0	1	-12.0	0.018	0.265	NaN	NaN	0.043	0.589	NaN	NaN	1.29	20.615	NaN	NaN	0.0	"2.5"	"F0034"	0	0	"PR"	8.456	"fill-rg-di"	8.255	0	0	0	0.0	0.0	0.0	null	10.239	0.087
-1.8	0.0506	25687.5	2343.75	1818.75	NaN	NaN	NaN	0	0	1	0	0	1	0	0	0	0	0	0	1	0	0	0	0	0	0	0	1	0	0	0	1	-22.0	0.049	0.24	NaN	NaN	0.117	0.533	NaN	NaN	3.51	18.655	NaN	NaN	0.0	"2.5"	"F0034"	0	0	"PR"	18.289	"fill-rg-di"	18.088	0	0	0	0.0	0.0	0.0	null	20.072	0.09
-1.9	0.049775	25875.0	2615.625	1575.0	NaN	NaN	NaN	0	0	1	0	0	1	0	0	0	0	0	0	1	0	0	0	0	0	0	0	1	0	0	0	1	-23.0	0.077	0.215	NaN	NaN	0.183	0.478	NaN	NaN	5.49	16.73	NaN	NaN	0.0	"2.5"	"F0034"	0	0	"PR"	28.33	"fill-rg-di"	28.129	0	0	0	0.0	0.0	0.0	null	30.113	0.09
-3.5	0.0484	26250.0	3000.0	1312.5	NaN	NaN	NaN	0	0	1	0	0	1	0	0	0	0	0	0	1	0	0	0	0	0	0	0	1	0	0	0	1	-42.0	0.115	0.189	NaN	NaN	0.274	0.42	NaN	NaN	8.22	14.7	NaN	NaN	0.0	"2.5"	"F0034"	0	0	"PR"	38.369	"fill-rg-di"	38.168	0	0	0	0.0	0.0	0.0	null	40.152	0.091
-1.6	0.0484	3562.5	2981.25	1612.5	NaN	NaN	NaN	1	0	0	0	0	0	0	0	0	0	0	0	0	1	0	0	0	0	0	0	1	0	0	0	1	-19.0	0.113	0.219	NaN	NaN	0.269	0.487	NaN	NaN	8.07	17.045	NaN	NaN	0.0	"2.5"	"F0034"	0	0	"PR"	48.401	"fill-di"	10.032	0	0	0	0.0	0.0	0.0	null	50.184	0.093
-1.6	0.0484	3937.5	2962.5	1893.75	NaN	NaN	NaN	1	0	0	0	0	0	0	0	0	0	0	0	0	1	0	0	0	0	0	0	1	0	0	0	1	-19.0	0.111	0.247	NaN	NaN	0.264	0.549	NaN	NaN	7.92	19.215	NaN	NaN	0.0	"2.5"	"F0034"	0	0	"PR"	58.44	"fill-di"	20.071	0	0	0	0.0	0.0	0.0	null	60.223	0.092
-1.6	0.048125	4125.0	2981.25	2203.125	NaN	NaN	NaN	1	0	0	0	0	0	0	0	0	0	0	0	0	1	0	0	0	0	0	0	1	0	0	0	1	-19.0	0.113	0.278	NaN	NaN	0.269	0.618	NaN	NaN	8.07	21.63	NaN	NaN	0.0	"2.5"	"F0034"	0	0	"PR"	68.476	"fill-di"	30.107	0	0	0	0.0	0.0	0.0	null	70.259	0.09
-1.0	0.048125	25687.5	2803.125	2250.0	NaN	NaN	NaN	0	0	0	0	0	1	1	0	0	0	0	0	1	0	0	0	0	0	0	0	1	0	0	0	1	-12.0	0.095	0.283	NaN	NaN	0.226	0.629	NaN	NaN	6.78	22.015	NaN	NaN	0.0	"2.5"	"F0034"	0	0	"PR"	78.51	"prime"	8.227	0	0	0	0.0	0.0	0.0	null	80.293	0.09
-1.8	0.048675	25687.5	2746.875	2259.375	NaN	NaN	NaN	0	0	0	0	0	1	1	0	0	0	0	0	1	0	0	0	0	0	0	0	1	0	0	0	1	-22.0	0.09	0.284	NaN	NaN	0.214	0.631	NaN	NaN	6.42	22.085	NaN	NaN	0.0	"2.5"	"F0034"	0	0	"PR"	88.348	"prime"	18.065	0	0	0	0.0	0.0	0.0	null	90.131	0.085
-1.5	0.04895	26062.5	2765.625	2250.0	NaN	NaN	NaN	0	0	0	0	0	1	1	0	0	0	0	0	1	0	0	0	0	0	0	0	1	0	0	0	1	-18.0	0.092	0.283	NaN	NaN	0.219	0.629	NaN	NaN	6.57	22.015	NaN	NaN	0.0	"2.5"	"F0034"	0	0	"PR"	98.383	"prime"	28.1	0	0	0	0.0	0.0	0.0	null	100.166	0.086
-12.0	0.0484	29250.0	2971.875	2493.75	NaN	NaN	NaN	0	1	1	0	0	0	0	0	0	0	0	0	1	0	0	0	0	1	1	0	1	1	1	0	1	-144.0	0.112	0.307	NaN	NaN	0.267	0.682	NaN	NaN	8.01	23.87	NaN	NaN	0.0	"2.5"	"F0034"	1	0	"PR"	108.428	"deionize"	7.638	0	1	0	0.0	0.0	0.0	null	110.211	0.092
-12.0	0.0473	30562.5	2962.5	2512.5	NaN	NaN	NaN	0	1	1	0	0	0	0	0	0	0	0	0	1	0	0	0	0	1	1	0	1	1	1	0	1	-144.0	0.111	0.309	NaN	NaN	0.264	0.687	NaN	NaN	7.92	24.045	NaN	NaN	0.0	"2.5"	"F0034"	1	0	"PR"	118.463	"deionize"	17.673	0	1	0	0.0	0.0	0.0	null	120.246	0.091
-12.1	0.04675	30750.0	2962.5	2587.5	NaN	NaN	NaN	0	1	1	0	0	0	0	0	0	0	0	0	1	0	0	0	0	1	1	0	1	1	1	0	1	-145.0	0.111	0.317	NaN	NaN	0.264	0.704	NaN	NaN	7.92	24.64	NaN	NaN	0.0	"2.5"	"F0034"	1	0	"PR"	128.496	"deionize"	27.706	0	1	0	0.0	0.0	0.0	null	130.279	0.087
-11.3	0.046475	30375.0	2962.5	2531.25	NaN	NaN	NaN	0	1	1	0	0	0	0	0	0	0	0	0	1	0	0	0	0	1	1	0	1	1	1	0	1	-136.0	0.111	0.311	NaN	NaN	0.264	0.691	NaN	NaN	7.92	24.185	NaN	NaN	0.0	"2.5"	"F0034"	1	0	"PR"	138.537	"deionize"	37.747	0	1	0	0.0	0.0	0.0	null	140.32	0.09
-12.3	0.045375	30000.0	2953.125	2587.5	NaN	NaN	NaN	0	1	1	0	0	0	0	0	0	0	0	0	1	0	0	0	0	1	1	0	1	1	1	0	1	-148.0	0.11	0.317	NaN	NaN	0.262	0.704	NaN	NaN	7.86	24.64	NaN	NaN	0.0	"2.5"	"F0034"	1	0	"PR"	148.572	"deionize"	47.782	0	1	0	0.0	0.0	0.0	null	150.355	0.09
-11.7	0.0451	29062.5	2962.5	2512.5	NaN	NaN	NaN	0	1	1	0	0	0	0	0	0	0	0	0	1	0	0	0	0	1	1	0	1	1	1	0	1	-140.0	0.111	0.309	NaN	NaN	0.264	0.687	NaN	NaN	7.92	24.045	NaN	NaN	0.0	"2.5"	"F0034"	1	0	"PR"	158.408	"deionize"	57.618	0	1	0	0.0	0.0	0.0	null	160.191	0.085
-11.3	0.044825	30375.0	2962.5	2531.25	NaN	NaN	NaN	0	1	1	0	0	0	0	0	0	0	0	0	1	0	0	0	0	1	1	0	1	1	1	0	1	-136.0	0.111	0.311	NaN	NaN	0.264	0.691	NaN	NaN	7.92	24.185	NaN	NaN	0.0	"2.5"	"F0034"	1	0	"PR"	168.452	"deionize"	67.662	0	1	0	0.0	0.0	0.0	null	170.235	0.088
-11.3	0.044	30000.0	2971.875	2503.125	NaN	NaN	NaN	0	1	1	0	0	0	0	0	0	0	0	0	1	0	0	0	0	1	1	0	1	1	1	0	1	-136.0	0.112	0.308	NaN	NaN	0.267	0.684	NaN	NaN	8.01	23.94	NaN	NaN	0.0	"2.5"	"F0034"	1	0	"PR"	178.486	"deionize"	77.696	0	1	0	0.0	0.0	0.0	null	180.269	0.087
-11.9	0.04345	31500.0	2953.125	2437.5	NaN	NaN	NaN	0	1	1	0	0	0	0	0	0	0	0	0	1	0	0	0	0	1	1	0	1	1	1	0	1	-143.0	0.11	0.302	NaN	NaN	0.262	0.671	NaN	NaN	7.86	23.485	NaN	NaN	0.0	"2.5"	"F0034"	1	0	"PR"	188.521	"deionize"	87.731	0	1	0	0.0	0.0	0.0	null	190.304	0.087
-11.9	0.0429	30000.0	2953.125	2475.0	NaN	NaN	NaN	0	1	1	0	0	0	0	0	0	0	0	0	1	0	0	0	0	1	1	0	1	1	1	0	1	-143.0	0.11	0.305	NaN	NaN	0.262	0.678	NaN	NaN	7.86	23.73	NaN	NaN	0.0	"2.5"	"F0034"	1	0	"PR"	198.564	"deionize"	97.774	0	1	0	0.0	0.0	0.0	null	200.347	0.087
-11.9	0.0429	31687.5	2943.75	2503.125	NaN	NaN	NaN	0	1	1	0	0	0	0	0	0	0	0	0	1	0	0	0	0	1	1	0	1	1	1	0	1	-143.0	0.109	0.308	NaN	NaN	0.26	0.684	NaN	NaN	7.8	23.94	NaN	NaN	0.0	"2.5"	"F0034"	1	0	"PR"	208.6	"deionize"	107.81	0	1	0	0.0	0.0	0.0	null	210.383	0.085
-11.8	0.04125	30750.0	2971.875	2512.5	NaN	NaN	NaN	0	1	1	0	0	0	0	0	0	0	0	0	1	0	0	0	0	1	1	0	1	1	1	0	1	-142.0	0.112	0.309	NaN	NaN	0.267	0.687	NaN	NaN	8.01	24.045	NaN	NaN	0.0	"2.5"	"F0034"	1	0	"PR"	218.64	"deionize"	117.85	0	1	0	0.0	0.0	0.0	null	220.423	0.09
-11.9	0.0418	30000.0	2962.5	2437.5	NaN	NaN	NaN	0	1	1	0	0	0	0	0	0	0	0	0	1	0	0	0	0	1	1	0	1	1	1	0	1	-143.0	0.111	0.302	NaN	NaN	0.264	0.671	NaN	NaN	7.92	23.485	NaN	NaN	0.0	"2.5"	"F0034"	1	0	"PR"	228.673	"deionize"	127.883	0	1	0	0.0	0.0	0.0	null	230.456	0.091
-11.7	0.040425	30375.0	2953.125	2475.0	NaN	NaN	NaN	0	1	1	0	0	0	0	0	0	0	0	0	1	0	0	0	0	1	1	0	1	1	1	0	1	-140.0	0.11	0.305	NaN	NaN	0.262	0.678	NaN	NaN	7.86	23.73	NaN	NaN	0.0	"2.5"	"F0034"	1	0	"PR"	238.506	"deionize"	137.716	0	1	0	0.0	0.0	0.0	null	240.289	0.084
-11.9	0.040425	30750.0	2934.375	2456.25	NaN	NaN	NaN	0	1	1	0	0	0	0	0	0	0	0	0	1	0	0	0	0	1	1	0	1	1	1	0	1	-143.0	0.108	0.304	NaN	NaN	0.257	0.676	NaN	NaN	7.71	23.66	NaN	NaN	0.0	"2.5"	"F0034"	1	0	"PR"	248.546	"deionize"	147.756	0	1	0	0.0	0.0	0.0	null	250.329	0.086
-12.4	0.039875	30187.5	2943.75	2418.75	NaN	NaN	NaN	0	1	1	0	0	0	0	0	0	0	0	0	1	0	0	0	0	1	1	0	1	1	1	0	1	-149.0	0.109	0.3	NaN	NaN	0.26	0.667	NaN	NaN	7.8	23.345	NaN	NaN	0.0	"2.5"	"F0034"	1	0	"PR"	258.581	"deionize"	157.791	0	1	0	0.0	0.0	0.0	null	260.364	0.084
-12.1	0.039875	31312.5	2971.875	2390.625	NaN	NaN	NaN	0	1	1	0	0	0	0	0	0	0	0	0	1	0	0	0	0	1	1	0	1	1	1	0	1	-145.0	0.112	0.297	NaN	NaN	0.267	0.66	NaN	NaN	8.01	23.1	NaN	NaN	0.0	"2.5"	"F0034"	1	0	"PR"	268.621	"deionize"	167.831	0	1	0	0.0	0.0	0.0	null	270.404	0.084
-12.7	0.039325	31312.5	2971.875	2456.25	NaN	NaN	NaN	0	1	1	0	0	0	0	0	0	0	0	0	1	0	0	0	0	1	1	0	1	1	1	0	1	-152.0	0.112	0.304	NaN	NaN	0.267	0.676	NaN	NaN	8.01	23.66	NaN	NaN	0.0	"2.5"	"F0034"	1	0	"PR"	278.66	"deionize"	177.87	0	1	0	0.0	0.0	0.0	null	280.443	0.084
-12.0	0.038775	30187.5	2934.375	2437.5	NaN	NaN	NaN	0	1	1	0	0	0	0	0	0	0	0	0	1	0	0	0	0	1	1	0	1	1	1	0	1	-144.0	0.108	0.302	NaN	NaN	0.257	0.671	NaN	NaN	7.71	23.485	NaN	NaN	0.0	"2.5"	"F0034"	1	0	"PR"	288.694	"deionize"	187.904	0	1	0	0.0	0.0	0.0	null	290.477	0.087
-11.3	0.0385	30000.0	2953.125	2325.0	NaN	NaN	NaN	0	1	1	0	0	0	0	0	0	0	0	0	1	0	0	0	0	1	1	0	1	1	1	0	1	-136.0	0.11	0.291	NaN	NaN	0.262	0.647	NaN	NaN	7.86	22.645	NaN	NaN	0.0	"2.5"	"F0034"	1	0	"PR"	298.732	"deionize"	197.942	0	1	0	0.0	0.0	0.0	null	300.515	0.089
-12.0	0.038225	29250.0	2971.875	2418.75	NaN	NaN	NaN	0	1	1	0	0	0	0	0	0	0	0	0	1	0	0	0	0	1	1	0	1	1	1	0	1	-144.0	0.112	0.3	NaN	NaN	0.267	0.667	NaN	NaN	8.01	23.345	NaN	NaN	0.0	"2.5"	"F0034"	1	0	"PR"	308.568	"deionize"	207.778	0	1	0	0.0	0.0	0.0	null	310.351	0.087
-12.7	0.037675	30000.0	2962.5	2437.5	NaN	NaN	NaN	0	1	1	0	0	0	0	0	0	0	0	0	1	0	0	0	0	1	1	0	1	1	1	0	1	-152.0	0.111	0.302	NaN	NaN	0.264	0.671	NaN	NaN	7.92	23.485	NaN	NaN	0.0	"2.5"	"F0034"	1	0	"PR"	318.605	"deionize"	217.815	0	1	0	0.0	0.0	0.0	null	320.388	0.084
-12.2	0.037125	29812.5	2971.875	2428.125	NaN	NaN	NaN	0	1	1	0	0	0	0	0	0	0	0	0	1	0	0	0	0	1	1	0	1	1	1	0	1	-146.0	0.112	0.301	NaN	NaN	0.267	0.669	NaN	NaN	8.01	23.415	NaN	NaN	0.0	"2.5"	"F0034"	1	0	"PR"	328.646	"deionize"	227.856	0	1	0	0.0	0.0	0.0	null	330.429	0.089
-12.0	0.03685	31500.0	2962.5	2343.75	NaN	NaN	NaN	0	1	1	0	0	0	0	0	0	0	0	0	1	0	0	0	0	1	1	0	1	1	1	0	1	-144.0	0.111	0.292	NaN	NaN	0.264	0.649	NaN	NaN	7.92	22.715	NaN	NaN	0.0	"2.5"	"F0034"	1	0	"PR"	338.68	"deionize"	237.89	0	1	0	0.0	0.0	0.0	null	340.463	0.084
-13.4	0.0363	29250.0	2971.875	2343.75	NaN	NaN	NaN	0	1	1	0	0	0	0	0	0	0	0	0	1	0	0	0	1	1	1	0	1	1	1	0	1	-161.0	0.112	0.292	NaN	NaN	0.267	0.649	NaN	NaN	8.01	22.715	NaN	NaN	0.0	"2.5"	"F0034"	1	0	"PR"	348.626	"deionize-uv"	7.739	0	1	0	0.0	0.0	0.0	null	350.409	0.09
-12.4	0.0363	30000.0	2934.375	2390.625	NaN	NaN	NaN	0	1	1	0	0	0	0	0	0	0	0	0	1	0	0	0	1	1	1	0	1	1	1	0	1	-149.0	0.108	0.297	NaN	NaN	0.257	0.66	NaN	NaN	7.71	23.1	NaN	NaN	0.0	"2.5"	"F0034"	1	0	"PR"	358.664	"deionize-uv"	17.777	0	1	0	0.0	0.0	0.0	null	360.447	0.086
-12.2	0.036025	30937.5	2962.5	2371.875	NaN	NaN	NaN	0	1	1	0	0	0	0	0	0	0	0	0	1	0	0	0	1	1	1	0	1	1	1	0	1	-146.0	0.111	0.295	NaN	NaN	0.264	0.656	NaN	NaN	7.92	22.96	NaN	NaN	0.0	"2.5"	"F0034"	1	0	"PR"	368.697	"deionize-uv"	27.81	0	1	0	0.0	0.0	0.0	null	370.48	0.086
-11.9	0.035475	30750.0	2971.875	2400.0	NaN	NaN	NaN	0	1	1	0	0	0	0	0	0	0	0	0	1	0	0	0	1	1	1	0	1	1	1	0	1	-143.0	0.112	0.298	NaN	NaN	0.267	0.662	NaN	NaN	8.01	23.17	NaN	NaN	0.0	"2.5"	"F0034"	1	0	"PR"	378.736	"deionize-uv"	37.849	0	1	0	0.0	0.0	0.0	null	380.519	0.091
-12.2	0.0352	29062.5	2962.5	2409.375	NaN	NaN	NaN	0	1	1	0	0	0	0	0	0	0	0	0	1	0	0	0	1	1	1	0	1	1	1	0	1	-146.0	0.111	0.299	NaN	NaN	0.264	0.664	NaN	NaN	7.92	23.24	NaN	NaN	0.0	"2.5"	"F0034"	1	0	"PR"	388.769	"deionize-uv"	47.882	0	1	0	0.0	0.0	0.0	null	390.552	0.083
-12.4	0.034925	29812.5	2962.5	2381.25	NaN	NaN	NaN	0	1	1	0	0	0	0	0	0	0	0	0	1	0	0	0	1	1	1	0	1	1	1	0	1	-149.0	0.111	0.296	NaN	NaN	0.264	0.658	NaN	NaN	7.92	23.03	NaN	NaN	0.0	"2.5"	"F0034"	1	0	"PR"	398.805	"deionize-uv"	57.918	0	1	0	0.0	0.0	0.0	null	400.588	0.085
-12.4	0.03355	29812.5	2990.625	2446.875	NaN	NaN	NaN	0	1	1	0	0	0	0	0	0	0	0	0	1	0	0	0	1	1	1	0	1	1	1	0	1	-149.0	0.114	0.303	NaN	NaN	0.271	0.673	NaN	NaN	8.13	23.555	NaN	NaN	0.0	"2.5"	"F0034"	1	0	"PR"	408.846	"deionize-uv"	67.959	0	1	0	0.0	0.0	0.0	null	410.629	0.088
-12.2	0.033825	30750.0	2981.25	2390.625	NaN	NaN	NaN	0	1	1	0	0	0	0	0	0	0	0	0	1	0	0	0	1	1	1	0	1	1	1	0	1	-146.0	0.113	0.297	NaN	NaN	0.269	0.66	NaN	NaN	8.07	23.1	NaN	NaN	0.0	"2.5"	"F0034"	1	0	"PR"	418.879	"deionize-uv"	77.992	0	1	0	0.0	0.0	0.0	null	420.662	0.083
-11.9	0.033275	30562.5	2953.125	2371.875	NaN	NaN	NaN	0	1	1	0	0	0	0	0	0	0	0	0	1	0	0	0	1	1	1	0	1	1	1	0	1	-143.0	0.11	0.295	NaN	NaN	0.262	0.656	NaN	NaN	7.86	22.96	NaN	NaN	0.0	"2.5"	"F0034"	1	0	"PR"	428.719	"deionize-uv"	87.832	0	1	0	0.0	0.0	0.0	null	430.502	0.09
-11.9	0.032725	31687.5	2962.5	2428.125	NaN	NaN	NaN	0	1	1	0	0	0	0	0	0	0	0	0	1	0	0	0	1	1	1	0	1	1	1	0	1	-143.0	0.111	0.301	NaN	NaN	0.264	0.669	NaN	NaN	7.92	23.415	NaN	NaN	0.0	"2.5"	"F0034"	1	0	"PR"	438.761	"deionize-uv"	97.874	0	1	0	0.0	0.0	0.0	null	440.544	0.093
-12.0	0.032725	30562.5	2971.875	2390.625	NaN	NaN	NaN	0	1	1	0	0	0	0	0	0	0	0	0	1	0	0	0	1	1	1	0	1	1	1	0	1	-144.0	0.112	0.297	NaN	NaN	0.267	0.66	NaN	NaN	8.01	23.1	NaN	NaN	0.0	"2.5"	"F0034"	1	0	"PR"	448.799	"deionize-uv"	107.912	0	1	0	0.0	0.0	0.0	null	450.582	0.083
-11.6	0.03245	30937.5	2953.125	2390.625	NaN	NaN	NaN	0	1	1	0	0	0	0	0	0	0	0	0	1	0	0	0	1	1	1	0	1	1	1	0	1	-139.0	0.11	0.297	NaN	NaN	0.262	0.66	NaN	NaN	7.86	23.1	NaN	NaN	0.0	"2.5"	"F0034"	1	0	"PR"	458.837	"deionize-uv"	117.95	0	1	0	0.0	0.0	0.0	null	460.62	0.088
-11.3	0.031625	30000.0	2962.5	1893.75	NaN	NaN	NaN	0	0	1	0	0	0	0	1	0	0	0	0	1	0	0	0	1	1	1	0	1	1	1	0	1	-136.0	0.111	0.247	NaN	NaN	0.264	0.549	NaN	NaN	7.92	19.215	NaN	NaN	0.0	"2.5"	"F0034"	1	0	"PR"	468.797	"drain-di-1"	7.752	0	1	0	0.0	0.0	0.0	null	470.58	0.094
-11.0	0.031625	30375.0	2971.875	1631.25	NaN	NaN	NaN	0	0	1	0	0	0	0	1	0	0	0	0	1	0	0	0	1	1	1	0	1	1	1	0	1	-132.0	0.112	0.221	NaN	NaN	0.267	0.491	NaN	NaN	8.01	17.185	NaN	NaN	0.0	"2.5"	"F0034"	1	0	"PR"	478.838	"drain-di-1"	17.793	0	1	0	0.0	0.0	0.0	null	480.621	0.092
-11.1	0.03135	29437.5	2962.5	1378.125	NaN	NaN	NaN	0	0	1	0	0	0	0	1	0	0	0	0	1	0	0	0	1	1	1	0	1	1	1	0	1	-133.0	0.111	0.196	NaN	NaN	0.264	0.436	NaN	NaN	7.92	15.26	NaN	NaN	0.0	"2.5"	"F0034"	1	0	"PR"	488.87	"drain-di-1"	27.825	0	1	0	0.0	0.0	0.0	null	490.653	0.09
-10.9	0.03135	29437.5	2962.5	1134.375	NaN	NaN	NaN	0	0	1	0	0	0	0	1	0	0	0	0	1	0	0	0	1	1	1	0	1	1	1	0	1	-131.0	0.111	0.171	NaN	NaN	0.264	0.38	NaN	NaN	7.92	13.3	NaN	NaN	0.0	"2.5"	"F0034"	1	0	"PR"	498.902	"drain-di-1"	37.857	0	1	0	0.0	0.0	0.0	null	500.685	0.086
-10.0	0.030525	29250.0	2962.5	881.25	NaN	NaN	NaN	0	0	1	0	0	0	0	1	0	0	0	0	1	0	0	0	1	1	1	0	1	1	1	0	1	-120.0	0.111	0.146	NaN	NaN	0.264	0.324	NaN	NaN	7.92	11.34	NaN	NaN	0.0	"2.5"	"F0034"	1	0	"PR"	508.944	"drain-di-1"	47.899	0	1	0	0.0	0.0	0.0	null	510.727	0.086
-10.5	0.030525	30000.0	2953.125	628.125	NaN	NaN	NaN	0	0	1	0	0	0	0	1	0	0	0	0	1	0	0	0	1	1	1	0	1	1	1	0	1	-126.0	0.11	0.121	NaN	NaN	0.262	0.269	NaN	NaN	7.86	9.415	NaN	NaN	0.0	"2.5"	"F0034"	1	0	"PR"	518.779	"drain-di-1"	57.734	0	1	0	0.0	0.0	0.0	null	520.562	0.09
-9.8	0.03025	30000.0	2962.5	356.25	NaN	NaN	NaN	0	0	1	0	0	0	0	1	0	0	0	0	1	0	0	0	1	1	1	0	1	1	1	0	1	-118.0	0.111	0.094	NaN	NaN	0.264	0.209	NaN	NaN	7.92	7.315	NaN	NaN	0.0	"2.5"	"F0034"	1	0	"PR"	528.82	"drain-di-1"	67.775	0	1	0	0.0	0.0	0.0	null	530.603	0.093
-10.6	0.03025	30000.0	2981.25	121.875	NaN	NaN	NaN	0	0	1	0	0	0	0	1	0	0	0	0	1	0	0	0	1	1	1	0	1	1	1	0	1	-127.0	0.113	0.07	NaN	NaN	0.269	0.156	NaN	NaN	8.07	5.46	NaN	NaN	0.0	"2.5"	"F0034"	1	0	"PR"	538.856	"drain-di-1"	77.811	0	1	0	0.0	0.0	0.0	null	540.639	0.089
-10.6	0.03025	30000.0	2962.5	-168.75	NaN	NaN	NaN	0	0	1	0	0	0	0	1	0	0	0	0	1	0	0	0	1	1	1	0	1	1	1	0	1	-127.0	0.111	0.041	NaN	NaN	0.264	0.091	NaN	NaN	7.92	3.185	NaN	NaN	0.0	"2.5"	"F0034"	1	0	"PR"	549.001	"drip-di-1"	7.336	0	1	0	0.0	0.0	0.0	null	550.784	0.087
11.6	0.03025	28687.5	2784.375	-18.75	NaN	NaN	NaN	1	0	0	0	0	1	1	0	0	0	0	0	1	1	0	0	0	1	1	1	0	1	1	1	0	139.0	0.093	0.056	NaN	NaN	0.221	0.124	NaN	NaN	6.63	4.34	NaN	NaN	0.0	"2.5"	"F0034"	1	1	"PR"	559.004	"reverse-f"	2.171	0	1	0	0.0	0.0	0.0	null	560.787	0.086
11.3	0.030525	27375.0	2831.25	178.125	NaN	NaN	NaN	1	0	0	0	0	1	1	0	0	0	0	0	1	1	0	0	0	1	1	1	0	1	1	1	0	136.0	0.098	0.076	NaN	NaN	0.233	0.169	NaN	NaN	6.99	5.915	NaN	NaN	0.0	"2.5"	"F0034"	1	1	"PR"	568.841	"reverse-f"	12.008	0	1	0	0.0	0.0	0.0	null	570.624	0.093
12.6	0.033275	27000.0	2821.875	478.125	NaN	NaN	NaN	1	0	0	0	0	1	1	0	0	0	0	0	1	1	0	0	0	1	1	1	0	1	1	1	0	151.0	0.097	0.106	NaN	NaN	0.231	0.236	NaN	NaN	6.93	8.26	NaN	NaN	0.0	"2.5"	"F0034"	1	1	"PR"	578.876	"reverse-f"	22.043	0	1	0	0.0	0.0	0.0	null	580.659	0.09
12.6	0.0352	25125.0	2784.375	796.875	NaN	NaN	NaN	1	0	0	0	0	1	1	0	0	0	0	0	1	1	0	0	0	1	1	1	0	1	1	1	0	151.0	0.093	0.138	NaN	NaN	0.221	0.307	NaN	NaN	6.63	10.745	NaN	NaN	0.0	"2.5"	"F0034"	1	1	"PR"	588.91	"reverse-f"	32.077	0	1	0	0.0	0.0	0.0	null	590.693	0.09
12.2	0.038225	25125.0	2821.875	1078.125	NaN	NaN	NaN	1	0	0	0	0	1	1	0	0	0	0	0	1	1	0	0	0	1	1	1	0	1	1	1	0	146.0	0.097	0.166	NaN	NaN	0.231	0.369	NaN	NaN	6.93	12.915	NaN	NaN	0.0	"2.5"	"F0034"	1	1	"PR"	598.952	"reverse-f"	42.119	0	1	0	0.0	0.0	0.0	null	600.735	0.09
12.2	0.040425	25312.5	2859.375	1378.125	NaN	NaN	NaN	1	0	0	0	0	1	1	0	0	0	0	0	1	1	0	0	0	1	1	1	0	1	1	1	0	146.0	0.101	0.196	NaN	NaN	0.24	0.436	NaN	NaN	7.2	15.26	NaN	NaN	0.0	"2.5"	"F0034"	1	1	"PR"	608.993	"reverse-f"	52.16	0	1	0	0.0	0.0	0.0	null	610.776	0.089
12.6	0.0429	24187.5	2803.125	1659.375	NaN	NaN	NaN	1	0	0	0	0	1	1	0	0	0	0	0	1	1	0	0	0	1	1	1	0	1	1	1	0	151.0	0.095	0.224	NaN	NaN	0.226	0.498	NaN	NaN	6.78	17.43	NaN	NaN	0.0	"2.5"	"F0034"	1	1	"PR"	619.032	"reverse-f"	62.199	0	1	0	0.0	0.0	0.0	null	620.815	0.092
12.2	0.0451	25312.5	2812.5	1968.75	NaN	NaN	NaN	1	0	0	0	0	1	1	0	0	0	0	0	1	1	0	0	0	1	1	1	0	1	1	1	0	146.0	0.096	0.255	NaN	NaN	0.229	0.567	NaN	NaN	6.87	19.845	NaN	NaN	0.0	"2.5"	"F0034"	1	1	"PR"	629.07	"reverse-f"	72.237	0	1	0	0.0	0.0	0.0	null	630.853	0.09
11.9	0.04675	25500.0	2775.0	2240.625	NaN	NaN	NaN	0	0	0	0	0	1	1	0	0	0	0	0	1	0	0	0	0	1	1	1	0	1	1	1	0	143.0	0.093	0.282	NaN	NaN	0.221	0.627	NaN	NaN	6.63	21.945	NaN	NaN	0.0	"2.5"	"F0034"	1	1	"PR"	639.013	"reverse"	82.18	0	1	0	0.0	0.0	0.0	null	640.796	0.09
12.6	0.048125	25312.5	2793.75	2250.0	NaN	NaN	NaN	0	0	0	0	0	1	1	0	0	0	0	0	1	0	0	0	0	1	1	1	0	1	1	1	0	151.0	0.094	0.283	NaN	NaN	0.224	0.629	NaN	NaN	6.72	22.015	NaN	NaN	0.0	"2.5"	"F0034"	1	1	"PR"	649.054	"reverse"	92.221	0	1	0	0.0	0.0	0.0	null	650.837	0.091
12.9	0.048675	25875.0	2775.0	2240.625	NaN	NaN	NaN	0	0	0	0	0	1	1	0	0	0	0	0	1	0	0	0	0	1	1	1	0	1	1	1	0	155.0	0.093	0.282	NaN	NaN	0.221	0.627	NaN	NaN	6.63	21.945	NaN	NaN	0.0	"2.5"	"F0034"	1	1	"PR"	659.086	"reverse"	102.253	0	1	0	0.0	0.0	0.0	null	660.869	0.087
12.3	0.05005	27937.5	2765.625	2259.375	NaN	NaN	NaN	0	0	0	0	0	1	1	0	0	0	0	0	1	0	0	0	0	1	1	1	0	1	1	1	0	148.0	0.092	0.284	NaN	NaN	0.219	0.631	NaN	NaN	6.57	22.085	NaN	NaN	0.0	"2.5"	"F0034"	1	1	"PR"	669.121	"reverse"	112.288	0	1	0	0.0	0.0	0.0	null	670.904	0.091
12.6	0.050875	28312.5	2784.375	2268.75	NaN	NaN	NaN	0	0	0	0	0	1	1	0	0	0	0	0	1	0	0	0	0	1	1	1	0	1	1	1	0	151.0	0.093	0.285	NaN	NaN	0.221	0.633	NaN	NaN	6.63	22.155	NaN	NaN	0.0	"2.5"	"F0034"	1	1	"PR"	678.959	"reverse"	122.126	0	1	0	0.0	0.0	0.0	null	680.742	0.086
12.3	0.05115	27562.5	2803.125	2268.75	NaN	NaN	NaN	0	0	0	0	0	1	1	0	0	0	0	0	1	0	0	0	0	1	1	1	0	1	1	1	0	148.0	0.095	0.285	NaN	NaN	0.226	0.633	NaN	NaN	6.78	22.155	NaN	NaN	0.0	"2.5"	"F0034"	1	1	"PR"	688.998	"reverse"	132.165	0	1	0	0.0	0.0	0.0	null	690.781	0.086
11.9	0.05115	28125.0	2812.5	2250.0	NaN	NaN	NaN	0	0	0	0	0	1	1	0	0	0	0	0	1	0	0	0	0	1	1	1	0	1	1	1	0	143.0	0.096	0.283	NaN	NaN	0.229	0.629	NaN	NaN	6.87	22.015	NaN	NaN	0.0	"2.5"	"F0034"	1	1	"PR"	699.039	"reverse"	142.206	0	1	0	0.0	0.0	0.0	null	700.822	0.087
1.5	0.0528	375.0	2971.875	2250.0	NaN	NaN	NaN	0	0	0	0	0	0	0	0	0	0	0	0	0	0	0	0	0	0	0	0	1	0	0	0	1	18.0	0.112	0.283	NaN	NaN	0.267	0.629	NaN	NaN	8.01	22.015	NaN	NaN	0.0	"2.5"	"F0034"	0	0	"PR"	709.165	"diffuse"	2.298	0	1	1	0.0	0.0	0.0	null	710.948	0.089
2.5	0.052525	1500.0	2981.25	2250.0	NaN	NaN	NaN	0	0	0	0	0	0	0	0	0	0	0	0	0	0	0	0	0	0	0	0	1	0	0	0	1	30.0	0.113	0.283	NaN	NaN	0.269	0.629	NaN	NaN	8.07	22.015	NaN	NaN	0.0	"2.5"	"F0034"	0	0	"PR"	719.002	"diffuse"	12.135	0	1	1	0.0	0.0	0.0	null	720.785	0.084
2.1	0.051975	2437.5	2981.25	2250.0	NaN	NaN	NaN	0	0	0	0	0	0	0	0	0	0	0	0	0	0	0	0	0	0	0	0	1	0	0	0	1	25.0	0.113	0.283	NaN	NaN	0.269	0.629	NaN	NaN	8.07	22.015	NaN	NaN	0.0	"2.5"	"F0034"	0	0	"PR"	729.036	"diffuse"	22.169	0	1	1	0.0	0.0	0.0	null	730.819	0.085
12.4	0.051425	26437.5	2793.75	2212.5	NaN	NaN	NaN	0	0	0	0	0	1	1	0	0	0	0	0	1	0	0	0	0	1	1	1	0	1	1	1	0	149.0	0.094	0.279	NaN	NaN	0.224	0.62	NaN	NaN	6.72	21.7	NaN	NaN	0.0	"2.5"	"F0034"	1	1	"PR"	739.164	"wash-en"	2.097	0	1	1	0.0	0.0	0.0	null	740.947	0.09
12.8	0.051975	28312.5	2821.875	2240.625	NaN	NaN	NaN	0	0	0	0	0	1	1	0	0	0	0	0	1	0	0	0	0	1	1	1	0	1	1	1	0	154.0	0.097	0.282	NaN	NaN	0.231	0.627	NaN	NaN	6.93	21.945	NaN	NaN	0.0	"2.5"	"F0034"	1	1	"PR"	749.2	"wash-en"	12.133	0	1	1	0.0	0.0	0.0	null	750.983	0.09
1.4	0.053075	26250.0	2821.875	2278.125	NaN	NaN	NaN	0	0	0	0	0	1	1	0	0	0	0	0	1	0	0	0	0	0	0	0	1	0	0	0	1	17.0	0.097	0.286	NaN	NaN	0.231	0.636	NaN	NaN	6.93	22.26	NaN	NaN	0.0	"2.5"	"F0034"	0	0	"PR"	759.129	"wash-sc"	1.899	0	1	1	0.0	0.0	0.0	null	760.912	0.085
1.5	0.05335	562.5	2981.25	2250.0	NaN	NaN	NaN	0	0	0	0	0	0	0	0	0	0	0	0	0	0	0	0	0	0	0	0	1	0	0	0	1	18.0	0.113	0.283	NaN	NaN	0.269	0.629	NaN	NaN	8.07	22.015	NaN	NaN	0.0	"2.5"	"F0034"	0	0	"PR"	769.165	"diffuse"	1.806	0	1	2	0.0	0.0	0.0	null	770.948	0.086
1.8	0.053075	2625.0	2981.25	2240.625	NaN	NaN	NaN	0	0	0	0	0	0	0	0	0	0	0	0	0	0	0	0	0	0	0	0	1	0	0	0	1	22.0	0.113	0.282	NaN	NaN	0.269	0.627	NaN	NaN	8.07	21.945	NaN	NaN	0.0	"2.5"	"F0034"	0	0	"PR"	779.201	"diffuse"	11.842	0	1	2	0.0	0.0	0.0	null	780.984	0.086
1.4	0.053625	2437.5	2962.5	2259.375	NaN	NaN	NaN	0	0	0	0	0	0	0	0	0	0	0	0	0	0	0	0	0	0	0	0	1	0	0	0	1	17.0	0.111	0.284	NaN	NaN	0.264	0.631	NaN	NaN	7.92	22.085	NaN	NaN	0.0	"2.5"	"F0034"	0	0	"PR"	789.238	"diffuse"	21.879	0	1	2	0.0	0.0	0.0	null	791.021	0.089
13.0	0.053075	23812.5	2756.25	2240.625	NaN	NaN	NaN	0	0	0	0	0	1	1	0	0	0	0	0	1	0	0	0	0	1	1	1	0	1	1	1	0	156.0	0.091	0.282	NaN	NaN	0.217	0.627	NaN	NaN	6.51	21.945	NaN	NaN	0.0	"2.5"	"F0034"	1	1	"PR"	799.164	"wash-en"	1.698	0	1	2	0.0	0.0	0.0	null	800.947	0.083
13.0	0.052525	27187.5	2821.875	2240.625	NaN	NaN	NaN	0	0	0	0	0	1	1	0	0	0	0	0	1	0	0	0	0	1	1	1	0	1	1	1	0	156.0	0.097	0.282	NaN	NaN	0.231	0.627	NaN	NaN	6.93	21.945	NaN	NaN	0.0	"2.5"	"F0034"	1	1	"PR"	809.197	"wash-en"	11.731	0	1	2	0.0	0.0	0.0	null	810.98	0.086
1.6	0.0528	26812.5	2793.75	2259.375	NaN	NaN	NaN	0	0	0	0	0	1	1	0	0	0	0	0	1	0	0	0	0	0	0	0	1	0	0	0	1	19.0	0.094	0.284	NaN	NaN	0.224	0.631	NaN	NaN	6.72	22.085	NaN	NaN	0.0	"2.5"	"F0034"	0	0	"PR"	819.123	"wash-sc"	1.493	0	1	2	0.0	0.0	0.0	null	820.906	0.085
1.0	0.0528	375.0	2981.25	2240.625	NaN	NaN	NaN	0	0	0	0	0	0	0	0	0	0	0	0	0	0	0	0	0	0	0	0	1	0	0	0	1	12.0	0.113	0.282	NaN	NaN	0.269	0.627	NaN	NaN	8.07	21.945	NaN	NaN	0.0	"2.5"	"F0034"	0	0	"PR"	829.159	"diffuse"	1.406	0	1	3	0.0	0.0	0.0	null	830.942	0.083
1.3	0.053625	1875.0	2953.125	2259.375	NaN	NaN	NaN	0	0	0	0	0	0	0	0	0	0	0	0	0	0	0	0	0	0	0	0	1	0	0	0	1	16.0	0.11	0.284	NaN	NaN	0.262	0.631	NaN	NaN	7.86	22.085	NaN	NaN	0.0	"2.5"	"F0034"	0	0	"PR"	839.199	"diffuse"	11.446	0	1	3	0.0	0.0	0.0	null	840.982	0.083
2.7	0.05335	3187.5	2971.875	2259.375	NaN	NaN	NaN	0	0	0	0	0	0	0	0	0	0	0	0	0	0	0	0	0	0	0	0	1	0	0	0	1	32.0	0.112	0.284	NaN	NaN	0.267	0.631	NaN	NaN	8.01	22.085	NaN	NaN	0.0	"2.5"	"F0034"	0	0	"PR"	849.235	"diffuse"	21.482	0	1	3	0.0	0.0	0.0	null	851.018	0.085
13.0	0.05225	23812.5	2812.5	2240.625	NaN	NaN	NaN	0	0	0	0	0	1	1	0	0	0	0	0	1	0	0	0	0	1	1	1	0	1	1	1	0	156.0	0.096	0.282	NaN	NaN	0.229	0.627	NaN	NaN	6.87	21.945	NaN	NaN	0.0	"2.5"	"F0034"	1	1	"PR"	859.161	"wash-en"	1.294	0	1	3	0.0	0.0	0.0	null	860.944	0.083
12.6	0.052525	26812.5	2859.375	2240.625	NaN	NaN	NaN	0	0	0	0	0	1	1	0	0	0	0	0	1	0	0	0	0	1	1	1	0	1	1	1	0	151.0	0.101	0.282	NaN	NaN	0.24	0.627	NaN	NaN	7.2	21.945	NaN	NaN	0.0	"2.5"	"F0034"	1	1	"PR"	869.2	"wash-en"	11.333	0	1	3	0.0	0.0	0.0	null	870.983	0.084
0.3	0.05335	25125.0	2812.5	2259.375	NaN	NaN	NaN	0	0	0	0	0	1	1	0	0	0	0	0	1	0	0	0	0	0	0	0	1	0	0	0	1	4.0	0.096	0.284	NaN	NaN	0.229	0.631	NaN	NaN	6.87	22.085	NaN	NaN	0.0	"2.5"	"F0034"	0	0	"PR"	879.329	"wash-sc"	1.296	0	1	3	0.0	0.0	0.0	null	881.112	0.088
0.6	0.053075	-1125.0	3000.0	2259.375	NaN	NaN	NaN	0	0	0	0	0	0	0	0	0	0	0	0	0	0	0	0	0	0	0	0	1	0	0	0	1	7.0	0.115	0.284	NaN	NaN	0.274	0.631	NaN	NaN	8.22	22.085	NaN	NaN	0.0	"2.5"	"F0034"	0	0	"PR"	889.165	"diffuse"	1.004	0	1	4	0.0	0.0	0.0	null	890.948	0.086
0.6	0.053625	1125.0	2962.5	2259.375	NaN	NaN	NaN	0	0	0	0	0	0	0	0	0	0	0	0	0	0	0	0	0	0	0	0	1	0	0	0	1	7.0	0.111	0.284	NaN	NaN	0.264	0.631	NaN	NaN	7.92	22.085	NaN	NaN	0.0	"2.5"	"F0034"	0	0	"PR"	899.2	"diffuse"	11.039	0	1	4	0.0	0.0	0.0	null	900.983	0.083
0.7	0.053075	1312.5	2981.25	2250.0	NaN	NaN	NaN	0	0	0	0	0	0	0	0	0	0	0	0	0	0	0	0	0	0	0	0	1	0	0	0	1	8.0	0.113	0.283	NaN	NaN	0.269	0.629	NaN	NaN	8.07	22.015	NaN	NaN	0.0	"2.5"	"F0034"	0	0	"PR"	909.233	"diffuse"	21.072	0	1	4	0.0	0.0	0.0	null	911.016	0.085
12.6	0.05225	15562.5	2756.25	2240.625	NaN	NaN	NaN	0	0	0	0	0	1	1	0	0	0	0	0	1	0	0	0	0	1	1	1	0	1	1	1	0	151.0	0.091	0.282	NaN	NaN	0.217	0.627	NaN	NaN	6.51	21.945	NaN	NaN	0.0	"2.5"	"F0034"	1	1	"PR"	919.36	"wash-en"	1.095	0	1	4	0.0	0.0	0.0	null	921.143	0.083
11.2	0.0528	27562.5	2831.25	2259.375	NaN	NaN	NaN	0	0	0	0	0	1	1	0	0	0	0	0	1	0	0	0	0	1	1	1	0	1	1	1	0	134.0	0.098	0.284	NaN	NaN	0.233	0.631	NaN	NaN	6.99	22.085	NaN	NaN	0.0	"2.5"	"F0034"	1	1	"PR"	929.195	"wash-en"	10.93	0	1	4	0.0	0.0	0.0	null	930.978	0.09
-0.3	0.05335	26812.5	2840.625	2259.375	NaN	NaN	NaN	0	0	0	0	0	1	1	0	0	0	0	0	1	0	0	0	0	0	0	0	1	0	0	0	1	-4.0	0.099	0.284	NaN	NaN	0.236	0.631	NaN	NaN	7.08	22.085	NaN	NaN	0.0	"2.5"	"F0034"	0	0	"PR"	939.322	"wash-sc"	0.89	0	1	4	0.0	0.0	0.0	null	941.105	0.084
0.9	0.053075	-2812.5	2737.5	2259.375	NaN	NaN	NaN	0	0	0	0	1	0	0	0	0	0	0	0	0	0	0	0	0	0	0	0	1	0	0	0	1	11.0	0.089	0.284	NaN	NaN	0.212	0.631	NaN	NaN	6.36	22.085	NaN	NaN	0.0	"2.5"	"F0034"	0	0	"PR"	949.361	"drain-rg"	0.803	0	1	4	0.0	0.0	0.0	null	951.144	0.083
-0.1	0.05335	-1312.5	2390.625	2259.375	NaN	NaN	NaN	0	0	0	0	1	0	0	0	0	0	0	0	0	0	0	0	0	0	0	0	1	0	0	0	1	-1.0	0.054	0.284	NaN	NaN	0.129	0.631	NaN	NaN	3.87	22.085	NaN	NaN	0.0	"2.5"	"F0034"	0	0	"PR"	959.399	"drain-rg"	10.841	0	1	4	0.0	0.0	0.0	null	961.182	0.086
1.3	0.053075	-937.5	2043.75	2268.75	NaN	NaN	NaN	0	0	0	0	1	0	0	0	0	0	0	0	0	0	0	0	0	0	0	0	1	0	0	0	1	16.0	0.019	0.285	NaN	NaN	0.045	0.633	NaN	NaN	1.35	22.155	NaN	NaN	0.0	"2.5"	"F0034"	0	0	"PR"	969.238	"drain-rg"	20.68	0	1	4	0.0	0.0	0.0	null	971.021	0.091
1.0	0.053075	-937.5	1631.25	2250.0	NaN	NaN	NaN	0	0	0	0	1	0	0	0	0	0	0	0	0	0	0	0	0	0	0	0	1	0	0	0	1	12.0	-0.022	0.283	NaN	NaN	-0.052	0.629	NaN	NaN	-1.56	22.015	NaN	NaN	0.0	"2.5"	"F0034"	0	0	"PR"	979.275	"drip-rg"	4.818	0	1	4	0.0	0.0	0.0	null	981.058	0.09
0.6	0.05335	-1312.5	9.375	2268.75	NaN	NaN	NaN	0	0	0	0	1	0	0	0	0	0	0	0	0	0	0	0	0	0	0	0	1	0	0	0	1	7.0	-0.184	0.285	NaN	NaN	-0.438	0.633	NaN	NaN	-13.14	22.155	NaN	NaN	0.0	"2.5"	"F0034"	0	0	"PR"	989.315	"drip-rg"	14.858	0	1	4	0.0	0.0	0.0	null	991.098	0.09
0.4	0.052525	25500.0	1865.625	2043.75	NaN	NaN	NaN	0	0	1	0	0	1	0	0	0	0	0	0	1	0	0	0	0	0	0	0	1	0	0	0	1	5.0	0.002	0.262	NaN	NaN	0.005	0.582	NaN	NaN	0.15	20.37	NaN	NaN	0.0	"2.5"	"F0034"	0	0	"FR"	9.045	"fill-rg-di"	8.844	1	1	0	991.499	0.0	0.0	null	1001.169	0.084
0.6	0.051975	26250.0	2268.75	1781.25	NaN	NaN	NaN	0	0	1	0	0	1	0	0	0	0	0	0	1	0	0	0	0	0	0	0	1	0	0	0	1	7.0	0.042	0.236	NaN	NaN	0.1	0.524	NaN	NaN	3.0	18.34	NaN	NaN	0.0	"2.5"	"F0034"	0	0	"FR"	19.077	"fill-rg-di"	18.876	1	1	0	991.499	0.0	0.0	null	1011.201	0.084
1.3	0.050875	25875.0	2550.0	1537.5	NaN	NaN	NaN	0	0	1	0	0	1	0	0	0	0	0	0	1	0	0	0	0	0	0	0	1	0	0	0	1	16.0	0.07	0.212	NaN	NaN	0.167	0.471	NaN	NaN	5.01	16.485	NaN	NaN	0.0	"2.5"	"F0034"	0	0	"FR"	29.117	"fill-rg-di"	28.916	1	1	0	991.499	0.0	0.0	null	1021.241	0.085
0.6	0.050325	29250.0	2887.5	1284.375	NaN	NaN	NaN	0	0	1	0	0	1	0	0	0	0	0	0	1	0	0	0	0	0	0	0	1	0	0	0	1	7.0	0.104	0.186	NaN	NaN	0.248	0.413	NaN	NaN	7.44	14.455	NaN	NaN	0.0	"2.5"	"F0034"	0	0	"FR"	39.151	"fill-rg-di"	38.95	1	1	0	991.499	0.0	0.0	null	1031.275	0.084
0.3	0.048675	29625.0	3187.5	1031.25	NaN	NaN	NaN	0	0	1	0	0	1	0	0	0	0	0	0	1	0	0	0	0	0	0	0	1	0	0	0	1	4.0	0.134	0.161	NaN	NaN	0.319	0.358	NaN	NaN	9.57	12.53	NaN	NaN	0.0	"2.5"	"F0034"	0	0	"FR"	48.988	"fill-rg-di"	48.787	1	1	0	991.499	0.0	0.0	null	1041.112	0.091
0.6	0.0484	-2812.5	2803.125	956.25	NaN	NaN	NaN	0	0	0	0	1	0	0	0	0	0	0	0	0	0	0	0	0	0	0	0	1	0	0	0	1	7.0	0.095	0.154	NaN	NaN	0.226	0.342	NaN	NaN	6.78	11.97	NaN	NaN	0.0	"2.5"	"F0034"	0	0	"FR"	59.026	"drain-rg"	7.025	1	1	0	991.499	0.0	0.0	null	1051.15	0.09
0.7	0.048675	-5625.0	2475.0	965.625	NaN	NaN	NaN	0	0	0	0	1	0	0	0	0	0	0	0	0	0	0	0	0	0	0	0	1	0	0	0	1	8.0	0.062	0.155	NaN	NaN	0.148	0.344	NaN	NaN	4.44	12.04	NaN	NaN	0.0	"2.5"	"F0034"	0	0	"FR"	69.06	"drain-rg"	17.059	1	1	0	991.499	0.0	0.0	null	1061.184	0.09
0.6	0.04895	-6000.0	2081.25	975.0	NaN	NaN	NaN	0	0	0	0	1	0	0	0	0	0	0	0	0	0	0	0	0	0	0	0	1	0	0	0	1	7.0	0.023	0.155	NaN	NaN	0.055	0.344	NaN	NaN	1.65	12.04	NaN	NaN	0.0	"2.5"	"F0034"	0	0	"FR"	79.098	"drain-rg"	27.097	1	1	0	991.499	0.0	0.0	null	1071.222	0.092
0.6	0.048675	-6187.5	1734.375	956.25	NaN	NaN	NaN	0	0	0	0	1	0	0	0	0	0	0	0	0	0	0	0	0	0	0	0	1	0	0	0	1	7.0	-0.012	0.154	NaN	NaN	-0.029	0.342	NaN	NaN	-0.87	11.97	NaN	NaN	0.0	"2.5"	"F0034"	0	0	"FR"	89.129	"drip-rg"	2.809	1	1	0	991.499	0.0	0.0	null	1081.253	0.087
1.0	0.049225	-6000.0	0.0	956.25	NaN	NaN	NaN	0	0	0	0	1	0	0	0	0	0	0	0	0	0	0	0	0	0	0	0	1	0	0	0	1	12.0	-0.185	0.154	NaN	NaN	-0.44	0.342	NaN	NaN	-13.2	11.97	NaN	NaN	0.0	"2.5"	"F0034"	0	0	"FR"	99.164	"drip-rg"	12.844	1	1	0	991.499	0.0	0.0	null	1091.288	0.09
-0.8	0.048675	1687.5	1668.75	890.625	NaN	NaN	NaN	1	0	0	0	0	0	0	0	0	0	0	0	0	1	0	0	0	0	0	0	1	0	0	0	1	-10.0	-0.018	0.147	NaN	NaN	-0.043	0.327	NaN	NaN	-1.29	11.445	NaN	NaN	0.0	"2.5"	"F0034"	0	0	"PR"	6.84	"fill-di"	1.605	1	0	0	991.499	0.0	1093.697	null	1101.161	0.09
0.8	0.0484	562.5	1659.375	1190.625	NaN	NaN	NaN	1	0	0	0	0	0	0	0	0	0	0	0	0	1	0	0	0	0	0	0	1	0	0	0	1	10.0	-0.019	0.177	NaN	NaN	-0.045	0.393	NaN	NaN	-1.35	13.755	NaN	NaN	0.0	"2.5"	"F0034"	0	0	"PR"	16.875	"fill-di"	11.64	1	0	0	991.499	0.0	1093.697	null	1111.196	0.09
0.6	0.0484	-375.0	1668.75	1481.25	NaN	NaN	NaN	1	0	0	0	0	0	0	0	0	0	0	0	0	1	0	0	0	0	0	0	1	0	0	0	1	7.0	-0.018	0.206	NaN	NaN	-0.043	0.458	NaN	NaN	-1.29	16.03	NaN	NaN	0.0	"2.5"	"F0034"	0	0	"PR"	26.915	"fill-di"	21.68	1	0	0	991.499	0.0	1093.697	null	1121.236	0.091
0.6	0.04895	937.5	1687.5	1771.875	NaN	NaN	NaN	1	0	0	0	0	0	0	0	0	0	0	0	0	1	0	0	0	0	0	0	1	0	0	0	1	7.0	-0.016	0.235	NaN	NaN	-0.038	0.522	NaN	NaN	-1.14	18.27	NaN	NaN	0.0	"2.5"	"F0034"	0	0	"PR"	36.948	"fill-di"	31.713	1	0	0	991.499	0.0	1093.697	null	1131.269	0.09
0.6	0.048675	750.0	1678.125	2071.875	NaN	NaN	NaN	1	0	0	0	0	0	0	0	0	0	0	0	0	1	0	0	0	0	0	0	1	0	0	0	1	7.0	-0.017	0.265	NaN	NaN	-0.04	0.589	NaN	NaN	-1.2	20.615	NaN	NaN	0.0	"2.5"	"F0034"	0	0	"PR"	46.985	"fill-di"	41.75	1	0	0	991.499	0.0	1093.697	null	1141.306	0.091
12.5	0.047575	30750.0	1687.5	2531.25	NaN	NaN	NaN	0	1	1	0	0	0	0	0	0	0	0	0	1	0	0	0	0	1	1	1	0	1	1	1	0	150.0	-0.016	0.311	NaN	NaN	-0.038	0.691	NaN	NaN	-1.14	24.185	NaN	NaN	0.0	"2.5"	"F0034"	1	1	"PR"	57.03	"deionize"	4.424	1	1	0	991.499	0.0	1093.697	null	1151.351	0.09
12.3	0.04785	29437.5	1696.875	2475.0	NaN	NaN	NaN	0	1	1	0	0	0	0	0	0	0	0	0	1	0	0	0	0	1	1	1	0	1	1	1	0	148.0	-0.015	0.305	NaN	NaN	-0.036	0.678	NaN	NaN	-1.08	23.73	NaN	NaN	0.0	"2.5"	"F0034"	1	1	"PR"	67.064	"deionize"	14.458	1	1	0	991.499	0.0	1093.697	null	1161.385	0.087
13.0	0.047025	30000.0	1687.5	2550.0	NaN	NaN	NaN	0	1	1	0	0	0	0	0	0	0	0	0	1	0	0	0	0	1	1	1	0	1	1	1	0	156.0	-0.016	0.313	NaN	NaN	-0.038	0.696	NaN	NaN	-1.14	24.36	NaN	NaN	0.0	"2.5"	"F0034"	1	1	"PR"	76.904	"deionize"	24.298	1	1	0	991.499	0.0	1093.697	null	1171.225	0.089
12.4	0.04565	29250.0	1696.875	2512.5	NaN	NaN	NaN	0	1	1	0	0	0	0	0	0	0	0	0	1	0	0	0	0	1	1	1	0	1	1	1	0	149.0	-0.015	0.309	NaN	NaN	-0.036	0.687	NaN	NaN	-1.08	24.045	NaN	NaN	0.0	"2.5"	"F0034"	1	1	"PR"	86.939	"deionize"	34.333	1	1	0	991.499	0.0	1093.697	null	1181.26	0.087
12.9	0.044	30375.0	1696.875	2493.75	NaN	NaN	NaN	0	1	1	0	0	0	0	0	0	0	0	0	1	0	0	0	0	1	1	1	0	1	1	1	0	155.0	-0.015	0.307	NaN	NaN	-0.036	0.682	NaN	NaN	-1.08	23.87	NaN	NaN	0.0	"2.5"	"F0034"	1	1	"PR"	96.977	"deionize"	44.371	1	1	0	991.499	0.0	1093.697	null	1191.298	0.087
13.3	0.0429	30000.0	1678.125	2512.5	NaN	NaN	NaN	0	1	1	0	0	0	0	0	0	0	0	0	1	0	0	0	0	1	1	1	0	1	1	1	0	160.0	-0.017	0.309	NaN	NaN	-0.04	0.687	NaN	NaN	-1.2	24.045	NaN	NaN	0.0	"2.5"	"F0034"	1	1	"PR"	107.016	"deionize"	54.41	1	1	0	991.499	0.0	1093.697	null	1201.337	0.092
12.4	0.0418	30750.0	1678.125	2550.0	NaN	NaN	NaN	0	1	1	0	0	0	0	0	0	0	0	0	1	0	0	0	0	1	1	1	0	1	1	1	0	149.0	-0.017	0.313	NaN	NaN	-0.04	0.696	NaN	NaN	-1.2	24.36	NaN	NaN	0.0	"2.5"	"F0034"	1	1	"PR"	117.052	"deionize"	64.446	1	1	0	991.499	0.0	1093.697	null	1211.373	0.09
12.3	0.0407	30187.5	1696.875	2475.0	NaN	NaN	NaN	0	1	1	0	0	0	0	0	0	0	0	0	1	0	0	0	0	1	1	1	0	1	1	1	0	148.0	-0.015	0.305	NaN	NaN	-0.036	0.678	NaN	NaN	-1.08	23.73	NaN	NaN	0.0	"2.5"	"F0034"	1	1	"PR"	127.089	"deionize"	74.483	1	1	0	991.499	0.0	1093.697	null	1221.41	0.091
14.1	0.04015	30562.5	1696.875	2456.25	NaN	NaN	NaN	0	1	1	0	0	0	0	0	0	0	0	0	1	0	0	0	0	1	1	1	0	1	1	1	0	169.0	-0.015	0.304	NaN	NaN	-0.036	0.676	NaN	NaN	-1.08	23.66	NaN	NaN	0.0	"2.5"	"F0034"	1	1	"PR"	137.13	"deionize"	84.524	1	1	0	991.499	0.0	1093.697	null	1231.451	0.09
12.7	0.03905	30562.5	1678.125	2437.5	NaN	NaN	NaN	0	1	1	0	0	0	0	0	0	0	0	0	1	0	0	0	0	1	1	1	0	1	1	1	0	152.0	-0.017	0.302	NaN	NaN	-0.04	0.671	NaN	NaN	-1.2	23.485	NaN	NaN	0.0	"2.5"	"F0034"	1	1	"PR"	146.968	"deionize"	94.362	1	1	0	991.499	0.0	1093.697	null	1241.289	0.084
13.3	0.038225	30750.0	1696.875	2409.375	NaN	NaN	NaN	0	1	1	0	0	0	0	0	0	0	0	0	1	0	0	0	0	1	1	1	0	1	1	1	0	160.0	-0.015	0.299	NaN	NaN	-0.036	0.664	NaN	NaN	-1.08	23.24	NaN	NaN	0.0	"2.5"	"F0034"	1	1	"PR"	157.006	"deionize"	104.4	1	1	0	991.499	0.0	1093.697	null	1251.327	0.089
12.7	0.0374	30000.0	1687.5	2465.625	NaN	NaN	NaN	0	1	1	0	0	0	0	0	0	0	0	0	1	0	0	0	0	1	1	1	0	1	1	1	0	152.0	-0.016	0.305	NaN	NaN	-0.038	0.678	NaN	NaN	-1.14	23.73	NaN	NaN	0.0	"2.5"	"F0034"	1	1	"PR"	167.035	"deionize"	114.429	1	1	0	991.499	0.0	1093.697	null	1261.356	0.084
12.3	0.037675	31687.5	1687.5	2437.5	NaN	NaN	NaN	0	1	1	0	0	0	0	0	0	0	0	0	1	0	0	0	0	1	1	1	0	1	1	1	0	148.0	-0.016	0.302	NaN	NaN	-0.038	0.671	NaN	NaN	-1.14	23.485	NaN	NaN	0.0	"2.5"	"F0034"	1	1	"PR"	177.069	"deionize"	124.463	1	1	0	991.499	0.0	1093.697	null	1271.39	0.087
12.6	0.0374	31687.5	1678.125	2437.5	NaN	NaN	NaN	0	1	1	0	0	0	0	0	0	0	0	0	1	0	0	0	0	1	1	1	0	1	1	1	0	151.0	-0.017	0.302	NaN	NaN	-0.04	0.671	NaN	NaN	-1.2	23.485	NaN	NaN	0.0	"2.5"	"F0034"	1	1	"PR"	187.107	"deionize"	134.501	1	1	0	991.499	0.0	1093.697	null	1281.428	0.089
11.9	0.036575	30000.0	1706.25	2475.0	NaN	NaN	NaN	0	1	1	0	0	0	0	0	0	0	0	0	1	0	0	0	0	1	1	1	0	1	1	1	0	143.0	-0.014	0.305	NaN	NaN	-0.033	0.678	NaN	NaN	-0.99	23.73	NaN	NaN	0.0	"2.5"	"F0034"	1	1	"PR"	197.141	"deionize"	144.535	1	1	0	991.499	0.0	1093.697	null	1291.462	0.087
12.6	0.0363	30375.0	1696.875	2428.125	NaN	NaN	NaN	0	1	1	0	0	0	0	0	0	0	0	0	1	0	0	0	0	1	1	1	0	1	1	1	0	151.0	-0.015	0.301	NaN	NaN	-0.036	0.669	NaN	NaN	-1.08	23.415	NaN	NaN	0.0	"2.5"	"F0034"	1	1	"PR"	207.179	"deionize"	154.573	1	1	0	991.499	0.0	1093.697	null	1301.5	0.085
12.5	0.03575	30000.0	1706.25	2400.0	NaN	NaN	NaN	0	1	1	0	0	0	0	0	0	0	0	0	1	0	0	0	0	1	1	1	0	1	1	1	0	150.0	-0.014	0.298	NaN	NaN	-0.033	0.662	NaN	NaN	-0.99	23.17	NaN	NaN	0.0	"2.5"	"F0034"	1	1	"PR"	217.22	"deionize"	164.614	1	1	0	991.499	0.0	1093.697	null	1311.541	0.092
12.5	0.034925	31500.0	1678.125	2428.125	NaN	NaN	NaN	0	1	1	0	0	0	0	0	0	0	0	0	1	0	0	0	0	1	1	1	0	1	1	1	0	150.0	-0.017	0.301	NaN	NaN	-0.04	0.669	NaN	NaN	-1.2	23.415	NaN	NaN	0.0	"2.5"	"F0034"	1	1	"PR"	227.05	"deionize"	174.444	1	1	0	991.499	0.0	1093.697	null	1321.371	0.087
11.9	0.034375	32625.0	1678.125	2334.375	NaN	NaN	NaN	0	1	1	0	0	0	0	0	0	0	0	0	1	0	0	0	0	1	1	1	0	1	1	1	0	143.0	-0.017	0.291	NaN	NaN	-0.04	0.647	NaN	NaN	-1.2	22.645	NaN	NaN	0.0	"2.5"	"F0034"	1	1	"PR"	237.085	"deionize"	184.479	1	1	0	991.499	0.0	1093.697	null	1331.406	0.086
12.1	0.0341	31500.0	1696.875	2475.0	NaN	NaN	NaN	0	1	1	0	0	0	0	0	0	0	0	0	1	0	0	0	0	1	1	1	0	1	1	1	0	145.0	-0.015	0.305	NaN	NaN	-0.036	0.678	NaN	NaN	-1.08	23.73	NaN	NaN	0.0	"2.5"	"F0034"	1	1	"PR"	247.124	"deionize"	194.518	1	1	0	991.499	0.0	1093.697	null	1341.445	0.087
13.2	0.033825	30000.0	1687.5	2418.75	NaN	NaN	NaN	0	1	1	0	0	0	0	0	0	0	0	0	1	0	0	0	0	1	1	1	0	1	1	1	0	158.0	-0.016	0.3	NaN	NaN	-0.038	0.667	NaN	NaN	-1.14	23.345	NaN	NaN	0.0	"2.5"	"F0034"	1	1	"PR"	257.159	"deionize"	204.553	1	1	0	991.499	0.0	1093.697	null	1351.48	0.084
12.8	0.032725	29250.0	1678.125	2465.625	NaN	NaN	NaN	0	1	1	0	0	0	0	0	0	0	0	0	1	0	0	0	0	1	1	1	0	1	1	1	0	154.0	-0.017	0.305	NaN	NaN	-0.04	0.678	NaN	NaN	-1.2	23.73	NaN	NaN	0.0	"2.5"	"F0034"	1	1	"PR"	267.196	"deionize"	214.59	1	1	0	991.499	0.0	1093.697	null	1361.517	0.086
13.6	0.03245	31875.0	1668.75	2437.5	NaN	NaN	NaN	0	1	1	0	0	0	0	0	0	0	0	0	1	0	0	0	0	1	1	1	0	1	1	1	0	163.0	-0.018	0.302	NaN	NaN	-0.043	0.671	NaN	NaN	-1.29	23.485	NaN	NaN	0.0	"2.5"	"F0034"	1	1	"PR"	277.23	"deionize"	224.624	1	1	0	991.499	0.0	1093.697	null	1371.551	0.084
12.3	0.032725	30750.0	1696.875	2437.5	NaN	NaN	NaN	0	1	1	0	0	0	0	0	0	0	0	0	1	0	0	0	0	1	1	1	0	1	1	1	0	148.0	-0.015	0.302	NaN	NaN	-0.036	0.671	NaN	NaN	-1.08	23.485	NaN	NaN	0.0	"2.5"	"F0034"	1	1	"PR"	287.262	"deionize"	234.656	1	1	0	991.499	0.0	1093.697	null	1381.583	0.086
11.9	0.031625	30375.0	1687.5	2437.5	NaN	NaN	NaN	0	1	1	0	0	0	0	0	0	0	0	0	1	0	0	0	1	1	1	1	0	1	1	1	0	143.0	-0.016	0.302	NaN	NaN	-0.038	0.671	NaN	NaN	-1.14	23.485	NaN	NaN	0.0	"2.5"	"F0034"	1	1	"PR"	297.208	"deionize-uv"	4.522	1	1	0	991.499	0.0	1093.697	null	1391.529	0.085
11.6	0.03135	30750.0	1650.0	2409.375	NaN	NaN	NaN	0	1	1	0	0	0	0	0	0	0	0	0	1	0	0	0	1	1	1	1	0	1	1	1	0	139.0	-0.02	0.299	NaN	NaN	-0.048	0.664	NaN	NaN	-1.44	23.24	NaN	NaN	0.0	"2.5"	"F0034"	1	1	"PR"	307.247	"deionize-uv"	14.561	1	1	0	991.499	0.0	1093.697	null	1401.568	0.083
11.2	0.0308	29625.0	1696.875	2390.625	NaN	NaN	NaN	0	1	1	0	0	0	0	0	0	0	0	0	1	0	0	0	1	1	1	1	0	1	1	1	0	134.0	-0.015	0.297	NaN	NaN	-0.036	0.66	NaN	NaN	-1.08	23.1	NaN	NaN	0.0	"2.5"	"F0034"	1	1	"PR"	317.287	"deionize-uv"	24.601	1	1	0	991.499	0.0	1093.697	null	1411.608	0.083
11.7	0.031075	30562.5	1687.5	2353.125	NaN	NaN	NaN	0	1	1	0	0	0	0	0	0	0	0	0	1	0	0	0	1	1	1	1	0	1	1	1	0	140.0	-0.016	0.293	NaN	NaN	-0.038	0.651	NaN	NaN	-1.14	22.785	NaN	NaN	0.0	"2.5"	"F0034"	1	1	"PR"	327.327	"deionize-uv"	34.641	1	1	0	991.499	0.0	1093.697	null	1421.648	0.083
12.9	0.029975	30562.5	1696.875	2400.0	NaN	NaN	NaN	0	1	1	0	0	0	0	0	0	0	0	0	1	0	0	0	1	1	1	1	0	1	1	1	0	155.0	-0.015	0.298	NaN	NaN	-0.036	0.662	NaN	NaN	-1.08	23.17	NaN	NaN	0.0	"2.5"	"F0034"	1	1	"PR"	337.163	"deionize-uv"	44.477	1	1	0	991.499	0.0	1093.697	null	1431.484	0.083
13.2	0.03025	31500.0	1696.875	2390.625	NaN	NaN	NaN	0	1	1	0	0	0	0	0	0	0	0	0	1	0	0	0	1	1	1	1	0	1	1	1	0	158.0	-0.015	0.297	NaN	NaN	-0.036	0.66	NaN	NaN	-1.08	23.1	NaN	NaN	0.0	"2.5"	"F0034"	1	1	"PR"	347.202	"deionize-uv"	54.516	1	1	0	991.499	0.0	1093.697	null	1441.523	0.089
11.0	0.0297	30375.0	1687.5	2353.125	NaN	NaN	NaN	0	1	1	0	0	0	0	0	0	0	0	0	1	0	0	0	1	1	1	1	0	1	1	1	0	132.0	-0.016	0.293	NaN	NaN	-0.038	0.651	NaN	NaN	-1.14	22.785	NaN	NaN	0.0	"2.5"	"F0034"	1	1	"PR"	357.238	"deionize-uv"	64.552	1	1	0	991.499	0.0	1093.697	null	1451.559	0.083
12.1	0.02915	30000.0	1687.5	2334.375	NaN	NaN	NaN	0	1	1	0	0	0	0	0	0	0	0	0	1	0	0	0	1	1	1	1	0	1	1	1	0	145.0	-0.016	0.291	NaN	NaN	-0.038	0.647	NaN	NaN	-1.14	22.645	NaN	NaN	0.0	"2.5"	"F0034"	1	1	"PR"	367.273	"deionize-uv"	74.587	1	1	0	991.499	0.0	1093.697	null	1461.594	0.084
11.8	0.029425	30000.0	1715.625	2400.0	NaN	NaN	NaN	0	1	1	0	0	0	0	0	0	0	0	0	1	0	0	0	1	1	1	1	0	1	1	1	0	142.0	-0.013	0.298	NaN	NaN	-0.031	0.662	NaN	NaN	-0.93	23.17	NaN	NaN	0.0	"2.5"	"F0034"	1	1	"PR"	377.309	"deionize-uv"	84.623	1	1	0	991.499	0.0	1093.697	null	1471.63	0.085
10.4	0.028875	30562.5	1678.125	2353.125	NaN	NaN	NaN	0	1	1	0	0	0	0	0	0	0	0	0	1	0	0	0	1	1	1	1	0	1	1	1	0	125.0	-0.017	0.293	NaN	NaN	-0.04	0.651	NaN	NaN	-1.2	22.785	NaN	NaN	0.0	"2.5"	"F0034"	1	1	"PR"	387.345	"deionize-uv"	94.659	1	1	0	991.499	0.0	1093.697	null	1481.666	0.083
10.6	0.02805	31875.0	1678.125	2353.125	NaN	NaN	NaN	0	1	1	0	0	0	0	0	0	0	0	0	1	0	0	0	1	1	1	1	0	1	1	1	0	127.0	-0.017	0.293	NaN	NaN	-0.04	0.651	NaN	NaN	-1.2	22.785	NaN	NaN	0.0	"2.5"	"F0034"	1	1	"PR"	397.379	"deionize-uv"	104.693	1	1	0	991.499	0.0	1093.697	null	1491.7	0.084
10.6	0.02805	30375.0	1696.875	2409.375	NaN	NaN	NaN	0	1	1	0	0	0	0	0	0	0	0	0	1	0	0	0	1	1	1	1	0	1	1	1	0	127.0	-0.015	0.299	NaN	NaN	-0.036	0.664	NaN	NaN	-1.08	23.24	NaN	NaN	0.0	"2.5"	"F0034"	1	1	"PR"	407.417	"deionize-uv"	114.731	1	1	0	991.499	0.0	1093.697	null	1501.738	0.085
10.4	0.0275	29250.0	1687.5	1968.75	NaN	NaN	NaN	0	0	1	0	0	0	0	1	0	0	0	0	1	0	0	0	1	1	1	1	0	1	1	1	0	125.0	-0.016	0.255	NaN	NaN	-0.038	0.567	NaN	NaN	-1.14	19.845	NaN	NaN	0.0	"2.5"	"F0034"	1	1	"PR"	417.382	"drain-di-1"	4.544	1	1	0	991.499	0.0	1093.697	null	1511.703	0.084
9.8	0.0275	30750.0	1696.875	1725.0	NaN	NaN	NaN	0	0	1	0	0	0	0	1	0	0	0	0	1	0	0	0	1	1	1	1	0	1	1	1	0	118.0	-0.015	0.23	NaN	NaN	-0.036	0.511	NaN	NaN	-1.08	17.885	NaN	NaN	0.0	"2.5"	"F0034"	1	1	"PR"	427.424	"drain-di-1"	14.586	1	1	0	991.499	0.0	1093.697	null	1521.745	0.084
9.6	0.0264	30000.0	1696.875	1462.5	NaN	NaN	NaN	0	0	1	0	0	0	0	1	0	0	0	0	1	0	0	0	1	1	1	1	0	1	1	1	0	115.0	-0.015	0.204	NaN	NaN	-0.036	0.453	NaN	NaN	-1.08	15.855	NaN	NaN	0.0	"2.5"	"F0034"	1	1	"PR"	437.46	"drain-di-1"	24.622	1	1	0	991.499	0.0	1093.697	null	1531.781	0.084
9.9	0.027775	29062.5	1668.75	1190.625	NaN	NaN	NaN	0	0	1	0	0	0	0	1	0	0	0	0	1	0	0	0	1	1	1	1	0	1	1	1	0	119.0	-0.018	0.177	NaN	NaN	-0.043	0.393	NaN	NaN	-1.29	13.755	NaN	NaN	0.0	"2.5"	"F0034"	1	1	"PR"	447.304	"drain-di-1"	34.466	1	1	0	991.499	0.0	1093.697	null	1541.625	0.092
8.5	0.02695	30750.0	1678.125	956.25	NaN	NaN	NaN	0	0	1	0	0	0	0	1	0	0	0	0	1	0	0	0	1	1	1	1	0	1	1	1	0	102.0	-0.017	0.154	NaN	NaN	-0.04	0.342	NaN	NaN	-1.2	11.97	NaN	NaN	0.0	"2.5"	"F0034"	1	1	"PR"	457.341	"drain-di-1"	44.503	1	1	0	991.499	0.0	1093.697	null	1551.662	0.09
9.7	0.0264	30187.5	1696.875	693.75	NaN	NaN	NaN	0	0	1	0	0	0	0	1	0	0	0	0	1	0	0	0	1	1	1	1	0	1	1	1	0	116.0	-0.015	0.127	NaN	NaN	-0.036	0.282	NaN	NaN	-1.08	9.87	NaN	NaN	0.0	"2.5"	"F0034"	1	1	"PR"	467.378	"drain-di-1"	54.54	1	1	0	991.499	0.0	1093.697	null	1561.699	0.09
9.7	0.0264	30562.5	1678.125	450.0	NaN	NaN	NaN	0	0	1	0	0	0	0	1	0	0	0	0	1	0	0	0	1	1	1	1	0	1	1	1	0	116.0	-0.017	0.103	NaN	NaN	-0.04	0.229	NaN	NaN	-1.2	8.015	NaN	NaN	0.0	"2.5"	"F0034"	1	1	"PR"	477.417	"drain-di-1"	64.579	1	1	0	991.499	0.0	1093.697	null	1571.738	0.091
10.6	0.026675	29625.0	1668.75	187.5	NaN	NaN	NaN	0	0	1	0	0	0	0	1	0	0	0	0	1	0	0	0	1	1	1	1	0	1	1	1	0	127.0	-0.018	0.077	NaN	NaN	-0.043	0.171	NaN	NaN	-1.29	5.985	NaN	NaN	0.0	"2.5"	"F0034"	1	1	"PR"	487.453	"drain-di-1"	74.615	1	1	0	991.499	0.0	1093.697	null	1581.774	0.084
9.7	0.02585	29625.0	1696.875	-18.75	NaN	NaN	NaN	0	0	1	0	0	0	0	1	0	0	0	0	1	0	0	0	1	1	1	1	0	1	1	1	0	116.0	-0.015	0.056	NaN	NaN	-0.036	0.124	NaN	NaN	-1.08	4.34	NaN	NaN	0.0	"2.5"	"F0034"	1	1	"PR"	497.405	"drip-di-1"	4.733	1	1	0	991.499	0.0	1093.697	null	1591.726	0.093
9.4	0.0264	29625.0	1696.875	-18.75	NaN	NaN	NaN	0	0	1	0	0	0	0	1	0	0	0	0	1	0	0	0	1	1	1	1	0	1	1	1	0	113.0	-0.015	0.056	NaN	NaN	-0.036	0.124	NaN	NaN	-1.08	4.34	NaN	NaN	0.0	"2.5"	"F0034"	1	1	"PR"	507.442	"drip-di-1"	14.77	1	1	0	991.499	0.0	1093.697	null	1601.763	0.09
-11.8	0.025575	26437.5	1518.75	131.25	NaN	NaN	NaN	1	0	0	0	0	1	1	0	0	0	0	0	1	1	0	0	0	1	1	0	1	1	1	0	1	-142.0	-0.033	0.071	NaN	NaN	-0.079	0.158	NaN	NaN	-2.37	5.53	NaN	NaN	0.0	"2.5"	"F0034"	1	0	"PR"	517.437	"reverse-f"	9.594	1	1	0	991.499	0.0	1093.697	null	1611.758	0.09
-12.4	0.0275	23812.5	1565.625	421.875	NaN	NaN	NaN	1	0	0	0	0	1	1	0	0	0	0	0	1	1	0	0	0	1	1	0	1	1	1	0	1	-149.0	-0.028	0.1	NaN	NaN	-0.067	0.222	NaN	NaN	-2.01	7.77	NaN	NaN	0.0	"2.5"	"F0034"	1	0	"PR"	527.47	"reverse-f"	19.627	1	1	0	991.499	0.0	1093.697	null	1621.791	0.09
-11.8	0.029975	24000.0	1537.5	759.375	NaN	NaN	NaN	1	0	0	0	0	1	1	0	0	0	0	0	1	1	0	0	0	1	1	0	1	1	1	0	1	-142.0	-0.031	0.134	NaN	NaN	-0.074	0.298	NaN	NaN	-2.22	10.43	NaN	NaN	0.0	"2.5"	"F0034"	1	0	"PR"	537.511	"reverse-f"	29.668	1	1	0	991.499	0.0	1093.697	null	1631.832	0.091
-11.9	0.031625	23250.0	1518.75	1031.25	NaN	NaN	NaN	1	0	0	0	0	1	1	0	0	0	0	0	1	1	0	0	0	1	1	0	1	1	1	0	1	-143.0	-0.033	0.161	NaN	NaN	-0.079	0.358	NaN	NaN	-2.37	12.53	NaN	NaN	0.0	"2.5"	"F0034"	1	0	"PR"	547.548	"reverse-f"	39.705	1	1	0	991.499	0.0	1093.697	null	1641.869	0.089
-11.8	0.034375	24937.5	1500.0	1331.25	NaN	NaN	NaN	1	0	0	0	0	1	1	0	0	0	0	0	1	1	0	0	0	1	1	0	1	1	1	0	1	-142.0	-0.035	0.191	NaN	NaN	-0.083	0.424	NaN	NaN	-2.49	14.84	NaN	NaN	0.0	"2.5"	"F0034"	1	0	"PR"	557.387	"reverse-f"	49.544	1	1	0	991.499	0.0	1093.697	null	1651.708	0.091
-12.0	0.037125	26062.5	1593.75	1603.125	NaN	NaN	NaN	1	0	0	0	0	1	1	0	0	0	0	0	1	1	0	0	0	1	1	0	1	1	1	0	1	-144.0	-0.026	0.218	NaN	NaN	-0.062	0.484	NaN	NaN	-1.86	16.94	NaN	NaN	0.0	"2.5"	"F0034"	1	0	"PR"	567.421	"reverse-f"	59.578	1	1	0	991.499	0.0	1093.697	null	1661.742	0.088
-11.9	0.039875	26062.5	1509.375	1884.375	NaN	NaN	NaN	1	0	0	0	0	1	1	0	0	0	0	0	1	1	0	0	0	1	1	0	1	1	1	0	1	-143.0	-0.034	0.246	NaN	NaN	-0.081	0.547	NaN	NaN	-2.43	19.145	NaN	NaN	0.0	"2.5"	"F0034"	1	0	"PR"	577.454	"reverse-f"	69.611	1	1	0	991.499	0.0	1093.697	null	1671.775	0.09
-12.0	0.0418	27562.5	1546.875	2193.75	NaN	NaN	NaN	1	0	0	0	0	1	1	0	0	0	0	0	1	1	0	0	0	1	1	0	1	1	1	0	1	-144.0	-0.03	0.277	NaN	NaN	-0.071	0.616	NaN	NaN	-2.13	21.56	NaN	NaN	0.0	"2.5"	"F0034"	1	0	"PR"	587.492	"reverse-f"	79.649	1	1	0	991.499	0.0	1093.697	null	1681.813	0.092
-11.9	0.044275	25312.5	1500.0	2231.25	NaN	NaN	NaN	0	0	0	0	0	1	1	0	0	0	0	0	1	0	0	0	0	1	1	0	1	1	1	0	1	-143.0	-0.035	0.281	NaN	NaN	-0.083	0.624	NaN	NaN	-2.49	21.84	NaN	NaN	0.0	"2.5"	"F0034"	1	0	"PR"	597.434	"reverse"	89.591	1	1	0	991.499	0.0	1093.697	null	1691.755	0.084
-11.7	0.0462	26062.5	1528.125	2240.625	NaN	NaN	NaN	0	0	0	0	0	1	1	0	0	0	0	0	1	0	0	0	0	1	1	0	1	1	1	0	1	-140.0	-0.032	0.282	NaN	NaN	-0.076	0.627	NaN	NaN	-2.28	21.945	NaN	NaN	0.0	"2.5"	"F0034"	1	0	"PR"	607.472	"reverse"	99.629	1	1	0	991.499	0.0	1093.697	null	1701.793	0.086
-12.2	0.047575	24375.0	1546.875	2278.125	NaN	NaN	NaN	0	0	0	0	0	1	1	0	0	0	0	0	1	0	0	0	0	1	1	0	1	1	1	0	1	-146.0	-0.03	0.286	NaN	NaN	-0.071	0.636	NaN	NaN	-2.13	22.26	NaN	NaN	0.0	"2.5"	"F0034"	1	0	"PR"	617.506	"reverse"	109.663	1	1	0	991.499	0.0	1093.697	null	1711.827	0.093
-12.0	0.048675	24750.0	1565.625	2240.625	NaN	NaN	NaN	0	0	0	0	0	1	1	0	0	0	0	0	1	0	0	0	0	1	1	0	1	1	1	0	1	-144.0	-0.028	0.282	NaN	NaN	-0.067	0.627	NaN	NaN	-2.01	21.945	NaN	NaN	0.0	"2.5"	"F0034"	1	0	"PR"	627.541	"reverse"	119.698	1	1	0	991.499	0.0	1093.697	null	1721.862	0.087
-11.9	0.050325	26812.5	1528.125	2231.25	NaN	NaN	NaN	0	0	0	0	0	1	1	0	0	0	0	0	1	0	0	0	0	1	1	0	1	1	1	0	1	-143.0	-0.032	0.281	NaN	NaN	-0.076	0.624	NaN	NaN	-2.28	21.84	NaN	NaN	0.0	"2.5"	"F0034"	1	0	"PR"	637.578	"reverse"	129.735	1	1	0	991.499	0.0	1093.697	null	1731.899	0.087
-12.0	0.050875	25875.0	1528.125	2240.625	NaN	NaN	NaN	0	0	0	0	0	1	1	0	0	0	0	0	1	0	0	0	0	1	1	0	1	1	1	0	1	-144.0	-0.032	0.282	NaN	NaN	-0.076	0.627	NaN	NaN	-2.28	21.945	NaN	NaN	0.0	"2.5"	"F0034"	1	0	"PR"	647.615	"reverse"	139.772	1	1	0	991.499	0.0	1093.697	null	1741.936	0.091
-11.9	0.05115	24187.5	1528.125	2212.5	NaN	NaN	NaN	0	0	0	0	0	1	1	0	0	0	0	0	1	0	0	0	0	1	1	0	1	1	1	0	1	-143.0	-0.032	0.279	NaN	NaN	-0.076	0.62	NaN	NaN	-2.28	21.7	NaN	NaN	0.0	"2.5"	"F0034"	1	0	"PR"	657.647	"reverse"	149.804	1	1	0	991.499	0.0	1093.697	null	1751.968	0.09
