cur	ec	mod-ps	rg-ps	di-ps	fw1-ps	fw2-ps	pf-ps	vlv-di-fill	vlv-di-in	vlv-di-out	vlv-rg-fill	vlv-rg-drain	vlv-rg-in	vlv-rg-out	vlv-fw1-in	vlv-fw1-out	vlv-fw2-in	vlv-po	vlv-mod-drain	pmp-sys	pmp-di	pmp-fw1	pmp-fw2	uv	en-anode1	en-cath1	pl-anode1	pl-cath1	en-anode2	en-cath2	pl-anode2	pl-cath2	pw	rg-he	di-he	fw1-he	fw2-he	rg-lev	di-lev	fw1-lev	fw2-lev	rg-vol	di-vol	fw1-vol	fw2-vol	pr-ec	ver	sn	mod-en	mod-pl	proc	proc-time	ph	ph-time	count	cyc	rnd	pr-last	rc-last	fr-last	halt-re	time	exec
4.1	0.053075	24562.5	2821.875	2278.125	NaN	NaN	NaN	0	0	0	0	0	1	1	0	0	0	0	0	1	0	0	0	0	0	0	0	1	0	0	0	1	49.0	0.097	0.286	NaN	NaN	0.231	0.636	NaN	NaN	6.93	22.26	NaN	NaN	0.0	"2.5"	"F0034"	0	0	"PR"	8.25	"prime"	6.827	0	0	0	0.0	0.0	0.0	null	10.047	0.083
4.1	0.053075	24562.5	2821.875	2278.125	NaN	NaN	NaN	0	0	0	0	0	1	1	0	0	0	0	0	1	0	0	0	0	0	0	0	1	0	0	0	1	49.0	0.097	0.286	NaN	NaN	0.231	0.636	NaN	NaN	6.93	22.26	NaN	NaN	0.0	"2.5"	"F0034"	0	0	"PR"	8.25	"prime"	6.827	0	0	0	0.0	0.0	0.0	null	10.047	0.083
3.9	0.053625	24562.5	2821.875	2278.125	NaN	NaN	NaN	0	0	0	0	0	1	1	0	0	0	0	0	1	0	0	0	0	0	0	0	1	0	0	0	1	47.0	0.097	0.286	NaN	NaN	0.231	0.636	NaN	NaN	6.93	22.26	NaN	NaN	0.0	"2.5"	"F0034"	0	0	"PR"	18.29	"prime"	16.867	0	0	0	0.0	0.0	0.0	null	20.087	0.083
4.2	0.0539	24375.0	2812.5	2287.5	NaN	NaN	NaN	0	0	0	0	0	1	1	0	0	0	0	0	1	0	0	0	0	0	0	0	1	0	0	0	1	50.0	0.096	0.287	NaN	NaN	0.229	0.638	NaN	NaN	6.87	22.33	NaN	NaN	0.0	"2.5"	"F0034"	0	0	"PR"	28.329	"prime"	26.906	0	0	0	0.0	0.0	0.0	null	30.126	0.087
-11.3	0.05335	30000.0	2990.625	2550.0	NaN	NaN	NaN	0	1	1	0	0	0	0	0	0	0	0	0	1	0	0	0	0	1	1	0	1	1	1	0	1	-136.0	0.114	0.313	NaN	NaN	0.271	0.696	NaN	NaN	8.13	24.36	NaN	NaN	0.0	"2.5"	"F0034"	1	0	"PR"	38.368	"deionize"	6.426	0	1	0	0.0	0.0	0.0	null	40.165	0.084
-11.8	0.05225	30375.0	2990.625	2615.625	NaN	NaN	NaN	0	1	1	0	0	0	0	0	0	0	0	0	1	0	0	0	0	1	1	0	1	1	1	0	1	-142.0	0.114	0.32	NaN	NaN	0.271	0.711	NaN	NaN	8.13	24.885	NaN	NaN	0.0	"2.5"	"F0034"	1	0	"PR"	48.406	"deionize"	16.464	0	1	0	0.0	0.0	0.0	null	50.203	0.087
-12.9	0.049775	30000.0	3000.0	2531.25	NaN	NaN	NaN	0	1	1	0	0	0	0	0	0	0	0	0	1	0	0	0	0	1	1	0	1	1	1	0	1	-155.0	0.115	0.311	NaN	NaN	0.274	0.691	NaN	NaN	8.22	24.185	NaN	NaN	0.0	"2.5"	"F0034"	1	0	"PR"	58.445	"deionize"	26.503	0	1	0	0.0	0.0	0.0	null	60.242	0.084
-12.0	0.0484	29250.0	3018.75	2578.125	NaN	NaN	NaN	0	1	1	0	0	0	0	0	0	0	0	0	1	0	0	0	0	1	1	0	1	1	1	0	1	-144.0	0.117	0.316	NaN	NaN	0.279	0.702	NaN	NaN	8.37	24.57	NaN	NaN	0.0	"2.5"	"F0034"	1	0	"PR"	68.475	"deionize"	36.533	0	1	0	0.0	0.0	0.0	null	70.272	0.087
-12.3	0.045925	30000.0	2981.25	2559.375	NaN	NaN	NaN	0	1	1	0	0	0	0	0	0	0	0	0	1	0	0	0	0	1	1	0	1	1	1	0	1	-148.0	0.113	0.314	NaN	NaN	0.269	0.698	NaN	NaN	8.07	24.43	NaN	NaN	0.0	"2.5"	"F0034"	1	0	"PR"	78.509	"deionize"	46.567	0	1	0	0.0	0.0	0.0	null	80.306	0.087
-12.0	0.044	30187.5	2990.625	2531.25	NaN	NaN	NaN	0	1	1	0	0	0	0	0	0	0	0	0	1	0	0	0	0	1	1	0	1	1	1	0	1	-144.0	0.114	0.311	NaN	NaN	0.271	0.691	NaN	NaN	8.13	24.185	NaN	NaN	0.0	"2.5"	"F0034"	1	0	"PR"	88.345	"deionize"	56.403	0	1	0	0.0	0.0	0.0	null	90.142	0.087
-10.9	0.042625	29812.5	2981.25	2550.0	NaN	NaN	NaN	0	1	1	0	0	0	0	0	0	0	0	0	1	0	0	0	0	1	1	0	1	1	1	0	1	-131.0	0.113	0.313	NaN	NaN	0.269	0.696	NaN	NaN	8.07	24.36	NaN	NaN	0.0	"2.5"	"F0034"	1	0	"PR"	98.378	"deionize"	66.436	0	1	0	0.0	0.0	0.0	null	100.175	0.084
-11.0	0.04015	29812.5	3000.0	2465.625	NaN	NaN	NaN	0	1	1	0	0	0	0	0	0	0	0	0	1	0	0	0	0	1	1	0	1	1	1	0	1	-132.0	0.115	0.305	NaN	NaN	0.274	0.678	NaN	NaN	8.22	23.73	NaN	NaN	0.0	"2.5"	"F0034"	1	0	"PR"	108.418	"deionize"	76.476	0	1	0	0.0	0.0	0.0	null	110.215	0.088
-10.1	0.039325	30000.0	2971.875	2465.625	NaN	NaN	NaN	0	1	1	0	0	0	0	0	0	0	0	0	1	0	0	0	0	1	1	0	1	1	1	0	1	-121.0	0.112	0.305	NaN	NaN	0.267	0.678	NaN	NaN	8.01	23.73	NaN	NaN	0.0	"2.5"	"F0034"	1	0	"PR"	118.452	"deionize"	86.51	0	1	0	0.0	0.0	0.0	null	120.249	0.084
-11.0	0.03795	30000.0	2990.625	2484.375	NaN	NaN	NaN	0	1	1	0	0	0	0	0	0	0	0	0	1	0	0	0	0	1	1	0	1	1	1	0	1	-132.0	0.114	0.306	NaN	NaN	0.271	0.68	NaN	NaN	8.13	23.8	NaN	NaN	0.0	"2.5"	"F0034"	1	0	"PR"	128.486	"deionize"	96.544	0	1	0	0.0	0.0	0.0	null	130.283	0.084
-10.7	0.03685	30187.5	3000.0	2400.0	NaN	NaN	NaN	0	1	1	0	0	0	0	0	0	0	0	0	1	0	0	0	0	1	1	0	1	1	1	0	1	-128.0	0.115	0.298	NaN	NaN	0.274	0.662	NaN	NaN	8.22	23.17	NaN	NaN	0.0	"2.5"	"F0034"	1	0	"PR"	138.522	"deionize"	106.58	0	1	0	0.0	0.0	0.0	null	140.319	0.086
-10.4	0.035475	29437.5	3000.0	2437.5	NaN	NaN	NaN	0	1	1	0	0	0	0	0	0	0	0	0	1	0	0	0	0	1	1	0	1	1	1	0	1	-125.0	0.115	0.302	NaN	NaN	0.274	0.671	NaN	NaN	8.22	23.485	NaN	NaN	0.0	"2.5"	"F0034"	1	0	"PR"	148.556	"deionize"	116.614	0	1	0	0.0	0.0	0.0	null	150.353	0.086
-10.1	0.034925	29812.5	3018.75	2437.5	NaN	NaN	NaN	0	1	1	0	0	0	0	0	0	0	0	0	1	0	0	0	0	1	1	0	1	1	1	0	1	-121.0	0.117	0.302	NaN	NaN	0.279	0.671	NaN	NaN	8.37	23.485	NaN	NaN	0.0	"2.5"	"F0034"	1	0	"PR"	158.591	"deionize"	126.649	0	1	0	0.0	0.0	0.0	null	160.388	0.084
-9.9	0.034925	30000.0	2990.625	2437.5	NaN	NaN	NaN	0	1	1	0	0	0	0	0	0	0	0	0	1	0	0	0	0	1	1	0	1	1	1	0	1	-119.0	0.114	0.302	NaN	NaN	0.271	0.671	NaN	NaN	8.13	23.485	NaN	NaN	0.0	"2.5"	"F0034"	1	0	"PR"	168.429	"deionize"	136.487	0	1	0	0.0	0.0	0.0	null	170.226	0.089
-10.3	0.033825	30187.5	3000.0	2400.0	NaN	NaN	NaN	0	1	1	0	0	0	0	0	0	0	0	0	1	0	0	0	0	1	1	0	1	1	1	0	1	-124.0	0.115	0.298	NaN	NaN	0.274	0.662	NaN	NaN	8.22	23.17	NaN	NaN	0.0	"2.5"	"F0034"	1	0	"PR"	178.462	"deionize"	146.52	0	1	0	0.0	0.0	0.0	null	180.259	0.086
-9.8	0.033825	29437.5	3000.0	2390.625	NaN	NaN	NaN	0	1	1	0	0	0	0	0	0	0	0	0	1	0	0	0	0	1	1	0	1	1	1	0	1	-118.0	0.115	0.297	NaN	NaN	0.274	0.66	NaN	NaN	8.22	23.1	NaN	NaN	0.0	"2.5"	"F0034"	1	0	"PR"	188.493	"deionize"	156.551	0	1	0	0.0	0.0	0.0	null	190.29	0.084
-9.2	0.033	29250.0	3000.0	2465.625	NaN	NaN	NaN	0	1	1	0	0	0	0	0	0	0	0	0	1	0	0	0	0	1	1	0	1	1	1	0	1	-110.0	0.115	0.305	NaN	NaN	0.274	0.678	NaN	NaN	8.22	23.73	NaN	NaN	0.0	"2.5"	"F0034"	1	0	"PR"	198.534	"deionize"	166.592	0	1	0	0.0	0.0	0.0	null	200.331	0.085
-9.2	0.032725	30000.0	3000.0	2400.0	NaN	NaN	NaN	0	1	1	0	0	0	0	0	0	0	0	0	1	0	0	0	0	1	1	0	1	1	1	0	1	-110.0	0.115	0.298	NaN	NaN	0.274	0.662	NaN	NaN	8.22	23.17	NaN	NaN	0.0	"2.5"	"F0034"	1	0	"PR"	208.565	"deionize"	176.623	0	1	0	0.0	0.0	0.0	null	210.362	0.084
-9.2	0.032175	29062.5	2981.25	2503.125	NaN	NaN	NaN	0	1	1	0	0	0	0	0	0	0	0	0	1	0	0	0	0	1	1	0	1	1	1	0	1	-110.0	0.113	0.308	NaN	NaN	0.269	0.684	NaN	NaN	8.07	23.94	NaN	NaN	0.0	"2.5"	"F0034"	1	0	"PR"	218.596	"deionize"	186.654	0	1	0	0.0	0.0	0.0	null	220.393	0.084
-8.9	0.031625	29812.5	3028.125	2437.5	NaN	NaN	NaN	0	1	1	0	0	0	0	0	0	0	0	0	1	0	0	0	0	1	1	0	1	1	1	0	1	-107.0	0.118	0.302	NaN	NaN	0.281	0.671	NaN	NaN	8.43	23.485	NaN	NaN	0.0	"2.5"	"F0034"	1	0	"PR"	228.635	"deionize"	196.693	0	1	0	0.0	0.0	0.0	null	230.432	0.087
-9.7	0.031625	30000.0	2990.625	2428.125	NaN	NaN	NaN	0	1	1	0	0	0	0	0	0	0	0	0	1	0	0	0	0	1	1	0	1	1	1	0	1	-116.0	0.114	0.301	NaN	NaN	0.271	0.669	NaN	NaN	8.13	23.415	NaN	NaN	0.0	"2.5"	"F0034"	1	0	"PR"	238.668	"deionize"	206.726	0	1	0	0.0	0.0	0.0	null	240.465	0.084
-9.1	0.03135	30187.5	2981.25	2428.125	NaN	NaN	NaN	0	1	1	0	0	0	0	0	0	0	0	0	1	0	0	0	0	1	1	0	1	1	1	0	1	-109.0	0.113	0.301	NaN	NaN	0.269	0.669	NaN	NaN	8.07	23.415	NaN	NaN	0.0	"2.5"	"F0034"	1	0	"PR"	248.507	"deionize"	216.565	0	1	0	0.0	0.0	0.0	null	250.304	0.091
-9.1	0.030525	30187.5	3000.0	2540.625	NaN	NaN	NaN	0	1	1	0	0	0	0	0	0	0	0	0	1	0	0	0	0	1	1	0	1	1	1	0	1	-109.0	0.115	0.312	NaN	NaN	0.274	0.693	NaN	NaN	8.22	24.255	NaN	NaN	0.0	"2.5"	"F0034"	1	0	"PR"	258.544	"deionize"	226.602	0	1	0	0.0	0.0	0.0	null	260.341	0.09
-8.0	0.03025	29250.0	3000.0	2428.125	NaN	NaN	NaN	0	1	1	0	0	0	0	0	0	0	0	0	1	0	0	0	0	1	1	0	1	1	1	0	1	-96.0	0.115	0.301	NaN	NaN	0.274	0.669	NaN	NaN	8.22	23.415	NaN	NaN	0.0	"2.5"	"F0034"	1	0	"PR"	268.578	"deionize"	236.636	0	1	0	0.0	0.0	0.0	null	270.375	0.095
-10.2	0.030525	30000.0	3000.0	2493.75	NaN	NaN	NaN	0	1	1	0	0	0	0	0	0	0	0	0	1	0	0	0	1	1	1	0	1	1	1	0	1	-122.0	0.115	0.307	NaN	NaN	0.274	0.682	NaN	NaN	8.22	23.87	NaN	NaN	0.0	"2.5"	"F0034"	1	0	"PR"	278.526	"deionize-uv"	6.536	0	1	0	0.0	0.0	0.0	null	280.323	0.09
-9.1	0.030525	30000.0	3018.75	2418.75	NaN	NaN	NaN	0	1	1	0	0	0	0	0	0	0	0	0	1	0	0	0	1	1	1	0	1	1	1	0	1	-109.0	0.117	0.3	NaN	NaN	0.279	0.667	NaN	NaN	8.37	23.345	NaN	NaN	0.0	"2.5"	"F0034"	1	0	"PR"	288.562	"deionize-uv"	16.572	0	1	0	0.0	0.0	0.0	null	290.359	0.096
-8.8	0.029975	30937.5	2990.625	2362.5	NaN	NaN	NaN	0	1	1	0	0	0	0	0	0	0	0	0	1	0	0	0	1	1	1	0	1	1	1	0	1	-106.0	0.114	0.294	NaN	NaN	0.271	0.653	NaN	NaN	8.13	22.855	NaN	NaN	0.0	"2.5"	"F0034"	1	0	"PR"	298.603	"deionize-uv"	26.613	0	1	0	0.0	0.0	0.0	null	300.4	0.09
-9.2	0.0297	29250.0	3009.375	2437.5	NaN	NaN	NaN	0	1	1	0	0	0	0	0	0	0	0	0	1	0	0	0	1	1	1	0	1	1	1	0	1	-110.0	0.116	0.302	NaN	NaN	0.276	0.671	NaN	NaN	8.28	23.485	NaN	NaN	0.0	"2.5"	"F0034"	1	0	"PR"	308.639	"deionize-uv"	36.649	0	1	0	0.0	0.0	0.0	null	310.436	0.09
-8.2	0.02915	29250.0	2981.25	2437.5	NaN	NaN	NaN	0	1	1	0	0	0	0	0	0	0	0	0	1	0	0	0	1	1	1	0	1	1	1	0	1	-98.0	0.113	0.302	NaN	NaN	0.269	0.671	NaN	NaN	8.07	23.485	NaN	NaN	0.0	"2.5"	"F0034"	1	0	"PR"	318.679	"deionize-uv"	46.689	0	1	0	0.0	0.0	0.0	null	320.476	0.089
-7.4	0.02915	29250.0	3000.0	2390.625	NaN	NaN	NaN	0	1	1	0	0	0	0	0	0	0	0	0	1	0	0	0	1	1	1	0	1	1	1	0	1	-89.0	0.115	0.297	NaN	NaN	0.274	0.66	NaN	NaN	8.22	23.1	NaN	NaN	0.0	"2.5"	"F0034"	1	0	"PR"	328.718	"deionize-uv"	56.728	0	1	0	0.0	0.0	0.0	null	330.515	0.091
-8.4	0.02915	29812.5	3000.0	2456.25	NaN	NaN	NaN	0	1	1	0	0	0	0	0	0	0	0	0	1	0	0	0	1	1	1	0	1	1	1	0	1	-101.0	0.115	0.304	NaN	NaN	0.274	0.676	NaN	NaN	8.22	23.66	NaN	NaN	0.0	"2.5"	"F0034"	1	0	"PR"	338.752	"deionize-uv"	66.762	0	1	0	0.0	0.0	0.0	null	340.549	0.086
-8.1	0.028325	29812.5	2990.625	2390.625	NaN	NaN	NaN	0	1	1	0	0	0	0	0	0	0	0	0	1	0	0	0	1	1	1	0	1	1	1	0	1	-97.0	0.114	0.297	NaN	NaN	0.271	0.66	NaN	NaN	8.13	23.1	NaN	NaN	0.0	"2.5"	"F0034"	1	0	"PR"	348.793	"deionize-uv"	76.803	0	1	0	0.0	0.0	0.0	null	350.59	0.087
-7.8	0.02805	29437.5	2981.25	2437.5	NaN	NaN	NaN	0	1	1	0	0	0	0	0	0	0	0	0	1	0	0	0	1	1	1	0	1	1	1	0	1	-94.0	0.113	0.302	NaN	NaN	0.269	0.671	NaN	NaN	8.07	23.485	NaN	NaN	0.0	"2.5"	"F0034"	1	0	"PR"	358.633	"deionize-uv"	86.643	0	1	0	0.0	0.0	0.0	null	360.43	0.091
-7.9	0.028325	30000.0	3000.0	2446.875	NaN	NaN	NaN	0	1	1	0	0	0	0	0	0	0	0	0	1	0	0	0	1	1	1	0	1	1	1	0	1	-95.0	0.115	0.303	NaN	NaN	0.274	0.673	NaN	NaN	8.22	23.555	NaN	NaN	0.0	"2.5"	"F0034"	1	0	"PR"	368.67	"deionize-uv"	96.68	0	1	0	0.0	0.0	0.0	null	370.467	0.09
-8.2	0.027775	30562.5	3000.0	2437.5	NaN	NaN	NaN	0	1	1	0	0	0	0	0	0	0	0	0	1	0	0	0	1	1	1	0	1	1	1	0	1	-98.0	0.115	0.302	NaN	NaN	0.274	0.671	NaN	NaN	8.22	23.485	NaN	NaN	0.0	"2.5"	"F0034"	1	0	"PR"	378.706	"deionize-uv"	106.716	0	1	0	0.0	0.0	0.0	null	380.503	0.087
-8.4	0.02805	29812.5	3000.0	2493.75	NaN	NaN	NaN	0	1	1	0	0	0	0	0	0	0	0	0	1	0	0	0	1	1	1	0	1	1	1	0	1	-101.0	0.115	0.307	NaN	NaN	0.274	0.682	NaN	NaN	8.22	23.87	NaN	NaN	0.0	"2.5"	"F0034"	1	0	"PR"	388.742	"deionize-uv"	116.752	0	1	0	0.0	0.0	0.0	null	390.539	0.089
-7.9	0.027775	27562.5	2971.875	1940.625	NaN	NaN	NaN	0	0	1	0	0	0	0	1	0	0	0	0	1	0	0	0	1	1	1	0	1	1	1	0	1	-95.0	0.112	0.252	NaN	NaN	0.267	0.56	NaN	NaN	8.01	19.6	NaN	NaN	0.0	"2.5"	"F0034"	1	0	"PR"	398.704	"drain-di-1"	6.55	0	1	0	0.0	0.0	0.0	null	400.501	0.09
-7.8	0.027225	26812.5	3009.375	1696.875	NaN	NaN	NaN	0	0	1	0	0	0	0	1	0	0	0	0	1	0	0	0	1	1	1	0	1	1	1	0	1	-94.0	0.116	0.228	NaN	NaN	0.276	0.507	NaN	NaN	8.28	17.745	NaN	NaN	0.0	"2.5"	"F0034"	1	0	"PR"	408.744	"drain-di-1"	16.59	0	1	0	0.0	0.0	0.0	null	410.541	0.087
-7.8	0.02695	26437.5	2990.625	1434.375	NaN	NaN	NaN	0	0	1	0	0	0	0	1	0	0	0	0	1	0	0	0	1	1	1	0	1	1	1	0	1	-94.0	0.114	0.201	NaN	NaN	0.271	0.447	NaN	NaN	8.13	15.645	NaN	NaN	0.0	"2.5"	"F0034"	1	0	"PR"	418.776	"drain-di-1"	26.622	0	1	0	0.0	0.0	0.0	null	420.573	0.09
-6.5	0.02695	26062.5	2990.625	1171.875	NaN	NaN	NaN	0	0	1	0	0	0	0	1	0	0	0	0	1	0	0	0	1	1	1	0	1	1	1	0	1	-78.0	0.114	0.175	NaN	NaN	0.271	0.389	NaN	NaN	8.13	13.615	NaN	NaN	0.0	"2.5"	"F0034"	1	0	"PR"	428.824	"drain-di-1"	36.67	0	1	0	0.0	0.0	0.0	null	430.621	0.093
-8.0	0.02695	27187.5	2990.625	937.5	NaN	NaN	NaN	0	0	1	0	0	0	0	1	0	0	0	0	1	0	0	0	1	1	1	0	1	1	1	0	1	-96.0	0.114	0.152	NaN	NaN	0.271	0.338	NaN	NaN	8.13	11.83	NaN	NaN	0.0	"2.5"	"F0034"	1	0	"PR"	438.859	"drain-di-1"	46.705	0	1	0	0.0	0.0	0.0	null	440.656	0.09
-7.8	0.0264	28312.5	2981.25	684.375	NaN	NaN	NaN	0	0	1	0	0	0	0	1	0	0	0	0	1	0	0	0	1	1	1	0	1	1	1	0	1	-94.0	0.113	0.126	NaN	NaN	0.269	0.28	NaN	NaN	8.07	9.8	NaN	NaN	0.0	"2.5"	"F0034"	1	0	"PR"	448.896	"drain-di-1"	56.742	0	1	0	0.0	0.0	0.0	null	450.693	0.09
-7.0	0.02695	28500.0	3000.0	440.625	NaN	NaN	NaN	0	0	1	0	0	0	0	1	0	0	0	0	1	0	0	0	1	1	1	0	1	1	1	0	1	-84.0	0.115	0.102	NaN	NaN	0.274	0.227	NaN	NaN	8.22	7.945	NaN	NaN	0.0	"2.5"	"F0034"	1	0	"PR"	458.734	"drain-di-1"	66.58	0	1	0	0.0	0.0	0.0	null	460.531	0.088
-7.3	0.026675	26812.5	2990.625	178.125	NaN	NaN	NaN	0	0	1	0	0	0	0	1	0	0	0	0	1	0	0	0	1	1	1	0	1	1	1	0	1	-88.0	0.114	0.076	NaN	NaN	0.271	0.169	NaN	NaN	8.13	5.915	NaN	NaN	0.0	"2.5"	"F0034"	1	0	"PR"	468.767	"drain-di-1"	76.613	0	1	0	0.0	0.0	0.0	null	470.564	0.086
-7.4	0.02695	28687.5	2990.625	-84.375	NaN	NaN	NaN	0	0	1	0	0	0	0	1	0	0	0	0	1	0	0	0	1	1	1	0	1	1	1	0	1	-89.0	0.114	0.05	NaN	NaN	0.271	0.111	NaN	NaN	8.13	3.885	NaN	NaN	0.0	"2.5"	"F0034"	1	0	"PR"	478.913	"drip-di-1"	5.533	0	1	0	0.0	0.0	0.0	null	480.71	0.088
-8.1	0.02695	27375.0	2971.875	-56.25	NaN	NaN	NaN	1	0	0	0	0	1	1	0	0	0	0	0	1	1	0	0	0	1	1	1	0	1	1	1	0	-97.0	0.112	0.052	NaN	NaN	0.267	0.116	NaN	NaN	8.01	4.06	NaN	NaN	0.0	"2.5"	"F0034"	1	1	"PR"	488.751	"reverse-f"	0.201	0	1	0	0.0	0.0	0.0	null	490.548	0.098
12.6	0.027775	25687.5	2803.125	131.25	NaN	NaN	NaN	1	0	0	0	0	1	1	0	0	0	0	0	1	1	0	0	0	1	1	1	0	1	1	1	0	151.0	0.095	0.071	NaN	NaN	0.226	0.158	NaN	NaN	6.78	5.53	NaN	NaN	0.0	"2.5"	"F0034"	1	1	"PR"	498.754	"reverse-f"	10.204	0	1	0	0.0	0.0	0.0	null	500.551	0.083
12.4	0.03025	25312.5	2831.25	459.375	NaN	NaN	NaN	1	0	0	0	0	1	1	0	0	0	0	0	1	1	0	0	0	1	1	1	0	1	1	1	0	149.0	0.098	0.104	NaN	NaN	0.233	0.231	NaN	NaN	6.99	8.085	NaN	NaN	0.0	"2.5"	"F0034"	1	1	"PR"	508.792	"reverse-f"	20.242	0	1	0	0.0	0.0	0.0	null	510.589	0.084
12.7	0.033275	26062.5	2803.125	759.375	NaN	NaN	NaN	1	0	0	0	0	1	1	0	0	0	0	0	1	1	0	0	0	1	1	1	0	1	1	1	0	152.0	0.095	0.134	NaN	NaN	0.226	0.298	NaN	NaN	6.78	10.43	NaN	NaN	0.0	"2.5"	"F0034"	1	1	"PR"	518.833	"reverse-f"	30.283	0	1	0	0.0	0.0	0.0	null	520.63	0.087
12.6	0.036025	26437.5	2868.75	1059.375	NaN	NaN	NaN	1	0	0	0	0	1	1	0	0	0	0	0	1	1	0	0	0	1	1	1	0	1	1	1	0	151.0	0.102	0.164	NaN	NaN	0.243	0.364	NaN	NaN	7.29	12.74	NaN	NaN	0.0	"2.5"	"F0034"	1	1	"PR"	528.87	"reverse-f"	40.32	0	1	0	0.0	0.0	0.0	null	530.667	0.086
12.6	0.039875	24187.5	2878.125	1359.375	NaN	NaN	NaN	1	0	0	0	0	1	1	0	0	0	0	0	1	1	0	0	0	1	1	1	0	1	1	1	0	151.0	0.103	0.194	NaN	NaN	0.245	0.431	NaN	NaN	7.35	15.085	NaN	NaN	0.0	"2.5"	"F0034"	1	1	"PR"	538.903	"reverse-f"	50.353	0	1	0	0.0	0.0	0.0	null	540.7	0.086
15.2	0.0429	23812.5	2850.0	1687.5	NaN	NaN	NaN	1	0	0	0	0	1	1	0	0	0	0	0	1	1	0	0	0	1	1	1	0	1	1	1	0	182.0	0.1	0.227	NaN	NaN	0.238	0.504	NaN	NaN	7.14	17.64	NaN	NaN	0.0	"2.5"	"F0034"	1	1	"PR"	548.944	"reverse-f"	60.394	0	1	0	0.0	0.0	0.0	null	550.741	0.086
12.6	0.045375	23812.5	2859.375	1959.375	NaN	NaN	NaN	1	0	0	0	0	1	1	0	0	0	0	0	1	1	0	0	0	1	1	1	0	1	1	1	0	151.0	0.101	0.254	NaN	NaN	0.24	0.564	NaN	NaN	7.2	19.74	NaN	NaN	0.0	"2.5"	"F0034"	1	1	"PR"	558.981	"reverse-f"	70.431	0	1	0	0.0	0.0	0.0	null	560.778	0.09
12.6	0.048125	24562.5	2803.125	2231.25	NaN	NaN	NaN	1	0	0	0	0	1	1	0	0	0	0	0	1	1	0	0	0	1	1	1	0	1	1	1	0	151.0	0.095	0.281	NaN	NaN	0.226	0.624	NaN	NaN	6.78	21.84	NaN	NaN	0.0	"2.5"	"F0034"	1	1	"PR"	568.82	"reverse-f"	80.27	0	1	0	0.0	0.0	0.0	null	570.617	0.085
12.8	0.049775	23250.0	2859.375	2268.75	NaN	NaN	NaN	0	0	0	0	0	1	1	0	0	0	0	0	1	0	0	0	0	1	1	1	0	1	1	1	0	154.0	0.101	0.285	NaN	NaN	0.24	0.633	NaN	NaN	7.2	22.155	NaN	NaN	0.0	"2.5"	"F0034"	1	1	"PR"	578.964	"reverse"	90.414	0	1	0	0.0	0.0	0.0	null	580.761	0.086
13.0	0.050325	24562.5	2821.875	2240.625	NaN	NaN	NaN	0	0	0	0	0	1	1	0	0	0	0	0	1	0	0	0	0	1	1	1	0	1	1	1	0	156.0	0.097	0.282	NaN	NaN	0.231	0.627	NaN	NaN	6.93	21.945	NaN	NaN	0.0	"2.5"	"F0034"	1	1	"PR"	589.001	"reverse"	100.451	0	1	0	0.0	0.0	0.0	null	590.798	0.086
13.9	0.051975	24000.0	2859.375	2259.375	NaN	NaN	NaN	0	0	0	0	0	1	1	0	0	0	0	0	1	0	0	0	0	1	1	1	0	1	1	1	0	167.0	0.101	0.284	NaN	NaN	0.24	0.631	NaN	NaN	7.2	22.085	NaN	NaN	0.0	"2.5"	"F0034"	1	1	"PR"	599.042	"reverse"	110.492	0	1	0	0.0	0.0	0.0	null	600.839	0.086
12.6	0.0528	24000.0	2784.375	2268.75	NaN	NaN	NaN	0	0	0	0	0	1	1	0	0	0	0	0	1	0	0	0	0	1	1	1	0	1	1	1	0	151.0	0.093	0.285	NaN	NaN	0.221	0.633	NaN	NaN	6.63	22.155	NaN	NaN	0.0	"2.5"	"F0034"	1	1	"PR"	608.883	"reverse"	120.333	0	1	0	0.0	0.0	0.0	null	610.68	0.084
12.3	0.0539	23812.5	2831.25	2268.75	NaN	NaN	NaN	0	0	0	0	0	1	1	0	0	0	0	0	1	0	0	0	0	1	1	1	0	1	1	1	0	148.0	0.098	0.285	NaN	NaN	0.233	0.633	NaN	NaN	6.99	22.155	NaN	NaN	0.0	"2.5"	"F0034"	1	1	"PR"	618.921	"reverse"	130.371	0	1	0	0.0	0.0	0.0	null	620.718	0.085
12.6	0.054725	25125.0	2859.375	2250.0	NaN	NaN	NaN	0	0	0	0	0	1	1	0	0	0	0	0	1	0	0	0	0	1	1	1	0	1	1	1	0	151.0	0.101	0.283	NaN	NaN	0.24	0.629	NaN	NaN	7.2	22.015	NaN	NaN	0.0	"2.5"	"F0034"	1	1	"PR"	628.957	"reverse"	140.407	0	1	0	0.0	0.0	0.0	null	630.754	0.083
12.7	0.055275	24750.0	2859.375	2268.75	NaN	NaN	NaN	0	0	0	0	0	0	0	0	0	0	0	0	0	0	0	0	0	0	0	0	1	0	0	0	1	152.0	0.101	0.285	NaN	NaN	0.24	0.633	NaN	NaN	7.2	22.155	NaN	NaN	0.0	"2.5"	"F0034"	0	0	"PR"	638.797	"diffuse"	0.2	0	1	1	0.0	0.0	0.0	null	640.594	0.098
4.7	0.0561	937.5	3009.375	2250.0	NaN	NaN	NaN	0	0	0	0	0	0	0	0	0	0	0	0	0	0	0	0	0	0	0	0	1	0	0	0	1	56.0	0.116	0.283	NaN	NaN	0.276	0.629	NaN	NaN	8.28	22.015	NaN	NaN	0.0	"2.5"	"F0034"	0	0	"PR"	648.933	"diffuse"	10.336	0	1	1	0.0	0.0	0.0	null	650.73	0.086
5.5	0.055275	2250.0	3018.75	2278.125	NaN	NaN	NaN	0	0	0	0	0	0	0	0	0	0	0	0	0	0	0	0	0	0	0	0	1	0	0	0	1	66.0	0.117	0.286	NaN	NaN	0.279	0.636	NaN	NaN	8.37	22.26	NaN	NaN	0.0	"2.5"	"F0034"	0	0	"PR"	658.971	"diffuse"	20.374	0	1	1	0.0	0.0	0.0	null	660.768	0.083
5.2	0.0561	1312.5	2990.625	2306.25	NaN	NaN	NaN	0	0	0	0	0	1	1	0	0	0	0	0	1	0	0	0	0	1	1	1	0	1	1	1	0	62.0	0.114	0.289	NaN	NaN	0.271	0.642	NaN	NaN	8.13	22.47	NaN	NaN	0.0	"2.5"	"F0034"	1	1	"PR"	668.814	"wash-en"	0.202	0	1	1	0.0	0.0	0.0	null	670.611	0.096
12.4	0.055825	25500.0	2821.875	2278.125	NaN	NaN	NaN	0	0	0	0	0	1	1	0	0	0	0	0	1	0	0	0	0	1	1	1	0	1	1	1	0	149.0	0.097	0.286	NaN	NaN	0.231	0.636	NaN	NaN	6.93	22.26	NaN	NaN	0.0	"2.5"	"F0034"	1	1	"PR"	678.947	"wash-en"	10.335	0	1	1	0.0	0.0	0.0	null	680.744	0.083
11.9	0.05775	24562.5	2803.125	2259.375	NaN	NaN	NaN	0	0	0	0	0	1	1	0	0	0	0	0	1	0	0	0	0	0	0	0	1	0	0	0	1	143.0	0.095	0.284	NaN	NaN	0.226	0.631	NaN	NaN	6.78	22.085	NaN	NaN	0.0	"2.5"	"F0034"	0	0	"PR"	688.986	"wash-sc"	0.201	0	1	1	0.0	0.0	0.0	null	690.783	0.093
4.5	0.05885	25500.0	2812.5	2287.5	NaN	NaN	NaN	0	0	0	0	0	0	0	0	0	0	0	0	0	0	0	0	0	0	0	0	1	0	0	0	1	54.0	0.096	0.287	NaN	NaN	0.229	0.638	NaN	NaN	6.87	22.33	NaN	NaN	0.0	"2.5"	"F0034"	0	0	"PR"	699.114	"diffuse"	0.201	0	1	2	0.0	0.0	0.0	null	700.911	0.089
4.8	0.0594	2437.5	3028.125	2259.375	NaN	NaN	NaN	0	0	0	0	0	0	0	0	0	0	0	0	0	0	0	0	0	0	0	0	1	0	0	0	1	58.0	0.118	0.284	NaN	NaN	0.281	0.631	NaN	NaN	8.43	22.085	NaN	NaN	0.0	"2.5"	"F0034"	0	0	"PR"	709.15	"diffuse"	10.237	0	1	2	0.0	0.0	0.0	null	710.947	0.083
4.7	0.05885	2250.0	3009.375	2287.5	NaN	NaN	NaN	0	0	0	0	0	0	0	0	0	0	0	0	0	0	0	0	0	0	0	0	1	0	0	0	1	56.0	0.116	0.287	NaN	NaN	0.276	0.638	NaN	NaN	8.28	22.33	NaN	NaN	0.0	"2.5"	"F0034"	0	0	"PR"	718.99	"diffuse"	20.077	0	1	2	0.0	0.0	0.0	null	720.787	0.083
4.7	0.05885	3187.5	3018.75	2278.125	NaN	NaN	NaN	0	0	0	0	0	0	0	0	0	0	0	0	0	0	0	0	0	0	0	0	1	0	0	0	1	56.0	0.117	0.286	NaN	NaN	0.279	0.636	NaN	NaN	8.37	22.26	NaN	NaN	0.0	"2.5"	"F0034"	0	0	"PR"	729.027	"diffuse"	30.114	0	1	2	0.0	0.0	0.0	null	730.824	0.086
12.6	0.0583	24000.0	2859.375	2268.75	NaN	NaN	NaN	0	0	0	0	0	1	1	0	0	0	0	0	1	0	0	0	0	1	1	1	0	1	1	1	0	151.0	0.101	0.285	NaN	NaN	0.24	0.633	NaN	NaN	7.2	22.155	NaN	NaN	0.0	"2.5"	"F0034"	1	1	"PR"	739.16	"wash-en"	10.133	0	1	2	0.0	0.0	0.0	null	740.957	0.083
11.9	0.0594	23625.0	2850.0	2240.625	NaN	NaN	NaN	0	0	0	0	0	1	1	0	0	0	0	0	1	0	0	0	0	1	1	1	0	1	1	1	0	143.0	0.1	0.282	NaN	NaN	0.238	0.627	NaN	NaN	7.14	21.945	NaN	NaN	0.0	"2.5"	"F0034"	1	1	"PR"	749.204	"wash-en"	20.177	0	1	2	0.0	0.0	0.0	null	751.001	0.083
4.6	0.05995	25500.0	2859.375	2296.875	NaN	NaN	NaN	0	0	0	0	0	1	1	0	0	0	0	0	1	0	0	0	0	0	0	0	1	0	0	0	1	55.0	0.101	0.288	NaN	NaN	0.24	0.64	NaN	NaN	7.2	22.4	NaN	NaN	0.0	"2.5"	"F0034"	0	0	"PR"	759.128	"wash-sc"	9.924	0	1	2	0.0	0.0	0.0	null	760.925	0.086
4.3	0.0605	375.0	3018.75	2278.125	NaN	NaN	NaN	0	0	0	0	0	0	0	0	0	0	0	0	0	0	0	0	0	0	0	0	1	0	0	0	1	52.0	0.117	0.286	NaN	NaN	0.279	0.636	NaN	NaN	8.37	22.26	NaN	NaN	0.0	"2.5"	"F0034"	0	0	"PR"	769.166	"diffuse"	9.837	0	1	3	0.0	0.0	0.0	null	770.963	0.083
3.9	0.05995	1125.0	3009.375	2296.875	NaN	NaN	NaN	0	0	0	0	0	0	0	0	0	0	0	0	0	0	0	0	0	0	0	0	1	0	0	0	1	47.0	0.116	0.288	NaN	NaN	0.276	0.64	NaN	NaN	8.28	22.4	NaN	NaN	0.0	"2.5"	"F0034"	0	0	"PR"	779.206	"diffuse"	19.877	0	1	3	0.0	0.0	0.0	null	781.003	0.083
4.3	0.060775	750.0	3009.375	2278.125	NaN	NaN	NaN	0	0	0	0	0	0	0	0	0	0	0	0	0	0	0	0	0	0	0	0	1	0	0	0	1	52.0	0.116	0.286	NaN	NaN	0.276	0.636	NaN	NaN	8.28	22.26	NaN	NaN	0.0	"2.5"	"F0034"	0	0	"PR"	789.039	"diffuse"	29.71	0	1	3	0.0	0.0	0.0	null	790.836	0.087
12.5	0.05995	23062.5	2803.125	2278.125	NaN	NaN	NaN	0	0	0	0	0	1	1	0	0	0	0	0	1	0	0	0	0	1	1	1	0	1	1	1	0	150.0	0.095	0.286	NaN	NaN	0.226	0.636	NaN	NaN	6.78	22.26	NaN	NaN	0.0	"2.5"	"F0034"	1	1	"PR"	799.164	"wash-en"	9.723	0	1	3	0.0	0.0	0.0	null	800.961	0.083
11.6	0.05995	22312.5	2821.875	2268.75	NaN	NaN	NaN	0	0	0	0	0	1	1	0	0	0	0	0	1	0	0	0	0	1	1	1	0	1	1	1	0	139.0	0.097	0.285	NaN	NaN	0.231	0.633	NaN	NaN	6.93	22.155	NaN	NaN	0.0	"2.5"	"F0034"	1	1	"PR"	809.202	"wash-en"	19.761	0	1	3	0.0	0.0	0.0	null	810.999	0.083
3.5	0.0605	26062.5	2859.375	2287.5	NaN	NaN	NaN	0	0	0	0	0	1	1	0	0	0	0	0	1	0	0	0	0	0	0	0	1	0	0	0	1	42.0	0.101	0.287	NaN	NaN	0.24	0.638	NaN	NaN	7.2	22.33	NaN	NaN	0.0	"2.5"	"F0034"	0	0	"PR"	819.13	"wash-sc"	9.525	0	1	3	0.0	0.0	0.0	null	820.927	0.092
3.8	0.06105	375.0	3018.75	2278.125	NaN	NaN	NaN	0	0	0	0	0	0	0	0	0	0	0	0	0	0	0	0	0	0	0	0	1	0	0	0	1	46.0	0.117	0.286	NaN	NaN	0.279	0.636	NaN	NaN	8.37	22.26	NaN	NaN	0.0	"2.5"	"F0034"	0	0	"PR"	829.174	"diffuse"	9.442	0	1	4	0.0	0.0	0.0	null	830.971	0.089
3.3	0.061325	937.5	3009.375	2278.125	NaN	NaN	NaN	0	0	0	0	0	0	0	0	0	0	0	0	0	0	0	0	0	0	0	0	1	0	0	0	1	40.0	0.116	0.286	NaN	NaN	0.276	0.636	NaN	NaN	8.28	22.26	NaN	NaN	0.0	"2.5"	"F0034"	0	0	"PR"	839.216	"diffuse"	19.484	0	1	4	0.0	0.0	0.0	null	841.013	0.092
3.5	0.06105	1125.0	3009.375	2250.0	NaN	NaN	NaN	0	0	0	0	0	0	0	0	0	0	0	0	0	0	0	0	0	0	0	0	1	0	0	0	1	42.0	0.116	0.283	NaN	NaN	0.276	0.629	NaN	NaN	8.28	22.015	NaN	NaN	0.0	"2.5"	"F0034"	0	0	"PR"	849.256	"diffuse"	29.524	0	1	4	0.0	0.0	0.0	null	851.053	0.086
12.6	0.060775	24000.0	2859.375	2259.375	NaN	NaN	NaN	0	0	0	0	0	1	1	0	0	0	0	0	1	0	0	0	0	1	1	1	0	1	1	1	0	151.0	0.101	0.284	NaN	NaN	0.24	0.631	NaN	NaN	7.2	22.085	NaN	NaN	0.0	"2.5"	"F0034"	1	1	"PR"	859.179	"wash-en"	9.321	0	1	4	0.0	0.0	0.0	null	860.976	0.089
12.6	0.06105	23812.5	2850.0	2240.625	NaN	NaN	NaN	0	0	0	0	0	1	1	0	0	0	0	0	1	0	0	0	0	1	1	1	0	1	1	1	0	151.0	0.1	0.282	NaN	NaN	0.238	0.627	NaN	NaN	7.14	21.945	NaN	NaN	0.0	"2.5"	"F0034"	1	1	"PR"	869.22	"wash-en"	19.362	0	1	4	0.0	0.0	0.0	null	871.017	0.091
0.7	0.061325	26062.5	2821.875	2287.5	NaN	NaN	NaN	0	0	0	0	0	1	1	0	0	0	0	0	1	0	0	0	0	0	0	0	1	0	0	0	1	8.0	0.097	0.287	NaN	NaN	0.231	0.638	NaN	NaN	6.93	22.33	NaN	NaN	0.0	"2.5"	"F0034"	0	0	"PR"	879.15	"wash-sc"	9.127	0	1	4	0.0	0.0	0.0	null	880.947	0.093
2.9	0.06105	-1875.0	2475.0	2278.125	NaN	NaN	NaN	0	0	0	0	1	0	0	0	0	0	0	0	0	0	0	0	0	0	0	0	1	0	0	0	1	35.0	0.062	0.286	NaN	NaN	0.148	0.636	NaN	NaN	4.44	22.26	NaN	NaN	0.0	"2.5"	"F0034"	0	0	"PR"	889.19	"drain-rg"	9.037	0	1	4	0.0	0.0	0.0	null	890.987	0.089
3.2	0.061325	-1125.0	2081.25	2278.125	NaN	NaN	NaN	0	0	0	0	1	0	0	0	0	0	0	0	0	0	0	0	0	0	0	0	1	0	0	0	1	38.0	0.023	0.286	NaN	NaN	0.055	0.636	NaN	NaN	1.65	22.26	NaN	NaN	0.0	"2.5"	"F0034"	0	0	"PR"	899.232	"drain-rg"	19.079	0	1	4	0.0	0.0	0.0	null	901.029	0.091
3.4	0.060775	-937.5	1771.875	2278.125	NaN	NaN	NaN	0	0	0	0	1	0	0	0	0	0	0	0	0	0	0	0	0	0	0	0	1	0	0	0	1	41.0	-0.008	0.286	NaN	NaN	-0.019	0.636	NaN	NaN	-0.57	22.26	NaN	NaN	0.0	"2.5"	"F0034"	0	0	"PR"	909.269	"drip-rg"	2.008	0	1	4	0.0	0.0	0.0	null	911.066	0.093
3.2	0.061325	-375.0	0.0	2278.125	NaN	NaN	NaN	0	0	0	0	1	0	0	0	0	0	0	0	0	0	0	0	0	0	0	0	1	0	0	0	1	38.0	-0.185	0.286	NaN	NaN	-0.44	0.636	NaN	NaN	-13.2	22.26	NaN	NaN	0.0	"2.5"	"F0034"	0	0	"PR"	919.308	"drip-rg"	12.047	0	1	4	0.0	0.0	0.0	null	921.105	0.087
3.6	0.0605	24000.0	1696.875	2146.875	NaN	NaN	NaN	0	0	1	0	0	1	0	0	0	0	0	0	1	0	0	0	0	0	0	0	1	0	0	0	1	43.0	-0.015	0.273	NaN	NaN	-0.036	0.607	NaN	NaN	-1.08	21.245	NaN	NaN	0.0	"2.5"	"F0034"	0	0	"FR"	6.038	"fill-rg-di"	5.837	1	1	0	924.318	0.0	0.0	null	930.98	0.086
3.4	0.0605	24937.5	2146.875	1884.375	NaN	NaN	NaN	0	0	1	0	0	1	0	0	0	0	0	0	1	0	0	0	0	0	0	0	1	0	0	0	1	41.0	0.03	0.246	NaN	NaN	0.071	0.547	NaN	NaN	2.13	19.145	NaN	NaN	0.0	"2.5"	"F0034"	0	0	"FR"	16.078	"fill-rg-di"	15.877	1	1	0	924.318	0.0	0.0	null	941.02	0.096
3.1	0.058575	25125.0	2475.0	1631.25	NaN	NaN	NaN	0	0	1	0	0	1	0	0	0	0	0	0	1	0	0	0	0	0	0	0	1	0	0	0	1	37.0	0.062	0.221	NaN	NaN	0.148	0.491	NaN	NaN	4.44	17.185	NaN	NaN	0.0	"2.5"	"F0034"	0	0	"FR"	26.118	"fill-rg-di"	25.917	1	1	0	924.318	0.0	0.0	null	951.06	0.089
2.8	0.056925	26250.0	2775.0	1378.125	NaN	NaN	NaN	0	0	1	0	0	1	0	0	0	0	0	0	1	0	0	0	0	0	0	0	1	0	0	0	1	34.0	0.093	0.196	NaN	NaN	0.221	0.436	NaN	NaN	6.63	15.26	NaN	NaN	0.0	"2.5"	"F0034"	0	0	"FR"	36.159	"fill-rg-di"	35.958	1	1	0	924.318	0.0	0.0	null	961.101	0.09
2.9	0.054725	25500.0	3093.75	1134.375	NaN	NaN	NaN	0	0	1	0	0	1	0	0	0	0	0	0	1	0	0	0	0	0	0	0	1	0	0	0	1	35.0	0.124	0.171	NaN	NaN	0.295	0.38	NaN	NaN	8.85	13.3	NaN	NaN	0.0	"2.5"	"F0034"	0	0	"FR"	46.198	"fill-rg-di"	45.997	1	1	0	924.318	0.0	0.0	null	971.14	0.09
2.1	0.053625	0.0	2896.875	993.75	NaN	NaN	NaN	0	0	0	0	1	0	0	0	0	0	0	0	0	0	0	0	0	0	0	0	1	0	0	0	1	25.0	0.105	0.157	NaN	NaN	0.25	0.349	NaN	NaN	7.5	12.215	NaN	NaN	0.0	"2.5"	"F0034"	0	0	"FR"	56.237	"drain-rg"	4.417	1	1	0	924.318	0.0	0.0	null	981.179	0.089
2.7	0.053625	-937.5	2540.625	993.75	NaN	NaN	NaN	0	0	0	0	1	0	0	0	0	0	0	0	0	0	0	0	0	0	0	0	1	0	0	0	1	32.0	0.069	0.157	NaN	NaN	0.164	0.349	NaN	NaN	4.92	12.215	NaN	NaN	0.0	"2.5"	"F0034"	0	0	"FR"	66.278	"drain-rg"	14.458	1	1	0	924.318	0.0	0.0	null	991.22	0.092
2.9	0.054175	-3187.5	2184.375	993.75	NaN	NaN	NaN	0	0	0	0	1	0	0	0	0	0	0	0	0	0	0	0	0	0	0	0	1	0	0	0	1	35.0	0.033	0.157	NaN	NaN	0.079	0.349	NaN	NaN	2.37	12.215	NaN	NaN	0.0	"2.5"	"F0034"	0	0	"FR"	76.116	"drain-rg"	24.296	1	1	0	924.318	0.0	0.0	null	1001.058	0.089
2.8	0.0539	-4125.0	1809.375	975.0	NaN	NaN	NaN	0	0	0	0	1	0	0	0	0	0	0	0	0	0	0	0	0	0	0	0	1	0	0	0	1	34.0	-0.004	0.155	NaN	NaN	-0.01	0.344	NaN	NaN	-0.3	12.04	NaN	NaN	0.0	"2.5"	"F0034"	0	0	"FR"	86.156	"drip-rg"	0.2	1	1	0	924.318	0.0	0.0	null	1011.098	0.093
2.8	0.0539	-4125.0	1040.625	975.0	NaN	NaN	NaN	0	0	0	0	1	0	0	0	0	0	0	0	0	0	0	0	0	0	0	0	1	0	0	0	1	34.0	-0.081	0.155	NaN	NaN	-0.193	0.344	NaN	NaN	-5.79	12.04	NaN	NaN	0.0	"2.5"	"F0034"	0	0	"FR"	96.196	"drip-rg"	10.24	1	1	0	924.318	0.0	0.0	null	1021.138	0.086
2.7	0.052525	22687.5	993.75	900.0	NaN	NaN	NaN	0	0	1	0	0	1	0	0	0	0	0	0	1	0	0	0	0	0	0	0	1	0	0	0	1	32.0	-0.086	0.148	NaN	NaN	-0.205	0.329	NaN	NaN	-6.15	11.515	NaN	NaN	0.0	"2.5"	"F0034"	0	0	"PR"	4.438	"fill-rg-di"	4.237	1	0	0	924.318	0.0	1026.157	null	1031.22	0.094
3.8	0.052525	24750.0	2118.75	665.625	NaN	NaN	NaN	0	0	1	0	0	1	0	0	0	0	0	0	1	0	0	0	0	0	0	0	1	0	0	0	1	46.0	0.027	0.125	NaN	NaN	0.064	0.278	NaN	NaN	1.92	9.73	NaN	NaN	0.0	"2.5"	"F0034"	0	0	"PR"	14.47	"fill-rg-di"	14.269	1	0	0	924.318	0.0	1026.157	null	1041.252	0.087
2.7	0.05115	24000.0	2428.125	393.75	NaN	NaN	NaN	0	0	1	0	0	1	0	0	0	0	0	0	1	0	0	0	0	0	0	0	1	0	0	0	1	32.0	0.058	0.097	NaN	NaN	0.138	0.216	NaN	NaN	4.14	7.56	NaN	NaN	0.0	"2.5"	"F0034"	0	0	"PR"	24.501	"fill-rg-di"	24.3	1	0	0	924.318	0.0	1026.157	null	1051.283	0.087
2.7	0.0495	24750.0	2728.125	140.625	NaN	NaN	NaN	0	0	1	0	0	1	0	0	0	0	0	0	1	0	0	0	0	0	0	0	1	0	0	0	1	32.0	0.088	0.072	NaN	NaN	0.21	0.16	NaN	NaN	6.3	5.6	NaN	NaN	0.0	"2.5"	"F0034"	0	0	"PR"	34.343	"fill-rg-di"	34.142	1	0	0	924.318	0.0	1026.157	null	1061.125	0.086
2.7	0.0484	1875.0	2793.75	271.875	NaN	NaN	NaN	1	0	0	0	0	0	0	0	0	0	0	0	0	1	0	0	0	0	0	0	1	0	0	0	1	32.0	0.094	0.085	NaN	NaN	0.224	0.189	NaN	NaN	6.72	6.615	NaN	NaN	0.0	"2.5"	"F0034"	0	0	"PR"	44.382	"fill-di-lb"	7.43	1	0	0	924.318	0.0	1026.157	null	1071.164	0.086
2.7	0.0484	2625.0	2793.75	590.625	NaN	NaN	NaN	1	0	0	0	0	0	0	0	0	0	0	0	0	1	0	0	0	0	0	0	1	0	0	0	1	32.0	0.094	0.117	NaN	NaN	0.224	0.26	NaN	NaN	6.72	9.1	NaN	NaN	0.0	"2.5"	"F0034"	0	0	"PR"	54.424	"fill-di-lb"	17.472	1	0	0	924.318	0.0	1026.157	null	1081.206	0.086
2.5	0.0484	2437.5	2793.75	900.0	NaN	NaN	NaN	1	0	0	0	0	0	0	0	0	0	0	0	0	1	0	0	0	0	0	0	1	0	0	0	1	30.0	0.094	0.148	NaN	NaN	0.224	0.329	NaN	NaN	6.72	11.515	NaN	NaN	0.0	"2.5"	"F0034"	0	0	"PR"	64.463	"fill-di-lb"	27.511	1	0	0	924.318	0.0	1026.157	null	1091.245	0.086
2.5	0.0484	3375.0	2803.125	1200.0	NaN	NaN	NaN	1	0	0	0	0	0	0	0	0	0	0	0	0	1	0	0	0	0	0	0	1	0	0	0	1	30.0	0.095	0.178	NaN	NaN	0.226	0.396	NaN	NaN	6.78	13.86	NaN	NaN	0.0	"2.5"	"F0034"	0	0	"PR"	74.505	"fill-di-lb"	37.553	1	0	0	924.318	0.0	1026.157	null	1101.287	0.083
2.6	0.048675	3187.5	2793.75	1500.0	NaN	NaN	NaN	1	0	0	0	0	0	0	0	0	0	0	0	0	1	0	0	0	0	0	0	1	0	0	0	1	31.0	0.094	0.208	NaN	NaN	0.224	0.462	NaN	NaN	6.72	16.17	NaN	NaN	0.0	"2.5"	"F0034"	0	0	"PR"	84.544	"fill-di-lb"	47.592	1	0	0	924.318	0.0	1026.157	null	1111.326	0.088
2.3	0.0484	2812.5	2803.125	1781.25	NaN	NaN	NaN	1	0	0	0	0	0	0	0	0	0	0	0	0	1	0	0	0	0	0	0	1	0	0	0	1	28.0	0.095	0.236	NaN	NaN	0.226	0.524	NaN	NaN	6.78	18.34	NaN	NaN	0.0	"2.5"	"F0034"	0	0	"PR"	94.581	"fill-di-lb"	57.629	1	0	0	924.318	0.0	1026.157	null	1121.363	0.087
2.7	0.04785	1500.0	2821.875	2081.25	NaN	NaN	NaN	1	0	0	0	0	0	0	0	0	0	0	0	0	1	0	0	0	0	0	0	1	0	0	0	1	32.0	0.097	0.266	NaN	NaN	0.231	0.591	NaN	NaN	6.93	20.685	NaN	NaN	0.0	"2.5"	"F0034"	0	0	"PR"	104.418	"fill-di-lb"	67.466	1	0	0	924.318	0.0	1026.157	null	1131.2	0.083
3.6	0.048125	25312.5	2925.0	2156.25	NaN	NaN	NaN	0	0	1	0	0	1	0	0	0	0	0	0	1	0	0	0	0	0	0	0	1	0	0	0	1	43.0	0.107	0.274	NaN	NaN	0.255	0.609	NaN	NaN	7.65	21.315	NaN	NaN	0.0	"2.5"	"F0034"	0	0	"PR"	114.459	"fill-rg-di"	4.416	1	0	0	924.318	0.0	1026.157	null	1141.241	0.084
12.6	0.0473	29625.0	2981.25	2531.25	NaN	NaN	NaN	0	1	1	0	0	0	0	0	0	0	0	0	1	0	0	0	0	1	1	1	0	1	1	1	0	151.0	0.113	0.311	NaN	NaN	0.269	0.691	NaN	NaN	8.07	24.185	NaN	NaN	0.0	"2.5"	"F0034"	1	1	"PR"	124.499	"deionize"	5.022	1	1	0	924.318	0.0	1026.157	null	1151.281	0.084
12.5	0.04675	29250.0	2962.5	2550.0	NaN	NaN	NaN	0	1	1	0	0	0	0	0	0	0	0	0	1	0	0	0	0	1	1	1	0	1	1	1	0	150.0	0.111	0.313	NaN	NaN	0.264	0.696	NaN	NaN	7.92	24.36	NaN	NaN	0.0	"2.5"	"F0034"	1	1	"PR"	134.537	"deionize"	15.06	1	1	0	924.318	0.0	1026.157	null	1161.319	0.085
10.1	0.04565	29625.0	2962.5	2531.25	NaN	NaN	NaN	0	1	1	0	0	0	0	0	0	0	0	0	1	0	0	0	0	1	1	1	0	1	1	1	0	121.0	0.111	0.311	NaN	NaN	0.264	0.691	NaN	NaN	7.92	24.185	NaN	NaN	0.0	"2.5"	"F0034"	1	1	"PR"	144.569	"deionize"	25.092	1	1	0	924.318	0.0	1026.157	null	1171.351	0.086
13.0	0.04455	30000.0	2962.5	2559.375	NaN	NaN	NaN	0	1	1	0	0	0	0	0	0	0	0	0	1	0	0	0	0	1	1	1	0	1	1	1	0	156.0	0.111	0.314	NaN	NaN	0.264	0.698	NaN	NaN	7.92	24.43	NaN	NaN	0.0	"2.5"	"F0034"	1	1	"PR"	154.602	"deionize"	35.125	1	1	0	924.318	0.0	1026.157	null	1181.384	0.087
12.7	0.043175	29625.0	2962.5	2512.5	NaN	NaN	NaN	0	1	1	0	0	0	0	0	0	0	0	0	1	0	0	0	0	1	1	1	0	1	1	1	0	152.0	0.111	0.309	NaN	NaN	0.264	0.687	NaN	NaN	7.92	24.045	NaN	NaN	0.0	"2.5"	"F0034"	1	1	"PR"	164.637	"deionize"	45.16	1	1	0	924.318	0.0	1026.157	null	1191.419	0.086
12.3	0.0418	29625.0	2953.125	2531.25	NaN	NaN	NaN	0	1	1	0	0	0	0	0	0	0	0	0	1	0	0	0	0	1	1	1	0	1	1	1	0	148.0	0.11	0.311	NaN	NaN	0.262	0.691	NaN	NaN	7.86	24.185	NaN	NaN	0.0	"2.5"	"F0034"	1	1	"PR"	174.474	"deionize"	54.997	1	1	0	924.318	0.0	1026.157	null	1201.256	0.084
12.3	0.04125	29812.5	2971.875	2465.625	NaN	NaN	NaN	0	1	1	0	0	0	0	0	0	0	0	0	1	0	0	0	0	1	1	1	0	1	1	1	0	148.0	0.112	0.305	NaN	NaN	0.267	0.678	NaN	NaN	8.01	23.73	NaN	NaN	0.0	"2.5"	"F0034"	1	1	"PR"	184.51	"deionize"	65.033	1	1	0	924.318	0.0	1026.157	null	1211.292	0.09
13.0	0.040425	30000.0	2943.75	2437.5	NaN	NaN	NaN	0	1	1	0	0	0	0	0	0	0	0	0	1	0	0	0	0	1	1	1	0	1	1	1	0	156.0	0.109	0.302	NaN	NaN	0.26	0.671	NaN	NaN	7.8	23.485	NaN	NaN	0.0	"2.5"	"F0034"	1	1	"PR"	194.55	"deionize"	75.073	1	1	0	924.318	0.0	1026.157	null	1221.332	0.088
11.7	0.039875	29812.5	2971.875	2503.125	NaN	NaN	NaN	0	1	1	0	0	0	0	0	0	0	0	0	1	0	0	0	0	1	1	1	0	1	1	1	0	140.0	0.112	0.308	NaN	NaN	0.267	0.684	NaN	NaN	8.01	23.94	NaN	NaN	0.0	"2.5"	"F0034"	1	1	"PR"	204.587	"deionize"	85.11	1	1	0	924.318	0.0	1026.157	null	1231.369	0.084
13.5	0.039325	30562.5	2962.5	2475.0	NaN	NaN	NaN	0	1	1	0	0	0	0	0	0	0	0	0	1	0	0	0	0	1	1	1	0	1	1	1	0	162.0	0.111	0.305	NaN	NaN	0.264	0.678	NaN	NaN	7.92	23.73	NaN	NaN	0.0	"2.5"	"F0034"	1	1	"PR"	214.624	"deionize"	95.147	1	1	0	924.318	0.0	1026.157	null	1241.406	0.087
12.6	0.038775	30000.0	2971.875	2418.75	NaN	NaN	NaN	0	1	1	0	0	0	0	0	0	0	0	0	1	0	0	0	0	1	1	1	0	1	1	1	0	151.0	0.112	0.3	NaN	NaN	0.267	0.667	NaN	NaN	8.01	23.345	NaN	NaN	0.0	"2.5"	"F0034"	1	1	"PR"	224.664	"deionize"	105.187	1	1	0	924.318	0.0	1026.157	null	1251.446	0.084
12.3	0.0385	29250.0	2981.25	2390.625	NaN	NaN	NaN	0	1	1	0	0	0	0	0	0	0	0	0	1	0	0	0	0	1	1	1	0	1	1	1	0	148.0	0.113	0.297	NaN	NaN	0.269	0.66	NaN	NaN	8.07	23.1	NaN	NaN	0.0	"2.5"	"F0034"	1	1	"PR"	234.698	"deionize"	115.221	1	1	0	924.318	0.0	1026.157	null	1261.48	0.084
12.7	0.038225	29625.0	3000.0	2362.5	NaN	NaN	NaN	0	1	1	0	0	0	0	0	0	0	0	0	1	0	0	0	0	1	1	1	0	1	1	1	0	152.0	0.115	0.294	NaN	NaN	0.274	0.653	NaN	NaN	8.22	22.855	NaN	NaN	0.0	"2.5"	"F0034"	1	1	"PR"	244.537	"deionize"	125.06	1	1	0	924.318	0.0	1026.157	null	1271.319	0.088
12.4	0.03795	30000.0	2962.5	2475.0	NaN	NaN	NaN	0	1	1	0	0	0	0	0	0	0	0	0	1	0	0	0	0	1	1	1	0	1	1	1	0	149.0	0.111	0.305	NaN	NaN	0.264	0.678	NaN	NaN	7.92	23.73	NaN	NaN	0.0	"2.5"	"F0034"	1	1	"PR"	254.572	"deionize"	135.095	1	1	0	924.318	0.0	1026.157	null	1281.354	0.09
11.9	0.03795	30375.0	2971.875	2400.0	NaN	NaN	NaN	0	1	1	0	0	0	0	0	0	0	0	0	1	0	0	0	0	1	1	1	0	1	1	1	0	143.0	0.112	0.298	NaN	NaN	0.267	0.662	NaN	NaN	8.01	23.17	NaN	NaN	0.0	"2.5"	"F0034"	1	1	"PR"	264.609	"deionize"	145.132	1	1	0	924.318	0.0	1026.157	null	1291.391	0.084
13.0	0.0374	30750.0	2943.75	2371.875	NaN	NaN	NaN	0	1	1	0	0	0	0	0	0	0	0	0	1	0	0	0	0	1	1	1	0	1	1	1	0	156.0	0.109	0.295	NaN	NaN	0.26	0.656	NaN	NaN	7.8	22.96	NaN	NaN	0.0	"2.5"	"F0034"	1	1	"PR"	274.648	"deionize"	155.171	1	1	0	924.318	0.0	1026.157	null	1301.43	0.085
12.3	0.037125	29437.5	2962.5	2418.75	NaN	NaN	NaN	0	1	1	0	0	0	0	0	0	0	0	0	1	0	0	0	0	1	1	1	0	1	1	1	0	148.0	0.111	0.3	NaN	NaN	0.264	0.667	NaN	NaN	7.92	23.345	NaN	NaN	0.0	"2.5"	"F0034"	1	1	"PR"	284.68	"deionize"	165.203	1	1	0	924.318	0.0	1026.157	null	1311.462	0.084
12.7	0.037125	29812.5	2971.875	2409.375	NaN	NaN	NaN	0	1	1	0	0	0	0	0	0	0	0	0	1	0	0	0	0	1	1	1	0	1	1	1	0	152.0	0.112	0.299	NaN	NaN	0.267	0.664	NaN	NaN	8.01	23.24	NaN	NaN	0.0	"2.5"	"F0034"	1	1	"PR"	294.714	"deionize"	175.237	1	1	0	924.318	0.0	1026.157	null	1321.496	0.084
13.1	0.036025	29812.5	2953.125	2409.375	NaN	NaN	NaN	0	1	1	0	0	0	0	0	0	0	0	0	1	0	0	0	0	1	1	1	0	1	1	1	0	157.0	0.11	0.299	NaN	NaN	0.262	0.664	NaN	NaN	7.86	23.24	NaN	NaN	0.0	"2.5"	"F0034"	1	1	"PR"	304.757	"deionize"	185.28	1	1	0	924.318	0.0	1026.157	null	1331.539	0.084
12.7	0.036575	30000.0	2971.875	2437.5	NaN	NaN	NaN	0	1	1	0	0	0	0	0	0	0	0	0	1	0	0	0	0	1	1	1	0	1	1	1	0	152.0	0.112	0.302	NaN	NaN	0.267	0.671	NaN	NaN	8.01	23.485	NaN	NaN	0.0	"2.5"	"F0034"	1	1	"PR"	314.792	"deionize"	195.315	1	1	0	924.318	0.0	1026.157	null	1341.574	0.085
15.2	0.035475	30562.5	2971.875	2343.75	NaN	NaN	NaN	0	1	1	0	0	0	0	0	0	0	0	0	1	0	0	0	0	1	1	1	0	1	1	1	0	182.0	0.112	0.292	NaN	NaN	0.267	0.649	NaN	NaN	8.01	22.715	NaN	NaN	0.0	"2.5"	"F0034"	1	1	"PR"	324.632	"deionize"	205.155	1	1	0	924.318	0.0	1026.157	null	1351.414	0.088
12.4	0.03575	30000.0	2953.125	2446.875	NaN	NaN	NaN	0	1	1	0	0	0	0	0	0	0	0	0	1	0	0	0	0	1	1	1	0	1	1	1	0	149.0	0.11	0.303	NaN	NaN	0.262	0.673	NaN	NaN	7.86	23.555	NaN	NaN	0.0	"2.5"	"F0034"	1	1	"PR"	334.669	"deionize"	215.192	1	1	0	924.318	0.0	1026.157	null	1361.451	0.09
11.9	0.035475	29250.0	2962.5	2465.625	NaN	NaN	NaN	0	1	1	0	0	0	0	0	0	0	0	0	1	0	0	0	0	1	1	1	0	1	1	1	0	143.0	0.111	0.305	NaN	NaN	0.264	0.678	NaN	NaN	7.92	23.73	NaN	NaN	0.0	"2.5"	"F0034"	1	1	"PR"	344.701	"deionize"	225.224	1	1	0	924.318	0.0	1026.157	null	1371.483	0.09
12.6	0.034925	29437.5	2934.375	2409.375	NaN	NaN	NaN	0	1	1	0	0	0	0	0	0	0	0	0	1	0	0	0	0	1	1	1	0	1	1	1	0	151.0	0.108	0.299	NaN	NaN	0.257	0.664	NaN	NaN	7.71	23.24	NaN	NaN	0.0	"2.5"	"F0034"	1	1	"PR"	354.743	"deionize"	235.266	1	1	0	924.318	0.0	1026.157	null	1381.525	0.092
12.1	0.034925	30750.0	2971.875	2465.625	NaN	NaN	NaN	0	1	1	0	0	0	0	0	0	0	0	0	1	0	0	0	1	1	1	1	0	1	1	1	0	145.0	0.112	0.305	NaN	NaN	0.267	0.678	NaN	NaN	8.01	23.73	NaN	NaN	0.0	"2.5"	"F0034"	1	1	"PR"	364.688	"deionize-uv"	5.129	1	1	0	924.318	0.0	1026.157	null	1391.47	0.089
15.0	0.034375	31125.0	2962.5	2409.375	NaN	NaN	NaN	0	1	1	0	0	0	0	0	0	0	0	0	1	0	0	0	1	1	1	1	0	1	1	1	0	180.0	0.111	0.299	NaN	NaN	0.264	0.664	NaN	NaN	7.92	23.24	NaN	NaN	0.0	"2.5"	"F0034"	1	1	"PR"	374.731	"deionize-uv"	15.172	1	1	0	924.318	0.0	1026.157	null	1401.513	0.088
11.9	0.0341	30000.0	2981.25	2437.5	NaN	NaN	NaN	0	1	1	0	0	0	0	0	0	0	0	0	1	0	0	0	1	1	1	1	0	1	1	1	0	143.0	0.113	0.302	NaN	NaN	0.269	0.671	NaN	NaN	8.07	23.485	NaN	NaN	0.0	"2.5"	"F0034"	1	1	"PR"	384.771	"deionize-uv"	25.212	1	1	0	924.318	0.0	1026.157	null	1411.553	0.088
12.3	0.033	29625.0	2953.125	2409.375	NaN	NaN	NaN	0	1	1	0	0	0	0	0	0	0	0	0	1	0	0	0	1	1	1	1	0	1	1	1	0	148.0	0.11	0.299	NaN	NaN	0.262	0.664	NaN	NaN	7.86	23.24	NaN	NaN	0.0	"2.5"	"F0034"	1	1	"PR"	394.814	"deionize-uv"	35.255	1	1	0	924.318	0.0	1026.157	null	1421.596	0.086
12.7	0.032725	30000.0	2962.5	2484.375	NaN	NaN	NaN	0	1	1	0	0	0	0	0	0	0	0	0	1	0	0	0	1	1	1	1	0	1	1	1	0	152.0	0.111	0.306	NaN	NaN	0.264	0.68	NaN	NaN	7.92	23.8	NaN	NaN	0.0	"2.5"	"F0034"	1	1	"PR"	404.851	"deionize-uv"	45.292	1	1	0	924.318	0.0	1026.157	null	1431.633	0.091
12.7	0.033275	29812.5	2953.125	2446.875	NaN	NaN	NaN	0	1	1	0	0	0	0	0	0	0	0	0	1	0	0	0	1	1	1	1	0	1	1	1	0	152.0	0.11	0.303	NaN	NaN	0.262	0.673	NaN	NaN	7.86	23.555	NaN	NaN	0.0	"2.5"	"F0034"	1	1	"PR"	414.893	"deionize-uv"	55.334	1	1	0	924.318	0.0	1026.157	null	1441.675	0.086
11.9	0.033	29812.5	2971.875	2400.0	NaN	NaN	NaN	0	1	1	0	0	0	0	0	0	0	0	0	1	0	0	0	1	1	1	1	0	1	1	1	0	143.0	0.112	0.298	NaN	NaN	0.267	0.662	NaN	NaN	8.01	23.17	NaN	NaN	0.0	"2.5"	"F0034"	1	1	"PR"	424.732	"deionize-uv"	65.173	1	1	0	924.318	0.0	1026.157	null	1451.514	0.09
12.9	0.031625	30000.0	2962.5	2362.5	NaN	NaN	NaN	0	1	1	0	0	0	0	0	0	0	0	0	1	0	0	0	1	1	1	1	0	1	1	1	0	155.0	0.111	0.294	NaN	NaN	0.264	0.653	NaN	NaN	7.92	22.855	NaN	NaN	0.0	"2.5"	"F0034"	1	1	"PR"	434.771	"deionize-uv"	75.212	1	1	0	924.318	0.0	1026.157	null	1461.553	0.09
12.3	0.0319	30000.0	2953.125	2428.125	NaN	NaN	NaN	0	1	1	0	0	0	0	0	0	0	0	0	1	0	0	0	1	1	1	1	0	1	1	1	0	148.0	0.11	0.301	NaN	NaN	0.262	0.669	NaN	NaN	7.86	23.415	NaN	NaN	0.0	"2.5"	"F0034"	1	1	"PR"	444.811	"deionize-uv"	85.252	1	1	0	924.318	0.0	1026.157	null	1471.593	0.09
12.6	0.0319	30000.0	2962.5	2371.875	NaN	NaN	NaN	0	1	1	0	0	0	0	0	0	0	0	0	1	0	0	0	1	1	1	1	0	1	1	1	0	151.0	0.111	0.295	NaN	NaN	0.264	0.656	NaN	NaN	7.92	22.96	NaN	NaN	0.0	"2.5"	"F0034"	1	1	"PR"	454.85	"deionize-uv"	95.291	1	1	0	924.318	0.0	1026.157	null	1481.632	0.089
12.6	0.03135	29437.5	2962.5	2400.0	NaN	NaN	NaN	0	1	1	0	0	0	0	0	0	0	0	0	1	0	0	0	1	1	1	1	0	1	1	1	0	151.0	0.111	0.298	NaN	NaN	0.264	0.662	NaN	NaN	7.92	23.17	NaN	NaN	0.0	"2.5"	"F0034"	1	1	"PR"	464.893	"deionize-uv"	105.334	1	1	0	924.318	0.0	1026.157	null	1491.675	0.089
12.3	0.03135	30000.0	2953.125	2409.375	NaN	NaN	NaN	0	1	1	0	0	0	0	0	0	0	0	0	1	0	0	0	1	1	1	1	0	1	1	1	0	148.0	0.11	0.299	NaN	NaN	0.262	0.664	NaN	NaN	7.86	23.24	NaN	NaN	0.0	"2.5"	"F0034"	1	1	"PR"	474.936	"deionize-uv"	115.377	1	1	0	924.318	0.0	1026.157	null	1501.718	0.092
13.3	0.0308	25312.5	2981.25	1940.625	NaN	NaN	NaN	0	0	1	0	0	0	0	1	0	0	0	0	1	0	0	0	1	1	1	1	0	1	1	1	0	160.0	0.113	0.252	NaN	NaN	0.269	0.56	NaN	NaN	8.07	19.6	NaN	NaN	0.0	"2.5"	"F0034"	1	1	"PR"	484.901	"drain-di-1"	5.148	1	1	0	924.318	0.0	1026.157	null	1511.683	0.093
11.6	0.03025	26250.0	2953.125	1696.875	NaN	NaN	NaN	0	0	1	0	0	0	0	1	0	0	0	0	1	0	0	0	1	1	1	1	0	1	1	1	0	139.0	0.11	0.228	NaN	NaN	0.262	0.507	NaN	NaN	7.86	17.745	NaN	NaN	0.0	"2.5"	"F0034"	1	1	"PR"	494.94	"drain-di-1"	15.187	1	1	0	924.318	0.0	1026.157	null	1521.722	0.093
12.7	0.0297	29625.0	2943.75	1434.375	NaN	NaN	NaN	0	0	1	0	0	0	0	1	0	0	0	0	1	0	0	0	1	1	1	1	0	1	1	1	0	152.0	0.109	0.201	NaN	NaN	0.26	0.447	NaN	NaN	7.8	15.645	NaN	NaN	0.0	"2.5"	"F0034"	1	1	"PR"	504.972	"drain-di-1"	25.219	1	1	0	924.318	0.0	1026.157	null	1531.754	0.09
13.4	0.029425	28500.0	2971.875	1190.625	NaN	NaN	NaN	0	0	1	0	0	0	0	1	0	0	0	0	1	0	0	0	1	1	1	1	0	1	1	1	0	161.0	0.112	0.177	NaN	NaN	0.267	0.393	NaN	NaN	8.01	13.755	NaN	NaN	0.0	"2.5"	"F0034"	1	1	"PR"	514.81	"drain-di-1"	35.057	1	1	0	924.318	0.0	1026.157	null	1541.592	0.09
11.8	0.02915	28500.0	2934.375	937.5	NaN	NaN	NaN	0	0	1	0	0	0	0	1	0	0	0	0	1	0	0	0	1	1	1	1	0	1	1	1	0	142.0	0.108	0.152	NaN	NaN	0.257	0.338	NaN	NaN	7.71	11.83	NaN	NaN	0.0	"2.5"	"F0034"	1	1	"PR"	524.847	"drain-di-1"	45.094	1	1	0	924.318	0.0	1026.157	null	1551.629	0.088
12.2	0.029425	26812.5	2953.125	684.375	NaN	NaN	NaN	0	0	1	0	0	0	0	1	0	0	0	0	1	0	0	0	1	1	1	1	0	1	1	1	0	146.0	0.11	0.126	NaN	NaN	0.262	0.28	NaN	NaN	7.86	9.8	NaN	NaN	0.0	"2.5"	"F0034"	1	1	"PR"	534.88	"drain-di-1"	55.127	1	1	0	924.318	0.0	1026.157	null	1561.662	0.086
12.6	0.0286	27562.5	2971.875	440.625	NaN	NaN	NaN	0	0	1	0	0	0	0	1	0	0	0	0	1	0	0	0	1	1	1	1	0	1	1	1	0	151.0	0.112	0.102	NaN	NaN	0.267	0.227	NaN	NaN	8.01	7.945	NaN	NaN	0.0	"2.5"	"F0034"	1	1	"PR"	544.916	"drain-di-1"	65.163	1	1	0	924.318	0.0	1026.157	null	1571.698	0.09
11.9	0.02915	27187.5	2962.5	159.375	NaN	NaN	NaN	0	0	1	0	0	0	0	1	0	0	0	0	1	0	0	0	1	1	1	1	0	1	1	1	0	143.0	0.111	0.074	NaN	NaN	0.264	0.164	NaN	NaN	7.92	5.74	NaN	NaN	0.0	"2.5"	"F0034"	1	1	"PR"	554.957	"drain-di-1"	75.204	1	1	0	924.318	0.0	1026.157	null	1581.739	0.087
12.7	0.02915	27562.5	2981.25	-56.25	NaN	NaN	NaN	0	0	1	0	0	0	0	1	0	0	0	0	1	0	0	0	1	1	1	1	0	1	1	1	0	152.0	0.113	0.052	NaN	NaN	0.269	0.116	NaN	NaN	8.07	4.06	NaN	NaN	0.0	"2.5"	"F0034"	1	1	"PR"	564.897	"drip-di-1"	5.124	1	1	0	924.318	0.0	1026.157	null	1591.679	0.086
11.2	0.0286	27375.0	2971.875	-65.625	NaN	NaN	NaN	0	0	1	0	0	0	0	1	0	0	0	0	1	0	0	0	1	1	1	1	0	1	1	1	0	134.0	0.112	0.051	NaN	NaN	0.267	0.113	NaN	NaN	8.01	3.955	NaN	NaN	0.0	"2.5"	"F0034"	1	1	"PR"	574.938	"drip-di-1"	15.165	1	1	0	924.318	0.0	1026.157	null	1601.72	0.092
-11.5	0.02915	23062.5	2784.375	140.625	NaN	NaN	NaN	1	0	0	0	0	1	1	0	0	0	0	0	1	1	0	0	0	1	1	0	1	1	1	0	1	-138.0	0.093	0.072	NaN	NaN	0.221	0.16	NaN	NaN	6.63	5.6	NaN	NaN	0.0	"2.5"	"F0034"	1	0	"PR"	584.94	"reverse-f"	10.002	1	1	0	924.318	0.0	1026.157	null	1611.722	0.089
-12.2	0.0308	24562.5	2784.375	450.0	NaN	NaN	NaN	1	0	0	0	0	1	1	0	0	0	0	0	1	1	0	0	0	1	1	0	1	1	1	0	1	-146.0	0.093	0.103	NaN	NaN	0.221	0.229	NaN	NaN	6.63	8.015	NaN	NaN	0.0	"2.5"	"F0034"	1	0	"PR"	594.974	"reverse-f"	20.036	1	1	0	924.318	0.0	1026.157	null	1621.756	0.086
-11.3	0.034375	25125.0	2821.875	759.375	NaN	NaN	NaN	1	0	0	0	0	1	1	0	0	0	0	0	1	1	0	0	0	1	1	0	1	1	1	0	1	-136.0	0.097	0.134	NaN	NaN	0.231	0.298	NaN	NaN	6.93	10.43	NaN	NaN	0.0	"2.5"	"F0034"	1	0	"PR"	605.012	"reverse-f"	30.074	1	1	0	924.318	0.0	1026.157	null	1631.794	0.09
-11.9	0.0374	25687.5	2803.125	1068.75	NaN	NaN	NaN	1	0	0	0	0	1	1	0	0	0	0	0	1	1	0	0	0	1	1	0	1	1	1	0	1	-143.0	0.095	0.165	NaN	NaN	0.226	0.367	NaN	NaN	6.78	12.845	NaN	NaN	0.0	"2.5"	"F0034"	1	0	"PR"	615.051	"reverse-f"	40.113	1	1	0	924.318	0.0	1026.157	null	1641.833	0.086
-12.1	0.04015	25312.5	2831.25	1359.375	NaN	NaN	NaN	1	0	0	0	0	1	1	0	0	0	0	0	1	1	0	0	0	1	1	0	1	1	1	0	1	-145.0	0.098	0.194	NaN	NaN	0.233	0.431	NaN	NaN	6.99	15.085	NaN	NaN	0.0	"2.5"	"F0034"	1	0	"PR"	625.09	"reverse-f"	50.152	1	1	0	924.318	0.0	1026.157	null	1651.872	0.086
-11.0	0.04235	26250.0	2793.75	1650.0	NaN	NaN	NaN	1	0	0	0	0	1	1	0	0	0	0	0	1	1	0	0	0	1	1	0	1	1	1	0	1	-132.0	0.094	0.223	NaN	NaN	0.224	0.496	NaN	NaN	6.72	17.36	NaN	NaN	0.0	"2.5"	"F0034"	1	0	"PR"	634.931	"reverse-f"	59.993	1	1	0	924.318	0.0	1026.157	null	1661.713	0.088
-11.9	0.044825	25125.0	2746.875	1950.0	NaN	NaN	NaN	1	0	0	0	0	1	1	0	0	0	0	0	1	1	0	0	0	1	1	0	1	1	1	0	1	-143.0	0.09	0.253	NaN	NaN	0.214	0.562	NaN	NaN	6.42	19.67	NaN	NaN	0.0	"2.5"	"F0034"	1	0	"PR"	644.973	"reverse-f"	70.035	1	1	0	924.318	0.0	1026.157	null	1671.755	0.083
-12.0	0.04675	26062.5	2812.5	2250.0	NaN	NaN	NaN	1	0	0	0	0	1	1	0	0	0	0	0	1	1	0	0	0	1	1	0	1	1	1	0	1	-144.0	0.096	0.283	NaN	NaN	0.229	0.629	NaN	NaN	6.87	22.015	NaN	NaN	0.0	"2.5"	"F0034"	1	0	"PR"	655.011	"reverse-f"	80.073	1	1	0	924.318	0.0	1026.157	null	1681.793	0.083
-12.0	0.047575	26062.5	2821.875	2268.75	NaN	NaN	NaN	0	0	0	0	0	1	1	0	0	0	0	0	1	0	0	0	0	1	1	0	1	1	1	0	1	-144.0	0.097	0.285	NaN	NaN	0.231	0.633	NaN	NaN	6.93	22.155	NaN	NaN	0.0	"2.5"	"F0034"	1	0	"PR"	664.95	"reverse"	90.012	1	1	0	924.318	0.0	1026.157	null	1691.732	0.091
-11.8	0.049225	24937.5	2850.0	2250.0	NaN	NaN	NaN	0	0	0	0	0	1	1	0	0	0	0	0	1	0	0	0	0	1	1	0	1	1	1	0	1	-142.0	0.1	0.283	NaN	NaN	0.238	0.629	NaN	NaN	7.14	22.015	NaN	NaN	0.0	"2.5"	"F0034"	1	0	"PR"	674.986	"reverse"	100.048	1	1	0	924.318	0.0	1026.157	null	1701.768	0.086
-12.2	0.050325	25875.0	2821.875	2259.375	NaN	NaN	NaN	0	0	0	0	0	1	1	0	0	0	0	0	1	0	0	0	0	1	1	0	1	1	1	0	1	-146.0	0.097	0.284	NaN	NaN	0.231	0.631	NaN	NaN	6.93	22.085	NaN	NaN	0.0	"2.5"	"F0034"	1	0	"PR"	685.029	"reverse"	110.091	1	1	0	924.318	0.0	1026.157	null	1711.811	0.084
-11.4	0.050875	26812.5	2775.0	2259.375	NaN	NaN	NaN	0	0	0	0	0	1	1	0	0	0	0	0	1	0	0	0	0	1	1	0	1	1	1	0	1	-137.0	0.093	0.284	NaN	NaN	0.221	0.631	NaN	NaN	6.63	22.085	NaN	NaN	0.0	"2.5"	"F0034"	1	0	"PR"	695.071	"reverse"	120.133	1	1	0	924.318	0.0	1026.157	null	1721.853	0.086
-13.1	0.05115	26062.5	2793.75	2259.375	NaN	NaN	NaN	0	0	0	0	0	1	1	0	0	0	0	0	1	0	0	0	0	1	1	0	1	1	1	0	1	-157.0	0.094	0.284	NaN	NaN	0.224	0.631	NaN	NaN	6.72	22.085	NaN	NaN	0.0	"2.5"	"F0034"	1	0	"PR"	705.111	"reverse"	130.173	1	1	0	924.318	0.0	1026.157	null	1731.893	0.086
-12.7	0.050875	26062.5	2784.375	2259.375	NaN	NaN	NaN	0	0	0	0	0	1	1	0	0	0	0	0	1	0	0	0	0	1	1	0	1	1	1	0	1	-152.0	0.093	0.284	NaN	NaN	0.221	0.631	NaN	NaN	6.63	22.085	NaN	NaN	0.0	"2.5"	"F0034"	1	0	"PR"	715.151	"reverse"	140.213	1	1	0	924.318	0.0	1026.157	null	1741.933	0.084
-11.9	0.050875	25687.5	2821.875	2250.0	NaN	NaN	NaN	0	0	0	0	0	0	0	0	0	0	0	0	0	0	0	0	0	0	0	0	1	0	0	0	1	-143.0	0.097	0.283	NaN	NaN	0.231	0.629	NaN	NaN	6.93	22.015	NaN	NaN	0.0	"2.5"	"F0034"	0	0	"PR"	725.19	"diffuse"	0.201	1	1	1	924.318	0.0	1026.157	null	1751.972	0.089
-0.6	0.051975	375.0	2962.5	2250.0	NaN	NaN	NaN	0	0	0	0	0	0	0	0	0	0	0	0	0	0	0	0	0	0	0	0	1	0	0	0	1	-7.0	0.111	0.283	NaN	NaN	0.264	0.629	NaN	NaN	7.92	22.015	NaN	NaN	0.0	"2.5"	"F0034"	0	0	"PR"	735.123	"diffuse"	10.134	1	1	1	924.318	0.0	1026.157	null	1761.905	0.083
0.6	0.05225	375.0	2971.875	2268.75	NaN	NaN	NaN	0	0	0	0	0	0	0	0	0	0	0	0	0	0	0	0	0	0	0	0	1	0	0	0	1	7.0	0.112	0.285	NaN	NaN	0.267	0.633	NaN	NaN	8.01	22.155	NaN	NaN	0.0	"2.5"	"F0034"	0	0	"PR"	745.163	"diffuse"	20.174	1	1	1	924.318	0.0	1026.157	null	1771.945	0.083
-0.7	0.05225	375.0	2971.875	2278.125	NaN	NaN	NaN	0	0	0	0	0	1	1	0	0	0	0	0	1	0	0	0	0	1	1	0	1	1	1	0	1	-8.0	0.112	0.286	NaN	NaN	0.267	0.636	NaN	NaN	8.01	22.26	NaN	NaN	0.0	"2.5"	"F0034"	1	0	"PR"	755.203	"wash-en"	0.201	1	1	1	924.318	0.0	1026.157	null	1781.985	0.089
-11.6	0.0517	24375.0	2793.75	2250.0	NaN	NaN	NaN	0	0	0	0	0	1	1	0	0	0	0	0	1	0	0	0	0	1	1	0	1	1	1	0	1	-139.0	0.094	0.283	NaN	NaN	0.224	0.629	NaN	NaN	6.72	22.015	NaN	NaN	0.0	"2.5"	"F0034"	1	0	"PR"	765.138	"wash-en"	10.136	1	1	1	924.318	0.0	1026.157	null	1791.92	0.085
-11.9	0.05225	26437.5	2793.75	2268.75	NaN	NaN	NaN	0	0	0	0	0	1	1	0	0	0	0	0	1	0	0	0	0	1	1	0	1	1	1	0	1	-143.0	0.094	0.285	NaN	NaN	0.224	0.633	NaN	NaN	6.72	22.155	NaN	NaN	0.0	"2.5"	"F0034"	1	0	"PR"	775.176	"wash-en"	20.174	1	1	1	924.318	0.0	1026.157	null	1801.958	0.086
0.3	0.052525	25312.5	2784.375	2287.5	NaN	NaN	NaN	0	0	0	0	0	1	1	0	0	0	0	0	1	0	0	0	0	0	0	0	1	0	0	0	1	4.0	0.093	0.287	NaN	NaN	0.221	0.638	NaN	NaN	6.63	22.33	NaN	NaN	0.0	"2.5"	"F0034"	0	0	"PR"	785.097	"wash-sc"	9.921	1	1	1	924.318	0.0	1026.157	null	1811.879	0.087
