cur	ec	mod-ps	rg-ps	di-ps	fw1-ps	fw2-ps	pf-ps	vlv-di-fill	vlv-di-in	vlv-di-out	vlv-rg-fill	vlv-rg-drain	vlv-rg-in	vlv-rg-out	vlv-fw1-in	vlv-fw1-out	vlv-fw2-in	vlv-po	vlv-mod-drain	pmp-sys	pmp-di	pmp-fw1	pmp-fw2	uv	en-anode1	en-cath1	pl-anode1	pl-cath1	en-anode2	en-cath2	pl-anode2	pl-cath2	pw	rg-he	di-he	fw1-he	fw2-he	rg-lev	di-lev	fw1-lev	fw2-lev	rg-vol	di-vol	fw1-vol	fw2-vol	pr-ec	ver	sn	mod-en	mod-pl	proc	proc-time	ph	ph-time	count	cyc	rnd	pr-last	rc-last	fr-last	halt-re	time	exec
-0.4	0.049225	12187.5	3150.0	3403.125	NaN	NaN	NaN	0	0	0	0	0	1	1	0	0	0	0	0	1	0	0	0	0	0	0	0	1	0	0	0	1	-5.0	0.13	0.388	NaN	NaN	0.31	0.862	NaN	NaN	9.3	30.17	NaN	NaN	0.0	"2.5"	"F0034"	0	0	"PR"	8.247	"prime"	6.625	0	0	0	0.0	0.0	0.0	null	10.038	0.087
-0.6	0.0495	12375.0	3121.875	3384.375	NaN	NaN	NaN	0	0	0	0	0	1	1	0	0	0	0	0	1	0	0	0	0	0	0	0	1	0	0	0	1	-7.0	0.127	0.386	NaN	NaN	0.302	0.858	NaN	NaN	9.06	30.03	NaN	NaN	0.0	"2.5"	"F0034"	0	0	"PR"	8.448	"prime"	6.826	0	0	0	0.0	0.0	0.0	null	10.239	0.091
-0.8	0.04895	12937.5	3112.5	3403.125	NaN	NaN	NaN	0	0	0	0	0	1	1	0	0	0	0	0	1	0	0	0	0	0	0	0	1	0	0	0	1	-10.0	0.126	0.388	NaN	NaN	0.3	0.862	NaN	NaN	9.0	30.17	NaN	NaN	0.0	"2.5"	"F0034"	0	0	"PR"	18.281	"prime"	16.659	0	0	0	0.0	0.0	0.0	null	20.072	0.086
-0.3	0.0484	14062.5	3131.25	3403.125	NaN	NaN	NaN	0	0	0	0	0	1	1	0	0	0	0	0	1	0	0	0	0	0	0	0	1	0	0	0	1	-4.0	0.128	0.388	NaN	NaN	0.305	0.862	NaN	NaN	9.15	30.17	NaN	NaN	0.0	"2.5"	"F0034"	0	0	"PR"	28.315	"prime"	26.693	0	0	0	0.0	0.0	0.0	null	30.106	0.084
-11.7	0.0484	18562.5	3271.875	3609.375	NaN	NaN	NaN	0	1	1	0	0	0	0	0	0	0	0	0	1	0	0	0	0	1	1	0	1	1	1	0	1	-140.0	0.142	0.409	NaN	NaN	0.338	0.909	NaN	NaN	10.14	31.815	NaN	NaN	0.0	"2.5"	"F0034"	1	0	"PR"	38.362	"deionize"	6.234	0	1	0	0.0	0.0	0.0	null	40.153	0.085
-11.8	0.0484	19125.0	3253.125	3609.375	NaN	NaN	NaN	0	1	1	0	0	0	0	0	0	0	0	0	1	0	0	0	0	1	1	0	1	1	1	0	1	-142.0	0.14	0.409	NaN	NaN	0.333	0.909	NaN	NaN	9.99	31.815	NaN	NaN	0.0	"2.5"	"F0034"	1	0	"PR"	48.398	"deionize"	16.27	0	1	0	0.0	0.0	0.0	null	50.189	0.084
-11.5	0.0484	17625.0	3253.125	3590.625	NaN	NaN	NaN	0	1	1	0	0	0	0	0	0	0	0	0	1	0	0	0	0	1	1	0	1	1	1	0	1	-138.0	0.14	0.407	NaN	NaN	0.333	0.904	NaN	NaN	9.99	31.64	NaN	NaN	0.0	"2.5"	"F0034"	1	0	"PR"	58.446	"deionize"	26.318	0	1	0	0.0	0.0	0.0	null	60.237	0.085
-12.0	0.048675	18937.5	3271.875	3562.5	NaN	NaN	NaN	0	1	1	0	0	0	0	0	0	0	0	0	1	0	0	0	0	1	1	0	1	1	1	0	1	-144.0	0.142	0.404	NaN	NaN	0.338	0.898	NaN	NaN	10.14	31.43	NaN	NaN	0.0	"2.5"	"F0034"	1	0	"PR"	68.481	"deionize"	36.353	0	1	0	0.0	0.0	0.0	null	70.272	0.084
-11.3	0.04785	17437.5	3262.5	3553.125	NaN	NaN	NaN	0	1	1	0	0	0	0	0	0	0	0	0	1	0	0	0	0	1	1	0	1	1	1	0	1	-136.0	0.141	0.403	NaN	NaN	0.336	0.896	NaN	NaN	10.08	31.36	NaN	NaN	0.0	"2.5"	"F0034"	1	0	"PR"	78.522	"deionize"	46.394	0	1	0	0.0	0.0	0.0	null	80.313	0.084
-11.7	0.0484	18562.5	3262.5	3600.0	NaN	NaN	NaN	0	1	1	0	0	0	0	0	0	0	0	0	1	0	0	0	0	1	1	0	1	1	1	0	1	-140.0	0.141	0.408	NaN	NaN	0.336	0.907	NaN	NaN	10.08	31.745	NaN	NaN	0.0	"2.5"	"F0034"	1	0	"PR"	88.362	"deionize"	56.234	0	1	0	0.0	0.0	0.0	null	90.153	0.091
-12.0	0.0484	19687.5	3262.5	3562.5	NaN	NaN	NaN	0	1	1	0	0	0	0	0	0	0	0	0	1	0	0	0	0	1	1	0	1	1	1	0	1	-144.0	0.141	0.404	NaN	NaN	0.336	0.898	NaN	NaN	10.08	31.43	NaN	NaN	0.0	"2.5"	"F0034"	1	0	"PR"	98.397	"deionize"	66.269	0	1	0	0.0	0.0	0.0	null	100.188	0.09
-12.7	0.0473	18375.0	3271.875	3553.125	NaN	NaN	NaN	0	1	1	0	0	0	0	0	0	0	0	0	1	0	0	0	0	1	1	0	1	1	1	0	1	-152.0	0.142	0.403	NaN	NaN	0.338	0.896	NaN	NaN	10.14	31.36	NaN	NaN	0.0	"2.5"	"F0034"	1	0	"PR"	108.434	"deionize"	76.306	0	1	0	0.0	0.0	0.0	null	110.225	0.091
-11.9	0.047025	16687.5	3253.125	3609.375	NaN	NaN	NaN	0	1	1	0	0	0	0	0	0	0	0	0	1	0	0	0	0	1	1	0	1	1	1	0	1	-143.0	0.14	0.409	NaN	NaN	0.333	0.909	NaN	NaN	9.99	31.815	NaN	NaN	0.0	"2.5"	"F0034"	1	0	"PR"	118.47	"deionize"	86.342	0	1	0	0.0	0.0	0.0	null	120.261	0.084
-12.6	0.046475	18750.0	3253.125	3618.75	NaN	NaN	NaN	0	1	1	0	0	0	0	0	0	0	0	0	1	0	0	0	0	1	1	0	1	1	1	0	1	-151.0	0.14	0.41	NaN	NaN	0.333	0.911	NaN	NaN	9.99	31.885	NaN	NaN	0.0	"2.5"	"F0034"	1	0	"PR"	128.502	"deionize"	96.374	0	1	0	0.0	0.0	0.0	null	130.293	0.084
-11.9	0.04565	17625.0	3262.5	3562.5	NaN	NaN	NaN	0	1	1	0	0	0	0	0	0	0	0	0	1	0	0	0	0	1	1	0	1	1	1	0	1	-143.0	0.141	0.404	NaN	NaN	0.336	0.898	NaN	NaN	10.08	31.43	NaN	NaN	0.0	"2.5"	"F0034"	1	0	"PR"	138.544	"deionize"	106.416	0	1	0	0.0	0.0	0.0	null	140.335	0.089
-11.4	0.0451	18750.0	3271.875	3543.75	NaN	NaN	NaN	0	1	1	0	0	0	0	0	0	0	0	0	1	0	0	0	0	1	1	0	1	1	1	0	1	-137.0	0.142	0.402	NaN	NaN	0.338	0.893	NaN	NaN	10.14	31.255	NaN	NaN	0.0	"2.5"	"F0034"	1	0	"PR"	148.582	"deionize"	116.454	0	1	0	0.0	0.0	0.0	null	150.373	0.087
-11.3	0.044	19125.0	3253.125	3590.625	NaN	NaN	NaN	0	1	1	0	0	0	0	0	0	0	0	0	1	0	0	0	0	1	1	0	1	1	1	0	1	-136.0	0.14	0.407	NaN	NaN	0.333	0.904	NaN	NaN	9.99	31.64	NaN	NaN	0.0	"2.5"	"F0034"	1	0	"PR"	158.418	"deionize"	126.29	0	1	0	0.0	0.0	0.0	null	160.209	0.09
-11.9	0.043725	19125.0	3262.5	3553.125	NaN	NaN	NaN	0	1	1	0	0	0	0	0	0	0	0	0	1	0	0	0	0	1	1	0	1	1	1	0	1	-143.0	0.141	0.403	NaN	NaN	0.336	0.896	NaN	NaN	10.08	31.36	NaN	NaN	0.0	"2.5"	"F0034"	1	0	"PR"	168.459	"deionize"	136.331	0	1	0	0.0	0.0	0.0	null	170.25	0.092
-12.0	0.044	18375.0	3262.5	3534.375	NaN	NaN	NaN	0	1	1	0	0	0	0	0	0	0	0	0	1	0	0	0	0	1	1	0	1	1	1	0	1	-144.0	0.141	0.401	NaN	NaN	0.336	0.891	NaN	NaN	10.08	31.185	NaN	NaN	0.0	"2.5"	"F0034"	1	0	"PR"	178.493	"deionize"	146.365	0	1	0	0.0	0.0	0.0	null	180.284	0.09
-12.4	0.0429	18000.0	3271.875	3515.625	NaN	NaN	NaN	0	1	1	0	0	0	0	0	0	0	0	0	1	0	0	0	0	1	1	0	1	1	1	0	1	-149.0	0.142	0.4	NaN	NaN	0.338	0.889	NaN	NaN	10.14	31.115	NaN	NaN	0.0	"2.5"	"F0034"	1	0	"PR"	188.534	"deionize"	156.406	0	1	0	0.0	0.0	0.0	null	190.325	0.093
-11.6	0.04235	17625.0	3290.625	3543.75	NaN	NaN	NaN	0	1	1	0	0	0	0	0	0	0	0	0	1	0	0	0	0	1	1	0	1	1	1	0	1	-139.0	0.144	0.402	NaN	NaN	0.343	0.893	NaN	NaN	10.29	31.255	NaN	NaN	0.0	"2.5"	"F0034"	1	0	"PR"	198.572	"deionize"	166.444	0	1	0	0.0	0.0	0.0	null	200.363	0.087
-11.9	0.040975	16687.5	3271.875	3581.25	NaN	NaN	NaN	0	1	1	0	0	0	0	0	0	0	0	0	1	0	0	0	0	1	1	0	1	1	1	0	1	-143.0	0.142	0.406	NaN	NaN	0.338	0.902	NaN	NaN	10.14	31.57	NaN	NaN	0.0	"2.5"	"F0034"	1	0	"PR"	208.609	"deionize"	176.481	0	1	0	0.0	0.0	0.0	null	210.4	0.087
-11.9	0.040975	16875.0	3262.5	3600.0	NaN	NaN	NaN	0	1	1	0	0	0	0	0	0	0	0	0	1	0	0	0	0	1	1	0	1	1	1	0	1	-143.0	0.141	0.408	NaN	NaN	0.336	0.907	NaN	NaN	10.08	31.745	NaN	NaN	0.0	"2.5"	"F0034"	1	0	"PR"	218.65	"deionize"	186.522	0	1	0	0.0	0.0	0.0	null	220.441	0.089
-12.0	0.040425	17437.5	3262.5	3553.125	NaN	NaN	NaN	0	1	1	0	0	0	0	0	0	0	0	0	1	0	0	0	0	1	1	0	1	1	1	0	1	-144.0	0.141	0.403	NaN	NaN	0.336	0.896	NaN	NaN	10.08	31.36	NaN	NaN	0.0	"2.5"	"F0034"	1	0	"PR"	228.485	"deionize"	196.357	0	1	0	0.0	0.0	0.0	null	230.276	0.088
-12.3	0.04015	17437.5	3262.5	3562.5	NaN	NaN	NaN	0	1	1	0	0	0	0	0	0	0	0	0	1	0	0	0	0	1	1	0	1	1	1	0	1	-148.0	0.141	0.404	NaN	NaN	0.336	0.898	NaN	NaN	10.08	31.43	NaN	NaN	0.0	"2.5"	"F0034"	1	0	"PR"	238.525	"deionize"	206.397	0	1	0	0.0	0.0	0.0	null	240.316	0.091
-11.7	0.03905	18937.5	3253.125	3571.875	NaN	NaN	NaN	0	1	1	0	0	0	0	0	0	0	0	0	1	0	0	0	0	1	1	0	1	1	1	0	1	-140.0	0.14	0.405	NaN	NaN	0.333	0.9	NaN	NaN	9.99	31.5	NaN	NaN	0.0	"2.5"	"F0034"	1	0	"PR"	248.562	"deionize"	216.434	0	1	0	0.0	0.0	0.0	null	250.353	0.087
-12.1	0.038225	18187.5	3262.5	3628.125	NaN	NaN	NaN	0	1	1	0	0	0	0	0	0	0	0	0	1	0	0	0	0	1	1	0	1	1	1	0	1	-145.0	0.141	0.411	NaN	NaN	0.336	0.913	NaN	NaN	10.08	31.955	NaN	NaN	0.0	"2.5"	"F0034"	1	0	"PR"	258.594	"deionize"	226.466	0	1	0	0.0	0.0	0.0	null	260.385	0.087
-11.6	0.03795	16875.0	3253.125	3562.5	NaN	NaN	NaN	0	1	1	0	0	0	0	0	0	0	0	0	1	0	0	0	0	1	1	0	1	1	1	0	1	-139.0	0.14	0.404	NaN	NaN	0.333	0.898	NaN	NaN	9.99	31.43	NaN	NaN	0.0	"2.5"	"F0034"	1	0	"PR"	268.63	"deionize"	236.502	0	1	0	0.0	0.0	0.0	null	270.421	0.088
-11.6	0.037125	16875.0	3253.125	3562.5	NaN	NaN	NaN	0	1	1	0	0	0	0	0	0	0	0	0	1	0	0	0	0	1	1	0	1	1	1	0	1	-139.0	0.14	0.404	NaN	NaN	0.333	0.898	NaN	NaN	9.99	31.43	NaN	NaN	0.0	"2.5"	"F0034"	1	0	"PR"	278.672	"deionize"	246.544	0	1	0	0.0	0.0	0.0	null	280.463	0.09
-10.8	0.0363	17812.5	3271.875	3590.625	NaN	NaN	NaN	0	1	1	0	0	0	0	0	0	0	0	0	1	0	0	0	0	1	1	0	1	1	1	0	1	-130.0	0.142	0.407	NaN	NaN	0.338	0.904	NaN	NaN	10.14	31.64	NaN	NaN	0.0	"2.5"	"F0034"	1	0	"PR"	288.704	"deionize"	256.576	0	1	0	0.0	0.0	0.0	null	290.495	0.091
-10.6	0.036025	17437.5	3253.125	3571.875	NaN	NaN	NaN	0	1	1	0	0	0	0	0	0	0	0	0	1	0	0	0	0	1	1	0	1	1	1	0	1	-127.0	0.14	0.405	NaN	NaN	0.333	0.9	NaN	NaN	9.99	31.5	NaN	NaN	0.0	"2.5"	"F0034"	1	0	"PR"	298.546	"deionize"	266.418	0	1	0	0.0	0.0	0.0	null	300.337	0.086
-10.8	0.036025	17625.0	3262.5	3543.75	NaN	NaN	NaN	0	1	1	0	0	0	0	0	0	0	0	0	1	0	0	0	0	1	1	0	1	1	1	0	1	-130.0	0.141	0.402	NaN	NaN	0.336	0.893	NaN	NaN	10.08	31.255	NaN	NaN	0.0	"2.5"	"F0034"	1	0	"PR"	308.583	"deionize"	276.455	0	1	0	0.0	0.0	0.0	null	310.374	0.087
-10.6	0.0352	19125.0	3253.125	3600.0	NaN	NaN	NaN	0	1	1	0	0	0	0	0	0	0	0	0	1	0	0	0	0	1	1	0	1	1	1	0	1	-127.0	0.14	0.408	NaN	NaN	0.333	0.907	NaN	NaN	9.99	31.745	NaN	NaN	0.0	"2.5"	"F0034"	1	0	"PR"	318.618	"deionize"	286.49	0	1	0	0.0	0.0	0.0	null	320.409	0.087
-10.0	0.034925	19125.0	3253.125	3562.5	NaN	NaN	NaN	0	1	1	0	0	0	0	0	0	0	0	0	1	0	0	0	0	1	1	0	1	1	1	0	1	-120.0	0.14	0.404	NaN	NaN	0.333	0.898	NaN	NaN	9.99	31.43	NaN	NaN	0.0	"2.5"	"F0034"	1	0	"PR"	328.657	"deionize"	296.529	0	1	0	0.0	0.0	0.0	null	330.448	0.088
-10.6	0.0341	18187.5	3253.125	3628.125	NaN	NaN	NaN	0	1	1	0	0	0	0	0	0	0	0	0	1	0	0	0	0	1	1	0	1	1	1	0	1	-127.0	0.14	0.411	NaN	NaN	0.333	0.913	NaN	NaN	9.99	31.955	NaN	NaN	0.0	"2.5"	"F0034"	1	0	"PR"	338.691	"deionize"	306.563	0	1	0	0.0	0.0	0.0	null	340.482	0.091
-9.6	0.033825	16312.5	3290.625	3553.125	NaN	NaN	NaN	0	1	1	0	0	0	0	0	0	0	0	0	1	0	0	0	0	1	1	0	1	1	1	0	1	-115.0	0.144	0.403	NaN	NaN	0.343	0.896	NaN	NaN	10.29	31.36	NaN	NaN	0.0	"2.5"	"F0034"	1	0	"PR"	348.727	"deionize"	316.599	0	1	0	0.0	0.0	0.0	null	350.518	0.091
-8.9	0.033825	17437.5	3262.5	3515.625	NaN	NaN	NaN	0	1	1	0	0	0	0	0	0	0	0	0	1	0	0	0	0	1	1	0	1	1	1	0	1	-107.0	0.141	0.4	NaN	NaN	0.336	0.889	NaN	NaN	10.08	31.115	NaN	NaN	0.0	"2.5"	"F0034"	1	0	"PR"	358.764	"deionize"	326.636	0	1	0	0.0	0.0	0.0	null	360.555	0.091
-9.8	0.033275	18375.0	3271.875	3581.25	NaN	NaN	NaN	0	1	1	0	0	0	0	0	0	0	0	0	1	0	0	0	0	1	1	0	1	1	1	0	1	-118.0	0.142	0.406	NaN	NaN	0.338	0.902	NaN	NaN	10.14	31.57	NaN	NaN	0.0	"2.5"	"F0034"	1	0	"PR"	368.801	"deionize"	336.673	0	1	0	0.0	0.0	0.0	null	370.592	0.094
-9.3	0.032725	18562.5	3271.875	3600.0	NaN	NaN	NaN	0	1	1	0	0	0	0	0	0	0	0	0	1	0	0	0	0	1	1	0	1	1	1	0	1	-112.0	0.142	0.408	NaN	NaN	0.338	0.907	NaN	NaN	10.14	31.745	NaN	NaN	0.0	"2.5"	"F0034"	1	0	"PR"	378.638	"deionize"	346.51	0	1	0	0.0	0.0	0.0	null	380.429	0.085
-10.0	0.033275	19500.0	3253.125	3562.5	NaN	NaN	NaN	0	1	1	0	0	0	0	0	0	0	0	0	1	0	0	0	0	1	1	0	1	1	1	0	1	-120.0	0.14	0.404	NaN	NaN	0.333	0.898	NaN	NaN	9.99	31.43	NaN	NaN	0.0	"2.5"	"F0034"	1	0	"PR"	388.677	"deionize"	356.549	0	1	0	0.0	0.0	0.0	null	390.468	0.086
-9.2	0.032175	18000.0	3253.125	3600.0	NaN	NaN	NaN	0	1	1	0	0	0	0	0	0	0	0	0	1	0	0	0	1	1	1	0	1	1	1	0	1	-110.0	0.14	0.408	NaN	NaN	0.333	0.907	NaN	NaN	9.99	31.745	NaN	NaN	0.0	"2.5"	"F0034"	1	0	"PR"	398.821	"deionize-uv"	6.532	0	1	0	0.0	0.0	0.0	null	400.612	0.09
-8.9	0.032725	17812.5	3262.5	3562.5	NaN	NaN	NaN	0	1	1	0	0	0	0	0	0	0	0	0	1	0	0	0	1	1	1	0	1	1	1	0	1	-107.0	0.141	0.404	NaN	NaN	0.336	0.898	NaN	NaN	10.08	31.43	NaN	NaN	0.0	"2.5"	"F0034"	1	0	"PR"	408.66	"deionize-uv"	16.371	0	1	0	0.0	0.0	0.0	null	410.451	0.086
-9.5	0.032175	18375.0	3253.125	3600.0	NaN	NaN	NaN	0	1	1	0	0	0	0	0	0	0	0	0	1	0	0	0	1	1	1	0	1	1	1	0	1	-114.0	0.14	0.408	NaN	NaN	0.333	0.907	NaN	NaN	9.99	31.745	NaN	NaN	0.0	"2.5"	"F0034"	1	0	"PR"	418.7	"deionize-uv"	26.411	0	1	0	0.0	0.0	0.0	null	420.491	0.086
-8.4	0.03245	18937.5	3253.125	3600.0	NaN	NaN	NaN	0	1	1	0	0	0	0	0	0	0	0	0	1	0	0	0	1	1	1	0	1	1	1	0	1	-101.0	0.14	0.408	NaN	NaN	0.333	0.907	NaN	NaN	9.99	31.745	NaN	NaN	0.0	"2.5"	"F0034"	1	0	"PR"	428.738	"deionize-uv"	36.449	0	1	0	0.0	0.0	0.0	null	430.529	0.085
-8.8	0.0308	18562.5	3253.125	3609.375	NaN	NaN	NaN	0	1	1	0	0	0	0	0	0	0	0	0	1	0	0	0	1	1	1	0	1	1	1	0	1	-106.0	0.14	0.409	NaN	NaN	0.333	0.909	NaN	NaN	9.99	31.815	NaN	NaN	0.0	"2.5"	"F0034"	1	0	"PR"	438.773	"deionize-uv"	46.484	0	1	0	0.0	0.0	0.0	null	440.564	0.086
-9.8	0.031075	18375.0	3253.125	3600.0	NaN	NaN	NaN	0	1	1	0	0	0	0	0	0	0	0	0	1	0	0	0	1	1	1	0	1	1	1	0	1	-118.0	0.14	0.408	NaN	NaN	0.333	0.907	NaN	NaN	9.99	31.745	NaN	NaN	0.0	"2.5"	"F0034"	1	0	"PR"	448.812	"deionize-uv"	56.523	0	1	0	0.0	0.0	0.0	null	450.603	0.086
-6.8	0.031075	30750.0	3243.75	3234.375	NaN	NaN	NaN	0	0	1	0	0	0	0	1	0	0	0	0	1	0	0	0	1	1	1	0	1	1	1	0	1	-82.0	0.139	0.371	NaN	NaN	0.331	0.824	NaN	NaN	9.93	28.84	NaN	NaN	0.0	"2.5"	"F0034"	1	0	"PR"	458.89	"drip-di-1"	5.533	0	1	0	0.0	0.0	0.0	null	460.681	0.084
-8.7	0.0308	42187.5	3253.125	3084.375	NaN	NaN	NaN	0	0	1	0	0	0	0	1	0	0	0	0	1	0	0	0	1	1	1	0	1	1	1	0	1	-104.0	0.14	0.356	NaN	NaN	0.333	0.791	NaN	NaN	9.99	27.685	NaN	NaN	0.0	"2.5"	"F0034"	1	0	"PR"	468.927	"drip-di-1"	15.57	0	1	0	0.0	0.0	0.0	null	470.718	0.086
12.5	0.030525	17250.0	3356.25	3253.125	NaN	NaN	NaN	1	0	0	0	0	1	1	0	0	0	0	0	1	1	0	0	0	1	1	1	0	1	1	1	0	150.0	0.151	0.373	NaN	NaN	0.36	0.829	NaN	NaN	10.8	29.015	NaN	NaN	0.0	"2.5"	"F0034"	1	1	"PR"	478.931	"reverse-f"	7.392	0	1	0	0.0	0.0	0.0	null	480.722	0.087
11.6	0.03135	16125.0	3365.625	3365.625	NaN	NaN	NaN	0	0	0	0	0	1	1	0	0	0	0	0	1	0	0	0	0	1	1	1	0	1	1	1	0	139.0	0.152	0.385	NaN	NaN	0.362	0.856	NaN	NaN	10.86	29.96	NaN	NaN	0.0	"2.5"	"F0034"	1	1	"PR"	488.876	"reverse"	17.337	0	1	0	0.0	0.0	0.0	null	490.667	0.086
12.4	0.0341	14812.5	3421.875	3384.375	NaN	NaN	NaN	0	0	0	0	0	1	1	0	0	0	0	0	1	0	0	0	0	1	1	1	0	1	1	1	0	149.0	0.157	0.386	NaN	NaN	0.374	0.858	NaN	NaN	11.22	30.03	NaN	NaN	0.0	"2.5"	"F0034"	1	1	"PR"	498.913	"reverse"	27.374	0	1	0	0.0	0.0	0.0	null	500.704	0.086
13.2	0.037675	14437.5	3440.625	3384.375	NaN	NaN	NaN	0	0	0	0	0	1	1	0	0	0	0	0	1	0	0	0	0	1	1	1	0	1	1	1	0	158.0	0.159	0.386	NaN	NaN	0.379	0.858	NaN	NaN	11.37	30.03	NaN	NaN	0.0	"2.5"	"F0034"	1	1	"PR"	508.951	"reverse"	37.412	0	1	0	0.0	0.0	0.0	null	510.742	0.088
12.4	0.0418	12000.0	3431.25	3365.625	NaN	NaN	NaN	0	0	0	0	0	1	1	0	0	0	0	0	1	0	0	0	0	1	1	1	0	1	1	1	0	149.0	0.158	0.385	NaN	NaN	0.376	0.856	NaN	NaN	11.28	29.96	NaN	NaN	0.0	"2.5"	"F0034"	1	1	"PR"	518.985	"reverse"	47.446	0	1	0	0.0	0.0	0.0	null	520.776	0.087
12.6	0.0451	13500.0	3440.625	3365.625	NaN	NaN	NaN	0	0	0	0	0	1	1	0	0	0	0	0	1	0	0	0	0	1	1	1	0	1	1	1	0	151.0	0.159	0.385	NaN	NaN	0.379	0.856	NaN	NaN	11.37	29.96	NaN	NaN	0.0	"2.5"	"F0034"	1	1	"PR"	528.821	"reverse"	57.282	0	1	0	0.0	0.0	0.0	null	530.612	0.083
13.4	0.048675	13125.0	3496.875	3375.0	NaN	NaN	NaN	0	0	0	0	0	1	1	0	0	0	0	0	1	0	0	0	0	1	1	1	0	1	1	1	0	161.0	0.165	0.386	NaN	NaN	0.393	0.858	NaN	NaN	11.79	30.03	NaN	NaN	0.0	"2.5"	"F0034"	1	1	"PR"	538.861	"reverse"	67.322	0	1	0	0.0	0.0	0.0	null	540.652	0.087
12.4	0.0517	13687.5	3459.375	3375.0	NaN	NaN	NaN	0	0	0	0	0	1	1	0	0	0	0	0	1	0	0	0	0	1	1	1	0	1	1	1	0	149.0	0.161	0.386	NaN	NaN	0.383	0.858	NaN	NaN	11.49	30.03	NaN	NaN	0.0	"2.5"	"F0034"	1	1	"PR"	548.9	"reverse"	77.361	0	1	0	0.0	0.0	0.0	null	550.691	0.083
13.0	0.053075	13687.5	3450.0	3365.625	NaN	NaN	NaN	0	0	0	0	0	1	1	0	0	0	0	0	1	0	0	0	0	1	1	1	0	1	1	1	0	156.0	0.16	0.385	NaN	NaN	0.381	0.856	NaN	NaN	11.43	29.96	NaN	NaN	0.0	"2.5"	"F0034"	1	1	"PR"	558.939	"reverse"	87.4	0	1	0	0.0	0.0	0.0	null	560.73	0.088
14.2	0.05445	13687.5	3487.5	3375.0	NaN	NaN	NaN	0	0	0	0	0	1	1	0	0	0	0	0	1	0	0	0	0	1	1	1	0	1	1	1	0	170.0	0.164	0.386	NaN	NaN	0.39	0.858	NaN	NaN	11.7	30.03	NaN	NaN	0.0	"2.5"	"F0034"	1	1	"PR"	568.974	"reverse"	97.435	0	1	0	0.0	0.0	0.0	null	570.765	0.083
12.8	0.055275	12937.5	3525.0	3365.625	NaN	NaN	NaN	0	0	0	0	0	1	1	0	0	0	0	0	1	0	0	0	0	1	1	1	0	1	1	1	0	154.0	0.167	0.385	NaN	NaN	0.398	0.856	NaN	NaN	11.94	29.96	NaN	NaN	0.0	"2.5"	"F0034"	1	1	"PR"	579.009	"reverse"	107.47	0	1	0	0.0	0.0	0.0	null	580.8	0.085
14.1	0.055	13125.0	3487.5	3393.75	NaN	NaN	NaN	0	0	0	0	0	1	1	0	0	0	0	0	1	0	0	0	0	1	1	1	0	1	1	1	0	169.0	0.164	0.387	NaN	NaN	0.39	0.86	NaN	NaN	11.7	30.1	NaN	NaN	0.0	"2.5"	"F0034"	1	1	"PR"	589.05	"reverse"	117.511	0	1	0	0.0	0.0	0.0	null	590.841	0.085
12.3	0.055275	12937.5	3525.0	3375.0	NaN	NaN	NaN	0	0	0	0	0	1	1	0	0	0	0	0	1	0	0	0	0	1	1	1	0	1	1	1	0	148.0	0.167	0.386	NaN	NaN	0.398	0.858	NaN	NaN	11.94	30.03	NaN	NaN	0.0	"2.5"	"F0034"	1	1	"PR"	598.883	"reverse"	127.344	0	1	0	0.0	0.0	0.0	null	600.674	0.084
12.3	0.05445	12937.5	3506.25	3384.375	NaN	NaN	NaN	0	0	0	0	0	1	1	0	0	0	0	0	1	0	0	0	0	1	1	1	0	1	1	1	0	148.0	0.166	0.386	NaN	NaN	0.395	0.858	NaN	NaN	11.85	30.03	NaN	NaN	0.0	"2.5"	"F0034"	1	1	"PR"	608.922	"reverse"	137.383	0	1	0	0.0	0.0	0.0	null	610.713	0.09
13.3	0.054175	13312.5	3515.625	3393.75	NaN	NaN	NaN	0	0	0	0	0	1	1	0	0	0	0	0	1	0	0	0	0	1	1	1	0	1	1	1	0	160.0	0.167	0.387	NaN	NaN	0.398	0.86	NaN	NaN	11.94	30.1	NaN	NaN	0.0	"2.5"	"F0034"	1	1	"PR"	618.96	"reverse"	147.421	0	1	0	0.0	0.0	0.0	null	620.751	0.085
4.5	0.054175	5812.5	3609.375	3403.125	NaN	NaN	NaN	0	0	0	0	0	0	0	0	0	0	0	0	0	0	0	0	0	0	0	0	1	0	0	0	1	54.0	0.176	0.388	NaN	NaN	0.419	0.862	NaN	NaN	12.57	30.17	NaN	NaN	0.0	"2.5"	"F0034"	0	0	"PR"	629.079	"diffuse"	7.511	0	1	1	0.0	0.0	0.0	null	630.87	0.086
2.2	0.054725	8625.0	3618.75	3384.375	NaN	NaN	NaN	0	0	0	0	0	0	0	0	0	0	0	0	0	0	0	0	0	0	0	0	1	0	0	0	1	26.0	0.177	0.386	NaN	NaN	0.421	0.858	NaN	NaN	12.63	30.03	NaN	NaN	0.0	"2.5"	"F0034"	0	0	"PR"	639.11	"diffuse"	17.542	0	1	1	0.0	0.0	0.0	null	640.901	0.083
2.5	0.05445	8625.0	3609.375	3365.625	NaN	NaN	NaN	0	0	0	0	0	0	0	0	0	0	0	0	0	0	0	0	0	0	0	0	1	0	0	0	1	30.0	0.176	0.385	NaN	NaN	0.419	0.856	NaN	NaN	12.57	29.96	NaN	NaN	0.0	"2.5"	"F0034"	0	0	"PR"	648.948	"diffuse"	27.38	0	1	1	0.0	0.0	0.0	null	650.739	0.092
2.5	0.05445	9187.5	3618.75	3384.375	NaN	NaN	NaN	0	0	0	0	0	0	0	0	0	0	0	0	0	0	0	0	0	0	0	0	1	0	0	0	1	30.0	0.177	0.386	NaN	NaN	0.421	0.858	NaN	NaN	12.63	30.03	NaN	NaN	0.0	"2.5"	"F0034"	0	0	"PR"	658.98	"diffuse"	37.412	0	1	1	0.0	0.0	0.0	null	660.771	0.09
2.3	0.05445	10500.0	3609.375	3375.0	NaN	NaN	NaN	0	0	0	0	0	0	0	0	0	0	0	0	0	0	0	0	0	0	0	0	1	0	0	0	1	28.0	0.176	0.386	NaN	NaN	0.419	0.858	NaN	NaN	12.57	30.03	NaN	NaN	0.0	"2.5"	"F0034"	0	0	"PR"	669.011	"diffuse"	47.443	0	1	1	0.0	0.0	0.0	null	670.802	0.084
2.3	0.054175	11062.5	3609.375	3365.625	NaN	NaN	NaN	0	0	0	0	0	0	0	0	0	0	0	0	0	0	0	0	0	0	0	0	1	0	0	0	1	28.0	0.176	0.385	NaN	NaN	0.419	0.856	NaN	NaN	12.57	29.96	NaN	NaN	0.0	"2.5"	"F0034"	0	0	"PR"	679.053	"diffuse"	57.485	0	1	1	0.0	0.0	0.0	null	680.844	0.085
12.6	0.053625	13125.0	3478.125	3375.0	NaN	NaN	NaN	0	0	0	0	0	1	1	0	0	0	0	0	1	0	0	0	0	1	1	1	0	1	1	1	0	151.0	0.163	0.386	NaN	NaN	0.388	0.858	NaN	NaN	11.64	30.03	NaN	NaN	0.0	"2.5"	"F0034"	1	1	"PR"	689.18	"wash-en"	7.517	0	1	1	0.0	0.0	0.0	null	690.971	0.083
12.5	0.054175	12750.0	3496.875	3375.0	NaN	NaN	NaN	0	0	0	0	0	1	1	0	0	0	0	0	1	0	0	0	0	1	1	1	0	1	1	1	0	150.0	0.165	0.386	NaN	NaN	0.393	0.858	NaN	NaN	11.79	30.03	NaN	NaN	0.0	"2.5"	"F0034"	1	1	"PR"	699.022	"wash-en"	17.359	0	1	1	0.0	0.0	0.0	null	700.813	0.089
1.8	0.055275	12937.5	3506.25	3384.375	NaN	NaN	NaN	0	0	0	0	0	1	1	0	0	0	0	0	1	0	0	0	0	0	0	0	1	0	0	0	1	22.0	0.166	0.386	NaN	NaN	0.395	0.858	NaN	NaN	11.85	30.03	NaN	NaN	0.0	"2.5"	"F0034"	0	0	"PR"	709.16	"wash-sc"	7.324	0	1	1	0.0	0.0	0.0	null	710.951	0.088
2.3	0.055275	6187.5	3618.75	3393.75	NaN	NaN	NaN	0	0	0	0	0	0	0	0	0	0	0	0	0	0	0	0	0	0	0	0	1	0	0	0	1	28.0	0.177	0.387	NaN	NaN	0.421	0.86	NaN	NaN	12.63	30.1	NaN	NaN	0.0	"2.5"	"F0034"	0	0	"PR"	719.196	"diffuse"	7.227	0	1	2	0.0	0.0	0.0	null	720.987	0.086
2.1	0.055275	7125.0	3618.75	3393.75	NaN	NaN	NaN	0	0	0	0	0	0	0	0	0	0	0	0	0	0	0	0	0	0	0	0	1	0	0	0	1	25.0	0.177	0.387	NaN	NaN	0.421	0.86	NaN	NaN	12.63	30.1	NaN	NaN	0.0	"2.5"	"F0034"	0	0	"PR"	729.04	"diffuse"	17.071	0	1	2	0.0	0.0	0.0	null	730.831	0.091
1.9	0.055	8437.5	3618.75	3393.75	NaN	NaN	NaN	0	0	0	0	0	0	0	0	0	0	0	0	0	0	0	0	0	0	0	0	1	0	0	0	1	23.0	0.177	0.387	NaN	NaN	0.421	0.86	NaN	NaN	12.63	30.1	NaN	NaN	0.0	"2.5"	"F0034"	0	0	"PR"	739.077	"diffuse"	27.108	0	1	2	0.0	0.0	0.0	null	740.868	0.09
1.8	0.05555	9000.0	3637.5	3375.0	NaN	NaN	NaN	0	0	0	0	0	0	0	0	0	0	0	0	0	0	0	0	0	0	0	0	1	0	0	0	1	22.0	0.179	0.386	NaN	NaN	0.426	0.858	NaN	NaN	12.78	30.03	NaN	NaN	0.0	"2.5"	"F0034"	0	0	"PR"	749.11	"diffuse"	37.141	0	1	2	0.0	0.0	0.0	null	750.901	0.09
3.2	0.055	9750.0	3609.375	3384.375	NaN	NaN	NaN	0	0	0	0	0	0	0	0	0	0	0	0	0	0	0	0	0	0	0	0	1	0	0	0	1	38.0	0.176	0.386	NaN	NaN	0.419	0.858	NaN	NaN	12.57	30.03	NaN	NaN	0.0	"2.5"	"F0034"	0	0	"PR"	759.152	"diffuse"	47.183	0	1	2	0.0	0.0	0.0	null	760.943	0.095
2.5	0.055	8812.5	3618.75	3393.75	NaN	NaN	NaN	0	0	0	0	0	0	0	0	0	0	0	0	0	0	0	0	0	0	0	0	1	0	0	0	1	30.0	0.177	0.387	NaN	NaN	0.421	0.86	NaN	NaN	12.63	30.1	NaN	NaN	0.0	"2.5"	"F0034"	0	0	"PR"	769.181	"diffuse"	57.212	0	1	2	0.0	0.0	0.0	null	770.972	0.09
13.2	0.055275	13687.5	3487.5	3365.625	NaN	NaN	NaN	0	0	0	0	0	1	1	0	0	0	0	0	1	0	0	0	0	1	1	1	0	1	1	1	0	158.0	0.164	0.385	NaN	NaN	0.39	0.856	NaN	NaN	11.7	29.96	NaN	NaN	0.0	"2.5"	"F0034"	1	1	"PR"	779.102	"wash-en"	7.112	0	1	2	0.0	0.0	0.0	null	780.893	0.09
12.6	0.055	13125.0	3562.5	3337.5	NaN	NaN	NaN	0	0	0	0	0	1	1	0	0	0	0	0	1	0	0	0	0	1	1	1	0	1	1	1	0	151.0	0.171	0.382	NaN	NaN	0.407	0.849	NaN	NaN	12.21	29.715	NaN	NaN	0.0	"2.5"	"F0034"	1	1	"PR"	789.142	"wash-en"	17.152	0	1	2	0.0	0.0	0.0	null	790.933	0.091
0.6	0.055275	12750.0	3487.5	3384.375	NaN	NaN	NaN	0	0	0	0	0	1	1	0	0	0	0	0	1	0	0	0	0	0	0	0	1	0	0	0	1	7.0	0.164	0.386	NaN	NaN	0.39	0.858	NaN	NaN	11.7	30.03	NaN	NaN	0.0	"2.5"	"F0034"	0	0	"PR"	799.27	"wash-sc"	7.119	0	1	2	0.0	0.0	0.0	null	801.061	0.086
1.3	0.055	4687.5	3628.125	3384.375	NaN	NaN	NaN	0	0	0	0	0	0	0	0	0	0	0	0	0	0	0	0	0	0	0	0	1	0	0	0	1	16.0	0.178	0.386	NaN	NaN	0.424	0.858	NaN	NaN	12.72	30.03	NaN	NaN	0.0	"2.5"	"F0034"	0	0	"PR"	809.304	"diffuse"	7.025	0	1	3	0.0	0.0	0.0	null	811.095	0.086
1.9	0.055275	6187.5	3628.125	3393.75	NaN	NaN	NaN	0	0	0	0	0	0	0	0	0	0	0	0	0	0	0	0	0	0	0	0	1	0	0	0	1	23.0	0.178	0.387	NaN	NaN	0.424	0.86	NaN	NaN	12.72	30.1	NaN	NaN	0.0	"2.5"	"F0034"	0	0	"PR"	819.145	"diffuse"	16.866	0	1	3	0.0	0.0	0.0	null	820.936	0.093
1.1	0.05445	7500.0	3646.875	3384.375	NaN	NaN	NaN	0	0	0	0	0	0	0	0	0	0	0	0	0	0	0	0	0	0	0	0	1	0	0	0	1	13.0	0.18	0.386	NaN	NaN	0.429	0.858	NaN	NaN	12.87	30.03	NaN	NaN	0.0	"2.5"	"F0034"	0	0	"PR"	829.177	"diffuse"	26.898	0	1	3	0.0	0.0	0.0	null	830.968	0.09
1.4	0.05555	9000.0	3637.5	3384.375	NaN	NaN	NaN	0	0	0	0	0	0	0	0	0	0	0	0	0	0	0	0	0	0	0	0	1	0	0	0	1	17.0	0.179	0.386	NaN	NaN	0.426	0.858	NaN	NaN	12.78	30.03	NaN	NaN	0.0	"2.5"	"F0034"	0	0	"PR"	839.213	"diffuse"	36.934	0	1	3	0.0	0.0	0.0	null	841.004	0.09
1.3	0.055	9750.0	3618.75	3375.0	NaN	NaN	NaN	0	0	0	0	0	0	0	0	0	0	0	0	0	0	0	0	0	0	0	0	1	0	0	0	1	16.0	0.177	0.386	NaN	NaN	0.421	0.858	NaN	NaN	12.63	30.03	NaN	NaN	0.0	"2.5"	"F0034"	0	0	"PR"	849.253	"diffuse"	46.974	0	1	3	0.0	0.0	0.0	null	851.044	0.095
1.7	0.054725	9187.5	3628.125	3375.0	NaN	NaN	NaN	0	0	0	0	0	0	0	0	0	0	0	0	0	0	0	0	0	0	0	0	1	0	0	0	1	20.0	0.178	0.386	NaN	NaN	0.424	0.858	NaN	NaN	12.72	30.03	NaN	NaN	0.0	"2.5"	"F0034"	0	0	"PR"	859.291	"diffuse"	57.012	0	1	3	0.0	0.0	0.0	null	861.082	0.09
11.2	0.054175	12750.0	3487.5	3365.625	NaN	NaN	NaN	0	0	0	0	0	1	1	0	0	0	0	0	1	0	0	0	0	1	1	1	0	1	1	1	0	134.0	0.164	0.385	NaN	NaN	0.39	0.856	NaN	NaN	11.7	29.96	NaN	NaN	0.0	"2.5"	"F0034"	1	1	"PR"	869.22	"wash-en"	6.917	0	1	3	0.0	0.0	0.0	null	871.011	0.09
12.6	0.05445	13125.0	3496.875	3356.25	NaN	NaN	NaN	0	0	0	0	0	1	1	0	0	0	0	0	1	0	0	0	0	1	1	1	0	1	1	1	0	151.0	0.165	0.384	NaN	NaN	0.393	0.853	NaN	NaN	11.79	29.855	NaN	NaN	0.0	"2.5"	"F0034"	1	1	"PR"	879.262	"wash-en"	16.959	0	1	3	0.0	0.0	0.0	null	881.053	0.09
0.6	0.055275	14812.5	3534.375	3384.375	NaN	NaN	NaN	0	0	0	0	0	1	1	0	0	0	0	0	1	0	0	0	0	0	0	0	1	0	0	0	1	7.0	0.168	0.386	NaN	NaN	0.4	0.858	NaN	NaN	12.0	30.03	NaN	NaN	0.0	"2.5"	"F0034"	0	0	"PR"	889.393	"wash-sc"	6.918	0	1	3	0.0	0.0	0.0	null	891.184	0.09
1.0	0.054725	3562.5	3187.5	3384.375	NaN	NaN	NaN	0	0	0	0	1	0	0	0	0	0	0	0	0	0	0	0	0	0	0	0	1	0	0	0	1	12.0	0.134	0.386	NaN	NaN	0.319	0.858	NaN	NaN	9.57	30.03	NaN	NaN	0.0	"2.5"	"F0034"	0	0	"PR"	899.226	"drain-rg"	6.623	0	1	3	0.0	0.0	0.0	null	901.017	0.086
1.1	0.054175	3750.0	2821.875	3365.625	NaN	NaN	NaN	0	0	0	0	1	0	0	0	0	0	0	0	0	0	0	0	0	0	0	0	1	0	0	0	1	13.0	0.097	0.385	NaN	NaN	0.231	0.856	NaN	NaN	6.93	29.96	NaN	NaN	0.0	"2.5"	"F0034"	0	0	"PR"	909.264	"drain-rg"	16.661	0	1	3	0.0	0.0	0.0	null	911.055	0.091
0.6	0.055	3750.0	2475.0	3393.75	NaN	NaN	NaN	0	0	0	0	1	0	0	0	0	0	0	0	0	0	0	0	0	0	0	0	1	0	0	0	1	7.0	0.062	0.387	NaN	NaN	0.148	0.86	NaN	NaN	4.44	30.1	NaN	NaN	0.0	"2.5"	"F0034"	0	0	"PR"	919.3	"drain-rg"	26.697	0	1	3	0.0	0.0	0.0	null	921.091	0.087
1.1	0.055275	4125.0	2081.25	3403.125	NaN	NaN	NaN	0	0	0	0	1	0	0	0	0	0	0	0	0	0	0	0	0	0	0	0	1	0	0	0	1	13.0	0.023	0.388	NaN	NaN	0.055	0.862	NaN	NaN	1.65	30.17	NaN	NaN	0.0	"2.5"	"F0034"	0	0	"PR"	929.336	"drain-rg"	36.733	0	1	3	0.0	0.0	0.0	null	931.127	0.092
1.2	0.055	4125.0	1743.75	3393.75	NaN	NaN	NaN	0	0	0	0	1	0	0	0	0	0	0	0	0	0	0	0	0	0	0	0	1	0	0	0	1	14.0	-0.011	0.387	NaN	NaN	-0.026	0.86	NaN	NaN	-0.78	30.1	NaN	NaN	0.0	"2.5"	"F0034"	0	0	"PR"	939.374	"drip-rg"	2.006	0	1	3	0.0	0.0	0.0	null	941.165	0.094
1.0	0.0539	4312.5	9.375	3375.0	NaN	NaN	NaN	0	0	0	0	1	0	0	0	0	0	0	0	0	0	0	0	0	0	0	0	1	0	0	0	1	12.0	-0.184	0.386	NaN	NaN	-0.438	0.858	NaN	NaN	-13.14	30.03	NaN	NaN	0.0	"2.5"	"F0034"	0	0	"PR"	949.412	"drip-rg"	12.044	0	1	3	0.0	0.0	0.0	null	951.203	0.089
0.6	0.05445	13312.5	1678.125	3281.25	NaN	NaN	NaN	0	0	1	0	0	1	0	0	0	0	0	0	1	0	0	0	0	0	0	0	1	0	0	0	1	7.0	-0.017	0.376	NaN	NaN	-0.04	0.836	NaN	NaN	-1.2	29.26	NaN	NaN	0.0	"2.5"	"F0034"	0	0	"PR"	6.035	"fill-rg-di"	5.834	1	0	0	954.425	0.0	0.0	null	961.084	0.087
0.5	0.054725	11250.0	2043.75	3075.0	NaN	NaN	NaN	0	0	1	0	0	1	0	0	0	0	0	0	1	0	0	0	0	0	0	0	1	0	0	0	1	6.0	0.019	0.355	NaN	NaN	0.045	0.789	NaN	NaN	1.35	27.615	NaN	NaN	0.0	"2.5"	"F0034"	0	0	"PR"	16.065	"fill-rg-di"	15.864	1	0	0	954.425	0.0	0.0	null	971.114	0.087
1.3	0.054175	11250.0	2306.25	2878.125	NaN	NaN	NaN	0	0	1	0	0	1	0	0	0	0	0	0	1	0	0	0	0	0	0	0	1	0	0	0	1	16.0	0.046	0.336	NaN	NaN	0.11	0.747	NaN	NaN	3.3	26.145	NaN	NaN	0.0	"2.5"	"F0034"	0	0	"PR"	26.108	"fill-rg-di"	25.907	1	0	0	954.425	0.0	0.0	null	981.157	0.087
0.6	0.054175	12937.5	2587.5	2662.5	NaN	NaN	NaN	0	0	1	0	0	1	0	0	0	0	0	0	1	0	0	0	0	0	0	0	1	0	0	0	1	7.0	0.074	0.314	NaN	NaN	0.176	0.698	NaN	NaN	5.28	24.43	NaN	NaN	0.0	"2.5"	"F0034"	0	0	"PR"	36.141	"fill-rg-di"	35.94	1	0	0	954.425	0.0	0.0	null	991.19	0.087
2.6	0.053075	12937.5	2850.0	2475.0	NaN	NaN	NaN	0	0	1	0	0	1	0	0	0	0	0	0	1	0	0	0	0	0	0	0	1	0	0	0	1	31.0	0.1	0.295	NaN	NaN	0.238	0.656	NaN	NaN	7.14	22.96	NaN	NaN	0.0	"2.5"	"F0034"	0	0	"PR"	46.178	"fill-rg-di"	45.977	1	0	0	954.425	0.0	0.0	null	1001.227	0.092
1.5	0.051975	13312.5	3131.25	2240.625	NaN	NaN	NaN	0	0	1	0	0	1	0	0	0	0	0	0	1	0	0	0	0	0	0	0	1	0	0	0	1	18.0	0.128	0.272	NaN	NaN	0.305	0.604	NaN	NaN	9.15	21.14	NaN	NaN	0.0	"2.5"	"F0034"	0	0	"PR"	56.216	"fill-rg-di"	56.015	1	0	0	954.425	0.0	0.0	null	1011.265	0.091
1.5	0.050325	5062.5	3271.875	2184.375	NaN	NaN	NaN	1	0	0	0	0	0	0	0	0	0	0	0	0	1	0	0	0	0	0	0	1	0	0	0	1	18.0	0.142	0.266	NaN	NaN	0.338	0.591	NaN	NaN	10.14	20.685	NaN	NaN	0.0	"2.5"	"F0034"	0	0	"PR"	66.247	"fill-di"	2.81	1	0	0	954.425	0.0	0.0	null	1021.296	0.087
1.0	0.0506	5250.0	3271.875	2465.625	NaN	NaN	NaN	1	0	0	0	0	0	0	0	0	0	0	0	0	1	0	0	0	0	0	0	1	0	0	0	1	12.0	0.142	0.295	NaN	NaN	0.338	0.656	NaN	NaN	10.14	22.96	NaN	NaN	0.0	"2.5"	"F0034"	0	0	"PR"	76.286	"fill-di"	12.849	1	0	0	954.425	0.0	0.0	null	1031.335	0.093
0.4	0.051425	7312.5	3271.875	2812.5	NaN	NaN	NaN	1	0	0	0	0	0	0	0	0	0	0	0	0	1	0	0	0	0	0	0	1	0	0	0	1	5.0	0.142	0.329	NaN	NaN	0.338	0.731	NaN	NaN	10.14	25.585	NaN	NaN	0.0	"2.5"	"F0034"	0	0	"PR"	86.12	"fill-di"	22.683	1	0	0	954.425	0.0	0.0	null	1041.169	0.084
0.8	0.050875	8625.0	3290.625	3131.25	NaN	NaN	NaN	1	0	0	0	0	0	0	0	0	0	0	0	0	1	0	0	0	0	0	0	1	0	0	0	1	10.0	0.144	0.361	NaN	NaN	0.343	0.802	NaN	NaN	10.29	28.07	NaN	NaN	0.0	"2.5"	"F0034"	0	0	"PR"	96.155	"fill-di"	32.718	1	0	0	954.425	0.0	0.0	null	1051.204	0.084
12.4	0.050875	16500.0	3271.875	3609.375	NaN	NaN	NaN	0	1	1	0	0	0	0	0	0	0	0	0	1	0	0	0	0	1	1	1	0	1	1	1	0	149.0	0.142	0.409	NaN	NaN	0.338	0.909	NaN	NaN	10.14	31.815	NaN	NaN	0.0	"2.5"	"F0034"	1	1	"PR"	106.204	"deionize"	1.617	1	1	0	954.425	0.0	0.0	null	1061.253	0.092
12.6	0.04895	17625.0	3262.5	3571.875	NaN	NaN	NaN	0	1	1	0	0	0	0	0	0	0	0	0	1	0	0	0	0	1	1	1	0	1	1	1	0	151.0	0.141	0.405	NaN	NaN	0.336	0.9	NaN	NaN	10.08	31.5	NaN	NaN	0.0	"2.5"	"F0034"	1	1	"PR"	116.24	"deionize"	11.653	1	1	0	954.425	0.0	0.0	null	1071.289	0.087
13.0	0.04785	18000.0	3281.25	3618.75	NaN	NaN	NaN	0	1	1	0	0	0	0	0	0	0	0	0	1	0	0	0	0	1	1	1	0	1	1	1	0	156.0	0.143	0.41	NaN	NaN	0.34	0.911	NaN	NaN	10.2	31.885	NaN	NaN	0.0	"2.5"	"F0034"	1	1	"PR"	126.28	"deionize"	21.693	1	1	0	954.425	0.0	0.0	null	1081.329	0.085
13.3	0.046475	19875.0	3253.125	3581.25	NaN	NaN	NaN	0	1	1	0	0	0	0	0	0	0	0	0	1	0	0	0	0	1	1	1	0	1	1	1	0	160.0	0.14	0.406	NaN	NaN	0.333	0.902	NaN	NaN	9.99	31.57	NaN	NaN	0.0	"2.5"	"F0034"	1	1	"PR"	136.317	"deionize"	31.73	1	1	0	954.425	0.0	0.0	null	1091.366	0.087
11.8	0.044825	19125.0	3281.25	3665.625	NaN	NaN	NaN	0	1	1	0	0	0	0	0	0	0	0	0	1	0	0	0	0	1	1	1	0	1	1	1	0	142.0	0.143	0.415	NaN	NaN	0.34	0.922	NaN	NaN	10.2	32.27	NaN	NaN	0.0	"2.5"	"F0034"	1	1	"PR"	146.354	"deionize"	41.767	1	1	0	954.425	0.0	0.0	null	1101.403	0.087
13.0	0.0429	19125.0	3290.625	3562.5	NaN	NaN	NaN	0	1	1	0	0	0	0	0	0	0	0	0	1	0	0	0	0	1	1	1	0	1	1	1	0	156.0	0.144	0.404	NaN	NaN	0.343	0.898	NaN	NaN	10.29	31.43	NaN	NaN	0.0	"2.5"	"F0034"	1	1	"PR"	156.394	"deionize"	51.807	1	1	0	954.425	0.0	0.0	null	1111.443	0.088
13.5	0.0418	16875.0	3262.5	3600.0	NaN	NaN	NaN	0	1	1	0	0	0	0	0	0	0	0	0	1	0	0	0	0	1	1	1	0	1	1	1	0	162.0	0.141	0.408	NaN	NaN	0.336	0.907	NaN	NaN	10.08	31.745	NaN	NaN	0.0	"2.5"	"F0034"	1	1	"PR"	166.228	"deionize"	61.641	1	1	0	954.425	0.0	0.0	null	1121.277	0.084
12.7	0.040425	17250.0	3281.25	3553.125	NaN	NaN	NaN	0	1	1	0	0	0	0	0	0	0	0	0	1	0	0	0	0	1	1	1	0	1	1	1	0	152.0	0.143	0.403	NaN	NaN	0.34	0.896	NaN	NaN	10.2	31.36	NaN	NaN	0.0	"2.5"	"F0034"	1	1	"PR"	176.263	"deionize"	71.676	1	1	0	954.425	0.0	0.0	null	1131.312	0.084
11.8	0.040425	17812.5	3290.625	3618.75	NaN	NaN	NaN	0	1	1	0	0	0	0	0	0	0	0	0	1	0	0	0	0	1	1	1	0	1	1	1	0	142.0	0.144	0.41	NaN	NaN	0.343	0.911	NaN	NaN	10.29	31.885	NaN	NaN	0.0	"2.5"	"F0034"	1	1	"PR"	186.304	"deionize"	81.717	1	1	0	954.425	0.0	0.0	null	1141.353	0.085
12.6	0.039325	17437.5	3271.875	3628.125	NaN	NaN	NaN	0	1	1	0	0	0	0	0	0	0	0	0	1	0	0	0	0	1	1	1	0	1	1	1	0	151.0	0.142	0.411	NaN	NaN	0.338	0.913	NaN	NaN	10.14	31.955	NaN	NaN	0.0	"2.5"	"F0034"	1	1	"PR"	196.341	"deionize"	91.754	1	1	0	954.425	0.0	0.0	null	1151.39	0.089
12.1	0.0385	17250.0	3271.875	3637.5	NaN	NaN	NaN	0	1	1	0	0	0	0	0	0	0	0	0	1	0	0	0	0	1	1	1	0	1	1	1	0	145.0	0.142	0.412	NaN	NaN	0.338	0.916	NaN	NaN	10.14	32.06	NaN	NaN	0.0	"2.5"	"F0034"	1	1	"PR"	206.383	"deionize"	101.796	1	1	0	954.425	0.0	0.0	null	1161.432	0.086
13.0	0.037675	18562.5	3253.125	3618.75	NaN	NaN	NaN	0	1	1	0	0	0	0	0	0	0	0	0	1	0	0	0	0	1	1	1	0	1	1	1	0	156.0	0.14	0.41	NaN	NaN	0.333	0.911	NaN	NaN	9.99	31.885	NaN	NaN	0.0	"2.5"	"F0034"	1	1	"PR"	216.418	"deionize"	111.831	1	1	0	954.425	0.0	0.0	null	1171.467	0.087
12.7	0.037125	18937.5	3271.875	3562.5	NaN	NaN	NaN	0	1	1	0	0	0	0	0	0	0	0	0	1	0	0	0	0	1	1	1	0	1	1	1	0	152.0	0.142	0.404	NaN	NaN	0.338	0.898	NaN	NaN	10.14	31.43	NaN	NaN	0.0	"2.5"	"F0034"	1	1	"PR"	226.454	"deionize"	121.867	1	1	0	954.425	0.0	0.0	null	1181.503	0.09
13.1	0.036025	18937.5	3271.875	3581.25	NaN	NaN	NaN	0	1	1	0	0	0	0	0	0	0	0	0	1	0	0	0	0	1	1	1	0	1	1	1	0	157.0	0.142	0.406	NaN	NaN	0.338	0.902	NaN	NaN	10.14	31.57	NaN	NaN	0.0	"2.5"	"F0034"	1	1	"PR"	236.295	"deionize"	131.708	1	1	0	954.425	0.0	0.0	null	1191.344	0.086
12.4	0.036025	18000.0	3262.5	3562.5	NaN	NaN	NaN	0	1	1	0	0	0	0	0	0	0	0	0	1	0	0	0	0	1	1	1	0	1	1	1	0	149.0	0.141	0.404	NaN	NaN	0.336	0.898	NaN	NaN	10.08	31.43	NaN	NaN	0.0	"2.5"	"F0034"	1	1	"PR"	246.329	"deionize"	141.742	1	1	0	954.425	0.0	0.0	null	1201.378	0.084
12.4	0.035475	17437.5	3262.5	3562.5	NaN	NaN	NaN	0	1	1	0	0	0	0	0	0	0	0	0	1	0	0	0	0	1	1	1	0	1	1	1	0	149.0	0.141	0.404	NaN	NaN	0.336	0.898	NaN	NaN	10.08	31.43	NaN	NaN	0.0	"2.5"	"F0034"	1	1	"PR"	256.368	"deionize"	151.781	1	1	0	954.425	0.0	0.0	null	1211.417	0.084
13.2	0.0341	16312.5	3271.875	3590.625	NaN	NaN	NaN	0	1	1	0	0	0	0	0	0	0	0	0	1	0	0	0	0	1	1	1	0	1	1	1	0	158.0	0.142	0.407	NaN	NaN	0.338	0.904	NaN	NaN	10.14	31.64	NaN	NaN	0.0	"2.5"	"F0034"	1	1	"PR"	266.405	"deionize"	161.818	1	1	0	954.425	0.0	0.0	null	1221.454	0.085
12.3	0.03355	17812.5	3281.25	3562.5	NaN	NaN	NaN	0	1	1	0	0	0	0	0	0	0	0	0	1	0	0	0	0	1	1	1	0	1	1	1	0	148.0	0.143	0.404	NaN	NaN	0.34	0.898	NaN	NaN	10.2	31.43	NaN	NaN	0.0	"2.5"	"F0034"	1	1	"PR"	276.44	"deionize"	171.853	1	1	0	954.425	0.0	0.0	null	1231.489	0.084
11.9	0.033	18375.0	3262.5	3656.25	NaN	NaN	NaN	0	1	1	0	0	0	0	0	0	0	0	0	1	0	0	0	0	1	1	1	0	1	1	1	0	143.0	0.141	0.414	NaN	NaN	0.336	0.92	NaN	NaN	10.08	32.2	NaN	NaN	0.0	"2.5"	"F0034"	1	1	"PR"	286.477	"deionize"	181.89	1	1	0	954.425	0.0	0.0	null	1241.526	0.088
11.2	0.03245	19125.0	3262.5	3590.625	NaN	NaN	NaN	0	1	1	0	0	0	0	0	0	0	0	0	1	0	0	0	0	1	1	1	0	1	1	1	0	134.0	0.141	0.407	NaN	NaN	0.336	0.904	NaN	NaN	10.08	31.64	NaN	NaN	0.0	"2.5"	"F0034"	1	1	"PR"	296.512	"deionize"	191.925	1	1	0	954.425	0.0	0.0	null	1251.561	0.084
12.6	0.03135	16687.5	3281.25	3590.625	NaN	NaN	NaN	0	1	1	0	0	0	0	0	0	0	0	0	1	0	0	0	0	1	1	1	0	1	1	1	0	151.0	0.143	0.407	NaN	NaN	0.34	0.904	NaN	NaN	10.2	31.64	NaN	NaN	0.0	"2.5"	"F0034"	1	1	"PR"	306.546	"deionize"	201.959	1	1	0	954.425	0.0	0.0	null	1261.595	0.084
11.3	0.030525	19875.0	3271.875	3534.375	NaN	NaN	NaN	0	1	1	0	0	0	0	0	0	0	0	0	1	0	0	0	0	1	1	1	0	1	1	1	0	136.0	0.142	0.401	NaN	NaN	0.338	0.891	NaN	NaN	10.14	31.185	NaN	NaN	0.0	"2.5"	"F0034"	1	1	"PR"	316.396	"deionize"	211.809	1	1	0	954.425	0.0	0.0	null	1271.445	0.092
10.5	0.03025	19500.0	3271.875	3609.375	NaN	NaN	NaN	0	1	1	0	0	0	0	0	0	0	0	0	1	0	0	0	0	1	1	1	0	1	1	1	0	126.0	0.142	0.409	NaN	NaN	0.338	0.909	NaN	NaN	10.14	31.815	NaN	NaN	0.0	"2.5"	"F0034"	1	1	"PR"	326.435	"deionize"	221.848	1	1	0	954.425	0.0	0.0	null	1281.484	0.087
11.6	0.02915	18750.0	3253.125	3590.625	NaN	NaN	NaN	0	1	1	0	0	0	0	0	0	0	0	0	1	0	0	0	0	1	1	1	0	1	1	1	0	139.0	0.14	0.407	NaN	NaN	0.333	0.904	NaN	NaN	9.99	31.64	NaN	NaN	0.0	"2.5"	"F0034"	1	1	"PR"	336.469	"deionize"	231.882	1	1	0	954.425	0.0	0.0	null	1291.518	0.084
9.3	0.02915	16687.5	3262.5	3581.25	NaN	NaN	NaN	0	1	1	0	0	0	0	0	0	0	0	0	1	0	0	0	0	1	1	1	0	1	1	1	0	112.0	0.141	0.406	NaN	NaN	0.336	0.902	NaN	NaN	10.08	31.57	NaN	NaN	0.0	"2.5"	"F0034"	1	1	"PR"	346.506	"deionize"	241.919	1	1	0	954.425	0.0	0.0	null	1301.555	0.091
10.1	0.02805	15937.5	3290.625	3618.75	NaN	NaN	NaN	0	1	1	0	0	0	0	0	0	0	0	0	1	0	0	0	0	1	1	1	0	1	1	1	0	121.0	0.144	0.41	NaN	NaN	0.343	0.911	NaN	NaN	10.29	31.885	NaN	NaN	0.0	"2.5"	"F0034"	1	1	"PR"	356.546	"deionize"	251.959	1	1	0	954.425	0.0	0.0	null	1311.595	0.087
10.4	0.027775	15937.5	3281.25	3609.375	NaN	NaN	NaN	0	1	1	0	0	0	0	0	0	0	0	0	1	0	0	0	0	1	1	1	0	1	1	1	0	125.0	0.143	0.409	NaN	NaN	0.34	0.909	NaN	NaN	10.2	31.815	NaN	NaN	0.0	"2.5"	"F0034"	1	1	"PR"	366.584	"deionize"	261.997	1	1	0	954.425	0.0	0.0	null	1321.633	0.086
9.4	0.02805	16312.5	3271.875	3562.5	NaN	NaN	NaN	0	1	1	0	0	0	0	0	0	0	0	0	1	0	0	0	0	1	1	1	0	1	1	1	0	113.0	0.142	0.404	NaN	NaN	0.338	0.898	NaN	NaN	10.14	31.43	NaN	NaN	0.0	"2.5"	"F0034"	1	1	"PR"	376.625	"deionize"	272.038	1	1	0	954.425	0.0	0.0	null	1331.674	0.087
10.1	0.02695	17437.5	3271.875	3600.0	NaN	NaN	NaN	0	1	1	0	0	0	0	0	0	0	0	0	1	0	0	0	0	1	1	1	0	1	1	1	0	121.0	0.142	0.408	NaN	NaN	0.338	0.907	NaN	NaN	10.14	31.745	NaN	NaN	0.0	"2.5"	"F0034"	1	1	"PR"	386.662	"deionize"	282.075	1	1	0	954.425	0.0	0.0	null	1341.711	0.084
9.7	0.027225	16687.5	3262.5	3553.125	NaN	NaN	NaN	0	1	1	0	0	0	0	0	0	0	0	0	1	0	0	0	0	1	1	1	0	1	1	1	0	116.0	0.141	0.403	NaN	NaN	0.336	0.896	NaN	NaN	10.08	31.36	NaN	NaN	0.0	"2.5"	"F0034"	1	1	"PR"	396.502	"deionize"	291.915	1	1	0	954.425	0.0	0.0	null	1351.551	0.09
8.5	0.02695	18000.0	3262.5	3609.375	NaN	NaN	NaN	0	1	1	0	0	0	0	0	0	0	0	0	1	0	0	0	0	1	1	1	0	1	1	1	0	102.0	0.141	0.409	NaN	NaN	0.336	0.909	NaN	NaN	10.08	31.815	NaN	NaN	0.0	"2.5"	"F0034"	1	1	"PR"	406.537	"deionize"	301.95	1	1	0	954.425	0.0	0.0	null	1361.586	0.09
9.4	0.02585	18750.0	3262.5	3609.375	NaN	NaN	NaN	0	1	1	0	0	0	0	0	0	0	0	0	1	0	0	0	0	1	1	1	0	1	1	1	0	113.0	0.141	0.409	NaN	NaN	0.336	0.909	NaN	NaN	10.08	31.815	NaN	NaN	0.0	"2.5"	"F0034"	1	1	"PR"	416.574	"deionize"	311.987	1	1	0	954.425	0.0	0.0	null	1371.623	0.092
9.2	0.0264	18750.0	3262.5	3609.375	NaN	NaN	NaN	0	1	1	0	0	0	0	0	0	0	0	0	1	0	0	0	0	1	1	1	0	1	1	1	0	110.0	0.141	0.409	NaN	NaN	0.336	0.909	NaN	NaN	10.08	31.815	NaN	NaN	0.0	"2.5"	"F0034"	1	1	"PR"	426.612	"deionize"	322.025	1	1	0	954.425	0.0	0.0	null	1381.661	0.09
9.3	0.02585	18750.0	3290.625	3581.25	NaN	NaN	NaN	0	1	1	0	0	0	0	0	0	0	0	0	1	0	0	0	0	1	1	1	0	1	1	1	0	112.0	0.144	0.406	NaN	NaN	0.343	0.902	NaN	NaN	10.29	31.57	NaN	NaN	0.0	"2.5"	"F0034"	1	1	"PR"	436.649	"deionize"	332.062	1	1	0	954.425	0.0	0.0	null	1391.698	0.091
9.0	0.025575	18375.0	3262.5	3562.5	NaN	NaN	NaN	0	1	1	0	0	0	0	0	0	0	0	0	1	0	0	0	0	1	1	1	0	1	1	1	0	108.0	0.141	0.404	NaN	NaN	0.336	0.898	NaN	NaN	10.08	31.43	NaN	NaN	0.0	"2.5"	"F0034"	1	1	"PR"	446.691	"deionize"	342.104	1	1	0	954.425	0.0	0.0	null	1401.74	0.086
7.7	0.0253	17437.5	3253.125	3581.25	NaN	NaN	NaN	0	1	1	0	0	0	0	0	0	0	0	0	1	0	0	0	0	1	1	1	0	1	1	1	0	92.0	0.14	0.406	NaN	NaN	0.333	0.902	NaN	NaN	9.99	31.57	NaN	NaN	0.0	"2.5"	"F0034"	1	1	"PR"	456.727	"deionize"	352.14	1	1	0	954.425	0.0	0.0	null	1411.776	0.084
9.1	0.025025	18187.5	3271.875	3590.625	NaN	NaN	NaN	0	1	1	0	0	0	0	0	0	0	0	0	1	0	0	0	1	1	1	1	0	1	1	1	0	109.0	0.142	0.407	NaN	NaN	0.338	0.904	NaN	NaN	10.14	31.64	NaN	NaN	0.0	"2.5"	"F0034"	1	1	"PR"	466.676	"deionize-uv"	1.92	1	1	0	954.425	0.0	0.0	null	1421.725	0.091
9.0	0.024475	19125.0	3271.875	3590.625	NaN	NaN	NaN	0	1	1	0	0	0	0	0	0	0	0	0	1	0	0	0	1	1	1	1	0	1	1	1	0	108.0	0.142	0.407	NaN	NaN	0.338	0.904	NaN	NaN	10.14	31.64	NaN	NaN	0.0	"2.5"	"F0034"	1	1	"PR"	476.711	"deionize-uv"	11.955	1	1	0	954.425	0.0	0.0	null	1431.76	0.09
8.3	0.024475	18000.0	3262.5	3600.0	NaN	NaN	NaN	0	1	1	0	0	0	0	0	0	0	0	0	1	0	0	0	1	1	1	1	0	1	1	1	0	100.0	0.141	0.408	NaN	NaN	0.336	0.907	NaN	NaN	10.08	31.745	NaN	NaN	0.0	"2.5"	"F0034"	1	1	"PR"	486.748	"deionize-uv"	21.992	1	1	0	954.425	0.0	0.0	null	1441.797	0.083
8.4	0.024475	15937.5	3271.875	3628.125	NaN	NaN	NaN	0	1	1	0	0	0	0	0	0	0	0	0	1	0	0	0	1	1	1	1	0	1	1	1	0	101.0	0.142	0.411	NaN	NaN	0.338	0.913	NaN	NaN	10.14	31.955	NaN	NaN	0.0	"2.5"	"F0034"	1	1	"PR"	496.585	"deionize-uv"	31.829	1	1	0	954.425	0.0	0.0	null	1451.634	0.092
8.7	0.024475	16875.0	3271.875	3600.0	NaN	NaN	NaN	0	1	1	0	0	0	0	0	0	0	0	0	1	0	0	0	1	1	1	1	0	1	1	1	0	104.0	0.142	0.408	NaN	NaN	0.338	0.907	NaN	NaN	10.14	31.745	NaN	NaN	0.0	"2.5"	"F0034"	1	1	"PR"	506.622	"deionize-uv"	41.866	1	1	0	954.425	0.0	0.0	null	1461.671	0.09
8.2	0.023375	17812.5	3262.5	3609.375	NaN	NaN	NaN	0	1	1	0	0	0	0	0	0	0	0	0	1	0	0	0	1	1	1	1	0	1	1	1	0	98.0	0.141	0.409	NaN	NaN	0.336	0.909	NaN	NaN	10.08	31.815	NaN	NaN	0.0	"2.5"	"F0034"	1	1	"PR"	516.657	"deionize-uv"	51.901	1	1	0	954.425	0.0	0.0	null	1471.706	0.091
9.1	0.02365	26250.0	3262.5	3365.625	NaN	NaN	NaN	0	0	1	0	0	0	0	1	0	0	0	0	1	0	0	0	1	1	1	1	0	1	1	1	0	109.0	0.141	0.385	NaN	NaN	0.336	0.856	NaN	NaN	10.08	29.96	NaN	NaN	0.0	"2.5"	"F0034"	1	1	"PR"	526.617	"drain-di-1"	1.732	1	1	0	954.425	0.0	0.0	null	1481.666	0.094
8.1	0.02365	39937.5	3271.875	3187.5	NaN	NaN	NaN	0	0	1	0	0	0	0	1	0	0	0	0	1	0	0	0	1	1	1	1	0	1	1	1	0	97.0	0.142	0.367	NaN	NaN	0.338	0.816	NaN	NaN	10.14	28.56	NaN	NaN	0.0	"2.5"	"F0034"	1	1	"PR"	536.65	"drain-di-1"	11.765	1	1	0	954.425	0.0	0.0	null	1491.699	0.091
8.1	0.023375	50812.5	3271.875	3018.75	NaN	NaN	NaN	0	0	1	0	0	0	0	1	0	0	0	0	1	0	0	0	1	1	1	1	0	1	1	1	0	97.0	0.142	0.35	NaN	NaN	0.338	0.778	NaN	NaN	10.14	27.23	NaN	NaN	0.0	"2.5"	"F0034"	1	1	"PR"	546.692	"drain-di-1"	21.807	1	1	0	954.425	0.0	0.0	null	1501.741	0.094
7.9	0.023375	55312.5	3271.875	2868.75	NaN	NaN	NaN	0	0	1	0	0	0	0	1	0	0	0	0	1	0	0	0	1	1	1	1	0	1	1	1	0	95.0	0.142	0.335	NaN	NaN	0.338	0.744	NaN	NaN	10.14	26.04	NaN	NaN	0.0	"2.5"	"F0034"	1	1	"PR"	556.728	"drain-di-1"	31.843	1	1	0	954.425	0.0	0.0	null	1511.777	0.094
8.4	0.022825	53062.5	3271.875	2775.0	NaN	NaN	NaN	0	0	1	0	0	0	0	1	0	0	0	0	1	0	0	0	1	1	1	1	0	1	1	1	0	101.0	0.142	0.326	NaN	NaN	0.338	0.724	NaN	NaN	10.14	25.34	NaN	NaN	0.0	"2.5"	"F0034"	1	1	"PR"	566.763	"drain-di-1"	41.878	1	1	0	954.425	0.0	0.0	null	1521.812	0.091
7.7	0.0231	53250.0	3253.125	2596.875	NaN	NaN	NaN	0	0	1	0	0	0	0	1	0	0	0	0	1	0	0	0	1	1	1	1	0	1	1	1	0	92.0	0.14	0.308	NaN	NaN	0.333	0.684	NaN	NaN	9.99	23.94	NaN	NaN	0.0	"2.5"	"F0034"	1	1	"PR"	576.81	"drain-di-1"	51.925	1	1	0	954.425	0.0	0.0	null	1531.859	0.09
8.1	0.022275	53625.0	3281.25	2446.875	NaN	NaN	NaN	0	0	1	0	0	0	0	1	0	0	0	0	1	0	0	0	1	1	1	1	0	1	1	1	0	97.0	0.143	0.293	NaN	NaN	0.34	0.651	NaN	NaN	10.2	22.785	NaN	NaN	0.0	"2.5"	"F0034"	1	1	"PR"	586.85	"drain-di-1"	61.965	1	1	0	954.425	0.0	0.0	null	1541.899	0.09
7.8	0.022275	52312.5	3271.875	2315.625	NaN	NaN	NaN	0	0	1	0	0	0	0	1	0	0	0	0	1	0	0	0	1	1	1	1	0	1	1	1	0	94.0	0.142	0.28	NaN	NaN	0.338	0.622	NaN	NaN	10.14	21.77	NaN	NaN	0.0	"2.5"	"F0034"	1	1	"PR"	596.69	"drain-di-1"	71.805	1	1	0	954.425	0.0	0.0	null	1551.739	0.089
7.3	0.022	50250.0	3262.5	2156.25	NaN	NaN	NaN	0	0	1	0	0	0	0	1	0	0	0	0	1	0	0	0	1	1	1	1	0	1	1	1	0	88.0	0.141	0.264	NaN	NaN	0.336	0.587	NaN	NaN	10.08	20.545	NaN	NaN	0.0	"2.5"	"F0034"	1	1	"PR"	606.725	"drain-di-1"	81.84	1	1	0	954.425	0.0	0.0	null	1561.774	0.087
7.9	0.021725	50437.5	3271.875	2034.375	NaN	NaN	NaN	0	0	1	0	0	0	0	1	0	0	0	0	1	0	0	0	1	1	1	1	0	1	1	1	0	95.0	0.142	0.251	NaN	NaN	0.338	0.558	NaN	NaN	10.14	19.53	NaN	NaN	0.0	"2.5"	"F0034"	1	1	"PR"	616.761	"drain-di-1"	91.876	1	1	0	954.425	0.0	0.0	null	1571.81	0.087
8.3	0.02145	50250.0	3281.25	1865.625	NaN	NaN	NaN	0	0	1	0	0	0	0	1	0	0	0	0	1	0	0	0	1	1	1	1	0	1	1	1	0	100.0	0.143	0.235	NaN	NaN	0.34	0.522	NaN	NaN	10.2	18.27	NaN	NaN	0.0	"2.5"	"F0034"	1	1	"PR"	626.805	"drain-di-1"	101.92	1	1	0	954.425	0.0	0.0	null	1581.854	0.087
7.5	0.021175	51750.0	3262.5	1734.375	NaN	NaN	NaN	0	0	1	0	0	0	0	1	0	0	0	0	1	0	0	0	1	1	1	1	0	1	1	1	0	90.0	0.141	0.221	NaN	NaN	0.336	0.491	NaN	NaN	10.08	17.185	NaN	NaN	0.0	"2.5"	"F0034"	1	1	"PR"	636.839	"drain-di-1"	111.954	1	1	0	954.425	0.0	0.0	null	1591.888	0.091
7.7	0.0209	51375.0	3271.875	1565.625	NaN	NaN	NaN	0	0	1	0	0	0	0	1	0	0	0	0	1	0	0	0	1	1	1	1	0	1	1	1	0	92.0	0.142	0.205	NaN	NaN	0.338	0.456	NaN	NaN	10.14	15.96	NaN	NaN	0.0	"2.5"	"F0034"	1	1	"PR"	646.88	"drain-di-1"	121.995	1	1	0	954.425	0.0	0.0	null	1601.929	0.093
6.9	0.021175	51750.0	3253.125	1425.0	NaN	NaN	NaN	0	0	1	0	0	0	0	1	0	0	0	0	1	0	0	0	1	1	1	1	0	1	1	1	0	83.0	0.14	0.191	NaN	NaN	0.333	0.424	NaN	NaN	9.99	14.84	NaN	NaN	0.0	"2.5"	"F0034"	1	1	"PR"	656.917	"drain-di-1"	132.032	1	1	0	954.425	0.0	0.0	null	1611.966	0.09
7.6	0.021175	51750.0	3271.875	1246.875	NaN	NaN	NaN	0	0	1	0	0	0	0	1	0	0	0	0	1	0	0	0	1	1	1	1	0	1	1	1	0	91.0	0.142	0.173	NaN	NaN	0.338	0.384	NaN	NaN	10.14	13.44	NaN	NaN	0.0	"2.5"	"F0034"	1	1	"PR"	666.955	"drain-di-1"	142.07	1	1	0	954.425	0.0	0.0	null	1622.004	0.09
9.0	0.02145	51750.0	3271.875	1143.75	NaN	NaN	NaN	0	0	1	0	0	0	0	1	0	0	0	0	1	0	0	0	1	1	1	1	0	1	1	1	0	108.0	0.142	0.162	NaN	NaN	0.338	0.36	NaN	NaN	10.14	12.6	NaN	NaN	0.0	"2.5"	"F0034"	1	1	"PR"	676.793	"drain-di-1"	151.908	1	1	0	954.425	0.0	0.0	null	1631.842	0.089
5.5	0.021175	51375.0	3253.125	993.75	NaN	NaN	NaN	0	0	1	0	0	0	0	1	0	0	0	0	1	0	0	0	1	1	1	1	0	1	1	1	0	66.0	0.14	0.147	NaN	NaN	0.333	0.327	NaN	NaN	9.99	11.445	NaN	NaN	0.0	"2.5"	"F0034"	1	1	"PR"	686.83	"drain-di-1"	161.945	1	1	0	954.425	0.0	0.0	null	1641.879	0.087
5.3	0.02145	49687.5	3271.875	853.125	NaN	NaN	NaN	0	0	1	0	0	0	0	1	0	0	0	0	1	0	0	0	1	1	1	1	0	1	1	1	0	64.0	0.142	0.133	NaN	NaN	0.338	0.296	NaN	NaN	10.14	10.36	NaN	NaN	0.0	"2.5"	"F0034"	1	1	"PR"	696.864	"drain-di-1"	171.979	1	1	0	954.425	0.0	0.0	null	1651.913	0.087
7.2	0.021175	48937.5	3290.625	703.125	NaN	NaN	NaN	0	0	1	0	0	0	0	1	0	0	0	0	1	0	0	0	1	1	1	1	0	1	1	1	0	86.0	0.144	0.118	NaN	NaN	0.343	0.262	NaN	NaN	10.29	9.17	NaN	NaN	0.0	"2.5"	"F0034"	1	1	"PR"	706.905	"drain-di-1"	182.02	1	1	0	954.425	0.0	0.0	null	1661.954	0.087
7.0	0.021725	51000.0	3262.5	553.125	NaN	NaN	NaN	0	0	1	0	0	0	0	1	0	0	0	0	1	0	0	0	1	1	1	1	0	1	1	1	0	84.0	0.141	0.103	NaN	NaN	0.336	0.229	NaN	NaN	10.08	8.015	NaN	NaN	0.0	"2.5"	"F0034"	1	1	"PR"	716.941	"drain-di-1"	192.056	1	1	0	954.425	0.0	0.0	null	1671.99	0.087
5.5	0.022	50437.5	3281.25	412.5	NaN	NaN	NaN	0	0	1	0	0	0	0	1	0	0	0	0	1	0	0	0	1	1	1	1	0	1	1	1	0	66.0	0.143	0.089	NaN	NaN	0.34	0.198	NaN	NaN	10.2	6.93	NaN	NaN	0.0	"2.5"	"F0034"	1	1	"PR"	726.981	"drain-di-1"	202.096	1	1	0	954.425	0.0	0.0	null	1682.03	0.088
6.6	0.021725	51000.0	3262.5	262.5	NaN	NaN	NaN	0	0	1	0	0	0	0	1	0	0	0	0	1	0	0	0	1	1	1	1	0	1	1	1	0	79.0	0.141	0.074	NaN	NaN	0.336	0.164	NaN	NaN	10.08	5.74	NaN	NaN	0.0	"2.5"	"F0034"	1	1	"PR"	737.021	"drain-di-1"	212.136	1	1	0	954.425	0.0	0.0	null	1692.07	0.091
6.9	0.022	50437.5	3271.875	103.125	NaN	NaN	NaN	0	0	1	0	0	0	0	1	0	0	0	0	1	0	0	0	1	1	1	1	0	1	1	1	0	83.0	0.142	0.058	NaN	NaN	0.338	0.129	NaN	NaN	10.14	4.515	NaN	NaN	0.0	"2.5"	"F0034"	1	1	"PR"	746.966	"drip-di-1"	3.723	1	1	0	954.425	0.0	0.0	null	1702.015	0.086
7.0	0.022275	50625.0	3253.125	-46.875	NaN	NaN	NaN	0	0	1	0	0	0	0	1	0	0	0	0	1	0	0	0	1	1	1	1	0	1	1	1	0	84.0	0.14	0.043	NaN	NaN	0.333	0.096	NaN	NaN	9.99	3.36	NaN	NaN	0.0	"2.5"	"F0034"	1	1	"PR"	757.007	"drip-di-1"	13.764	1	1	0	954.425	0.0	0.0	null	1712.056	0.086
-11.5	0.021725	20625.0	3290.625	93.75	NaN	NaN	NaN	1	0	0	0	0	1	1	0	0	0	0	0	1	1	0	0	0	1	1	0	1	1	1	0	1	-138.0	0.144	0.057	NaN	NaN	0.343	0.127	NaN	NaN	10.29	4.445	NaN	NaN	0.0	"2.5"	"F0034"	1	0	"PR"	767.007	"reverse-f"	5.585	1	1	0	954.425	0.0	0.0	null	1722.056	0.09
-12.4	0.02365	15750.0	3384.375	421.875	NaN	NaN	NaN	1	0	0	0	0	1	1	0	0	0	0	0	1	1	0	0	0	1	1	0	1	1	1	0	1	-149.0	0.153	0.09	NaN	NaN	0.364	0.2	NaN	NaN	10.92	7.0	NaN	NaN	0.0	"2.5"	"F0034"	1	0	"PR"	777.045	"reverse-f"	15.623	1	1	0	954.425	0.0	0.0	null	1732.094	0.086
-12.4	0.02695	14437.5	3459.375	796.875	NaN	NaN	NaN	1	0	0	0	0	1	1	0	0	0	0	0	1	1	0	0	0	1	1	0	1	1	1	0	1	-149.0	0.161	0.128	NaN	NaN	0.383	0.284	NaN	NaN	11.49	9.94	NaN	NaN	0.0	"2.5"	"F0034"	1	0	"PR"	787.087	"reverse-f"	25.665	1	1	0	954.425	0.0	0.0	null	1742.136	0.09
-12.1	0.03135	12750.0	3487.5	1078.125	NaN	NaN	NaN	1	0	0	0	0	1	1	0	0	0	0	0	1	1	0	0	0	1	1	0	1	1	1	0	1	-145.0	0.164	0.156	NaN	NaN	0.39	0.347	NaN	NaN	11.7	12.145	NaN	NaN	0.0	"2.5"	"F0034"	1	0	"PR"	796.921	"reverse-f"	35.499	1	1	0	954.425	0.0	0.0	null	1751.97	0.086
-12.6	0.0374	13687.5	3515.625	1378.125	NaN	NaN	NaN	1	0	0	0	0	1	1	0	0	0	0	0	1	1	0	0	0	1	1	0	1	1	1	0	1	-151.0	0.167	0.186	NaN	NaN	0.398	0.413	NaN	NaN	11.94	14.455	NaN	NaN	0.0	"2.5"	"F0034"	1	0	"PR"	806.955	"reverse-f"	45.533	1	1	0	954.425	0.0	0.0	null	1762.004	0.086
-12.2	0.04235	13687.5	3525.0	1706.25	NaN	NaN	NaN	1	0	0	0	0	1	1	0	0	0	0	0	1	1	0	0	0	1	1	0	1	1	1	0	1	-146.0	0.167	0.219	NaN	NaN	0.398	0.487	NaN	NaN	11.94	17.045	NaN	NaN	0.0	"2.5"	"F0034"	1	0	"PR"	816.996	"reverse-f"	55.574	1	1	0	954.425	0.0	0.0	null	1772.045	0.085
-12.0	0.047025	14437.5	3534.375	2034.375	NaN	NaN	NaN	1	0	0	0	0	1	1	0	0	0	0	0	1	1	0	0	0	1	1	0	1	1	1	0	1	-144.0	0.168	0.251	NaN	NaN	0.4	0.558	NaN	NaN	12.0	19.53	NaN	NaN	0.0	"2.5"	"F0034"	1	0	"PR"	827.031	"reverse-f"	65.609	1	1	0	954.425	0.0	0.0	null	1782.08	0.086
-11.9	0.050875	13312.5	3553.125	2353.125	NaN	NaN	NaN	1	0	0	0	0	1	1	0	0	0	0	0	1	1	0	0	0	1	1	0	1	1	1	0	1	-143.0	0.17	0.283	NaN	NaN	0.405	0.629	NaN	NaN	12.15	22.015	NaN	NaN	0.0	"2.5"	"F0034"	1	0	"PR"	837.067	"reverse-f"	75.645	1	1	0	954.425	0.0	0.0	null	1792.116	0.084
-11.4	0.05445	11812.5	3553.125	2662.5	NaN	NaN	NaN	1	0	0	0	0	1	1	0	0	0	0	0	1	1	0	0	0	1	1	0	1	1	1	0	1	-137.0	0.17	0.314	NaN	NaN	0.405	0.698	NaN	NaN	12.15	24.43	NaN	NaN	0.0	"2.5"	"F0034"	1	0	"PR"	847.107	"reverse-f"	85.685	1	1	0	954.425	0.0	0.0	null	1802.156	0.087
-12.0	0.05665	13500.0	3581.25	2990.625	NaN	NaN	NaN	1	0	0	0	0	1	1	0	0	0	0	0	1	1	0	0	0	1	1	0	1	1	1	0	1	-144.0	0.173	0.347	NaN	NaN	0.412	0.771	NaN	NaN	12.36	26.985	NaN	NaN	0.0	"2.5"	"F0034"	1	0	"PR"	857.14	"reverse-f"	95.718	1	1	0	954.425	0.0	0.0	null	1812.189	0.085
-11.1	0.058025	14437.5	3581.25	3290.625	NaN	NaN	NaN	1	0	0	0	0	1	1	0	0	0	0	0	1	1	0	0	0	1	1	0	1	1	1	0	1	-133.0	0.173	0.377	NaN	NaN	0.412	0.838	NaN	NaN	12.36	29.33	NaN	NaN	0.0	"2.5"	"F0034"	1	0	"PR"	867.176	"reverse-f"	105.754	1	1	0	954.425	0.0	0.0	null	1822.225	0.087
-11.6	0.05885	12937.5	3600.0	3375.0	NaN	NaN	NaN	0	0	0	0	0	1	1	0	0	0	0	0	1	0	0	0	0	1	1	0	1	1	1	0	1	-139.0	0.175	0.386	NaN	NaN	0.417	0.858	NaN	NaN	12.51	30.03	NaN	NaN	0.0	"2.5"	"F0034"	1	0	"PR"	877.121	"reverse"	115.699	1	1	0	954.425	0.0	0.0	null	1832.17	0.084
-12.4	0.0583	13687.5	3600.0	3403.125	NaN	NaN	NaN	0	0	0	0	0	1	1	0	0	0	0	0	1	0	0	0	0	1	1	0	1	1	1	0	1	-149.0	0.175	0.388	NaN	NaN	0.417	0.862	NaN	NaN	12.51	30.17	NaN	NaN	0.0	"2.5"	"F0034"	1	0	"PR"	887.156	"reverse"	125.734	1	1	0	954.425	0.0	0.0	null	1842.205	0.084
-11.0	0.058575	13875.0	3600.0	3384.375	NaN	NaN	NaN	0	0	0	0	0	1	1	0	0	0	0	0	1	0	0	0	0	1	1	0	1	1	1	0	1	-132.0	0.175	0.386	NaN	NaN	0.417	0.858	NaN	NaN	12.51	30.03	NaN	NaN	0.0	"2.5"	"F0034"	1	0	"PR"	897.194	"reverse"	135.772	1	1	0	954.425	0.0	0.0	null	1852.243	0.086
-12.0	0.05885	13312.5	3600.0	3403.125	NaN	NaN	NaN	0	0	0	0	0	1	1	0	0	0	0	0	1	0	0	0	0	1	1	0	1	1	1	0	1	-144.0	0.175	0.388	NaN	NaN	0.417	0.862	NaN	NaN	12.51	30.17	NaN	NaN	0.0	"2.5"	"F0034"	1	0	"PR"	907.228	"reverse"	145.806	1	1	0	954.425	0.0	0.0	null	1862.277	0.083
-2.6	0.058025	8250.0	3759.375	3403.125	NaN	NaN	NaN	0	0	0	0	0	0	0	0	0	0	0	0	0	0	0	0	0	0	0	0	1	0	0	0	1	-31.0	0.191	0.388	NaN	NaN	0.455	0.862	NaN	NaN	13.65	30.17	NaN	NaN	0.0	"2.5"	"F0034"	0	0	"PR"	917.152	"diffuse"	5.708	1	1	1	954.425	0.0	0.0	null	1872.201	0.084
-3.1	0.05885	10875.0	3759.375	3412.5	NaN	NaN	NaN	0	0	0	0	0	0	0	0	0	0	0	0	0	0	0	0	0	0	0	0	1	0	0	0	1	-37.0	0.191	0.389	NaN	NaN	0.455	0.864	NaN	NaN	13.65	30.24	NaN	NaN	0.0	"2.5"	"F0034"	0	0	"PR"	927.193	"diffuse"	15.749	1	1	1	954.425	0.0	0.0	null	1882.242	0.086
-3.2	0.0583	8250.0	3759.375	3403.125	NaN	NaN	NaN	0	0	0	0	0	0	0	0	0	0	0	0	0	0	0	0	0	0	0	0	1	0	0	0	1	-38.0	0.191	0.388	NaN	NaN	0.455	0.862	NaN	NaN	13.65	30.17	NaN	NaN	0.0	"2.5"	"F0034"	0	0	"PR"	937.226	"diffuse"	25.782	1	1	1	954.425	0.0	0.0	null	1892.275	0.086
-2.9	0.059125	9750.0	3759.375	3403.125	NaN	NaN	NaN	0	0	0	0	0	0	0	0	0	0	0	0	0	0	0	0	0	0	0	0	1	0	0	0	1	-35.0	0.191	0.388	NaN	NaN	0.455	0.862	NaN	NaN	13.65	30.17	NaN	NaN	0.0	"2.5"	"F0034"	0	0	"PR"	947.258	"diffuse"	35.814	1	1	1	954.425	0.0	0.0	null	1902.307	0.084
-3.3	0.05885	10312.5	3759.375	3403.125	NaN	NaN	NaN	0	0	0	0	0	0	0	0	0	0	0	0	0	0	0	0	0	0	0	0	1	0	0	0	1	-40.0	0.191	0.388	NaN	NaN	0.455	0.862	NaN	NaN	13.65	30.17	NaN	NaN	0.0	"2.5"	"F0034"	0	0	"PR"	957.099	"diffuse"	45.655	1	1	1	954.425	0.0	0.0	null	1912.148	0.091
-2.2	0.0583	11250.0	3759.375	3403.125	NaN	NaN	NaN	0	0	0	0	0	0	0	0	0	0	0	0	0	0	0	0	0	0	0	0	1	0	0	0	1	-26.0	0.191	0.388	NaN	NaN	0.455	0.862	NaN	NaN	13.65	30.17	NaN	NaN	0.0	"2.5"	"F0034"	0	0	"PR"	967.131	"diffuse"	55.687	1	1	1	954.425	0.0	0.0	null	1922.18	0.09
-12.3	0.05775	14625.0	3656.25	3403.125	NaN	NaN	NaN	0	0	0	0	0	1	1	0	0	0	0	0	1	0	0	0	0	1	1	0	1	1	1	0	1	-148.0	0.181	0.388	NaN	NaN	0.431	0.862	NaN	NaN	12.93	30.17	NaN	NaN	0.0	"2.5"	"F0034"	1	0	"PR"	977.255	"wash-en"	5.712	1	1	1	954.425	0.0	0.0	null	1932.304	0.084
-12.7	0.059675	14437.5	3609.375	3384.375	NaN	NaN	NaN	0	0	0	0	0	1	1	0	0	0	0	0	1	0	0	0	0	1	1	0	1	1	1	0	1	-152.0	0.176	0.386	NaN	NaN	0.419	0.858	NaN	NaN	12.57	30.03	NaN	NaN	0.0	"2.5"	"F0034"	1	0	"PR"	987.296	"wash-en"	15.753	1	1	1	954.425	0.0	0.0	null	1942.345	0.085
-2.1	0.0616	12562.5	3665.625	3403.125	NaN	NaN	NaN	0	0	0	0	0	1	1	0	0	0	0	0	1	0	0	0	0	0	0	0	1	0	0	0	1	-25.0	0.182	0.388	NaN	NaN	0.433	0.862	NaN	NaN	12.99	30.17	NaN	NaN	0.0	"2.5"	"F0034"	0	0	"PR"	997.227	"wash-sc"	5.515	1	1	1	954.425	0.0	0.0	null	1952.276	0.084
-2.1	0.061325	5250.0	3759.375	3403.125	NaN	NaN	NaN	0	0	0	0	0	0	0	0	0	0	0	0	0	0	0	0	0	0	0	0	1	0	0	0	1	-25.0	0.191	0.388	NaN	NaN	0.455	0.862	NaN	NaN	13.65	30.17	NaN	NaN	0.0	"2.5"	"F0034"	0	0	"PR"	1007.263	"diffuse"	5.419	1	1	2	954.425	0.0	0.0	null	1962.312	0.084
-2.5	0.0616	7500.0	3759.375	3403.125	NaN	NaN	NaN	0	0	0	0	0	0	0	0	0	0	0	0	0	0	0	0	0	0	0	0	1	0	0	0	1	-30.0	0.191	0.388	NaN	NaN	0.455	0.862	NaN	NaN	13.65	30.17	NaN	NaN	0.0	"2.5"	"F0034"	0	0	"PR"	1017.302	"diffuse"	15.458	1	1	2	954.425	0.0	0.0	null	1972.351	0.086
-2.3	0.061875	9375.0	3768.75	3403.125	NaN	NaN	NaN	0	0	0	0	0	0	0	0	0	0	0	0	0	0	0	0	0	0	0	0	1	0	0	0	1	-28.0	0.192	0.388	NaN	NaN	0.457	0.862	NaN	NaN	13.71	30.17	NaN	NaN	0.0	"2.5"	"F0034"	0	0	"PR"	1027.335	"diffuse"	25.491	1	1	2	954.425	0.0	0.0	null	1982.384	0.084
-2.1	0.0616	9187.5	3768.75	3403.125	NaN	NaN	NaN	0	0	0	0	0	0	0	0	0	0	0	0	0	0	0	0	0	0	0	0	1	0	0	0	1	-25.0	0.192	0.388	NaN	NaN	0.457	0.862	NaN	NaN	13.71	30.17	NaN	NaN	0.0	"2.5"	"F0034"	0	0	"PR"	1037.369	"diffuse"	35.525	1	1	2	954.425	0.0	0.0	null	1992.418	0.084
-2.1	0.061875	9750.0	3759.375	3403.125	NaN	NaN	NaN	0	0	0	0	0	0	0	0	0	0	0	0	0	0	0	0	0	0	0	0	1	0	0	0	1	-25.0	0.191	0.388	NaN	NaN	0.455	0.862	NaN	NaN	13.65	30.17	NaN	NaN	0.0	"2.5"	"F0034"	0	0	"PR"	1047.211	"diffuse"	45.367	1	1	2	954.425	0.0	0.0	null	2002.26	0.09
-1.9	0.06105	8437.5	3796.875	3403.125	NaN	NaN	NaN	0	0	0	0	0	0	0	0	0	0	0	0	0	0	0	0	0	0	0	0	1	0	0	0	1	-23.0	0.195	0.388	NaN	NaN	0.464	0.862	NaN	NaN	13.92	30.17	NaN	NaN	0.0	"2.5"	"F0034"	0	0	"PR"	1057.247	"diffuse"	55.403	1	1	2	954.425	0.0	0.0	null	2012.296	0.09
-12.2	0.06105	13687.5	3637.5	3393.75	NaN	NaN	NaN	0	0	0	0	0	1	1	0	0	0	0	0	1	0	0	0	0	1	1	0	1	1	1	0	1	-146.0	0.179	0.387	NaN	NaN	0.426	0.86	NaN	NaN	12.78	30.1	NaN	NaN	0.0	"2.5"	"F0034"	1	0	"PR"	1067.377	"wash-en"	5.513	1	1	2	954.425	0.0	0.0	null	2022.426	0.084
-11.4	0.06215	13687.5	3703.125	3393.75	NaN	NaN	NaN	0	0	0	0	0	1	1	0	0	0	0	0	1	0	0	0	0	1	1	0	1	1	1	0	1	-137.0	0.185	0.387	NaN	NaN	0.44	0.86	NaN	NaN	13.2	30.1	NaN	NaN	0.0	"2.5"	"F0034"	1	0	"PR"	1077.414	"wash-en"	15.55	1	1	2	954.425	0.0	0.0	null	2032.463	0.086
-1.6	0.0627	14062.5	3675.0	3403.125	NaN	NaN	NaN	0	0	0	0	0	1	1	0	0	0	0	0	1	0	0	0	0	0	0	0	1	0	0	0	1	-19.0	0.182	0.388	NaN	NaN	0.433	0.862	NaN	NaN	12.99	30.17	NaN	NaN	0.0	"2.5"	"F0034"	0	0	"PR"	1087.338	"wash-sc"	5.308	1	1	2	954.425	0.0	0.0	null	2042.387	0.087
-0.5	0.0627	5812.5	3759.375	3403.125	NaN	NaN	NaN	0	0	0	0	0	0	0	0	0	0	0	0	0	0	0	0	0	0	0	0	1	0	0	0	1	-6.0	0.191	0.388	NaN	NaN	0.455	0.862	NaN	NaN	13.65	30.17	NaN	NaN	0.0	"2.5"	"F0034"	0	0	"PR"	1097.378	"diffuse"	5.223	1	1	3	954.425	0.0	0.0	null	2052.427	0.091
-1.7	0.061875	7875.0	3768.75	3412.5	NaN	NaN	NaN	0	0	0	0	0	0	0	0	0	0	0	0	0	0	0	0	0	0	0	0	1	0	0	0	1	-20.0	0.192	0.389	NaN	NaN	0.457	0.864	NaN	NaN	13.71	30.24	NaN	NaN	0.0	"2.5"	"F0034"	0	0	"PR"	1107.413	"diffuse"	15.258	1	1	3	954.425	0.0	0.0	null	2062.462	0.09
-1.5	0.062425	6562.5	3759.375	3421.875	NaN	NaN	NaN	0	0	0	0	0	0	0	0	0	0	0	0	0	0	0	0	0	0	0	0	1	0	0	0	1	-18.0	0.191	0.39	NaN	NaN	0.455	0.867	NaN	NaN	13.65	30.345	NaN	NaN	0.0	"2.5"	"F0034"	0	0	"PR"	1117.447	"diffuse"	25.292	1	1	3	954.425	0.0	0.0	null	2072.496	0.09
-1.5	0.06215	7312.5	3759.375	3403.125	NaN	NaN	NaN	0	0	0	0	0	0	0	0	0	0	0	0	0	0	0	0	0	0	0	0	1	0	0	0	1	-18.0	0.191	0.388	NaN	NaN	0.455	0.862	NaN	NaN	13.65	30.17	NaN	NaN	0.0	"2.5"	"F0034"	0	0	"PR"	1127.486	"diffuse"	35.331	1	1	3	954.425	0.0	0.0	null	2082.535	0.085
-0.1	0.062425	9187.5	3759.375	3403.125	NaN	NaN	NaN	0	0	0	0	0	0	0	0	0	0	0	0	0	0	0	0	0	0	0	0	1	0	0	0	1	-1.0	0.191	0.388	NaN	NaN	0.455	0.862	NaN	NaN	13.65	30.17	NaN	NaN	0.0	"2.5"	"F0034"	0	0	"PR"	1137.317	"diffuse"	45.162	1	1	3	954.425	0.0	0.0	null	2092.366	0.09
-1.2	0.062425	9750.0	3768.75	3403.125	NaN	NaN	NaN	0	0	0	0	0	0	0	0	0	0	0	0	0	0	0	0	0	0	0	0	1	0	0	0	1	-14.0	0.192	0.388	NaN	NaN	0.457	0.862	NaN	NaN	13.71	30.17	NaN	NaN	0.0	"2.5"	"F0034"	0	0	"PR"	1147.352	"diffuse"	55.197	1	1	3	954.425	0.0	0.0	null	2102.401	0.087
-11.7	0.06105	11250.0	3693.75	3384.375	NaN	NaN	NaN	0	0	0	0	0	1	1	0	0	0	0	0	1	0	0	0	0	1	1	0	1	1	1	0	1	-140.0	0.184	0.386	NaN	NaN	0.438	0.858	NaN	NaN	13.14	30.03	NaN	NaN	0.0	"2.5"	"F0034"	1	0	"PR"	1157.486	"wash-en"	5.309	1	1	3	954.425	0.0	0.0	null	2112.535	0.089
-13.9	0.0616	13125.0	3675.0	3393.75	NaN	NaN	NaN	0	0	0	0	0	1	1	0	0	0	0	0	1	0	0	0	0	1	1	0	1	1	1	0	1	-167.0	0.182	0.387	NaN	NaN	0.433	0.86	NaN	NaN	12.99	30.1	NaN	NaN	0.0	"2.5"	"F0034"	1	0	"PR"	1167.321	"wash-en"	15.144	1	1	3	954.425	0.0	0.0	null	2122.37	0.086
-0.8	0.062425	12937.5	3693.75	3403.125	NaN	NaN	NaN	0	0	0	0	0	1	1	0	0	0	0	0	1	0	0	0	0	0	0	0	1	0	0	0	1	-10.0	0.184	0.388	NaN	NaN	0.438	0.862	NaN	NaN	13.14	30.17	NaN	NaN	0.0	"2.5"	"F0034"	0	0	"PR"	1177.443	"wash-sc"	5.108	1	1	3	954.425	0.0	0.0	null	2132.492	0.091
-0.9	0.061875	3750.0	3403.125	3403.125	NaN	NaN	NaN	0	0	0	0	1	0	0	0	0	0	0	0	0	0	0	0	0	0	0	0	1	0	0	0	1	-11.0	0.155	0.388	NaN	NaN	0.369	0.862	NaN	NaN	11.07	30.17	NaN	NaN	0.0	"2.5"	"F0034"	0	0	"PR"	1187.481	"drain-rg"	5.019	1	1	3	954.425	0.0	0.0	null	2142.53	0.091
-0.1	0.06215	4875.0	3009.375	3393.75	NaN	NaN	NaN	0	0	0	0	1	0	0	0	0	0	0	0	0	0	0	0	0	0	0	0	1	0	0	0	1	-1.0	0.116	0.387	NaN	NaN	0.276	0.86	NaN	NaN	8.28	30.1	NaN	NaN	0.0	"2.5"	"F0034"	0	0	"PR"	1197.516	"drain-rg"	15.054	1	1	3	954.425	0.0	0.0	null	2152.565	0.087
-0.8	0.06215	5250.0	2653.125	3403.125	NaN	NaN	NaN	0	0	0	0	1	0	0	0	0	0	0	0	0	0	0	0	0	0	0	0	1	0	0	0	1	-10.0	0.08	0.388	NaN	NaN	0.19	0.862	NaN	NaN	5.7	30.17	NaN	NaN	0.0	"2.5"	"F0034"	0	0	"PR"	1207.552	"drain-rg"	25.09	1	1	3	954.425	0.0	0.0	null	2162.601	0.09
-0.9	0.06215	4312.5	2315.625	3403.125	NaN	NaN	NaN	0	0	0	0	1	0	0	0	0	0	0	0	0	0	0	0	0	0	0	0	1	0	0	0	1	-11.0	0.047	0.388	NaN	NaN	0.112	0.862	NaN	NaN	3.36	30.17	NaN	NaN	0.0	"2.5"	"F0034"	0	0	"PR"	1217.39	"drain-rg"	34.928	1	1	3	954.425	0.0	0.0	null	2172.439	0.089
-0.8	0.06105	3750.0	2006.25	3403.125	NaN	NaN	NaN	0	0	0	0	1	0	0	0	0	0	0	0	0	0	0	0	0	0	0	0	1	0	0	0	1	-10.0	0.016	0.388	NaN	NaN	0.038	0.862	NaN	NaN	1.14	30.17	NaN	NaN	0.0	"2.5"	"F0034"	0	0	"PR"	1227.426	"drain-rg"	44.964	1	1	3	954.425	0.0	0.0	null	2182.475	0.086
-1.2	0.060775	4125.0	1537.5	3393.75	NaN	NaN	NaN	0	0	0	0	1	0	0	0	0	0	0	0	0	0	0	0	0	0	0	0	1	0	0	0	1	-14.0	-0.031	0.387	NaN	NaN	-0.074	0.86	NaN	NaN	-2.22	30.1	NaN	NaN	0.0	"2.5"	"F0034"	0	0	"PR"	1237.457	"drip-rg"	6.622	1	1	3	954.425	0.0	0.0	null	2192.506	0.087
-0.9	0.059675	1500.0	9.375	3403.125	NaN	NaN	NaN	0	0	1	0	0	1	0	0	0	0	0	0	1	0	0	0	0	0	0	0	1	0	0	0	1	-11.0	-0.184	0.388	NaN	NaN	-0.438	0.862	NaN	NaN	-13.14	30.17	NaN	NaN	0.0	"2.5"	"F0034"	0	0	"PR"	0.827	"fill-rg-di"	0.626	2	0	0	2201.137	0.0	0.0	null	2202.587	0.143
-1.2	0.0616	12375.0	1884.375	3196.875	NaN	NaN	NaN	0	0	1	0	0	1	0	0	0	0	0	0	1	0	0	0	0	0	0	0	1	0	0	0	1	-14.0	0.003	0.368	NaN	NaN	0.007	0.818	NaN	NaN	0.21	28.63	NaN	NaN	0.0	"2.5"	"F0034"	0	0	"PR"	10.867	"fill-rg-di"	10.666	2	0	0	2201.137	0.0	0.0	null	2212.627	0.089
-0.8	0.06105	12750.0	2221.875	3028.125	NaN	NaN	NaN	0	0	1	0	0	1	0	0	0	0	0	0	1	0	0	0	0	0	0	0	1	0	0	0	1	-10.0	0.037	0.351	NaN	NaN	0.088	0.78	NaN	NaN	2.64	27.3	NaN	NaN	0.0	"2.5"	"F0034"	0	0	"PR"	20.906	"fill-rg-di"	20.705	2	0	0	2201.137	0.0	0.0	null	2222.666	0.09
-0.8	0.060775	14250.0	2446.875	2784.375	NaN	NaN	NaN	0	0	1	0	0	1	0	0	0	0	0	0	1	0	0	0	0	0	0	0	1	0	0	0	1	-10.0	0.06	0.326	NaN	NaN	0.143	0.724	NaN	NaN	4.29	25.34	NaN	NaN	0.0	"2.5"	"F0034"	0	0	"PR"	30.743	"fill-rg-di"	30.542	2	0	0	2201.137	0.0	0.0	null	2232.503	0.087
-1.8	0.059125	13125.0	2709.375	2578.125	NaN	NaN	NaN	0	0	1	0	0	1	0	0	0	0	0	0	1	0	0	0	0	0	0	0	1	0	0	0	1	-22.0	0.086	0.306	NaN	NaN	0.205	0.68	NaN	NaN	6.15	23.8	NaN	NaN	0.0	"2.5"	"F0034"	0	0	"PR"	40.784	"fill-rg-di"	40.583	2	0	0	2201.137	0.0	0.0	null	2242.544	0.088
-1.3	0.05775	14062.5	2943.75	2390.625	NaN	NaN	NaN	0	0	1	0	0	1	0	0	0	0	0	0	1	0	0	0	0	0	0	0	1	0	0	0	1	-16.0	0.109	0.287	NaN	NaN	0.26	0.638	NaN	NaN	7.8	22.33	NaN	NaN	0.0	"2.5"	"F0034"	0	0	"PR"	50.824	"fill-rg-di"	50.623	2	0	0	2201.137	0.0	0.0	null	2252.584	0.086
-0.7	0.0561	14437.5	3196.875	2165.625	NaN	NaN	NaN	0	0	1	0	0	1	0	0	0	0	0	0	1	0	0	0	0	0	0	0	1	0	0	0	1	-8.0	0.135	0.265	NaN	NaN	0.321	0.589	NaN	NaN	9.63	20.615	NaN	NaN	0.0	"2.5"	"F0034"	0	0	"PR"	60.863	"fill-rg-di"	60.662	2	0	0	2201.137	0.0	0.0	null	2262.623	0.087
-2.9	0.05555	6750.0	3271.875	2334.375	NaN	NaN	NaN	1	0	0	0	0	0	0	0	0	0	0	0	0	1	0	0	0	0	0	0	1	0	0	0	1	-35.0	0.142	0.281	NaN	NaN	0.338	0.624	NaN	NaN	10.14	21.84	NaN	NaN	0.0	"2.5"	"F0034"	0	0	"PR"	70.901	"fill-di"	7.023	2	0	0	2201.137	0.0	0.0	null	2272.661	0.086
-1.4	0.055825	6562.5	3271.875	2634.375	NaN	NaN	NaN	1	0	0	0	0	0	0	0	0	0	0	0	0	1	0	0	0	0	0	0	1	0	0	0	1	-17.0	0.142	0.311	NaN	NaN	0.338	0.691	NaN	NaN	10.14	24.185	NaN	NaN	0.0	"2.5"	"F0034"	0	0	"PR"	80.937	"fill-di"	17.059	2	0	0	2201.137	0.0	0.0	null	2282.697	0.086
-2.7	0.0561	5812.5	3281.25	2962.5	NaN	NaN	NaN	1	0	0	0	0	0	0	0	0	0	0	0	0	1	0	0	0	0	0	0	1	0	0	0	1	-32.0	0.143	0.344	NaN	NaN	0.34	0.764	NaN	NaN	10.2	26.74	NaN	NaN	0.0	"2.5"	"F0034"	0	0	"PR"	90.974	"fill-di"	27.096	2	0	0	2201.137	0.0	0.0	null	2292.734	0.092
-0.5	0.055275	7687.5	3281.25	3271.875	NaN	NaN	NaN	1	0	0	0	0	0	0	0	0	0	0	0	0	1	0	0	0	0	0	0	1	0	0	0	1	-6.0	0.143	0.375	NaN	NaN	0.34	0.833	NaN	NaN	10.2	29.155	NaN	NaN	0.0	"2.5"	"F0034"	0	0	"PR"	101.009	"fill-di"	37.131	2	0	0	2201.137	0.0	0.0	null	2302.769	0.09
-12.8	0.054175	19125.0	3281.25	3534.375	NaN	NaN	NaN	0	1	1	0	0	0	0	0	0	0	0	0	1	0	0	0	0	1	1	0	1	1	1	0	1	-154.0	0.143	0.401	NaN	NaN	0.34	0.891	NaN	NaN	10.2	31.185	NaN	NaN	0.0	"2.5"	"F0034"	1	0	"PR"	110.846	"deionize"	7.028	2	1	0	2201.137	0.0	0.0	null	2312.606	0.084
-10.5	0.05335	19125.0	3262.5	3543.75	NaN	NaN	NaN	0	1	1	0	0	0	0	0	0	0	0	0	1	0	0	0	0	1	1	0	1	1	1	0	1	-126.0	0.141	0.402	NaN	NaN	0.336	0.893	NaN	NaN	10.08	31.255	NaN	NaN	0.0	"2.5"	"F0034"	1	0	"PR"	120.887	"deionize"	17.069	2	1	0	2201.137	0.0	0.0	null	2322.647	0.088
-12.6	0.051975	19687.5	3281.25	3600.0	NaN	NaN	NaN	0	1	1	0	0	0	0	0	0	0	0	0	1	0	0	0	0	1	1	0	1	1	1	0	1	-151.0	0.143	0.408	NaN	NaN	0.34	0.907	NaN	NaN	10.2	31.745	NaN	NaN	0.0	"2.5"	"F0034"	1	0	"PR"	130.923	"deionize"	27.105	2	1	0	2201.137	0.0	0.0	null	2332.683	0.084
-11.9	0.05115	18750.0	3262.5	3553.125	NaN	NaN	NaN	0	1	1	0	0	0	0	0	0	0	0	0	1	0	0	0	0	1	1	0	1	1	1	0	1	-143.0	0.141	0.403	NaN	NaN	0.336	0.896	NaN	NaN	10.08	31.36	NaN	NaN	0.0	"2.5"	"F0034"	1	0	"PR"	140.959	"deionize"	37.141	2	1	0	2201.137	0.0	0.0	null	2342.719	0.087
-11.0	0.05005	19125.0	3271.875	3525.0	NaN	NaN	NaN	0	1	1	0	0	0	0	0	0	0	0	0	1	0	0	0	0	1	1	0	1	1	1	0	1	-132.0	0.142	0.4	NaN	NaN	0.338	0.889	NaN	NaN	10.14	31.115	NaN	NaN	0.0	"2.5"	"F0034"	1	0	"PR"	151.0	"deionize"	47.182	2	1	0	2201.137	0.0	0.0	null	2352.76	0.087
-11.9	0.048675	18187.5	3281.25	3609.375	NaN	NaN	NaN	0	1	1	0	0	0	0	0	0	0	0	0	1	0	0	0	0	1	1	0	1	1	1	0	1	-143.0	0.143	0.409	NaN	NaN	0.34	0.909	NaN	NaN	10.2	31.815	NaN	NaN	0.0	"2.5"	"F0034"	1	0	"PR"	161.04	"deionize"	57.222	2	1	0	2201.137	0.0	0.0	null	2362.8	0.087
-12.0	0.048125	19125.0	3281.25	3562.5	NaN	NaN	NaN	0	1	1	0	0	0	0	0	0	0	0	0	1	0	0	0	0	1	1	0	1	1	1	0	1	-144.0	0.143	0.404	NaN	NaN	0.34	0.898	NaN	NaN	10.2	31.43	NaN	NaN	0.0	"2.5"	"F0034"	1	0	"PR"	171.083	"deionize"	67.265	2	1	0	2201.137	0.0	0.0	null	2372.843	0.088
-11.8	0.047025	18937.5	3271.875	3534.375	NaN	NaN	NaN	0	1	1	0	0	0	0	0	0	0	0	0	1	0	0	0	0	1	1	0	1	1	1	0	1	-142.0	0.142	0.401	NaN	NaN	0.338	0.891	NaN	NaN	10.14	31.185	NaN	NaN	0.0	"2.5"	"F0034"	1	0	"PR"	180.92	"deionize"	77.102	2	1	0	2201.137	0.0	0.0	null	2382.68	0.087
-12.7	0.046475	19500.0	3271.875	3600.0	NaN	NaN	NaN	0	1	1	0	0	0	0	0	0	0	0	0	1	0	0	0	0	1	1	0	1	1	1	0	1	-152.0	0.142	0.408	NaN	NaN	0.338	0.907	NaN	NaN	10.14	31.745	NaN	NaN	0.0	"2.5"	"F0034"	1	0	"PR"	190.96	"deionize"	87.142	2	1	0	2201.137	0.0	0.0	null	2392.72	0.087
-12.0	0.0462	18562.5	3271.875	3515.625	NaN	NaN	NaN	0	1	1	0	0	0	0	0	0	0	0	0	1	0	0	0	0	1	1	0	1	1	1	0	1	-144.0	0.142	0.4	NaN	NaN	0.338	0.889	NaN	NaN	10.14	31.115	NaN	NaN	0.0	"2.5"	"F0034"	1	0	"PR"	200.998	"deionize"	97.18	2	1	0	2201.137	0.0	0.0	null	2402.758	0.087
-12.1	0.0451	15937.5	3271.875	3562.5	NaN	NaN	NaN	0	1	1	0	0	0	0	0	0	0	0	0	1	0	0	0	0	1	1	0	1	1	1	0	1	-145.0	0.142	0.404	NaN	NaN	0.338	0.898	NaN	NaN	10.14	31.43	NaN	NaN	0.0	"2.5"	"F0034"	1	0	"PR"	211.033	"deionize"	107.215	2	1	0	2201.137	0.0	0.0	null	2412.793	0.086
-12.5	0.045375	17062.5	3271.875	3590.625	NaN	NaN	NaN	0	1	1	0	0	0	0	0	0	0	0	0	1	0	0	0	0	1	1	0	1	1	1	0	1	-150.0	0.142	0.407	NaN	NaN	0.338	0.904	NaN	NaN	10.14	31.64	NaN	NaN	0.0	"2.5"	"F0034"	1	0	"PR"	221.074	"deionize"	117.256	2	1	0	2201.137	0.0	0.0	null	2422.834	0.088
-11.9	0.0451	18187.5	3262.5	3534.375	NaN	NaN	NaN	0	1	1	0	0	0	0	0	0	0	0	0	1	0	0	0	0	1	1	0	1	1	1	0	1	-143.0	0.141	0.401	NaN	NaN	0.336	0.891	NaN	NaN	10.08	31.185	NaN	NaN	0.0	"2.5"	"F0034"	1	0	"PR"	231.109	"deionize"	127.291	2	1	0	2201.137	0.0	0.0	null	2432.869	0.086
-10.9	0.04455	18375.0	3253.125	3506.25	NaN	NaN	NaN	0	1	1	0	0	0	0	0	0	0	0	0	1	0	0	0	0	1	1	0	1	1	1	0	1	-131.0	0.14	0.399	NaN	NaN	0.333	0.887	NaN	NaN	9.99	31.045	NaN	NaN	0.0	"2.5"	"F0034"	1	0	"PR"	241.148	"deionize"	137.33	2	1	0	2201.137	0.0	0.0	null	2442.908	0.084
-12.4	0.043725	18375.0	3262.5	3525.0	NaN	NaN	NaN	0	1	1	0	0	0	0	0	0	0	0	0	1	0	0	0	0	1	1	0	1	1	1	0	1	-149.0	0.141	0.4	NaN	NaN	0.336	0.889	NaN	NaN	10.08	31.115	NaN	NaN	0.0	"2.5"	"F0034"	1	0	"PR"	251.188	"deionize"	147.37	2	1	0	2201.137	0.0	0.0	null	2452.948	0.087
-11.4	0.044	18750.0	3262.5	3562.5	NaN	NaN	NaN	0	1	1	0	0	0	0	0	0	0	0	0	1	0	0	0	0	1	1	0	1	1	1	0	1	-137.0	0.141	0.404	NaN	NaN	0.336	0.898	NaN	NaN	10.08	31.43	NaN	NaN	0.0	"2.5"	"F0034"	1	0	"PR"	261.024	"deionize"	157.206	2	1	0	2201.137	0.0	0.0	null	2462.784	0.084
-12.7	0.0429	17250.0	3271.875	3525.0	NaN	NaN	NaN	0	1	1	0	0	0	0	0	0	0	0	0	1	0	0	0	0	1	1	0	1	1	1	0	1	-152.0	0.142	0.4	NaN	NaN	0.338	0.889	NaN	NaN	10.14	31.115	NaN	NaN	0.0	"2.5"	"F0034"	1	0	"PR"	271.067	"deionize"	167.249	2	1	0	2201.137	0.0	0.0	null	2472.827	0.092
-12.0	0.0429	19500.0	3262.5	3571.875	NaN	NaN	NaN	0	1	1	0	0	0	0	0	0	0	0	0	1	0	0	0	0	1	1	0	1	1	1	0	1	-144.0	0.141	0.405	NaN	NaN	0.336	0.9	NaN	NaN	10.08	31.5	NaN	NaN	0.0	"2.5"	"F0034"	1	0	"PR"	281.102	"deionize"	177.284	2	1	0	2201.137	0.0	0.0	null	2482.862	0.087
-13.9	0.0418	19312.5	3281.25	3525.0	NaN	NaN	NaN	0	1	1	0	0	0	0	0	0	0	0	0	1	0	0	0	0	1	1	0	1	1	1	0	1	-167.0	0.143	0.4	NaN	NaN	0.34	0.889	NaN	NaN	10.2	31.115	NaN	NaN	0.0	"2.5"	"F0034"	1	0	"PR"	291.141	"deionize"	187.323	2	1	0	2201.137	0.0	0.0	null	2492.901	0.084
-12.3	0.0418	17625.0	3290.625	3562.5	NaN	NaN	NaN	0	1	1	0	0	0	0	0	0	0	0	0	1	0	0	0	0	1	1	0	1	1	1	0	1	-148.0	0.144	0.404	NaN	NaN	0.343	0.898	NaN	NaN	10.29	31.43	NaN	NaN	0.0	"2.5"	"F0034"	1	0	"PR"	301.185	"deionize"	197.367	2	1	0	2201.137	0.0	0.0	null	2502.945	0.086
-11.7	0.0407	19125.0	3290.625	3562.5	NaN	NaN	NaN	0	1	1	0	0	0	0	0	0	0	0	0	1	0	0	0	0	1	1	0	1	1	1	0	1	-140.0	0.144	0.404	NaN	NaN	0.343	0.898	NaN	NaN	10.29	31.43	NaN	NaN	0.0	"2.5"	"F0034"	1	0	"PR"	311.223	"deionize"	207.405	2	1	0	2201.137	0.0	0.0	null	2512.983	0.084
-11.7	0.040425	19125.0	3262.5	3562.5	NaN	NaN	NaN	0	1	1	0	0	0	0	0	0	0	0	0	1	0	0	0	0	1	1	0	1	1	1	0	1	-140.0	0.141	0.404	NaN	NaN	0.336	0.898	NaN	NaN	10.08	31.43	NaN	NaN	0.0	"2.5"	"F0034"	1	0	"PR"	321.261	"deionize"	217.443	2	1	0	2201.137	0.0	0.0	null	2523.021	0.087
-11.7	0.039875	19312.5	3271.875	3562.5	NaN	NaN	NaN	0	1	1	0	0	0	0	0	0	0	0	0	1	0	0	0	0	1	1	0	1	1	1	0	1	-140.0	0.142	0.404	NaN	NaN	0.338	0.898	NaN	NaN	10.14	31.43	NaN	NaN	0.0	"2.5"	"F0034"	1	0	"PR"	331.101	"deionize"	227.283	2	1	0	2201.137	0.0	0.0	null	2532.861	0.094
-13.5	0.03905	17437.5	3271.875	3553.125	NaN	NaN	NaN	0	1	1	0	0	0	0	0	0	0	0	0	1	0	0	0	0	1	1	0	1	1	1	0	1	-162.0	0.142	0.403	NaN	NaN	0.338	0.896	NaN	NaN	10.14	31.36	NaN	NaN	0.0	"2.5"	"F0034"	1	0	"PR"	341.135	"deionize"	237.317	2	1	0	2201.137	0.0	0.0	null	2542.895	0.09
-9.8	0.0385	17437.5	3290.625	3600.0	NaN	NaN	NaN	0	1	1	0	0	0	0	0	0	0	0	0	1	0	0	0	0	1	1	0	1	1	1	0	1	-118.0	0.144	0.408	NaN	NaN	0.343	0.907	NaN	NaN	10.29	31.745	NaN	NaN	0.0	"2.5"	"F0034"	1	0	"PR"	351.175	"deionize"	247.357	2	1	0	2201.137	0.0	0.0	null	2552.935	0.089
-11.0	0.038225	16312.5	3281.25	3534.375	NaN	NaN	NaN	0	1	1	0	0	0	0	0	0	0	0	0	1	0	0	0	0	1	1	0	1	1	1	0	1	-132.0	0.143	0.401	NaN	NaN	0.34	0.891	NaN	NaN	10.2	31.185	NaN	NaN	0.0	"2.5"	"F0034"	1	0	"PR"	361.212	"deionize"	257.394	2	1	0	2201.137	0.0	0.0	null	2562.972	0.087
-11.9	0.037125	17437.5	3281.25	3506.25	NaN	NaN	NaN	0	1	1	0	0	0	0	0	0	0	0	0	1	0	0	0	0	1	1	0	1	1	1	0	1	-143.0	0.143	0.399	NaN	NaN	0.34	0.887	NaN	NaN	10.2	31.045	NaN	NaN	0.0	"2.5"	"F0034"	1	0	"PR"	371.251	"deionize"	267.433	2	1	0	2201.137	0.0	0.0	null	2573.011	0.084
-11.2	0.037125	18375.0	3262.5	3562.5	NaN	NaN	NaN	0	1	1	0	0	0	0	0	0	0	0	0	1	0	0	0	0	1	1	0	1	1	1	0	1	-134.0	0.141	0.404	NaN	NaN	0.336	0.898	NaN	NaN	10.08	31.43	NaN	NaN	0.0	"2.5"	"F0034"	1	0	"PR"	381.297	"deionize"	277.479	2	1	0	2201.137	0.0	0.0	null	2583.057	0.084
-11.0	0.0363	18375.0	3290.625	3571.875	NaN	NaN	NaN	0	1	1	0	0	0	0	0	0	0	0	0	1	0	0	0	0	1	1	0	1	1	1	0	1	-132.0	0.144	0.405	NaN	NaN	0.343	0.9	NaN	NaN	10.29	31.5	NaN	NaN	0.0	"2.5"	"F0034"	1	0	"PR"	391.33	"deionize"	287.512	2	1	0	2201.137	0.0	0.0	null	2593.09	0.084
-10.6	0.03575	18375.0	3281.25	3525.0	NaN	NaN	NaN	0	1	1	0	0	0	0	0	0	0	0	0	1	0	0	0	0	1	1	0	1	1	1	0	1	-127.0	0.143	0.4	NaN	NaN	0.34	0.889	NaN	NaN	10.2	31.115	NaN	NaN	0.0	"2.5"	"F0034"	1	0	"PR"	401.169	"deionize"	297.351	2	1	0	2201.137	0.0	0.0	null	2602.929	0.093
-10.7	0.034925	18000.0	3271.875	3525.0	NaN	NaN	NaN	0	1	1	0	0	0	0	0	0	0	0	0	1	0	0	0	0	1	1	0	1	1	1	0	1	-128.0	0.142	0.4	NaN	NaN	0.338	0.889	NaN	NaN	10.14	31.115	NaN	NaN	0.0	"2.5"	"F0034"	1	0	"PR"	411.206	"deionize"	307.388	2	1	0	2201.137	0.0	0.0	null	2612.966	0.09
-9.9	0.034925	18750.0	3281.25	3515.625	NaN	NaN	NaN	0	1	1	0	0	0	0	0	0	0	0	0	1	0	0	0	0	1	1	0	1	1	1	0	1	-119.0	0.143	0.4	NaN	NaN	0.34	0.889	NaN	NaN	10.2	31.115	NaN	NaN	0.0	"2.5"	"F0034"	1	0	"PR"	421.24	"deionize"	317.422	2	1	0	2201.137	0.0	0.0	null	2623.0	0.09
-10.6	0.0341	19500.0	3271.875	3590.625	NaN	NaN	NaN	0	1	1	0	0	0	0	0	0	0	0	0	1	0	0	0	0	1	1	0	1	1	1	0	1	-127.0	0.142	0.407	NaN	NaN	0.338	0.904	NaN	NaN	10.14	31.64	NaN	NaN	0.0	"2.5"	"F0034"	1	0	"PR"	431.281	"deionize"	327.463	2	1	0	2201.137	0.0	0.0	null	2633.041	0.093
-10.3	0.033825	18187.5	3262.5	3515.625	NaN	NaN	NaN	0	1	1	0	0	0	0	0	0	0	0	0	1	0	0	0	0	1	1	0	1	1	1	0	1	-124.0	0.141	0.4	NaN	NaN	0.336	0.889	NaN	NaN	10.08	31.115	NaN	NaN	0.0	"2.5"	"F0034"	1	0	"PR"	441.317	"deionize"	337.499	2	1	0	2201.137	0.0	0.0	null	2643.077	0.087
-7.8	0.033825	16687.5	3262.5	3571.875	NaN	NaN	NaN	0	1	1	0	0	0	0	0	0	0	0	0	1	0	0	0	0	1	1	0	1	1	1	0	1	-94.0	0.141	0.405	NaN	NaN	0.336	0.9	NaN	NaN	10.08	31.5	NaN	NaN	0.0	"2.5"	"F0034"	1	0	"PR"	451.354	"deionize"	347.536	2	1	0	2201.137	0.0	0.0	null	2653.114	0.091
-9.7	0.033275	16312.5	3262.5	3571.875	NaN	NaN	NaN	0	1	1	0	0	0	0	0	0	0	0	0	1	0	0	0	0	1	1	0	1	1	1	0	1	-116.0	0.141	0.405	NaN	NaN	0.336	0.9	NaN	NaN	10.08	31.5	NaN	NaN	0.0	"2.5"	"F0034"	1	0	"PR"	461.392	"deionize"	357.574	2	1	0	2201.137	0.0	0.0	null	2663.152	0.085
-11.5	0.032725	16687.5	3253.125	3562.5	NaN	NaN	NaN	0	1	1	0	0	0	0	0	0	0	0	0	1	0	0	0	1	1	1	0	1	1	1	0	1	-138.0	0.14	0.404	NaN	NaN	0.333	0.898	NaN	NaN	9.99	31.43	NaN	NaN	0.0	"2.5"	"F0034"	1	0	"PR"	471.331	"deionize-uv"	7.33	2	1	0	2201.137	0.0	0.0	null	2673.091	0.089
-9.8	0.03245	17437.5	3271.875	3571.875	NaN	NaN	NaN	0	1	1	0	0	0	0	0	0	0	0	0	1	0	0	0	1	1	1	0	1	1	1	0	1	-118.0	0.142	0.405	NaN	NaN	0.338	0.9	NaN	NaN	10.14	31.5	NaN	NaN	0.0	"2.5"	"F0034"	1	0	"PR"	481.369	"deionize-uv"	17.368	2	1	0	2201.137	0.0	0.0	null	2683.129	0.091
-9.5	0.03245	18375.0	3281.25	3581.25	NaN	NaN	NaN	0	1	1	0	0	0	0	0	0	0	0	0	1	0	0	0	1	1	1	0	1	1	1	0	1	-114.0	0.143	0.406	NaN	NaN	0.34	0.902	NaN	NaN	10.2	31.57	NaN	NaN	0.0	"2.5"	"F0034"	1	0	"PR"	491.405	"deionize-uv"	27.404	2	1	0	2201.137	0.0	0.0	null	2693.165	0.09
-9.3	0.0319	18937.5	3271.875	3553.125	NaN	NaN	NaN	0	1	1	0	0	0	0	0	0	0	0	0	1	0	0	0	1	1	1	0	1	1	1	0	1	-112.0	0.142	0.403	NaN	NaN	0.338	0.896	NaN	NaN	10.14	31.36	NaN	NaN	0.0	"2.5"	"F0034"	1	0	"PR"	501.442	"deionize-uv"	37.441	2	1	0	2201.137	0.0	0.0	null	2703.202	0.09
-10.7	0.032175	18375.0	3271.875	3590.625	NaN	NaN	NaN	0	1	1	0	0	0	0	0	0	0	0	0	1	0	0	0	1	1	1	0	1	1	1	0	1	-128.0	0.142	0.407	NaN	NaN	0.338	0.904	NaN	NaN	10.14	31.64	NaN	NaN	0.0	"2.5"	"F0034"	1	0	"PR"	511.484	"deionize-uv"	47.483	2	1	0	2201.137	0.0	0.0	null	2713.244	0.085
-9.1	0.03135	19125.0	3271.875	3525.0	NaN	NaN	NaN	0	1	1	0	0	0	0	0	0	0	0	0	1	0	0	0	1	1	1	0	1	1	1	0	1	-109.0	0.142	0.4	NaN	NaN	0.338	0.889	NaN	NaN	10.14	31.115	NaN	NaN	0.0	"2.5"	"F0034"	1	0	"PR"	521.321	"deionize-uv"	57.32	2	1	0	2201.137	0.0	0.0	null	2723.081	0.09
-8.8	0.03135	31687.5	3271.875	3196.875	NaN	NaN	NaN	0	0	1	0	0	0	0	1	0	0	0	0	1	0	0	0	1	1	1	0	1	1	1	0	1	-106.0	0.142	0.368	NaN	NaN	0.338	0.818	NaN	NaN	10.14	28.63	NaN	NaN	0.0	"2.5"	"F0034"	1	0	"PR"	531.393	"drip-di-1"	6.334	2	1	0	2201.137	0.0	0.0	null	2733.153	0.078
-7.7	0.031625	45187.5	3318.75	3046.875	NaN	NaN	NaN	0	0	1	0	0	0	0	1	0	0	0	0	1	0	0	0	1	1	1	0	1	1	1	0	1	-92.0	0.147	0.353	NaN	NaN	0.35	0.784	NaN	NaN	10.5	27.44	NaN	NaN	0.0	"2.5"	"F0034"	1	0	"PR"	541.43	"drip-di-1"	16.371	2	1	0	2201.137	0.0	0.0	null	2743.19	0.09
13.9	0.03135	17437.5	3281.25	3271.875	NaN	NaN	NaN	1	0	0	0	0	1	1	0	0	0	0	0	1	1	0	0	0	1	1	1	0	1	1	1	0	167.0	0.143	0.375	NaN	NaN	0.34	0.833	NaN	NaN	10.2	29.155	NaN	NaN	0.0	"2.5"	"F0034"	1	1	"PR"	551.424	"reverse-f"	8.186	2	1	0	2201.137	0.0	0.0	null	2753.184	0.09
12.4	0.031625	15562.5	3478.125	3403.125	NaN	NaN	NaN	0	0	0	0	0	1	1	0	0	0	0	0	1	0	0	0	0	1	1	1	0	1	1	1	0	149.0	0.163	0.388	NaN	NaN	0.388	0.862	NaN	NaN	11.64	30.17	NaN	NaN	0.0	"2.5"	"F0034"	1	1	"PR"	561.368	"reverse"	18.13	2	1	0	2201.137	0.0	0.0	null	2763.128	0.087
11.3	0.034925	15187.5	3403.125	3365.625	NaN	NaN	NaN	0	0	0	0	0	1	1	0	0	0	0	0	1	0	0	0	0	1	1	1	0	1	1	1	0	136.0	0.155	0.385	NaN	NaN	0.369	0.856	NaN	NaN	11.07	29.96	NaN	NaN	0.0	"2.5"	"F0034"	1	1	"PR"	571.405	"reverse"	28.167	2	1	0	2201.137	0.0	0.0	null	2773.165	0.087
11.9	0.038225	14250.0	3496.875	3393.75	NaN	NaN	NaN	0	0	0	0	0	1	1	0	0	0	0	0	1	0	0	0	0	1	1	1	0	1	1	1	0	143.0	0.165	0.387	NaN	NaN	0.393	0.86	NaN	NaN	11.79	30.1	NaN	NaN	0.0	"2.5"	"F0034"	1	1	"PR"	581.439	"reverse"	38.201	2	1	0	2201.137	0.0	0.0	null	2783.199	0.09
12.3	0.0429	14437.5	3487.5	3403.125	NaN	NaN	NaN	0	0	0	0	0	1	1	0	0	0	0	0	1	0	0	0	0	1	1	1	0	1	1	1	0	148.0	0.164	0.388	NaN	NaN	0.39	0.862	NaN	NaN	11.7	30.17	NaN	NaN	0.0	"2.5"	"F0034"	1	1	"PR"	591.479	"reverse"	48.241	2	1	0	2201.137	0.0	0.0	null	2793.239	0.093
12.6	0.04675	11062.5	3487.5	3393.75	NaN	NaN	NaN	0	0	0	0	0	1	1	0	0	0	0	0	1	0	0	0	0	1	1	1	0	1	1	1	0	151.0	0.164	0.387	NaN	NaN	0.39	0.86	NaN	NaN	11.7	30.1	NaN	NaN	0.0	"2.5"	"F0034"	1	1	"PR"	601.513	"reverse"	58.275	2	1	0	2201.137	0.0	0.0	null	2803.273	0.09
12.9	0.050875	12562.5	3515.625	3403.125	NaN	NaN	NaN	0	0	0	0	0	1	1	0	0	0	0	0	1	0	0	0	0	1	1	1	0	1	1	1	0	155.0	0.167	0.388	NaN	NaN	0.398	0.862	NaN	NaN	11.94	30.17	NaN	NaN	0.0	"2.5"	"F0034"	1	1	"PR"	611.549	"reverse"	68.311	2	1	0	2201.137	0.0	0.0	null	2813.309	0.09
12.6	0.05335	12562.5	3496.875	3393.75	NaN	NaN	NaN	0	0	0	0	0	1	1	0	0	0	0	0	1	0	0	0	0	1	1	1	0	1	1	1	0	151.0	0.165	0.387	NaN	NaN	0.393	0.86	NaN	NaN	11.79	30.1	NaN	NaN	0.0	"2.5"	"F0034"	1	1	"PR"	621.591	"reverse"	78.353	2	1	0	2201.137	0.0	0.0	null	2823.351	0.089
12.6	0.055275	12937.5	3534.375	3403.125	NaN	NaN	NaN	0	0	0	0	0	1	1	0	0	0	0	0	1	0	0	0	0	1	1	1	0	1	1	1	0	151.0	0.168	0.388	NaN	NaN	0.4	0.862	NaN	NaN	12.0	30.17	NaN	NaN	0.0	"2.5"	"F0034"	1	1	"PR"	631.426	"reverse"	88.188	2	1	0	2201.137	0.0	0.0	null	2833.186	0.086
12.5	0.05665	14062.5	3525.0	3403.125	NaN	NaN	NaN	0	0	0	0	0	1	1	0	0	0	0	0	1	0	0	0	0	1	1	1	0	1	1	1	0	150.0	0.167	0.388	NaN	NaN	0.398	0.862	NaN	NaN	11.94	30.17	NaN	NaN	0.0	"2.5"	"F0034"	1	1	"PR"	641.462	"reverse"	98.224	2	1	0	2201.137	0.0	0.0	null	2843.222	0.083
13.2	0.05775	14250.0	3553.125	3412.5	NaN	NaN	NaN	0	0	0	0	0	1	1	0	0	0	0	0	1	0	0	0	0	1	1	1	0	1	1	1	0	158.0	0.17	0.389	NaN	NaN	0.405	0.864	NaN	NaN	12.15	30.24	NaN	NaN	0.0	"2.5"	"F0034"	1	1	"PR"	651.5	"reverse"	108.262	2	1	0	2201.137	0.0	0.0	null	2853.26	0.086
13.7	0.0572	11812.5	3515.625	3393.75	NaN	NaN	NaN	0	0	0	0	0	1	1	0	0	0	0	0	1	0	0	0	0	1	1	1	0	1	1	1	0	164.0	0.167	0.387	NaN	NaN	0.398	0.86	NaN	NaN	11.94	30.1	NaN	NaN	0.0	"2.5"	"F0034"	1	1	"PR"	661.531	"reverse"	118.293	2	1	0	2201.137	0.0	0.0	null	2863.291	0.086
12.6	0.0572	12000.0	3525.0	3403.125	NaN	NaN	NaN	0	0	0	0	0	1	1	0	0	0	0	0	1	0	0	0	0	1	1	1	0	1	1	1	0	151.0	0.167	0.388	NaN	NaN	0.398	0.862	NaN	NaN	11.94	30.17	NaN	NaN	0.0	"2.5"	"F0034"	1	1	"PR"	671.57	"reverse"	128.332	2	1	0	2201.137	0.0	0.0	null	2873.33	0.085
13.2	0.057475	12750.0	3553.125	3393.75	NaN	NaN	NaN	0	0	0	0	0	1	1	0	0	0	0	0	1	0	0	0	0	1	1	1	0	1	1	1	0	158.0	0.17	0.387	NaN	NaN	0.405	0.86	NaN	NaN	12.15	30.1	NaN	NaN	0.0	"2.5"	"F0034"	1	1	"PR"	681.607	"reverse"	138.369	2	1	0	2201.137	0.0	0.0	null	2883.367	0.09
12.4	0.0572	12937.5	3525.0	3393.75	NaN	NaN	NaN	0	0	0	0	0	1	1	0	0	0	0	0	1	0	0	0	0	1	1	1	0	1	1	1	0	149.0	0.167	0.387	NaN	NaN	0.398	0.86	NaN	NaN	11.94	30.1	NaN	NaN	0.0	"2.5"	"F0034"	1	1	"PR"	691.648	"reverse"	148.41	2	1	0	2201.137	0.0	0.0	null	2893.408	0.09
