cur	ec	mod-ps	rg-ps	di-ps	fw1-ps	fw2-ps	pf-ps	vlv-di-fill	vlv-di-in	vlv-di-out	vlv-rg-fill	vlv-rg-drain	vlv-rg-in	vlv-rg-out	vlv-fw1-in	vlv-fw1-out	vlv-fw2-in	vlv-po	vlv-mod-drain	pmp-sys	pmp-di	pmp-fw1	pmp-fw2	uv	en-anode1	en-cath1	pl-anode1	pl-cath1	en-anode2	en-cath2	pl-anode2	pl-cath2	pw	rg-he	di-he	fw1-he	fw2-he	rg-lev	di-lev	fw1-lev	fw2-lev	rg-vol	di-vol	fw1-vol	fw2-vol	pr-ec	ver	sn	mod-en	mod-pl	proc	proc-time	ph	ph-time	count	cyc	rnd	pr-last	rc-last	fr-last	halt-re	time	exec
0.3	0.04235	1500.0	3131.25	1190.625	NaN	NaN	NaN	1	0	0	0	0	0	0	0	0	0	0	0	0	1	0	0	0	0	0	0	1	0	0	0	1	4.0	0.128	0.177	NaN	NaN	0.305	0.393	NaN	NaN	9.15	13.755	NaN	NaN	0.0	"2.5"	"F0034"	0	0	"PR"	8.248	"fill-di"	7.629	0	0	0	0.0	0.0	0.0	null	10.041	0.083
0.3	0.042075	1875.0	3131.25	1200.0	NaN	NaN	NaN	1	0	0	0	0	0	0	0	0	0	0	0	0	1	0	0	0	0	0	0	1	0	0	0	1	4.0	0.128	0.178	NaN	NaN	0.305	0.396	NaN	NaN	9.15	13.86	NaN	NaN	0.0	"2.5"	"F0034"	0	0	"PR"	8.449	"fill-di"	7.83	0	0	0	0.0	0.0	0.0	null	10.242	0.089
-0.1	0.0418	2250.0	3140.625	1490.625	NaN	NaN	NaN	1	0	0	0	0	0	0	0	0	0	0	0	0	1	0	0	0	0	0	0	1	0	0	0	1	-1.0	0.129	0.207	NaN	NaN	0.307	0.46	NaN	NaN	9.21	16.1	NaN	NaN	0.0	"2.5"	"F0034"	0	0	"PR"	18.288	"fill-di"	17.669	0	0	0	0.0	0.0	0.0	null	20.081	0.087
0.3	0.0418	2812.5	3131.25	1771.875	NaN	NaN	NaN	1	0	0	0	0	0	0	0	0	0	0	0	0	1	0	0	0	0	0	0	1	0	0	0	1	4.0	0.128	0.235	NaN	NaN	0.305	0.522	NaN	NaN	9.15	18.27	NaN	NaN	0.0	"2.5"	"F0034"	0	0	"PR"	28.322	"fill-di"	27.703	0	0	0	0.0	0.0	0.0	null	30.115	0.083
-0.1	0.0418	4312.5	3131.25	2053.125	NaN	NaN	NaN	1	0	0	0	0	0	0	0	0	0	0	0	0	1	0	0	0	0	0	0	1	0	0	0	1	-1.0	0.128	0.263	NaN	NaN	0.305	0.584	NaN	NaN	9.15	20.44	NaN	NaN	0.0	"2.5"	"F0034"	0	0	"PR"	38.357	"fill-di"	37.738	0	0	0	0.0	0.0	0.0	null	40.15	0.083
0.8	0.042075	27187.5	2971.875	2250.0	NaN	NaN	NaN	0	0	0	0	0	1	1	0	0	0	0	0	1	0	0	0	0	0	0	0	1	0	0	0	1	10.0	0.112	0.283	NaN	NaN	0.267	0.629	NaN	NaN	8.01	22.015	NaN	NaN	0.0	"2.5"	"F0034"	0	0	"PR"	48.4	"prime"	3.614	0	0	0	0.0	0.0	0.0	null	50.193	0.085
-0.1	0.0429	30000.0	2981.25	2278.125	NaN	NaN	NaN	0	0	0	0	0	1	1	0	0	0	0	0	1	0	0	0	0	0	0	0	1	0	0	0	1	-1.0	0.113	0.286	NaN	NaN	0.269	0.636	NaN	NaN	8.07	22.26	NaN	NaN	0.0	"2.5"	"F0034"	0	0	"PR"	58.432	"prime"	13.646	0	0	0	0.0	0.0	0.0	null	60.225	0.084
-0.3	0.0429	28500.0	2981.25	2250.0	NaN	NaN	NaN	0	0	0	0	0	1	1	0	0	0	0	0	1	0	0	0	0	0	0	0	1	0	0	0	1	-4.0	0.113	0.283	NaN	NaN	0.269	0.629	NaN	NaN	8.07	22.015	NaN	NaN	0.0	"2.5"	"F0034"	0	0	"PR"	68.47	"prime"	23.684	0	0	0	0.0	0.0	0.0	null	70.263	0.083
-12.4	0.0429	32625.0	3140.625	2568.75	NaN	NaN	NaN	0	1	1	0	0	0	0	0	0	0	0	0	1	0	0	0	0	1	1	0	1	1	1	0	1	-149.0	0.129	0.315	NaN	NaN	0.307	0.7	NaN	NaN	9.21	24.5	NaN	NaN	0.0	"2.5"	"F0034"	1	0	"PR"	78.516	"deionize"	3.219	0	1	0	0.0	0.0	0.0	null	80.309	0.084
-10.7	0.043175	32062.5	3131.25	2643.75	NaN	NaN	NaN	0	1	1	0	0	0	0	0	0	0	0	0	1	0	0	0	0	1	1	0	1	1	1	0	1	-128.0	0.128	0.322	NaN	NaN	0.305	0.716	NaN	NaN	9.15	25.06	NaN	NaN	0.0	"2.5"	"F0034"	1	0	"PR"	88.351	"deionize"	13.054	0	1	0	0.0	0.0	0.0	null	90.144	0.09
-13.0	0.0418	31125.0	3140.625	2550.0	NaN	NaN	NaN	0	1	1	0	0	0	0	0	0	0	0	0	1	0	0	0	0	1	1	0	1	1	1	0	1	-156.0	0.129	0.313	NaN	NaN	0.307	0.696	NaN	NaN	9.21	24.36	NaN	NaN	0.0	"2.5"	"F0034"	1	0	"PR"	98.389	"deionize"	23.092	0	1	0	0.0	0.0	0.0	null	100.182	0.093
-12.3	0.040425	30750.0	3150.0	2587.5	NaN	NaN	NaN	0	1	1	0	0	0	0	0	0	0	0	0	1	0	0	0	0	1	1	0	1	1	1	0	1	-148.0	0.13	0.317	NaN	NaN	0.31	0.704	NaN	NaN	9.3	24.64	NaN	NaN	0.0	"2.5"	"F0034"	1	0	"PR"	108.427	"deionize"	33.13	0	1	0	0.0	0.0	0.0	null	110.22	0.09
-12.2	0.039325	31687.5	3131.25	2578.125	NaN	NaN	NaN	0	1	1	0	0	0	0	0	0	0	0	0	1	0	0	0	0	1	1	0	1	1	1	0	1	-146.0	0.128	0.316	NaN	NaN	0.305	0.702	NaN	NaN	9.15	24.57	NaN	NaN	0.0	"2.5"	"F0034"	1	0	"PR"	118.459	"deionize"	43.162	0	1	0	0.0	0.0	0.0	null	120.252	0.084
-12.0	0.039325	33187.5	3131.25	2531.25	NaN	NaN	NaN	0	1	1	0	0	0	0	0	0	0	0	0	1	0	0	0	0	1	1	0	1	1	1	0	1	-144.0	0.128	0.311	NaN	NaN	0.305	0.691	NaN	NaN	9.15	24.185	NaN	NaN	0.0	"2.5"	"F0034"	1	0	"PR"	128.498	"deionize"	53.201	0	1	0	0.0	0.0	0.0	null	130.291	0.088
-12.4	0.038225	32437.5	3140.625	2512.5	NaN	NaN	NaN	0	1	1	0	0	0	0	0	0	0	0	0	1	0	0	0	0	1	1	0	1	1	1	0	1	-149.0	0.129	0.309	NaN	NaN	0.307	0.687	NaN	NaN	9.21	24.045	NaN	NaN	0.0	"2.5"	"F0034"	1	0	"PR"	138.532	"deionize"	63.235	0	1	0	0.0	0.0	0.0	null	140.325	0.084
-12.0	0.037125	30000.0	3131.25	2559.375	NaN	NaN	NaN	0	1	1	0	0	0	0	0	0	0	0	0	1	0	0	0	0	1	1	0	1	1	1	0	1	-144.0	0.128	0.314	NaN	NaN	0.305	0.698	NaN	NaN	9.15	24.43	NaN	NaN	0.0	"2.5"	"F0034"	1	0	"PR"	148.565	"deionize"	73.268	0	1	0	0.0	0.0	0.0	null	150.358	0.084
-12.0	0.036575	30000.0	3121.875	2568.75	NaN	NaN	NaN	0	1	1	0	0	0	0	0	0	0	0	0	1	0	0	0	0	1	1	0	1	1	1	0	1	-144.0	0.127	0.315	NaN	NaN	0.302	0.7	NaN	NaN	9.06	24.5	NaN	NaN	0.0	"2.5"	"F0034"	1	0	"PR"	158.604	"deionize"	83.307	0	1	0	0.0	0.0	0.0	null	160.397	0.085
-12.1	0.03575	30750.0	3131.25	2512.5	NaN	NaN	NaN	0	1	1	0	0	0	0	0	0	0	0	0	1	0	0	0	0	1	1	0	1	1	1	0	1	-145.0	0.128	0.309	NaN	NaN	0.305	0.687	NaN	NaN	9.15	24.045	NaN	NaN	0.0	"2.5"	"F0034"	1	0	"PR"	168.442	"deionize"	93.145	0	1	0	0.0	0.0	0.0	null	170.235	0.09
-12.0	0.03575	31500.0	3140.625	2587.5	NaN	NaN	NaN	0	1	1	0	0	0	0	0	0	0	0	0	1	0	0	0	0	1	1	0	1	1	1	0	1	-144.0	0.129	0.317	NaN	NaN	0.307	0.704	NaN	NaN	9.21	24.64	NaN	NaN	0.0	"2.5"	"F0034"	1	0	"PR"	178.481	"deionize"	103.184	0	1	0	0.0	0.0	0.0	null	180.274	0.092
-12.0	0.0352	32437.5	3140.625	2512.5	NaN	NaN	NaN	0	1	1	0	0	0	0	0	0	0	0	0	1	0	0	0	0	1	1	0	1	1	1	0	1	-144.0	0.129	0.309	NaN	NaN	0.307	0.687	NaN	NaN	9.21	24.045	NaN	NaN	0.0	"2.5"	"F0034"	1	0	"PR"	188.517	"deionize"	113.22	0	1	0	0.0	0.0	0.0	null	190.31	0.09
-12.2	0.034375	33562.5	3131.25	2531.25	NaN	NaN	NaN	0	1	1	0	0	0	0	0	0	0	0	0	1	0	0	0	0	1	1	0	1	1	1	0	1	-146.0	0.128	0.311	NaN	NaN	0.305	0.691	NaN	NaN	9.15	24.185	NaN	NaN	0.0	"2.5"	"F0034"	1	0	"PR"	198.551	"deionize"	123.254	0	1	0	0.0	0.0	0.0	null	200.344	0.087
-11.7	0.0341	33000.0	3131.25	2531.25	NaN	NaN	NaN	0	1	1	0	0	0	0	0	0	0	0	0	1	0	0	0	0	1	1	0	1	1	1	0	1	-140.0	0.128	0.311	NaN	NaN	0.305	0.691	NaN	NaN	9.15	24.185	NaN	NaN	0.0	"2.5"	"F0034"	1	0	"PR"	208.59	"deionize"	133.293	0	1	0	0.0	0.0	0.0	null	210.383	0.089
-11.8	0.033825	30000.0	3140.625	2550.0	NaN	NaN	NaN	0	1	1	0	0	0	0	0	0	0	0	0	1	0	0	0	0	1	1	0	1	1	1	0	1	-142.0	0.129	0.313	NaN	NaN	0.307	0.696	NaN	NaN	9.21	24.36	NaN	NaN	0.0	"2.5"	"F0034"	1	0	"PR"	218.625	"deionize"	143.328	0	1	0	0.0	0.0	0.0	null	220.418	0.09
-11.9	0.033275	31500.0	3150.0	2540.625	NaN	NaN	NaN	0	1	1	0	0	0	0	0	0	0	0	0	1	0	0	0	0	1	1	0	1	1	1	0	1	-143.0	0.13	0.312	NaN	NaN	0.31	0.693	NaN	NaN	9.3	24.255	NaN	NaN	0.0	"2.5"	"F0034"	1	0	"PR"	228.662	"deionize"	153.365	0	1	0	0.0	0.0	0.0	null	230.455	0.09
-13.4	0.032725	29625.0	3131.25	2503.125	NaN	NaN	NaN	0	1	1	0	0	0	0	0	0	0	0	0	1	0	0	0	0	1	1	0	1	1	1	0	1	-161.0	0.128	0.308	NaN	NaN	0.305	0.684	NaN	NaN	9.15	23.94	NaN	NaN	0.0	"2.5"	"F0034"	1	0	"PR"	238.703	"deionize"	163.406	0	1	0	0.0	0.0	0.0	null	240.496	0.085
-12.7	0.03245	31500.0	3131.25	2625.0	NaN	NaN	NaN	0	1	1	0	0	0	0	0	0	0	0	0	1	0	0	0	0	1	1	0	1	1	1	0	1	-152.0	0.128	0.321	NaN	NaN	0.305	0.713	NaN	NaN	9.15	24.955	NaN	NaN	0.0	"2.5"	"F0034"	1	0	"PR"	248.537	"deionize"	173.24	0	1	0	0.0	0.0	0.0	null	250.33	0.09
-11.2	0.031625	32625.0	3150.0	2512.5	NaN	NaN	NaN	0	1	1	0	0	0	0	0	0	0	0	0	1	0	0	0	0	1	1	0	1	1	1	0	1	-134.0	0.13	0.309	NaN	NaN	0.31	0.687	NaN	NaN	9.3	24.045	NaN	NaN	0.0	"2.5"	"F0034"	1	0	"PR"	258.568	"deionize"	183.271	0	1	0	0.0	0.0	0.0	null	260.361	0.09
-12.0	0.0319	33000.0	3140.625	2512.5	NaN	NaN	NaN	0	1	1	0	0	0	0	0	0	0	0	0	1	0	0	0	0	1	1	0	1	1	1	0	1	-144.0	0.129	0.309	NaN	NaN	0.307	0.687	NaN	NaN	9.21	24.045	NaN	NaN	0.0	"2.5"	"F0034"	1	0	"PR"	268.609	"deionize"	193.312	0	1	0	0.0	0.0	0.0	null	270.402	0.091
-12.1	0.031075	33000.0	3131.25	2550.0	NaN	NaN	NaN	0	1	1	0	0	0	0	0	0	0	0	0	1	0	0	0	0	1	1	0	1	1	1	0	1	-145.0	0.128	0.313	NaN	NaN	0.305	0.696	NaN	NaN	9.15	24.36	NaN	NaN	0.0	"2.5"	"F0034"	1	0	"PR"	278.645	"deionize"	203.348	0	1	0	0.0	0.0	0.0	null	280.438	0.09
-9.2	0.031075	32250.0	3131.25	2568.75	NaN	NaN	NaN	0	1	1	0	0	0	0	0	0	0	0	0	1	0	0	0	0	1	1	0	1	1	1	0	1	-110.0	0.128	0.315	NaN	NaN	0.305	0.7	NaN	NaN	9.15	24.5	NaN	NaN	0.0	"2.5"	"F0034"	1	0	"PR"	288.684	"deionize"	213.387	0	1	0	0.0	0.0	0.0	null	290.477	0.092
-11.4	0.0308	30000.0	3131.25	2550.0	NaN	NaN	NaN	0	1	1	0	0	0	0	0	0	0	0	0	1	0	0	0	0	1	1	0	1	1	1	0	1	-137.0	0.128	0.313	NaN	NaN	0.305	0.696	NaN	NaN	9.15	24.36	NaN	NaN	0.0	"2.5"	"F0034"	1	0	"PR"	298.722	"deionize"	223.425	0	1	0	0.0	0.0	0.0	null	300.515	0.09
-8.3	0.029975	30750.0	3131.25	2531.25	NaN	NaN	NaN	0	1	1	0	0	0	0	0	0	0	0	0	1	0	0	0	0	1	1	0	1	1	1	0	1	-100.0	0.128	0.311	NaN	NaN	0.305	0.691	NaN	NaN	9.15	24.185	NaN	NaN	0.0	"2.5"	"F0034"	1	0	"PR"	308.755	"deionize"	233.458	0	1	0	0.0	0.0	0.0	null	310.548	0.087
-9.5	0.0297	29812.5	3131.25	2625.0	NaN	NaN	NaN	0	1	1	0	0	0	0	0	0	0	0	0	1	0	0	0	1	1	1	0	1	1	1	0	1	-114.0	0.128	0.321	NaN	NaN	0.305	0.713	NaN	NaN	9.15	24.955	NaN	NaN	0.0	"2.5"	"F0034"	1	0	"PR"	318.702	"deionize-uv"	3.322	0	1	0	0.0	0.0	0.0	null	320.495	0.091
-10.3	0.029425	31125.0	3140.625	2550.0	NaN	NaN	NaN	0	1	1	0	0	0	0	0	0	0	0	0	1	0	0	0	1	1	1	0	1	1	1	0	1	-124.0	0.129	0.313	NaN	NaN	0.307	0.696	NaN	NaN	9.21	24.36	NaN	NaN	0.0	"2.5"	"F0034"	1	0	"PR"	328.739	"deionize-uv"	13.359	0	1	0	0.0	0.0	0.0	null	330.532	0.089
-9.7	0.0286	31875.0	3131.25	2550.0	NaN	NaN	NaN	0	1	1	0	0	0	0	0	0	0	0	0	1	0	0	0	1	1	1	0	1	1	1	0	1	-116.0	0.128	0.313	NaN	NaN	0.305	0.696	NaN	NaN	9.15	24.36	NaN	NaN	0.0	"2.5"	"F0034"	1	0	"PR"	338.777	"deionize-uv"	23.397	0	1	0	0.0	0.0	0.0	null	340.57	0.091
-10.5	0.028875	33000.0	3131.25	2550.0	NaN	NaN	NaN	0	1	1	0	0	0	0	0	0	0	0	0	1	0	0	0	1	1	1	0	1	1	1	0	1	-126.0	0.128	0.313	NaN	NaN	0.305	0.696	NaN	NaN	9.15	24.36	NaN	NaN	0.0	"2.5"	"F0034"	1	0	"PR"	348.815	"deionize-uv"	33.435	0	1	0	0.0	0.0	0.0	null	350.608	0.086
-10.6	0.028875	33937.5	3131.25	2550.0	NaN	NaN	NaN	0	1	1	0	0	0	0	0	0	0	0	0	1	0	0	0	1	1	1	0	1	1	1	0	1	-127.0	0.128	0.313	NaN	NaN	0.305	0.696	NaN	NaN	9.15	24.36	NaN	NaN	0.0	"2.5"	"F0034"	1	0	"PR"	358.651	"deionize-uv"	43.271	0	1	0	0.0	0.0	0.0	null	360.444	0.086
-10.2	0.02805	32437.5	3131.25	2512.5	NaN	NaN	NaN	0	1	1	0	0	0	0	0	0	0	0	0	1	0	0	0	1	1	1	0	1	1	1	0	1	-122.0	0.128	0.309	NaN	NaN	0.305	0.687	NaN	NaN	9.15	24.045	NaN	NaN	0.0	"2.5"	"F0034"	1	0	"PR"	368.691	"deionize-uv"	53.311	0	1	0	0.0	0.0	0.0	null	370.484	0.089
-12.2	0.02805	30750.0	3140.625	2540.625	NaN	NaN	NaN	0	1	1	0	0	0	0	0	0	0	0	0	1	0	0	0	1	1	1	0	1	1	1	0	1	-146.0	0.129	0.312	NaN	NaN	0.307	0.693	NaN	NaN	9.21	24.255	NaN	NaN	0.0	"2.5"	"F0034"	1	0	"PR"	378.727	"deionize-uv"	63.347	0	1	0	0.0	0.0	0.0	null	380.52	0.086
-9.8	0.0275	29812.5	3131.25	2596.875	NaN	NaN	NaN	0	1	1	0	0	0	0	0	0	0	0	0	1	0	0	0	1	1	1	0	1	1	1	0	1	-118.0	0.128	0.318	NaN	NaN	0.305	0.707	NaN	NaN	9.15	24.745	NaN	NaN	0.0	"2.5"	"F0034"	1	0	"PR"	388.764	"deionize-uv"	73.384	0	1	0	0.0	0.0	0.0	null	390.557	0.086
-9.8	0.027225	30000.0	3140.625	2503.125	NaN	NaN	NaN	0	1	1	0	0	0	0	0	0	0	0	0	1	0	0	0	1	1	1	0	1	1	1	0	1	-118.0	0.129	0.308	NaN	NaN	0.307	0.684	NaN	NaN	9.21	23.94	NaN	NaN	0.0	"2.5"	"F0034"	1	0	"PR"	398.803	"deionize-uv"	83.423	0	1	0	0.0	0.0	0.0	null	400.596	0.092
-9.8	0.02695	29812.5	3131.25	2606.25	NaN	NaN	NaN	0	1	1	0	0	0	0	0	0	0	0	0	1	0	0	0	1	1	1	0	1	1	1	0	1	-118.0	0.128	0.319	NaN	NaN	0.305	0.709	NaN	NaN	9.15	24.815	NaN	NaN	0.0	"2.5"	"F0034"	1	0	"PR"	408.842	"deionize-uv"	93.462	0	1	0	0.0	0.0	0.0	null	410.635	0.09
-9.5	0.026675	30562.5	3103.125	2606.25	NaN	NaN	NaN	0	1	1	0	0	0	0	0	0	0	0	0	1	0	0	0	1	1	1	0	1	1	1	0	1	-114.0	0.125	0.319	NaN	NaN	0.298	0.709	NaN	NaN	8.94	24.815	NaN	NaN	0.0	"2.5"	"F0034"	1	0	"PR"	418.883	"deionize-uv"	103.503	0	1	0	0.0	0.0	0.0	null	420.676	0.091
-9.7	0.02585	30187.5	3131.25	2550.0	NaN	NaN	NaN	0	1	1	0	0	0	0	0	0	0	0	0	1	0	0	0	1	1	1	0	1	1	1	0	1	-116.0	0.128	0.313	NaN	NaN	0.305	0.696	NaN	NaN	9.15	24.36	NaN	NaN	0.0	"2.5"	"F0034"	1	0	"PR"	428.916	"deionize-uv"	113.536	0	1	0	0.0	0.0	0.0	null	430.709	0.09
-9.3	0.026675	30187.5	3131.25	2165.625	NaN	NaN	NaN	0	0	1	0	0	0	0	1	0	0	0	0	1	0	0	0	1	1	1	0	1	1	1	0	1	-112.0	0.128	0.275	NaN	NaN	0.305	0.611	NaN	NaN	9.15	21.385	NaN	NaN	0.0	"2.5"	"F0034"	1	0	"PR"	438.886	"drain-di-1"	3.346	0	1	0	0.0	0.0	0.0	null	440.679	0.092
-8.4	0.02585	30750.0	3140.625	1921.875	NaN	NaN	NaN	0	0	1	0	0	0	0	1	0	0	0	0	1	0	0	0	1	1	1	0	1	1	1	0	1	-101.0	0.129	0.25	NaN	NaN	0.307	0.556	NaN	NaN	9.21	19.46	NaN	NaN	0.0	"2.5"	"F0034"	1	0	"PR"	448.919	"drain-di-1"	13.379	0	1	0	0.0	0.0	0.0	null	450.712	0.091
-9.6	0.025575	32250.0	3150.0	1687.5	NaN	NaN	NaN	0	0	1	0	0	0	0	1	0	0	0	0	1	0	0	0	1	1	1	0	1	1	1	0	1	-115.0	0.13	0.227	NaN	NaN	0.31	0.504	NaN	NaN	9.3	17.64	NaN	NaN	0.0	"2.5"	"F0034"	1	0	"PR"	458.754	"drain-di-1"	23.214	0	1	0	0.0	0.0	0.0	null	460.547	0.084
-9.2	0.02585	33375.0	3131.25	1425.0	NaN	NaN	NaN	0	0	1	0	0	0	0	1	0	0	0	0	1	0	0	0	1	1	1	0	1	1	1	0	1	-110.0	0.128	0.2	NaN	NaN	0.305	0.444	NaN	NaN	9.15	15.54	NaN	NaN	0.0	"2.5"	"F0034"	1	0	"PR"	468.794	"drain-di-1"	33.254	0	1	0	0.0	0.0	0.0	null	470.587	0.088
-9.6	0.0253	32625.0	3112.5	1190.625	NaN	NaN	NaN	0	0	1	0	0	0	0	1	0	0	0	0	1	0	0	0	1	1	1	0	1	1	1	0	1	-115.0	0.126	0.177	NaN	NaN	0.3	0.393	NaN	NaN	9.0	13.755	NaN	NaN	0.0	"2.5"	"F0034"	1	0	"PR"	478.828	"drain-di-1"	43.288	0	1	0	0.0	0.0	0.0	null	480.621	0.084
-8.8	0.025575	30187.5	3131.25	956.25	NaN	NaN	NaN	0	0	1	0	0	0	0	1	0	0	0	0	1	0	0	0	1	1	1	0	1	1	1	0	1	-106.0	0.128	0.154	NaN	NaN	0.305	0.342	NaN	NaN	9.15	11.97	NaN	NaN	0.0	"2.5"	"F0034"	1	0	"PR"	488.864	"drain-di-1"	53.324	0	1	0	0.0	0.0	0.0	null	490.657	0.084
-8.8	0.0253	31125.0	3131.25	684.375	NaN	NaN	NaN	0	0	1	0	0	0	0	1	0	0	0	0	1	0	0	0	1	1	1	0	1	1	1	0	1	-106.0	0.128	0.126	NaN	NaN	0.305	0.28	NaN	NaN	9.15	9.8	NaN	NaN	0.0	"2.5"	"F0034"	1	0	"PR"	498.904	"drain-di-1"	63.364	0	1	0	0.0	0.0	0.0	null	500.697	0.088
-8.6	0.02475	30750.0	3131.25	421.875	NaN	NaN	NaN	0	0	1	0	0	0	0	1	0	0	0	0	1	0	0	0	1	1	1	0	1	1	1	0	1	-103.0	0.128	0.1	NaN	NaN	0.305	0.222	NaN	NaN	9.15	7.77	NaN	NaN	0.0	"2.5"	"F0034"	1	0	"PR"	508.937	"drain-di-1"	73.397	0	1	0	0.0	0.0	0.0	null	510.73	0.086
-9.2	0.02475	30750.0	3131.25	187.5	NaN	NaN	NaN	0	0	1	0	0	0	0	1	0	0	0	0	1	0	0	0	1	1	1	0	1	1	1	0	1	-110.0	0.128	0.077	NaN	NaN	0.305	0.171	NaN	NaN	9.15	5.985	NaN	NaN	0.0	"2.5"	"F0034"	1	0	"PR"	518.973	"drain-di-1"	83.433	0	1	0	0.0	0.0	0.0	null	520.766	0.088
-8.7	0.025575	31687.5	3131.25	-75.0	NaN	NaN	NaN	0	0	1	0	0	0	0	1	0	0	0	0	1	0	0	0	1	1	1	0	1	1	1	0	1	-104.0	0.128	0.051	NaN	NaN	0.305	0.113	NaN	NaN	9.15	3.955	NaN	NaN	0.0	"2.5"	"F0034"	1	0	"PR"	528.925	"drip-di-1"	4.728	0	1	0	0.0	0.0	0.0	null	530.718	0.087
-9.2	0.025025	29250.0	3140.625	-56.25	NaN	NaN	NaN	0	0	1	0	0	0	0	1	0	0	0	0	1	0	0	0	1	1	1	0	1	1	1	0	1	-110.0	0.129	0.052	NaN	NaN	0.307	0.116	NaN	NaN	9.21	4.06	NaN	NaN	0.0	"2.5"	"F0034"	1	0	"PR"	538.961	"drip-di-1"	14.764	0	1	0	0.0	0.0	0.0	null	540.754	0.085
12.4	0.02585	29250.0	3009.375	93.75	NaN	NaN	NaN	1	0	0	0	0	1	1	0	0	0	0	0	1	1	0	0	0	1	1	1	0	1	1	1	0	149.0	0.116	0.067	NaN	NaN	0.276	0.149	NaN	NaN	8.28	5.215	NaN	NaN	0.0	"2.5"	"F0034"	1	1	"PR"	548.958	"reverse-f"	9.595	0	1	0	0.0	0.0	0.0	null	550.751	0.083
12.8	0.0275	26812.5	3009.375	393.75	NaN	NaN	NaN	1	0	0	0	0	1	1	0	0	0	0	0	1	1	0	0	0	1	1	1	0	1	1	1	0	154.0	0.116	0.097	NaN	NaN	0.276	0.216	NaN	NaN	8.28	7.56	NaN	NaN	0.0	"2.5"	"F0034"	1	1	"PR"	558.995	"reverse-f"	19.632	0	1	0	0.0	0.0	0.0	null	560.788	0.086
11.9	0.03025	30000.0	2915.625	712.5	NaN	NaN	NaN	1	0	0	0	0	1	1	0	0	0	0	0	1	1	0	0	0	1	1	1	0	1	1	1	0	143.0	0.107	0.129	NaN	NaN	0.255	0.287	NaN	NaN	7.65	10.045	NaN	NaN	0.0	"2.5"	"F0034"	1	1	"PR"	569.03	"reverse-f"	29.667	0	1	0	0.0	0.0	0.0	null	570.823	0.083
13.2	0.03245	30000.0	3000.0	984.375	NaN	NaN	NaN	1	0	0	0	0	1	1	0	0	0	0	0	1	1	0	0	0	1	1	1	0	1	1	1	0	158.0	0.115	0.156	NaN	NaN	0.274	0.347	NaN	NaN	8.22	12.145	NaN	NaN	0.0	"2.5"	"F0034"	1	1	"PR"	579.067	"reverse-f"	39.704	0	1	0	0.0	0.0	0.0	null	580.86	0.086
12.4	0.03465	30000.0	2934.375	1275.0	NaN	NaN	NaN	1	0	0	0	0	1	1	0	0	0	0	0	1	1	0	0	0	1	1	1	0	1	1	1	0	149.0	0.108	0.185	NaN	NaN	0.257	0.411	NaN	NaN	7.71	14.385	NaN	NaN	0.0	"2.5"	"F0034"	1	1	"PR"	588.908	"reverse-f"	49.545	0	1	0	0.0	0.0	0.0	null	590.701	0.084
12.8	0.037125	26062.5	3000.0	1565.625	NaN	NaN	NaN	1	0	0	0	0	1	1	0	0	0	0	0	1	1	0	0	0	1	1	1	0	1	1	1	0	154.0	0.115	0.215	NaN	NaN	0.274	0.478	NaN	NaN	8.22	16.73	NaN	NaN	0.0	"2.5"	"F0034"	1	1	"PR"	598.942	"reverse-f"	59.579	0	1	0	0.0	0.0	0.0	null	600.735	0.083
11.6	0.03905	29250.0	2943.75	1846.875	NaN	NaN	NaN	1	0	0	0	0	1	1	0	0	0	0	0	1	1	0	0	0	1	1	1	0	1	1	1	0	139.0	0.109	0.243	NaN	NaN	0.26	0.54	NaN	NaN	7.8	18.9	NaN	NaN	0.0	"2.5"	"F0034"	1	1	"PR"	608.978	"reverse-f"	69.615	0	1	0	0.0	0.0	0.0	null	610.771	0.084
12.8	0.040425	27750.0	2981.25	2118.75	NaN	NaN	NaN	1	0	0	0	0	1	1	0	0	0	0	0	1	1	0	0	0	1	1	1	0	1	1	1	0	154.0	0.113	0.27	NaN	NaN	0.269	0.6	NaN	NaN	8.07	21.0	NaN	NaN	0.0	"2.5"	"F0034"	1	1	"PR"	619.015	"reverse-f"	79.652	0	1	0	0.0	0.0	0.0	null	620.808	0.083
12.3	0.042075	28687.5	2962.5	2268.75	NaN	NaN	NaN	0	0	0	0	0	1	1	0	0	0	0	0	1	0	0	0	0	1	1	1	0	1	1	1	0	148.0	0.111	0.285	NaN	NaN	0.264	0.633	NaN	NaN	7.92	22.155	NaN	NaN	0.0	"2.5"	"F0034"	1	1	"PR"	628.962	"reverse"	89.599	0	1	0	0.0	0.0	0.0	null	630.755	0.084
12.3	0.043175	26250.0	3018.75	2268.75	NaN	NaN	NaN	0	0	0	0	0	1	1	0	0	0	0	0	1	0	0	0	0	1	1	1	0	1	1	1	0	148.0	0.117	0.285	NaN	NaN	0.279	0.633	NaN	NaN	8.37	22.155	NaN	NaN	0.0	"2.5"	"F0034"	1	1	"PR"	639.0	"reverse"	99.637	0	1	0	0.0	0.0	0.0	null	640.793	0.087
13.3	0.04455	29812.5	3056.25	2268.75	NaN	NaN	NaN	0	0	0	0	0	1	1	0	0	0	0	0	1	0	0	0	0	1	1	1	0	1	1	1	0	160.0	0.121	0.285	NaN	NaN	0.288	0.633	NaN	NaN	8.64	22.155	NaN	NaN	0.0	"2.5"	"F0034"	1	1	"PR"	649.037	"reverse"	109.674	0	1	0	0.0	0.0	0.0	null	650.83	0.083
12.4	0.0451	27750.0	3018.75	2268.75	NaN	NaN	NaN	0	0	0	0	0	1	1	0	0	0	0	0	1	0	0	0	0	1	1	1	0	1	1	1	0	149.0	0.117	0.285	NaN	NaN	0.279	0.633	NaN	NaN	8.37	22.155	NaN	NaN	0.0	"2.5"	"F0034"	1	1	"PR"	659.077	"reverse"	119.714	0	1	0	0.0	0.0	0.0	null	660.87	0.083
14.3	0.045925	26812.5	3009.375	2259.375	NaN	NaN	NaN	0	0	0	0	0	1	1	0	0	0	0	0	1	0	0	0	0	1	1	1	0	1	1	1	0	172.0	0.116	0.284	NaN	NaN	0.276	0.631	NaN	NaN	8.28	22.085	NaN	NaN	0.0	"2.5"	"F0034"	1	1	"PR"	669.118	"reverse"	129.755	0	1	0	0.0	0.0	0.0	null	670.911	0.083
12.3	0.0462	27187.5	2990.625	2278.125	NaN	NaN	NaN	0	0	0	0	0	1	1	0	0	0	0	0	1	0	0	0	0	1	1	1	0	1	1	1	0	148.0	0.114	0.286	NaN	NaN	0.271	0.636	NaN	NaN	8.13	22.26	NaN	NaN	0.0	"2.5"	"F0034"	1	1	"PR"	679.157	"reverse"	139.794	0	1	0	0.0	0.0	0.0	null	680.95	0.083
12.6	0.04675	26812.5	2962.5	2278.125	NaN	NaN	NaN	0	0	0	0	0	1	1	0	0	0	0	0	1	0	0	0	0	1	1	1	0	1	1	1	0	151.0	0.111	0.286	NaN	NaN	0.264	0.636	NaN	NaN	7.92	22.26	NaN	NaN	0.0	"2.5"	"F0034"	1	1	"PR"	688.996	"reverse"	149.633	0	1	0	0.0	0.0	0.0	null	690.789	0.089
2.4	0.0473	2250.0	3159.375	2278.125	NaN	NaN	NaN	0	0	0	0	0	0	0	0	0	0	0	0	0	0	0	0	0	0	0	0	1	0	0	0	1	29.0	0.131	0.286	NaN	NaN	0.312	0.636	NaN	NaN	9.36	22.26	NaN	NaN	0.0	"2.5"	"F0034"	0	0	"PR"	699.123	"diffuse"	9.725	0	1	1	0.0	0.0	0.0	null	700.916	0.083
3.0	0.0473	1312.5	3159.375	2278.125	NaN	NaN	NaN	0	0	0	0	0	0	0	0	0	0	0	0	0	0	0	0	0	0	0	0	1	0	0	0	1	36.0	0.131	0.286	NaN	NaN	0.312	0.636	NaN	NaN	9.36	22.26	NaN	NaN	0.0	"2.5"	"F0034"	0	0	"PR"	709.162	"diffuse"	19.764	0	1	1	0.0	0.0	0.0	null	710.955	0.083
3.5	0.047025	1312.5	3159.375	2268.75	NaN	NaN	NaN	0	0	0	0	0	0	0	0	0	0	0	0	0	0	0	0	0	0	0	0	1	0	0	0	1	42.0	0.131	0.285	NaN	NaN	0.312	0.633	NaN	NaN	9.36	22.155	NaN	NaN	0.0	"2.5"	"F0034"	0	0	"PR"	719.201	"diffuse"	29.803	0	1	1	0.0	0.0	0.0	null	720.994	0.084
12.4	0.0473	30000.0	2990.625	2278.125	NaN	NaN	NaN	0	0	0	0	0	1	1	0	0	0	0	0	1	0	0	0	0	1	1	1	0	1	1	1	0	149.0	0.114	0.286	NaN	NaN	0.271	0.636	NaN	NaN	8.13	22.26	NaN	NaN	0.0	"2.5"	"F0034"	1	1	"PR"	729.128	"wash-en"	9.726	0	1	1	0.0	0.0	0.0	null	730.921	0.087
12.3	0.0484	29250.0	3046.875	2278.125	NaN	NaN	NaN	0	0	0	0	0	1	1	0	0	0	0	0	1	0	0	0	0	1	1	1	0	1	1	1	0	148.0	0.12	0.286	NaN	NaN	0.286	0.636	NaN	NaN	8.58	22.26	NaN	NaN	0.0	"2.5"	"F0034"	1	1	"PR"	739.173	"wash-en"	19.771	0	1	1	0.0	0.0	0.0	null	740.966	0.083
2.1	0.048675	30000.0	3000.0	2278.125	NaN	NaN	NaN	0	0	0	0	0	1	1	0	0	0	0	0	1	0	0	0	0	0	0	0	1	0	0	0	1	25.0	0.115	0.286	NaN	NaN	0.274	0.636	NaN	NaN	8.22	22.26	NaN	NaN	0.0	"2.5"	"F0034"	0	0	"PR"	749.108	"wash-sc"	9.533	0	1	1	0.0	0.0	0.0	null	750.901	0.09
2.3	0.04895	2250.0	3150.0	2278.125	NaN	NaN	NaN	0	0	0	0	0	0	0	0	0	0	0	0	0	0	0	0	0	0	0	0	1	0	0	0	1	28.0	0.13	0.286	NaN	NaN	0.31	0.636	NaN	NaN	9.3	22.26	NaN	NaN	0.0	"2.5"	"F0034"	0	0	"PR"	759.146	"diffuse"	9.436	0	1	2	0.0	0.0	0.0	null	760.939	0.087
2.4	0.04895	375.0	3168.75	2278.125	NaN	NaN	NaN	0	0	0	0	0	0	0	0	0	0	0	0	0	0	0	0	0	0	0	0	1	0	0	0	1	29.0	0.132	0.286	NaN	NaN	0.314	0.636	NaN	NaN	9.42	22.26	NaN	NaN	0.0	"2.5"	"F0034"	0	0	"PR"	769.179	"diffuse"	19.469	0	1	2	0.0	0.0	0.0	null	770.972	0.09
2.8	0.04895	1875.0	3150.0	2268.75	NaN	NaN	NaN	0	0	0	0	0	0	0	0	0	0	0	0	0	0	0	0	0	0	0	0	1	0	0	0	1	34.0	0.13	0.285	NaN	NaN	0.31	0.633	NaN	NaN	9.3	22.155	NaN	NaN	0.0	"2.5"	"F0034"	0	0	"PR"	779.221	"diffuse"	29.511	0	1	2	0.0	0.0	0.0	null	781.014	0.089
12.9	0.0484	29625.0	3018.75	2268.75	NaN	NaN	NaN	0	0	0	0	0	1	1	0	0	0	0	0	1	0	0	0	0	1	1	1	0	1	1	1	0	155.0	0.117	0.285	NaN	NaN	0.279	0.633	NaN	NaN	8.37	22.155	NaN	NaN	0.0	"2.5"	"F0034"	1	1	"PR"	789.149	"wash-en"	9.326	0	1	2	0.0	0.0	0.0	null	790.942	0.089
13.0	0.0484	29625.0	2953.125	2259.375	NaN	NaN	NaN	0	0	0	0	0	1	1	0	0	0	0	0	1	0	0	0	0	1	1	1	0	1	1	1	0	156.0	0.11	0.284	NaN	NaN	0.262	0.631	NaN	NaN	7.86	22.085	NaN	NaN	0.0	"2.5"	"F0034"	1	1	"PR"	799.184	"wash-en"	19.361	0	1	2	0.0	0.0	0.0	null	800.977	0.088
1.7	0.049225	27750.0	2962.5	2287.5	NaN	NaN	NaN	0	0	0	0	0	1	1	0	0	0	0	0	1	0	0	0	0	0	0	0	1	0	0	0	1	20.0	0.111	0.287	NaN	NaN	0.264	0.638	NaN	NaN	7.92	22.33	NaN	NaN	0.0	"2.5"	"F0034"	0	0	"PR"	809.314	"wash-sc"	9.325	0	1	2	0.0	0.0	0.0	null	811.107	0.084
1.8	0.0495	1500.0	3159.375	2278.125	NaN	NaN	NaN	0	0	0	0	0	0	0	0	0	0	0	0	0	0	0	0	0	0	0	0	1	0	0	0	1	22.0	0.131	0.286	NaN	NaN	0.312	0.636	NaN	NaN	9.36	22.26	NaN	NaN	0.0	"2.5"	"F0034"	0	0	"PR"	819.149	"diffuse"	9.032	0	1	3	0.0	0.0	0.0	null	820.942	0.09
1.3	0.048675	2250.0	3150.0	2287.5	NaN	NaN	NaN	0	0	0	0	0	0	0	0	0	0	0	0	0	0	0	0	0	0	0	0	1	0	0	0	1	16.0	0.13	0.287	NaN	NaN	0.31	0.638	NaN	NaN	9.3	22.33	NaN	NaN	0.0	"2.5"	"F0034"	0	0	"PR"	829.186	"diffuse"	19.069	0	1	3	0.0	0.0	0.0	null	830.979	0.092
1.6	0.0495	187.5	3159.375	2278.125	NaN	NaN	NaN	0	0	0	0	0	0	0	0	0	0	0	0	0	0	0	0	0	0	0	0	1	0	0	0	1	19.0	0.131	0.286	NaN	NaN	0.312	0.636	NaN	NaN	9.36	22.26	NaN	NaN	0.0	"2.5"	"F0034"	0	0	"PR"	839.22	"diffuse"	29.103	0	1	3	0.0	0.0	0.0	null	841.013	0.089
12.1	0.0484	30000.0	2981.25	2278.125	NaN	NaN	NaN	0	0	0	0	0	1	1	0	0	0	0	0	1	0	0	0	0	1	1	1	0	1	1	1	0	145.0	0.113	0.286	NaN	NaN	0.269	0.636	NaN	NaN	8.07	22.26	NaN	NaN	0.0	"2.5"	"F0034"	1	1	"PR"	849.345	"wash-en"	9.121	0	1	3	0.0	0.0	0.0	null	851.138	0.09
12.5	0.04895	27562.5	2990.625	2287.5	NaN	NaN	NaN	0	0	0	0	0	1	1	0	0	0	0	0	1	0	0	0	0	1	1	1	0	1	1	1	0	150.0	0.114	0.287	NaN	NaN	0.271	0.638	NaN	NaN	8.13	22.33	NaN	NaN	0.0	"2.5"	"F0034"	1	1	"PR"	859.184	"wash-en"	18.96	0	1	3	0.0	0.0	0.0	null	860.977	0.091
1.3	0.0484	28312.5	2943.75	2278.125	NaN	NaN	NaN	0	0	0	0	0	1	1	0	0	0	0	0	1	0	0	0	0	0	0	0	1	0	0	0	1	16.0	0.109	0.286	NaN	NaN	0.26	0.636	NaN	NaN	7.8	22.26	NaN	NaN	0.0	"2.5"	"F0034"	0	0	"PR"	869.312	"wash-sc"	8.924	0	1	3	0.0	0.0	0.0	null	871.105	0.09
1.5	0.048675	1687.5	3159.375	2278.125	NaN	NaN	NaN	0	0	0	0	0	0	0	0	0	0	0	0	0	0	0	0	0	0	0	0	1	0	0	0	1	18.0	0.131	0.286	NaN	NaN	0.312	0.636	NaN	NaN	9.36	22.26	NaN	NaN	0.0	"2.5"	"F0034"	0	0	"PR"	879.352	"diffuse"	8.836	0	1	4	0.0	0.0	0.0	null	881.145	0.089
1.3	0.04895	937.5	3159.375	2268.75	NaN	NaN	NaN	0	0	0	0	0	0	0	0	0	0	0	0	0	0	0	0	0	0	0	0	1	0	0	0	1	16.0	0.131	0.285	NaN	NaN	0.312	0.633	NaN	NaN	9.36	22.155	NaN	NaN	0.0	"2.5"	"F0034"	0	0	"PR"	889.193	"diffuse"	18.677	0	1	4	0.0	0.0	0.0	null	890.986	0.089
0.9	0.0484	1125.0	3159.375	2287.5	NaN	NaN	NaN	0	0	0	0	0	0	0	0	0	0	0	0	0	0	0	0	0	0	0	0	1	0	0	0	1	11.0	0.131	0.287	NaN	NaN	0.312	0.638	NaN	NaN	9.36	22.33	NaN	NaN	0.0	"2.5"	"F0034"	0	0	"PR"	899.232	"diffuse"	28.716	0	1	4	0.0	0.0	0.0	null	901.025	0.086
12.8	0.0484	26812.5	2971.875	2278.125	NaN	NaN	NaN	0	0	0	0	0	1	1	0	0	0	0	0	1	0	0	0	0	1	1	1	0	1	1	1	0	154.0	0.112	0.286	NaN	NaN	0.267	0.636	NaN	NaN	8.01	22.26	NaN	NaN	0.0	"2.5"	"F0034"	1	1	"PR"	909.357	"wash-en"	8.721	0	1	4	0.0	0.0	0.0	null	911.15	0.089
11.6	0.047575	26812.5	3018.75	2259.375	NaN	NaN	NaN	0	0	0	0	0	1	1	0	0	0	0	0	1	0	0	0	0	1	1	1	0	1	1	1	0	139.0	0.117	0.284	NaN	NaN	0.279	0.631	NaN	NaN	8.37	22.085	NaN	NaN	0.0	"2.5"	"F0034"	1	1	"PR"	919.396	"wash-en"	18.76	0	1	4	0.0	0.0	0.0	null	921.189	0.091
0.8	0.0484	28687.5	3009.375	2287.5	NaN	NaN	NaN	0	0	0	0	0	1	1	0	0	0	0	0	1	0	0	0	0	0	0	0	1	0	0	0	1	10.0	0.116	0.287	NaN	NaN	0.276	0.638	NaN	NaN	8.28	22.33	NaN	NaN	0.0	"2.5"	"F0034"	0	0	"PR"	929.322	"wash-sc"	8.52	0	1	4	0.0	0.0	0.0	null	931.115	0.09
0.9	0.048675	-1687.5	2662.5	2306.25	NaN	NaN	NaN	0	0	0	0	1	0	0	0	0	0	0	0	0	0	0	0	0	0	0	0	1	0	0	0	1	11.0	0.081	0.289	NaN	NaN	0.193	0.642	NaN	NaN	5.79	22.47	NaN	NaN	0.0	"2.5"	"F0034"	0	0	"PR"	939.358	"drain-rg"	8.43	0	1	4	0.0	0.0	0.0	null	941.151	0.09
1.1	0.0484	-750.0	2250.0	2287.5	NaN	NaN	NaN	0	0	0	0	1	0	0	0	0	0	0	0	0	0	0	0	0	0	0	0	1	0	0	0	1	13.0	0.04	0.287	NaN	NaN	0.095	0.638	NaN	NaN	2.85	22.33	NaN	NaN	0.0	"2.5"	"F0034"	0	0	"PR"	949.397	"drain-rg"	18.469	0	1	4	0.0	0.0	0.0	null	951.19	0.092
0.3	0.048675	-750.0	1959.375	2278.125	NaN	NaN	NaN	0	0	0	0	1	0	0	0	0	0	0	0	0	0	0	0	0	0	0	0	1	0	0	0	1	4.0	0.011	0.286	NaN	NaN	0.026	0.636	NaN	NaN	0.78	22.26	NaN	NaN	0.0	"2.5"	"F0034"	0	0	"PR"	959.437	"drain-rg"	28.509	0	1	4	0.0	0.0	0.0	null	961.23	0.089
1.3	0.048125	-187.5	1387.5	2287.5	NaN	NaN	NaN	0	0	0	0	1	0	0	0	0	0	0	0	0	0	0	0	0	0	0	0	1	0	0	0	1	16.0	-0.046	0.287	NaN	NaN	-0.11	0.638	NaN	NaN	-3.3	22.33	NaN	NaN	0.0	"2.5"	"F0034"	0	0	"PR"	969.272	"drip-rg"	7.427	0	1	4	0.0	0.0	0.0	null	971.065	0.084
0.6	0.0484	20062.5	187.5	2259.375	NaN	NaN	NaN	0	0	1	0	0	1	0	0	0	0	0	0	1	0	0	0	0	0	0	0	1	0	0	0	1	7.0	-0.166	0.284	NaN	NaN	-0.395	0.631	NaN	NaN	-11.85	22.085	NaN	NaN	0.0	"2.5"	"F0034"	0	0	"FR"	1.623	"fill-rg-di"	1.422	1	1	0	978.898	0.0	0.0	null	981.145	0.086
1.3	0.0484	27375.0	2006.25	2006.25	NaN	NaN	NaN	0	0	1	0	0	1	0	0	0	0	0	0	1	0	0	0	0	0	0	0	1	0	0	0	1	16.0	0.016	0.259	NaN	NaN	0.038	0.576	NaN	NaN	1.14	20.16	NaN	NaN	0.0	"2.5"	"F0034"	0	0	"FR"	11.66	"fill-rg-di"	11.459	1	1	0	978.898	0.0	0.0	null	991.182	0.088
0.8	0.04785	27562.5	2325.0	1762.5	NaN	NaN	NaN	0	0	1	0	0	1	0	0	0	0	0	0	1	0	0	0	0	0	0	0	1	0	0	0	1	10.0	0.048	0.234	NaN	NaN	0.114	0.52	NaN	NaN	3.42	18.2	NaN	NaN	0.0	"2.5"	"F0034"	0	0	"FR"	21.695	"fill-rg-di"	21.494	1	1	0	978.898	0.0	0.0	null	1001.217	0.083
1.4	0.04675	25687.5	2625.0	1509.375	NaN	NaN	NaN	0	0	1	0	0	1	0	0	0	0	0	0	1	0	0	0	0	0	0	0	1	0	0	0	1	17.0	0.078	0.209	NaN	NaN	0.186	0.464	NaN	NaN	5.58	16.24	NaN	NaN	0.0	"2.5"	"F0034"	0	0	"FR"	31.729	"fill-rg-di"	31.528	1	1	0	978.898	0.0	0.0	null	1011.251	0.086
1.7	0.045925	27000.0	2934.375	1256.25	NaN	NaN	NaN	0	0	1	0	0	1	0	0	0	0	0	0	1	0	0	0	0	0	0	0	1	0	0	0	1	20.0	0.108	0.184	NaN	NaN	0.257	0.409	NaN	NaN	7.71	14.315	NaN	NaN	0.0	"2.5"	"F0034"	0	0	"FR"	41.767	"fill-rg-di"	41.566	1	1	0	978.898	0.0	0.0	null	1021.289	0.094
0.8	0.044825	28500.0	3243.75	1012.5	NaN	NaN	NaN	0	0	1	0	0	1	0	0	0	0	0	0	1	0	0	0	0	0	0	0	1	0	0	0	1	10.0	0.139	0.159	NaN	NaN	0.331	0.353	NaN	NaN	9.93	12.355	NaN	NaN	0.0	"2.5"	"F0034"	0	0	"FR"	51.607	"fill-rg-di"	51.406	1	1	0	978.898	0.0	0.0	null	1031.129	0.083
1.3	0.04565	-375.0	2756.25	993.75	NaN	NaN	NaN	0	0	0	0	1	0	0	0	0	0	0	0	0	0	0	0	0	0	0	0	1	0	0	0	1	16.0	0.091	0.157	NaN	NaN	0.217	0.349	NaN	NaN	6.51	12.215	NaN	NaN	0.0	"2.5"	"F0034"	0	0	"FR"	61.645	"drain-rg"	9.036	1	1	0	978.898	0.0	0.0	null	1041.167	0.084
0.6	0.0451	-562.5	2400.0	984.375	NaN	NaN	NaN	0	0	0	0	1	0	0	0	0	0	0	0	0	0	0	0	0	0	0	0	1	0	0	0	1	7.0	0.055	0.156	NaN	NaN	0.131	0.347	NaN	NaN	3.93	12.145	NaN	NaN	0.0	"2.5"	"F0034"	0	0	"FR"	71.685	"drain-rg"	19.076	1	1	0	978.898	0.0	0.0	null	1051.207	0.083
1.3	0.0451	-1687.5	2034.375	984.375	NaN	NaN	NaN	0	0	0	0	1	0	0	0	0	0	0	0	0	0	0	0	0	0	0	0	1	0	0	0	1	16.0	0.018	0.156	NaN	NaN	0.043	0.347	NaN	NaN	1.29	12.145	NaN	NaN	0.0	"2.5"	"F0034"	0	0	"FR"	81.722	"drain-rg"	29.113	1	1	0	978.898	0.0	0.0	null	1061.244	0.083
2.1	0.0451	-1875.0	1612.5	984.375	NaN	NaN	NaN	0	0	0	0	1	0	0	0	0	0	0	0	0	0	0	0	0	0	0	0	1	0	0	0	1	25.0	-0.024	0.156	NaN	NaN	-0.057	0.347	NaN	NaN	-1.71	12.145	NaN	NaN	0.0	"2.5"	"F0034"	0	0	"FR"	91.762	"drip-rg"	4.617	1	1	0	978.898	0.0	0.0	null	1071.284	0.089
0.6	0.0451	-1875.0	18.75	984.375	NaN	NaN	NaN	0	0	0	0	1	0	0	0	0	0	0	0	0	0	0	0	0	0	0	0	1	0	0	0	1	7.0	-0.183	0.156	NaN	NaN	-0.436	0.347	NaN	NaN	-13.08	12.145	NaN	NaN	0.0	"2.5"	"F0034"	0	0	"FR"	101.799	"drip-rg"	14.654	1	1	0	978.898	0.0	0.0	null	1081.321	0.086
1.2	0.0451	27562.5	1865.625	787.5	NaN	NaN	NaN	0	0	1	0	0	1	0	0	0	0	0	0	1	0	0	0	0	0	0	0	1	0	0	0	1	14.0	0.002	0.137	NaN	NaN	0.005	0.304	NaN	NaN	0.15	10.64	NaN	NaN	0.0	"2.5"	"F0034"	0	0	"PR"	8.654	"fill-rg-di"	8.454	1	0	0	978.898	0.0	1081.923	null	1091.199	0.085
1.3	0.0451	26437.5	2221.875	525.0	NaN	NaN	NaN	0	0	1	0	0	1	0	0	0	0	0	0	1	0	0	0	0	0	0	0	1	0	0	0	1	16.0	0.037	0.111	NaN	NaN	0.088	0.247	NaN	NaN	2.64	8.645	NaN	NaN	0.0	"2.5"	"F0034"	0	0	"PR"	18.687	"fill-rg-di"	18.487	1	0	0	978.898	0.0	1081.923	null	1101.232	0.084
1.3	0.044275	25875.0	2550.0	271.875	NaN	NaN	NaN	0	0	1	0	0	1	0	0	0	0	0	0	1	0	0	0	0	0	0	0	1	0	0	0	1	16.0	0.07	0.085	NaN	NaN	0.167	0.189	NaN	NaN	5.01	6.615	NaN	NaN	0.0	"2.5"	"F0034"	0	0	"PR"	28.725	"fill-rg-di"	28.525	1	0	0	978.898	0.0	1081.923	null	1111.27	0.086
1.6	0.044	375.0	2784.375	121.875	NaN	NaN	NaN	1	0	0	0	0	0	0	0	0	0	0	0	0	1	0	0	0	0	0	0	1	0	0	0	1	19.0	0.093	0.07	NaN	NaN	0.221	0.156	NaN	NaN	6.63	5.46	NaN	NaN	0.0	"2.5"	"F0034"	0	0	"PR"	38.763	"fill-di-lb"	2.208	1	0	0	978.898	0.0	1081.923	null	1121.308	0.083
1.1	0.044825	375.0	2775.0	431.25	NaN	NaN	NaN	1	0	0	0	0	0	0	0	0	0	0	0	0	1	0	0	0	0	0	0	1	0	0	0	1	13.0	0.093	0.101	NaN	NaN	0.221	0.224	NaN	NaN	6.63	7.84	NaN	NaN	0.0	"2.5"	"F0034"	0	0	"PR"	48.803	"fill-di-lb"	12.248	1	0	0	978.898	0.0	1081.923	null	1131.348	0.086
0.6	0.043725	1125.0	2784.375	665.625	NaN	NaN	NaN	1	0	0	0	0	0	0	0	0	0	0	0	0	1	0	0	0	0	0	0	1	0	0	0	1	7.0	0.093	0.125	NaN	NaN	0.221	0.278	NaN	NaN	6.63	9.73	NaN	NaN	0.0	"2.5"	"F0034"	0	0	"PR"	58.844	"fill-di-lb"	22.289	1	0	0	978.898	0.0	1081.923	null	1141.389	0.085
0.6	0.044275	1312.5	2765.625	1003.125	NaN	NaN	NaN	1	0	0	0	0	0	0	0	0	0	0	0	0	1	0	0	0	0	0	0	1	0	0	0	1	7.0	0.092	0.158	NaN	NaN	0.219	0.351	NaN	NaN	6.57	12.285	NaN	NaN	0.0	"2.5"	"F0034"	0	0	"PR"	68.882	"fill-di-lb"	32.327	1	0	0	978.898	0.0	1081.923	null	1151.427	0.083
0.6	0.043175	1875.0	2775.0	1293.75	NaN	NaN	NaN	1	0	0	0	0	0	0	0	0	0	0	0	0	1	0	0	0	0	0	0	1	0	0	0	1	7.0	0.093	0.187	NaN	NaN	0.221	0.416	NaN	NaN	6.63	14.56	NaN	NaN	0.0	"2.5"	"F0034"	0	0	"PR"	78.72	"fill-di-lb"	42.165	1	0	0	978.898	0.0	1081.923	null	1161.265	0.084
1.3	0.044275	2250.0	2775.0	1575.0	NaN	NaN	NaN	1	0	0	0	0	0	0	0	0	0	0	0	0	1	0	0	0	0	0	0	1	0	0	0	1	16.0	0.093	0.215	NaN	NaN	0.221	0.478	NaN	NaN	6.63	16.73	NaN	NaN	0.0	"2.5"	"F0034"	0	0	"PR"	88.757	"fill-di-lb"	52.202	1	0	0	978.898	0.0	1081.923	null	1171.302	0.084
0.8	0.044275	2812.5	2775.0	1875.0	NaN	NaN	NaN	1	0	0	0	0	0	0	0	0	0	0	0	0	1	0	0	0	0	0	0	1	0	0	0	1	10.0	0.093	0.245	NaN	NaN	0.221	0.544	NaN	NaN	6.63	19.04	NaN	NaN	0.0	"2.5"	"F0034"	0	0	"PR"	98.795	"fill-di-lb"	62.24	1	0	0	978.898	0.0	1081.923	null	1181.34	0.083
1.0	0.04345	3000.0	2784.375	2137.5	NaN	NaN	NaN	1	0	0	0	0	0	0	0	0	0	0	0	0	1	0	0	0	0	0	0	1	0	0	0	1	12.0	0.093	0.272	NaN	NaN	0.221	0.604	NaN	NaN	6.63	21.14	NaN	NaN	0.0	"2.5"	"F0034"	0	0	"PR"	108.831	"fill-di-lb"	72.276	1	0	0	978.898	0.0	1081.923	null	1191.376	0.085
