cur	ec	mod-ps	rg-ps	di-ps	fw1-ps	fw2-ps	pf-ps	vlv-di-fill	vlv-di-in	vlv-di-out	vlv-rg-fill	vlv-rg-drain	vlv-rg-in	vlv-rg-out	vlv-fw1-in	vlv-fw1-out	vlv-fw2-in	vlv-po	vlv-mod-drain	pmp-sys	pmp-di	pmp-fw1	pmp-fw2	uv	en-anode1	en-cath1	pl-anode1	pl-cath1	en-anode2	en-cath2	pl-anode2	pl-cath2	pw	rg-he	di-he	fw1-he	fw2-he	rg-lev	di-lev	fw1-lev	fw2-lev	rg-vol	di-vol	fw1-vol	fw2-vol	pr-ec	ver	sn	mod-en	mod-pl	proc	proc-time	ph	ph-time	count	cyc	rnd	pr-last	rc-last	fr-last	halt-re	time	exec
3.9	0.059675	30187.5	2896.875	2306.25	NaN	NaN	NaN	0	0	0	0	0	1	1	0	0	0	0	0	1	0	0	0	0	0	0	0	1	0	0	0	1	47.0	0.105	0.289	NaN	NaN	0.25	0.642	NaN	NaN	7.5	22.47	NaN	NaN	0.0	"2.5"	"F0034"	0	0	"PR"	8.248	"prime"	7.43	0	0	0	0.0	0.0	0.0	null	10.032	0.091
3.9	0.059675	30187.5	2896.875	2306.25	NaN	NaN	NaN	0	0	0	0	0	1	1	0	0	0	0	0	1	0	0	0	0	0	0	0	1	0	0	0	1	47.0	0.105	0.289	NaN	NaN	0.25	0.642	NaN	NaN	7.5	22.47	NaN	NaN	0.0	"2.5"	"F0034"	0	0	"PR"	8.248	"prime"	7.43	0	0	0	0.0	0.0	0.0	null	10.032	0.091
5.4	0.05885	29625.0	2915.625	2287.5	NaN	NaN	NaN	0	0	0	0	0	1	1	0	0	0	0	0	1	0	0	0	0	0	0	0	1	0	0	0	1	65.0	0.107	0.287	NaN	NaN	0.255	0.638	NaN	NaN	7.65	22.33	NaN	NaN	0.0	"2.5"	"F0034"	0	0	"PR"	18.283	"prime"	17.465	0	0	0	0.0	0.0	0.0	null	20.067	0.09
4.8	0.0594	30000.0	2906.25	2287.5	NaN	NaN	NaN	0	0	0	0	0	1	1	0	0	0	0	0	1	0	0	0	0	0	0	0	1	0	0	0	1	58.0	0.106	0.287	NaN	NaN	0.252	0.638	NaN	NaN	7.56	22.33	NaN	NaN	0.0	"2.5"	"F0034"	0	0	"PR"	28.319	"prime"	27.501	0	0	0	0.0	0.0	0.0	null	30.103	0.09
-11.8	0.058025	33187.5	3056.25	2587.5	NaN	NaN	NaN	0	1	1	0	0	0	0	0	0	0	0	0	1	0	0	0	0	1	1	0	1	1	1	0	1	-142.0	0.121	0.317	NaN	NaN	0.288	0.704	NaN	NaN	8.64	24.64	NaN	NaN	0.0	"2.5"	"F0034"	1	0	"PR"	38.36	"deionize"	7.03	0	1	0	0.0	0.0	0.0	null	40.144	0.09
-11.9	0.056375	34125.0	3065.625	2587.5	NaN	NaN	NaN	0	1	1	0	0	0	0	0	0	0	0	0	1	0	0	0	0	1	1	0	1	1	1	0	1	-143.0	0.122	0.317	NaN	NaN	0.29	0.704	NaN	NaN	8.7	24.64	NaN	NaN	0.0	"2.5"	"F0034"	1	0	"PR"	48.4	"deionize"	17.07	0	1	0	0.0	0.0	0.0	null	50.184	0.09
-12.2	0.054175	33562.5	3056.25	2606.25	NaN	NaN	NaN	0	1	1	0	0	0	0	0	0	0	0	0	1	0	0	0	0	1	1	0	1	1	1	0	1	-146.0	0.121	0.319	NaN	NaN	0.288	0.709	NaN	NaN	8.64	24.815	NaN	NaN	0.0	"2.5"	"F0034"	1	0	"PR"	58.441	"deionize"	27.111	0	1	0	0.0	0.0	0.0	null	60.225	0.086
-10.7	0.051425	34687.5	3056.25	2587.5	NaN	NaN	NaN	0	1	1	0	0	0	0	0	0	0	0	0	1	0	0	0	0	1	1	0	1	1	1	0	1	-128.0	0.121	0.317	NaN	NaN	0.288	0.704	NaN	NaN	8.64	24.64	NaN	NaN	0.0	"2.5"	"F0034"	1	0	"PR"	68.477	"deionize"	37.147	0	1	0	0.0	0.0	0.0	null	70.261	0.087
-11.0	0.049775	35812.5	3056.25	2512.5	NaN	NaN	NaN	0	1	1	0	0	0	0	0	0	0	0	0	1	0	0	0	0	1	1	0	1	1	1	0	1	-132.0	0.121	0.309	NaN	NaN	0.288	0.687	NaN	NaN	8.64	24.045	NaN	NaN	0.0	"2.5"	"F0034"	1	0	"PR"	78.517	"deionize"	47.187	0	1	0	0.0	0.0	0.0	null	80.301	0.084
-7.2	0.047575	35437.5	3056.25	2521.875	NaN	NaN	NaN	0	1	1	0	0	0	0	0	0	0	0	0	1	0	0	0	0	1	1	0	1	1	1	0	1	-86.0	0.121	0.31	NaN	NaN	0.288	0.689	NaN	NaN	8.64	24.115	NaN	NaN	0.0	"2.5"	"F0034"	1	0	"PR"	88.351	"deionize"	57.021	0	1	0	0.0	0.0	0.0	null	90.135	0.091
-9.8	0.0462	33937.5	3093.75	2559.375	NaN	NaN	NaN	0	1	1	0	0	0	0	0	0	0	0	0	1	0	0	0	0	1	1	0	1	1	1	0	1	-118.0	0.124	0.314	NaN	NaN	0.295	0.698	NaN	NaN	8.85	24.43	NaN	NaN	0.0	"2.5"	"F0034"	1	0	"PR"	98.387	"deionize"	67.057	0	1	0	0.0	0.0	0.0	null	100.171	0.09
-9.3	0.044825	34687.5	3065.625	2521.875	NaN	NaN	NaN	0	1	1	0	0	0	0	0	0	0	0	0	1	0	0	0	0	1	1	0	1	1	1	0	1	-112.0	0.122	0.31	NaN	NaN	0.29	0.689	NaN	NaN	8.7	24.115	NaN	NaN	0.0	"2.5"	"F0034"	1	0	"PR"	108.429	"deionize"	77.099	0	1	0	0.0	0.0	0.0	null	110.213	0.093
-9.2	0.043175	33562.5	3056.25	2475.0	NaN	NaN	NaN	0	1	1	0	0	0	0	0	0	0	0	0	1	0	0	0	0	1	1	0	1	1	1	0	1	-110.0	0.121	0.305	NaN	NaN	0.288	0.678	NaN	NaN	8.64	23.73	NaN	NaN	0.0	"2.5"	"F0034"	1	0	"PR"	118.466	"deionize"	87.136	0	1	0	0.0	0.0	0.0	null	120.25	0.091
-9.7	0.0429	33187.5	3056.25	2512.5	NaN	NaN	NaN	0	1	1	0	0	0	0	0	0	0	0	0	1	0	0	0	0	1	1	0	1	1	1	0	1	-116.0	0.121	0.309	NaN	NaN	0.288	0.687	NaN	NaN	8.64	24.045	NaN	NaN	0.0	"2.5"	"F0034"	1	0	"PR"	128.502	"deionize"	97.172	0	1	0	0.0	0.0	0.0	null	130.286	0.087
-8.8	0.0418	34500.0	3065.625	2475.0	NaN	NaN	NaN	0	1	1	0	0	0	0	0	0	0	0	0	1	0	0	0	0	1	1	0	1	1	1	0	1	-106.0	0.122	0.305	NaN	NaN	0.29	0.678	NaN	NaN	8.7	23.73	NaN	NaN	0.0	"2.5"	"F0034"	1	0	"PR"	138.542	"deionize"	107.212	0	1	0	0.0	0.0	0.0	null	140.326	0.092
-9.2	0.04125	34500.0	3065.625	2475.0	NaN	NaN	NaN	0	1	1	0	0	0	0	0	0	0	0	0	1	0	0	0	0	1	1	0	1	1	1	0	1	-110.0	0.122	0.305	NaN	NaN	0.29	0.678	NaN	NaN	8.7	23.73	NaN	NaN	0.0	"2.5"	"F0034"	1	0	"PR"	148.58	"deionize"	117.25	0	1	0	0.0	0.0	0.0	null	150.364	0.09
-8.6	0.0407	34687.5	3037.5	2409.375	NaN	NaN	NaN	0	1	1	0	0	0	0	0	0	0	0	0	1	0	0	0	0	1	1	0	1	1	1	0	1	-103.0	0.119	0.299	NaN	NaN	0.283	0.664	NaN	NaN	8.49	23.24	NaN	NaN	0.0	"2.5"	"F0034"	1	0	"PR"	158.419	"deionize"	127.089	0	1	0	0.0	0.0	0.0	null	160.203	0.088
-8.8	0.04015	36187.5	3056.25	2456.25	NaN	NaN	NaN	0	1	1	0	0	0	0	0	0	0	0	0	1	0	0	0	0	1	1	0	1	1	1	0	1	-106.0	0.121	0.304	NaN	NaN	0.288	0.676	NaN	NaN	8.64	23.66	NaN	NaN	0.0	"2.5"	"F0034"	1	0	"PR"	168.455	"deionize"	137.125	0	1	0	0.0	0.0	0.0	null	170.239	0.084
-8.4	0.0396	33375.0	3056.25	2437.5	NaN	NaN	NaN	0	1	1	0	0	0	0	0	0	0	0	0	1	0	0	0	0	1	1	0	1	1	1	0	1	-101.0	0.121	0.302	NaN	NaN	0.288	0.671	NaN	NaN	8.64	23.485	NaN	NaN	0.0	"2.5"	"F0034"	1	0	"PR"	178.486	"deionize"	147.156	0	1	0	0.0	0.0	0.0	null	180.27	0.091
-8.0	0.039325	33562.5	3056.25	2540.625	NaN	NaN	NaN	0	1	1	0	0	0	0	0	0	0	0	0	1	0	0	0	0	1	1	0	1	1	1	0	1	-96.0	0.121	0.312	NaN	NaN	0.288	0.693	NaN	NaN	8.64	24.255	NaN	NaN	0.0	"2.5"	"F0034"	1	0	"PR"	188.525	"deionize"	157.195	0	1	0	0.0	0.0	0.0	null	190.309	0.092
-5.9	0.038775	33375.0	3056.25	2456.25	NaN	NaN	NaN	0	1	1	0	0	0	0	0	0	0	0	0	1	0	0	0	0	1	1	0	1	1	1	0	1	-71.0	0.121	0.304	NaN	NaN	0.288	0.676	NaN	NaN	8.64	23.66	NaN	NaN	0.0	"2.5"	"F0034"	1	0	"PR"	198.565	"deionize"	167.235	0	1	0	0.0	0.0	0.0	null	200.349	0.09
-7.8	0.038225	34687.5	3065.625	2437.5	NaN	NaN	NaN	0	1	1	0	0	0	0	0	0	0	0	0	1	0	0	0	0	1	1	0	1	1	1	0	1	-94.0	0.122	0.302	NaN	NaN	0.29	0.671	NaN	NaN	8.7	23.485	NaN	NaN	0.0	"2.5"	"F0034"	1	0	"PR"	208.604	"deionize"	177.274	0	1	0	0.0	0.0	0.0	null	210.388	0.091
-7.8	0.0385	34125.0	3056.25	2493.75	NaN	NaN	NaN	0	1	1	0	0	0	0	0	0	0	0	0	1	0	0	0	0	1	1	0	1	1	1	0	1	-94.0	0.121	0.307	NaN	NaN	0.288	0.682	NaN	NaN	8.64	23.87	NaN	NaN	0.0	"2.5"	"F0034"	1	0	"PR"	218.645	"deionize"	187.315	0	1	0	0.0	0.0	0.0	null	220.429	0.091
-6.9	0.038225	34875.0	3046.875	2475.0	NaN	NaN	NaN	0	1	1	0	0	0	0	0	0	0	0	0	1	0	0	0	0	1	1	0	1	1	1	0	1	-83.0	0.12	0.305	NaN	NaN	0.286	0.678	NaN	NaN	8.58	23.73	NaN	NaN	0.0	"2.5"	"F0034"	1	0	"PR"	228.479	"deionize"	197.149	0	1	0	0.0	0.0	0.0	null	230.263	0.087
-7.6	0.037675	35812.5	3075.0	2456.25	NaN	NaN	NaN	0	1	1	0	0	0	0	0	0	0	0	0	1	0	0	0	0	1	1	0	1	1	1	0	1	-91.0	0.122	0.304	NaN	NaN	0.29	0.676	NaN	NaN	8.7	23.66	NaN	NaN	0.0	"2.5"	"F0034"	1	0	"PR"	238.517	"deionize"	207.187	0	1	0	0.0	0.0	0.0	null	240.301	0.087
-7.8	0.0374	36187.5	3056.25	2465.625	NaN	NaN	NaN	0	1	1	0	0	0	0	0	0	0	0	0	1	0	0	0	0	1	1	0	1	1	1	0	1	-94.0	0.121	0.305	NaN	NaN	0.288	0.678	NaN	NaN	8.64	23.73	NaN	NaN	0.0	"2.5"	"F0034"	1	0	"PR"	248.557	"deionize"	217.227	0	1	0	0.0	0.0	0.0	null	250.341	0.087
-7.0	0.037125	36937.5	3065.625	2428.125	NaN	NaN	NaN	0	1	1	0	0	0	0	0	0	0	0	0	1	0	0	0	0	1	1	0	1	1	1	0	1	-84.0	0.122	0.301	NaN	NaN	0.29	0.669	NaN	NaN	8.7	23.415	NaN	NaN	0.0	"2.5"	"F0034"	1	0	"PR"	258.593	"deionize"	227.263	0	1	0	0.0	0.0	0.0	null	260.377	0.087
-7.0	0.03685	36937.5	3056.25	2400.0	NaN	NaN	NaN	0	1	1	0	0	0	0	0	0	0	0	0	1	0	0	0	0	1	1	0	1	1	1	0	1	-84.0	0.121	0.298	NaN	NaN	0.288	0.662	NaN	NaN	8.64	23.17	NaN	NaN	0.0	"2.5"	"F0034"	1	0	"PR"	268.633	"deionize"	237.303	0	1	0	0.0	0.0	0.0	null	270.417	0.089
-7.4	0.0363	36000.0	3056.25	2418.75	NaN	NaN	NaN	0	1	1	0	0	0	0	0	0	0	0	0	1	0	0	0	1	1	1	0	1	1	1	0	1	-89.0	0.121	0.3	NaN	NaN	0.288	0.667	NaN	NaN	8.64	23.345	NaN	NaN	0.0	"2.5"	"F0034"	1	0	"PR"	278.576	"deionize-uv"	7.134	0	1	0	0.0	0.0	0.0	null	280.36	0.086
-8.0	0.036025	36937.5	3065.625	2446.875	NaN	NaN	NaN	0	1	1	0	0	0	0	0	0	0	0	0	1	0	0	0	1	1	1	0	1	1	1	0	1	-96.0	0.122	0.303	NaN	NaN	0.29	0.673	NaN	NaN	8.7	23.555	NaN	NaN	0.0	"2.5"	"F0034"	1	0	"PR"	288.614	"deionize-uv"	17.172	0	1	0	0.0	0.0	0.0	null	290.398	0.086
-7.0	0.036025	32812.5	3056.25	2428.125	NaN	NaN	NaN	0	1	1	0	0	0	0	0	0	0	0	0	1	0	0	0	1	1	1	0	1	1	1	0	1	-84.0	0.121	0.301	NaN	NaN	0.288	0.669	NaN	NaN	8.64	23.415	NaN	NaN	0.0	"2.5"	"F0034"	1	0	"PR"	298.648	"deionize-uv"	27.206	0	1	0	0.0	0.0	0.0	null	300.432	0.086
-6.3	0.036025	35812.5	3065.625	2446.875	NaN	NaN	NaN	0	1	1	0	0	0	0	0	0	0	0	0	1	0	0	0	1	1	1	0	1	1	1	0	1	-76.0	0.122	0.303	NaN	NaN	0.29	0.673	NaN	NaN	8.7	23.555	NaN	NaN	0.0	"2.5"	"F0034"	1	0	"PR"	308.68	"deionize-uv"	37.238	0	1	0	0.0	0.0	0.0	null	310.464	0.086
-7.0	0.034925	36375.0	3056.25	2437.5	NaN	NaN	NaN	0	1	1	0	0	0	0	0	0	0	0	0	1	0	0	0	1	1	1	0	1	1	1	0	1	-84.0	0.121	0.302	NaN	NaN	0.288	0.671	NaN	NaN	8.64	23.485	NaN	NaN	0.0	"2.5"	"F0034"	1	0	"PR"	318.712	"deionize-uv"	47.27	0	1	0	0.0	0.0	0.0	null	320.496	0.086
-7.2	0.034925	34500.0	3056.25	2437.5	NaN	NaN	NaN	0	1	1	0	0	0	0	0	0	0	0	0	1	0	0	0	1	1	1	0	1	1	1	0	1	-86.0	0.121	0.302	NaN	NaN	0.288	0.671	NaN	NaN	8.64	23.485	NaN	NaN	0.0	"2.5"	"F0034"	1	0	"PR"	328.75	"deionize-uv"	57.308	0	1	0	0.0	0.0	0.0	null	330.534	0.086
-7.0	0.034925	35062.5	3046.875	2390.625	NaN	NaN	NaN	0	1	1	0	0	0	0	0	0	0	0	0	1	0	0	0	1	1	1	0	1	1	1	0	1	-84.0	0.12	0.297	NaN	NaN	0.286	0.66	NaN	NaN	8.58	23.1	NaN	NaN	0.0	"2.5"	"F0034"	1	0	"PR"	338.591	"deionize-uv"	67.149	0	1	0	0.0	0.0	0.0	null	340.375	0.083
-5.5	0.033825	34687.5	3056.25	2456.25	NaN	NaN	NaN	0	1	1	0	0	0	0	0	0	0	0	0	1	0	0	0	1	1	1	0	1	1	1	0	1	-66.0	0.121	0.304	NaN	NaN	0.288	0.676	NaN	NaN	8.64	23.66	NaN	NaN	0.0	"2.5"	"F0034"	1	0	"PR"	348.632	"deionize-uv"	77.19	0	1	0	0.0	0.0	0.0	null	350.416	0.085
-7.0	0.034375	33562.5	3056.25	2428.125	NaN	NaN	NaN	0	1	1	0	0	0	0	0	0	0	0	0	1	0	0	0	1	1	1	0	1	1	1	0	1	-84.0	0.121	0.301	NaN	NaN	0.288	0.669	NaN	NaN	8.64	23.415	NaN	NaN	0.0	"2.5"	"F0034"	1	0	"PR"	358.667	"deionize-uv"	87.225	0	1	0	0.0	0.0	0.0	null	360.451	0.086
-6.3	0.0341	33937.5	3037.5	2428.125	NaN	NaN	NaN	0	1	1	0	0	0	0	0	0	0	0	0	1	0	0	0	1	1	1	0	1	1	1	0	1	-76.0	0.119	0.301	NaN	NaN	0.283	0.669	NaN	NaN	8.49	23.415	NaN	NaN	0.0	"2.5"	"F0034"	1	0	"PR"	368.709	"deionize-uv"	97.267	0	1	0	0.0	0.0	0.0	null	370.493	0.083
-6.5	0.033825	36562.5	3028.125	2437.5	NaN	NaN	NaN	0	1	1	0	0	0	0	0	0	0	0	0	1	0	0	0	1	1	1	0	1	1	1	0	1	-78.0	0.118	0.302	NaN	NaN	0.281	0.671	NaN	NaN	8.43	23.485	NaN	NaN	0.0	"2.5"	"F0034"	1	0	"PR"	378.751	"deionize-uv"	107.309	0	1	0	0.0	0.0	0.0	null	380.535	0.084
-7.3	0.033825	34312.5	3075.0	2409.375	NaN	NaN	NaN	0	1	1	0	0	0	0	0	0	0	0	0	1	0	0	0	1	1	1	0	1	1	1	0	1	-88.0	0.122	0.299	NaN	NaN	0.29	0.664	NaN	NaN	8.7	23.24	NaN	NaN	0.0	"2.5"	"F0034"	1	0	"PR"	388.79	"deionize-uv"	117.348	0	1	0	0.0	0.0	0.0	null	390.574	0.084
-6.9	0.033	37312.5	3056.25	1987.5	NaN	NaN	NaN	0	0	1	0	0	0	0	1	0	0	0	0	1	0	0	0	1	1	1	0	1	1	1	0	1	-83.0	0.121	0.257	NaN	NaN	0.288	0.571	NaN	NaN	8.64	19.985	NaN	NaN	0.0	"2.5"	"F0034"	1	0	"PR"	398.666	"drip-di-1"	6.133	0	1	0	0.0	0.0	0.0	null	400.45	0.087
12.9	0.033275	29625.0	3018.75	1753.125	NaN	NaN	NaN	1	0	0	0	0	1	1	0	0	0	0	0	1	1	0	0	0	1	1	1	0	1	1	1	0	155.0	0.117	0.233	NaN	NaN	0.279	0.518	NaN	NaN	8.37	18.13	NaN	NaN	0.0	"2.5"	"F0034"	1	1	"PR"	408.663	"reverse-f"	0.967	0	1	0	0.0	0.0	0.0	null	410.447	0.084
13.2	0.0341	29812.5	2915.625	2043.75	NaN	NaN	NaN	1	0	0	0	0	1	1	0	0	0	0	0	1	1	0	0	0	1	1	1	0	1	1	1	0	158.0	0.107	0.262	NaN	NaN	0.255	0.582	NaN	NaN	7.65	20.37	NaN	NaN	0.0	"2.5"	"F0034"	1	1	"PR"	418.699	"reverse-f"	11.003	0	1	0	0.0	0.0	0.0	null	420.483	0.083
13.3	0.0374	29437.5	2896.875	2268.75	NaN	NaN	NaN	0	0	0	0	0	1	1	0	0	0	0	0	1	0	0	0	0	1	1	1	0	1	1	1	0	160.0	0.105	0.285	NaN	NaN	0.25	0.633	NaN	NaN	7.5	22.155	NaN	NaN	0.0	"2.5"	"F0034"	1	1	"PR"	428.843	"reverse"	21.147	0	1	0	0.0	0.0	0.0	null	430.627	0.085
12.7	0.040425	29250.0	2925.0	2287.5	NaN	NaN	NaN	0	0	0	0	0	1	1	0	0	0	0	0	1	0	0	0	0	1	1	1	0	1	1	1	0	152.0	0.107	0.287	NaN	NaN	0.255	0.638	NaN	NaN	7.65	22.33	NaN	NaN	0.0	"2.5"	"F0034"	1	1	"PR"	438.685	"reverse"	30.989	0	1	0	0.0	0.0	0.0	null	440.469	0.083
12.6	0.0429	29062.5	2953.125	2259.375	NaN	NaN	NaN	0	0	0	0	0	1	1	0	0	0	0	0	1	0	0	0	0	1	1	1	0	1	1	1	0	151.0	0.11	0.284	NaN	NaN	0.262	0.631	NaN	NaN	7.86	22.085	NaN	NaN	0.0	"2.5"	"F0034"	1	1	"PR"	448.724	"reverse"	41.028	0	1	0	0.0	0.0	0.0	null	450.508	0.088
12.4	0.045375	29812.5	2906.25	2268.75	NaN	NaN	NaN	0	0	0	0	0	1	1	0	0	0	0	0	1	0	0	0	0	1	1	1	0	1	1	1	0	149.0	0.106	0.285	NaN	NaN	0.252	0.633	NaN	NaN	7.56	22.155	NaN	NaN	0.0	"2.5"	"F0034"	1	1	"PR"	458.757	"reverse"	51.061	0	1	0	0.0	0.0	0.0	null	460.541	0.083
12.3	0.0484	30000.0	2915.625	2268.75	NaN	NaN	NaN	0	0	0	0	0	1	1	0	0	0	0	0	1	0	0	0	0	1	1	1	0	1	1	1	0	148.0	0.107	0.285	NaN	NaN	0.255	0.633	NaN	NaN	7.65	22.155	NaN	NaN	0.0	"2.5"	"F0034"	1	1	"PR"	468.793	"reverse"	61.097	0	1	0	0.0	0.0	0.0	null	470.577	0.084
12.7	0.050325	29250.0	2925.0	2278.125	NaN	NaN	NaN	0	0	0	0	0	1	1	0	0	0	0	0	1	0	0	0	0	1	1	1	0	1	1	1	0	152.0	0.107	0.286	NaN	NaN	0.255	0.636	NaN	NaN	7.65	22.26	NaN	NaN	0.0	"2.5"	"F0034"	1	1	"PR"	478.825	"reverse"	71.129	0	1	0	0.0	0.0	0.0	null	480.609	0.085
12.9	0.0517	29625.0	2906.25	2240.625	NaN	NaN	NaN	0	0	0	0	0	1	1	0	0	0	0	0	1	0	0	0	0	1	1	1	0	1	1	1	0	155.0	0.106	0.282	NaN	NaN	0.252	0.627	NaN	NaN	7.56	21.945	NaN	NaN	0.0	"2.5"	"F0034"	1	1	"PR"	488.861	"reverse"	81.165	0	1	0	0.0	0.0	0.0	null	490.645	0.084
12.6	0.053625	29812.5	2925.0	2259.375	NaN	NaN	NaN	0	0	0	0	0	1	1	0	0	0	0	0	1	0	0	0	0	1	1	1	0	1	1	1	0	151.0	0.107	0.284	NaN	NaN	0.255	0.631	NaN	NaN	7.65	22.085	NaN	NaN	0.0	"2.5"	"F0034"	1	1	"PR"	498.899	"reverse"	91.203	0	1	0	0.0	0.0	0.0	null	500.683	0.083
12.8	0.054725	30000.0	2896.875	2268.75	NaN	NaN	NaN	0	0	0	0	0	1	1	0	0	0	0	0	1	0	0	0	0	1	1	1	0	1	1	1	0	154.0	0.105	0.285	NaN	NaN	0.25	0.633	NaN	NaN	7.5	22.155	NaN	NaN	0.0	"2.5"	"F0034"	1	1	"PR"	508.936	"reverse"	101.24	0	1	0	0.0	0.0	0.0	null	510.72	0.085
12.3	0.055275	30187.5	2915.625	2278.125	NaN	NaN	NaN	0	0	0	0	0	1	1	0	0	0	0	0	1	0	0	0	0	1	1	1	0	1	1	1	0	148.0	0.107	0.286	NaN	NaN	0.255	0.636	NaN	NaN	7.65	22.26	NaN	NaN	0.0	"2.5"	"F0034"	1	1	"PR"	518.771	"reverse"	111.075	0	1	0	0.0	0.0	0.0	null	520.555	0.09
12.9	0.05665	29250.0	2953.125	2268.75	NaN	NaN	NaN	0	0	0	0	0	1	1	0	0	0	0	0	1	0	0	0	0	1	1	1	0	1	1	1	0	155.0	0.11	0.285	NaN	NaN	0.262	0.633	NaN	NaN	7.86	22.155	NaN	NaN	0.0	"2.5"	"F0034"	1	1	"PR"	528.805	"reverse"	121.109	0	1	0	0.0	0.0	0.0	null	530.589	0.087
9.7	0.0572	29250.0	2896.875	2278.125	NaN	NaN	NaN	0	0	0	0	0	1	1	0	0	0	0	0	1	0	0	0	0	1	1	1	0	1	1	1	0	116.0	0.105	0.286	NaN	NaN	0.25	0.636	NaN	NaN	7.5	22.26	NaN	NaN	0.0	"2.5"	"F0034"	1	1	"PR"	538.844	"reverse"	131.148	0	1	0	0.0	0.0	0.0	null	540.628	0.091
12.6	0.057475	30000.0	2934.375	2268.75	NaN	NaN	NaN	0	0	0	0	0	1	1	0	0	0	0	0	1	0	0	0	0	1	1	1	0	1	1	1	0	151.0	0.108	0.285	NaN	NaN	0.257	0.633	NaN	NaN	7.71	22.155	NaN	NaN	0.0	"2.5"	"F0034"	1	1	"PR"	548.878	"reverse"	141.182	0	1	0	0.0	0.0	0.0	null	550.662	0.083
4.6	0.0583	562.5	3093.75	2240.625	NaN	NaN	NaN	0	0	0	0	0	0	0	0	0	0	0	0	0	0	0	0	0	0	0	0	1	0	0	0	1	55.0	0.124	0.282	NaN	NaN	0.295	0.627	NaN	NaN	8.85	21.945	NaN	NaN	0.0	"2.5"	"F0034"	0	0	"PR"	558.81	"diffuse"	1.095	0	1	1	0.0	0.0	0.0	null	560.594	0.09
5.1	0.058025	937.5	3121.875	2287.5	NaN	NaN	NaN	0	0	0	0	0	0	0	0	0	0	0	0	0	0	0	0	0	0	0	0	1	0	0	0	1	61.0	0.127	0.287	NaN	NaN	0.302	0.638	NaN	NaN	9.06	22.33	NaN	NaN	0.0	"2.5"	"F0034"	0	0	"PR"	568.845	"diffuse"	11.13	0	1	1	0.0	0.0	0.0	null	570.629	0.091
5.3	0.05775	1125.0	3075.0	2287.5	NaN	NaN	NaN	0	0	0	0	0	0	0	0	0	0	0	0	0	0	0	0	0	0	0	0	1	0	0	0	1	64.0	0.122	0.287	NaN	NaN	0.29	0.638	NaN	NaN	8.7	22.33	NaN	NaN	0.0	"2.5"	"F0034"	0	0	"PR"	578.883	"diffuse"	21.168	0	1	1	0.0	0.0	0.0	null	580.667	0.09
12.3	0.057475	18375.0	2990.625	2268.75	NaN	NaN	NaN	0	0	0	0	0	1	1	0	0	0	0	0	1	0	0	0	0	1	1	1	0	1	1	1	0	148.0	0.114	0.285	NaN	NaN	0.271	0.633	NaN	NaN	8.13	22.155	NaN	NaN	0.0	"2.5"	"F0034"	1	1	"PR"	589.011	"wash-en"	1.094	0	1	1	0.0	0.0	0.0	null	590.795	0.084
12.8	0.05885	30000.0	2934.375	2278.125	NaN	NaN	NaN	0	0	0	0	0	1	1	0	0	0	0	0	1	0	0	0	0	1	1	1	0	1	1	1	0	154.0	0.108	0.286	NaN	NaN	0.257	0.636	NaN	NaN	7.71	22.26	NaN	NaN	0.0	"2.5"	"F0034"	1	1	"PR"	598.848	"wash-en"	10.931	0	1	1	0.0	0.0	0.0	null	600.632	0.091
3.8	0.060225	30000.0	2925.0	2287.5	NaN	NaN	NaN	0	0	0	0	0	1	1	0	0	0	0	0	1	0	0	0	0	0	0	0	1	0	0	0	1	46.0	0.107	0.287	NaN	NaN	0.255	0.638	NaN	NaN	7.65	22.33	NaN	NaN	0.0	"2.5"	"F0034"	0	0	"PR"	608.974	"wash-sc"	0.895	0	1	1	0.0	0.0	0.0	null	610.758	0.09
5.7	0.060225	1687.5	3093.75	2250.0	NaN	NaN	NaN	0	0	0	0	0	0	0	0	0	0	0	0	0	0	0	0	0	0	0	0	1	0	0	0	1	68.0	0.124	0.283	NaN	NaN	0.295	0.629	NaN	NaN	8.85	22.015	NaN	NaN	0.0	"2.5"	"F0034"	0	0	"PR"	619.014	"diffuse"	0.804	0	1	2	0.0	0.0	0.0	null	620.798	0.084
4.6	0.05995	2812.5	3084.375	2278.125	NaN	NaN	NaN	0	0	0	0	0	0	0	0	0	0	0	0	0	0	0	0	0	0	0	0	1	0	0	0	1	55.0	0.123	0.286	NaN	NaN	0.293	0.636	NaN	NaN	8.79	22.26	NaN	NaN	0.0	"2.5"	"F0034"	0	0	"PR"	629.053	"diffuse"	10.843	0	1	2	0.0	0.0	0.0	null	630.837	0.083
6.5	0.06105	1125.0	3084.375	2259.375	NaN	NaN	NaN	0	0	0	0	0	0	0	0	0	0	0	0	0	0	0	0	0	0	0	0	1	0	0	0	1	78.0	0.123	0.284	NaN	NaN	0.293	0.631	NaN	NaN	8.79	22.085	NaN	NaN	0.0	"2.5"	"F0034"	0	0	"PR"	638.887	"diffuse"	20.677	0	1	2	0.0	0.0	0.0	null	640.671	0.09
12.7	0.059675	10875.0	2690.625	2231.25	NaN	NaN	NaN	0	0	0	0	0	1	1	0	0	0	0	0	1	0	0	0	0	1	1	1	0	1	1	1	0	152.0	0.084	0.281	NaN	NaN	0.2	0.624	NaN	NaN	6.0	21.84	NaN	NaN	0.0	"2.5"	"F0034"	1	1	"PR"	649.015	"wash-en"	0.693	0	1	2	0.0	0.0	0.0	null	650.799	0.084
12.6	0.05995	30000.0	2906.25	2268.75	NaN	NaN	NaN	0	0	0	0	0	1	1	0	0	0	0	0	1	0	0	0	0	1	1	1	0	1	1	1	0	151.0	0.106	0.285	NaN	NaN	0.252	0.633	NaN	NaN	7.56	22.155	NaN	NaN	0.0	"2.5"	"F0034"	1	1	"PR"	659.056	"wash-en"	10.734	0	1	2	0.0	0.0	0.0	null	660.84	0.09
3.9	0.061325	29812.5	2934.375	2278.125	NaN	NaN	NaN	0	0	0	0	0	1	1	0	0	0	0	0	1	0	0	0	0	0	0	0	1	0	0	0	1	47.0	0.108	0.286	NaN	NaN	0.257	0.636	NaN	NaN	7.71	22.26	NaN	NaN	0.0	"2.5"	"F0034"	0	0	"PR"	668.979	"wash-sc"	0.491	0	1	2	0.0	0.0	0.0	null	670.763	0.29
4.0	0.061325	14437.5	3196.875	2278.125	NaN	NaN	NaN	0	0	0	0	0	0	0	0	0	0	0	0	0	0	0	0	0	0	0	0	1	0	0	0	1	48.0	0.135	0.286	NaN	NaN	0.321	0.636	NaN	NaN	9.63	22.26	NaN	NaN	0.0	"2.5"	"F0034"	0	0	"PR"	679.016	"diffuse"	0.401	0	1	3	0.0	0.0	0.0	null	680.8	0.143
4.3	0.0605	2812.5	3056.25	2287.5	NaN	NaN	NaN	0	0	0	0	0	0	0	0	0	0	0	0	0	0	0	0	0	0	0	0	1	0	0	0	1	52.0	0.121	0.287	NaN	NaN	0.288	0.638	NaN	NaN	8.64	22.33	NaN	NaN	0.0	"2.5"	"F0034"	0	0	"PR"	689.051	"diffuse"	10.436	0	1	3	0.0	0.0	0.0	null	690.835	0.089
4.2	0.060775	1312.5	3075.0	2278.125	NaN	NaN	NaN	0	0	0	0	0	0	0	0	0	0	0	0	0	0	0	0	0	0	0	0	1	0	0	0	1	50.0	0.122	0.286	NaN	NaN	0.29	0.636	NaN	NaN	8.7	22.26	NaN	NaN	0.0	"2.5"	"F0034"	0	0	"PR"	699.088	"diffuse"	20.473	0	1	3	0.0	0.0	0.0	null	700.872	0.087
5.4	0.061325	1875.0	3093.75	2287.5	NaN	NaN	NaN	0	0	0	0	0	1	1	0	0	0	0	0	1	0	0	0	0	1	1	1	0	1	1	1	0	65.0	0.124	0.287	NaN	NaN	0.295	0.638	NaN	NaN	8.85	22.33	NaN	NaN	0.0	"2.5"	"F0034"	1	1	"PR"	708.919	"wash-en"	0.2	0	1	3	0.0	0.0	0.0	null	710.703	0.094
11.1	0.060775	30375.0	2915.625	2278.125	NaN	NaN	NaN	0	0	0	0	0	1	1	0	0	0	0	0	1	0	0	0	0	1	1	1	0	1	1	1	0	133.0	0.107	0.286	NaN	NaN	0.255	0.636	NaN	NaN	7.65	22.26	NaN	NaN	0.0	"2.5"	"F0034"	1	1	"PR"	719.051	"wash-en"	10.332	0	1	3	0.0	0.0	0.0	null	720.835	0.087
12.3	0.060775	29250.0	2906.25	2306.25	NaN	NaN	NaN	0	0	0	0	0	1	1	0	0	0	0	0	1	0	0	0	0	0	0	0	1	0	0	0	1	148.0	0.106	0.289	NaN	NaN	0.252	0.642	NaN	NaN	7.56	22.47	NaN	NaN	0.0	"2.5"	"F0034"	0	0	"PR"	729.085	"wash-sc"	0.201	0	1	3	0.0	0.0	0.0	null	730.869	0.094
3.7	0.06105	30562.5	2896.875	2287.5	NaN	NaN	NaN	0	0	0	0	0	1	1	0	0	0	0	0	1	0	0	0	0	0	0	0	1	0	0	0	1	44.0	0.105	0.287	NaN	NaN	0.25	0.638	NaN	NaN	7.5	22.33	NaN	NaN	0.0	"2.5"	"F0034"	0	0	"PR"	739.012	"wash-sc"	10.128	0	1	3	0.0	0.0	0.0	null	740.796	0.087
3.6	0.0616	2437.5	3093.75	2278.125	NaN	NaN	NaN	0	0	0	0	0	0	0	0	0	0	0	0	0	0	0	0	0	0	0	0	1	0	0	0	1	43.0	0.124	0.286	NaN	NaN	0.295	0.636	NaN	NaN	8.85	22.26	NaN	NaN	0.0	"2.5"	"F0034"	0	0	"PR"	749.053	"diffuse"	10.041	0	1	4	0.0	0.0	0.0	null	750.837	0.086
3.7	0.06105	2812.5	3075.0	2278.125	NaN	NaN	NaN	0	0	0	0	0	0	0	0	0	0	0	0	0	0	0	0	0	0	0	0	1	0	0	0	1	44.0	0.122	0.286	NaN	NaN	0.29	0.636	NaN	NaN	8.7	22.26	NaN	NaN	0.0	"2.5"	"F0034"	0	0	"PR"	759.091	"diffuse"	20.079	0	1	4	0.0	0.0	0.0	null	760.875	0.09
3.5	0.0616	2250.0	3084.375	2278.125	NaN	NaN	NaN	0	0	0	0	0	0	0	0	0	0	0	0	0	0	0	0	0	0	0	0	1	0	0	0	1	42.0	0.123	0.286	NaN	NaN	0.293	0.636	NaN	NaN	8.79	22.26	NaN	NaN	0.0	"2.5"	"F0034"	0	0	"PR"	769.129	"diffuse"	30.117	0	1	4	0.0	0.0	0.0	null	770.913	0.089
16.8	0.060775	29812.5	2934.375	2250.0	NaN	NaN	NaN	0	0	0	0	0	1	1	0	0	0	0	0	1	0	0	0	0	1	1	1	0	1	1	1	0	202.0	0.108	0.283	NaN	NaN	0.257	0.629	NaN	NaN	7.71	22.015	NaN	NaN	0.0	"2.5"	"F0034"	1	1	"PR"	779.058	"wash-en"	9.929	0	1	4	0.0	0.0	0.0	null	780.842	0.089
12.4	0.061875	29250.0	2906.25	2268.75	NaN	NaN	NaN	0	0	0	0	0	1	1	0	0	0	0	0	1	0	0	0	0	1	1	1	0	1	1	1	0	149.0	0.106	0.285	NaN	NaN	0.252	0.633	NaN	NaN	7.56	22.155	NaN	NaN	0.0	"2.5"	"F0034"	1	1	"PR"	789.099	"wash-en"	19.97	0	1	4	0.0	0.0	0.0	null	790.883	0.086
3.4	0.06105	30000.0	2934.375	2278.125	NaN	NaN	NaN	0	0	0	0	0	1	1	0	0	0	0	0	1	0	0	0	0	0	0	0	1	0	0	0	1	41.0	0.108	0.286	NaN	NaN	0.257	0.636	NaN	NaN	7.71	22.26	NaN	NaN	0.0	"2.5"	"F0034"	0	0	"PR"	799.217	"wash-sc"	9.918	0	1	4	0.0	0.0	0.0	null	801.001	0.087
3.3	0.06105	375.0	2550.0	2287.5	NaN	NaN	NaN	0	0	0	0	1	0	0	0	0	0	0	0	0	0	0	0	0	0	0	0	1	0	0	0	1	40.0	0.07	0.287	NaN	NaN	0.167	0.638	NaN	NaN	5.01	22.33	NaN	NaN	0.0	"2.5"	"F0034"	0	0	"PR"	809.053	"drain-rg"	9.635	0	1	4	0.0	0.0	0.0	null	810.837	0.084
2.7	0.06105	-562.5	2193.75	2287.5	NaN	NaN	NaN	0	0	0	0	1	0	0	0	0	0	0	0	0	0	0	0	0	0	0	0	1	0	0	0	1	32.0	0.034	0.287	NaN	NaN	0.081	0.638	NaN	NaN	2.43	22.33	NaN	NaN	0.0	"2.5"	"F0034"	0	0	"PR"	819.085	"drain-rg"	19.667	0	1	4	0.0	0.0	0.0	null	820.869	0.085
4.2	0.061875	-375.0	1837.5	2278.125	NaN	NaN	NaN	0	0	0	0	1	0	0	0	0	0	0	0	0	0	0	0	0	0	0	0	1	0	0	0	1	50.0	-0.001	0.286	NaN	NaN	-0.002	0.636	NaN	NaN	-0.06	22.26	NaN	NaN	0.0	"2.5"	"F0034"	0	0	"PR"	829.118	"drip-rg"	0.401	0	1	4	0.0	0.0	0.0	null	830.902	0.14
3.4	0.061875	-375.0	956.25	2278.125	NaN	NaN	NaN	0	0	0	0	1	0	0	0	0	0	0	0	0	0	0	0	0	0	0	0	1	0	0	0	1	41.0	-0.089	0.286	NaN	NaN	-0.212	0.636	NaN	NaN	-6.36	22.26	NaN	NaN	0.0	"2.5"	"F0034"	0	0	"PR"	839.155	"drip-rg"	10.438	0	1	4	0.0	0.0	0.0	null	840.939	0.086
3.5	0.0616	30375.0	2606.25	2193.75	NaN	NaN	NaN	0	0	1	0	0	1	0	0	0	0	0	0	1	0	0	0	0	0	0	0	1	0	0	0	1	42.0	0.076	0.277	NaN	NaN	0.181	0.616	NaN	NaN	5.43	21.56	NaN	NaN	0.0	"2.5"	"F0034"	0	0	"FR"	4.638	"fill-rg-di"	4.437	1	1	0	845.756	0.0	0.0	null	851.018	0.089
3.5	0.060225	30187.5	2081.25	1912.5	NaN	NaN	NaN	0	0	1	0	0	1	0	0	0	0	0	0	1	0	0	0	0	0	0	0	1	0	0	0	1	42.0	0.023	0.249	NaN	NaN	0.055	0.553	NaN	NaN	1.65	19.355	NaN	NaN	0.0	"2.5"	"F0034"	0	0	"FR"	14.674	"fill-rg-di"	14.473	1	1	0	845.756	0.0	0.0	null	861.054	0.09
3.5	0.05775	30562.5	2400.0	1678.125	NaN	NaN	NaN	0	0	1	0	0	1	0	0	0	0	0	0	1	0	0	0	0	0	0	0	1	0	0	0	1	42.0	0.055	0.226	NaN	NaN	0.131	0.502	NaN	NaN	3.93	17.57	NaN	NaN	0.0	"2.5"	"F0034"	0	0	"FR"	24.516	"fill-rg-di"	24.315	1	1	0	845.756	0.0	0.0	null	870.896	0.098
3.7	0.055275	30000.0	2709.375	1425.0	NaN	NaN	NaN	0	0	1	0	0	1	0	0	0	0	0	0	1	0	0	0	0	0	0	0	1	0	0	0	1	44.0	0.086	0.2	NaN	NaN	0.205	0.444	NaN	NaN	6.15	15.54	NaN	NaN	0.0	"2.5"	"F0034"	0	0	"FR"	34.554	"fill-rg-di"	34.353	1	1	0	845.756	0.0	0.0	null	880.934	0.084
2.4	0.053075	29812.5	3046.875	1190.625	NaN	NaN	NaN	0	0	1	0	0	1	0	0	0	0	0	0	1	0	0	0	0	0	0	0	1	0	0	0	1	29.0	0.12	0.177	NaN	NaN	0.286	0.393	NaN	NaN	8.58	13.755	NaN	NaN	0.0	"2.5"	"F0034"	0	0	"FR"	44.588	"fill-rg-di"	44.387	1	1	0	845.756	0.0	0.0	null	890.968	0.084
3.1	0.0517	375.0	2925.0	993.75	NaN	NaN	NaN	0	0	0	0	1	0	0	0	0	0	0	0	0	0	0	0	0	0	0	0	1	0	0	0	1	37.0	0.107	0.157	NaN	NaN	0.255	0.349	NaN	NaN	7.65	12.215	NaN	NaN	0.0	"2.5"	"F0034"	0	0	"FR"	54.627	"drain-rg"	2.209	1	1	0	845.756	0.0	0.0	null	901.007	0.097
2.6	0.051975	-2625.0	2606.25	993.75	NaN	NaN	NaN	0	0	0	0	1	0	0	0	0	0	0	0	0	0	0	0	0	0	0	0	1	0	0	0	1	31.0	0.076	0.157	NaN	NaN	0.181	0.349	NaN	NaN	5.43	12.215	NaN	NaN	0.0	"2.5"	"F0034"	0	0	"FR"	64.663	"drain-rg"	12.245	1	1	0	845.756	0.0	0.0	null	911.043	0.084
3.2	0.051425	-3562.5	2259.375	993.75	NaN	NaN	NaN	0	0	0	0	1	0	0	0	0	0	0	0	0	0	0	0	0	0	0	0	1	0	0	0	1	38.0	0.041	0.157	NaN	NaN	0.098	0.349	NaN	NaN	2.94	12.215	NaN	NaN	0.0	"2.5"	"F0034"	0	0	"FR"	74.699	"drain-rg"	22.281	1	1	0	845.756	0.0	0.0	null	921.079	0.086
3.2	0.0517	-4312.5	1884.375	993.75	NaN	NaN	NaN	0	0	0	0	1	0	0	0	0	0	0	0	0	0	0	0	0	0	0	0	1	0	0	0	1	38.0	0.003	0.157	NaN	NaN	0.007	0.349	NaN	NaN	0.21	12.215	NaN	NaN	0.0	"2.5"	"F0034"	0	0	"FR"	84.739	"drain-rg"	32.321	1	1	0	845.756	0.0	0.0	null	931.119	0.087
1.0	0.050875	-4312.5	1359.375	993.75	NaN	NaN	NaN	0	0	0	0	1	0	0	0	0	0	0	0	0	0	0	0	0	0	0	0	1	0	0	0	1	12.0	-0.049	0.157	NaN	NaN	-0.117	0.349	NaN	NaN	-3.51	12.215	NaN	NaN	0.0	"2.5"	"F0034"	0	0	"FR"	94.772	"drip-rg"	8.828	1	1	0	845.756	0.0	0.0	null	941.152	0.086
2.6	0.050875	29437.5	1593.75	946.875	NaN	NaN	NaN	0	0	1	0	0	1	0	0	0	0	0	0	1	0	0	0	0	0	0	0	1	0	0	0	1	31.0	-0.026	0.153	NaN	NaN	-0.062	0.34	NaN	NaN	-1.86	11.9	NaN	NaN	0.0	"2.5"	"F0034"	0	0	"PR"	2.832	"fill-rg-di"	2.632	1	0	0	845.756	0.0	947.573	null	951.028	0.085
3.2	0.050875	30000.0	2006.25	684.375	NaN	NaN	NaN	0	0	1	0	0	1	0	0	0	0	0	0	1	0	0	0	0	0	0	0	1	0	0	0	1	38.0	0.016	0.126	NaN	NaN	0.038	0.28	NaN	NaN	1.14	9.8	NaN	NaN	0.0	"2.5"	"F0034"	0	0	"PR"	12.865	"fill-rg-di"	12.665	1	0	0	845.756	0.0	947.573	null	961.061	0.093
3.5	0.049225	30750.0	2343.75	431.25	NaN	NaN	NaN	0	0	1	0	0	1	0	0	0	0	0	0	1	0	0	0	0	0	0	0	1	0	0	0	1	42.0	0.049	0.101	NaN	NaN	0.117	0.224	NaN	NaN	3.51	7.84	NaN	NaN	0.0	"2.5"	"F0034"	0	0	"PR"	22.901	"fill-rg-di"	22.701	1	0	0	845.756	0.0	947.573	null	971.097	0.087
3.2	0.04785	30375.0	2662.5	178.125	NaN	NaN	NaN	0	0	1	0	0	1	0	0	0	0	0	0	1	0	0	0	0	0	0	0	1	0	0	0	1	38.0	0.081	0.076	NaN	NaN	0.193	0.169	NaN	NaN	5.79	5.915	NaN	NaN	0.0	"2.5"	"F0034"	0	0	"PR"	32.938	"fill-rg-di"	32.738	1	0	0	845.756	0.0	947.573	null	981.134	0.085
3.7	0.047025	1875.0	2784.375	225.0	NaN	NaN	NaN	1	0	0	0	0	0	0	0	0	0	0	0	0	1	0	0	0	0	0	0	1	0	0	0	1	44.0	0.093	0.081	NaN	NaN	0.221	0.18	NaN	NaN	6.63	6.3	NaN	NaN	0.0	"2.5"	"F0034"	0	0	"PR"	42.972	"fill-di-lb"	5.418	1	0	0	845.756	0.0	947.573	null	991.168	0.096
3.7	0.047025	3000.0	2784.375	525.0	NaN	NaN	NaN	1	0	0	0	0	0	0	0	0	0	0	0	0	1	0	0	0	0	0	0	1	0	0	0	1	44.0	0.093	0.111	NaN	NaN	0.221	0.247	NaN	NaN	6.63	8.645	NaN	NaN	0.0	"2.5"	"F0034"	0	0	"PR"	53.007	"fill-di-lb"	15.453	1	0	0	845.756	0.0	947.573	null	1001.203	0.087
2.7	0.0473	3187.5	2803.125	796.875	NaN	NaN	NaN	1	0	0	0	0	0	0	0	0	0	0	0	0	1	0	0	0	0	0	0	1	0	0	0	1	32.0	0.095	0.138	NaN	NaN	0.226	0.307	NaN	NaN	6.78	10.745	NaN	NaN	0.0	"2.5"	"F0034"	0	0	"PR"	62.845	"fill-di-lb"	25.291	1	0	0	845.756	0.0	947.573	null	1011.041	0.087
3.0	0.0462	3187.5	2784.375	1096.875	NaN	NaN	NaN	1	0	0	0	0	0	0	0	0	0	0	0	0	1	0	0	0	0	0	0	1	0	0	0	1	36.0	0.093	0.168	NaN	NaN	0.221	0.373	NaN	NaN	6.63	13.055	NaN	NaN	0.0	"2.5"	"F0034"	0	0	"PR"	72.879	"fill-di-lb"	35.325	1	0	0	845.756	0.0	947.573	null	1021.075	0.092
2.9	0.0473	2250.0	2793.75	1396.875	NaN	NaN	NaN	1	0	0	0	0	0	0	0	0	0	0	0	0	1	0	0	0	0	0	0	1	0	0	0	1	35.0	0.094	0.198	NaN	NaN	0.224	0.44	NaN	NaN	6.72	15.4	NaN	NaN	0.0	"2.5"	"F0034"	0	0	"PR"	82.917	"fill-di-lb"	45.363	1	0	0	845.756	0.0	947.573	null	1031.113	0.088
2.8	0.0473	2625.0	2812.5	1687.5	NaN	NaN	NaN	1	0	0	0	0	0	0	0	0	0	0	0	0	1	0	0	0	0	0	0	1	0	0	0	1	34.0	0.096	0.227	NaN	NaN	0.229	0.504	NaN	NaN	6.87	17.64	NaN	NaN	0.0	"2.5"	"F0034"	0	0	"PR"	92.951	"fill-di-lb"	55.397	1	0	0	845.756	0.0	947.573	null	1041.147	0.084
3.0	0.0473	3375.0	2793.75	1968.75	NaN	NaN	NaN	1	0	0	0	0	0	0	0	0	0	0	0	0	1	0	0	0	0	0	0	1	0	0	0	1	36.0	0.094	0.255	NaN	NaN	0.224	0.567	NaN	NaN	6.72	19.845	NaN	NaN	0.0	"2.5"	"F0034"	0	0	"PR"	102.983	"fill-di-lb"	65.429	1	0	0	845.756	0.0	947.573	null	1051.179	0.093
2.3	0.047025	2437.5	2793.75	2259.375	NaN	NaN	NaN	0	0	1	0	0	1	0	0	0	0	0	0	1	0	0	0	0	0	0	0	1	0	0	0	1	28.0	0.094	0.284	NaN	NaN	0.224	0.631	NaN	NaN	6.72	22.085	NaN	NaN	0.0	"2.5"	"F0034"	0	0	"PR"	113.022	"fill-rg-di"	0.601	1	0	0	845.756	0.0	947.573	null	1061.218	0.087
2.8	0.047575	4687.5	2981.25	2231.25	NaN	NaN	NaN	1	0	0	0	0	0	0	0	0	0	0	0	0	1	0	0	0	0	0	0	1	0	0	0	1	34.0	0.113	0.281	NaN	NaN	0.269	0.624	NaN	NaN	8.07	21.84	NaN	NaN	0.0	"2.5"	"F0034"	0	0	"PR"	123.06	"fill-di"	4.215	1	0	0	845.756	0.0	947.573	null	1071.256	0.086
12.7	0.04675	34875.0	2971.875	2587.5	NaN	NaN	NaN	0	1	1	0	0	0	0	0	0	0	0	0	1	0	0	0	0	1	1	1	0	1	1	1	0	152.0	0.112	0.317	NaN	NaN	0.267	0.704	NaN	NaN	8.01	24.64	NaN	NaN	0.0	"2.5"	"F0034"	1	1	"PR"	132.907	"deionize"	9.245	1	1	0	845.756	0.0	947.573	null	1081.103	0.092
13.1	0.0462	35062.5	2981.25	2503.125	NaN	NaN	NaN	0	1	1	0	0	0	0	0	0	0	0	0	1	0	0	0	0	1	1	1	0	1	1	1	0	157.0	0.113	0.308	NaN	NaN	0.269	0.684	NaN	NaN	8.07	23.94	NaN	NaN	0.0	"2.5"	"F0034"	1	1	"PR"	142.945	"deionize"	19.283	1	1	0	845.756	0.0	947.573	null	1091.141	0.09
11.9	0.0451	35437.5	2971.875	2503.125	NaN	NaN	NaN	0	1	1	0	0	0	0	0	0	0	0	0	1	0	0	0	0	1	1	1	0	1	1	1	0	143.0	0.112	0.308	NaN	NaN	0.267	0.684	NaN	NaN	8.01	23.94	NaN	NaN	0.0	"2.5"	"F0034"	1	1	"PR"	152.984	"deionize"	29.322	1	1	0	845.756	0.0	947.573	null	1101.18	0.087
12.7	0.044	36750.0	2971.875	2493.75	NaN	NaN	NaN	0	1	1	0	0	0	0	0	0	0	0	0	1	0	0	0	0	1	1	1	0	1	1	1	0	152.0	0.112	0.307	NaN	NaN	0.267	0.682	NaN	NaN	8.01	23.87	NaN	NaN	0.0	"2.5"	"F0034"	1	1	"PR"	163.025	"deionize"	39.363	1	1	0	845.756	0.0	947.573	null	1111.221	0.093
12.3	0.0429	34687.5	2953.125	2550.0	NaN	NaN	NaN	0	1	1	0	0	0	0	0	0	0	0	0	1	0	0	0	0	1	1	1	0	1	1	1	0	148.0	0.11	0.313	NaN	NaN	0.262	0.696	NaN	NaN	7.86	24.36	NaN	NaN	0.0	"2.5"	"F0034"	1	1	"PR"	173.06	"deionize"	49.398	1	1	0	845.756	0.0	947.573	null	1121.256	0.084
12.5	0.042075	32812.5	2981.25	2521.875	NaN	NaN	NaN	0	1	1	0	0	0	0	0	0	0	0	0	1	0	0	0	0	1	1	1	0	1	1	1	0	150.0	0.113	0.31	NaN	NaN	0.269	0.689	NaN	NaN	8.07	24.115	NaN	NaN	0.0	"2.5"	"F0034"	1	1	"PR"	183.096	"deionize"	59.434	1	1	0	845.756	0.0	947.573	null	1131.292	0.086
11.6	0.042075	33750.0	2981.25	2493.75	NaN	NaN	NaN	0	1	1	0	0	0	0	0	0	0	0	0	1	0	0	0	0	1	1	1	0	1	1	1	0	139.0	0.113	0.307	NaN	NaN	0.269	0.682	NaN	NaN	8.07	23.87	NaN	NaN	0.0	"2.5"	"F0034"	1	1	"PR"	193.134	"deionize"	69.472	1	1	0	845.756	0.0	947.573	null	1141.33	0.085
11.8	0.04125	34312.5	2981.25	2493.75	NaN	NaN	NaN	0	1	1	0	0	0	0	0	0	0	0	0	1	0	0	0	0	1	1	1	0	1	1	1	0	142.0	0.113	0.307	NaN	NaN	0.269	0.682	NaN	NaN	8.07	23.87	NaN	NaN	0.0	"2.5"	"F0034"	1	1	"PR"	203.17	"deionize"	79.508	1	1	0	845.756	0.0	947.573	null	1151.366	0.084
12.4	0.040425	34500.0	2971.875	2578.125	NaN	NaN	NaN	0	1	1	0	0	0	0	0	0	0	0	0	1	0	0	0	0	1	1	1	0	1	1	1	0	149.0	0.112	0.316	NaN	NaN	0.267	0.702	NaN	NaN	8.01	24.57	NaN	NaN	0.0	"2.5"	"F0034"	1	1	"PR"	213.006	"deionize"	89.344	1	1	0	845.756	0.0	947.573	null	1161.202	0.092
12.0	0.040425	36562.5	2981.25	2484.375	NaN	NaN	NaN	0	1	1	0	0	0	0	0	0	0	0	0	1	0	0	0	0	1	1	1	0	1	1	1	0	144.0	0.113	0.306	NaN	NaN	0.269	0.68	NaN	NaN	8.07	23.8	NaN	NaN	0.0	"2.5"	"F0034"	1	1	"PR"	223.044	"deionize"	99.382	1	1	0	845.756	0.0	947.573	null	1171.24	0.09
12.3	0.039875	35250.0	2981.25	2606.25	NaN	NaN	NaN	0	1	1	0	0	0	0	0	0	0	0	0	1	0	0	0	0	1	1	1	0	1	1	1	0	148.0	0.113	0.319	NaN	NaN	0.269	0.709	NaN	NaN	8.07	24.815	NaN	NaN	0.0	"2.5"	"F0034"	1	1	"PR"	233.078	"deionize"	109.416	1	1	0	845.756	0.0	947.573	null	1181.274	0.09
12.6	0.03905	33937.5	2981.25	2503.125	NaN	NaN	NaN	0	1	1	0	0	0	0	0	0	0	0	0	1	0	0	0	0	1	1	1	0	1	1	1	0	151.0	0.113	0.308	NaN	NaN	0.269	0.684	NaN	NaN	8.07	23.94	NaN	NaN	0.0	"2.5"	"F0034"	1	1	"PR"	243.117	"deionize"	119.455	1	1	0	845.756	0.0	947.573	null	1191.313	0.093
13.0	0.039325	33187.5	2981.25	2475.0	NaN	NaN	NaN	0	1	1	0	0	0	0	0	0	0	0	0	1	0	0	0	0	1	1	1	0	1	1	1	0	156.0	0.113	0.305	NaN	NaN	0.269	0.678	NaN	NaN	8.07	23.73	NaN	NaN	0.0	"2.5"	"F0034"	1	1	"PR"	253.154	"deionize"	129.492	1	1	0	845.756	0.0	947.573	null	1201.35	0.09
13.0	0.038775	35437.5	2971.875	2493.75	NaN	NaN	NaN	0	1	1	0	0	0	0	0	0	0	0	0	1	0	0	0	0	1	1	1	0	1	1	1	0	156.0	0.112	0.307	NaN	NaN	0.267	0.682	NaN	NaN	8.01	23.87	NaN	NaN	0.0	"2.5"	"F0034"	1	1	"PR"	263.186	"deionize"	139.524	1	1	0	845.756	0.0	947.573	null	1211.382	0.087
12.3	0.038225	35437.5	2981.25	2540.625	NaN	NaN	NaN	0	1	1	0	0	0	0	0	0	0	0	0	1	0	0	0	0	1	1	1	0	1	1	1	0	148.0	0.113	0.312	NaN	NaN	0.269	0.693	NaN	NaN	8.07	24.255	NaN	NaN	0.0	"2.5"	"F0034"	1	1	"PR"	273.229	"deionize"	149.567	1	1	0	845.756	0.0	947.573	null	1221.425	0.092
12.6	0.038225	34875.0	2981.25	2559.375	NaN	NaN	NaN	0	1	1	0	0	0	0	0	0	0	0	0	1	0	0	0	0	1	1	1	0	1	1	1	0	151.0	0.113	0.314	NaN	NaN	0.269	0.698	NaN	NaN	8.07	24.43	NaN	NaN	0.0	"2.5"	"F0034"	1	1	"PR"	283.066	"deionize"	159.404	1	1	0	845.756	0.0	947.573	null	1231.262	0.086
12.5	0.037675	35437.5	2971.875	2596.875	NaN	NaN	NaN	0	1	1	0	0	0	0	0	0	0	0	0	1	0	0	0	0	1	1	1	0	1	1	1	0	150.0	0.112	0.318	NaN	NaN	0.267	0.707	NaN	NaN	8.01	24.745	NaN	NaN	0.0	"2.5"	"F0034"	1	1	"PR"	293.105	"deionize"	169.443	1	1	0	845.756	0.0	947.573	null	1241.301	0.092
12.6	0.0374	35437.5	2981.25	2578.125	NaN	NaN	NaN	0	1	1	0	0	0	0	0	0	0	0	0	1	0	0	0	0	1	1	1	0	1	1	1	0	151.0	0.113	0.316	NaN	NaN	0.269	0.702	NaN	NaN	8.07	24.57	NaN	NaN	0.0	"2.5"	"F0034"	1	1	"PR"	303.143	"deionize"	179.481	1	1	0	845.756	0.0	947.573	null	1251.339	0.09
12.9	0.0374	35625.0	2981.25	2531.25	NaN	NaN	NaN	0	1	1	0	0	0	0	0	0	0	0	0	1	0	0	0	0	1	1	1	0	1	1	1	0	155.0	0.113	0.311	NaN	NaN	0.269	0.691	NaN	NaN	8.07	24.185	NaN	NaN	0.0	"2.5"	"F0034"	1	1	"PR"	313.18	"deionize"	189.518	1	1	0	845.756	0.0	947.573	null	1261.376	0.099
11.4	0.03685	34875.0	2962.5	2596.875	NaN	NaN	NaN	0	1	1	0	0	0	0	0	0	0	0	0	1	0	0	0	0	1	1	1	0	1	1	1	0	137.0	0.111	0.318	NaN	NaN	0.264	0.707	NaN	NaN	7.92	24.745	NaN	NaN	0.0	"2.5"	"F0034"	1	1	"PR"	323.219	"deionize"	199.557	1	1	0	845.756	0.0	947.573	null	1271.415	0.089
13.3	0.036575	32625.0	2971.875	2512.5	NaN	NaN	NaN	0	1	1	0	0	0	0	0	0	0	0	0	1	0	0	0	0	1	1	1	0	1	1	1	0	160.0	0.112	0.309	NaN	NaN	0.267	0.687	NaN	NaN	8.01	24.045	NaN	NaN	0.0	"2.5"	"F0034"	1	1	"PR"	333.254	"deionize"	209.592	1	1	0	845.756	0.0	947.573	null	1281.45	0.091
11.8	0.0363	33937.5	2981.25	2475.0	NaN	NaN	NaN	0	1	1	0	0	0	0	0	0	0	0	0	1	0	0	0	0	1	1	1	0	1	1	1	0	142.0	0.113	0.305	NaN	NaN	0.269	0.678	NaN	NaN	8.07	23.73	NaN	NaN	0.0	"2.5"	"F0034"	1	1	"PR"	343.293	"deionize"	219.631	1	1	0	845.756	0.0	947.573	null	1291.489	0.101
12.3	0.035475	34687.5	2981.25	2559.375	NaN	NaN	NaN	0	1	1	0	0	0	0	0	0	0	0	0	1	0	0	0	0	1	1	1	0	1	1	1	0	148.0	0.113	0.314	NaN	NaN	0.269	0.698	NaN	NaN	8.07	24.43	NaN	NaN	0.0	"2.5"	"F0034"	1	1	"PR"	353.33	"deionize"	229.668	1	1	0	845.756	0.0	947.573	null	1301.526	0.091
13.0	0.035475	36000.0	2971.875	2531.25	NaN	NaN	NaN	0	1	1	0	0	0	0	0	0	0	0	0	1	0	0	0	0	1	1	1	0	1	1	1	0	156.0	0.112	0.311	NaN	NaN	0.267	0.691	NaN	NaN	8.01	24.185	NaN	NaN	0.0	"2.5"	"F0034"	1	1	"PR"	363.165	"deionize"	239.503	1	1	0	845.756	0.0	947.573	null	1311.361	0.087
12.4	0.034925	35062.5	2971.875	2559.375	NaN	NaN	NaN	0	1	1	0	0	0	0	0	0	0	0	0	1	0	0	0	1	1	1	1	0	1	1	1	0	149.0	0.112	0.314	NaN	NaN	0.267	0.698	NaN	NaN	8.01	24.43	NaN	NaN	0.0	"2.5"	"F0034"	1	1	"PR"	373.308	"deionize-uv"	9.541	1	1	0	845.756	0.0	947.573	null	1321.504	0.102
11.9	0.0352	35250.0	2981.25	2531.25	NaN	NaN	NaN	0	1	1	0	0	0	0	0	0	0	0	0	1	0	0	0	1	1	1	1	0	1	1	1	0	143.0	0.113	0.311	NaN	NaN	0.269	0.691	NaN	NaN	8.07	24.185	NaN	NaN	0.0	"2.5"	"F0034"	1	1	"PR"	383.347	"deionize-uv"	19.58	1	1	0	845.756	0.0	947.573	null	1331.543	0.087
12.4	0.034925	35437.5	2971.875	2503.125	NaN	NaN	NaN	0	1	1	0	0	0	0	0	0	0	0	0	1	0	0	0	1	1	1	1	0	1	1	1	0	149.0	0.112	0.308	NaN	NaN	0.267	0.684	NaN	NaN	8.01	23.94	NaN	NaN	0.0	"2.5"	"F0034"	1	1	"PR"	393.182	"deionize-uv"	29.415	1	1	0	845.756	0.0	947.573	null	1341.378	0.083
12.7	0.034375	35250.0	2934.375	2475.0	NaN	NaN	NaN	0	1	1	0	0	0	0	0	0	0	0	0	1	0	0	0	1	1	1	1	0	1	1	1	0	152.0	0.108	0.305	NaN	NaN	0.257	0.678	NaN	NaN	7.71	23.73	NaN	NaN	0.0	"2.5"	"F0034"	1	1	"PR"	403.222	"deionize-uv"	39.455	1	1	0	845.756	0.0	947.573	null	1351.418	0.099
13.0	0.033825	32812.5	2981.25	2512.5	NaN	NaN	NaN	0	1	1	0	0	0	0	0	0	0	0	0	1	0	0	0	1	1	1	1	0	1	1	1	0	156.0	0.113	0.309	NaN	NaN	0.269	0.687	NaN	NaN	8.07	24.045	NaN	NaN	0.0	"2.5"	"F0034"	1	1	"PR"	413.255	"deionize-uv"	49.488	1	1	0	845.756	0.0	947.573	null	1361.451	0.086
12.4	0.033825	34687.5	2981.25	2540.625	NaN	NaN	NaN	0	1	1	0	0	0	0	0	0	0	0	0	1	0	0	0	1	1	1	1	0	1	1	1	0	149.0	0.113	0.312	NaN	NaN	0.269	0.693	NaN	NaN	8.07	24.255	NaN	NaN	0.0	"2.5"	"F0034"	1	1	"PR"	423.29	"deionize-uv"	59.523	1	1	0	845.756	0.0	947.573	null	1371.486	0.086
12.6	0.03355	35250.0	2943.75	2578.125	NaN	NaN	NaN	0	1	1	0	0	0	0	0	0	0	0	0	1	0	0	0	1	1	1	1	0	1	1	1	0	151.0	0.109	0.316	NaN	NaN	0.26	0.702	NaN	NaN	7.8	24.57	NaN	NaN	0.0	"2.5"	"F0034"	1	1	"PR"	433.332	"deionize-uv"	69.565	1	1	0	845.756	0.0	947.573	null	1381.528	0.087
12.6	0.032725	34312.5	2953.125	2625.0	NaN	NaN	NaN	0	1	1	0	0	0	0	0	0	0	0	0	1	0	0	0	1	1	1	1	0	1	1	1	0	151.0	0.11	0.321	NaN	NaN	0.262	0.713	NaN	NaN	7.86	24.955	NaN	NaN	0.0	"2.5"	"F0034"	1	1	"PR"	443.369	"deionize-uv"	79.602	1	1	0	845.756	0.0	947.573	null	1391.565	0.086
12.4	0.033	34687.5	3009.375	2550.0	NaN	NaN	NaN	0	1	1	0	0	0	0	0	0	0	0	0	1	0	0	0	1	1	1	1	0	1	1	1	0	149.0	0.116	0.313	NaN	NaN	0.276	0.696	NaN	NaN	8.28	24.36	NaN	NaN	0.0	"2.5"	"F0034"	1	1	"PR"	453.406	"deionize-uv"	89.639	1	1	0	845.756	0.0	947.573	null	1401.602	0.091
12.4	0.032175	35062.5	2981.25	2587.5	NaN	NaN	NaN	0	1	1	0	0	0	0	0	0	0	0	0	1	0	0	0	1	1	1	1	0	1	1	1	0	149.0	0.113	0.317	NaN	NaN	0.269	0.704	NaN	NaN	8.07	24.64	NaN	NaN	0.0	"2.5"	"F0034"	1	1	"PR"	463.441	"deionize-uv"	99.674	1	1	0	845.756	0.0	947.573	null	1411.637	0.089
11.6	0.032175	33562.5	2971.875	2521.875	NaN	NaN	NaN	0	1	1	0	0	0	0	0	0	0	0	0	1	0	0	0	1	1	1	1	0	1	1	1	0	139.0	0.112	0.31	NaN	NaN	0.267	0.689	NaN	NaN	8.01	24.115	NaN	NaN	0.0	"2.5"	"F0034"	1	1	"PR"	473.277	"deionize-uv"	109.51	1	1	0	845.756	0.0	947.573	null	1421.473	0.083
12.6	0.031625	34125.0	2962.5	2512.5	NaN	NaN	NaN	0	1	1	0	0	0	0	0	0	0	0	0	1	0	0	0	1	1	1	1	0	1	1	1	0	151.0	0.111	0.309	NaN	NaN	0.264	0.687	NaN	NaN	7.92	24.045	NaN	NaN	0.0	"2.5"	"F0034"	1	1	"PR"	483.317	"deionize-uv"	119.55	1	1	0	845.756	0.0	947.573	null	1431.513	0.088
12.6	0.03135	38250.0	2981.25	2006.25	NaN	NaN	NaN	0	0	1	0	0	0	0	1	0	0	0	0	1	0	0	0	1	1	1	1	0	1	1	1	0	151.0	0.113	0.259	NaN	NaN	0.269	0.576	NaN	NaN	8.07	20.16	NaN	NaN	0.0	"2.5"	"F0034"	1	1	"PR"	493.277	"drain-di-1"	9.357	1	1	0	845.756	0.0	947.573	null	1441.473	0.087
12.1	0.031075	36750.0	2962.5	1753.125	NaN	NaN	NaN	0	0	1	0	0	0	0	1	0	0	0	0	1	0	0	0	1	1	1	1	0	1	1	1	0	145.0	0.111	0.233	NaN	NaN	0.264	0.518	NaN	NaN	7.92	18.13	NaN	NaN	0.0	"2.5"	"F0034"	1	1	"PR"	503.315	"drain-di-1"	19.395	1	1	0	845.756	0.0	947.573	null	1451.511	0.088
11.9	0.0308	37875.0	2981.25	1528.125	NaN	NaN	NaN	0	0	1	0	0	0	0	1	0	0	0	0	1	0	0	0	1	1	1	1	0	1	1	1	0	143.0	0.113	0.211	NaN	NaN	0.269	0.469	NaN	NaN	8.07	16.415	NaN	NaN	0.0	"2.5"	"F0034"	1	1	"PR"	513.351	"drain-di-1"	29.431	1	1	0	845.756	0.0	947.573	null	1461.547	0.084
12.1	0.030525	38812.5	2981.25	1303.125	NaN	NaN	NaN	0	0	1	0	0	0	0	1	0	0	0	0	1	0	0	0	1	1	1	1	0	1	1	1	0	145.0	0.113	0.188	NaN	NaN	0.269	0.418	NaN	NaN	8.07	14.63	NaN	NaN	0.0	"2.5"	"F0034"	1	1	"PR"	523.388	"drain-di-1"	39.468	1	1	0	845.756	0.0	947.573	null	1471.584	0.084
12.5	0.03025	36937.5	2981.25	1031.25	NaN	NaN	NaN	0	0	1	0	0	0	0	1	0	0	0	0	1	0	0	0	1	1	1	1	0	1	1	1	0	150.0	0.113	0.161	NaN	NaN	0.269	0.358	NaN	NaN	8.07	12.53	NaN	NaN	0.0	"2.5"	"F0034"	1	1	"PR"	533.432	"drain-di-1"	49.512	1	1	0	845.756	0.0	947.573	null	1481.628	0.085
11.9	0.03025	39375.0	2962.5	843.75	NaN	NaN	NaN	0	0	1	0	0	0	0	1	0	0	0	0	1	0	0	0	1	1	1	1	0	1	1	1	0	143.0	0.111	0.142	NaN	NaN	0.264	0.316	NaN	NaN	7.92	11.06	NaN	NaN	0.0	"2.5"	"F0034"	1	1	"PR"	543.471	"drain-di-1"	59.551	1	1	0	845.756	0.0	947.573	null	1491.667	0.086
12.6	0.029975	38062.5	2981.25	553.125	NaN	NaN	NaN	0	0	1	0	0	0	0	1	0	0	0	0	1	0	0	0	1	1	1	1	0	1	1	1	0	151.0	0.113	0.113	NaN	NaN	0.269	0.251	NaN	NaN	8.07	8.785	NaN	NaN	0.0	"2.5"	"F0034"	1	1	"PR"	553.508	"drain-di-1"	69.588	1	1	0	845.756	0.0	947.573	null	1501.704	0.088
11.7	0.029975	39937.5	2971.875	300.0	NaN	NaN	NaN	0	0	1	0	0	0	0	1	0	0	0	0	1	0	0	0	1	1	1	1	0	1	1	1	0	140.0	0.112	0.088	NaN	NaN	0.267	0.196	NaN	NaN	8.01	6.86	NaN	NaN	0.0	"2.5"	"F0034"	1	1	"PR"	563.544	"drain-di-1"	79.624	1	1	0	845.756	0.0	947.573	null	1511.74	0.087
11.9	0.029425	39937.5	2981.25	93.75	NaN	NaN	NaN	0	0	1	0	0	0	0	1	0	0	0	0	1	0	0	0	1	1	1	1	0	1	1	1	0	143.0	0.113	0.067	NaN	NaN	0.269	0.149	NaN	NaN	8.07	5.215	NaN	NaN	0.0	"2.5"	"F0034"	1	1	"PR"	573.381	"drain-di-1"	89.461	1	1	0	845.756	0.0	947.573	null	1521.577	0.084
11.9	0.0297	37125.0	2971.875	-178.125	NaN	NaN	NaN	0	0	1	0	0	0	0	1	0	0	0	0	1	0	0	0	1	1	1	1	0	1	1	1	0	143.0	0.112	0.04	NaN	NaN	0.267	0.089	NaN	NaN	8.01	3.115	NaN	NaN	0.0	"2.5"	"F0034"	1	1	"PR"	583.529	"drip-di-1"	9.345	1	1	0	845.756	0.0	947.573	null	1531.725	0.089
-11.9	0.029425	30000.0	2840.625	-18.75	NaN	NaN	NaN	1	0	0	0	0	1	1	0	0	0	0	0	1	1	0	0	0	1	1	0	1	1	1	0	1	-143.0	0.099	0.056	NaN	NaN	0.236	0.124	NaN	NaN	7.08	4.34	NaN	NaN	0.0	"2.5"	"F0034"	1	0	"PR"	593.529	"reverse-f"	4.18	1	1	0	845.756	0.0	947.573	null	1541.725	0.086
-12.7	0.031075	30187.5	2812.5	271.875	NaN	NaN	NaN	1	0	0	0	0	1	1	0	0	0	0	0	1	1	0	0	0	1	1	0	1	1	1	0	1	-152.0	0.096	0.085	NaN	NaN	0.229	0.189	NaN	NaN	6.87	6.615	NaN	NaN	0.0	"2.5"	"F0034"	1	0	"PR"	603.563	"reverse-f"	14.214	1	1	0	845.756	0.0	947.573	null	1551.759	0.084
-11.7	0.03355	29812.5	2850.0	562.5	NaN	NaN	NaN	1	0	0	0	0	1	1	0	0	0	0	0	1	1	0	0	0	1	1	0	1	1	1	0	1	-140.0	0.1	0.114	NaN	NaN	0.238	0.253	NaN	NaN	7.14	8.855	NaN	NaN	0.0	"2.5"	"F0034"	1	0	"PR"	613.595	"reverse-f"	24.246	1	1	0	845.756	0.0	947.573	null	1561.791	0.083
-11.3	0.036025	29250.0	2821.875	853.125	NaN	NaN	NaN	1	0	0	0	0	1	1	0	0	0	0	0	1	1	0	0	0	1	1	0	1	1	1	0	1	-136.0	0.097	0.143	NaN	NaN	0.231	0.318	NaN	NaN	6.93	11.13	NaN	NaN	0.0	"2.5"	"F0034"	1	0	"PR"	623.433	"reverse-f"	34.084	1	1	0	845.756	0.0	947.573	null	1571.629	0.086
-12.0	0.038225	29437.5	2821.875	1153.125	NaN	NaN	NaN	1	0	0	0	0	1	1	0	0	0	0	0	1	1	0	0	0	1	1	0	1	1	1	0	1	-144.0	0.097	0.173	NaN	NaN	0.231	0.384	NaN	NaN	6.93	13.44	NaN	NaN	0.0	"2.5"	"F0034"	1	0	"PR"	633.467	"reverse-f"	44.118	1	1	0	845.756	0.0	947.573	null	1581.663	0.084
-11.1	0.039875	30000.0	2850.0	1434.375	NaN	NaN	NaN	1	0	0	0	0	1	1	0	0	0	0	0	1	1	0	0	0	1	1	0	1	1	1	0	1	-133.0	0.1	0.201	NaN	NaN	0.238	0.447	NaN	NaN	7.14	15.645	NaN	NaN	0.0	"2.5"	"F0034"	1	0	"PR"	643.501	"reverse-f"	54.152	1	1	0	845.756	0.0	947.573	null	1591.697	0.084
-11.9	0.04235	30000.0	2821.875	1734.375	NaN	NaN	NaN	1	0	0	0	0	1	1	0	0	0	0	0	1	1	0	0	0	1	1	0	1	1	1	0	1	-143.0	0.097	0.231	NaN	NaN	0.231	0.513	NaN	NaN	6.93	17.955	NaN	NaN	0.0	"2.5"	"F0034"	1	0	"PR"	653.541	"reverse-f"	64.192	1	1	0	845.756	0.0	947.573	null	1601.737	0.084
-11.7	0.04345	29250.0	2859.375	1996.875	NaN	NaN	NaN	1	0	0	0	0	1	1	0	0	0	0	0	1	1	0	0	0	1	1	0	1	1	1	0	1	-140.0	0.101	0.258	NaN	NaN	0.24	0.573	NaN	NaN	7.2	20.055	NaN	NaN	0.0	"2.5"	"F0034"	1	0	"PR"	663.577	"reverse-f"	74.228	1	1	0	845.756	0.0	947.573	null	1611.773	0.084
-12.0	0.04565	30187.5	2821.875	2268.75	NaN	NaN	NaN	0	0	0	0	0	1	1	0	0	0	0	0	1	0	0	0	0	1	1	0	1	1	1	0	1	-144.0	0.097	0.285	NaN	NaN	0.231	0.633	NaN	NaN	6.93	22.155	NaN	NaN	0.0	"2.5"	"F0034"	1	0	"PR"	673.523	"reverse"	84.174	1	1	0	845.756	0.0	947.573	null	1621.719	0.085
-11.5	0.04675	29625.0	2821.875	2278.125	NaN	NaN	NaN	0	0	0	0	0	1	1	0	0	0	0	0	1	0	0	0	0	1	1	0	1	1	1	0	1	-138.0	0.097	0.286	NaN	NaN	0.231	0.636	NaN	NaN	6.93	22.26	NaN	NaN	0.0	"2.5"	"F0034"	1	0	"PR"	683.556	"reverse"	94.207	1	1	0	845.756	0.0	947.573	null	1631.752	0.083
-11.9	0.0473	29437.5	2821.875	2278.125	NaN	NaN	NaN	0	0	0	0	0	1	1	0	0	0	0	0	1	0	0	0	0	1	1	0	1	1	1	0	1	-143.0	0.097	0.286	NaN	NaN	0.231	0.636	NaN	NaN	6.93	22.26	NaN	NaN	0.0	"2.5"	"F0034"	1	0	"PR"	693.587	"reverse"	104.238	1	1	0	845.756	0.0	947.573	null	1641.783	0.084
-11.8	0.0484	30000.0	2821.875	2278.125	NaN	NaN	NaN	0	0	0	0	0	1	1	0	0	0	0	0	1	0	0	0	0	1	1	0	1	1	1	0	1	-142.0	0.097	0.286	NaN	NaN	0.231	0.636	NaN	NaN	6.93	22.26	NaN	NaN	0.0	"2.5"	"F0034"	1	0	"PR"	703.625	"reverse"	114.276	1	1	0	845.756	0.0	947.573	null	1651.821	0.086
-11.9	0.048675	30375.0	2821.875	2268.75	NaN	NaN	NaN	0	0	0	0	0	1	1	0	0	0	0	0	1	0	0	0	0	1	1	0	1	1	1	0	1	-143.0	0.097	0.285	NaN	NaN	0.231	0.633	NaN	NaN	6.93	22.155	NaN	NaN	0.0	"2.5"	"F0034"	1	0	"PR"	713.658	"reverse"	124.309	1	1	0	845.756	0.0	947.573	null	1661.854	0.084
-12.1	0.049775	29812.5	2840.625	2278.125	NaN	NaN	NaN	0	0	0	0	0	1	1	0	0	0	0	0	1	0	0	0	0	1	1	0	1	1	1	0	1	-145.0	0.099	0.286	NaN	NaN	0.236	0.636	NaN	NaN	7.08	22.26	NaN	NaN	0.0	"2.5"	"F0034"	1	0	"PR"	723.69	"reverse"	134.341	1	1	0	845.756	0.0	947.573	null	1671.886	0.084
-11.6	0.0506	29812.5	2831.25	2278.125	NaN	NaN	NaN	0	0	0	0	0	1	1	0	0	0	0	0	1	0	0	0	0	1	1	0	1	1	1	0	1	-139.0	0.098	0.286	NaN	NaN	0.233	0.636	NaN	NaN	6.99	22.26	NaN	NaN	0.0	"2.5"	"F0034"	1	0	"PR"	733.529	"reverse"	144.18	1	1	0	845.756	0.0	947.573	null	1681.725	0.091
0.8	0.05115	937.5	3000.0	2296.875	NaN	NaN	NaN	0	0	0	0	0	0	0	0	0	0	0	0	0	0	0	0	0	0	0	0	1	0	0	0	1	10.0	0.115	0.288	NaN	NaN	0.274	0.64	NaN	NaN	8.22	22.4	NaN	NaN	0.0	"2.5"	"F0034"	0	0	"PR"	743.655	"diffuse"	4.106	1	1	1	845.756	0.0	947.573	null	1691.851	0.083
0.6	0.05115	1312.5	3009.375	2287.5	NaN	NaN	NaN	0	0	0	0	0	0	0	0	0	0	0	0	0	0	0	0	0	0	0	0	1	0	0	0	1	7.0	0.116	0.287	NaN	NaN	0.276	0.638	NaN	NaN	8.28	22.33	NaN	NaN	0.0	"2.5"	"F0034"	0	0	"PR"	753.693	"diffuse"	14.144	1	1	1	845.756	0.0	947.573	null	1701.889	0.084
0.6	0.05115	1875.0	3000.0	2287.5	NaN	NaN	NaN	0	0	0	0	0	0	0	0	0	0	0	0	0	0	0	0	0	0	0	0	1	0	0	0	1	7.0	0.115	0.287	NaN	NaN	0.274	0.638	NaN	NaN	8.22	22.33	NaN	NaN	0.0	"2.5"	"F0034"	0	0	"PR"	763.73	"diffuse"	24.181	1	1	1	845.756	0.0	947.573	null	1711.926	0.085
-11.8	0.050875	29437.5	2803.125	2278.125	NaN	NaN	NaN	0	0	0	0	0	1	1	0	0	0	0	0	1	0	0	0	0	1	1	0	1	1	1	0	1	-142.0	0.095	0.286	NaN	NaN	0.226	0.636	NaN	NaN	6.78	22.26	NaN	NaN	0.0	"2.5"	"F0034"	1	0	"PR"	773.656	"wash-en"	4.105	1	1	1	845.756	0.0	947.573	null	1721.852	0.09
-11.7	0.051975	29437.5	2840.625	2268.75	NaN	NaN	NaN	0	0	0	0	0	1	1	0	0	0	0	0	1	0	0	0	0	1	1	0	1	1	1	0	1	-140.0	0.099	0.285	NaN	NaN	0.236	0.633	NaN	NaN	7.08	22.155	NaN	NaN	0.0	"2.5"	"F0034"	1	0	"PR"	783.688	"wash-en"	14.137	1	1	1	845.756	0.0	947.573	null	1731.884	0.09
-0.4	0.053075	30562.5	2840.625	2278.125	NaN	NaN	NaN	0	0	0	0	0	1	1	0	0	0	0	0	1	0	0	0	0	0	0	0	1	0	0	0	1	-5.0	0.099	0.286	NaN	NaN	0.236	0.636	NaN	NaN	7.08	22.26	NaN	NaN	0.0	"2.5"	"F0034"	0	0	"PR"	793.621	"wash-sc"	3.907	1	1	1	845.756	0.0	947.573	null	1741.817	0.092
0.4	0.053075	562.5	3009.375	2259.375	NaN	NaN	NaN	0	0	0	0	0	0	0	0	0	0	0	0	0	0	0	0	0	0	0	0	1	0	0	0	1	5.0	0.116	0.284	NaN	NaN	0.276	0.631	NaN	NaN	8.28	22.085	NaN	NaN	0.0	"2.5"	"F0034"	0	0	"PR"	803.653	"diffuse"	3.811	1	1	2	845.756	0.0	947.573	null	1751.849	0.09
0.6	0.053075	2250.0	3000.0	2287.5	NaN	NaN	NaN	0	0	0	0	0	0	0	0	0	0	0	0	0	0	0	0	0	0	0	0	1	0	0	0	1	7.0	0.115	0.287	NaN	NaN	0.274	0.638	NaN	NaN	8.22	22.33	NaN	NaN	0.0	"2.5"	"F0034"	0	0	"PR"	813.686	"diffuse"	13.844	1	1	2	845.756	0.0	947.573	null	1761.882	0.087
1.4	0.0528	1875.0	3000.0	2296.875	NaN	NaN	NaN	0	0	0	0	0	0	0	0	0	0	0	0	0	0	0	0	0	0	0	0	1	0	0	0	1	17.0	0.115	0.288	NaN	NaN	0.274	0.64	NaN	NaN	8.22	22.4	NaN	NaN	0.0	"2.5"	"F0034"	0	0	"PR"	823.726	"diffuse"	23.884	1	1	2	845.756	0.0	947.573	null	1771.922	0.091
-11.9	0.0517	30000.0	2821.875	2268.75	NaN	NaN	NaN	0	0	0	0	0	1	1	0	0	0	0	0	1	0	0	0	0	1	1	0	1	1	1	0	1	-143.0	0.097	0.285	NaN	NaN	0.231	0.633	NaN	NaN	6.93	22.155	NaN	NaN	0.0	"2.5"	"F0034"	1	0	"PR"	833.646	"wash-en"	3.699	1	1	2	845.756	0.0	947.573	null	1781.842	0.09
-11.8	0.053075	30000.0	2812.5	2278.125	NaN	NaN	NaN	0	0	0	0	0	1	1	0	0	0	0	0	1	0	0	0	0	1	1	0	1	1	1	0	1	-142.0	0.096	0.286	NaN	NaN	0.229	0.636	NaN	NaN	6.87	22.26	NaN	NaN	0.0	"2.5"	"F0034"	1	0	"PR"	843.68	"wash-en"	13.733	1	1	2	845.756	0.0	947.573	null	1791.876	0.09
1.3	0.051975	30000.0	2859.375	2278.125	NaN	NaN	NaN	0	0	0	0	0	1	1	0	0	0	0	0	1	0	0	0	0	0	0	0	1	0	0	0	1	16.0	0.101	0.286	NaN	NaN	0.24	0.636	NaN	NaN	7.2	22.26	NaN	NaN	0.0	"2.5"	"F0034"	0	0	"PR"	853.81	"wash-sc"	3.708	1	1	2	845.756	0.0	947.573	null	1802.006	0.091
0.8	0.0528	1125.0	3009.375	2278.125	NaN	NaN	NaN	0	0	0	0	0	0	0	0	0	0	0	0	0	0	0	0	0	0	0	0	1	0	0	0	1	10.0	0.116	0.286	NaN	NaN	0.276	0.636	NaN	NaN	8.28	22.26	NaN	NaN	0.0	"2.5"	"F0034"	0	0	"PR"	863.648	"diffuse"	3.413	1	1	3	845.756	0.0	947.573	null	1811.844	0.086
0.6	0.05335	1500.0	2971.875	2287.5	NaN	NaN	NaN	0	0	0	0	0	0	0	0	0	0	0	0	0	0	0	0	0	0	0	0	1	0	0	0	1	7.0	0.112	0.287	NaN	NaN	0.267	0.638	NaN	NaN	8.01	22.33	NaN	NaN	0.0	"2.5"	"F0034"	0	0	"PR"	873.685	"diffuse"	13.45	1	1	3	845.756	0.0	947.573	null	1821.881	0.086
1.0	0.053075	3000.0	3000.0	2278.125	NaN	NaN	NaN	0	0	0	0	0	0	0	0	0	0	0	0	0	0	0	0	0	0	0	0	1	0	0	0	1	12.0	0.115	0.286	NaN	NaN	0.274	0.636	NaN	NaN	8.22	22.26	NaN	NaN	0.0	"2.5"	"F0034"	0	0	"PR"	883.722	"diffuse"	23.487	1	1	3	845.756	0.0	947.573	null	1831.918	0.09
-11.9	0.05225	30000.0	2821.875	2278.125	NaN	NaN	NaN	0	0	0	0	0	1	1	0	0	0	0	0	1	0	0	0	0	1	1	0	1	1	1	0	1	-143.0	0.097	0.286	NaN	NaN	0.231	0.636	NaN	NaN	6.93	22.26	NaN	NaN	0.0	"2.5"	"F0034"	1	0	"PR"	893.851	"wash-en"	3.504	1	1	3	845.756	0.0	947.573	null	1842.047	0.09
-11.8	0.053075	29250.0	2840.625	2278.125	NaN	NaN	NaN	0	0	0	0	0	1	1	0	0	0	0	0	1	0	0	0	0	1	1	0	1	1	1	0	1	-142.0	0.099	0.286	NaN	NaN	0.236	0.636	NaN	NaN	7.08	22.26	NaN	NaN	0.0	"2.5"	"F0034"	1	0	"PR"	903.686	"wash-en"	13.339	1	1	3	845.756	0.0	947.573	null	1851.882	0.086
2.1	0.0528	30562.5	2803.125	2306.25	NaN	NaN	NaN	0	0	0	0	0	1	1	0	0	0	0	0	1	0	0	0	0	0	0	0	1	0	0	0	1	25.0	0.095	0.289	NaN	NaN	0.226	0.642	NaN	NaN	6.78	22.47	NaN	NaN	0.0	"2.5"	"F0034"	0	0	"PR"	913.82	"wash-sc"	3.309	1	1	3	845.756	0.0	947.573	null	1862.016	0.091
1.2	0.053075	2625.0	3000.0	2287.5	NaN	NaN	NaN	0	0	0	0	0	0	0	0	0	0	0	0	0	0	0	0	0	0	0	0	1	0	0	0	1	14.0	0.115	0.287	NaN	NaN	0.274	0.638	NaN	NaN	8.22	22.33	NaN	NaN	0.0	"2.5"	"F0034"	0	0	"PR"	923.859	"diffuse"	3.213	1	1	4	845.756	0.0	947.573	null	1872.055	0.087
-1.2	0.0528	937.5	2990.625	2278.125	NaN	NaN	NaN	0	0	0	0	0	0	0	0	0	0	0	0	0	0	0	0	0	0	0	0	1	0	0	0	1	-14.0	0.114	0.286	NaN	NaN	0.271	0.636	NaN	NaN	8.13	22.26	NaN	NaN	0.0	"2.5"	"F0034"	0	0	"PR"	933.89	"diffuse"	13.244	1	1	4	845.756	0.0	947.573	null	1882.086	0.09
1.1	0.05335	1312.5	3009.375	2268.75	NaN	NaN	NaN	0	0	0	0	0	0	0	0	0	0	0	0	0	0	0	0	0	0	0	0	1	0	0	0	1	13.0	0.116	0.285	NaN	NaN	0.276	0.633	NaN	NaN	8.28	22.155	NaN	NaN	0.0	"2.5"	"F0034"	0	0	"PR"	943.729	"diffuse"	23.083	1	1	4	845.756	0.0	947.573	null	1891.925	0.088
-11.8	0.052525	28500.0	2821.875	2278.125	NaN	NaN	NaN	0	0	0	0	0	1	1	0	0	0	0	0	1	0	0	0	0	1	1	0	1	1	1	0	1	-142.0	0.097	0.286	NaN	NaN	0.231	0.636	NaN	NaN	6.93	22.26	NaN	NaN	0.0	"2.5"	"F0034"	1	0	"PR"	953.854	"wash-en"	3.101	1	1	4	845.756	0.0	947.573	null	1902.05	0.086
-12.2	0.05225	29250.0	2821.875	2278.125	NaN	NaN	NaN	0	0	0	0	0	1	1	0	0	0	0	0	1	0	0	0	0	1	1	0	1	1	1	0	1	-146.0	0.097	0.286	NaN	NaN	0.231	0.636	NaN	NaN	6.93	22.26	NaN	NaN	0.0	"2.5"	"F0034"	1	0	"PR"	963.893	"wash-en"	13.14	1	1	4	845.756	0.0	947.573	null	1912.089	0.09
1.3	0.053625	30000.0	2859.375	2278.125	NaN	NaN	NaN	0	0	0	0	0	1	1	0	0	0	0	0	1	0	0	0	0	0	0	0	1	0	0	0	1	16.0	0.101	0.286	NaN	NaN	0.24	0.636	NaN	NaN	7.2	22.26	NaN	NaN	0.0	"2.5"	"F0034"	0	0	"PR"	973.825	"wash-sc"	2.904	1	1	4	845.756	0.0	947.573	null	1922.021	0.089
2.0	0.053075	-187.5	2690.625	2287.5	NaN	NaN	NaN	0	0	0	0	1	0	0	0	0	0	0	0	0	0	0	0	0	0	0	0	1	0	0	0	1	24.0	0.084	0.287	NaN	NaN	0.2	0.638	NaN	NaN	6.0	22.33	NaN	NaN	0.0	"2.5"	"F0034"	0	0	"PR"	983.862	"drain-rg"	2.81	1	1	4	845.756	0.0	947.573	null	1932.058	0.086
2.4	0.053075	375.0	2343.75	2278.125	NaN	NaN	NaN	0	0	0	0	1	0	0	0	0	0	0	0	0	0	0	0	0	0	0	0	1	0	0	0	1	29.0	0.049	0.286	NaN	NaN	0.117	0.636	NaN	NaN	3.51	22.26	NaN	NaN	0.0	"2.5"	"F0034"	0	0	"PR"	993.897	"drain-rg"	12.845	1	1	4	845.756	0.0	947.573	null	1942.093	0.086
1.5	0.053075	-562.5	2006.25	2278.125	NaN	NaN	NaN	0	0	0	0	1	0	0	0	0	0	0	0	0	0	0	0	0	0	0	0	1	0	0	0	1	18.0	0.016	0.286	NaN	NaN	0.038	0.636	NaN	NaN	1.14	22.26	NaN	NaN	0.0	"2.5"	"F0034"	0	0	"PR"	1003.935	"drain-rg"	22.883	1	1	4	845.756	0.0	947.573	null	1952.131	0.087
1.3	0.0528	-375.0	1565.625	2296.875	NaN	NaN	NaN	0	0	0	0	1	0	0	0	0	0	0	0	0	0	0	0	0	0	0	0	1	0	0	0	1	16.0	-0.028	0.288	NaN	NaN	-0.067	0.64	NaN	NaN	-2.01	22.4	NaN	NaN	0.0	"2.5"	"F0034"	0	0	"PR"	1013.97	"drip-rg"	5.62	1	1	4	845.756	0.0	947.573	null	1962.166	0.086
1.3	0.053075	-937.5	-18.75	2278.125	NaN	NaN	NaN	0	0	0	0	0	0	0	0	0	0	0	0	0	0	0	0	0	0	0	0	1	0	0	0	1	16.0	-0.187	0.286	NaN	NaN	-0.445	0.636	NaN	NaN	-13.35	22.26	NaN	NaN	0.0	"2.5"	"F0034"	0	0	"PR"	1023.608	"end"	0.201	1	1	4	845.756	0.0	947.573	null	1971.804	0.107
1.1	0.053075	30000.0	1921.875	2071.875	NaN	NaN	NaN	0	0	1	0	0	1	0	0	0	0	0	0	1	0	0	0	0	0	0	0	1	0	0	0	1	13.0	0.007	0.265	NaN	NaN	0.017	0.589	NaN	NaN	0.51	20.615	NaN	NaN	0.0	"2.5"	"F0034"	0	0	"FR"	9.653	"fill-rg-di"	9.452	2	1	0	1971.804	0.0	947.573	null	1982.084	0.084
0.8	0.051425	29812.5	2287.5	1781.25	NaN	NaN	NaN	0	0	1	0	0	1	0	0	0	0	0	0	1	0	0	0	0	0	0	0	1	0	0	0	1	10.0	0.044	0.236	NaN	NaN	0.105	0.524	NaN	NaN	3.15	18.34	NaN	NaN	0.0	"2.5"	"F0034"	0	0	"FR"	19.692	"fill-rg-di"	19.491	2	1	0	1971.804	0.0	947.573	null	1992.123	0.089
1.6	0.05005	30000.0	2568.75	1575.0	NaN	NaN	NaN	0	0	1	0	0	1	0	0	0	0	0	0	1	0	0	0	0	0	0	0	1	0	0	0	1	19.0	0.072	0.215	NaN	NaN	0.171	0.478	NaN	NaN	5.13	16.73	NaN	NaN	0.0	"2.5"	"F0034"	0	0	"FR"	29.729	"fill-rg-di"	29.528	2	1	0	1971.804	0.0	947.573	null	2002.16	0.086
1.1	0.0484	30000.0	2859.375	1312.5	NaN	NaN	NaN	0	0	1	0	0	1	0	0	0	0	0	0	1	0	0	0	0	0	0	0	1	0	0	0	1	13.0	0.101	0.189	NaN	NaN	0.24	0.42	NaN	NaN	7.2	14.7	NaN	NaN	0.0	"2.5"	"F0034"	0	0	"FR"	39.766	"fill-rg-di"	39.565	2	1	0	1971.804	0.0	947.573	null	2012.197	0.086
1.1	0.0473	30375.0	3159.375	1068.75	NaN	NaN	NaN	0	0	1	0	0	1	0	0	0	0	0	0	1	0	0	0	0	0	0	0	1	0	0	0	1	13.0	0.131	0.165	NaN	NaN	0.312	0.367	NaN	NaN	9.36	12.845	NaN	NaN	0.0	"2.5"	"F0034"	0	0	"FR"	49.801	"fill-rg-di"	49.6	2	1	0	1971.804	0.0	947.573	null	2022.232	0.088
1.0	0.0473	1125.0	2831.25	984.375	NaN	NaN	NaN	0	0	0	0	1	0	0	0	0	0	0	0	0	0	0	0	0	0	0	0	1	0	0	0	1	12.0	0.098	0.156	NaN	NaN	0.233	0.347	NaN	NaN	6.99	12.145	NaN	NaN	0.0	"2.5"	"F0034"	0	0	"FR"	59.635	"drain-rg"	6.424	2	1	0	1971.804	0.0	947.573	null	2032.066	0.086
1.5	0.04675	1687.5	2456.25	975.0	NaN	NaN	NaN	0	0	0	0	1	0	0	0	0	0	0	0	0	0	0	0	0	0	0	0	1	0	0	0	1	18.0	0.061	0.155	NaN	NaN	0.145	0.344	NaN	NaN	4.35	12.04	NaN	NaN	0.0	"2.5"	"F0034"	0	0	"FR"	69.667	"drain-rg"	16.456	2	1	0	1971.804	0.0	947.573	null	2042.098	0.084
0.9	0.047025	3187.5	2156.25	975.0	NaN	NaN	NaN	0	0	0	0	1	0	0	0	0	0	0	0	0	0	0	0	0	0	0	0	1	0	0	0	1	11.0	0.031	0.155	NaN	NaN	0.074	0.344	NaN	NaN	2.22	12.04	NaN	NaN	0.0	"2.5"	"F0034"	0	0	"FR"	79.706	"drain-rg"	26.495	2	1	0	1971.804	0.0	947.573	null	2052.137	0.087
1.0	0.0473	2812.5	1762.5	975.0	NaN	NaN	NaN	0	0	0	0	1	0	0	0	0	0	0	0	0	0	0	0	0	0	0	0	1	0	0	0	1	12.0	-0.009	0.155	NaN	NaN	-0.021	0.344	NaN	NaN	-0.63	12.04	NaN	NaN	0.0	"2.5"	"F0034"	0	0	"FR"	89.743	"drip-rg"	2.207	2	1	0	1971.804	0.0	947.573	null	2062.174	0.085
1.8	0.0473	1875.0	0.0	975.0	NaN	NaN	NaN	0	0	0	0	1	0	0	0	0	0	0	0	0	0	0	0	0	0	0	0	1	0	0	0	1	22.0	-0.185	0.155	NaN	NaN	-0.44	0.344	NaN	NaN	-13.2	12.04	NaN	NaN	0.0	"2.5"	"F0034"	0	0	"FR"	99.779	"drip-rg"	12.243	2	1	0	1971.804	0.0	947.573	null	2072.21	0.087
0.9	0.04675	30000.0	1734.375	834.375	NaN	NaN	NaN	0	0	1	0	0	1	0	0	0	0	0	0	1	0	0	0	0	0	0	0	1	0	0	0	1	11.0	-0.012	0.141	NaN	NaN	-0.029	0.313	NaN	NaN	-0.87	10.955	NaN	NaN	0.0	"2.5"	"F0034"	0	0	"PR"	6.453	"fill-rg-di"	6.252	2	0	0	1971.804	0.0	2075.222	null	2082.297	0.087
0.6	0.0462	30000.0	2165.625	609.375	NaN	NaN	NaN	0	0	1	0	0	1	0	0	0	0	0	0	1	0	0	0	0	0	0	0	1	0	0	0	1	7.0	0.032	0.119	NaN	NaN	0.076	0.264	NaN	NaN	2.28	9.24	NaN	NaN	0.0	"2.5"	"F0034"	0	0	"PR"	16.295	"fill-rg-di"	16.094	2	0	0	1971.804	0.0	2075.222	null	2092.139	0.087
0.8	0.044825	30187.5	2475.0	337.5	NaN	NaN	NaN	0	0	1	0	0	1	0	0	0	0	0	0	1	0	0	0	0	0	0	0	1	0	0	0	1	10.0	0.062	0.092	NaN	NaN	0.148	0.204	NaN	NaN	4.44	7.14	NaN	NaN	0.0	"2.5"	"F0034"	0	0	"PR"	26.33	"fill-rg-di"	26.129	2	0	0	1971.804	0.0	2075.222	null	2102.174	0.087
1.1	0.044	30187.5	2775.0	75.0	NaN	NaN	NaN	0	0	1	0	0	1	0	0	0	0	0	0	1	0	0	0	0	0	0	0	1	0	0	0	1	13.0	0.093	0.066	NaN	NaN	0.221	0.147	NaN	NaN	6.63	5.145	NaN	NaN	0.0	"2.5"	"F0034"	0	0	"PR"	36.371	"fill-rg-di"	36.17	2	0	0	1971.804	0.0	2075.222	null	2112.215	0.089
0.3	0.044275	1875.0	2784.375	337.5	NaN	NaN	NaN	1	0	0	0	0	0	0	0	0	0	0	0	0	1	0	0	0	0	0	0	1	0	0	0	1	4.0	0.093	0.092	NaN	NaN	0.221	0.204	NaN	NaN	6.63	7.14	NaN	NaN	0.0	"2.5"	"F0034"	0	0	"PR"	46.406	"fill-di-lb"	9.432	2	0	0	1971.804	0.0	2075.222	null	2122.25	0.084
1.2	0.044	2625.0	2784.375	628.125	NaN	NaN	NaN	1	0	0	0	0	0	0	0	0	0	0	0	0	1	0	0	0	0	0	0	1	0	0	0	1	14.0	0.093	0.121	NaN	NaN	0.221	0.269	NaN	NaN	6.63	9.415	NaN	NaN	0.0	"2.5"	"F0034"	0	0	"PR"	56.436	"fill-di-lb"	19.462	2	0	0	1971.804	0.0	2075.222	null	2132.28	0.083
1.8	0.044	2625.0	2784.375	918.75	NaN	NaN	NaN	1	0	0	0	0	0	0	0	0	0	0	0	0	1	0	0	0	0	0	0	1	0	0	0	1	22.0	0.093	0.15	NaN	NaN	0.221	0.333	NaN	NaN	6.63	11.655	NaN	NaN	0.0	"2.5"	"F0034"	0	0	"PR"	66.479	"fill-di-lb"	29.505	2	0	0	1971.804	0.0	2075.222	null	2142.323	0.086
0.6	0.044	3000.0	2784.375	1209.375	NaN	NaN	NaN	1	0	0	0	0	0	0	0	0	0	0	0	0	1	0	0	0	0	0	0	1	0	0	0	1	7.0	0.093	0.179	NaN	NaN	0.221	0.398	NaN	NaN	6.63	13.93	NaN	NaN	0.0	"2.5"	"F0034"	0	0	"PR"	76.515	"fill-di-lb"	39.541	2	0	0	1971.804	0.0	2075.222	null	2152.359	0.084
1.3	0.044	2812.5	2784.375	1528.125	NaN	NaN	NaN	1	0	0	0	0	0	0	0	0	0	0	0	0	1	0	0	0	0	0	0	1	0	0	0	1	16.0	0.093	0.211	NaN	NaN	0.221	0.469	NaN	NaN	6.63	16.415	NaN	NaN	0.0	"2.5"	"F0034"	0	0	"PR"	86.547	"fill-di-lb"	49.573	2	0	0	1971.804	0.0	2075.222	null	2162.391	0.084
0.8	0.044275	2250.0	2775.0	1771.875	NaN	NaN	NaN	1	0	0	0	0	0	0	0	0	0	0	0	0	1	0	0	0	0	0	0	1	0	0	0	1	10.0	0.093	0.235	NaN	NaN	0.221	0.522	NaN	NaN	6.63	18.27	NaN	NaN	0.0	"2.5"	"F0034"	0	0	"PR"	96.387	"fill-di-lb"	59.413	2	0	0	1971.804	0.0	2075.222	null	2172.231	0.091
1.1	0.044	1875.0	2784.375	2081.25	NaN	NaN	NaN	1	0	0	0	0	0	0	0	0	0	0	0	0	1	0	0	0	0	0	0	1	0	0	0	1	13.0	0.093	0.266	NaN	NaN	0.221	0.591	NaN	NaN	6.63	20.685	NaN	NaN	0.0	"2.5"	"F0034"	0	0	"PR"	106.421	"fill-di-lb"	69.447	2	0	0	1971.804	0.0	2075.222	null	2182.265	0.096
0.6	0.044	30000.0	2896.875	2165.625	NaN	NaN	NaN	0	0	1	0	0	1	0	0	0	0	0	0	1	0	0	0	0	0	0	0	1	0	0	0	1	7.0	0.105	0.275	NaN	NaN	0.25	0.611	NaN	NaN	7.5	21.385	NaN	NaN	0.0	"2.5"	"F0034"	0	0	"PR"	116.454	"fill-rg-di"	4.014	2	0	0	1971.804	0.0	2075.222	null	2192.298	0.09
-11.9	0.043725	31500.0	2953.125	2512.5	NaN	NaN	NaN	0	1	1	0	0	0	0	0	0	0	0	0	1	0	0	0	0	1	1	0	1	1	1	0	1	-143.0	0.11	0.309	NaN	NaN	0.262	0.687	NaN	NaN	7.86	24.045	NaN	NaN	0.0	"2.5"	"F0034"	1	0	"PR"	126.503	"deionize"	2.618	2	1	0	1971.804	0.0	2075.222	null	2202.347	0.084
-11.7	0.043175	34125.0	2943.75	2531.25	NaN	NaN	NaN	0	1	1	0	0	0	0	0	0	0	0	0	1	0	0	0	0	1	1	0	1	1	1	0	1	-140.0	0.109	0.311	NaN	NaN	0.26	0.691	NaN	NaN	7.8	24.185	NaN	NaN	0.0	"2.5"	"F0034"	1	0	"PR"	136.541	"deionize"	12.656	2	1	0	1971.804	0.0	2075.222	null	2212.385	0.094
-11.8	0.042075	34687.5	2953.125	2540.625	NaN	NaN	NaN	0	1	1	0	0	0	0	0	0	0	0	0	1	0	0	0	0	1	1	0	1	1	1	0	1	-142.0	0.11	0.312	NaN	NaN	0.262	0.693	NaN	NaN	7.86	24.255	NaN	NaN	0.0	"2.5"	"F0034"	1	0	"PR"	146.581	"deionize"	22.696	2	1	0	1971.804	0.0	2075.222	null	2222.425	0.088
-11.6	0.0418	35250.0	2962.5	2606.25	NaN	NaN	NaN	0	1	1	0	0	0	0	0	0	0	0	0	1	0	0	0	0	1	1	0	1	1	1	0	1	-139.0	0.111	0.319	NaN	NaN	0.264	0.709	NaN	NaN	7.92	24.815	NaN	NaN	0.0	"2.5"	"F0034"	1	0	"PR"	156.618	"deionize"	32.733	2	1	0	1971.804	0.0	2075.222	null	2232.462	0.084
-10.1	0.041525	34125.0	2943.75	2493.75	NaN	NaN	NaN	0	1	1	0	0	0	0	0	0	0	0	0	1	0	0	0	0	1	1	0	1	1	1	0	1	-121.0	0.109	0.307	NaN	NaN	0.26	0.682	NaN	NaN	7.8	23.87	NaN	NaN	0.0	"2.5"	"F0034"	1	0	"PR"	166.457	"deionize"	42.572	2	1	0	1971.804	0.0	2075.222	null	2242.301	0.092
-11.5	0.041525	35437.5	2953.125	2568.75	NaN	NaN	NaN	0	1	1	0	0	0	0	0	0	0	0	0	1	0	0	0	0	1	1	0	1	1	1	0	1	-138.0	0.11	0.315	NaN	NaN	0.262	0.7	NaN	NaN	7.86	24.5	NaN	NaN	0.0	"2.5"	"F0034"	1	0	"PR"	176.494	"deionize"	52.609	2	1	0	1971.804	0.0	2075.222	null	2252.338	0.09
-12.7	0.040425	36000.0	2962.5	2568.75	NaN	NaN	NaN	0	1	1	0	0	0	0	0	0	0	0	0	1	0	0	0	0	1	1	0	1	1	1	0	1	-152.0	0.111	0.315	NaN	NaN	0.264	0.7	NaN	NaN	7.92	24.5	NaN	NaN	0.0	"2.5"	"F0034"	1	0	"PR"	186.53	"deionize"	62.645	2	1	0	1971.804	0.0	2075.222	null	2262.374	0.089
-11.9	0.04015	36187.5	2962.5	2493.75	NaN	NaN	NaN	0	1	1	0	0	0	0	0	0	0	0	0	1	0	0	0	0	1	1	0	1	1	1	0	1	-143.0	0.111	0.307	NaN	NaN	0.264	0.682	NaN	NaN	7.92	23.87	NaN	NaN	0.0	"2.5"	"F0034"	1	0	"PR"	196.568	"deionize"	72.683	2	1	0	1971.804	0.0	2075.222	null	2272.412	0.09
-11.9	0.0396	33937.5	2943.75	2475.0	NaN	NaN	NaN	0	1	1	0	0	0	0	0	0	0	0	0	1	0	0	0	0	1	1	0	1	1	1	0	1	-143.0	0.109	0.305	NaN	NaN	0.26	0.678	NaN	NaN	7.8	23.73	NaN	NaN	0.0	"2.5"	"F0034"	1	0	"PR"	206.606	"deionize"	82.721	2	1	0	1971.804	0.0	2075.222	null	2282.45	0.087
-12.5	0.039325	34687.5	2953.125	2512.5	NaN	NaN	NaN	0	1	1	0	0	0	0	0	0	0	0	0	1	0	0	0	0	1	1	0	1	1	1	0	1	-150.0	0.11	0.309	NaN	NaN	0.262	0.687	NaN	NaN	7.86	24.045	NaN	NaN	0.0	"2.5"	"F0034"	1	0	"PR"	216.636	"deionize"	92.751	2	1	0	1971.804	0.0	2075.222	null	2292.48	0.091
-12.2	0.03905	35250.0	2934.375	2493.75	NaN	NaN	NaN	0	1	1	0	0	0	0	0	0	0	0	0	1	0	0	0	0	1	1	0	1	1	1	0	1	-146.0	0.108	0.307	NaN	NaN	0.257	0.682	NaN	NaN	7.71	23.87	NaN	NaN	0.0	"2.5"	"F0034"	1	0	"PR"	226.675	"deionize"	102.79	2	1	0	1971.804	0.0	2075.222	null	2302.519	0.09
-11.1	0.038775	36187.5	2962.5	2512.5	NaN	NaN	NaN	0	1	1	0	0	0	0	0	0	0	0	0	1	0	0	0	0	1	1	0	1	1	1	0	1	-133.0	0.111	0.309	NaN	NaN	0.264	0.687	NaN	NaN	7.92	24.045	NaN	NaN	0.0	"2.5"	"F0034"	1	0	"PR"	236.71	"deionize"	112.825	2	1	0	1971.804	0.0	2075.222	null	2312.554	0.084
-11.3	0.03795	34312.5	2953.125	2503.125	NaN	NaN	NaN	0	1	1	0	0	0	0	0	0	0	0	0	1	0	0	0	0	1	1	0	1	1	1	0	1	-136.0	0.11	0.308	NaN	NaN	0.262	0.684	NaN	NaN	7.86	23.94	NaN	NaN	0.0	"2.5"	"F0034"	1	0	"PR"	246.547	"deionize"	122.662	2	1	0	1971.804	0.0	2075.222	null	2322.391	0.087
-11.7	0.03795	33562.5	2953.125	2465.625	NaN	NaN	NaN	0	1	1	0	0	0	0	0	0	0	0	0	1	0	0	0	0	1	1	0	1	1	1	0	1	-140.0	0.11	0.305	NaN	NaN	0.262	0.678	NaN	NaN	7.86	23.73	NaN	NaN	0.0	"2.5"	"F0034"	1	0	"PR"	256.585	"deionize"	132.7	2	1	0	1971.804	0.0	2075.222	null	2332.429	0.091
-12.0	0.037125	33375.0	2953.125	2484.375	NaN	NaN	NaN	0	1	1	0	0	0	0	0	0	0	0	0	1	0	0	0	0	1	1	0	1	1	1	0	1	-144.0	0.11	0.306	NaN	NaN	0.262	0.68	NaN	NaN	7.86	23.8	NaN	NaN	0.0	"2.5"	"F0034"	1	0	"PR"	266.623	"deionize"	142.738	2	1	0	1971.804	0.0	2075.222	null	2342.467	0.09
-11.7	0.037125	33750.0	2953.125	2390.625	NaN	NaN	NaN	0	1	1	0	0	0	0	0	0	0	0	0	1	0	0	0	0	1	1	0	1	1	1	0	1	-140.0	0.11	0.297	NaN	NaN	0.262	0.66	NaN	NaN	7.86	23.1	NaN	NaN	0.0	"2.5"	"F0034"	1	0	"PR"	276.663	"deionize"	152.778	2	1	0	1971.804	0.0	2075.222	null	2352.507	0.092
-11.8	0.036025	32250.0	2971.875	2456.25	NaN	NaN	NaN	0	1	1	0	0	0	0	0	0	0	0	0	1	0	0	0	0	1	1	0	1	1	1	0	1	-142.0	0.112	0.304	NaN	NaN	0.267	0.676	NaN	NaN	8.01	23.66	NaN	NaN	0.0	"2.5"	"F0034"	1	0	"PR"	286.703	"deionize"	162.818	2	1	0	1971.804	0.0	2075.222	null	2362.547	0.091
-11.9	0.036025	33750.0	2971.875	2390.625	NaN	NaN	NaN	0	1	1	0	0	0	0	0	0	0	0	0	1	0	0	0	0	1	1	0	1	1	1	0	1	-143.0	0.112	0.297	NaN	NaN	0.267	0.66	NaN	NaN	8.01	23.1	NaN	NaN	0.0	"2.5"	"F0034"	1	0	"PR"	296.741	"deionize"	172.856	2	1	0	1971.804	0.0	2075.222	null	2372.585	0.091
-11.6	0.03575	33750.0	2962.5	2437.5	NaN	NaN	NaN	0	1	1	0	0	0	0	0	0	0	0	0	1	0	0	0	0	1	1	0	1	1	1	0	1	-139.0	0.111	0.302	NaN	NaN	0.264	0.671	NaN	NaN	7.92	23.485	NaN	NaN	0.0	"2.5"	"F0034"	1	0	"PR"	306.582	"deionize"	182.697	2	1	0	1971.804	0.0	2075.222	null	2382.426	0.089
-11.6	0.03575	34312.5	2962.5	2531.25	NaN	NaN	NaN	0	1	1	0	0	0	0	0	0	0	0	0	1	0	0	0	0	1	1	0	1	1	1	0	1	-139.0	0.111	0.311	NaN	NaN	0.264	0.691	NaN	NaN	7.92	24.185	NaN	NaN	0.0	"2.5"	"F0034"	1	0	"PR"	316.617	"deionize"	192.732	2	1	0	1971.804	0.0	2075.222	null	2392.461	0.097
-10.5	0.034925	36000.0	2943.75	2465.625	NaN	NaN	NaN	0	1	1	0	0	0	0	0	0	0	0	0	1	0	0	0	0	1	1	0	1	1	1	0	1	-126.0	0.109	0.305	NaN	NaN	0.26	0.678	NaN	NaN	7.8	23.73	NaN	NaN	0.0	"2.5"	"F0034"	1	0	"PR"	326.653	"deionize"	202.768	2	1	0	1971.804	0.0	2075.222	null	2402.497	0.087
-10.4	0.03465	36000.0	2962.5	2484.375	NaN	NaN	NaN	0	1	1	0	0	0	0	0	0	0	0	0	1	0	0	0	0	1	1	0	1	1	1	0	1	-125.0	0.111	0.306	NaN	NaN	0.264	0.68	NaN	NaN	7.92	23.8	NaN	NaN	0.0	"2.5"	"F0034"	1	0	"PR"	336.694	"deionize"	212.809	2	1	0	1971.804	0.0	2075.222	null	2412.538	0.091
-11.2	0.034375	36000.0	2943.75	2400.0	NaN	NaN	NaN	0	1	1	0	0	0	0	0	0	0	0	0	1	0	0	0	0	1	1	0	1	1	1	0	1	-134.0	0.109	0.298	NaN	NaN	0.26	0.662	NaN	NaN	7.8	23.17	NaN	NaN	0.0	"2.5"	"F0034"	1	0	"PR"	346.731	"deionize"	222.846	2	1	0	1971.804	0.0	2075.222	null	2422.575	0.09
-10.4	0.0341	34875.0	2943.75	2409.375	NaN	NaN	NaN	0	1	1	0	0	0	0	0	0	0	0	0	1	0	0	0	0	1	1	0	1	1	1	0	1	-125.0	0.109	0.299	NaN	NaN	0.26	0.664	NaN	NaN	7.8	23.24	NaN	NaN	0.0	"2.5"	"F0034"	1	0	"PR"	356.775	"deionize"	232.89	2	1	0	1971.804	0.0	2075.222	null	2432.619	0.094
-10.4	0.033275	36562.5	2962.5	2400.0	NaN	NaN	NaN	0	1	1	0	0	0	0	0	0	0	0	0	1	0	0	0	1	1	1	0	1	1	1	0	1	-125.0	0.111	0.298	NaN	NaN	0.264	0.662	NaN	NaN	7.92	23.17	NaN	NaN	0.0	"2.5"	"F0034"	1	0	"PR"	366.73	"deionize-uv"	2.729	2	1	0	1971.804	0.0	2075.222	null	2442.574	0.086
-10.6	0.033825	35437.5	2953.125	2343.75	NaN	NaN	NaN	0	1	1	0	0	0	0	0	0	0	0	0	1	0	0	0	1	1	1	0	1	1	1	0	1	-127.0	0.11	0.292	NaN	NaN	0.262	0.649	NaN	NaN	7.86	22.715	NaN	NaN	0.0	"2.5"	"F0034"	1	0	"PR"	376.775	"deionize-uv"	12.774	2	1	0	1971.804	0.0	2075.222	null	2452.619	0.092
-10.6	0.033	35625.0	2943.75	2418.75	NaN	NaN	NaN	0	1	1	0	0	0	0	0	0	0	0	0	1	0	0	0	1	1	1	0	1	1	1	0	1	-127.0	0.109	0.3	NaN	NaN	0.26	0.667	NaN	NaN	7.8	23.345	NaN	NaN	0.0	"2.5"	"F0034"	1	0	"PR"	386.811	"deionize-uv"	22.81	2	1	0	1971.804	0.0	2075.222	null	2462.655	0.09
-9.8	0.033275	36187.5	2971.875	2390.625	NaN	NaN	NaN	0	1	1	0	0	0	0	0	0	0	0	0	1	0	0	0	1	1	1	0	1	1	1	0	1	-118.0	0.112	0.297	NaN	NaN	0.267	0.66	NaN	NaN	8.01	23.1	NaN	NaN	0.0	"2.5"	"F0034"	1	0	"PR"	396.848	"deionize-uv"	32.847	2	1	0	1971.804	0.0	2075.222	null	2472.692	0.087
-10.2	0.032725	32812.5	2925.0	2428.125	NaN	NaN	NaN	0	1	1	0	0	0	0	0	0	0	0	0	1	0	0	0	1	1	1	0	1	1	1	0	1	-122.0	0.107	0.301	NaN	NaN	0.255	0.669	NaN	NaN	7.65	23.415	NaN	NaN	0.0	"2.5"	"F0034"	1	0	"PR"	406.684	"deionize-uv"	42.683	2	1	0	1971.804	0.0	2075.222	null	2482.528	0.088
-9.8	0.03245	34875.0	2971.875	2400.0	NaN	NaN	NaN	0	1	1	0	0	0	0	0	0	0	0	0	1	0	0	0	1	1	1	0	1	1	1	0	1	-118.0	0.112	0.298	NaN	NaN	0.267	0.662	NaN	NaN	8.01	23.17	NaN	NaN	0.0	"2.5"	"F0034"	1	0	"PR"	416.717	"deionize-uv"	52.716	2	1	0	1971.804	0.0	2075.222	null	2492.561	0.083
-9.1	0.03245	36000.0	2962.5	2315.625	NaN	NaN	NaN	0	1	1	0	0	0	0	0	0	0	0	0	1	0	0	0	1	1	1	0	1	1	1	0	1	-109.0	0.111	0.29	NaN	NaN	0.264	0.644	NaN	NaN	7.92	22.54	NaN	NaN	0.0	"2.5"	"F0034"	1	0	"PR"	426.752	"deionize-uv"	62.751	2	1	0	1971.804	0.0	2075.222	null	2502.596	0.083
-9.2	0.03135	35250.0	2962.5	2390.625	NaN	NaN	NaN	0	1	1	0	0	0	0	0	0	0	0	0	1	0	0	0	1	1	1	0	1	1	1	0	1	-110.0	0.111	0.297	NaN	NaN	0.264	0.66	NaN	NaN	7.92	23.1	NaN	NaN	0.0	"2.5"	"F0034"	1	0	"PR"	436.795	"deionize-uv"	72.794	2	1	0	1971.804	0.0	2075.222	null	2512.639	0.09
-9.0	0.031625	35437.5	2971.875	2437.5	NaN	NaN	NaN	0	1	1	0	0	0	0	0	0	0	0	0	1	0	0	0	1	1	1	0	1	1	1	0	1	-108.0	0.112	0.302	NaN	NaN	0.267	0.671	NaN	NaN	8.01	23.485	NaN	NaN	0.0	"2.5"	"F0034"	1	0	"PR"	446.829	"deionize-uv"	82.828	2	1	0	1971.804	0.0	2075.222	null	2522.673	0.086
-9.0	0.03135	34875.0	2943.75	2371.875	NaN	NaN	NaN	0	1	1	0	0	0	0	0	0	0	0	0	1	0	0	0	1	1	1	0	1	1	1	0	1	-108.0	0.109	0.295	NaN	NaN	0.26	0.656	NaN	NaN	7.8	22.96	NaN	NaN	0.0	"2.5"	"F0034"	1	0	"PR"	456.866	"deionize-uv"	92.865	2	1	0	1971.804	0.0	2075.222	null	2532.71	0.087
-8.8	0.03135	35062.5	2953.125	2409.375	NaN	NaN	NaN	0	1	1	0	0	0	0	0	0	0	0	0	1	0	0	0	1	1	1	0	1	1	1	0	1	-106.0	0.11	0.299	NaN	NaN	0.262	0.664	NaN	NaN	7.86	23.24	NaN	NaN	0.0	"2.5"	"F0034"	1	0	"PR"	466.906	"deionize-uv"	102.905	2	1	0	1971.804	0.0	2075.222	null	2542.75	0.086
-9.1	0.0308	33000.0	2943.75	2418.75	NaN	NaN	NaN	0	1	1	0	0	0	0	0	0	0	0	0	1	0	0	0	1	1	1	0	1	1	1	0	1	-109.0	0.109	0.3	NaN	NaN	0.26	0.667	NaN	NaN	7.8	23.345	NaN	NaN	0.0	"2.5"	"F0034"	1	0	"PR"	476.942	"deionize-uv"	112.941	2	1	0	1971.804	0.0	2075.222	null	2552.786	0.084
-9.2	0.030525	40125.0	2943.75	2062.5	NaN	NaN	NaN	0	0	1	0	0	0	0	1	0	0	0	0	1	0	0	0	1	1	1	0	1	1	1	0	1	-110.0	0.109	0.264	NaN	NaN	0.26	0.587	NaN	NaN	7.8	20.545	NaN	NaN	0.0	"2.5"	"F0034"	1	0	"PR"	486.817	"drip-di-1"	1.714	2	1	0	1971.804	0.0	2075.222	null	2562.661	0.085
-8.4	0.0308	39375.0	2953.125	1771.875	NaN	NaN	NaN	0	0	1	0	0	0	0	1	0	0	0	0	1	0	0	0	1	1	1	0	1	1	1	0	1	-101.0	0.11	0.235	NaN	NaN	0.262	0.522	NaN	NaN	7.86	18.27	NaN	NaN	0.0	"2.5"	"F0034"	1	0	"PR"	496.857	"drip-di-1"	11.754	2	1	0	1971.804	0.0	2075.222	null	2572.701	0.084
13.1	0.0308	29250.0	2821.875	1912.5	NaN	NaN	NaN	1	0	0	0	0	1	1	0	0	0	0	0	1	1	0	0	0	1	1	1	0	1	1	1	0	157.0	0.097	0.249	NaN	NaN	0.231	0.553	NaN	NaN	6.93	19.355	NaN	NaN	0.0	"2.5"	"F0034"	1	1	"PR"	506.86	"reverse-f"	6.589	2	1	0	1971.804	0.0	2075.222	null	2582.704	0.083
12.6	0.031625	29812.5	2840.625	2193.75	NaN	NaN	NaN	1	0	0	0	0	1	1	0	0	0	0	0	1	1	0	0	0	1	1	1	0	1	1	1	0	151.0	0.099	0.277	NaN	NaN	0.236	0.616	NaN	NaN	7.08	21.56	NaN	NaN	0.0	"2.5"	"F0034"	1	1	"PR"	516.898	"reverse-f"	16.627	2	1	0	1971.804	0.0	2075.222	null	2592.742	0.083
13.0	0.033825	30000.0	2821.875	2278.125	NaN	NaN	NaN	0	0	0	0	0	1	1	0	0	0	0	0	1	0	0	0	0	1	1	1	0	1	1	1	0	156.0	0.097	0.286	NaN	NaN	0.231	0.636	NaN	NaN	6.93	22.26	NaN	NaN	0.0	"2.5"	"F0034"	1	1	"PR"	526.844	"reverse"	26.573	2	1	0	1971.804	0.0	2075.222	null	2602.688	0.084
12.6	0.036025	29625.0	2784.375	2268.75	NaN	NaN	NaN	0	0	0	0	0	1	1	0	0	0	0	0	1	0	0	0	0	1	1	1	0	1	1	1	0	151.0	0.093	0.285	NaN	NaN	0.221	0.633	NaN	NaN	6.63	22.155	NaN	NaN	0.0	"2.5"	"F0034"	1	1	"PR"	536.882	"reverse"	36.611	2	1	0	1971.804	0.0	2075.222	null	2612.726	0.086
12.5	0.038225	29812.5	2821.875	2278.125	NaN	NaN	NaN	0	0	0	0	0	1	1	0	0	0	0	0	1	0	0	0	0	1	1	1	0	1	1	1	0	150.0	0.097	0.286	NaN	NaN	0.231	0.636	NaN	NaN	6.93	22.26	NaN	NaN	0.0	"2.5"	"F0034"	1	1	"PR"	546.915	"reverse"	46.644	2	1	0	1971.804	0.0	2075.222	null	2622.759	0.084
12.6	0.039875	30375.0	2850.0	2268.75	NaN	NaN	NaN	0	0	0	0	0	1	1	0	0	0	0	0	1	0	0	0	0	1	1	1	0	1	1	1	0	151.0	0.1	0.285	NaN	NaN	0.238	0.633	NaN	NaN	7.14	22.155	NaN	NaN	0.0	"2.5"	"F0034"	1	1	"PR"	556.948	"reverse"	56.677	2	1	0	1971.804	0.0	2075.222	null	2632.792	0.084
13.0	0.040975	30000.0	2840.625	2250.0	NaN	NaN	NaN	0	0	0	0	0	1	1	0	0	0	0	0	1	0	0	0	0	1	1	1	0	1	1	1	0	156.0	0.099	0.283	NaN	NaN	0.236	0.629	NaN	NaN	7.08	22.015	NaN	NaN	0.0	"2.5"	"F0034"	1	1	"PR"	566.987	"reverse"	66.716	2	1	0	1971.804	0.0	2075.222	null	2642.831	0.085
12.8	0.0429	29625.0	2850.0	2278.125	NaN	NaN	NaN	0	0	0	0	0	1	1	0	0	0	0	0	1	0	0	0	0	1	1	1	0	1	1	1	0	154.0	0.1	0.286	NaN	NaN	0.238	0.636	NaN	NaN	7.14	22.26	NaN	NaN	0.0	"2.5"	"F0034"	1	1	"PR"	577.019	"reverse"	76.748	2	1	0	1971.804	0.0	2075.222	null	2652.863	0.084
13.3	0.044	30187.5	2793.75	2268.75	NaN	NaN	NaN	0	0	0	0	0	1	1	0	0	0	0	0	1	0	0	0	0	1	1	1	0	1	1	1	0	160.0	0.094	0.285	NaN	NaN	0.224	0.633	NaN	NaN	6.72	22.155	NaN	NaN	0.0	"2.5"	"F0034"	1	1	"PR"	587.048	"reverse"	86.777	2	1	0	1971.804	0.0	2075.222	null	2662.892	0.084
12.3	0.0451	30187.5	2859.375	2278.125	NaN	NaN	NaN	0	0	0	0	0	1	1	0	0	0	0	0	1	0	0	0	0	1	1	1	0	1	1	1	0	148.0	0.101	0.286	NaN	NaN	0.24	0.636	NaN	NaN	7.2	22.26	NaN	NaN	0.0	"2.5"	"F0034"	1	1	"PR"	596.886	"reverse"	96.615	2	1	0	1971.804	0.0	2075.222	null	2672.73	0.091
11.7	0.0462	29250.0	2821.875	2231.25	NaN	NaN	NaN	0	0	0	0	0	1	1	0	0	0	0	0	1	0	0	0	0	1	1	1	0	1	1	1	0	140.0	0.097	0.281	NaN	NaN	0.231	0.624	NaN	NaN	6.93	21.84	NaN	NaN	0.0	"2.5"	"F0034"	1	1	"PR"	606.922	"reverse"	106.651	2	1	0	1971.804	0.0	2075.222	null	2682.766	0.084
13.5	0.0462	29812.5	2821.875	2268.75	NaN	NaN	NaN	0	0	0	0	0	1	1	0	0	0	0	0	1	0	0	0	0	1	1	1	0	1	1	1	0	162.0	0.097	0.285	NaN	NaN	0.231	0.633	NaN	NaN	6.93	22.155	NaN	NaN	0.0	"2.5"	"F0034"	1	1	"PR"	616.956	"reverse"	116.685	2	1	0	1971.804	0.0	2075.222	null	2692.8	0.084
12.7	0.0473	29625.0	2840.625	2250.0	NaN	NaN	NaN	0	0	0	0	0	1	1	0	0	0	0	0	1	0	0	0	0	1	1	1	0	1	1	1	0	152.0	0.099	0.283	NaN	NaN	0.236	0.629	NaN	NaN	7.08	22.015	NaN	NaN	0.0	"2.5"	"F0034"	1	1	"PR"	626.995	"reverse"	126.724	2	1	0	1971.804	0.0	2075.222	null	2702.839	0.083
12.4	0.0473	30187.5	2831.25	2268.75	NaN	NaN	NaN	0	0	0	0	0	1	1	0	0	0	0	0	1	0	0	0	0	1	1	1	0	1	1	1	0	149.0	0.098	0.285	NaN	NaN	0.233	0.633	NaN	NaN	6.99	22.155	NaN	NaN	0.0	"2.5"	"F0034"	1	1	"PR"	637.03	"reverse"	136.759	2	1	0	1971.804	0.0	2075.222	null	2712.874	0.085
12.4	0.047025	30000.0	2793.75	2278.125	NaN	NaN	NaN	0	0	0	0	0	1	1	0	0	0	0	0	1	0	0	0	0	1	1	1	0	1	1	1	0	149.0	0.094	0.286	NaN	NaN	0.224	0.636	NaN	NaN	6.72	22.26	NaN	NaN	0.0	"2.5"	"F0034"	1	1	"PR"	647.065	"reverse"	146.794	2	1	0	1971.804	0.0	2075.222	null	2722.909	0.085
