cur	ec	mod-ps	rg-ps	di-ps	fw1-ps	fw2-ps	pf-ps	vlv-di-fill	vlv-di-in	vlv-di-out	vlv-rg-fill	vlv-rg-drain	vlv-rg-in	vlv-rg-out	vlv-fw1-in	vlv-fw1-out	vlv-fw2-in	vlv-po	vlv-mod-drain	pmp-sys	pmp-di	pmp-fw1	pmp-fw2	uv	en-anode1	en-cath1	pl-anode1	pl-cath1	en-anode2	en-cath2	pl-anode2	pl-cath2	pw	rg-he	di-he	fw1-he	fw2-he	rg-lev	di-lev	fw1-lev	fw2-lev	rg-vol	di-vol	fw1-vol	fw2-vol	pr-ec	ver	sn	mod-en	mod-pl	proc	proc-time	ph	ph-time	count	cyc	rnd	pr-last	rc-last	fr-last	halt-re	time	exec
2.4	0.04895	29812.5	2840.625	2268.75	NaN	NaN	NaN	0	0	0	0	0	1	1	0	0	0	0	0	1	0	0	0	0	0	0	0	1	0	0	0	1	29.0	0.099	0.285	NaN	NaN	0.236	0.633	NaN	NaN	7.08	22.155	NaN	NaN	0.0	"2.5"	"F0034"	0	0	"PR"	8.247	"prime"	7.43	0	0	0	0.0	0.0	0.0	null	10.035	0.088
1.3	0.048675	30000.0	2859.375	2268.75	NaN	NaN	NaN	0	0	0	0	0	1	1	0	0	0	0	0	1	0	0	0	0	0	0	0	1	0	0	0	1	16.0	0.101	0.285	NaN	NaN	0.24	0.633	NaN	NaN	7.2	22.155	NaN	NaN	0.0	"2.5"	"F0034"	0	0	"PR"	8.448	"prime"	7.631	0	0	0	0.0	0.0	0.0	null	10.236	0.087
2.5	0.049775	30000.0	2803.125	2306.25	NaN	NaN	NaN	0	0	0	0	0	1	1	0	0	0	0	0	1	0	0	0	0	0	0	0	1	0	0	0	1	30.0	0.095	0.289	NaN	NaN	0.226	0.642	NaN	NaN	6.78	22.47	NaN	NaN	0.0	"2.5"	"F0034"	0	0	"PR"	18.288	"prime"	17.471	0	0	0	0.0	0.0	0.0	null	20.076	0.087
3.3	0.049225	29437.5	2840.625	2287.5	NaN	NaN	NaN	0	0	0	0	0	1	1	0	0	0	0	0	1	0	0	0	0	0	0	0	1	0	0	0	1	40.0	0.099	0.287	NaN	NaN	0.236	0.638	NaN	NaN	7.08	22.33	NaN	NaN	0.0	"2.5"	"F0034"	0	0	"PR"	28.321	"prime"	27.504	0	0	0	0.0	0.0	0.0	null	30.109	0.094
-11.2	0.048125	33937.5	2990.625	2587.5	NaN	NaN	NaN	0	1	1	0	0	0	0	0	0	0	0	0	1	0	0	0	0	1	1	0	1	1	1	0	1	-134.0	0.114	0.317	NaN	NaN	0.271	0.704	NaN	NaN	8.13	24.64	NaN	NaN	0.0	"2.5"	"F0034"	1	0	"PR"	38.36	"deionize"	7.027	0	1	0	0.0	0.0	0.0	null	40.148	0.09
-11.3	0.0484	31500.0	2981.25	2578.125	NaN	NaN	NaN	0	1	1	0	0	0	0	0	0	0	0	0	1	0	0	0	0	1	1	0	1	1	1	0	1	-136.0	0.113	0.316	NaN	NaN	0.269	0.702	NaN	NaN	8.07	24.57	NaN	NaN	0.0	"2.5"	"F0034"	1	0	"PR"	48.391	"deionize"	17.058	0	1	0	0.0	0.0	0.0	null	50.179	0.09
-9.8	0.0462	31500.0	2981.25	2540.625	NaN	NaN	NaN	0	1	1	0	0	0	0	0	0	0	0	0	1	0	0	0	0	1	1	0	1	1	1	0	1	-118.0	0.113	0.312	NaN	NaN	0.269	0.693	NaN	NaN	8.07	24.255	NaN	NaN	0.0	"2.5"	"F0034"	1	0	"PR"	58.43	"deionize"	27.097	0	1	0	0.0	0.0	0.0	null	60.218	0.092
-12.0	0.0451	31875.0	2971.875	2550.0	NaN	NaN	NaN	0	1	1	0	0	0	0	0	0	0	0	0	1	0	0	0	0	1	1	0	1	1	1	0	1	-144.0	0.112	0.313	NaN	NaN	0.267	0.696	NaN	NaN	8.01	24.36	NaN	NaN	0.0	"2.5"	"F0034"	1	0	"PR"	68.467	"deionize"	37.134	0	1	0	0.0	0.0	0.0	null	70.255	0.084
-12.2	0.044	34125.0	2981.25	2540.625	NaN	NaN	NaN	0	1	1	0	0	0	0	0	0	0	0	0	1	0	0	0	0	1	1	0	1	1	1	0	1	-146.0	0.113	0.312	NaN	NaN	0.269	0.693	NaN	NaN	8.07	24.255	NaN	NaN	0.0	"2.5"	"F0034"	1	0	"PR"	78.502	"deionize"	47.169	0	1	0	0.0	0.0	0.0	null	80.29	0.084
-11.3	0.042075	34125.0	2990.625	2559.375	NaN	NaN	NaN	0	1	1	0	0	0	0	0	0	0	0	0	1	0	0	0	0	1	1	0	1	1	1	0	1	-136.0	0.114	0.314	NaN	NaN	0.271	0.698	NaN	NaN	8.13	24.43	NaN	NaN	0.0	"2.5"	"F0034"	1	0	"PR"	88.342	"deionize"	57.009	0	1	0	0.0	0.0	0.0	null	90.13	0.092
-11.9	0.041525	34312.5	2981.25	2634.375	NaN	NaN	NaN	0	1	1	0	0	0	0	0	0	0	0	0	1	0	0	0	0	1	1	0	1	1	1	0	1	-143.0	0.113	0.321	NaN	NaN	0.269	0.713	NaN	NaN	8.07	24.955	NaN	NaN	0.0	"2.5"	"F0034"	1	0	"PR"	98.375	"deionize"	67.042	0	1	0	0.0	0.0	0.0	null	100.163	0.09
-11.8	0.04015	31687.5	2990.625	2550.0	NaN	NaN	NaN	0	1	1	0	0	0	0	0	0	0	0	0	1	0	0	0	0	1	1	0	1	1	1	0	1	-142.0	0.114	0.313	NaN	NaN	0.271	0.696	NaN	NaN	8.13	24.36	NaN	NaN	0.0	"2.5"	"F0034"	1	0	"PR"	108.41	"deionize"	77.077	0	1	0	0.0	0.0	0.0	null	110.198	0.09
-11.3	0.038225	32062.5	2981.25	2540.625	NaN	NaN	NaN	0	1	1	0	0	0	0	0	0	0	0	0	1	0	0	0	0	1	1	0	1	1	1	0	1	-136.0	0.113	0.312	NaN	NaN	0.269	0.693	NaN	NaN	8.07	24.255	NaN	NaN	0.0	"2.5"	"F0034"	1	0	"PR"	118.451	"deionize"	87.118	0	1	0	0.0	0.0	0.0	null	120.239	0.091
-11.2	0.03795	34125.0	2990.625	2475.0	NaN	NaN	NaN	0	1	1	0	0	0	0	0	0	0	0	0	1	0	0	0	0	1	1	0	1	1	1	0	1	-134.0	0.114	0.305	NaN	NaN	0.271	0.678	NaN	NaN	8.13	23.73	NaN	NaN	0.0	"2.5"	"F0034"	1	0	"PR"	128.484	"deionize"	97.151	0	1	0	0.0	0.0	0.0	null	130.272	0.087
-11.2	0.037125	34312.5	2981.25	2475.0	NaN	NaN	NaN	0	1	1	0	0	0	0	0	0	0	0	0	1	0	0	0	0	1	1	0	1	1	1	0	1	-134.0	0.113	0.305	NaN	NaN	0.269	0.678	NaN	NaN	8.07	23.73	NaN	NaN	0.0	"2.5"	"F0034"	1	0	"PR"	138.523	"deionize"	107.19	0	1	0	0.0	0.0	0.0	null	140.311	0.09
-10.8	0.036025	34875.0	3000.0	2493.75	NaN	NaN	NaN	0	1	1	0	0	0	0	0	0	0	0	0	1	0	0	0	0	1	1	0	1	1	1	0	1	-130.0	0.115	0.307	NaN	NaN	0.274	0.682	NaN	NaN	8.22	23.87	NaN	NaN	0.0	"2.5"	"F0034"	1	0	"PR"	148.559	"deionize"	117.226	0	1	0	0.0	0.0	0.0	null	150.347	0.093
-10.6	0.035475	33375.0	2981.25	2484.375	NaN	NaN	NaN	0	1	1	0	0	0	0	0	0	0	0	0	1	0	0	0	0	1	1	0	1	1	1	0	1	-127.0	0.113	0.306	NaN	NaN	0.269	0.68	NaN	NaN	8.07	23.8	NaN	NaN	0.0	"2.5"	"F0034"	1	0	"PR"	158.595	"deionize"	127.262	0	1	0	0.0	0.0	0.0	null	160.383	0.086
-11.0	0.0352	31500.0	2990.625	2512.5	NaN	NaN	NaN	0	1	1	0	0	0	0	0	0	0	0	0	1	0	0	0	0	1	1	0	1	1	1	0	1	-132.0	0.114	0.309	NaN	NaN	0.271	0.687	NaN	NaN	8.13	24.045	NaN	NaN	0.0	"2.5"	"F0034"	1	0	"PR"	168.434	"deionize"	137.101	0	1	0	0.0	0.0	0.0	null	170.222	0.092
-10.4	0.034375	31687.5	2981.25	2540.625	NaN	NaN	NaN	0	1	1	0	0	0	0	0	0	0	0	0	1	0	0	0	0	1	1	0	1	1	1	0	1	-125.0	0.113	0.312	NaN	NaN	0.269	0.693	NaN	NaN	8.07	24.255	NaN	NaN	0.0	"2.5"	"F0034"	1	0	"PR"	178.47	"deionize"	147.137	0	1	0	0.0	0.0	0.0	null	180.258	0.09
-9.8	0.0341	34125.0	2962.5	2418.75	NaN	NaN	NaN	0	1	1	0	0	0	0	0	0	0	0	0	1	0	0	0	0	1	1	0	1	1	1	0	1	-118.0	0.111	0.3	NaN	NaN	0.264	0.667	NaN	NaN	7.92	23.345	NaN	NaN	0.0	"2.5"	"F0034"	1	0	"PR"	188.504	"deionize"	157.171	0	1	0	0.0	0.0	0.0	null	190.292	0.09
-9.7	0.033825	34312.5	2981.25	2484.375	NaN	NaN	NaN	0	1	1	0	0	0	0	0	0	0	0	0	1	0	0	0	0	1	1	0	1	1	1	0	1	-116.0	0.113	0.306	NaN	NaN	0.269	0.68	NaN	NaN	8.07	23.8	NaN	NaN	0.0	"2.5"	"F0034"	1	0	"PR"	198.541	"deionize"	167.208	0	1	0	0.0	0.0	0.0	null	200.329	0.092
-9.8	0.033275	32812.5	2981.25	2437.5	NaN	NaN	NaN	0	1	1	0	0	0	0	0	0	0	0	0	1	0	0	0	0	1	1	0	1	1	1	0	1	-118.0	0.113	0.302	NaN	NaN	0.269	0.671	NaN	NaN	8.07	23.485	NaN	NaN	0.0	"2.5"	"F0034"	1	0	"PR"	208.576	"deionize"	177.243	0	1	0	0.0	0.0	0.0	null	210.364	0.09
-9.6	0.03245	32625.0	2990.625	2418.75	NaN	NaN	NaN	0	1	1	0	0	0	0	0	0	0	0	0	1	0	0	0	0	1	1	0	1	1	1	0	1	-115.0	0.114	0.3	NaN	NaN	0.271	0.667	NaN	NaN	8.13	23.345	NaN	NaN	0.0	"2.5"	"F0034"	1	0	"PR"	218.611	"deionize"	187.278	0	1	0	0.0	0.0	0.0	null	220.399	0.09
-8.7	0.0319	32250.0	2981.25	2437.5	NaN	NaN	NaN	0	1	1	0	0	0	0	0	0	0	0	0	1	0	0	0	0	1	1	0	1	1	1	0	1	-104.0	0.113	0.302	NaN	NaN	0.269	0.671	NaN	NaN	8.07	23.485	NaN	NaN	0.0	"2.5"	"F0034"	1	0	"PR"	228.649	"deionize"	197.316	0	1	0	0.0	0.0	0.0	null	230.437	0.091
-9.3	0.032175	34125.0	2971.875	2465.625	NaN	NaN	NaN	0	1	1	0	0	0	0	0	0	0	0	0	1	0	0	0	0	1	1	0	1	1	1	0	1	-112.0	0.112	0.305	NaN	NaN	0.267	0.678	NaN	NaN	8.01	23.73	NaN	NaN	0.0	"2.5"	"F0034"	1	0	"PR"	238.682	"deionize"	207.349	0	1	0	0.0	0.0	0.0	null	240.47	0.09
-8.9	0.031625	33187.5	2981.25	2465.625	NaN	NaN	NaN	0	1	1	0	0	0	0	0	0	0	0	0	1	0	0	0	0	1	1	0	1	1	1	0	1	-107.0	0.113	0.305	NaN	NaN	0.269	0.678	NaN	NaN	8.07	23.73	NaN	NaN	0.0	"2.5"	"F0034"	1	0	"PR"	248.517	"deionize"	217.184	0	1	0	0.0	0.0	0.0	null	250.305	0.087
-8.4	0.03135	32812.5	2990.625	2428.125	NaN	NaN	NaN	0	1	1	0	0	0	0	0	0	0	0	0	1	0	0	0	0	1	1	0	1	1	1	0	1	-101.0	0.114	0.301	NaN	NaN	0.271	0.669	NaN	NaN	8.13	23.415	NaN	NaN	0.0	"2.5"	"F0034"	1	0	"PR"	258.555	"deionize"	227.222	0	1	0	0.0	0.0	0.0	null	260.343	0.087
-9.3	0.03135	33562.5	2971.875	2428.125	NaN	NaN	NaN	0	1	1	0	0	0	0	0	0	0	0	0	1	0	0	0	0	1	1	0	1	1	1	0	1	-112.0	0.112	0.301	NaN	NaN	0.267	0.669	NaN	NaN	8.01	23.415	NaN	NaN	0.0	"2.5"	"F0034"	1	0	"PR"	268.587	"deionize"	237.254	0	1	0	0.0	0.0	0.0	null	270.375	0.086
-8.8	0.031075	31687.5	2981.25	2456.25	NaN	NaN	NaN	0	1	1	0	0	0	0	0	0	0	0	0	1	0	0	0	1	1	1	0	1	1	1	0	1	-106.0	0.113	0.304	NaN	NaN	0.269	0.676	NaN	NaN	8.07	23.66	NaN	NaN	0.0	"2.5"	"F0034"	1	0	"PR"	278.532	"deionize-uv"	7.136	0	1	0	0.0	0.0	0.0	null	280.32	0.088
-9.0	0.030525	33000.0	2990.625	2437.5	NaN	NaN	NaN	0	1	1	0	0	0	0	0	0	0	0	0	1	0	0	0	1	1	1	0	1	1	1	0	1	-108.0	0.114	0.302	NaN	NaN	0.271	0.671	NaN	NaN	8.13	23.485	NaN	NaN	0.0	"2.5"	"F0034"	1	0	"PR"	288.571	"deionize-uv"	17.175	0	1	0	0.0	0.0	0.0	null	290.359	0.083
-8.0	0.029975	32625.0	2971.875	2437.5	NaN	NaN	NaN	0	1	1	0	0	0	0	0	0	0	0	0	1	0	0	0	1	1	1	0	1	1	1	0	1	-96.0	0.112	0.302	NaN	NaN	0.267	0.671	NaN	NaN	8.01	23.485	NaN	NaN	0.0	"2.5"	"F0034"	1	0	"PR"	298.609	"deionize-uv"	27.213	0	1	0	0.0	0.0	0.0	null	300.397	0.086
-6.9	0.0297	32437.5	2990.625	2465.625	NaN	NaN	NaN	0	1	1	0	0	0	0	0	0	0	0	0	1	0	0	0	1	1	1	0	1	1	1	0	1	-83.0	0.114	0.305	NaN	NaN	0.271	0.678	NaN	NaN	8.13	23.73	NaN	NaN	0.0	"2.5"	"F0034"	1	0	"PR"	308.649	"deionize-uv"	37.253	0	1	0	0.0	0.0	0.0	null	310.437	0.087
-8.7	0.03025	34125.0	2981.25	2343.75	NaN	NaN	NaN	0	1	1	0	0	0	0	0	0	0	0	0	1	0	0	0	1	1	1	0	1	1	1	0	1	-104.0	0.113	0.292	NaN	NaN	0.269	0.649	NaN	NaN	8.07	22.715	NaN	NaN	0.0	"2.5"	"F0034"	1	0	"PR"	318.684	"deionize-uv"	47.288	0	1	0	0.0	0.0	0.0	null	320.472	0.086
-10.3	0.0297	33750.0	2981.25	2465.625	NaN	NaN	NaN	0	1	1	0	0	0	0	0	0	0	0	0	1	0	0	0	1	1	1	0	1	1	1	0	1	-124.0	0.113	0.305	NaN	NaN	0.269	0.678	NaN	NaN	8.07	23.73	NaN	NaN	0.0	"2.5"	"F0034"	1	0	"PR"	328.724	"deionize-uv"	57.328	0	1	0	0.0	0.0	0.0	null	330.512	0.091
-7.8	0.02915	34687.5	2981.25	2456.25	NaN	NaN	NaN	0	1	1	0	0	0	0	0	0	0	0	0	1	0	0	0	1	1	1	0	1	1	1	0	1	-94.0	0.113	0.304	NaN	NaN	0.269	0.676	NaN	NaN	8.07	23.66	NaN	NaN	0.0	"2.5"	"F0034"	1	0	"PR"	338.764	"deionize-uv"	67.368	0	1	0	0.0	0.0	0.0	null	340.552	0.09
-8.6	0.02915	32625.0	2981.25	2437.5	NaN	NaN	NaN	0	1	1	0	0	0	0	0	0	0	0	0	1	0	0	0	1	1	1	0	1	1	1	0	1	-103.0	0.113	0.302	NaN	NaN	0.269	0.671	NaN	NaN	8.07	23.485	NaN	NaN	0.0	"2.5"	"F0034"	1	0	"PR"	348.798	"deionize-uv"	77.402	0	1	0	0.0	0.0	0.0	null	350.586	0.089
-7.8	0.028325	30562.5	2981.25	2400.0	NaN	NaN	NaN	0	1	1	0	0	0	0	0	0	0	0	0	1	0	0	0	1	1	1	0	1	1	1	0	1	-94.0	0.113	0.298	NaN	NaN	0.269	0.662	NaN	NaN	8.07	23.17	NaN	NaN	0.0	"2.5"	"F0034"	1	0	"PR"	358.635	"deionize-uv"	87.239	0	1	0	0.0	0.0	0.0	null	360.423	0.09
-9.1	0.028325	33000.0	2981.25	2465.625	NaN	NaN	NaN	0	1	1	0	0	0	0	0	0	0	0	0	1	0	0	0	1	1	1	0	1	1	1	0	1	-109.0	0.113	0.305	NaN	NaN	0.269	0.678	NaN	NaN	8.07	23.73	NaN	NaN	0.0	"2.5"	"F0034"	1	0	"PR"	368.672	"deionize-uv"	97.276	0	1	0	0.0	0.0	0.0	null	370.46	0.083
-8.7	0.02805	32625.0	2981.25	2484.375	NaN	NaN	NaN	0	1	1	0	0	0	0	0	0	0	0	0	1	0	0	0	1	1	1	0	1	1	1	0	1	-104.0	0.113	0.306	NaN	NaN	0.269	0.68	NaN	NaN	8.07	23.8	NaN	NaN	0.0	"2.5"	"F0034"	1	0	"PR"	378.71	"deionize-uv"	107.314	0	1	0	0.0	0.0	0.0	null	380.498	0.083
-7.8	0.02805	34687.5	2981.25	2475.0	NaN	NaN	NaN	0	1	1	0	0	0	0	0	0	0	0	0	1	0	0	0	1	1	1	0	1	1	1	0	1	-94.0	0.113	0.305	NaN	NaN	0.269	0.678	NaN	NaN	8.07	23.73	NaN	NaN	0.0	"2.5"	"F0034"	1	0	"PR"	388.746	"deionize-uv"	117.35	0	1	0	0.0	0.0	0.0	null	390.534	0.086
-9.4	0.027225	34687.5	2990.625	1931.25	NaN	NaN	NaN	0	0	1	0	0	0	0	1	0	0	0	0	1	0	0	0	1	1	1	0	1	1	1	0	1	-113.0	0.114	0.251	NaN	NaN	0.271	0.558	NaN	NaN	8.13	19.53	NaN	NaN	0.0	"2.5"	"F0034"	1	0	"PR"	398.824	"drip-di-1"	6.337	0	1	0	0.0	0.0	0.0	null	400.612	0.087
13.0	0.0275	29062.5	2925.0	1706.25	NaN	NaN	NaN	1	0	0	0	0	1	1	0	0	0	0	0	1	1	0	0	0	1	1	1	0	1	1	1	0	156.0	0.107	0.229	NaN	NaN	0.255	0.509	NaN	NaN	7.65	17.815	NaN	NaN	0.0	"2.5"	"F0034"	1	1	"PR"	408.827	"reverse-f"	1.169	0	1	0	0.0	0.0	0.0	null	410.615	0.087
12.2	0.02805	30000.0	2850.0	2006.25	NaN	NaN	NaN	1	0	0	0	0	1	1	0	0	0	0	0	1	1	0	0	0	1	1	1	0	1	1	1	0	146.0	0.1	0.259	NaN	NaN	0.238	0.576	NaN	NaN	7.14	20.16	NaN	NaN	0.0	"2.5"	"F0034"	1	1	"PR"	418.662	"reverse-f"	11.004	0	1	0	0.0	0.0	0.0	null	420.45	0.084
12.6	0.03025	29437.5	2850.0	2259.375	NaN	NaN	NaN	0	0	0	0	0	1	1	0	0	0	0	0	1	0	0	0	0	1	1	1	0	1	1	1	0	151.0	0.1	0.284	NaN	NaN	0.238	0.631	NaN	NaN	7.14	22.085	NaN	NaN	0.0	"2.5"	"F0034"	1	1	"PR"	428.804	"reverse"	21.146	0	1	0	0.0	0.0	0.0	null	430.592	0.084
12.7	0.033	30375.0	2859.375	2240.625	NaN	NaN	NaN	0	0	0	0	0	1	1	0	0	0	0	0	1	0	0	0	0	1	1	1	0	1	1	1	0	152.0	0.101	0.282	NaN	NaN	0.24	0.627	NaN	NaN	7.2	21.945	NaN	NaN	0.0	"2.5"	"F0034"	1	1	"PR"	438.84	"reverse"	31.182	0	1	0	0.0	0.0	0.0	null	440.628	0.088
12.4	0.0363	30000.0	2821.875	2278.125	NaN	NaN	NaN	0	0	0	0	0	1	1	0	0	0	0	0	1	0	0	0	0	1	1	1	0	1	1	1	0	149.0	0.097	0.286	NaN	NaN	0.231	0.636	NaN	NaN	6.93	22.26	NaN	NaN	0.0	"2.5"	"F0034"	1	1	"PR"	448.877	"reverse"	41.219	0	1	0	0.0	0.0	0.0	null	450.665	0.086
15.9	0.038225	29250.0	2840.625	2259.375	NaN	NaN	NaN	0	0	0	0	0	1	1	0	0	0	0	0	1	0	0	0	0	1	1	1	0	1	1	1	0	191.0	0.099	0.284	NaN	NaN	0.236	0.631	NaN	NaN	7.08	22.085	NaN	NaN	0.0	"2.5"	"F0034"	1	1	"PR"	458.714	"reverse"	51.056	0	1	0	0.0	0.0	0.0	null	460.502	0.084
12.1	0.04015	29625.0	2859.375	2250.0	NaN	NaN	NaN	0	0	0	0	0	1	1	0	0	0	0	0	1	0	0	0	0	1	1	1	0	1	1	1	0	145.0	0.101	0.283	NaN	NaN	0.24	0.629	NaN	NaN	7.2	22.015	NaN	NaN	0.0	"2.5"	"F0034"	1	1	"PR"	468.752	"reverse"	61.094	0	1	0	0.0	0.0	0.0	null	470.54	0.084
11.9	0.04235	30000.0	2821.875	2259.375	NaN	NaN	NaN	0	0	0	0	0	1	1	0	0	0	0	0	1	0	0	0	0	1	1	1	0	1	1	1	0	143.0	0.097	0.284	NaN	NaN	0.231	0.631	NaN	NaN	6.93	22.085	NaN	NaN	0.0	"2.5"	"F0034"	1	1	"PR"	478.786	"reverse"	71.128	0	1	0	0.0	0.0	0.0	null	480.574	0.086
12.4	0.044275	29625.0	2850.0	2268.75	NaN	NaN	NaN	0	0	0	0	0	1	1	0	0	0	0	0	1	0	0	0	0	1	1	1	0	1	1	1	0	149.0	0.1	0.285	NaN	NaN	0.238	0.633	NaN	NaN	7.14	22.155	NaN	NaN	0.0	"2.5"	"F0034"	1	1	"PR"	488.826	"reverse"	81.168	0	1	0	0.0	0.0	0.0	null	490.614	0.084
12.3	0.04565	30000.0	2784.375	2278.125	NaN	NaN	NaN	0	0	0	0	0	1	1	0	0	0	0	0	1	0	0	0	0	1	1	1	0	1	1	1	0	148.0	0.093	0.286	NaN	NaN	0.221	0.636	NaN	NaN	6.63	22.26	NaN	NaN	0.0	"2.5"	"F0034"	1	1	"PR"	498.864	"reverse"	91.206	0	1	0	0.0	0.0	0.0	null	500.652	0.083
12.6	0.0473	30000.0	2840.625	2268.75	NaN	NaN	NaN	0	0	0	0	0	1	1	0	0	0	0	0	1	0	0	0	0	1	1	1	0	1	1	1	0	151.0	0.099	0.285	NaN	NaN	0.236	0.633	NaN	NaN	7.08	22.155	NaN	NaN	0.0	"2.5"	"F0034"	1	1	"PR"	508.899	"reverse"	101.241	0	1	0	0.0	0.0	0.0	null	510.687	0.083
16.3	0.0473	30187.5	2831.25	2259.375	NaN	NaN	NaN	0	0	0	0	0	1	1	0	0	0	0	0	1	0	0	0	0	1	1	1	0	1	1	1	0	196.0	0.098	0.284	NaN	NaN	0.233	0.631	NaN	NaN	6.99	22.085	NaN	NaN	0.0	"2.5"	"F0034"	1	1	"PR"	518.94	"reverse"	111.282	0	1	0	0.0	0.0	0.0	null	520.728	0.089
12.1	0.048675	29250.0	2831.25	2240.625	NaN	NaN	NaN	0	0	0	0	0	1	1	0	0	0	0	0	1	0	0	0	0	1	1	1	0	1	1	1	0	145.0	0.098	0.282	NaN	NaN	0.233	0.627	NaN	NaN	6.99	21.945	NaN	NaN	0.0	"2.5"	"F0034"	1	1	"PR"	528.976	"reverse"	121.318	0	1	0	0.0	0.0	0.0	null	530.764	0.084
13.0	0.049775	30187.5	2821.875	2240.625	NaN	NaN	NaN	0	0	0	0	0	1	1	0	0	0	0	0	1	0	0	0	0	1	1	1	0	1	1	1	0	156.0	0.097	0.282	NaN	NaN	0.231	0.627	NaN	NaN	6.93	21.945	NaN	NaN	0.0	"2.5"	"F0034"	1	1	"PR"	538.818	"reverse"	131.16	0	1	0	0.0	0.0	0.0	null	540.606	0.094
13.1	0.049775	30187.5	2831.25	2259.375	NaN	NaN	NaN	0	0	0	0	0	1	1	0	0	0	0	0	1	0	0	0	0	1	1	1	0	1	1	1	0	157.0	0.098	0.284	NaN	NaN	0.233	0.631	NaN	NaN	6.99	22.085	NaN	NaN	0.0	"2.5"	"F0034"	1	1	"PR"	548.853	"reverse"	141.195	0	1	0	0.0	0.0	0.0	null	550.641	0.084
4.3	0.0517	-1687.5	2990.625	2259.375	NaN	NaN	NaN	0	0	0	0	0	0	0	0	0	0	0	0	0	0	0	0	0	0	0	0	1	0	0	0	1	52.0	0.114	0.284	NaN	NaN	0.271	0.631	NaN	NaN	8.13	22.085	NaN	NaN	0.0	"2.5"	"F0034"	0	0	"PR"	558.985	"diffuse"	1.294	0	1	1	0.0	0.0	0.0	null	560.773	0.083
4.3	0.05115	1500.0	3018.75	2268.75	NaN	NaN	NaN	0	0	0	0	0	0	0	0	0	0	0	0	0	0	0	0	0	0	0	0	1	0	0	0	1	52.0	0.117	0.285	NaN	NaN	0.279	0.633	NaN	NaN	8.37	22.155	NaN	NaN	0.0	"2.5"	"F0034"	0	0	"PR"	569.019	"diffuse"	11.328	0	1	1	0.0	0.0	0.0	null	570.807	0.086
4.2	0.050875	1312.5	3009.375	2268.75	NaN	NaN	NaN	0	0	0	0	0	0	0	0	0	0	0	0	0	0	0	0	0	0	0	0	1	0	0	0	1	50.0	0.116	0.285	NaN	NaN	0.276	0.633	NaN	NaN	8.28	22.155	NaN	NaN	0.0	"2.5"	"F0034"	0	0	"PR"	578.852	"diffuse"	21.161	0	1	1	0.0	0.0	0.0	null	580.64	0.09
11.2	0.05115	17062.5	2878.125	2268.75	NaN	NaN	NaN	0	0	0	0	0	1	1	0	0	0	0	0	1	0	0	0	0	1	1	1	0	1	1	1	0	134.0	0.103	0.285	NaN	NaN	0.245	0.633	NaN	NaN	7.35	22.155	NaN	NaN	0.0	"2.5"	"F0034"	1	1	"PR"	588.984	"wash-en"	1.096	0	1	1	0.0	0.0	0.0	null	590.772	0.083
12.3	0.0517	29625.0	2812.5	2250.0	NaN	NaN	NaN	0	0	0	0	0	1	1	0	0	0	0	0	1	0	0	0	0	1	1	1	0	1	1	1	0	148.0	0.096	0.283	NaN	NaN	0.229	0.629	NaN	NaN	6.87	22.015	NaN	NaN	0.0	"2.5"	"F0034"	1	1	"PR"	599.022	"wash-en"	11.134	0	1	1	0.0	0.0	0.0	null	600.81	0.087
2.8	0.052525	29812.5	2859.375	2250.0	NaN	NaN	NaN	0	0	0	0	0	1	1	0	0	0	0	0	1	0	0	0	0	0	0	0	1	0	0	0	1	34.0	0.101	0.283	NaN	NaN	0.24	0.629	NaN	NaN	7.2	22.015	NaN	NaN	0.0	"2.5"	"F0034"	0	0	"PR"	608.949	"wash-sc"	0.89	0	1	1	0.0	0.0	0.0	null	610.737	0.092
3.2	0.0528	937.5	3018.75	2268.75	NaN	NaN	NaN	0	0	0	0	0	0	0	0	0	0	0	0	0	0	0	0	0	0	0	0	1	0	0	0	1	38.0	0.117	0.285	NaN	NaN	0.279	0.633	NaN	NaN	8.37	22.155	NaN	NaN	0.0	"2.5"	"F0034"	0	0	"PR"	618.983	"diffuse"	0.803	0	1	2	0.0	0.0	0.0	null	620.771	0.083
3.5	0.053075	1312.5	3000.0	2259.375	NaN	NaN	NaN	0	0	0	0	0	0	0	0	0	0	0	0	0	0	0	0	0	0	0	0	1	0	0	0	1	42.0	0.115	0.284	NaN	NaN	0.274	0.631	NaN	NaN	8.22	22.085	NaN	NaN	0.0	"2.5"	"F0034"	0	0	"PR"	629.021	"diffuse"	10.841	0	1	2	0.0	0.0	0.0	null	630.809	0.087
3.8	0.053075	1500.0	3009.375	2278.125	NaN	NaN	NaN	0	0	0	0	0	0	0	0	0	0	0	0	0	0	0	0	0	0	0	0	1	0	0	0	1	46.0	0.116	0.286	NaN	NaN	0.276	0.636	NaN	NaN	8.28	22.26	NaN	NaN	0.0	"2.5"	"F0034"	0	0	"PR"	639.062	"diffuse"	20.882	0	1	2	0.0	0.0	0.0	null	640.85	0.084
12.4	0.0528	6562.5	2634.375	2268.75	NaN	NaN	NaN	0	0	0	0	0	1	1	0	0	0	0	0	1	0	0	0	0	1	1	1	0	1	1	1	0	149.0	0.078	0.285	NaN	NaN	0.186	0.633	NaN	NaN	5.58	22.155	NaN	NaN	0.0	"2.5"	"F0034"	1	1	"PR"	648.987	"wash-en"	0.694	0	1	2	0.0	0.0	0.0	null	650.775	0.083
11.6	0.052525	28125.0	2868.75	2212.5	NaN	NaN	NaN	0	0	0	0	0	1	1	0	0	0	0	0	1	0	0	0	0	1	1	1	0	1	1	1	0	139.0	0.102	0.279	NaN	NaN	0.243	0.62	NaN	NaN	7.29	21.7	NaN	NaN	0.0	"2.5"	"F0034"	1	1	"PR"	659.03	"wash-en"	10.737	0	1	2	0.0	0.0	0.0	null	660.818	0.095
2.3	0.054175	30000.0	2868.75	2268.75	NaN	NaN	NaN	0	0	0	0	0	1	1	0	0	0	0	0	1	0	0	0	0	0	0	0	1	0	0	0	1	28.0	0.102	0.285	NaN	NaN	0.243	0.633	NaN	NaN	7.29	22.155	NaN	NaN	0.0	"2.5"	"F0034"	0	0	"PR"	668.957	"wash-sc"	0.491	0	1	2	0.0	0.0	0.0	null	670.745	0.29
2.7	0.053625	12937.5	3121.875	2259.375	NaN	NaN	NaN	0	0	0	0	0	0	0	0	0	0	0	0	0	0	0	0	0	0	0	0	1	0	0	0	1	32.0	0.127	0.284	NaN	NaN	0.302	0.631	NaN	NaN	9.06	22.085	NaN	NaN	0.0	"2.5"	"F0034"	0	0	"PR"	678.989	"diffuse"	0.401	0	1	3	0.0	0.0	0.0	null	680.777	0.145
3.1	0.053625	1125.0	3000.0	2259.375	NaN	NaN	NaN	0	0	0	0	0	0	0	0	0	0	0	0	0	0	0	0	0	0	0	0	1	0	0	0	1	37.0	0.115	0.284	NaN	NaN	0.274	0.631	NaN	NaN	8.22	22.085	NaN	NaN	0.0	"2.5"	"F0034"	0	0	"PR"	689.026	"diffuse"	10.438	0	1	3	0.0	0.0	0.0	null	690.814	0.096
1.3	0.053625	1312.5	3000.0	2268.75	NaN	NaN	NaN	0	0	0	0	0	0	0	0	0	0	0	0	0	0	0	0	0	0	0	0	1	0	0	0	1	16.0	0.115	0.285	NaN	NaN	0.274	0.633	NaN	NaN	8.22	22.155	NaN	NaN	0.0	"2.5"	"F0034"	0	0	"PR"	699.064	"diffuse"	20.476	0	1	3	0.0	0.0	0.0	null	700.852	0.087
3.1	0.0539	1125.0	3028.125	2278.125	NaN	NaN	NaN	0	0	0	0	0	1	1	0	0	0	0	0	1	0	0	0	0	1	1	1	0	1	1	1	0	37.0	0.118	0.286	NaN	NaN	0.281	0.636	NaN	NaN	8.43	22.26	NaN	NaN	0.0	"2.5"	"F0034"	1	1	"PR"	708.901	"wash-en"	0.201	0	1	3	0.0	0.0	0.0	null	710.689	0.092
11.9	0.053075	30000.0	2868.75	2250.0	NaN	NaN	NaN	0	0	0	0	0	1	1	0	0	0	0	0	1	0	0	0	0	1	1	1	0	1	1	1	0	143.0	0.102	0.283	NaN	NaN	0.243	0.629	NaN	NaN	7.29	22.015	NaN	NaN	0.0	"2.5"	"F0034"	1	1	"PR"	719.032	"wash-en"	10.332	0	1	3	0.0	0.0	0.0	null	720.82	0.096
12.1	0.053625	29250.0	2840.625	2259.375	NaN	NaN	NaN	0	0	0	0	0	1	1	0	0	0	0	0	1	0	0	0	0	0	0	0	1	0	0	0	1	145.0	0.099	0.284	NaN	NaN	0.236	0.631	NaN	NaN	7.08	22.085	NaN	NaN	0.0	"2.5"	"F0034"	0	0	"PR"	729.07	"wash-sc"	0.201	0	1	3	0.0	0.0	0.0	null	730.858	0.093
2.5	0.053075	30000.0	2868.75	2259.375	NaN	NaN	NaN	0	0	0	0	0	0	0	0	0	0	0	0	0	0	0	0	0	0	0	0	1	0	0	0	1	30.0	0.102	0.284	NaN	NaN	0.243	0.631	NaN	NaN	7.29	22.085	NaN	NaN	0.0	"2.5"	"F0034"	0	0	"PR"	739.197	"diffuse"	0.201	0	1	4	0.0	0.0	0.0	null	740.985	0.093
2.6	0.053625	1875.0	3000.0	2268.75	NaN	NaN	NaN	0	0	0	0	0	0	0	0	0	0	0	0	0	0	0	0	0	0	0	0	1	0	0	0	1	31.0	0.115	0.285	NaN	NaN	0.274	0.633	NaN	NaN	8.22	22.155	NaN	NaN	0.0	"2.5"	"F0034"	0	0	"PR"	749.038	"diffuse"	10.042	0	1	4	0.0	0.0	0.0	null	750.826	0.092
2.2	0.054175	2250.0	3009.375	2268.75	NaN	NaN	NaN	0	0	0	0	0	0	0	0	0	0	0	0	0	0	0	0	0	0	0	0	1	0	0	0	1	26.0	0.116	0.285	NaN	NaN	0.276	0.633	NaN	NaN	8.28	22.155	NaN	NaN	0.0	"2.5"	"F0034"	0	0	"PR"	759.076	"diffuse"	20.08	0	1	4	0.0	0.0	0.0	null	760.864	0.09
2.5	0.05445	1687.5	3018.75	2250.0	NaN	NaN	NaN	0	0	0	0	0	0	0	0	0	0	0	0	0	0	0	0	0	0	0	0	1	0	0	0	1	30.0	0.117	0.283	NaN	NaN	0.279	0.629	NaN	NaN	8.37	22.015	NaN	NaN	0.0	"2.5"	"F0034"	0	0	"PR"	769.109	"diffuse"	30.113	0	1	4	0.0	0.0	0.0	null	770.897	0.09
11.2	0.053625	30375.0	2821.875	2278.125	NaN	NaN	NaN	0	0	0	0	0	1	1	0	0	0	0	0	1	0	0	0	0	1	1	1	0	1	1	1	0	134.0	0.097	0.286	NaN	NaN	0.231	0.636	NaN	NaN	6.93	22.26	NaN	NaN	0.0	"2.5"	"F0034"	1	1	"PR"	779.037	"wash-en"	9.928	0	1	4	0.0	0.0	0.0	null	780.825	0.086
12.6	0.05335	30000.0	2859.375	2259.375	NaN	NaN	NaN	0	0	0	0	0	1	1	0	0	0	0	0	1	0	0	0	0	1	1	1	0	1	1	1	0	151.0	0.101	0.284	NaN	NaN	0.24	0.631	NaN	NaN	7.2	22.085	NaN	NaN	0.0	"2.5"	"F0034"	1	1	"PR"	789.075	"wash-en"	19.966	0	1	4	0.0	0.0	0.0	null	790.863	0.086
1.9	0.0539	30000.0	2821.875	2268.75	NaN	NaN	NaN	0	0	0	0	0	1	1	0	0	0	0	0	1	0	0	0	0	0	0	0	1	0	0	0	1	23.0	0.097	0.285	NaN	NaN	0.231	0.633	NaN	NaN	6.93	22.155	NaN	NaN	0.0	"2.5"	"F0034"	0	0	"PR"	799.197	"wash-sc"	9.922	0	1	4	0.0	0.0	0.0	null	800.985	0.09
2.1	0.05445	750.0	2437.5	2268.75	NaN	NaN	NaN	0	0	0	0	1	0	0	0	0	0	0	0	0	0	0	0	0	0	0	0	1	0	0	0	1	25.0	0.059	0.285	NaN	NaN	0.14	0.633	NaN	NaN	4.2	22.155	NaN	NaN	0.0	"2.5"	"F0034"	0	0	"PR"	809.235	"drain-rg"	9.837	0	1	4	0.0	0.0	0.0	null	811.023	0.092
2.0	0.054175	-187.5	2090.625	2259.375	NaN	NaN	NaN	0	0	0	0	1	0	0	0	0	0	0	0	0	0	0	0	0	0	0	0	1	0	0	0	1	24.0	0.024	0.284	NaN	NaN	0.057	0.631	NaN	NaN	1.71	22.085	NaN	NaN	0.0	"2.5"	"F0034"	0	0	"PR"	819.273	"drain-rg"	19.875	0	1	4	0.0	0.0	0.0	null	821.061	0.086
2.6	0.053625	-375.0	1725.0	2278.125	NaN	NaN	NaN	0	0	0	0	1	0	0	0	0	0	0	0	0	0	0	0	0	0	0	0	1	0	0	0	1	31.0	-0.013	0.286	NaN	NaN	-0.031	0.636	NaN	NaN	-0.93	22.26	NaN	NaN	0.0	"2.5"	"F0034"	0	0	"PR"	829.11	"drip-rg"	2.207	0	1	4	0.0	0.0	0.0	null	830.898	0.084
1.8	0.054175	-1500.0	0.0	2259.375	NaN	NaN	NaN	0	0	0	0	1	0	0	0	0	0	0	0	0	0	0	0	0	0	0	0	1	0	0	0	1	22.0	-0.185	0.284	NaN	NaN	-0.44	0.631	NaN	NaN	-13.2	22.085	NaN	NaN	0.0	"2.5"	"F0034"	0	0	"PR"	839.148	"drip-rg"	12.245	0	1	4	0.0	0.0	0.0	null	840.936	0.087
2.1	0.054175	30187.5	1771.875	2118.75	NaN	NaN	NaN	0	0	1	0	0	1	0	0	0	0	0	0	1	0	0	0	0	0	0	0	1	0	0	0	1	25.0	-0.008	0.27	NaN	NaN	-0.019	0.6	NaN	NaN	-0.57	21.0	NaN	NaN	0.0	"2.5"	"F0034"	0	0	"FR"	6.443	"fill-rg-di"	6.242	1	1	0	843.948	0.0	0.0	null	851.024	0.093
1.8	0.05225	28125.0	2156.25	1875.0	NaN	NaN	NaN	0	0	1	0	0	1	0	0	0	0	0	0	1	0	0	0	0	0	0	0	1	0	0	0	1	22.0	0.031	0.245	NaN	NaN	0.074	0.544	NaN	NaN	2.22	19.04	NaN	NaN	0.0	"2.5"	"F0034"	0	0	"FR"	16.478	"fill-rg-di"	16.277	1	1	0	843.948	0.0	0.0	null	861.059	0.09
2.6	0.05005	30000.0	2484.375	1612.5	NaN	NaN	NaN	0	0	1	0	0	1	0	0	0	0	0	0	1	0	0	0	0	0	0	0	1	0	0	0	1	31.0	0.063	0.219	NaN	NaN	0.15	0.487	NaN	NaN	4.5	17.045	NaN	NaN	0.0	"2.5"	"F0034"	0	0	"FR"	26.508	"fill-rg-di"	26.307	1	1	0	843.948	0.0	0.0	null	871.089	0.09
2.3	0.04785	30562.5	2756.25	1378.125	NaN	NaN	NaN	0	0	1	0	0	1	0	0	0	0	0	0	1	0	0	0	0	0	0	0	1	0	0	0	1	28.0	0.091	0.196	NaN	NaN	0.217	0.436	NaN	NaN	6.51	15.26	NaN	NaN	0.0	"2.5"	"F0034"	0	0	"FR"	36.343	"fill-rg-di"	36.142	1	1	0	843.948	0.0	0.0	null	880.924	0.085
1.5	0.046475	29812.5	3065.625	1106.25	NaN	NaN	NaN	0	0	1	0	0	1	0	0	0	0	0	0	1	0	0	0	0	0	0	0	1	0	0	0	1	18.0	0.122	0.169	NaN	NaN	0.29	0.376	NaN	NaN	8.7	13.16	NaN	NaN	0.0	"2.5"	"F0034"	0	0	"FR"	46.379	"fill-rg-di"	46.178	1	1	0	843.948	0.0	0.0	null	890.96	0.086
2.0	0.0462	1125.0	2943.75	946.875	NaN	NaN	NaN	0	0	0	0	1	0	0	0	0	0	0	0	0	0	0	0	0	0	0	0	1	0	0	0	1	24.0	0.109	0.153	NaN	NaN	0.26	0.34	NaN	NaN	7.8	11.9	NaN	NaN	0.0	"2.5"	"F0034"	0	0	"FR"	56.415	"drain-rg"	3.411	1	1	0	843.948	0.0	0.0	null	900.996	0.086
2.5	0.0462	1125.0	2587.5	956.25	NaN	NaN	NaN	0	0	0	0	1	0	0	0	0	0	0	0	0	0	0	0	0	0	0	0	1	0	0	0	1	30.0	0.074	0.154	NaN	NaN	0.176	0.342	NaN	NaN	5.28	11.97	NaN	NaN	0.0	"2.5"	"F0034"	0	0	"FR"	66.457	"drain-rg"	13.453	1	1	0	843.948	0.0	0.0	null	911.038	0.086
2.0	0.0462	1312.5	2278.125	965.625	NaN	NaN	NaN	0	0	0	0	1	0	0	0	0	0	0	0	0	0	0	0	0	0	0	0	1	0	0	0	1	24.0	0.043	0.155	NaN	NaN	0.102	0.344	NaN	NaN	3.06	12.04	NaN	NaN	0.0	"2.5"	"F0034"	0	0	"FR"	76.494	"drain-rg"	23.49	1	1	0	843.948	0.0	0.0	null	921.075	0.086
1.9	0.0462	1125.0	1893.75	984.375	NaN	NaN	NaN	0	0	0	0	1	0	0	0	0	0	0	0	0	0	0	0	0	0	0	0	1	0	0	0	1	23.0	0.004	0.156	NaN	NaN	0.01	0.347	NaN	NaN	0.3	12.145	NaN	NaN	0.0	"2.5"	"F0034"	0	0	"FR"	86.533	"drain-rg"	33.529	1	1	0	843.948	0.0	0.0	null	931.114	0.087
2.4	0.04565	1125.0	1312.5	956.25	NaN	NaN	NaN	0	0	0	0	1	0	0	0	0	0	0	0	0	0	0	0	0	0	0	0	1	0	0	0	1	29.0	-0.054	0.154	NaN	NaN	-0.129	0.342	NaN	NaN	-3.87	11.97	NaN	NaN	0.0	"2.5"	"F0034"	0	0	"FR"	96.571	"drip-rg"	8.431	1	1	0	843.948	0.0	0.0	null	941.152	0.085
1.8	0.045375	26625.0	1050.0	890.625	NaN	NaN	NaN	0	0	1	0	0	1	0	0	0	0	0	0	1	0	0	0	0	0	0	0	1	0	0	0	1	22.0	-0.08	0.147	NaN	NaN	-0.19	0.327	NaN	NaN	-5.7	11.445	NaN	NaN	0.0	"2.5"	"F0034"	0	0	"PR"	2.437	"fill-rg-di"	2.237	1	0	0	843.948	0.0	947.973	null	951.032	0.088
2.1	0.044825	30000.0	2034.375	684.375	NaN	NaN	NaN	0	0	1	0	0	1	0	0	0	0	0	0	1	0	0	0	0	0	0	0	1	0	0	0	1	25.0	0.018	0.126	NaN	NaN	0.043	0.28	NaN	NaN	1.29	9.8	NaN	NaN	0.0	"2.5"	"F0034"	0	0	"PR"	12.47	"fill-rg-di"	12.27	1	0	0	843.948	0.0	947.973	null	961.065	0.084
1.9	0.044	29812.5	2353.125	384.375	NaN	NaN	NaN	0	0	1	0	0	1	0	0	0	0	0	0	1	0	0	0	0	0	0	0	1	0	0	0	1	23.0	0.05	0.096	NaN	NaN	0.119	0.213	NaN	NaN	3.57	7.455	NaN	NaN	0.0	"2.5"	"F0034"	0	0	"PR"	22.505	"fill-rg-di"	22.305	1	0	0	843.948	0.0	947.973	null	971.1	0.084
1.9	0.043175	28500.0	2662.5	150.0	NaN	NaN	NaN	0	0	1	0	0	1	0	0	0	0	0	0	1	0	0	0	0	0	0	0	1	0	0	0	1	23.0	0.081	0.073	NaN	NaN	0.193	0.162	NaN	NaN	5.79	5.67	NaN	NaN	0.0	"2.5"	"F0034"	0	0	"PR"	32.544	"fill-rg-di"	32.344	1	0	0	843.948	0.0	947.973	null	981.139	0.085
1.9	0.042625	1500.0	2746.875	234.375	NaN	NaN	NaN	1	0	0	0	0	0	0	0	0	0	0	0	0	1	0	0	0	0	0	0	1	0	0	0	1	23.0	0.09	0.081	NaN	NaN	0.214	0.18	NaN	NaN	6.42	6.3	NaN	NaN	0.0	"2.5"	"F0034"	0	0	"PR"	42.58	"fill-di-lb"	7.026	1	0	0	843.948	0.0	947.973	null	991.175	0.086
0.0	0.042625	1312.5	2746.875	581.25	NaN	NaN	NaN	1	0	0	0	0	0	0	0	0	0	0	0	0	1	0	0	0	0	0	0	1	0	0	0	1	0.0	0.09	0.116	NaN	NaN	0.214	0.258	NaN	NaN	6.42	9.03	NaN	NaN	0.0	"2.5"	"F0034"	0	0	"PR"	52.621	"fill-di-lb"	17.067	1	0	0	843.948	0.0	947.973	null	1001.216	0.087
2.6	0.04235	2250.0	2746.875	871.875	NaN	NaN	NaN	1	0	0	0	0	0	0	0	0	0	0	0	0	1	0	0	0	0	0	0	1	0	0	0	1	31.0	0.09	0.145	NaN	NaN	0.214	0.322	NaN	NaN	6.42	11.27	NaN	NaN	0.0	"2.5"	"F0034"	0	0	"PR"	62.656	"fill-di-lb"	27.102	1	0	0	843.948	0.0	947.973	null	1011.251	0.086
1.9	0.0429	2250.0	2765.625	1171.875	NaN	NaN	NaN	1	0	0	0	0	0	0	0	0	0	0	0	0	1	0	0	0	0	0	0	1	0	0	0	1	23.0	0.092	0.175	NaN	NaN	0.219	0.389	NaN	NaN	6.57	13.615	NaN	NaN	0.0	"2.5"	"F0034"	0	0	"PR"	72.493	"fill-di-lb"	36.939	1	0	0	843.948	0.0	947.973	null	1021.088	0.086
1.7	0.0429	2812.5	2756.25	1462.5	NaN	NaN	NaN	1	0	0	0	0	0	0	0	0	0	0	0	0	1	0	0	0	0	0	0	1	0	0	0	1	20.0	0.091	0.204	NaN	NaN	0.217	0.453	NaN	NaN	6.51	15.855	NaN	NaN	0.0	"2.5"	"F0034"	0	0	"PR"	82.532	"fill-di-lb"	46.978	1	0	0	843.948	0.0	947.973	null	1031.127	0.086
1.8	0.0429	3562.5	2746.875	1734.375	NaN	NaN	NaN	1	0	0	0	0	0	0	0	0	0	0	0	0	1	0	0	0	0	0	0	1	0	0	0	1	22.0	0.09	0.231	NaN	NaN	0.214	0.513	NaN	NaN	6.42	17.955	NaN	NaN	0.0	"2.5"	"F0034"	0	0	"PR"	92.57	"fill-di-lb"	57.016	1	0	0	843.948	0.0	947.973	null	1041.165	0.083
1.9	0.0429	3187.5	2756.25	2043.75	NaN	NaN	NaN	1	0	0	0	0	0	0	0	0	0	0	0	0	1	0	0	0	0	0	0	1	0	0	0	1	23.0	0.091	0.262	NaN	NaN	0.217	0.582	NaN	NaN	6.51	20.37	NaN	NaN	0.0	"2.5"	"F0034"	0	0	"PR"	102.609	"fill-di-lb"	67.055	1	0	0	843.948	0.0	947.973	null	1051.204	0.086
2.0	0.0418	30750.0	2859.375	2165.625	NaN	NaN	NaN	0	0	1	0	0	1	0	0	0	0	0	0	1	0	0	0	0	0	0	0	1	0	0	0	1	24.0	0.101	0.275	NaN	NaN	0.24	0.611	NaN	NaN	7.2	21.385	NaN	NaN	0.0	"2.5"	"F0034"	0	0	"PR"	112.648	"fill-rg-di"	3.413	1	0	0	843.948	0.0	947.973	null	1061.243	0.084
1.8	0.042625	3562.5	3018.75	2250.0	NaN	NaN	NaN	0	0	1	0	0	1	0	0	0	0	0	0	1	0	0	0	0	0	0	0	1	0	0	0	1	22.0	0.117	0.283	NaN	NaN	0.279	0.629	NaN	NaN	8.37	22.015	NaN	NaN	0.0	"2.5"	"F0034"	0	0	"PR"	122.676	"flush-rg-sc"	0.2	1	1	0	843.948	0.0	947.973	null	1071.271	0.087
12.3	0.0418	33937.5	2971.875	2559.375	NaN	NaN	NaN	0	1	1	0	0	0	0	0	0	0	0	0	1	0	0	0	0	1	1	1	0	1	1	1	0	148.0	0.112	0.314	NaN	NaN	0.267	0.698	NaN	NaN	8.01	24.43	NaN	NaN	0.0	"2.5"	"F0034"	1	1	"PR"	132.725	"deionize"	9.848	1	1	0	843.948	0.0	947.973	null	1081.32	0.086
12.2	0.0418	32437.5	2962.5	2587.5	NaN	NaN	NaN	0	1	1	0	0	0	0	0	0	0	0	0	1	0	0	0	0	1	1	1	0	1	1	1	0	146.0	0.111	0.317	NaN	NaN	0.264	0.704	NaN	NaN	7.92	24.64	NaN	NaN	0.0	"2.5"	"F0034"	1	1	"PR"	142.756	"deionize"	19.879	1	1	0	843.948	0.0	947.973	null	1091.351	0.084
12.6	0.040975	33937.5	2943.75	2578.125	NaN	NaN	NaN	0	1	1	0	0	0	0	0	0	0	0	0	1	0	0	0	0	1	1	1	0	1	1	1	0	151.0	0.109	0.316	NaN	NaN	0.26	0.702	NaN	NaN	7.8	24.57	NaN	NaN	0.0	"2.5"	"F0034"	1	1	"PR"	152.594	"deionize"	29.717	1	1	0	843.948	0.0	947.973	null	1101.189	0.09
12.2	0.040425	34687.5	2943.75	2550.0	NaN	NaN	NaN	0	1	1	0	0	0	0	0	0	0	0	0	1	0	0	0	0	1	1	1	0	1	1	1	0	146.0	0.109	0.313	NaN	NaN	0.26	0.696	NaN	NaN	7.8	24.36	NaN	NaN	0.0	"2.5"	"F0034"	1	1	"PR"	162.633	"deionize"	39.756	1	1	0	843.948	0.0	947.973	null	1111.228	0.089
12.1	0.038775	34125.0	2981.25	2587.5	NaN	NaN	NaN	0	1	1	0	0	0	0	0	0	0	0	0	1	0	0	0	0	1	1	1	0	1	1	1	0	145.0	0.113	0.317	NaN	NaN	0.269	0.704	NaN	NaN	8.07	24.64	NaN	NaN	0.0	"2.5"	"F0034"	1	1	"PR"	172.665	"deionize"	49.788	1	1	0	843.948	0.0	947.973	null	1121.26	0.084
12.1	0.038225	32062.5	2962.5	2550.0	NaN	NaN	NaN	0	1	1	0	0	0	0	0	0	0	0	0	1	0	0	0	0	1	1	1	0	1	1	1	0	145.0	0.111	0.313	NaN	NaN	0.264	0.696	NaN	NaN	7.92	24.36	NaN	NaN	0.0	"2.5"	"F0034"	1	1	"PR"	182.701	"deionize"	59.824	1	1	0	843.948	0.0	947.973	null	1131.296	0.084
11.8	0.03795	31125.0	2971.875	2615.625	NaN	NaN	NaN	0	1	1	0	0	0	0	0	0	0	0	0	1	0	0	0	0	1	1	1	0	1	1	1	0	142.0	0.112	0.32	NaN	NaN	0.267	0.711	NaN	NaN	8.01	24.885	NaN	NaN	0.0	"2.5"	"F0034"	1	1	"PR"	192.74	"deionize"	69.863	1	1	0	843.948	0.0	947.973	null	1141.335	0.085
13.3	0.037675	33000.0	2971.875	2550.0	NaN	NaN	NaN	0	1	1	0	0	0	0	0	0	0	0	0	1	0	0	0	0	1	1	1	0	1	1	1	0	160.0	0.112	0.313	NaN	NaN	0.267	0.696	NaN	NaN	8.01	24.36	NaN	NaN	0.0	"2.5"	"F0034"	1	1	"PR"	202.774	"deionize"	79.897	1	1	0	843.948	0.0	947.973	null	1151.369	0.084
11.6	0.0363	33000.0	2962.5	2587.5	NaN	NaN	NaN	0	1	1	0	0	0	0	0	0	0	0	0	1	0	0	0	0	1	1	1	0	1	1	1	0	139.0	0.111	0.317	NaN	NaN	0.264	0.704	NaN	NaN	7.92	24.64	NaN	NaN	0.0	"2.5"	"F0034"	1	1	"PR"	212.809	"deionize"	89.932	1	1	0	843.948	0.0	947.973	null	1161.404	0.084
12.8	0.036025	34312.5	2953.125	2625.0	NaN	NaN	NaN	0	1	1	0	0	0	0	0	0	0	0	0	1	0	0	0	0	1	1	1	0	1	1	1	0	154.0	0.11	0.321	NaN	NaN	0.262	0.713	NaN	NaN	7.86	24.955	NaN	NaN	0.0	"2.5"	"F0034"	1	1	"PR"	222.649	"deionize"	99.772	1	1	0	843.948	0.0	947.973	null	1171.244	0.09
12.9	0.0352	35437.5	2962.5	2559.375	NaN	NaN	NaN	0	1	1	0	0	0	0	0	0	0	0	0	1	0	0	0	0	1	1	1	0	1	1	1	0	155.0	0.111	0.314	NaN	NaN	0.264	0.698	NaN	NaN	7.92	24.43	NaN	NaN	0.0	"2.5"	"F0034"	1	1	"PR"	232.684	"deionize"	109.807	1	1	0	843.948	0.0	947.973	null	1181.279	0.09
12.4	0.03575	33375.0	2953.125	2568.75	NaN	NaN	NaN	0	1	1	0	0	0	0	0	0	0	0	0	1	0	0	0	0	1	1	1	0	1	1	1	0	149.0	0.11	0.315	NaN	NaN	0.262	0.7	NaN	NaN	7.86	24.5	NaN	NaN	0.0	"2.5"	"F0034"	1	1	"PR"	242.722	"deionize"	119.845	1	1	0	843.948	0.0	947.973	null	1191.317	0.092
10.2	0.03465	33750.0	2981.25	2587.5	NaN	NaN	NaN	0	1	1	0	0	0	0	0	0	0	0	0	1	0	0	0	0	1	1	1	0	1	1	1	0	122.0	0.113	0.317	NaN	NaN	0.269	0.704	NaN	NaN	8.07	24.64	NaN	NaN	0.0	"2.5"	"F0034"	1	1	"PR"	252.76	"deionize"	129.883	1	1	0	843.948	0.0	947.973	null	1201.355	0.09
12.7	0.03465	33187.5	2971.875	2550.0	NaN	NaN	NaN	0	1	1	0	0	0	0	0	0	0	0	0	1	0	0	0	0	1	1	1	0	1	1	1	0	152.0	0.112	0.313	NaN	NaN	0.267	0.696	NaN	NaN	8.01	24.36	NaN	NaN	0.0	"2.5"	"F0034"	1	1	"PR"	262.793	"deionize"	139.916	1	1	0	843.948	0.0	947.973	null	1211.388	0.087
12.6	0.0341	32812.5	2990.625	2531.25	NaN	NaN	NaN	0	1	1	0	0	0	0	0	0	0	0	0	1	0	0	0	0	1	1	1	0	1	1	1	0	151.0	0.114	0.311	NaN	NaN	0.271	0.691	NaN	NaN	8.13	24.185	NaN	NaN	0.0	"2.5"	"F0034"	1	1	"PR"	272.831	"deionize"	149.954	1	1	0	843.948	0.0	947.973	null	1221.426	0.092
12.6	0.03355	33937.5	2971.875	2559.375	NaN	NaN	NaN	0	1	1	0	0	0	0	0	0	0	0	0	1	0	0	0	0	1	1	1	0	1	1	1	0	151.0	0.112	0.314	NaN	NaN	0.267	0.698	NaN	NaN	8.01	24.43	NaN	NaN	0.0	"2.5"	"F0034"	1	1	"PR"	282.866	"deionize"	159.989	1	1	0	843.948	0.0	947.973	null	1231.461	0.084
12.6	0.032725	31312.5	2934.375	2615.625	NaN	NaN	NaN	0	1	1	0	0	0	0	0	0	0	0	0	1	0	0	0	0	1	1	1	0	1	1	1	0	151.0	0.108	0.32	NaN	NaN	0.257	0.711	NaN	NaN	7.71	24.885	NaN	NaN	0.0	"2.5"	"F0034"	1	1	"PR"	292.899	"deionize"	170.022	1	1	0	843.948	0.0	947.973	null	1241.494	0.086
11.7	0.032725	32812.5	2953.125	2615.625	NaN	NaN	NaN	0	1	1	0	0	0	0	0	0	0	0	0	1	0	0	0	0	1	1	1	0	1	1	1	0	140.0	0.11	0.32	NaN	NaN	0.262	0.711	NaN	NaN	7.86	24.885	NaN	NaN	0.0	"2.5"	"F0034"	1	1	"PR"	302.737	"deionize"	179.86	1	1	0	843.948	0.0	947.973	null	1251.332	0.092
12.3	0.032725	33000.0	2962.5	2550.0	NaN	NaN	NaN	0	1	1	0	0	0	0	0	0	0	0	0	1	0	0	0	0	1	1	1	0	1	1	1	0	148.0	0.111	0.313	NaN	NaN	0.264	0.696	NaN	NaN	7.92	24.36	NaN	NaN	0.0	"2.5"	"F0034"	1	1	"PR"	312.771	"deionize"	189.894	1	1	0	843.948	0.0	947.973	null	1261.366	0.09
12.9	0.032175	34687.5	2962.5	2512.5	NaN	NaN	NaN	0	1	1	0	0	0	0	0	0	0	0	0	1	0	0	0	0	1	1	1	0	1	1	1	0	155.0	0.111	0.309	NaN	NaN	0.264	0.687	NaN	NaN	7.92	24.045	NaN	NaN	0.0	"2.5"	"F0034"	1	1	"PR"	322.806	"deionize"	199.929	1	1	0	843.948	0.0	947.973	null	1271.401	0.094
12.4	0.0319	34687.5	2962.5	2493.75	NaN	NaN	NaN	0	1	1	0	0	0	0	0	0	0	0	0	1	0	0	0	0	1	1	1	0	1	1	1	0	149.0	0.111	0.307	NaN	NaN	0.264	0.682	NaN	NaN	7.92	23.87	NaN	NaN	0.0	"2.5"	"F0034"	1	1	"PR"	332.844	"deionize"	209.967	1	1	0	843.948	0.0	947.973	null	1281.439	0.092
12.8	0.03135	31500.0	2971.875	2578.125	NaN	NaN	NaN	0	1	1	0	0	0	0	0	0	0	0	0	1	0	0	0	0	1	1	1	0	1	1	1	0	154.0	0.112	0.316	NaN	NaN	0.267	0.702	NaN	NaN	8.01	24.57	NaN	NaN	0.0	"2.5"	"F0034"	1	1	"PR"	342.877	"deionize"	220.0	1	1	0	843.948	0.0	947.973	null	1291.472	0.09
13.0	0.0308	32812.5	2962.5	2671.875	NaN	NaN	NaN	0	1	1	0	0	0	0	0	0	0	0	0	1	0	0	0	0	1	1	1	0	1	1	1	0	156.0	0.111	0.325	NaN	NaN	0.264	0.722	NaN	NaN	7.92	25.27	NaN	NaN	0.0	"2.5"	"F0034"	1	1	"PR"	352.911	"deionize"	230.034	1	1	0	843.948	0.0	947.973	null	1301.506	0.087
12.6	0.0308	31500.0	2962.5	2568.75	NaN	NaN	NaN	0	1	1	0	0	0	0	0	0	0	0	0	1	0	0	0	0	1	1	1	0	1	1	1	0	151.0	0.111	0.315	NaN	NaN	0.264	0.7	NaN	NaN	7.92	24.5	NaN	NaN	0.0	"2.5"	"F0034"	1	1	"PR"	362.956	"deionize"	240.079	1	1	0	843.948	0.0	947.973	null	1311.551	0.09
12.3	0.03025	33937.5	2971.875	2615.625	NaN	NaN	NaN	0	1	1	0	0	0	0	0	0	0	0	0	1	0	0	0	1	1	1	1	0	1	1	1	0	148.0	0.112	0.32	NaN	NaN	0.267	0.711	NaN	NaN	8.01	24.885	NaN	NaN	0.0	"2.5"	"F0034"	1	1	"PR"	372.903	"deionize-uv"	9.947	1	1	0	843.948	0.0	947.973	null	1321.498	0.09
12.3	0.03025	33750.0	2971.875	2587.5	NaN	NaN	NaN	0	1	1	0	0	0	0	0	0	0	0	0	1	0	0	0	1	1	1	1	0	1	1	1	0	148.0	0.112	0.317	NaN	NaN	0.267	0.704	NaN	NaN	8.01	24.64	NaN	NaN	0.0	"2.5"	"F0034"	1	1	"PR"	382.94	"deionize-uv"	19.984	1	1	0	843.948	0.0	947.973	null	1331.535	0.091
13.3	0.02915	30937.5	2943.75	2568.75	NaN	NaN	NaN	0	1	1	0	0	0	0	0	0	0	0	0	1	0	0	0	1	1	1	1	0	1	1	1	0	160.0	0.109	0.315	NaN	NaN	0.26	0.7	NaN	NaN	7.8	24.5	NaN	NaN	0.0	"2.5"	"F0034"	1	1	"PR"	392.975	"deionize-uv"	30.019	1	1	0	843.948	0.0	947.973	null	1341.57	0.089
12.0	0.028875	32062.5	2962.5	2615.625	NaN	NaN	NaN	0	1	1	0	0	0	0	0	0	0	0	0	1	0	0	0	1	1	1	1	0	1	1	1	0	144.0	0.111	0.32	NaN	NaN	0.264	0.711	NaN	NaN	7.92	24.885	NaN	NaN	0.0	"2.5"	"F0034"	1	1	"PR"	402.814	"deionize-uv"	39.858	1	1	0	843.948	0.0	947.973	null	1351.409	0.086
11.9	0.028875	33000.0	2953.125	2559.375	NaN	NaN	NaN	0	1	1	0	0	0	0	0	0	0	0	0	1	0	0	0	1	1	1	1	0	1	1	1	0	143.0	0.11	0.314	NaN	NaN	0.262	0.698	NaN	NaN	7.86	24.43	NaN	NaN	0.0	"2.5"	"F0034"	1	1	"PR"	412.853	"deionize-uv"	49.897	1	1	0	843.948	0.0	947.973	null	1361.448	0.086
11.9	0.02805	35250.0	2953.125	2587.5	NaN	NaN	NaN	0	1	1	0	0	0	0	0	0	0	0	0	1	0	0	0	1	1	1	1	0	1	1	1	0	143.0	0.11	0.317	NaN	NaN	0.262	0.704	NaN	NaN	7.86	24.64	NaN	NaN	0.0	"2.5"	"F0034"	1	1	"PR"	422.885	"deionize-uv"	59.929	1	1	0	843.948	0.0	947.973	null	1371.48	0.086
11.9	0.02805	35062.5	3000.0	2550.0	NaN	NaN	NaN	0	1	1	0	0	0	0	0	0	0	0	0	1	0	0	0	1	1	1	1	0	1	1	1	0	143.0	0.115	0.313	NaN	NaN	0.274	0.696	NaN	NaN	8.22	24.36	NaN	NaN	0.0	"2.5"	"F0034"	1	1	"PR"	432.924	"deionize-uv"	69.968	1	1	0	843.948	0.0	947.973	null	1381.519	0.087
11.8	0.0275	35437.5	2953.125	2540.625	NaN	NaN	NaN	0	1	1	0	0	0	0	0	0	0	0	0	1	0	0	0	1	1	1	1	0	1	1	1	0	142.0	0.11	0.312	NaN	NaN	0.262	0.693	NaN	NaN	7.86	24.255	NaN	NaN	0.0	"2.5"	"F0034"	1	1	"PR"	442.962	"deionize-uv"	80.006	1	1	0	843.948	0.0	947.973	null	1391.557	0.086
11.7	0.02695	32812.5	2971.875	2587.5	NaN	NaN	NaN	0	1	1	0	0	0	0	0	0	0	0	0	1	0	0	0	1	1	1	1	0	1	1	1	0	140.0	0.112	0.317	NaN	NaN	0.267	0.704	NaN	NaN	8.01	24.64	NaN	NaN	0.0	"2.5"	"F0034"	1	1	"PR"	452.997	"deionize-uv"	90.041	1	1	0	843.948	0.0	947.973	null	1401.592	0.09
11.4	0.02695	34687.5	2943.75	2596.875	NaN	NaN	NaN	0	1	1	0	0	0	0	0	0	0	0	0	1	0	0	0	1	1	1	1	0	1	1	1	0	137.0	0.109	0.318	NaN	NaN	0.26	0.707	NaN	NaN	7.8	24.745	NaN	NaN	0.0	"2.5"	"F0034"	1	1	"PR"	463.04	"deionize-uv"	100.084	1	1	0	843.948	0.0	947.973	null	1411.635	0.091
11.0	0.02585	32062.5	2971.875	2559.375	NaN	NaN	NaN	0	1	1	0	0	0	0	0	0	0	0	0	1	0	0	0	1	1	1	1	0	1	1	1	0	132.0	0.112	0.314	NaN	NaN	0.267	0.698	NaN	NaN	8.01	24.43	NaN	NaN	0.0	"2.5"	"F0034"	1	1	"PR"	473.073	"deionize-uv"	110.117	1	1	0	843.948	0.0	947.973	null	1421.668	0.09
11.7	0.027225	33375.0	2962.5	2587.5	NaN	NaN	NaN	0	1	1	0	0	0	0	0	0	0	0	0	1	0	0	0	1	1	1	1	0	1	1	1	0	140.0	0.111	0.317	NaN	NaN	0.264	0.704	NaN	NaN	7.92	24.64	NaN	NaN	0.0	"2.5"	"F0034"	1	1	"PR"	482.908	"deionize-uv"	119.952	1	1	0	843.948	0.0	947.973	null	1431.503	0.083
11.2	0.0264	31312.5	2971.875	2015.625	NaN	NaN	NaN	0	0	1	0	0	0	0	1	0	0	0	0	1	0	0	0	1	1	1	1	0	1	1	1	0	134.0	0.112	0.26	NaN	NaN	0.267	0.578	NaN	NaN	8.01	20.23	NaN	NaN	0.0	"2.5"	"F0034"	1	1	"PR"	493.071	"drain-di-1"	9.962	1	1	0	843.948	0.0	947.973	null	1441.666	0.09
10.2	0.02585	33937.5	2971.875	1762.5	NaN	NaN	NaN	0	0	1	0	0	0	0	1	0	0	0	0	1	0	0	0	1	1	1	1	0	1	1	1	0	122.0	0.112	0.234	NaN	NaN	0.267	0.52	NaN	NaN	8.01	18.2	NaN	NaN	0.0	"2.5"	"F0034"	1	1	"PR"	503.101	"drain-di-1"	19.992	1	1	0	843.948	0.0	947.973	null	1451.696	0.088
10.4	0.025025	33937.5	2971.875	1528.125	NaN	NaN	NaN	0	0	1	0	0	0	0	1	0	0	0	0	1	0	0	0	1	1	1	1	0	1	1	1	0	125.0	0.112	0.211	NaN	NaN	0.267	0.469	NaN	NaN	8.01	16.415	NaN	NaN	0.0	"2.5"	"F0034"	1	1	"PR"	512.94	"drain-di-1"	29.831	1	1	0	843.948	0.0	947.973	null	1461.535	0.085
10.6	0.0253	32250.0	2971.875	1275.0	NaN	NaN	NaN	0	0	1	0	0	0	0	1	0	0	0	0	1	0	0	0	1	1	1	1	0	1	1	1	0	127.0	0.112	0.185	NaN	NaN	0.267	0.411	NaN	NaN	8.01	14.385	NaN	NaN	0.0	"2.5"	"F0034"	1	1	"PR"	522.976	"drain-di-1"	39.867	1	1	0	843.948	0.0	947.973	null	1471.571	0.084
10.0	0.0253	30000.0	2971.875	1031.25	NaN	NaN	NaN	0	0	1	0	0	0	0	1	0	0	0	0	1	0	0	0	1	1	1	1	0	1	1	1	0	120.0	0.112	0.161	NaN	NaN	0.267	0.358	NaN	NaN	8.01	12.53	NaN	NaN	0.0	"2.5"	"F0034"	1	1	"PR"	533.012	"drain-di-1"	49.903	1	1	0	843.948	0.0	947.973	null	1481.607	0.087
10.2	0.025575	30750.0	2962.5	778.125	NaN	NaN	NaN	0	0	1	0	0	0	0	1	0	0	0	0	1	0	0	0	1	1	1	1	0	1	1	1	0	122.0	0.111	0.136	NaN	NaN	0.264	0.302	NaN	NaN	7.92	10.57	NaN	NaN	0.0	"2.5"	"F0034"	1	1	"PR"	543.052	"drain-di-1"	59.943	1	1	0	843.948	0.0	947.973	null	1491.647	0.084
9.7	0.02475	31500.0	2953.125	534.375	NaN	NaN	NaN	0	0	1	0	0	0	0	1	0	0	0	0	1	0	0	0	1	1	1	1	0	1	1	1	0	116.0	0.11	0.111	NaN	NaN	0.262	0.247	NaN	NaN	7.86	8.645	NaN	NaN	0.0	"2.5"	"F0034"	1	1	"PR"	553.085	"drain-di-1"	69.976	1	1	0	843.948	0.0	947.973	null	1501.68	0.086
9.9	0.025025	33375.0	2962.5	281.25	NaN	NaN	NaN	0	0	1	0	0	0	0	1	0	0	0	0	1	0	0	0	1	1	1	1	0	1	1	1	0	119.0	0.111	0.086	NaN	NaN	0.264	0.191	NaN	NaN	7.92	6.685	NaN	NaN	0.0	"2.5"	"F0034"	1	1	"PR"	563.122	"drain-di-1"	80.013	1	1	0	843.948	0.0	947.973	null	1511.717	0.087
9.3	0.025025	31500.0	2971.875	37.5	NaN	NaN	NaN	0	0	1	0	0	0	0	1	0	0	0	0	1	0	0	0	1	1	1	1	0	1	1	1	0	112.0	0.112	0.062	NaN	NaN	0.267	0.138	NaN	NaN	8.01	4.83	NaN	NaN	0.0	"2.5"	"F0034"	1	1	"PR"	573.066	"drip-di-1"	1.315	1	1	0	843.948	0.0	947.973	null	1521.661	0.084
10.3	0.025025	34125.0	2962.5	-46.875	NaN	NaN	NaN	0	0	1	0	0	0	0	1	0	0	0	0	1	0	0	0	1	1	1	1	0	1	1	1	0	124.0	0.111	0.053	NaN	NaN	0.264	0.118	NaN	NaN	7.92	4.13	NaN	NaN	0.0	"2.5"	"F0034"	1	1	"PR"	583.103	"drip-di-1"	11.352	1	1	0	843.948	0.0	947.973	null	1531.698	0.084
-12.0	0.025025	30000.0	2812.5	0.0	NaN	NaN	NaN	1	0	0	0	0	1	1	0	0	0	0	0	1	1	0	0	0	1	1	0	1	1	1	0	1	-144.0	0.096	0.058	NaN	NaN	0.229	0.129	NaN	NaN	6.87	4.515	NaN	NaN	0.0	"2.5"	"F0034"	1	0	"PR"	593.098	"reverse-f"	6.182	1	1	0	843.948	0.0	947.973	null	1541.693	0.084
-13.7	0.02695	30937.5	2803.125	337.5	NaN	NaN	NaN	1	0	0	0	0	1	1	0	0	0	0	0	1	1	0	0	0	1	1	0	1	1	1	0	1	-164.0	0.095	0.092	NaN	NaN	0.226	0.204	NaN	NaN	6.78	7.14	NaN	NaN	0.0	"2.5"	"F0034"	1	0	"PR"	603.137	"reverse-f"	16.221	1	1	0	843.948	0.0	947.973	null	1551.732	0.088
-12.0	0.02915	28125.0	2793.75	637.5	NaN	NaN	NaN	1	0	0	0	0	1	1	0	0	0	0	0	1	1	0	0	0	1	1	0	1	1	1	0	1	-144.0	0.094	0.122	NaN	NaN	0.224	0.271	NaN	NaN	6.72	9.485	NaN	NaN	0.0	"2.5"	"F0034"	1	0	"PR"	613.171	"reverse-f"	26.255	1	1	0	843.948	0.0	947.973	null	1561.766	0.083
-10.5	0.03135	28312.5	2784.375	918.75	NaN	NaN	NaN	1	0	0	0	0	1	1	0	0	0	0	0	1	1	0	0	0	1	1	0	1	1	1	0	1	-126.0	0.093	0.15	NaN	NaN	0.221	0.333	NaN	NaN	6.63	11.655	NaN	NaN	0.0	"2.5"	"F0034"	1	0	"PR"	623.208	"reverse-f"	36.292	1	1	0	843.948	0.0	947.973	null	1571.803	0.083
-11.8	0.033825	29062.5	2812.5	1218.75	NaN	NaN	NaN	1	0	0	0	0	1	1	0	0	0	0	0	1	1	0	0	0	1	1	0	1	1	1	0	1	-142.0	0.096	0.18	NaN	NaN	0.229	0.4	NaN	NaN	6.87	14.0	NaN	NaN	0.0	"2.5"	"F0034"	1	0	"PR"	633.25	"reverse-f"	46.334	1	1	0	843.948	0.0	947.973	null	1581.845	0.086
-12.4	0.036025	29812.5	2821.875	1518.75	NaN	NaN	NaN	1	0	0	0	0	1	1	0	0	0	0	0	1	1	0	0	0	1	1	0	1	1	1	0	1	-149.0	0.097	0.21	NaN	NaN	0.231	0.467	NaN	NaN	6.93	16.345	NaN	NaN	0.0	"2.5"	"F0034"	1	0	"PR"	643.082	"reverse-f"	56.166	1	1	0	843.948	0.0	947.973	null	1591.677	0.084
-11.2	0.03905	28500.0	2803.125	1809.375	NaN	NaN	NaN	1	0	0	0	0	1	1	0	0	0	0	0	1	1	0	0	0	1	1	0	1	1	1	0	1	-134.0	0.095	0.239	NaN	NaN	0.226	0.531	NaN	NaN	6.78	18.585	NaN	NaN	0.0	"2.5"	"F0034"	1	0	"PR"	653.113	"reverse-f"	66.197	1	1	0	843.948	0.0	947.973	null	1601.708	0.083
-12.3	0.04125	29625.0	2821.875	2081.25	NaN	NaN	NaN	1	0	0	0	0	1	1	0	0	0	0	0	1	1	0	0	0	1	1	0	1	1	1	0	1	-148.0	0.097	0.266	NaN	NaN	0.231	0.591	NaN	NaN	6.93	20.685	NaN	NaN	0.0	"2.5"	"F0034"	1	0	"PR"	663.153	"reverse-f"	76.237	1	1	0	843.948	0.0	947.973	null	1611.748	0.083
-10.8	0.04235	30000.0	2812.5	2278.125	NaN	NaN	NaN	0	0	0	0	0	1	1	0	0	0	0	0	1	0	0	0	0	1	1	0	1	1	1	0	1	-130.0	0.096	0.286	NaN	NaN	0.229	0.636	NaN	NaN	6.87	22.26	NaN	NaN	0.0	"2.5"	"F0034"	1	0	"PR"	673.096	"reverse"	86.18	1	1	0	843.948	0.0	947.973	null	1621.691	0.089
-11.6	0.044	30000.0	2793.75	2278.125	NaN	NaN	NaN	0	0	0	0	0	1	1	0	0	0	0	0	1	0	0	0	0	1	1	0	1	1	1	0	1	-139.0	0.094	0.286	NaN	NaN	0.224	0.636	NaN	NaN	6.72	22.26	NaN	NaN	0.0	"2.5"	"F0034"	1	0	"PR"	683.136	"reverse"	96.22	1	1	0	843.948	0.0	947.973	null	1631.731	0.089
-11.6	0.04565	30562.5	2765.625	2268.75	NaN	NaN	NaN	0	0	0	0	0	1	1	0	0	0	0	0	1	0	0	0	0	1	1	0	1	1	1	0	1	-139.0	0.092	0.285	NaN	NaN	0.219	0.633	NaN	NaN	6.57	22.155	NaN	NaN	0.0	"2.5"	"F0034"	1	0	"PR"	693.175	"reverse"	106.259	1	1	0	843.948	0.0	947.973	null	1641.77	0.083
-12.1	0.0462	29437.5	2812.5	2278.125	NaN	NaN	NaN	0	0	0	0	0	1	1	0	0	0	0	0	1	0	0	0	0	1	1	0	1	1	1	0	1	-145.0	0.096	0.286	NaN	NaN	0.229	0.636	NaN	NaN	6.87	22.26	NaN	NaN	0.0	"2.5"	"F0034"	1	0	"PR"	703.214	"reverse"	116.298	1	1	0	843.948	0.0	947.973	null	1651.809	0.086
-11.9	0.0473	26812.5	2821.875	2278.125	NaN	NaN	NaN	0	0	0	0	0	1	1	0	0	0	0	0	1	0	0	0	0	1	1	0	1	1	1	0	1	-143.0	0.097	0.286	NaN	NaN	0.231	0.636	NaN	NaN	6.93	22.26	NaN	NaN	0.0	"2.5"	"F0034"	1	0	"PR"	713.251	"reverse"	126.335	1	1	0	843.948	0.0	947.973	null	1661.846	0.083
-11.7	0.047575	27562.5	2821.875	2268.75	NaN	NaN	NaN	0	0	0	0	0	1	1	0	0	0	0	0	1	0	0	0	0	1	1	0	1	1	1	0	1	-140.0	0.097	0.285	NaN	NaN	0.231	0.633	NaN	NaN	6.93	22.155	NaN	NaN	0.0	"2.5"	"F0034"	1	0	"PR"	723.29	"reverse"	136.374	1	1	0	843.948	0.0	947.973	null	1671.885	0.083
-11.7	0.04785	27750.0	2784.375	2268.75	NaN	NaN	NaN	0	0	0	0	0	1	1	0	0	0	0	0	1	0	0	0	0	1	1	0	1	1	1	0	1	-140.0	0.093	0.285	NaN	NaN	0.221	0.633	NaN	NaN	6.63	22.155	NaN	NaN	0.0	"2.5"	"F0034"	1	0	"PR"	733.328	"reverse"	146.412	1	1	0	843.948	0.0	947.973	null	1681.923	0.085
-1.1	0.048675	1125.0	2981.25	2278.125	NaN	NaN	NaN	0	0	0	0	0	0	0	0	0	0	0	0	0	0	0	0	0	0	0	0	1	0	0	0	1	-13.0	0.113	0.286	NaN	NaN	0.269	0.636	NaN	NaN	8.07	22.26	NaN	NaN	0.0	"2.5"	"F0034"	0	0	"PR"	743.253	"diffuse"	6.313	1	1	1	843.948	0.0	947.973	null	1691.848	0.083
-1.2	0.048675	1687.5	2981.25	2259.375	NaN	NaN	NaN	0	0	0	0	0	0	0	0	0	0	0	0	0	0	0	0	0	0	0	0	1	0	0	0	1	-14.0	0.113	0.284	NaN	NaN	0.269	0.631	NaN	NaN	8.07	22.085	NaN	NaN	0.0	"2.5"	"F0034"	0	0	"PR"	753.293	"diffuse"	16.353	1	1	1	843.948	0.0	947.973	null	1701.888	0.083
-1.5	0.048675	2062.5	2981.25	2278.125	NaN	NaN	NaN	0	0	0	0	0	0	0	0	0	0	0	0	0	0	0	0	0	0	0	0	1	0	0	0	1	-18.0	0.113	0.286	NaN	NaN	0.269	0.636	NaN	NaN	8.07	22.26	NaN	NaN	0.0	"2.5"	"F0034"	0	0	"PR"	763.337	"diffuse"	26.397	1	1	1	843.948	0.0	947.973	null	1711.932	0.085
-12.6	0.048675	29437.5	2821.875	2278.125	NaN	NaN	NaN	0	0	0	0	0	1	1	0	0	0	0	0	1	0	0	0	0	1	1	0	1	1	1	0	1	-151.0	0.097	0.286	NaN	NaN	0.231	0.636	NaN	NaN	6.93	22.26	NaN	NaN	0.0	"2.5"	"F0034"	1	0	"PR"	773.262	"wash-en"	6.31	1	1	1	843.948	0.0	947.973	null	1721.857	0.087
-12.0	0.049225	30562.5	2784.375	2278.125	NaN	NaN	NaN	0	0	0	0	0	1	1	0	0	0	0	0	1	0	0	0	0	1	1	0	1	1	1	0	1	-144.0	0.093	0.286	NaN	NaN	0.221	0.636	NaN	NaN	6.63	22.26	NaN	NaN	0.0	"2.5"	"F0034"	1	0	"PR"	783.295	"wash-en"	16.343	1	1	1	843.948	0.0	947.973	null	1731.89	0.087
-0.4	0.050875	29625.0	2821.875	2278.125	NaN	NaN	NaN	0	0	0	0	0	1	1	0	0	0	0	0	1	0	0	0	0	0	0	0	1	0	0	0	1	-5.0	0.097	0.286	NaN	NaN	0.231	0.636	NaN	NaN	6.93	22.26	NaN	NaN	0.0	"2.5"	"F0034"	0	0	"PR"	793.229	"wash-sc"	6.116	1	1	1	843.948	0.0	947.973	null	1741.824	0.093
-0.6	0.050875	1125.0	2981.25	2296.875	NaN	NaN	NaN	0	0	0	0	0	0	0	0	0	0	0	0	0	0	0	0	0	0	0	0	1	0	0	0	1	-7.0	0.113	0.288	NaN	NaN	0.269	0.64	NaN	NaN	8.07	22.4	NaN	NaN	0.0	"2.5"	"F0034"	0	0	"PR"	803.263	"diffuse"	6.02	1	1	2	843.948	0.0	947.973	null	1751.858	0.09
-1.2	0.050875	1875.0	2981.25	2296.875	NaN	NaN	NaN	0	0	0	0	0	0	0	0	0	0	0	0	0	0	0	0	0	0	0	0	1	0	0	0	1	-14.0	0.113	0.288	NaN	NaN	0.269	0.64	NaN	NaN	8.07	22.4	NaN	NaN	0.0	"2.5"	"F0034"	0	0	"PR"	813.298	"diffuse"	16.055	1	1	2	843.948	0.0	947.973	null	1761.893	0.09
-1.0	0.050875	1500.0	2971.875	2306.25	NaN	NaN	NaN	0	0	0	0	0	0	0	0	0	0	0	0	0	0	0	0	0	0	0	0	1	0	0	0	1	-12.0	0.112	0.289	NaN	NaN	0.267	0.642	NaN	NaN	8.01	22.47	NaN	NaN	0.0	"2.5"	"F0034"	0	0	"PR"	823.339	"diffuse"	26.096	1	1	2	843.948	0.0	947.973	null	1771.934	0.091
-12.0	0.05005	28687.5	2793.75	2240.625	NaN	NaN	NaN	0	0	0	0	0	1	1	0	0	0	0	0	1	0	0	0	0	1	1	0	1	1	1	0	1	-144.0	0.094	0.282	NaN	NaN	0.224	0.627	NaN	NaN	6.72	21.945	NaN	NaN	0.0	"2.5"	"F0034"	1	0	"PR"	833.267	"wash-en"	5.914	1	1	2	843.948	0.0	947.973	null	1781.862	0.09
-11.8	0.050875	29625.0	2831.25	2278.125	NaN	NaN	NaN	0	0	0	0	0	1	1	0	0	0	0	0	1	0	0	0	0	1	1	0	1	1	1	0	1	-142.0	0.098	0.286	NaN	NaN	0.233	0.636	NaN	NaN	6.99	22.26	NaN	NaN	0.0	"2.5"	"F0034"	1	0	"PR"	843.302	"wash-en"	15.949	1	1	2	843.948	0.0	947.973	null	1791.897	0.088
-0.1	0.05115	30375.0	2803.125	2268.75	NaN	NaN	NaN	0	0	0	0	0	1	1	0	0	0	0	0	1	0	0	0	0	0	0	0	1	0	0	0	1	-1.0	0.095	0.285	NaN	NaN	0.226	0.633	NaN	NaN	6.78	22.155	NaN	NaN	0.0	"2.5"	"F0034"	0	0	"PR"	853.432	"wash-sc"	5.913	1	1	2	843.948	0.0	947.973	null	1802.027	0.093
-0.4	0.051425	750.0	3000.0	2278.125	NaN	NaN	NaN	0	0	0	0	0	0	0	0	0	0	0	0	0	0	0	0	0	0	0	0	1	0	0	0	1	-5.0	0.115	0.286	NaN	NaN	0.274	0.636	NaN	NaN	8.22	22.26	NaN	NaN	0.0	"2.5"	"F0034"	0	0	"PR"	863.469	"diffuse"	5.82	1	1	3	843.948	0.0	947.973	null	1812.064	0.09
-0.3	0.050875	375.0	2981.25	2287.5	NaN	NaN	NaN	0	0	0	0	0	0	0	0	0	0	0	0	0	0	0	0	0	0	0	0	1	0	0	0	1	-4.0	0.113	0.287	NaN	NaN	0.269	0.638	NaN	NaN	8.07	22.33	NaN	NaN	0.0	"2.5"	"F0034"	0	0	"PR"	873.508	"diffuse"	15.859	1	1	3	843.948	0.0	947.973	null	1822.103	0.083
-1.5	0.050875	562.5	2981.25	2287.5	NaN	NaN	NaN	0	0	0	0	0	0	0	0	0	0	0	0	0	0	0	0	0	0	0	0	1	0	0	0	1	-18.0	0.113	0.287	NaN	NaN	0.269	0.638	NaN	NaN	8.07	22.33	NaN	NaN	0.0	"2.5"	"F0034"	0	0	"PR"	883.345	"diffuse"	25.696	1	1	3	843.948	0.0	947.973	null	1831.94	0.087
-11.8	0.0506	28875.0	2784.375	2268.75	NaN	NaN	NaN	0	0	0	0	0	1	1	0	0	0	0	0	1	0	0	0	0	1	1	0	1	1	1	0	1	-142.0	0.093	0.285	NaN	NaN	0.221	0.633	NaN	NaN	6.63	22.155	NaN	NaN	0.0	"2.5"	"F0034"	1	0	"PR"	893.471	"wash-en"	5.711	1	1	3	843.948	0.0	947.973	null	1842.066	0.09
-12.4	0.050875	29437.5	2784.375	2306.25	NaN	NaN	NaN	0	0	0	0	0	1	1	0	0	0	0	0	1	0	0	0	0	1	1	0	1	1	1	0	1	-149.0	0.093	0.289	NaN	NaN	0.221	0.642	NaN	NaN	6.63	22.47	NaN	NaN	0.0	"2.5"	"F0034"	1	0	"PR"	903.509	"wash-en"	15.749	1	1	3	843.948	0.0	947.973	null	1852.104	0.09
0.1	0.0506	30000.0	2821.875	2278.125	NaN	NaN	NaN	0	0	0	0	0	1	1	0	0	0	0	0	1	0	0	0	0	0	0	0	1	0	0	0	1	1.0	0.097	0.286	NaN	NaN	0.231	0.636	NaN	NaN	6.93	22.26	NaN	NaN	0.0	"2.5"	"F0034"	0	0	"PR"	913.443	"wash-sc"	5.515	1	1	3	843.948	0.0	947.973	null	1862.038	0.091
1.4	0.050875	1875.0	2981.25	2287.5	NaN	NaN	NaN	0	0	0	0	0	0	0	0	0	0	0	0	0	0	0	0	0	0	0	0	1	0	0	0	1	17.0	0.113	0.287	NaN	NaN	0.269	0.638	NaN	NaN	8.07	22.33	NaN	NaN	0.0	"2.5"	"F0034"	0	0	"PR"	923.476	"diffuse"	5.418	1	1	4	843.948	0.0	947.973	null	1872.071	0.09
2.0	0.050875	2437.5	2981.25	2278.125	NaN	NaN	NaN	0	0	0	0	0	0	0	0	0	0	0	0	0	0	0	0	0	0	0	0	1	0	0	0	1	24.0	0.113	0.286	NaN	NaN	0.269	0.636	NaN	NaN	8.07	22.26	NaN	NaN	0.0	"2.5"	"F0034"	0	0	"PR"	933.514	"diffuse"	15.456	1	1	4	843.948	0.0	947.973	null	1882.109	0.09
-0.2	0.050875	2812.5	2962.5	2287.5	NaN	NaN	NaN	0	0	0	0	0	0	0	0	0	0	0	0	0	0	0	0	0	0	0	0	1	0	0	0	1	-2.0	0.111	0.287	NaN	NaN	0.264	0.638	NaN	NaN	7.92	22.33	NaN	NaN	0.0	"2.5"	"F0034"	0	0	"PR"	943.554	"diffuse"	25.496	1	1	4	843.948	0.0	947.973	null	1892.149	0.09
-13.0	0.050325	29625.0	2803.125	2268.75	NaN	NaN	NaN	0	0	0	0	0	1	1	0	0	0	0	0	1	0	0	0	0	1	1	0	1	1	1	0	1	-156.0	0.095	0.285	NaN	NaN	0.226	0.633	NaN	NaN	6.78	22.155	NaN	NaN	0.0	"2.5"	"F0034"	1	0	"PR"	953.483	"wash-en"	5.311	1	1	4	843.948	0.0	947.973	null	1902.078	0.09
-13.1	0.0506	30000.0	2850.0	2268.75	NaN	NaN	NaN	0	0	0	0	0	1	1	0	0	0	0	0	1	0	0	0	0	1	1	0	1	1	1	0	1	-157.0	0.1	0.285	NaN	NaN	0.238	0.633	NaN	NaN	7.14	22.155	NaN	NaN	0.0	"2.5"	"F0034"	1	0	"PR"	963.523	"wash-en"	15.351	1	1	4	843.948	0.0	947.973	null	1912.118	0.088
1.3	0.0506	29437.5	2850.0	2278.125	NaN	NaN	NaN	0	0	0	0	0	1	1	0	0	0	0	0	1	0	0	0	0	0	0	0	1	0	0	0	1	16.0	0.1	0.286	NaN	NaN	0.238	0.636	NaN	NaN	7.14	22.26	NaN	NaN	0.0	"2.5"	"F0034"	0	0	"PR"	973.445	"wash-sc"	5.105	1	1	4	843.948	0.0	947.973	null	1922.04	0.086
0.5	0.050875	-937.5	2568.75	2287.5	NaN	NaN	NaN	0	0	0	0	1	0	0	0	0	0	0	0	0	0	0	0	0	0	0	0	1	0	0	0	1	6.0	0.072	0.287	NaN	NaN	0.171	0.638	NaN	NaN	5.13	22.33	NaN	NaN	0.0	"2.5"	"F0034"	0	0	"PR"	983.481	"drain-rg"	5.021	1	1	4	843.948	0.0	947.973	null	1932.076	0.086
-0.3	0.0506	-187.5	2221.875	2278.125	NaN	NaN	NaN	0	0	0	0	1	0	0	0	0	0	0	0	0	0	0	0	0	0	0	0	1	0	0	0	1	-4.0	0.037	0.286	NaN	NaN	0.088	0.636	NaN	NaN	2.64	22.26	NaN	NaN	0.0	"2.5"	"F0034"	0	0	"PR"	993.517	"drain-rg"	15.057	1	1	4	843.948	0.0	947.973	null	1942.112	0.085
-2.2	0.05005	-187.5	1893.75	2278.125	NaN	NaN	NaN	0	0	0	0	1	0	0	0	0	0	0	0	0	0	0	0	0	0	0	0	1	0	0	0	1	-26.0	0.004	0.286	NaN	NaN	0.01	0.636	NaN	NaN	0.3	22.26	NaN	NaN	0.0	"2.5"	"F0034"	0	0	"PR"	1003.553	"drain-rg"	25.093	1	1	4	843.948	0.0	947.973	null	1952.148	0.086
-1.2	0.050875	0.0	1303.125	2278.125	NaN	NaN	NaN	0	0	0	0	1	0	0	0	0	0	0	0	0	0	0	0	0	0	0	0	1	0	0	0	1	-14.0	-0.055	0.286	NaN	NaN	-0.131	0.636	NaN	NaN	-3.93	22.26	NaN	NaN	0.0	"2.5"	"F0034"	0	0	"PR"	1013.594	"drip-rg"	8.434	1	1	4	843.948	0.0	947.973	null	1962.189	0.09
-0.1	0.050325	26812.5	1190.625	2240.625	NaN	NaN	NaN	0	0	1	0	0	1	0	0	0	0	0	0	1	0	0	0	0	0	0	0	1	0	0	0	1	-1.0	-0.066	0.282	NaN	NaN	-0.157	0.627	NaN	NaN	-4.71	21.945	NaN	NaN	0.0	"2.5"	"F0034"	0	0	"FR"	2.425	"fill-rg-di"	2.225	2	1	0	1969.014	0.0	947.973	null	1972.059	0.083
1.6	0.050325	30000.0	2043.75	2006.25	NaN	NaN	NaN	0	0	1	0	0	1	0	0	0	0	0	0	1	0	0	0	0	0	0	0	1	0	0	0	1	19.0	0.019	0.259	NaN	NaN	0.045	0.576	NaN	NaN	1.35	20.16	NaN	NaN	0.0	"2.5"	"F0034"	0	0	"FR"	12.46	"fill-rg-di"	12.26	2	1	0	1969.014	0.0	947.973	null	1982.094	0.084
-0.2	0.049225	30000.0	2353.125	1743.75	NaN	NaN	NaN	0	0	1	0	0	1	0	0	0	0	0	0	1	0	0	0	0	0	0	0	1	0	0	0	1	-2.0	0.05	0.232	NaN	NaN	0.119	0.516	NaN	NaN	3.57	18.06	NaN	NaN	0.0	"2.5"	"F0034"	0	0	"FR"	22.503	"fill-rg-di"	22.303	2	1	0	1969.014	0.0	947.973	null	1992.137	0.087
0.1	0.04785	30187.5	2662.5	1481.25	NaN	NaN	NaN	0	0	1	0	0	1	0	0	0	0	0	0	1	0	0	0	0	0	0	0	1	0	0	0	1	1.0	0.081	0.206	NaN	NaN	0.193	0.458	NaN	NaN	5.79	16.03	NaN	NaN	0.0	"2.5"	"F0034"	0	0	"FR"	32.538	"fill-rg-di"	32.338	2	1	0	1969.014	0.0	947.973	null	2002.172	0.086
0.2	0.0462	30187.5	2981.25	1228.125	NaN	NaN	NaN	0	0	1	0	0	1	0	0	0	0	0	0	1	0	0	0	0	0	0	0	1	0	0	0	1	2.0	0.113	0.181	NaN	NaN	0.269	0.402	NaN	NaN	8.07	14.07	NaN	NaN	0.0	"2.5"	"F0034"	0	0	"FR"	42.573	"fill-rg-di"	42.373	2	1	0	1969.014	0.0	947.973	null	2012.207	0.087
-0.3	0.0462	750.0	2765.625	1012.5	NaN	NaN	NaN	0	0	0	0	1	0	0	0	0	0	0	0	0	0	0	0	0	0	0	0	1	0	0	0	1	-4.0	0.092	0.159	NaN	NaN	0.219	0.353	NaN	NaN	6.57	12.355	NaN	NaN	0.0	"2.5"	"F0034"	0	0	"FR"	52.613	"drain-rg"	1.205	2	1	0	1969.014	0.0	947.973	null	2022.247	0.086
-0.1	0.0462	-2437.5	2596.875	1021.875	NaN	NaN	NaN	0	0	0	0	1	0	0	0	0	0	0	0	0	0	0	0	0	0	0	0	1	0	0	0	1	-1.0	0.075	0.16	NaN	NaN	0.179	0.356	NaN	NaN	5.37	12.46	NaN	NaN	0.0	"2.5"	"F0034"	0	0	"FR"	62.647	"drain-rg"	11.239	2	1	0	1969.014	0.0	947.973	null	2032.281	0.086
-0.4	0.0451	-3187.5	2231.25	1012.5	NaN	NaN	NaN	0	0	0	0	1	0	0	0	0	0	0	0	0	0	0	0	0	0	0	0	1	0	0	0	1	-5.0	0.038	0.159	NaN	NaN	0.09	0.353	NaN	NaN	2.7	12.355	NaN	NaN	0.0	"2.5"	"F0034"	0	0	"FR"	72.685	"drain-rg"	21.277	2	1	0	1969.014	0.0	947.973	null	2042.319	0.085
0.5	0.04565	-3937.5	1884.375	1003.125	NaN	NaN	NaN	0	0	0	0	1	0	0	0	0	0	0	0	0	0	0	0	0	0	0	0	1	0	0	0	1	6.0	0.003	0.158	NaN	NaN	0.007	0.351	NaN	NaN	0.21	12.285	NaN	NaN	0.0	"2.5"	"F0034"	0	0	"FR"	82.524	"drain-rg"	31.116	2	1	0	1969.014	0.0	947.973	null	2052.158	0.086
0.2	0.045925	-4687.5	1396.875	1021.875	NaN	NaN	NaN	0	0	0	0	1	0	0	0	0	0	0	0	0	0	0	0	0	0	0	0	1	0	0	0	1	2.0	-0.045	0.16	NaN	NaN	-0.107	0.356	NaN	NaN	-3.21	12.46	NaN	NaN	0.0	"2.5"	"F0034"	0	0	"FR"	92.559	"drip-rg"	8.428	2	1	0	1969.014	0.0	947.973	null	2062.193	0.084
-0.1	0.0462	27562.5	1303.125	956.25	NaN	NaN	NaN	0	0	1	0	0	1	0	0	0	0	0	0	1	0	0	0	0	0	0	0	1	0	0	0	1	-1.0	-0.055	0.154	NaN	NaN	-0.131	0.342	NaN	NaN	-3.93	11.97	NaN	NaN	0.0	"2.5"	"F0034"	0	0	"PR"	2.627	"fill-rg-di"	2.427	2	0	0	1969.014	0.0	2069.02	null	2072.266	0.084
0.1	0.0451	29250.0	2071.875	712.5	NaN	NaN	NaN	0	0	1	0	0	1	0	0	0	0	0	0	1	0	0	0	0	0	0	0	1	0	0	0	1	1.0	0.022	0.129	NaN	NaN	0.052	0.287	NaN	NaN	1.56	10.045	NaN	NaN	0.0	"2.5"	"F0034"	0	0	"PR"	12.664	"fill-rg-di"	12.464	2	0	0	1969.014	0.0	2069.02	null	2082.303	0.084
-0.2	0.045375	29625.0	2362.5	459.375	NaN	NaN	NaN	0	0	1	0	0	1	0	0	0	0	0	0	1	0	0	0	0	0	0	0	1	0	0	0	1	-2.0	0.051	0.104	NaN	NaN	0.121	0.231	NaN	NaN	3.63	8.085	NaN	NaN	0.0	"2.5"	"F0034"	0	0	"PR"	22.701	"fill-rg-di"	22.501	2	0	0	1969.014	0.0	2069.02	null	2092.34	0.087
-0.1	0.0451	30000.0	2653.125	206.25	NaN	NaN	NaN	0	0	1	0	0	1	0	0	0	0	0	0	1	0	0	0	0	0	0	0	1	0	0	0	1	-1.0	0.08	0.079	NaN	NaN	0.19	0.176	NaN	NaN	5.7	6.16	NaN	NaN	0.0	"2.5"	"F0034"	0	0	"PR"	32.737	"fill-rg-di"	32.537	2	0	0	1969.014	0.0	2069.02	null	2102.376	0.086
0.1	0.044	2250.0	2812.5	187.5	NaN	NaN	NaN	1	0	0	0	0	0	0	0	0	0	0	0	0	1	0	0	0	0	0	0	1	0	0	0	1	1.0	0.096	0.077	NaN	NaN	0.229	0.171	NaN	NaN	6.87	5.985	NaN	NaN	0.0	"2.5"	"F0034"	0	0	"PR"	42.575	"fill-di-lb"	4.621	2	0	0	1969.014	0.0	2069.02	null	2112.214	0.087
0.2	0.044	3562.5	2812.5	468.75	NaN	NaN	NaN	1	0	0	0	0	0	0	0	0	0	0	0	0	1	0	0	0	0	0	0	1	0	0	0	1	2.0	0.096	0.105	NaN	NaN	0.229	0.233	NaN	NaN	6.87	8.155	NaN	NaN	0.0	"2.5"	"F0034"	0	0	"PR"	52.61	"fill-di-lb"	14.656	2	0	0	1969.014	0.0	2069.02	null	2122.249	0.083
-0.1	0.044	3000.0	2812.5	796.875	NaN	NaN	NaN	1	0	0	0	0	0	0	0	0	0	0	0	0	1	0	0	0	0	0	0	1	0	0	0	1	-1.0	0.096	0.138	NaN	NaN	0.229	0.307	NaN	NaN	6.87	10.745	NaN	NaN	0.0	"2.5"	"F0034"	0	0	"PR"	62.648	"fill-di-lb"	24.694	2	0	0	1969.014	0.0	2069.02	null	2132.287	0.083
0.4	0.044275	3562.5	2821.875	1096.875	NaN	NaN	NaN	1	0	0	0	0	0	0	0	0	0	0	0	0	1	0	0	0	0	0	0	1	0	0	0	1	5.0	0.097	0.168	NaN	NaN	0.231	0.373	NaN	NaN	6.93	13.055	NaN	NaN	0.0	"2.5"	"F0034"	0	0	"PR"	72.688	"fill-di-lb"	34.734	2	0	0	1969.014	0.0	2069.02	null	2142.327	0.086
0.5	0.044275	2250.0	2812.5	1396.875	NaN	NaN	NaN	1	0	0	0	0	0	0	0	0	0	0	0	0	1	0	0	0	0	0	0	1	0	0	0	1	6.0	0.096	0.198	NaN	NaN	0.229	0.44	NaN	NaN	6.87	15.4	NaN	NaN	0.0	"2.5"	"F0034"	0	0	"PR"	82.727	"fill-di-lb"	44.773	2	0	0	1969.014	0.0	2069.02	null	2152.366	0.083
0.2	0.044	3562.5	2812.5	1725.0	NaN	NaN	NaN	1	0	0	0	0	0	0	0	0	0	0	0	0	1	0	0	0	0	0	0	1	0	0	0	1	2.0	0.096	0.23	NaN	NaN	0.229	0.511	NaN	NaN	6.87	17.885	NaN	NaN	0.0	"2.5"	"F0034"	0	0	"PR"	92.767	"fill-di-lb"	54.813	2	0	0	1969.014	0.0	2069.02	null	2162.406	0.083
0.2	0.044	2250.0	2821.875	1978.125	NaN	NaN	NaN	1	0	0	0	0	0	0	0	0	0	0	0	0	1	0	0	0	0	0	0	1	0	0	0	1	2.0	0.097	0.256	NaN	NaN	0.231	0.569	NaN	NaN	6.93	19.915	NaN	NaN	0.0	"2.5"	"F0034"	0	0	"PR"	102.805	"fill-di-lb"	64.851	2	0	0	1969.014	0.0	2069.02	null	2172.444	0.084
