cur	ec	mod-ps	rg-ps	di-ps	fw1-ps	fw2-ps	pf-ps	vlv-di-fill	vlv-di-in	vlv-di-out	vlv-rg-fill	vlv-rg-drain	vlv-rg-in	vlv-rg-out	vlv-fw1-in	vlv-fw1-out	vlv-fw2-in	vlv-po	vlv-mod-drain	pmp-sys	pmp-di	pmp-fw1	pmp-fw2	uv	en-anode1	en-cath1	pl-anode1	pl-cath1	en-anode2	en-cath2	pl-anode2	pl-cath2	pw	rg-he	di-he	fw1-he	fw2-he	rg-lev	di-lev	fw1-lev	fw2-lev	rg-vol	di-vol	fw1-vol	fw2-vol	pr-ec	ver	sn	mod-en	mod-pl	proc	proc-time	ph	ph-time	count	cyc	rnd	pr-last	rc-last	fr-last	halt-re	time	exec
2.4	0.0495	30000.0	2859.375	2278.125	NaN	NaN	NaN	0	0	0	0	0	1	1	0	0	0	0	0	1	0	0	0	0	0	0	0	1	0	0	0	1	29.0	0.101	0.286	NaN	NaN	0.24	0.636	NaN	NaN	7.2	22.26	NaN	NaN	0.0	"2.5"	"F0034"	0	0	"PR"	8.244	"prime"	7.426	0	0	0	0.0	0.0	0.0	null	10.028	0.086
2.4	0.0495	30000.0	2859.375	2278.125	NaN	NaN	NaN	0	0	0	0	0	1	1	0	0	0	0	0	1	0	0	0	0	0	0	0	1	0	0	0	1	29.0	0.101	0.286	NaN	NaN	0.24	0.636	NaN	NaN	7.2	22.26	NaN	NaN	0.0	"2.5"	"F0034"	0	0	"PR"	8.244	"prime"	7.426	0	0	0	0.0	0.0	0.0	null	10.028	0.086
2.4	0.0495	29812.5	2859.375	2287.5	NaN	NaN	NaN	0	0	0	0	0	1	1	0	0	0	0	0	1	0	0	0	0	0	0	0	1	0	0	0	1	29.0	0.101	0.287	NaN	NaN	0.24	0.638	NaN	NaN	7.2	22.33	NaN	NaN	0.0	"2.5"	"F0034"	0	0	"PR"	18.282	"prime"	17.464	0	0	0	0.0	0.0	0.0	null	20.066	0.084
2.2	0.049775	30000.0	2868.75	2278.125	NaN	NaN	NaN	0	0	0	0	0	1	1	0	0	0	0	0	1	0	0	0	0	0	0	0	1	0	0	0	1	26.0	0.102	0.286	NaN	NaN	0.243	0.636	NaN	NaN	7.29	22.26	NaN	NaN	0.0	"2.5"	"F0034"	0	0	"PR"	28.318	"prime"	27.5	0	0	0	0.0	0.0	0.0	null	30.102	0.083
-11.7	0.049225	35250.0	3018.75	2521.875	NaN	NaN	NaN	0	1	1	0	0	0	0	0	0	0	0	0	1	0	0	0	0	1	1	0	1	1	1	0	1	-140.0	0.117	0.31	NaN	NaN	0.279	0.689	NaN	NaN	8.37	24.115	NaN	NaN	0.0	"2.5"	"F0034"	1	0	"PR"	38.365	"deionize"	7.037	0	1	0	0.0	0.0	0.0	null	40.149	0.087
-11.3	0.0473	35437.5	3009.375	2540.625	NaN	NaN	NaN	0	1	1	0	0	0	0	0	0	0	0	0	1	0	0	0	0	1	1	0	1	1	1	0	1	-136.0	0.116	0.312	NaN	NaN	0.276	0.693	NaN	NaN	8.28	24.255	NaN	NaN	0.0	"2.5"	"F0034"	1	0	"PR"	48.407	"deionize"	17.079	0	1	0	0.0	0.0	0.0	null	50.191	0.087
-11.0	0.04565	34125.0	3018.75	2587.5	NaN	NaN	NaN	0	1	1	0	0	0	0	0	0	0	0	0	1	0	0	0	0	1	1	0	1	1	1	0	1	-132.0	0.117	0.317	NaN	NaN	0.279	0.704	NaN	NaN	8.37	24.64	NaN	NaN	0.0	"2.5"	"F0034"	1	0	"PR"	58.447	"deionize"	27.119	0	1	0	0.0	0.0	0.0	null	60.231	0.087
-11.9	0.044	33375.0	3018.75	2550.0	NaN	NaN	NaN	0	1	1	0	0	0	0	0	0	0	0	0	1	0	0	0	0	1	1	0	1	1	1	0	1	-143.0	0.117	0.313	NaN	NaN	0.279	0.696	NaN	NaN	8.37	24.36	NaN	NaN	0.0	"2.5"	"F0034"	1	0	"PR"	68.484	"deionize"	37.156	0	1	0	0.0	0.0	0.0	null	70.268	0.088
-11.9	0.04345	35250.0	2990.625	2578.125	NaN	NaN	NaN	0	1	1	0	0	0	0	0	0	0	0	0	1	0	0	0	0	1	1	0	1	1	1	0	1	-143.0	0.114	0.316	NaN	NaN	0.271	0.702	NaN	NaN	8.13	24.57	NaN	NaN	0.0	"2.5"	"F0034"	1	0	"PR"	78.319	"deionize"	46.991	0	1	0	0.0	0.0	0.0	null	80.103	0.084
-12.0	0.042075	34500.0	3018.75	2587.5	NaN	NaN	NaN	0	1	1	0	0	0	0	0	0	0	0	0	1	0	0	0	0	1	1	0	1	1	1	0	1	-144.0	0.117	0.317	NaN	NaN	0.279	0.704	NaN	NaN	8.37	24.64	NaN	NaN	0.0	"2.5"	"F0034"	1	0	"PR"	88.357	"deionize"	57.029	0	1	0	0.0	0.0	0.0	null	90.141	0.087
-11.7	0.0418	34500.0	3018.75	2568.75	NaN	NaN	NaN	0	1	1	0	0	0	0	0	0	0	0	0	1	0	0	0	0	1	1	0	1	1	1	0	1	-140.0	0.117	0.315	NaN	NaN	0.279	0.7	NaN	NaN	8.37	24.5	NaN	NaN	0.0	"2.5"	"F0034"	1	0	"PR"	98.399	"deionize"	67.071	0	1	0	0.0	0.0	0.0	null	100.183	0.088
-11.3	0.040425	35437.5	3018.75	2578.125	NaN	NaN	NaN	0	1	1	0	0	0	0	0	0	0	0	0	1	0	0	0	0	1	1	0	1	1	1	0	1	-136.0	0.117	0.316	NaN	NaN	0.279	0.702	NaN	NaN	8.37	24.57	NaN	NaN	0.0	"2.5"	"F0034"	1	0	"PR"	108.438	"deionize"	77.11	0	1	0	0.0	0.0	0.0	null	110.222	0.084
-10.3	0.039325	36000.0	3009.375	2521.875	NaN	NaN	NaN	0	1	1	0	0	0	0	0	0	0	0	0	1	0	0	0	0	1	1	0	1	1	1	0	1	-124.0	0.116	0.31	NaN	NaN	0.276	0.689	NaN	NaN	8.28	24.115	NaN	NaN	0.0	"2.5"	"F0034"	1	0	"PR"	118.476	"deionize"	87.148	0	1	0	0.0	0.0	0.0	null	120.26	0.084
-10.7	0.038225	35437.5	3000.0	2559.375	NaN	NaN	NaN	0	1	1	0	0	0	0	0	0	0	0	0	1	0	0	0	0	1	1	0	1	1	1	0	1	-128.0	0.115	0.314	NaN	NaN	0.274	0.698	NaN	NaN	8.22	24.43	NaN	NaN	0.0	"2.5"	"F0034"	1	0	"PR"	128.516	"deionize"	97.188	0	1	0	0.0	0.0	0.0	null	130.3	0.084
-10.4	0.037675	36187.5	3018.75	2531.25	NaN	NaN	NaN	0	1	1	0	0	0	0	0	0	0	0	0	1	0	0	0	0	1	1	0	1	1	1	0	1	-125.0	0.117	0.311	NaN	NaN	0.279	0.691	NaN	NaN	8.37	24.185	NaN	NaN	0.0	"2.5"	"F0034"	1	0	"PR"	138.551	"deionize"	107.223	0	1	0	0.0	0.0	0.0	null	140.335	0.087
-10.6	0.036025	36937.5	2990.625	2578.125	NaN	NaN	NaN	0	1	1	0	0	0	0	0	0	0	0	0	1	0	0	0	0	1	1	0	1	1	1	0	1	-127.0	0.114	0.316	NaN	NaN	0.271	0.702	NaN	NaN	8.13	24.57	NaN	NaN	0.0	"2.5"	"F0034"	1	0	"PR"	148.389	"deionize"	117.061	0	1	0	0.0	0.0	0.0	null	150.173	0.089
-10.2	0.036025	33187.5	3009.375	2587.5	NaN	NaN	NaN	0	1	1	0	0	0	0	0	0	0	0	0	1	0	0	0	0	1	1	0	1	1	1	0	1	-122.0	0.116	0.317	NaN	NaN	0.276	0.704	NaN	NaN	8.28	24.64	NaN	NaN	0.0	"2.5"	"F0034"	1	0	"PR"	158.422	"deionize"	127.094	0	1	0	0.0	0.0	0.0	null	160.206	0.084
-9.8	0.03575	34687.5	3000.0	2550.0	NaN	NaN	NaN	0	1	1	0	0	0	0	0	0	0	0	0	1	0	0	0	0	1	1	0	1	1	1	0	1	-118.0	0.115	0.313	NaN	NaN	0.274	0.696	NaN	NaN	8.22	24.36	NaN	NaN	0.0	"2.5"	"F0034"	1	0	"PR"	168.46	"deionize"	137.132	0	1	0	0.0	0.0	0.0	null	170.244	0.084
-9.7	0.0352	33937.5	3018.75	2512.5	NaN	NaN	NaN	0	1	1	0	0	0	0	0	0	0	0	0	1	0	0	0	0	1	1	0	1	1	1	0	1	-116.0	0.117	0.309	NaN	NaN	0.279	0.687	NaN	NaN	8.37	24.045	NaN	NaN	0.0	"2.5"	"F0034"	1	0	"PR"	178.498	"deionize"	147.17	0	1	0	0.0	0.0	0.0	null	180.282	0.088
-9.1	0.034925	35812.5	3018.75	2521.875	NaN	NaN	NaN	0	1	1	0	0	0	0	0	0	0	0	0	1	0	0	0	0	1	1	0	1	1	1	0	1	-109.0	0.117	0.31	NaN	NaN	0.279	0.689	NaN	NaN	8.37	24.115	NaN	NaN	0.0	"2.5"	"F0034"	1	0	"PR"	188.536	"deionize"	157.208	0	1	0	0.0	0.0	0.0	null	190.32	0.084
-9.8	0.034375	36000.0	3009.375	2606.25	NaN	NaN	NaN	0	1	1	0	0	0	0	0	0	0	0	0	1	0	0	0	0	1	1	0	1	1	1	0	1	-118.0	0.116	0.319	NaN	NaN	0.276	0.709	NaN	NaN	8.28	24.815	NaN	NaN	0.0	"2.5"	"F0034"	1	0	"PR"	198.571	"deionize"	167.243	0	1	0	0.0	0.0	0.0	null	200.355	0.084
-7.0	0.0341	36000.0	3037.5	2503.125	NaN	NaN	NaN	0	1	1	0	0	0	0	0	0	0	0	0	1	0	0	0	0	1	1	0	1	1	1	0	1	-84.0	0.119	0.308	NaN	NaN	0.283	0.684	NaN	NaN	8.49	23.94	NaN	NaN	0.0	"2.5"	"F0034"	1	0	"PR"	208.612	"deionize"	177.284	0	1	0	0.0	0.0	0.0	null	210.396	0.084
-9.4	0.033825	35812.5	3018.75	2587.5	NaN	NaN	NaN	0	1	1	0	0	0	0	0	0	0	0	0	1	0	0	0	0	1	1	0	1	1	1	0	1	-113.0	0.117	0.317	NaN	NaN	0.279	0.704	NaN	NaN	8.37	24.64	NaN	NaN	0.0	"2.5"	"F0034"	1	0	"PR"	218.647	"deionize"	187.319	0	1	0	0.0	0.0	0.0	null	220.431	0.087
-8.5	0.033825	33187.5	3009.375	2615.625	NaN	NaN	NaN	0	1	1	0	0	0	0	0	0	0	0	0	1	0	0	0	0	1	1	0	1	1	1	0	1	-102.0	0.116	0.32	NaN	NaN	0.276	0.711	NaN	NaN	8.28	24.885	NaN	NaN	0.0	"2.5"	"F0034"	1	0	"PR"	228.483	"deionize"	197.155	0	1	0	0.0	0.0	0.0	null	230.267	0.092
-9.2	0.032725	31500.0	3018.75	2587.5	NaN	NaN	NaN	0	1	1	0	0	0	0	0	0	0	0	0	1	0	0	0	0	1	1	0	1	1	1	0	1	-110.0	0.117	0.317	NaN	NaN	0.279	0.704	NaN	NaN	8.37	24.64	NaN	NaN	0.0	"2.5"	"F0034"	1	0	"PR"	238.523	"deionize"	207.195	0	1	0	0.0	0.0	0.0	null	240.307	0.09
-8.4	0.03245	34687.5	3009.375	2512.5	NaN	NaN	NaN	0	1	1	0	0	0	0	0	0	0	0	0	1	0	0	0	0	1	1	0	1	1	1	0	1	-101.0	0.116	0.309	NaN	NaN	0.276	0.687	NaN	NaN	8.28	24.045	NaN	NaN	0.0	"2.5"	"F0034"	1	0	"PR"	248.558	"deionize"	217.23	0	1	0	0.0	0.0	0.0	null	250.342	0.087
-8.9	0.03245	34687.5	3009.375	2568.75	NaN	NaN	NaN	0	1	1	0	0	0	0	0	0	0	0	0	1	0	0	0	0	1	1	0	1	1	1	0	1	-107.0	0.116	0.315	NaN	NaN	0.276	0.7	NaN	NaN	8.28	24.5	NaN	NaN	0.0	"2.5"	"F0034"	1	0	"PR"	258.599	"deionize"	227.271	0	1	0	0.0	0.0	0.0	null	260.383	0.086
-8.4	0.03245	36375.0	3000.0	2587.5	NaN	NaN	NaN	0	1	1	0	0	0	0	0	0	0	0	0	1	0	0	0	0	1	1	0	1	1	1	0	1	-101.0	0.115	0.317	NaN	NaN	0.274	0.704	NaN	NaN	8.22	24.64	NaN	NaN	0.0	"2.5"	"F0034"	1	0	"PR"	268.635	"deionize"	237.307	0	1	0	0.0	0.0	0.0	null	270.419	0.084
-7.5	0.03135	33562.5	3009.375	2578.125	NaN	NaN	NaN	0	1	1	0	0	0	0	0	0	0	0	0	1	0	0	0	1	1	1	0	1	1	1	0	1	-90.0	0.116	0.316	NaN	NaN	0.276	0.702	NaN	NaN	8.28	24.57	NaN	NaN	0.0	"2.5"	"F0034"	1	0	"PR"	278.583	"deionize-uv"	7.138	0	1	0	0.0	0.0	0.0	null	280.367	0.091
-8.3	0.031075	33750.0	3000.0	2625.0	NaN	NaN	NaN	0	1	1	0	0	0	0	0	0	0	0	0	1	0	0	0	1	1	1	0	1	1	1	0	1	-100.0	0.115	0.321	NaN	NaN	0.274	0.713	NaN	NaN	8.22	24.955	NaN	NaN	0.0	"2.5"	"F0034"	1	0	"PR"	288.617	"deionize-uv"	17.172	0	1	0	0.0	0.0	0.0	null	290.401	0.1
-8.2	0.03135	36375.0	2981.25	2550.0	NaN	NaN	NaN	0	1	1	0	0	0	0	0	0	0	0	0	1	0	0	0	1	1	1	0	1	1	1	0	1	-98.0	0.113	0.313	NaN	NaN	0.269	0.696	NaN	NaN	8.07	24.36	NaN	NaN	0.0	"2.5"	"F0034"	1	0	"PR"	298.65	"deionize-uv"	27.205	0	1	0	0.0	0.0	0.0	null	300.434	0.09
-8.0	0.030525	35812.5	3009.375	2550.0	NaN	NaN	NaN	0	1	1	0	0	0	0	0	0	0	0	0	1	0	0	0	1	1	1	0	1	1	1	0	1	-96.0	0.116	0.313	NaN	NaN	0.276	0.696	NaN	NaN	8.28	24.36	NaN	NaN	0.0	"2.5"	"F0034"	1	0	"PR"	308.689	"deionize-uv"	37.244	0	1	0	0.0	0.0	0.0	null	310.473	0.088
-9.2	0.0308	34312.5	3018.75	2559.375	NaN	NaN	NaN	0	1	1	0	0	0	0	0	0	0	0	0	1	0	0	0	1	1	1	0	1	1	1	0	1	-110.0	0.117	0.314	NaN	NaN	0.279	0.698	NaN	NaN	8.37	24.43	NaN	NaN	0.0	"2.5"	"F0034"	1	0	"PR"	318.726	"deionize-uv"	47.281	0	1	0	0.0	0.0	0.0	null	320.51	0.083
-8.4	0.030525	34687.5	3000.0	2625.0	NaN	NaN	NaN	0	1	1	0	0	0	0	0	0	0	0	0	1	0	0	0	1	1	1	0	1	1	1	0	1	-101.0	0.115	0.321	NaN	NaN	0.274	0.713	NaN	NaN	8.22	24.955	NaN	NaN	0.0	"2.5"	"F0034"	1	0	"PR"	328.76	"deionize-uv"	57.315	0	1	0	0.0	0.0	0.0	null	330.544	0.084
-8.2	0.03025	34875.0	3018.75	2550.0	NaN	NaN	NaN	0	1	1	0	0	0	0	0	0	0	0	0	1	0	0	0	1	1	1	0	1	1	1	0	1	-98.0	0.117	0.313	NaN	NaN	0.279	0.696	NaN	NaN	8.37	24.36	NaN	NaN	0.0	"2.5"	"F0034"	1	0	"PR"	338.6	"deionize-uv"	67.155	0	1	0	0.0	0.0	0.0	null	340.384	0.092
-7.7	0.029425	35812.5	3009.375	2578.125	NaN	NaN	NaN	0	1	1	0	0	0	0	0	0	0	0	0	1	0	0	0	1	1	1	0	1	1	1	0	1	-92.0	0.116	0.316	NaN	NaN	0.276	0.702	NaN	NaN	8.28	24.57	NaN	NaN	0.0	"2.5"	"F0034"	1	0	"PR"	348.63	"deionize-uv"	77.185	0	1	0	0.0	0.0	0.0	null	350.414	0.1
-8.0	0.02915	36187.5	3009.375	2587.5	NaN	NaN	NaN	0	1	1	0	0	0	0	0	0	0	0	0	1	0	0	0	1	1	1	0	1	1	1	0	1	-96.0	0.116	0.317	NaN	NaN	0.276	0.704	NaN	NaN	8.28	24.64	NaN	NaN	0.0	"2.5"	"F0034"	1	0	"PR"	358.666	"deionize-uv"	87.221	0	1	0	0.0	0.0	0.0	null	360.45	0.09
-7.4	0.02915	36187.5	3018.75	2634.375	NaN	NaN	NaN	0	1	1	0	0	0	0	0	0	0	0	0	1	0	0	0	1	1	1	0	1	1	1	0	1	-89.0	0.117	0.321	NaN	NaN	0.279	0.713	NaN	NaN	8.37	24.955	NaN	NaN	0.0	"2.5"	"F0034"	1	0	"PR"	368.71	"deionize-uv"	97.265	0	1	0	0.0	0.0	0.0	null	370.494	0.092
-7.3	0.0286	34312.5	3018.75	2578.125	NaN	NaN	NaN	0	1	1	0	0	0	0	0	0	0	0	0	1	0	0	0	1	1	1	0	1	1	1	0	1	-88.0	0.117	0.316	NaN	NaN	0.279	0.702	NaN	NaN	8.37	24.57	NaN	NaN	0.0	"2.5"	"F0034"	1	0	"PR"	378.744	"deionize-uv"	107.299	0	1	0	0.0	0.0	0.0	null	380.528	0.097
-7.5	0.02915	34875.0	3018.75	2578.125	NaN	NaN	NaN	0	1	1	0	0	0	0	0	0	0	0	0	1	0	0	0	1	1	1	0	1	1	1	0	1	-90.0	0.117	0.316	NaN	NaN	0.279	0.702	NaN	NaN	8.37	24.57	NaN	NaN	0.0	"2.5"	"F0034"	1	0	"PR"	388.781	"deionize-uv"	117.336	0	1	0	0.0	0.0	0.0	null	390.565	0.088
-7.0	0.028325	37687.5	3018.75	2109.375	NaN	NaN	NaN	0	0	1	0	0	0	0	1	0	0	0	0	1	0	0	0	1	1	1	0	1	1	1	0	1	-84.0	0.117	0.269	NaN	NaN	0.279	0.598	NaN	NaN	8.37	20.93	NaN	NaN	0.0	"2.5"	"F0034"	1	0	"PR"	398.742	"drain-di-1"	7.15	0	1	0	0.0	0.0	0.0	null	400.526	0.09
-7.1	0.028325	38812.5	3018.75	1856.25	NaN	NaN	NaN	0	0	1	0	0	0	0	1	0	0	0	0	1	0	0	0	1	1	1	0	1	1	1	0	1	-85.0	0.117	0.244	NaN	NaN	0.279	0.542	NaN	NaN	8.37	18.97	NaN	NaN	0.0	"2.5"	"F0034"	1	0	"PR"	408.78	"drain-di-1"	17.188	0	1	0	0.0	0.0	0.0	null	410.564	0.102
-7.9	0.02805	38625.0	3028.125	1593.75	NaN	NaN	NaN	0	0	1	0	0	0	0	1	0	0	0	0	1	0	0	0	1	1	1	0	1	1	1	0	1	-95.0	0.118	0.217	NaN	NaN	0.281	0.482	NaN	NaN	8.43	16.87	NaN	NaN	0.0	"2.5"	"F0034"	1	0	"PR"	418.818	"drain-di-1"	27.226	0	1	0	0.0	0.0	0.0	null	420.602	0.087
-7.3	0.028325	39562.5	3018.75	1368.75	NaN	NaN	NaN	0	0	1	0	0	0	0	1	0	0	0	0	1	0	0	0	1	1	1	0	1	1	1	0	1	-88.0	0.117	0.195	NaN	NaN	0.279	0.433	NaN	NaN	8.37	15.155	NaN	NaN	0.0	"2.5"	"F0034"	1	0	"PR"	428.855	"drain-di-1"	37.263	0	1	0	0.0	0.0	0.0	null	430.639	0.09
-6.9	0.02805	36000.0	3018.75	1134.375	NaN	NaN	NaN	0	0	1	0	0	0	0	1	0	0	0	0	1	0	0	0	1	1	1	0	1	1	1	0	1	-83.0	0.117	0.171	NaN	NaN	0.279	0.38	NaN	NaN	8.37	13.3	NaN	NaN	0.0	"2.5"	"F0034"	1	0	"PR"	438.703	"drain-di-1"	47.111	0	1	0	0.0	0.0	0.0	null	440.487	0.099
-7.3	0.027775	39000.0	3009.375	900.0	NaN	NaN	NaN	0	0	1	0	0	0	0	1	0	0	0	0	1	0	0	0	1	1	1	0	1	1	1	0	1	-88.0	0.116	0.148	NaN	NaN	0.276	0.329	NaN	NaN	8.28	11.515	NaN	NaN	0.0	"2.5"	"F0034"	1	0	"PR"	448.738	"drain-di-1"	57.146	0	1	0	0.0	0.0	0.0	null	450.522	0.087
-7.0	0.027775	38625.0	3000.0	646.875	NaN	NaN	NaN	0	0	1	0	0	0	0	1	0	0	0	0	1	0	0	0	1	1	1	0	1	1	1	0	1	-84.0	0.115	0.123	NaN	NaN	0.274	0.273	NaN	NaN	8.22	9.555	NaN	NaN	0.0	"2.5"	"F0034"	1	0	"PR"	458.777	"drain-di-1"	67.185	0	1	0	0.0	0.0	0.0	null	460.561	0.092
-5.7	0.027775	39562.5	3018.75	384.375	NaN	NaN	NaN	0	0	1	0	0	0	0	1	0	0	0	0	1	0	0	0	1	1	1	0	1	1	1	0	1	-68.0	0.117	0.096	NaN	NaN	0.279	0.213	NaN	NaN	8.37	7.455	NaN	NaN	0.0	"2.5"	"F0034"	1	0	"PR"	468.814	"drain-di-1"	77.222	0	1	0	0.0	0.0	0.0	null	470.598	0.101
-7.0	0.02805	39000.0	3000.0	178.125	NaN	NaN	NaN	0	0	1	0	0	0	0	1	0	0	0	0	1	0	0	0	1	1	1	0	1	1	1	0	1	-84.0	0.115	0.076	NaN	NaN	0.274	0.169	NaN	NaN	8.22	5.915	NaN	NaN	0.0	"2.5"	"F0034"	1	0	"PR"	478.847	"drain-di-1"	87.255	0	1	0	0.0	0.0	0.0	null	480.631	0.087
-7.0	0.027775	39750.0	3009.375	-112.5	NaN	NaN	NaN	0	0	1	0	0	0	0	1	0	0	0	0	1	0	0	0	1	1	1	0	1	1	1	0	1	-84.0	0.116	0.047	NaN	NaN	0.276	0.104	NaN	NaN	8.28	3.64	NaN	NaN	0.0	"2.5"	"F0034"	1	0	"PR"	488.794	"drip-di-1"	6.135	0	1	0	0.0	0.0	0.0	null	490.578	0.087
14.1	0.027225	30187.5	3000.0	-18.75	NaN	NaN	NaN	1	0	0	0	0	1	1	0	0	0	0	0	1	1	0	0	0	1	1	1	0	1	1	1	0	169.0	0.115	0.056	NaN	NaN	0.274	0.124	NaN	NaN	8.22	4.34	NaN	NaN	0.0	"2.5"	"F0034"	1	1	"PR"	498.794	"reverse-f"	0.967	0	1	0	0.0	0.0	0.0	null	500.578	0.095
10.8	0.028875	30000.0	2915.625	215.625	NaN	NaN	NaN	1	0	0	0	0	1	1	0	0	0	0	0	1	1	0	0	0	1	1	1	0	1	1	1	0	130.0	0.107	0.08	NaN	NaN	0.255	0.178	NaN	NaN	7.65	6.23	NaN	NaN	0.0	"2.5"	"F0034"	1	1	"PR"	508.826	"reverse-f"	10.999	0	1	0	0.0	0.0	0.0	null	510.61	0.086
12.4	0.031625	29812.5	2840.625	478.125	NaN	NaN	NaN	1	0	0	0	0	1	1	0	0	0	0	0	1	1	0	0	0	1	1	1	0	1	1	1	0	149.0	0.099	0.106	NaN	NaN	0.236	0.236	NaN	NaN	7.08	8.26	NaN	NaN	0.0	"2.5"	"F0034"	1	1	"PR"	518.857	"reverse-f"	21.03	0	1	0	0.0	0.0	0.0	null	520.641	0.083
12.3	0.033825	29812.5	2859.375	787.5	NaN	NaN	NaN	1	0	0	0	0	1	1	0	0	0	0	0	1	1	0	0	0	1	1	1	0	1	1	1	0	148.0	0.101	0.137	NaN	NaN	0.24	0.304	NaN	NaN	7.2	10.64	NaN	NaN	0.0	"2.5"	"F0034"	1	1	"PR"	528.897	"reverse-f"	31.07	0	1	0	0.0	0.0	0.0	null	530.681	0.101
12.6	0.036025	30187.5	2859.375	1059.375	NaN	NaN	NaN	1	0	0	0	0	1	1	0	0	0	0	0	1	1	0	0	0	1	1	1	0	1	1	1	0	151.0	0.101	0.164	NaN	NaN	0.24	0.364	NaN	NaN	7.2	12.74	NaN	NaN	0.0	"2.5"	"F0034"	1	1	"PR"	538.929	"reverse-f"	41.102	0	1	0	0.0	0.0	0.0	null	540.713	0.091
13.0	0.038225	30187.5	2868.75	1340.625	NaN	NaN	NaN	1	0	0	0	0	1	1	0	0	0	0	0	1	1	0	0	0	1	1	1	0	1	1	1	0	156.0	0.102	0.192	NaN	NaN	0.243	0.427	NaN	NaN	7.29	14.945	NaN	NaN	0.0	"2.5"	"F0034"	1	1	"PR"	548.966	"reverse-f"	51.139	0	1	0	0.0	0.0	0.0	null	550.75	0.087
13.3	0.040425	30187.5	2859.375	1650.0	NaN	NaN	NaN	1	0	0	0	0	1	1	0	0	0	0	0	1	1	0	0	0	1	1	1	0	1	1	1	0	160.0	0.101	0.223	NaN	NaN	0.24	0.496	NaN	NaN	7.2	17.36	NaN	NaN	0.0	"2.5"	"F0034"	1	1	"PR"	558.807	"reverse-f"	60.98	0	1	0	0.0	0.0	0.0	null	560.591	0.084
12.9	0.04235	29250.0	2896.875	1959.375	NaN	NaN	NaN	1	0	0	0	0	1	1	0	0	0	0	0	1	1	0	0	0	1	1	1	0	1	1	1	0	155.0	0.105	0.254	NaN	NaN	0.25	0.564	NaN	NaN	7.5	19.74	NaN	NaN	0.0	"2.5"	"F0034"	1	1	"PR"	568.841	"reverse-f"	71.014	0	1	0	0.0	0.0	0.0	null	570.625	0.084
12.7	0.044	30000.0	2896.875	2221.875	NaN	NaN	NaN	1	0	0	0	0	1	1	0	0	0	0	0	1	1	0	0	0	1	1	1	0	1	1	1	0	152.0	0.105	0.28	NaN	NaN	0.25	0.622	NaN	NaN	7.5	21.77	NaN	NaN	0.0	"2.5"	"F0034"	1	1	"PR"	578.874	"reverse-f"	81.047	0	1	0	0.0	0.0	0.0	null	580.658	0.084
11.8	0.0451	29250.0	2831.25	2278.125	NaN	NaN	NaN	0	0	0	0	0	1	1	0	0	0	0	0	1	0	0	0	0	1	1	1	0	1	1	1	0	142.0	0.098	0.286	NaN	NaN	0.233	0.636	NaN	NaN	6.99	22.26	NaN	NaN	0.0	"2.5"	"F0034"	1	1	"PR"	589.021	"reverse"	91.194	0	1	0	0.0	0.0	0.0	null	590.805	0.09
12.1	0.0462	30000.0	2887.5	2287.5	NaN	NaN	NaN	0	0	0	0	0	1	1	0	0	0	0	0	1	0	0	0	0	1	1	1	0	1	1	1	0	145.0	0.104	0.287	NaN	NaN	0.248	0.638	NaN	NaN	7.44	22.33	NaN	NaN	0.0	"2.5"	"F0034"	1	1	"PR"	598.856	"reverse"	101.029	0	1	0	0.0	0.0	0.0	null	600.64	0.083
13.1	0.0473	29812.5	2840.625	2268.75	NaN	NaN	NaN	0	0	0	0	0	1	1	0	0	0	0	0	1	0	0	0	0	1	1	1	0	1	1	1	0	157.0	0.099	0.285	NaN	NaN	0.236	0.633	NaN	NaN	7.08	22.155	NaN	NaN	0.0	"2.5"	"F0034"	1	1	"PR"	608.895	"reverse"	111.068	0	1	0	0.0	0.0	0.0	null	610.679	0.086
12.6	0.0484	30187.5	2821.875	2278.125	NaN	NaN	NaN	0	0	0	0	0	1	1	0	0	0	0	0	1	0	0	0	0	1	1	1	0	1	1	1	0	151.0	0.097	0.286	NaN	NaN	0.231	0.636	NaN	NaN	6.93	22.26	NaN	NaN	0.0	"2.5"	"F0034"	1	1	"PR"	618.93	"reverse"	121.103	0	1	0	0.0	0.0	0.0	null	620.714	0.098
12.2	0.048675	29437.5	2896.875	2278.125	NaN	NaN	NaN	0	0	0	0	0	1	1	0	0	0	0	0	1	0	0	0	0	1	1	1	0	1	1	1	0	146.0	0.105	0.286	NaN	NaN	0.25	0.636	NaN	NaN	7.5	22.26	NaN	NaN	0.0	"2.5"	"F0034"	1	1	"PR"	628.963	"reverse"	131.136	0	1	0	0.0	0.0	0.0	null	630.747	0.084
12.5	0.049225	30000.0	2859.375	2250.0	NaN	NaN	NaN	0	0	0	0	0	1	1	0	0	0	0	0	1	0	0	0	0	1	1	1	0	1	1	1	0	150.0	0.101	0.283	NaN	NaN	0.24	0.629	NaN	NaN	7.2	22.015	NaN	NaN	0.0	"2.5"	"F0034"	1	1	"PR"	639.005	"reverse"	141.178	0	1	0	0.0	0.0	0.0	null	640.789	0.086
4.2	0.050325	750.0	3028.125	2296.875	NaN	NaN	NaN	0	0	0	0	0	0	0	0	0	0	0	0	0	0	0	0	0	0	0	0	1	0	0	0	1	50.0	0.118	0.288	NaN	NaN	0.281	0.64	NaN	NaN	8.43	22.4	NaN	NaN	0.0	"2.5"	"F0034"	0	0	"PR"	648.93	"diffuse"	1.093	0	1	1	0.0	0.0	0.0	null	650.714	0.086
4.7	0.050325	2250.0	3028.125	2287.5	NaN	NaN	NaN	0	0	0	0	0	0	0	0	0	0	0	0	0	0	0	0	0	0	0	0	1	0	0	0	1	56.0	0.118	0.287	NaN	NaN	0.281	0.638	NaN	NaN	8.43	22.33	NaN	NaN	0.0	"2.5"	"F0034"	0	0	"PR"	658.965	"diffuse"	11.128	0	1	1	0.0	0.0	0.0	null	660.749	0.084
3.2	0.049775	3187.5	3028.125	2287.5	NaN	NaN	NaN	0	0	0	0	0	0	0	0	0	0	0	0	0	0	0	0	0	0	0	0	1	0	0	0	1	38.0	0.118	0.287	NaN	NaN	0.281	0.638	NaN	NaN	8.43	22.33	NaN	NaN	0.0	"2.5"	"F0034"	0	0	"PR"	669.009	"diffuse"	21.172	0	1	1	0.0	0.0	0.0	null	670.793	0.084
11.9	0.049775	18562.5	2821.875	2278.125	NaN	NaN	NaN	0	0	0	0	0	1	1	0	0	0	0	0	1	0	0	0	0	1	1	1	0	1	1	1	0	143.0	0.097	0.286	NaN	NaN	0.231	0.636	NaN	NaN	6.93	22.26	NaN	NaN	0.0	"2.5"	"F0034"	1	1	"PR"	678.932	"wash-en"	1.093	0	1	1	0.0	0.0	0.0	null	680.716	0.093
11.7	0.050875	30000.0	2821.875	2278.125	NaN	NaN	NaN	0	0	0	0	0	1	1	0	0	0	0	0	1	0	0	0	0	1	1	1	0	1	1	1	0	140.0	0.097	0.286	NaN	NaN	0.231	0.636	NaN	NaN	6.93	22.26	NaN	NaN	0.0	"2.5"	"F0034"	1	1	"PR"	688.968	"wash-en"	11.129	0	1	1	0.0	0.0	0.0	null	690.752	0.084
3.5	0.05115	29812.5	2896.875	2287.5	NaN	NaN	NaN	0	0	0	0	0	1	1	0	0	0	0	0	1	0	0	0	0	0	0	0	1	0	0	0	1	42.0	0.105	0.287	NaN	NaN	0.25	0.638	NaN	NaN	7.5	22.33	NaN	NaN	0.0	"2.5"	"F0034"	0	0	"PR"	699.097	"wash-sc"	1.096	0	1	1	0.0	0.0	0.0	null	700.881	0.086
4.0	0.051975	375.0	3018.75	2287.5	NaN	NaN	NaN	0	0	0	0	0	0	0	0	0	0	0	0	0	0	0	0	0	0	0	0	1	0	0	0	1	48.0	0.117	0.287	NaN	NaN	0.279	0.638	NaN	NaN	8.37	22.33	NaN	NaN	0.0	"2.5"	"F0034"	0	0	"PR"	709.132	"diffuse"	1.004	0	1	2	0.0	0.0	0.0	null	710.916	0.096
5.2	0.0517	2250.0	3028.125	2296.875	NaN	NaN	NaN	0	0	0	0	0	0	0	0	0	0	0	0	0	0	0	0	0	0	0	0	1	0	0	0	1	62.0	0.118	0.288	NaN	NaN	0.281	0.64	NaN	NaN	8.43	22.4	NaN	NaN	0.0	"2.5"	"F0034"	0	0	"PR"	719.165	"diffuse"	11.037	0	1	2	0.0	0.0	0.0	null	720.949	0.084
4.1	0.051975	750.0	3028.125	2296.875	NaN	NaN	NaN	0	0	0	0	0	0	0	0	0	0	0	0	0	0	0	0	0	0	0	0	1	0	0	0	1	49.0	0.118	0.288	NaN	NaN	0.281	0.64	NaN	NaN	8.43	22.4	NaN	NaN	0.0	"2.5"	"F0034"	0	0	"PR"	729.002	"diffuse"	20.874	0	1	2	0.0	0.0	0.0	null	730.786	0.085
12.6	0.0517	14812.5	2915.625	2278.125	NaN	NaN	NaN	0	0	0	0	0	1	1	0	0	0	0	0	1	0	0	0	0	1	1	1	0	1	1	1	0	151.0	0.107	0.286	NaN	NaN	0.255	0.636	NaN	NaN	7.65	22.26	NaN	NaN	0.0	"2.5"	"F0034"	1	1	"PR"	739.122	"wash-en"	0.891	0	1	2	0.0	0.0	0.0	null	740.906	0.086
12.6	0.0517	29250.0	2887.5	2278.125	NaN	NaN	NaN	0	0	0	0	0	1	1	0	0	0	0	0	1	0	0	0	0	1	1	1	0	1	1	1	0	151.0	0.104	0.286	NaN	NaN	0.248	0.636	NaN	NaN	7.44	22.26	NaN	NaN	0.0	"2.5"	"F0034"	1	1	"PR"	749.162	"wash-en"	10.931	0	1	2	0.0	0.0	0.0	null	750.946	0.084
2.8	0.051975	29812.5	2868.75	2287.5	NaN	NaN	NaN	0	0	0	0	0	1	1	0	0	0	0	0	1	0	0	0	0	0	0	0	1	0	0	0	1	34.0	0.102	0.287	NaN	NaN	0.243	0.638	NaN	NaN	7.29	22.33	NaN	NaN	0.0	"2.5"	"F0034"	0	0	"PR"	759.095	"wash-sc"	0.694	0	1	2	0.0	0.0	0.0	null	760.879	0.087
3.5	0.052525	3937.5	3093.75	2287.5	NaN	NaN	NaN	0	0	0	0	0	0	0	0	0	0	0	0	0	0	0	0	0	0	0	0	1	0	0	0	1	42.0	0.124	0.287	NaN	NaN	0.295	0.638	NaN	NaN	8.85	22.33	NaN	NaN	0.0	"2.5"	"F0034"	0	0	"PR"	769.132	"diffuse"	0.603	0	1	3	0.0	0.0	0.0	null	770.916	0.083
3.5	0.051975	2250.0	3037.5	2278.125	NaN	NaN	NaN	0	0	0	0	0	0	0	0	0	0	0	0	0	0	0	0	0	0	0	0	1	0	0	0	1	42.0	0.119	0.286	NaN	NaN	0.283	0.636	NaN	NaN	8.49	22.26	NaN	NaN	0.0	"2.5"	"F0034"	0	0	"PR"	779.166	"diffuse"	10.637	0	1	3	0.0	0.0	0.0	null	780.95	0.086
3.6	0.052525	2062.5	3028.125	2287.5	NaN	NaN	NaN	0	0	0	0	0	0	0	0	0	0	0	0	0	0	0	0	0	0	0	0	1	0	0	0	1	43.0	0.118	0.287	NaN	NaN	0.281	0.638	NaN	NaN	8.43	22.33	NaN	NaN	0.0	"2.5"	"F0034"	0	0	"PR"	789.205	"diffuse"	20.676	0	1	3	0.0	0.0	0.0	null	790.989	0.084
3.6	0.051975	1312.5	3028.125	2287.5	NaN	NaN	NaN	0	0	0	0	0	1	1	0	0	0	0	0	1	0	0	0	0	1	1	1	0	1	1	1	0	43.0	0.118	0.287	NaN	NaN	0.281	0.638	NaN	NaN	8.43	22.33	NaN	NaN	0.0	"2.5"	"F0034"	1	1	"PR"	798.838	"wash-en"	0.201	0	1	3	0.0	0.0	0.0	null	800.622	0.089
12.7	0.051975	28312.5	2859.375	2287.5	NaN	NaN	NaN	0	0	0	0	0	1	1	0	0	0	0	0	1	0	0	0	0	1	1	1	0	1	1	1	0	152.0	0.101	0.287	NaN	NaN	0.24	0.638	NaN	NaN	7.2	22.33	NaN	NaN	0.0	"2.5"	"F0034"	1	1	"PR"	809.18	"wash-en"	10.543	0	1	3	0.0	0.0	0.0	null	810.964	0.087
11.7	0.051425	29437.5	2850.0	2287.5	NaN	NaN	NaN	0	0	0	0	0	1	1	0	0	0	0	0	1	0	0	0	0	0	0	0	1	0	0	0	1	140.0	0.1	0.287	NaN	NaN	0.238	0.638	NaN	NaN	7.14	22.33	NaN	NaN	0.0	"2.5"	"F0034"	0	0	"PR"	819.017	"wash-sc"	0.2	0	1	3	0.0	0.0	0.0	null	820.801	0.099
2.9	0.05225	30000.0	2896.875	2287.5	NaN	NaN	NaN	0	0	0	0	0	0	0	0	0	0	0	0	0	0	0	0	0	0	0	0	1	0	0	0	1	35.0	0.105	0.287	NaN	NaN	0.25	0.638	NaN	NaN	7.5	22.33	NaN	NaN	0.0	"2.5"	"F0034"	0	0	"PR"	829.143	"diffuse"	0.201	0	1	4	0.0	0.0	0.0	null	830.927	0.103
3.4	0.05225	1312.5	3028.125	2315.625	NaN	NaN	NaN	0	0	0	0	0	0	0	0	0	0	0	0	0	0	0	0	0	0	0	0	1	0	0	0	1	41.0	0.118	0.29	NaN	NaN	0.281	0.644	NaN	NaN	8.43	22.54	NaN	NaN	0.0	"2.5"	"F0034"	0	0	"PR"	839.176	"diffuse"	10.234	0	1	4	0.0	0.0	0.0	null	840.96	0.091
3.2	0.051975	1875.0	3037.5	2296.875	NaN	NaN	NaN	0	0	0	0	0	0	0	0	0	0	0	0	0	0	0	0	0	0	0	0	1	0	0	0	1	38.0	0.119	0.288	NaN	NaN	0.283	0.64	NaN	NaN	8.49	22.4	NaN	NaN	0.0	"2.5"	"F0034"	0	0	"PR"	849.216	"diffuse"	20.274	0	1	4	0.0	0.0	0.0	null	851.0	0.087
3.1	0.052525	1875.0	3037.5	2287.5	NaN	NaN	NaN	0	0	0	0	0	1	1	0	0	0	0	0	1	0	0	0	0	1	1	1	0	1	1	1	0	37.0	0.119	0.287	NaN	NaN	0.283	0.638	NaN	NaN	8.49	22.33	NaN	NaN	0.0	"2.5"	"F0034"	1	1	"PR"	859.251	"wash-en"	0.201	0	1	4	0.0	0.0	0.0	null	861.035	0.094
12.5	0.051975	29250.0	2887.5	2268.75	NaN	NaN	NaN	0	0	0	0	0	1	1	0	0	0	0	0	1	0	0	0	0	1	1	1	0	1	1	1	0	150.0	0.104	0.285	NaN	NaN	0.248	0.633	NaN	NaN	7.44	22.155	NaN	NaN	0.0	"2.5"	"F0034"	1	1	"PR"	869.181	"wash-en"	10.131	0	1	4	0.0	0.0	0.0	null	870.965	0.088
12.8	0.05225	29812.5	2868.75	2287.5	NaN	NaN	NaN	0	0	0	0	0	1	1	0	0	0	0	0	1	0	0	0	0	1	1	1	0	1	1	1	0	154.0	0.102	0.287	NaN	NaN	0.243	0.638	NaN	NaN	7.29	22.33	NaN	NaN	0.0	"2.5"	"F0034"	1	1	"PR"	879.215	"wash-en"	20.165	0	1	4	0.0	0.0	0.0	null	880.999	0.09
2.7	0.051975	29812.5	2859.375	2278.125	NaN	NaN	NaN	0	0	0	0	0	1	1	0	0	0	0	0	1	0	0	0	0	0	0	0	1	0	0	0	1	32.0	0.101	0.286	NaN	NaN	0.24	0.636	NaN	NaN	7.2	22.26	NaN	NaN	0.0	"2.5"	"F0034"	0	0	"PR"	889.341	"wash-sc"	10.126	0	1	4	0.0	0.0	0.0	null	891.125	0.084
2.8	0.051975	-750.0	2512.5	2296.875	NaN	NaN	NaN	0	0	0	0	1	0	0	0	0	0	0	0	0	0	0	0	0	0	0	0	1	0	0	0	1	34.0	0.066	0.288	NaN	NaN	0.157	0.64	NaN	NaN	4.71	22.4	NaN	NaN	0.0	"2.5"	"F0034"	0	0	"PR"	899.18	"drain-rg"	9.839	0	1	4	0.0	0.0	0.0	null	900.964	0.095
2.8	0.051975	-375.0	2156.25	2287.5	NaN	NaN	NaN	0	0	0	0	1	0	0	0	0	0	0	0	0	0	0	0	0	0	0	0	1	0	0	0	1	34.0	0.031	0.287	NaN	NaN	0.074	0.638	NaN	NaN	2.22	22.33	NaN	NaN	0.0	"2.5"	"F0034"	0	0	"PR"	909.216	"drain-rg"	19.875	0	1	4	0.0	0.0	0.0	null	911.0	0.09
2.8	0.051975	375.0	1771.875	2287.5	NaN	NaN	NaN	0	0	0	0	1	0	0	0	0	0	0	0	0	0	0	0	0	0	0	0	1	0	0	0	1	34.0	-0.008	0.287	NaN	NaN	-0.019	0.638	NaN	NaN	-0.57	22.33	NaN	NaN	0.0	"2.5"	"F0034"	0	0	"PR"	919.248	"drip-rg"	2.005	0	1	4	0.0	0.0	0.0	null	921.032	0.09
3.4	0.05225	937.5	-9.375	2296.875	NaN	NaN	NaN	0	0	0	0	1	0	0	0	0	0	0	0	0	0	0	0	0	0	0	0	1	0	0	0	1	41.0	-0.186	0.288	NaN	NaN	-0.443	0.64	NaN	NaN	-13.29	22.4	NaN	NaN	0.0	"2.5"	"F0034"	0	0	"PR"	929.287	"drip-rg"	12.044	0	1	4	0.0	0.0	0.0	null	931.071	0.092
3.2	0.051975	29812.5	1734.375	2175.0	NaN	NaN	NaN	0	0	1	0	0	1	0	0	0	0	0	0	1	0	0	0	0	0	0	0	1	0	0	0	1	38.0	-0.012	0.276	NaN	NaN	-0.029	0.613	NaN	NaN	-0.87	21.455	NaN	NaN	0.0	"2.5"	"F0034"	0	0	"FR"	6.24	"fill-rg-di"	6.039	1	1	0	934.282	0.0	0.0	null	941.145	0.09
2.5	0.05115	30000.0	2156.25	1912.5	NaN	NaN	NaN	0	0	1	0	0	1	0	0	0	0	0	0	1	0	0	0	0	0	0	0	1	0	0	0	1	30.0	0.031	0.249	NaN	NaN	0.074	0.553	NaN	NaN	2.22	19.355	NaN	NaN	0.0	"2.5"	"F0034"	0	0	"FR"	16.079	"fill-rg-di"	15.878	1	1	0	934.282	0.0	0.0	null	950.984	0.088
2.5	0.04895	30000.0	2465.625	1659.375	NaN	NaN	NaN	0	0	1	0	0	1	0	0	0	0	0	0	1	0	0	0	0	0	0	0	1	0	0	0	1	30.0	0.062	0.224	NaN	NaN	0.148	0.498	NaN	NaN	4.44	17.43	NaN	NaN	0.0	"2.5"	"F0034"	0	0	"FR"	26.111	"fill-rg-di"	25.91	1	1	0	934.282	0.0	0.0	null	961.016	0.086
2.7	0.047575	30000.0	2784.375	1378.125	NaN	NaN	NaN	0	0	1	0	0	1	0	0	0	0	0	0	1	0	0	0	0	0	0	0	1	0	0	0	1	32.0	0.093	0.196	NaN	NaN	0.221	0.436	NaN	NaN	6.63	15.26	NaN	NaN	0.0	"2.5"	"F0034"	0	0	"FR"	36.147	"fill-rg-di"	35.946	1	1	0	934.282	0.0	0.0	null	971.052	0.091
2.5	0.04675	30187.5	3046.875	1153.125	NaN	NaN	NaN	0	0	1	0	0	1	0	0	0	0	0	0	1	0	0	0	0	0	0	0	1	0	0	0	1	30.0	0.12	0.173	NaN	NaN	0.286	0.384	NaN	NaN	8.58	13.44	NaN	NaN	0.0	"2.5"	"F0034"	0	0	"FR"	46.187	"fill-rg-di"	45.986	1	1	0	934.282	0.0	0.0	null	981.092	0.091
2.7	0.04565	937.5	2934.375	993.75	NaN	NaN	NaN	0	0	0	0	1	0	0	0	0	0	0	0	0	0	0	0	0	0	0	0	1	0	0	0	1	32.0	0.108	0.157	NaN	NaN	0.257	0.349	NaN	NaN	7.71	12.215	NaN	NaN	0.0	"2.5"	"F0034"	0	0	"FR"	56.221	"drain-rg"	3.413	1	1	0	934.282	0.0	0.0	null	991.126	0.09
2.8	0.0462	-3375.0	2559.375	984.375	NaN	NaN	NaN	0	0	0	0	1	0	0	0	0	0	0	0	0	0	0	0	0	0	0	0	1	0	0	0	1	34.0	0.071	0.156	NaN	NaN	0.169	0.347	NaN	NaN	5.07	12.145	NaN	NaN	0.0	"2.5"	"F0034"	0	0	"FR"	66.259	"drain-rg"	13.451	1	1	0	934.282	0.0	0.0	null	1001.164	0.091
2.7	0.04565	-3000.0	2240.625	993.75	NaN	NaN	NaN	0	0	0	0	1	0	0	0	0	0	0	0	0	0	0	0	0	0	0	0	1	0	0	0	1	32.0	0.039	0.157	NaN	NaN	0.093	0.349	NaN	NaN	2.79	12.215	NaN	NaN	0.0	"2.5"	"F0034"	0	0	"FR"	76.294	"drain-rg"	23.486	1	1	0	934.282	0.0	0.0	null	1011.199	0.089
2.7	0.045925	-3750.0	1912.5	993.75	NaN	NaN	NaN	0	0	0	0	1	0	0	0	0	0	0	0	0	0	0	0	0	0	0	0	1	0	0	0	1	32.0	0.006	0.157	NaN	NaN	0.014	0.349	NaN	NaN	0.42	12.215	NaN	NaN	0.0	"2.5"	"F0034"	0	0	"FR"	86.323	"drain-rg"	33.515	1	1	0	934.282	0.0	0.0	null	1021.228	0.09
2.9	0.0462	-4312.5	1275.0	965.625	NaN	NaN	NaN	0	0	0	0	1	0	0	0	0	0	0	0	0	0	0	0	0	0	0	0	1	0	0	0	1	35.0	-0.057	0.155	NaN	NaN	-0.136	0.344	NaN	NaN	-4.08	12.04	NaN	NaN	0.0	"2.5"	"F0034"	0	0	"FR"	96.159	"drip-rg"	9.434	1	1	0	934.282	0.0	0.0	null	1031.064	0.087
2.5	0.0462	29625.0	1809.375	956.25	NaN	NaN	NaN	0	0	1	0	0	1	0	0	0	0	0	0	1	0	0	0	0	0	0	0	1	0	0	0	1	30.0	-0.004	0.154	NaN	NaN	-0.01	0.342	NaN	NaN	-0.3	11.97	NaN	NaN	0.0	"2.5"	"F0034"	0	0	"PR"	3.634	"fill-rg-di"	3.433	1	0	0	934.282	0.0	1036.886	null	1041.14	0.085
2.5	0.04565	29625.0	2043.75	656.25	NaN	NaN	NaN	0	0	1	0	0	1	0	0	0	0	0	0	1	0	0	0	0	0	0	0	1	0	0	0	1	30.0	0.019	0.124	NaN	NaN	0.045	0.276	NaN	NaN	1.35	9.66	NaN	NaN	0.0	"2.5"	"F0034"	0	0	"PR"	13.674	"fill-rg-di"	13.473	1	0	0	934.282	0.0	1036.886	null	1051.18	0.089
2.6	0.0451	30000.0	2381.25	412.5	NaN	NaN	NaN	0	0	1	0	0	1	0	0	0	0	0	0	1	0	0	0	0	0	0	0	1	0	0	0	1	31.0	0.053	0.099	NaN	NaN	0.126	0.22	NaN	NaN	3.78	7.7	NaN	NaN	0.0	"2.5"	"F0034"	0	0	"PR"	23.708	"fill-rg-di"	23.507	1	0	0	934.282	0.0	1036.886	null	1061.214	0.091
3.2	0.04455	30187.5	2662.5	150.0	NaN	NaN	NaN	0	0	1	0	0	1	0	0	0	0	0	0	1	0	0	0	0	0	0	0	1	0	0	0	1	38.0	0.081	0.073	NaN	NaN	0.193	0.162	NaN	NaN	5.79	5.67	NaN	NaN	0.0	"2.5"	"F0034"	0	0	"PR"	33.743	"fill-rg-di"	33.542	1	0	0	934.282	0.0	1036.886	null	1071.249	0.091
3.1	0.043725	3562.5	2784.375	243.75	NaN	NaN	NaN	1	0	0	0	0	0	0	0	0	0	0	0	0	1	0	0	0	0	0	0	1	0	0	0	1	37.0	0.093	0.082	NaN	NaN	0.221	0.182	NaN	NaN	6.63	6.37	NaN	NaN	0.0	"2.5"	"F0034"	0	0	"PR"	43.782	"fill-di-lb"	6.224	1	0	0	934.282	0.0	1036.886	null	1081.288	0.091
2.9	0.04345	2250.0	2784.375	543.75	NaN	NaN	NaN	1	0	0	0	0	0	0	0	0	0	0	0	0	1	0	0	0	0	0	0	1	0	0	0	1	35.0	0.093	0.112	NaN	NaN	0.221	0.249	NaN	NaN	6.63	8.715	NaN	NaN	0.0	"2.5"	"F0034"	0	0	"PR"	53.813	"fill-di-lb"	16.255	1	0	0	934.282	0.0	1036.886	null	1091.319	0.09
3.8	0.043725	3000.0	2775.0	834.375	NaN	NaN	NaN	1	0	0	0	0	0	0	0	0	0	0	0	0	1	0	0	0	0	0	0	1	0	0	0	1	46.0	0.093	0.141	NaN	NaN	0.221	0.313	NaN	NaN	6.63	10.955	NaN	NaN	0.0	"2.5"	"F0034"	0	0	"PR"	63.648	"fill-di-lb"	26.09	1	0	0	934.282	0.0	1036.886	null	1101.154	0.084
2.8	0.044	3750.0	2784.375	1125.0	NaN	NaN	NaN	1	0	0	0	0	0	0	0	0	0	0	0	0	1	0	0	0	0	0	0	1	0	0	0	1	34.0	0.093	0.171	NaN	NaN	0.221	0.38	NaN	NaN	6.63	13.3	NaN	NaN	0.0	"2.5"	"F0034"	0	0	"PR"	73.685	"fill-di-lb"	36.127	1	0	0	934.282	0.0	1036.886	null	1111.191	0.084
2.4	0.044	1687.5	2765.625	1425.0	NaN	NaN	NaN	1	0	0	0	0	0	0	0	0	0	0	0	0	1	0	0	0	0	0	0	1	0	0	0	1	29.0	0.092	0.2	NaN	NaN	0.219	0.444	NaN	NaN	6.57	15.54	NaN	NaN	0.0	"2.5"	"F0034"	0	0	"PR"	83.716	"fill-di-lb"	46.158	1	0	0	934.282	0.0	1036.886	null	1121.222	0.086
3.9	0.04345	2625.0	2784.375	1743.75	NaN	NaN	NaN	1	0	0	0	0	0	0	0	0	0	0	0	0	1	0	0	0	0	0	0	1	0	0	0	1	47.0	0.093	0.232	NaN	NaN	0.221	0.516	NaN	NaN	6.63	18.06	NaN	NaN	0.0	"2.5"	"F0034"	0	0	"PR"	93.75	"fill-di-lb"	56.192	1	0	0	934.282	0.0	1036.886	null	1131.256	0.086
2.3	0.043725	2812.5	2784.375	1987.5	NaN	NaN	NaN	1	0	0	0	0	0	0	0	0	0	0	0	0	1	0	0	0	0	0	0	1	0	0	0	1	28.0	0.093	0.257	NaN	NaN	0.221	0.571	NaN	NaN	6.63	19.985	NaN	NaN	0.0	"2.5"	"F0034"	0	0	"PR"	103.793	"fill-di-lb"	66.235	1	0	0	934.282	0.0	1036.886	null	1141.299	0.086
0.6	0.044275	23250.0	2756.25	2231.25	NaN	NaN	NaN	0	0	1	0	0	1	0	0	0	0	0	0	1	0	0	0	0	0	0	0	1	0	0	0	1	7.0	0.091	0.281	NaN	NaN	0.217	0.624	NaN	NaN	6.51	21.84	NaN	NaN	0.0	"2.5"	"F0034"	0	0	"PR"	113.825	"fill-rg-di"	1.203	1	0	0	934.282	0.0	1036.886	null	1151.331	0.087
12.9	0.044	31500.0	2915.625	2718.75	NaN	NaN	NaN	0	1	1	0	0	0	0	0	0	0	0	0	1	0	0	0	0	1	1	1	0	1	1	1	0	155.0	0.107	0.33	NaN	NaN	0.255	0.733	NaN	NaN	7.65	25.655	NaN	NaN	0.0	"2.5"	"F0034"	1	1	"PR"	123.87	"deionize"	1.01	1	1	0	934.282	0.0	1036.886	null	1161.376	0.087
12.3	0.0429	35250.0	2934.375	2512.5	NaN	NaN	NaN	0	1	1	0	0	0	0	0	0	0	0	0	1	0	0	0	0	1	1	1	0	1	1	1	0	148.0	0.108	0.309	NaN	NaN	0.257	0.687	NaN	NaN	7.71	24.045	NaN	NaN	0.0	"2.5"	"F0034"	1	1	"PR"	133.706	"deionize"	10.846	1	1	0	934.282	0.0	1036.886	null	1171.212	0.086
12.2	0.04345	35625.0	2934.375	2503.125	NaN	NaN	NaN	0	1	1	0	0	0	0	0	0	0	0	0	1	0	0	0	0	1	1	1	0	1	1	1	0	146.0	0.108	0.308	NaN	NaN	0.257	0.684	NaN	NaN	7.71	23.94	NaN	NaN	0.0	"2.5"	"F0034"	1	1	"PR"	143.742	"deionize"	20.882	1	1	0	934.282	0.0	1036.886	null	1181.248	0.085
12.6	0.0418	36187.5	2943.75	2475.0	NaN	NaN	NaN	0	1	1	0	0	0	0	0	0	0	0	0	1	0	0	0	0	1	1	1	0	1	1	1	0	151.0	0.109	0.305	NaN	NaN	0.26	0.678	NaN	NaN	7.8	23.73	NaN	NaN	0.0	"2.5"	"F0034"	1	1	"PR"	153.785	"deionize"	30.925	1	1	0	934.282	0.0	1036.886	null	1191.291	0.085
12.6	0.04125	35250.0	2943.75	2512.5	NaN	NaN	NaN	0	1	1	0	0	0	0	0	0	0	0	0	1	0	0	0	0	1	1	1	0	1	1	1	0	151.0	0.109	0.309	NaN	NaN	0.26	0.687	NaN	NaN	7.8	24.045	NaN	NaN	0.0	"2.5"	"F0034"	1	1	"PR"	163.822	"deionize"	40.962	1	1	0	934.282	0.0	1036.886	null	1201.328	0.084
12.3	0.040425	34687.5	2915.625	2512.5	NaN	NaN	NaN	0	1	1	0	0	0	0	0	0	0	0	0	1	0	0	0	0	1	1	1	0	1	1	1	0	148.0	0.107	0.309	NaN	NaN	0.255	0.687	NaN	NaN	7.65	24.045	NaN	NaN	0.0	"2.5"	"F0034"	1	1	"PR"	173.858	"deionize"	50.998	1	1	0	934.282	0.0	1036.886	null	1211.364	0.085
10.8	0.039325	34312.5	2934.375	2484.375	NaN	NaN	NaN	0	1	1	0	0	0	0	0	0	0	0	0	1	0	0	0	0	1	1	1	0	1	1	1	0	130.0	0.108	0.306	NaN	NaN	0.257	0.68	NaN	NaN	7.71	23.8	NaN	NaN	0.0	"2.5"	"F0034"	1	1	"PR"	183.897	"deionize"	61.037	1	1	0	934.282	0.0	1036.886	null	1221.403	0.087
12.6	0.038775	34125.0	2934.375	2559.375	NaN	NaN	NaN	0	1	1	0	0	0	0	0	0	0	0	0	1	0	0	0	0	1	1	1	0	1	1	1	0	151.0	0.108	0.314	NaN	NaN	0.257	0.698	NaN	NaN	7.71	24.43	NaN	NaN	0.0	"2.5"	"F0034"	1	1	"PR"	193.931	"deionize"	71.071	1	1	0	934.282	0.0	1036.886	null	1231.437	0.084
12.6	0.03795	35062.5	2943.75	2512.5	NaN	NaN	NaN	0	1	1	0	0	0	0	0	0	0	0	0	1	0	0	0	0	1	1	1	0	1	1	1	0	151.0	0.109	0.309	NaN	NaN	0.26	0.687	NaN	NaN	7.8	24.045	NaN	NaN	0.0	"2.5"	"F0034"	1	1	"PR"	203.969	"deionize"	81.109	1	1	0	934.282	0.0	1036.886	null	1241.475	0.089
12.7	0.038225	35625.0	2953.125	2587.5	NaN	NaN	NaN	0	1	1	0	0	0	0	0	0	0	0	0	1	0	0	0	0	1	1	1	0	1	1	1	0	152.0	0.11	0.317	NaN	NaN	0.262	0.704	NaN	NaN	7.86	24.64	NaN	NaN	0.0	"2.5"	"F0034"	1	1	"PR"	213.804	"deionize"	90.944	1	1	0	934.282	0.0	1036.886	null	1251.31	0.084
11.9	0.0374	35437.5	2934.375	2428.125	NaN	NaN	NaN	0	1	1	0	0	0	0	0	0	0	0	0	1	0	0	0	0	1	1	1	0	1	1	1	0	143.0	0.108	0.301	NaN	NaN	0.257	0.669	NaN	NaN	7.71	23.415	NaN	NaN	0.0	"2.5"	"F0034"	1	1	"PR"	223.841	"deionize"	100.981	1	1	0	934.282	0.0	1036.886	null	1261.347	0.084
12.1	0.037675	36750.0	2962.5	2512.5	NaN	NaN	NaN	0	1	1	0	0	0	0	0	0	0	0	0	1	0	0	0	0	1	1	1	0	1	1	1	0	145.0	0.111	0.309	NaN	NaN	0.264	0.687	NaN	NaN	7.92	24.045	NaN	NaN	0.0	"2.5"	"F0034"	1	1	"PR"	233.881	"deionize"	111.021	1	1	0	934.282	0.0	1036.886	null	1271.387	0.086
12.6	0.037125	35812.5	2943.75	2418.75	NaN	NaN	NaN	0	1	1	0	0	0	0	0	0	0	0	0	1	0	0	0	0	1	1	1	0	1	1	1	0	151.0	0.109	0.3	NaN	NaN	0.26	0.667	NaN	NaN	7.8	23.345	NaN	NaN	0.0	"2.5"	"F0034"	1	1	"PR"	243.919	"deionize"	121.059	1	1	0	934.282	0.0	1036.886	null	1281.425	0.086
12.6	0.037125	34687.5	2934.375	2465.625	NaN	NaN	NaN	0	1	1	0	0	0	0	0	0	0	0	0	1	0	0	0	0	1	1	1	0	1	1	1	0	151.0	0.108	0.305	NaN	NaN	0.257	0.678	NaN	NaN	7.71	23.73	NaN	NaN	0.0	"2.5"	"F0034"	1	1	"PR"	253.956	"deionize"	131.096	1	1	0	934.282	0.0	1036.886	null	1291.462	0.084
13.8	0.036025	35062.5	2943.75	2446.875	NaN	NaN	NaN	0	1	1	0	0	0	0	0	0	0	0	0	1	0	0	0	0	1	1	1	0	1	1	1	0	166.0	0.109	0.303	NaN	NaN	0.26	0.673	NaN	NaN	7.8	23.555	NaN	NaN	0.0	"2.5"	"F0034"	1	1	"PR"	263.992	"deionize"	141.132	1	1	0	934.282	0.0	1036.886	null	1301.498	0.084
13.9	0.03575	35625.0	2981.25	2484.375	NaN	NaN	NaN	0	1	1	0	0	0	0	0	0	0	0	0	1	0	0	0	0	1	1	1	0	1	1	1	0	167.0	0.113	0.306	NaN	NaN	0.269	0.68	NaN	NaN	8.07	23.8	NaN	NaN	0.0	"2.5"	"F0034"	1	1	"PR"	274.029	"deionize"	151.169	1	1	0	934.282	0.0	1036.886	null	1311.535	0.084
12.6	0.035475	33187.5	2943.75	2390.625	NaN	NaN	NaN	0	1	1	0	0	0	0	0	0	0	0	0	1	0	0	0	0	1	1	1	0	1	1	1	0	151.0	0.109	0.297	NaN	NaN	0.26	0.66	NaN	NaN	7.8	23.1	NaN	NaN	0.0	"2.5"	"F0034"	1	1	"PR"	283.867	"deionize"	161.007	1	1	0	934.282	0.0	1036.886	null	1321.373	0.092
11.7	0.03575	35625.0	2934.375	2484.375	NaN	NaN	NaN	0	1	1	0	0	0	0	0	0	0	0	0	1	0	0	0	0	1	1	1	0	1	1	1	0	140.0	0.108	0.306	NaN	NaN	0.257	0.68	NaN	NaN	7.71	23.8	NaN	NaN	0.0	"2.5"	"F0034"	1	1	"PR"	293.902	"deionize"	171.042	1	1	0	934.282	0.0	1036.886	null	1331.408	0.091
12.6	0.03465	36000.0	2934.375	2418.75	NaN	NaN	NaN	0	1	1	0	0	0	0	0	0	0	0	0	1	0	0	0	0	1	1	1	0	1	1	1	0	151.0	0.108	0.3	NaN	NaN	0.257	0.667	NaN	NaN	7.71	23.345	NaN	NaN	0.0	"2.5"	"F0034"	1	1	"PR"	303.94	"deionize"	181.08	1	1	0	934.282	0.0	1036.886	null	1341.446	0.092
12.4	0.034925	36562.5	2953.125	2456.25	NaN	NaN	NaN	0	1	1	0	0	0	0	0	0	0	0	0	1	0	0	0	0	1	1	1	0	1	1	1	0	149.0	0.11	0.304	NaN	NaN	0.262	0.676	NaN	NaN	7.86	23.66	NaN	NaN	0.0	"2.5"	"F0034"	1	1	"PR"	313.979	"deionize"	191.119	1	1	0	934.282	0.0	1036.886	null	1351.485	0.089
12.6	0.034375	35250.0	2943.75	2437.5	NaN	NaN	NaN	0	1	1	0	0	0	0	0	0	0	0	0	1	0	0	0	0	1	1	1	0	1	1	1	0	151.0	0.109	0.302	NaN	NaN	0.26	0.671	NaN	NaN	7.8	23.485	NaN	NaN	0.0	"2.5"	"F0034"	1	1	"PR"	324.017	"deionize"	201.157	1	1	0	934.282	0.0	1036.886	null	1361.523	0.084
11.9	0.033825	34687.5	2943.75	2503.125	NaN	NaN	NaN	0	1	1	0	0	0	0	0	0	0	0	0	1	0	0	0	0	1	1	1	0	1	1	1	0	143.0	0.109	0.308	NaN	NaN	0.26	0.684	NaN	NaN	7.8	23.94	NaN	NaN	0.0	"2.5"	"F0034"	1	1	"PR"	334.056	"deionize"	211.196	1	1	0	934.282	0.0	1036.886	null	1371.562	0.088
11.6	0.033825	35250.0	2934.375	2475.0	NaN	NaN	NaN	0	1	1	0	0	0	0	0	0	0	0	0	1	0	0	0	0	1	1	1	0	1	1	1	0	139.0	0.108	0.305	NaN	NaN	0.257	0.678	NaN	NaN	7.71	23.73	NaN	NaN	0.0	"2.5"	"F0034"	1	1	"PR"	344.098	"deionize"	221.238	1	1	0	934.282	0.0	1036.886	null	1381.604	0.084
13.8	0.032725	34687.5	2943.75	2437.5	NaN	NaN	NaN	0	1	1	0	0	0	0	0	0	0	0	0	1	0	0	0	0	1	1	1	0	1	1	1	0	166.0	0.109	0.302	NaN	NaN	0.26	0.671	NaN	NaN	7.8	23.485	NaN	NaN	0.0	"2.5"	"F0034"	1	1	"PR"	354.127	"deionize"	231.267	1	1	0	934.282	0.0	1036.886	null	1391.633	0.084
13.0	0.032725	36375.0	2934.375	2437.5	NaN	NaN	NaN	0	1	1	0	0	0	0	0	0	0	0	0	1	0	0	0	1	1	1	1	0	1	1	1	0	156.0	0.108	0.302	NaN	NaN	0.257	0.671	NaN	NaN	7.71	23.485	NaN	NaN	0.0	"2.5"	"F0034"	1	1	"PR"	364.076	"deionize-uv"	1.113	1	1	0	934.282	0.0	1036.886	null	1401.582	0.085
12.8	0.03245	33562.5	2953.125	2437.5	NaN	NaN	NaN	0	1	1	0	0	0	0	0	0	0	0	0	1	0	0	0	1	1	1	1	0	1	1	1	0	154.0	0.11	0.302	NaN	NaN	0.262	0.671	NaN	NaN	7.86	23.485	NaN	NaN	0.0	"2.5"	"F0034"	1	1	"PR"	374.113	"deionize-uv"	11.15	1	1	0	934.282	0.0	1036.886	null	1411.619	0.086
12.0	0.031625	33000.0	2962.5	2390.625	NaN	NaN	NaN	0	1	1	0	0	0	0	0	0	0	0	0	1	0	0	0	1	1	1	1	0	1	1	1	0	144.0	0.111	0.297	NaN	NaN	0.264	0.66	NaN	NaN	7.92	23.1	NaN	NaN	0.0	"2.5"	"F0034"	1	1	"PR"	384.153	"deionize-uv"	21.19	1	1	0	934.282	0.0	1036.886	null	1421.659	0.086
12.4	0.032175	32812.5	2943.75	2456.25	NaN	NaN	NaN	0	1	1	0	0	0	0	0	0	0	0	0	1	0	0	0	1	1	1	1	0	1	1	1	0	149.0	0.109	0.304	NaN	NaN	0.26	0.676	NaN	NaN	7.8	23.66	NaN	NaN	0.0	"2.5"	"F0034"	1	1	"PR"	393.992	"deionize-uv"	31.029	1	1	0	934.282	0.0	1036.886	null	1431.498	0.09
12.3	0.03135	34687.5	2943.75	2446.875	NaN	NaN	NaN	0	1	1	0	0	0	0	0	0	0	0	0	1	0	0	0	1	1	1	1	0	1	1	1	0	148.0	0.109	0.303	NaN	NaN	0.26	0.673	NaN	NaN	7.8	23.555	NaN	NaN	0.0	"2.5"	"F0034"	1	1	"PR"	404.026	"deionize-uv"	41.063	1	1	0	934.282	0.0	1036.886	null	1441.532	0.09
13.0	0.03135	34687.5	2943.75	2428.125	NaN	NaN	NaN	0	1	1	0	0	0	0	0	0	0	0	0	1	0	0	0	1	1	1	1	0	1	1	1	0	156.0	0.109	0.301	NaN	NaN	0.26	0.669	NaN	NaN	7.8	23.415	NaN	NaN	0.0	"2.5"	"F0034"	1	1	"PR"	414.066	"deionize-uv"	51.103	1	1	0	934.282	0.0	1036.886	null	1451.572	0.092
12.2	0.0308	35250.0	2953.125	2362.5	NaN	NaN	NaN	0	1	1	0	0	0	0	0	0	0	0	0	1	0	0	0	1	1	1	1	0	1	1	1	0	146.0	0.11	0.294	NaN	NaN	0.262	0.653	NaN	NaN	7.86	22.855	NaN	NaN	0.0	"2.5"	"F0034"	1	1	"PR"	424.099	"deionize-uv"	61.136	1	1	0	934.282	0.0	1036.886	null	1461.605	0.09
12.4	0.03025	33000.0	2943.75	2362.5	NaN	NaN	NaN	0	1	1	0	0	0	0	0	0	0	0	0	1	0	0	0	1	1	1	1	0	1	1	1	0	149.0	0.109	0.294	NaN	NaN	0.26	0.653	NaN	NaN	7.8	22.855	NaN	NaN	0.0	"2.5"	"F0034"	1	1	"PR"	434.132	"deionize-uv"	71.169	1	1	0	934.282	0.0	1036.886	null	1471.638	0.089
12.8	0.029975	33937.5	2943.75	2390.625	NaN	NaN	NaN	0	1	1	0	0	0	0	0	0	0	0	0	1	0	0	0	1	1	1	1	0	1	1	1	0	154.0	0.109	0.297	NaN	NaN	0.26	0.66	NaN	NaN	7.8	23.1	NaN	NaN	0.0	"2.5"	"F0034"	1	1	"PR"	444.171	"deionize-uv"	81.208	1	1	0	934.282	0.0	1036.886	null	1481.677	0.093
12.0	0.02915	34687.5	2925.0	2437.5	NaN	NaN	NaN	0	1	1	0	0	0	0	0	0	0	0	0	1	0	0	0	1	1	1	1	0	1	1	1	0	144.0	0.107	0.302	NaN	NaN	0.255	0.671	NaN	NaN	7.65	23.485	NaN	NaN	0.0	"2.5"	"F0034"	1	1	"PR"	454.207	"deionize-uv"	91.244	1	1	0	934.282	0.0	1036.886	null	1491.713	0.09
12.3	0.02915	35250.0	2934.375	2400.0	NaN	NaN	NaN	0	1	1	0	0	0	0	0	0	0	0	0	1	0	0	0	1	1	1	1	0	1	1	1	0	148.0	0.108	0.298	NaN	NaN	0.257	0.662	NaN	NaN	7.71	23.17	NaN	NaN	0.0	"2.5"	"F0034"	1	1	"PR"	464.045	"deionize-uv"	101.082	1	1	0	934.282	0.0	1036.886	null	1501.551	0.086
12.5	0.028875	35437.5	2934.375	2381.25	NaN	NaN	NaN	0	1	1	0	0	0	0	0	0	0	0	0	1	0	0	0	1	1	1	1	0	1	1	1	0	150.0	0.108	0.296	NaN	NaN	0.257	0.658	NaN	NaN	7.71	23.03	NaN	NaN	0.0	"2.5"	"F0034"	1	1	"PR"	474.081	"deionize-uv"	111.118	1	1	0	934.282	0.0	1036.886	null	1511.587	0.091
12.4	0.028325	47250.0	2981.25	2175.0	NaN	NaN	NaN	0	0	1	0	0	0	0	1	0	0	0	0	1	0	0	0	1	1	1	1	0	1	1	1	0	149.0	0.113	0.276	NaN	NaN	0.269	0.613	NaN	NaN	8.07	21.455	NaN	NaN	0.0	"2.5"	"F0034"	1	1	"PR"	484.243	"drip-di-1"	0.2	1	1	0	934.282	0.0	1036.886	null	1521.749	0.101
12.4	0.027225	40125.0	2943.75	1865.625	NaN	NaN	NaN	0	0	1	0	0	0	0	1	0	0	0	0	1	0	0	0	1	1	1	1	0	1	1	1	0	149.0	0.109	0.245	NaN	NaN	0.26	0.544	NaN	NaN	7.8	19.04	NaN	NaN	0.0	"2.5"	"F0034"	1	1	"PR"	494.198	"drip-di-1"	10.155	1	1	0	934.282	0.0	1036.886	null	1531.704	0.091
-12.4	0.027775	29250.0	2793.75	1865.625	NaN	NaN	NaN	1	0	0	0	0	1	1	0	0	0	0	0	1	1	0	0	0	1	1	0	1	1	1	0	1	-149.0	0.094	0.245	NaN	NaN	0.224	0.544	NaN	NaN	6.72	19.04	NaN	NaN	0.0	"2.5"	"F0034"	1	0	"PR"	504.203	"reverse-f"	4.987	1	1	0	934.282	0.0	1036.886	null	1541.709	0.09
-11.5	0.029425	30000.0	2831.25	2146.875	NaN	NaN	NaN	1	0	0	0	0	1	1	0	0	0	0	0	1	1	0	0	0	1	1	0	1	1	1	0	1	-138.0	0.098	0.273	NaN	NaN	0.233	0.607	NaN	NaN	6.99	21.245	NaN	NaN	0.0	"2.5"	"F0034"	1	0	"PR"	514.236	"reverse-f"	15.02	1	1	0	934.282	0.0	1036.886	null	1551.742	0.09
-11.6	0.031625	29812.5	2812.5	2268.75	NaN	NaN	NaN	0	0	0	0	0	1	1	0	0	0	0	0	1	0	0	0	0	1	1	0	1	1	1	0	1	-139.0	0.096	0.285	NaN	NaN	0.229	0.633	NaN	NaN	6.87	22.155	NaN	NaN	0.0	"2.5"	"F0034"	1	0	"PR"	524.184	"reverse"	24.968	1	1	0	934.282	0.0	1036.886	null	1561.69	0.092
-11.7	0.033825	30000.0	2821.875	2250.0	NaN	NaN	NaN	0	0	0	0	0	1	1	0	0	0	0	0	1	0	0	0	0	1	1	0	1	1	1	0	1	-140.0	0.097	0.283	NaN	NaN	0.231	0.629	NaN	NaN	6.93	22.015	NaN	NaN	0.0	"2.5"	"F0034"	1	0	"PR"	534.22	"reverse"	35.004	1	1	0	934.282	0.0	1036.886	null	1571.726	0.09
-11.6	0.036025	29812.5	2784.375	2278.125	NaN	NaN	NaN	0	0	0	0	0	1	1	0	0	0	0	0	1	0	0	0	0	1	1	0	1	1	1	0	1	-139.0	0.093	0.286	NaN	NaN	0.221	0.636	NaN	NaN	6.63	22.26	NaN	NaN	0.0	"2.5"	"F0034"	1	0	"PR"	544.259	"reverse"	45.043	1	1	0	934.282	0.0	1036.886	null	1581.765	0.092
-11.2	0.037675	30375.0	2812.5	2259.375	NaN	NaN	NaN	0	0	0	0	0	1	1	0	0	0	0	0	1	0	0	0	0	1	1	0	1	1	1	0	1	-134.0	0.096	0.284	NaN	NaN	0.229	0.631	NaN	NaN	6.87	22.085	NaN	NaN	0.0	"2.5"	"F0034"	1	0	"PR"	554.292	"reverse"	55.076	1	1	0	934.282	0.0	1036.886	null	1591.798	0.09
-11.9	0.04015	29625.0	2784.375	2268.75	NaN	NaN	NaN	0	0	0	0	0	1	1	0	0	0	0	0	1	0	0	0	0	1	1	0	1	1	1	0	1	-143.0	0.093	0.285	NaN	NaN	0.221	0.633	NaN	NaN	6.63	22.155	NaN	NaN	0.0	"2.5"	"F0034"	1	0	"PR"	564.324	"reverse"	65.108	1	1	0	934.282	0.0	1036.886	null	1601.83	0.089
-11.5	0.04125	29812.5	2821.875	2268.75	NaN	NaN	NaN	0	0	0	0	0	1	1	0	0	0	0	0	1	0	0	0	0	1	1	0	1	1	1	0	1	-138.0	0.097	0.285	NaN	NaN	0.231	0.633	NaN	NaN	6.93	22.155	NaN	NaN	0.0	"2.5"	"F0034"	1	0	"PR"	574.169	"reverse"	74.953	1	1	0	934.282	0.0	1036.886	null	1611.675	0.088
-11.9	0.044	29437.5	2850.0	2259.375	NaN	NaN	NaN	0	0	0	0	0	1	1	0	0	0	0	0	1	0	0	0	0	1	1	0	1	1	1	0	1	-143.0	0.1	0.284	NaN	NaN	0.238	0.631	NaN	NaN	7.14	22.085	NaN	NaN	0.0	"2.5"	"F0034"	1	0	"PR"	584.204	"reverse"	84.988	1	1	0	934.282	0.0	1036.886	null	1621.71	0.086
-12.6	0.043175	30187.5	2821.875	2240.625	NaN	NaN	NaN	0	0	0	0	0	1	1	0	0	0	0	0	1	0	0	0	0	1	1	0	1	1	1	0	1	-151.0	0.097	0.282	NaN	NaN	0.231	0.627	NaN	NaN	6.93	21.945	NaN	NaN	0.0	"2.5"	"F0034"	1	0	"PR"	594.236	"reverse"	95.02	1	1	0	934.282	0.0	1036.886	null	1631.742	0.086
-12.8	0.044825	30187.5	2803.125	2278.125	NaN	NaN	NaN	0	0	0	0	0	1	1	0	0	0	0	0	1	0	0	0	0	1	1	0	1	1	1	0	1	-154.0	0.095	0.286	NaN	NaN	0.226	0.636	NaN	NaN	6.78	22.26	NaN	NaN	0.0	"2.5"	"F0034"	1	0	"PR"	604.274	"reverse"	105.058	1	1	0	934.282	0.0	1036.886	null	1641.78	0.088
-11.1	0.04565	29812.5	2803.125	2259.375	NaN	NaN	NaN	0	0	0	0	0	1	1	0	0	0	0	0	1	0	0	0	0	1	1	0	1	1	1	0	1	-133.0	0.095	0.284	NaN	NaN	0.226	0.631	NaN	NaN	6.78	22.085	NaN	NaN	0.0	"2.5"	"F0034"	1	0	"PR"	614.304	"reverse"	115.088	1	1	0	934.282	0.0	1036.886	null	1651.81	0.086
-11.7	0.045925	29812.5	2803.125	2240.625	NaN	NaN	NaN	0	0	0	0	0	1	1	0	0	0	0	0	1	0	0	0	0	1	1	0	1	1	1	0	1	-140.0	0.095	0.282	NaN	NaN	0.226	0.627	NaN	NaN	6.78	21.945	NaN	NaN	0.0	"2.5"	"F0034"	1	0	"PR"	624.338	"reverse"	125.122	1	1	0	934.282	0.0	1036.886	null	1661.844	0.087
-11.8	0.0462	30187.5	2812.5	2259.375	NaN	NaN	NaN	0	0	0	0	0	1	1	0	0	0	0	0	1	0	0	0	0	1	1	0	1	1	1	0	1	-142.0	0.096	0.284	NaN	NaN	0.229	0.631	NaN	NaN	6.87	22.085	NaN	NaN	0.0	"2.5"	"F0034"	1	0	"PR"	634.376	"reverse"	135.16	1	1	0	934.282	0.0	1036.886	null	1671.882	0.089
-11.9	0.0462	30000.0	2821.875	2250.0	NaN	NaN	NaN	0	0	0	0	0	1	1	0	0	0	0	0	1	0	0	0	0	1	1	0	1	1	1	0	1	-143.0	0.097	0.283	NaN	NaN	0.231	0.629	NaN	NaN	6.93	22.015	NaN	NaN	0.0	"2.5"	"F0034"	1	0	"PR"	644.412	"reverse"	145.196	1	1	0	934.282	0.0	1036.886	null	1681.918	0.091
1.1	0.047025	2625.0	2981.25	2250.0	NaN	NaN	NaN	0	0	0	0	0	0	0	0	0	0	0	0	0	0	0	0	0	0	0	0	1	0	0	0	1	13.0	0.113	0.283	NaN	NaN	0.269	0.629	NaN	NaN	8.07	22.015	NaN	NaN	0.0	"2.5"	"F0034"	0	0	"PR"	654.333	"diffuse"	5.103	1	1	1	934.282	0.0	1036.886	null	1691.839	0.086
0.7	0.046475	1875.0	2981.25	2278.125	NaN	NaN	NaN	0	0	0	0	0	0	0	0	0	0	0	0	0	0	0	0	0	0	0	0	1	0	0	0	1	8.0	0.113	0.286	NaN	NaN	0.269	0.636	NaN	NaN	8.07	22.26	NaN	NaN	0.0	"2.5"	"F0034"	0	0	"PR"	664.371	"diffuse"	15.141	1	1	1	934.282	0.0	1036.886	null	1701.877	0.089
-0.3	0.0473	1125.0	2971.875	2240.625	NaN	NaN	NaN	0	0	0	0	0	0	0	0	0	0	0	0	0	0	0	0	0	0	0	0	1	0	0	0	1	-4.0	0.112	0.282	NaN	NaN	0.267	0.627	NaN	NaN	8.01	21.945	NaN	NaN	0.0	"2.5"	"F0034"	0	0	"PR"	674.403	"diffuse"	25.173	1	1	1	934.282	0.0	1036.886	null	1711.909	0.086
-11.9	0.047025	29250.0	2784.375	2250.0	NaN	NaN	NaN	0	0	0	0	0	1	1	0	0	0	0	0	1	0	0	0	0	1	1	0	1	1	1	0	1	-143.0	0.093	0.283	NaN	NaN	0.221	0.629	NaN	NaN	6.63	22.015	NaN	NaN	0.0	"2.5"	"F0034"	1	0	"PR"	684.327	"wash-en"	4.906	1	1	1	934.282	0.0	1036.886	null	1721.833	0.084
-11.7	0.0473	29250.0	2812.5	2259.375	NaN	NaN	NaN	0	0	0	0	0	1	1	0	0	0	0	0	1	0	0	0	0	1	1	0	1	1	1	0	1	-140.0	0.096	0.284	NaN	NaN	0.229	0.631	NaN	NaN	6.87	22.085	NaN	NaN	0.0	"2.5"	"F0034"	1	0	"PR"	694.365	"wash-en"	14.944	1	1	1	934.282	0.0	1036.886	null	1731.871	0.085
1.8	0.047575	30375.0	2821.875	2240.625	NaN	NaN	NaN	0	0	0	0	0	1	1	0	0	0	0	0	1	0	0	0	0	0	0	0	1	0	0	0	1	22.0	0.097	0.282	NaN	NaN	0.231	0.627	NaN	NaN	6.93	21.945	NaN	NaN	0.0	"2.5"	"F0034"	0	0	"PR"	704.294	"wash-sc"	4.708	1	1	1	934.282	0.0	1036.886	null	1741.8	0.084
1.1	0.0484	937.5	2962.5	2268.75	NaN	NaN	NaN	0	0	0	0	0	0	0	0	0	0	0	0	0	0	0	0	0	0	0	0	1	0	0	0	1	13.0	0.111	0.285	NaN	NaN	0.264	0.633	NaN	NaN	7.92	22.155	NaN	NaN	0.0	"2.5"	"F0034"	0	0	"PR"	714.328	"diffuse"	4.615	1	1	2	934.282	0.0	1036.886	null	1751.834	0.084
1.3	0.047575	1875.0	2981.25	2287.5	NaN	NaN	NaN	0	0	0	0	0	0	0	0	0	0	0	0	0	0	0	0	0	0	0	0	1	0	0	0	1	16.0	0.113	0.287	NaN	NaN	0.269	0.638	NaN	NaN	8.07	22.33	NaN	NaN	0.0	"2.5"	"F0034"	0	0	"PR"	724.368	"diffuse"	14.655	1	1	2	934.282	0.0	1036.886	null	1761.874	0.085
0.5	0.048125	1125.0	2962.5	2278.125	NaN	NaN	NaN	0	0	0	0	0	0	0	0	0	0	0	0	0	0	0	0	0	0	0	0	1	0	0	0	1	6.0	0.111	0.286	NaN	NaN	0.264	0.636	NaN	NaN	7.92	22.26	NaN	NaN	0.0	"2.5"	"F0034"	0	0	"PR"	734.401	"diffuse"	24.688	1	1	2	934.282	0.0	1036.886	null	1771.907	0.083
-12.1	0.04785	29437.5	2793.75	2231.25	NaN	NaN	NaN	0	0	0	0	0	1	1	0	0	0	0	0	1	0	0	0	0	1	1	0	1	1	1	0	1	-145.0	0.094	0.281	NaN	NaN	0.224	0.624	NaN	NaN	6.72	21.84	NaN	NaN	0.0	"2.5"	"F0034"	1	0	"PR"	744.524	"wash-en"	4.706	1	1	2	934.282	0.0	1036.886	null	1782.03	0.086
-11.5	0.0484	30187.5	2821.875	2278.125	NaN	NaN	NaN	0	0	0	0	0	1	1	0	0	0	0	0	1	0	0	0	0	1	1	0	1	1	1	0	1	-138.0	0.097	0.286	NaN	NaN	0.231	0.636	NaN	NaN	6.93	22.26	NaN	NaN	0.0	"2.5"	"F0034"	1	0	"PR"	754.358	"wash-en"	14.54	1	1	2	934.282	0.0	1036.886	null	1791.864	0.084
2.8	0.0484	29250.0	2784.375	2278.125	NaN	NaN	NaN	0	0	0	0	0	1	1	0	0	0	0	0	1	0	0	0	0	0	0	0	1	0	0	0	1	34.0	0.093	0.286	NaN	NaN	0.221	0.636	NaN	NaN	6.63	22.26	NaN	NaN	0.0	"2.5"	"F0034"	0	0	"PR"	764.486	"wash-sc"	4.506	1	1	2	934.282	0.0	1036.886	null	1801.992	0.084
1.6	0.04895	1687.5	2971.875	2259.375	NaN	NaN	NaN	0	0	0	0	0	0	0	0	0	0	0	0	0	0	0	0	0	0	0	0	1	0	0	0	1	19.0	0.112	0.284	NaN	NaN	0.267	0.631	NaN	NaN	8.01	22.085	NaN	NaN	0.0	"2.5"	"F0034"	0	0	"PR"	774.52	"diffuse"	4.414	1	1	3	934.282	0.0	1036.886	null	1812.026	0.084
1.5	0.0484	1875.0	2971.875	2278.125	NaN	NaN	NaN	0	0	0	0	0	0	0	0	0	0	0	0	0	0	0	0	0	0	0	0	1	0	0	0	1	18.0	0.112	0.286	NaN	NaN	0.267	0.636	NaN	NaN	8.01	22.26	NaN	NaN	0.0	"2.5"	"F0034"	0	0	"PR"	784.557	"diffuse"	14.451	1	1	3	934.282	0.0	1036.886	null	1822.063	0.084
0.6	0.0484	3187.5	2981.25	2268.75	NaN	NaN	NaN	0	0	0	0	0	0	0	0	0	0	0	0	0	0	0	0	0	0	0	0	1	0	0	0	1	7.0	0.113	0.285	NaN	NaN	0.269	0.633	NaN	NaN	8.07	22.155	NaN	NaN	0.0	"2.5"	"F0034"	0	0	"PR"	794.393	"diffuse"	24.287	1	1	3	934.282	0.0	1036.886	null	1831.899	0.083
-11.6	0.047575	30187.5	2793.75	2268.75	NaN	NaN	NaN	0	0	0	0	0	1	1	0	0	0	0	0	1	0	0	0	0	1	1	0	1	1	1	0	1	-139.0	0.094	0.285	NaN	NaN	0.224	0.633	NaN	NaN	6.72	22.155	NaN	NaN	0.0	"2.5"	"F0034"	1	0	"PR"	804.514	"wash-en"	4.303	1	1	3	934.282	0.0	1036.886	null	1842.02	0.084
-12.0	0.04785	29625.0	2812.5	2240.625	NaN	NaN	NaN	0	0	0	0	0	1	1	0	0	0	0	0	1	0	0	0	0	1	1	0	1	1	1	0	1	-144.0	0.096	0.282	NaN	NaN	0.229	0.627	NaN	NaN	6.87	21.945	NaN	NaN	0.0	"2.5"	"F0034"	1	0	"PR"	814.546	"wash-en"	14.335	1	1	3	934.282	0.0	1036.886	null	1852.052	0.084
2.3	0.0484	30187.5	2812.5	2268.75	NaN	NaN	NaN	0	0	0	0	0	1	1	0	0	0	0	0	1	0	0	0	0	0	0	0	1	0	0	0	1	28.0	0.096	0.285	NaN	NaN	0.229	0.633	NaN	NaN	6.87	22.155	NaN	NaN	0.0	"2.5"	"F0034"	0	0	"PR"	824.479	"wash-sc"	4.109	1	1	3	934.282	0.0	1036.886	null	1861.985	0.085
2.4	0.048125	2437.5	2981.25	2268.75	NaN	NaN	NaN	0	0	0	0	0	0	0	0	0	0	0	0	0	0	0	0	0	0	0	0	1	0	0	0	1	29.0	0.113	0.285	NaN	NaN	0.269	0.633	NaN	NaN	8.07	22.155	NaN	NaN	0.0	"2.5"	"F0034"	0	0	"PR"	834.514	"diffuse"	4.013	1	1	4	934.282	0.0	1036.886	null	1872.02	0.084
1.5	0.0484	1312.5	2971.875	2278.125	NaN	NaN	NaN	0	0	0	0	0	0	0	0	0	0	0	0	0	0	0	0	0	0	0	0	1	0	0	0	1	18.0	0.112	0.286	NaN	NaN	0.267	0.636	NaN	NaN	8.01	22.26	NaN	NaN	0.0	"2.5"	"F0034"	0	0	"PR"	844.545	"diffuse"	14.044	1	1	4	934.282	0.0	1036.886	null	1882.051	0.084
1.3	0.048125	1125.0	2971.875	2268.75	NaN	NaN	NaN	0	0	0	0	0	0	0	0	0	0	0	0	0	0	0	0	0	0	0	0	1	0	0	0	1	16.0	0.112	0.285	NaN	NaN	0.267	0.633	NaN	NaN	8.01	22.155	NaN	NaN	0.0	"2.5"	"F0034"	0	0	"PR"	854.586	"diffuse"	24.085	1	1	4	934.282	0.0	1036.886	null	1892.092	0.084
-11.4	0.047575	30187.5	2812.5	2250.0	NaN	NaN	NaN	0	0	0	0	0	1	1	0	0	0	0	0	1	0	0	0	0	1	1	0	1	1	1	0	1	-137.0	0.096	0.283	NaN	NaN	0.229	0.629	NaN	NaN	6.87	22.015	NaN	NaN	0.0	"2.5"	"F0034"	1	0	"PR"	864.507	"wash-en"	3.901	1	1	4	934.282	0.0	1036.886	null	1902.013	0.09
-8.8	0.0484	29625.0	2821.875	2278.125	NaN	NaN	NaN	0	0	0	0	0	1	1	0	0	0	0	0	1	0	0	0	0	1	1	0	1	1	1	0	1	-106.0	0.097	0.286	NaN	NaN	0.231	0.636	NaN	NaN	6.93	22.26	NaN	NaN	0.0	"2.5"	"F0034"	1	0	"PR"	874.538	"wash-en"	13.932	1	1	4	934.282	0.0	1036.886	null	1912.044	0.087
0.8	0.048125	30562.5	2812.5	2250.0	NaN	NaN	NaN	0	0	0	0	0	1	1	0	0	0	0	0	1	0	0	0	0	0	0	0	1	0	0	0	1	10.0	0.096	0.283	NaN	NaN	0.229	0.629	NaN	NaN	6.87	22.015	NaN	NaN	0.0	"2.5"	"F0034"	0	0	"PR"	884.669	"wash-sc"	3.904	1	1	4	934.282	0.0	1036.886	null	1922.175	0.086
1.9	0.048125	-562.5	2615.625	2268.75	NaN	NaN	NaN	0	0	0	0	1	0	0	0	0	0	0	0	0	0	0	0	0	0	0	0	1	0	0	0	1	23.0	0.077	0.285	NaN	NaN	0.183	0.633	NaN	NaN	5.49	22.155	NaN	NaN	0.0	"2.5"	"F0034"	0	0	"PR"	894.505	"drain-rg"	3.615	1	1	4	934.282	0.0	1036.886	null	1932.011	0.09
1.4	0.048125	-1125.0	2315.625	2287.5	NaN	NaN	NaN	0	0	0	0	1	0	0	0	0	0	0	0	0	0	0	0	0	0	0	0	1	0	0	0	1	17.0	0.047	0.287	NaN	NaN	0.112	0.638	NaN	NaN	3.36	22.33	NaN	NaN	0.0	"2.5"	"F0034"	0	0	"PR"	904.544	"drain-rg"	13.654	1	1	4	934.282	0.0	1036.886	null	1942.05	0.09
1.6	0.048125	-187.5	1931.25	2287.5	NaN	NaN	NaN	0	0	0	0	1	0	0	0	0	0	0	0	0	0	0	0	0	0	0	0	1	0	0	0	1	19.0	0.008	0.287	NaN	NaN	0.019	0.638	NaN	NaN	0.57	22.33	NaN	NaN	0.0	"2.5"	"F0034"	0	0	"PR"	914.583	"drain-rg"	23.693	1	1	4	934.282	0.0	1036.886	null	1952.089	0.091
1.3	0.048125	-187.5	1443.75	2278.125	NaN	NaN	NaN	0	0	0	0	1	0	0	0	0	0	0	0	0	0	0	0	0	0	0	0	1	0	0	0	1	16.0	-0.041	0.286	NaN	NaN	-0.098	0.636	NaN	NaN	-2.94	22.26	NaN	NaN	0.0	"2.5"	"F0034"	0	0	"PR"	924.614	"drip-rg"	7.824	1	1	4	934.282	0.0	1036.886	null	1962.12	0.087
1.5	0.048675	29437.5	112.5	2240.625	NaN	NaN	NaN	0	0	1	0	0	1	0	0	0	0	0	0	1	0	0	0	0	0	0	0	1	0	0	0	1	18.0	-0.174	0.282	NaN	NaN	-0.414	0.627	NaN	NaN	-12.42	21.945	NaN	NaN	0.0	"2.5"	"F0034"	0	0	"FR"	2.026	"fill-rg-di"	1.825	2	1	0	1969.543	0.0	1036.886	null	1972.194	0.086
2.8	0.04785	29812.5	1996.875	1968.75	NaN	NaN	NaN	0	0	1	0	0	1	0	0	0	0	0	0	1	0	0	0	0	0	0	0	1	0	0	0	1	34.0	0.015	0.255	NaN	NaN	0.036	0.567	NaN	NaN	1.08	19.845	NaN	NaN	0.0	"2.5"	"F0034"	0	0	"FR"	12.058	"fill-rg-di"	11.857	2	1	0	1969.543	0.0	1036.886	null	1982.226	0.084
1.0	0.04675	30000.0	2306.25	1734.375	NaN	NaN	NaN	0	0	1	0	0	1	0	0	0	0	0	0	1	0	0	0	0	0	0	0	1	0	0	0	1	12.0	0.046	0.231	NaN	NaN	0.11	0.513	NaN	NaN	3.3	17.955	NaN	NaN	0.0	"2.5"	"F0034"	0	0	"FR"	22.096	"fill-rg-di"	21.895	2	1	0	1969.543	0.0	1036.886	null	1992.264	0.084
1.7	0.044825	30375.0	2606.25	1500.0	NaN	NaN	NaN	0	0	1	0	0	1	0	0	0	0	0	0	1	0	0	0	0	0	0	0	1	0	0	0	1	20.0	0.076	0.208	NaN	NaN	0.181	0.462	NaN	NaN	5.43	16.17	NaN	NaN	0.0	"2.5"	"F0034"	0	0	"FR"	31.93	"fill-rg-di"	31.729	2	1	0	1969.543	0.0	1036.886	null	2002.098	0.09
1.0	0.044	30750.0	2925.0	1228.125	NaN	NaN	NaN	0	0	1	0	0	1	0	0	0	0	0	0	1	0	0	0	0	0	0	0	1	0	0	0	1	12.0	0.107	0.181	NaN	NaN	0.255	0.402	NaN	NaN	7.65	14.07	NaN	NaN	0.0	"2.5"	"F0034"	0	0	"FR"	41.968	"fill-rg-di"	41.767	2	1	0	1969.543	0.0	1036.886	null	2012.136	0.09
0.7	0.042625	30562.5	3215.625	984.375	NaN	NaN	NaN	0	0	1	0	0	1	0	0	0	0	0	0	1	0	0	0	0	0	0	0	1	0	0	0	1	8.0	0.137	0.156	NaN	NaN	0.326	0.347	NaN	NaN	9.78	12.145	NaN	NaN	0.0	"2.5"	"F0034"	0	0	"FR"	52.008	"fill-rg-di"	51.807	2	1	0	1969.543	0.0	1036.886	null	2022.176	0.092
1.2	0.042625	-3375.0	2775.0	928.125	NaN	NaN	NaN	0	0	0	0	1	0	0	0	0	0	0	0	0	0	0	0	0	0	0	0	1	0	0	0	1	14.0	0.093	0.151	NaN	NaN	0.221	0.336	NaN	NaN	6.63	11.76	NaN	NaN	0.0	"2.5"	"F0034"	0	0	"FR"	62.039	"drain-rg"	8.425	2	1	0	1969.543	0.0	1036.886	null	2032.207	0.087
0.8	0.0418	-5062.5	2437.5	946.875	NaN	NaN	NaN	0	0	0	0	1	0	0	0	0	0	0	0	0	0	0	0	0	0	0	0	1	0	0	0	1	10.0	0.059	0.153	NaN	NaN	0.14	0.34	NaN	NaN	4.2	11.9	NaN	NaN	0.0	"2.5"	"F0034"	0	0	"FR"	72.073	"drain-rg"	18.459	2	1	0	1969.543	0.0	1036.886	null	2042.241	0.09
1.3	0.0418	-5062.5	2053.125	956.25	NaN	NaN	NaN	0	0	0	0	1	0	0	0	0	0	0	0	0	0	0	0	0	0	0	0	1	0	0	0	1	16.0	0.02	0.154	NaN	NaN	0.048	0.342	NaN	NaN	1.44	11.97	NaN	NaN	0.0	"2.5"	"F0034"	0	0	"FR"	82.111	"drain-rg"	28.497	2	1	0	1969.543	0.0	1036.886	null	2052.279	0.092
0.3	0.0429	-5625.0	1696.875	956.25	NaN	NaN	NaN	0	0	0	0	1	0	0	0	0	0	0	0	0	0	0	0	0	0	0	0	1	0	0	0	1	4.0	-0.015	0.154	NaN	NaN	-0.036	0.342	NaN	NaN	-1.08	11.97	NaN	NaN	0.0	"2.5"	"F0034"	0	0	"FR"	92.146	"drip-rg"	4.215	2	1	0	1969.543	0.0	1036.886	null	2062.314	0.09
0.6	0.0429	-7312.5	0.0	956.25	NaN	NaN	NaN	0	0	0	0	1	0	0	0	0	0	0	0	0	0	0	0	0	0	0	0	1	0	0	0	1	7.0	-0.185	0.154	NaN	NaN	-0.44	0.342	NaN	NaN	-13.2	11.97	NaN	NaN	0.0	"2.5"	"F0034"	0	0	"FR"	102.181	"drip-rg"	14.25	2	1	0	1969.543	0.0	1036.886	null	2072.349	0.09
0.9	0.04235	30000.0	1809.375	768.75	NaN	NaN	NaN	0	0	1	0	0	1	0	0	0	0	0	0	1	0	0	0	0	0	0	0	1	0	0	0	1	11.0	-0.004	0.135	NaN	NaN	-0.01	0.3	NaN	NaN	-0.3	10.5	NaN	NaN	0.0	"2.5"	"F0034"	0	0	"PR"	8.248	"fill-rg-di"	8.047	2	0	0	1969.543	0.0	2073.352	null	2082.224	0.09
0.8	0.04125	29812.5	2203.125	506.25	NaN	NaN	NaN	0	0	1	0	0	1	0	0	0	0	0	0	1	0	0	0	0	0	0	0	1	0	0	0	1	10.0	0.035	0.109	NaN	NaN	0.083	0.242	NaN	NaN	2.49	8.47	NaN	NaN	0.0	"2.5"	"F0034"	0	0	"PR"	18.287	"fill-rg-di"	18.086	2	0	0	1969.543	0.0	2073.352	null	2092.263	0.092
1.0	0.040425	30375.0	2521.875	253.125	NaN	NaN	NaN	0	0	1	0	0	1	0	0	0	0	0	0	1	0	0	0	0	0	0	0	1	0	0	0	1	12.0	0.067	0.083	NaN	NaN	0.16	0.184	NaN	NaN	4.8	6.44	NaN	NaN	0.0	"2.5"	"F0034"	0	0	"PR"	28.322	"fill-rg-di"	28.121	2	0	0	1969.543	0.0	2073.352	null	2102.298	0.087
1.0	0.039325	3000.0	2728.125	150.0	NaN	NaN	NaN	1	0	0	0	0	0	0	0	0	0	0	0	0	1	0	0	0	0	0	0	1	0	0	0	1	12.0	0.088	0.073	NaN	NaN	0.21	0.162	NaN	NaN	6.3	5.67	NaN	NaN	0.0	"2.5"	"F0034"	0	0	"PR"	38.358	"fill-di-lb"	2.809	2	0	0	1969.543	0.0	2073.352	null	2112.334	0.09
0.6	0.039875	937.5	2737.5	431.25	NaN	NaN	NaN	1	0	0	0	0	0	0	0	0	0	0	0	0	1	0	0	0	0	0	0	1	0	0	0	1	7.0	0.089	0.101	NaN	NaN	0.212	0.224	NaN	NaN	6.36	7.84	NaN	NaN	0.0	"2.5"	"F0034"	0	0	"PR"	48.395	"fill-di-lb"	12.846	2	0	0	1969.543	0.0	2073.352	null	2122.371	0.09
1.0	0.039875	1875.0	2756.25	740.625	NaN	NaN	NaN	1	0	0	0	0	0	0	0	0	0	0	0	0	1	0	0	0	0	0	0	1	0	0	0	1	12.0	0.091	0.132	NaN	NaN	0.217	0.293	NaN	NaN	6.51	10.255	NaN	NaN	0.0	"2.5"	"F0034"	0	0	"PR"	58.43	"fill-di-lb"	22.881	2	0	0	1969.543	0.0	2073.352	null	2132.406	0.087
-0.1	0.0396	3187.5	2737.5	1031.25	NaN	NaN	NaN	1	0	0	0	0	0	0	0	0	0	0	0	0	1	0	0	0	0	0	0	1	0	0	0	1	-1.0	0.089	0.161	NaN	NaN	0.212	0.358	NaN	NaN	6.36	12.53	NaN	NaN	0.0	"2.5"	"F0034"	0	0	"PR"	68.263	"fill-di-lb"	32.714	2	0	0	1969.543	0.0	2073.352	null	2142.239	0.085
1.2	0.04015	3000.0	2737.5	1331.25	NaN	NaN	NaN	1	0	0	0	0	0	0	0	0	0	0	0	0	1	0	0	0	0	0	0	1	0	0	0	1	14.0	0.089	0.191	NaN	NaN	0.212	0.424	NaN	NaN	6.36	14.84	NaN	NaN	0.0	"2.5"	"F0034"	0	0	"PR"	78.304	"fill-di-lb"	42.755	2	0	0	1969.543	0.0	2073.352	null	2152.28	0.088
1.2	0.0396	1500.0	2737.5	1612.5	NaN	NaN	NaN	1	0	0	0	0	0	0	0	0	0	0	0	0	1	0	0	0	0	0	0	1	0	0	0	1	14.0	0.089	0.219	NaN	NaN	0.212	0.487	NaN	NaN	6.36	17.045	NaN	NaN	0.0	"2.5"	"F0034"	0	0	"PR"	88.336	"fill-di-lb"	52.787	2	0	0	1969.543	0.0	2073.352	null	2162.312	0.086
1.0	0.040425	1875.0	2728.125	1884.375	NaN	NaN	NaN	1	0	0	0	0	0	0	0	0	0	0	0	0	1	0	0	0	0	0	0	1	0	0	0	1	12.0	0.088	0.246	NaN	NaN	0.21	0.547	NaN	NaN	6.3	19.145	NaN	NaN	0.0	"2.5"	"F0034"	0	0	"PR"	98.368	"fill-di-lb"	62.819	2	0	0	1969.543	0.0	2073.352	null	2172.344	0.087
1.0	0.04015	1875.0	2737.5	2203.125	NaN	NaN	NaN	1	0	0	0	0	0	0	0	0	0	0	0	0	1	0	0	0	0	0	0	1	0	0	0	1	12.0	0.089	0.278	NaN	NaN	0.212	0.618	NaN	NaN	6.36	21.63	NaN	NaN	0.0	"2.5"	"F0034"	0	0	"PR"	108.41	"fill-di-lb"	72.861	2	0	0	1969.543	0.0	2073.352	null	2182.386	0.09
1.0	0.039875	3562.5	2971.875	2100.0	NaN	NaN	NaN	1	0	0	0	0	0	0	0	0	0	0	0	0	1	0	0	0	0	0	0	1	0	0	0	1	12.0	0.112	0.268	NaN	NaN	0.267	0.596	NaN	NaN	8.01	20.86	NaN	NaN	0.0	"2.5"	"F0034"	0	0	"PR"	118.445	"fill-di"	1.004	2	0	0	1969.543	0.0	2073.352	null	2192.421	0.09
-12.1	0.040425	33937.5	2971.875	2475.0	NaN	NaN	NaN	0	1	1	0	0	0	0	0	0	0	0	0	1	0	0	0	0	1	1	0	1	1	1	0	1	-145.0	0.112	0.305	NaN	NaN	0.267	0.678	NaN	NaN	8.01	23.73	NaN	NaN	0.0	"2.5"	"F0034"	1	0	"PR"	128.49	"deionize"	4.227	2	1	0	1969.543	0.0	2073.352	null	2202.466	0.088
-11.9	0.0396	36562.5	2971.875	2540.625	NaN	NaN	NaN	0	1	1	0	0	0	0	0	0	0	0	0	1	0	0	0	0	1	1	0	1	1	1	0	1	-143.0	0.112	0.312	NaN	NaN	0.267	0.693	NaN	NaN	8.01	24.255	NaN	NaN	0.0	"2.5"	"F0034"	1	0	"PR"	138.526	"deionize"	14.263	2	1	0	1969.543	0.0	2073.352	null	2212.502	0.088
-13.9	0.039325	36750.0	2943.75	2550.0	NaN	NaN	NaN	0	1	1	0	0	0	0	0	0	0	0	0	1	0	0	0	0	1	1	0	1	1	1	0	1	-167.0	0.109	0.313	NaN	NaN	0.26	0.696	NaN	NaN	7.8	24.36	NaN	NaN	0.0	"2.5"	"F0034"	1	0	"PR"	148.363	"deionize"	24.1	2	1	0	1969.543	0.0	2073.352	null	2222.339	0.09
-12.3	0.0396	36187.5	2943.75	2540.625	NaN	NaN	NaN	0	1	1	0	0	0	0	0	0	0	0	0	1	0	0	0	0	1	1	0	1	1	1	0	1	-148.0	0.109	0.312	NaN	NaN	0.26	0.693	NaN	NaN	7.8	24.255	NaN	NaN	0.0	"2.5"	"F0034"	1	0	"PR"	158.406	"deionize"	34.143	2	1	0	1969.543	0.0	2073.352	null	2232.382	0.086
-11.9	0.038775	35625.0	2962.5	2512.5	NaN	NaN	NaN	0	1	1	0	0	0	0	0	0	0	0	0	1	0	0	0	0	1	1	0	1	1	1	0	1	-143.0	0.111	0.309	NaN	NaN	0.264	0.687	NaN	NaN	7.92	24.045	NaN	NaN	0.0	"2.5"	"F0034"	1	0	"PR"	168.439	"deionize"	44.176	2	1	0	1969.543	0.0	2073.352	null	2242.415	0.085
-11.8	0.038225	34125.0	2953.125	2493.75	NaN	NaN	NaN	0	1	1	0	0	0	0	0	0	0	0	0	1	0	0	0	0	1	1	0	1	1	1	0	1	-142.0	0.11	0.307	NaN	NaN	0.262	0.682	NaN	NaN	7.86	23.87	NaN	NaN	0.0	"2.5"	"F0034"	1	0	"PR"	178.475	"deionize"	54.212	2	1	0	1969.543	0.0	2073.352	null	2252.451	0.084
-11.6	0.03795	33000.0	2962.5	2578.125	NaN	NaN	NaN	0	1	1	0	0	0	0	0	0	0	0	0	1	0	0	0	0	1	1	0	1	1	1	0	1	-139.0	0.111	0.316	NaN	NaN	0.264	0.702	NaN	NaN	7.92	24.57	NaN	NaN	0.0	"2.5"	"F0034"	1	0	"PR"	188.515	"deionize"	64.252	2	1	0	1969.543	0.0	2073.352	null	2262.491	0.087
-11.9	0.037125	34500.0	2962.5	2493.75	NaN	NaN	NaN	0	1	1	0	0	0	0	0	0	0	0	0	1	0	0	0	0	1	1	0	1	1	1	0	1	-143.0	0.111	0.307	NaN	NaN	0.264	0.682	NaN	NaN	7.92	23.87	NaN	NaN	0.0	"2.5"	"F0034"	1	0	"PR"	198.552	"deionize"	74.289	2	1	0	1969.543	0.0	2073.352	null	2272.528	0.087
-11.4	0.03685	36375.0	2962.5	2540.625	NaN	NaN	NaN	0	1	1	0	0	0	0	0	0	0	0	0	1	0	0	0	0	1	1	0	1	1	1	0	1	-137.0	0.111	0.312	NaN	NaN	0.264	0.693	NaN	NaN	7.92	24.255	NaN	NaN	0.0	"2.5"	"F0034"	1	0	"PR"	208.589	"deionize"	84.326	2	1	0	1969.543	0.0	2073.352	null	2282.565	0.085
-11.8	0.036575	35437.5	2953.125	2521.875	NaN	NaN	NaN	0	1	1	0	0	0	0	0	0	0	0	0	1	0	0	0	0	1	1	0	1	1	1	0	1	-142.0	0.11	0.31	NaN	NaN	0.262	0.689	NaN	NaN	7.86	24.115	NaN	NaN	0.0	"2.5"	"F0034"	1	0	"PR"	218.625	"deionize"	94.362	2	1	0	1969.543	0.0	2073.352	null	2292.601	0.09
-11.6	0.036025	34687.5	2971.875	2493.75	NaN	NaN	NaN	0	1	1	0	0	0	0	0	0	0	0	0	1	0	0	0	0	1	1	0	1	1	1	0	1	-139.0	0.112	0.307	NaN	NaN	0.267	0.682	NaN	NaN	8.01	23.87	NaN	NaN	0.0	"2.5"	"F0034"	1	0	"PR"	228.458	"deionize"	104.195	2	1	0	1969.543	0.0	2073.352	null	2302.434	0.085
-11.6	0.0363	34500.0	2934.375	2521.875	NaN	NaN	NaN	0	1	1	0	0	0	0	0	0	0	0	0	1	0	0	0	0	1	1	0	1	1	1	0	1	-139.0	0.108	0.31	NaN	NaN	0.257	0.689	NaN	NaN	7.71	24.115	NaN	NaN	0.0	"2.5"	"F0034"	1	0	"PR"	238.496	"deionize"	114.233	2	1	0	1969.543	0.0	2073.352	null	2312.472	0.088
-12.2	0.036025	33187.5	2962.5	2531.25	NaN	NaN	NaN	0	1	1	0	0	0	0	0	0	0	0	0	1	0	0	0	0	1	1	0	1	1	1	0	1	-146.0	0.111	0.311	NaN	NaN	0.264	0.691	NaN	NaN	7.92	24.185	NaN	NaN	0.0	"2.5"	"F0034"	1	0	"PR"	248.535	"deionize"	124.272	2	1	0	1969.543	0.0	2073.352	null	2322.511	0.084
-11.0	0.035475	34125.0	2962.5	2493.75	NaN	NaN	NaN	0	1	1	0	0	0	0	0	0	0	0	0	1	0	0	0	0	1	1	0	1	1	1	0	1	-132.0	0.111	0.307	NaN	NaN	0.264	0.682	NaN	NaN	7.92	23.87	NaN	NaN	0.0	"2.5"	"F0034"	1	0	"PR"	258.574	"deionize"	134.311	2	1	0	1969.543	0.0	2073.352	null	2332.55	0.084
-11.9	0.03465	33750.0	2943.75	2550.0	NaN	NaN	NaN	0	1	1	0	0	0	0	0	0	0	0	0	1	0	0	0	0	1	1	0	1	1	1	0	1	-143.0	0.109	0.313	NaN	NaN	0.26	0.696	NaN	NaN	7.8	24.36	NaN	NaN	0.0	"2.5"	"F0034"	1	0	"PR"	268.615	"deionize"	144.352	2	1	0	1969.543	0.0	2073.352	null	2342.591	0.085
-10.5	0.0341	35437.5	2962.5	2456.25	NaN	NaN	NaN	0	1	1	0	0	0	0	0	0	0	0	0	1	0	0	0	0	1	1	0	1	1	1	0	1	-126.0	0.111	0.304	NaN	NaN	0.264	0.676	NaN	NaN	7.92	23.66	NaN	NaN	0.0	"2.5"	"F0034"	1	0	"PR"	278.651	"deionize"	154.388	2	1	0	1969.543	0.0	2073.352	null	2352.627	0.084
-12.0	0.033825	34875.0	2962.5	2531.25	NaN	NaN	NaN	0	1	1	0	0	0	0	0	0	0	0	0	1	0	0	0	0	1	1	0	1	1	1	0	1	-144.0	0.111	0.311	NaN	NaN	0.264	0.691	NaN	NaN	7.92	24.185	NaN	NaN	0.0	"2.5"	"F0034"	1	0	"PR"	288.69	"deionize"	164.427	2	1	0	1969.543	0.0	2073.352	null	2362.666	0.087
-10.6	0.033825	35812.5	2953.125	2475.0	NaN	NaN	NaN	0	1	1	0	0	0	0	0	0	0	0	0	1	0	0	0	0	1	1	0	1	1	1	0	1	-127.0	0.11	0.305	NaN	NaN	0.262	0.678	NaN	NaN	7.86	23.73	NaN	NaN	0.0	"2.5"	"F0034"	1	0	"PR"	298.727	"deionize"	174.464	2	1	0	1969.543	0.0	2073.352	null	2372.703	0.087
-9.9	0.033825	36937.5	2981.25	2550.0	NaN	NaN	NaN	0	1	1	0	0	0	0	0	0	0	0	0	1	0	0	0	0	1	1	0	1	1	1	0	1	-119.0	0.113	0.313	NaN	NaN	0.269	0.696	NaN	NaN	8.07	24.36	NaN	NaN	0.0	"2.5"	"F0034"	1	0	"PR"	308.561	"deionize"	184.298	2	1	0	1969.543	0.0	2073.352	null	2382.537	0.084
-10.8	0.03355	35625.0	2962.5	2512.5	NaN	NaN	NaN	0	1	1	0	0	0	0	0	0	0	0	0	1	0	0	0	0	1	1	0	1	1	1	0	1	-130.0	0.111	0.309	NaN	NaN	0.264	0.687	NaN	NaN	7.92	24.045	NaN	NaN	0.0	"2.5"	"F0034"	1	0	"PR"	318.599	"deionize"	194.336	2	1	0	1969.543	0.0	2073.352	null	2392.575	0.086
-10.8	0.033275	34500.0	2962.5	2484.375	NaN	NaN	NaN	0	1	1	0	0	0	0	0	0	0	0	0	1	0	0	0	0	1	1	0	1	1	1	0	1	-130.0	0.111	0.306	NaN	NaN	0.264	0.68	NaN	NaN	7.92	23.8	NaN	NaN	0.0	"2.5"	"F0034"	1	0	"PR"	328.631	"deionize"	204.368	2	1	0	1969.543	0.0	2073.352	null	2402.607	0.084
-10.1	0.03245	36187.5	2953.125	2475.0	NaN	NaN	NaN	0	1	1	0	0	0	0	0	0	0	0	0	1	0	0	0	0	1	1	0	1	1	1	0	1	-121.0	0.11	0.305	NaN	NaN	0.262	0.678	NaN	NaN	7.86	23.73	NaN	NaN	0.0	"2.5"	"F0034"	1	0	"PR"	338.665	"deionize"	214.402	2	1	0	1969.543	0.0	2073.352	null	2412.641	0.087
-10.3	0.031625	36187.5	2925.0	2475.0	NaN	NaN	NaN	0	1	1	0	0	0	0	0	0	0	0	0	1	0	0	0	0	1	1	0	1	1	1	0	1	-124.0	0.107	0.305	NaN	NaN	0.255	0.678	NaN	NaN	7.65	23.73	NaN	NaN	0.0	"2.5"	"F0034"	1	0	"PR"	348.706	"deionize"	224.443	2	1	0	1969.543	0.0	2073.352	null	2422.682	0.086
-9.8	0.032175	36000.0	2962.5	2550.0	NaN	NaN	NaN	0	1	1	0	0	0	0	0	0	0	0	0	1	0	0	0	0	1	1	0	1	1	1	0	1	-118.0	0.111	0.313	NaN	NaN	0.264	0.696	NaN	NaN	7.92	24.36	NaN	NaN	0.0	"2.5"	"F0034"	1	0	"PR"	358.74	"deionize"	234.477	2	1	0	1969.543	0.0	2073.352	null	2432.716	0.084
-11.0	0.031625	36562.5	2971.875	2587.5	NaN	NaN	NaN	0	1	1	0	0	0	0	0	0	0	0	0	1	0	0	0	1	1	1	0	1	1	1	0	1	-132.0	0.112	0.317	NaN	NaN	0.267	0.704	NaN	NaN	8.01	24.64	NaN	NaN	0.0	"2.5"	"F0034"	1	0	"PR"	368.679	"deionize-uv"	4.322	2	1	0	1969.543	0.0	2073.352	null	2442.655	0.086
-9.5	0.03135	36187.5	2953.125	2512.5	NaN	NaN	NaN	0	1	1	0	0	0	0	0	0	0	0	0	1	0	0	0	1	1	1	0	1	1	1	0	1	-114.0	0.11	0.309	NaN	NaN	0.262	0.687	NaN	NaN	7.86	24.045	NaN	NaN	0.0	"2.5"	"F0034"	1	0	"PR"	378.719	"deionize-uv"	14.362	2	1	0	1969.543	0.0	2073.352	null	2452.695	0.084
-9.5	0.03135	36375.0	2953.125	2550.0	NaN	NaN	NaN	0	1	1	0	0	0	0	0	0	0	0	0	1	0	0	0	1	1	1	0	1	1	1	0	1	-114.0	0.11	0.313	NaN	NaN	0.262	0.696	NaN	NaN	7.86	24.36	NaN	NaN	0.0	"2.5"	"F0034"	1	0	"PR"	388.758	"deionize-uv"	24.401	2	1	0	1969.543	0.0	2073.352	null	2462.734	0.086
-9.7	0.03135	36187.5	2962.5	2512.5	NaN	NaN	NaN	0	1	1	0	0	0	0	0	0	0	0	0	1	0	0	0	1	1	1	0	1	1	1	0	1	-116.0	0.111	0.309	NaN	NaN	0.264	0.687	NaN	NaN	7.92	24.045	NaN	NaN	0.0	"2.5"	"F0034"	1	0	"PR"	398.8	"deionize-uv"	34.443	2	1	0	1969.543	0.0	2073.352	null	2472.776	0.085
-10.2	0.031075	36187.5	2971.875	2493.75	NaN	NaN	NaN	0	1	1	0	0	0	0	0	0	0	0	0	1	0	0	0	1	1	1	0	1	1	1	0	1	-122.0	0.112	0.307	NaN	NaN	0.267	0.682	NaN	NaN	8.01	23.87	NaN	NaN	0.0	"2.5"	"F0034"	1	0	"PR"	408.838	"deionize-uv"	44.481	2	1	0	1969.543	0.0	2073.352	null	2482.814	0.086
-9.4	0.03025	33562.5	2953.125	2465.625	NaN	NaN	NaN	0	1	1	0	0	0	0	0	0	0	0	0	1	0	0	0	1	1	1	0	1	1	1	0	1	-113.0	0.11	0.305	NaN	NaN	0.262	0.678	NaN	NaN	7.86	23.73	NaN	NaN	0.0	"2.5"	"F0034"	1	0	"PR"	418.672	"deionize-uv"	54.315	2	1	0	1969.543	0.0	2073.352	null	2492.648	0.09
-9.3	0.03025	35062.5	2962.5	2521.875	NaN	NaN	NaN	0	1	1	0	0	0	0	0	0	0	0	0	1	0	0	0	1	1	1	0	1	1	1	0	1	-112.0	0.111	0.31	NaN	NaN	0.264	0.689	NaN	NaN	7.92	24.115	NaN	NaN	0.0	"2.5"	"F0034"	1	0	"PR"	428.71	"deionize-uv"	64.353	2	1	0	1969.543	0.0	2073.352	null	2502.686	0.091
-8.8	0.03025	36000.0	2962.5	2475.0	NaN	NaN	NaN	0	1	1	0	0	0	0	0	0	0	0	0	1	0	0	0	1	1	1	0	1	1	1	0	1	-106.0	0.111	0.305	NaN	NaN	0.264	0.678	NaN	NaN	7.92	23.73	NaN	NaN	0.0	"2.5"	"F0034"	1	0	"PR"	438.747	"deionize-uv"	74.39	2	1	0	1969.543	0.0	2073.352	null	2512.723	0.09
-8.0	0.0297	36000.0	2953.125	2493.75	NaN	NaN	NaN	0	1	1	0	0	0	0	0	0	0	0	0	1	0	0	0	1	1	1	0	1	1	1	0	1	-96.0	0.11	0.307	NaN	NaN	0.262	0.682	NaN	NaN	7.86	23.87	NaN	NaN	0.0	"2.5"	"F0034"	1	0	"PR"	448.786	"deionize-uv"	84.429	2	1	0	1969.543	0.0	2073.352	null	2522.762	0.083
-8.8	0.029425	34500.0	2943.75	2587.5	NaN	NaN	NaN	0	1	1	0	0	0	0	0	0	0	0	0	1	0	0	0	1	1	1	0	1	1	1	0	1	-106.0	0.109	0.317	NaN	NaN	0.26	0.704	NaN	NaN	7.8	24.64	NaN	NaN	0.0	"2.5"	"F0034"	1	0	"PR"	458.826	"deionize-uv"	94.469	2	1	0	1969.543	0.0	2073.352	null	2532.802	0.084
-8.6	0.0297	36187.5	2971.875	2625.0	NaN	NaN	NaN	0	1	1	0	0	0	0	0	0	0	0	0	1	0	0	0	1	1	1	0	1	1	1	0	1	-103.0	0.112	0.321	NaN	NaN	0.267	0.713	NaN	NaN	8.01	24.955	NaN	NaN	0.0	"2.5"	"F0034"	1	0	"PR"	468.857	"deionize-uv"	104.5	2	1	0	1969.543	0.0	2073.352	null	2542.833	0.084
-8.9	0.028875	36562.5	2953.125	2475.0	NaN	NaN	NaN	0	1	1	0	0	0	0	0	0	0	0	0	1	0	0	0	1	1	1	0	1	1	1	0	1	-107.0	0.11	0.305	NaN	NaN	0.262	0.678	NaN	NaN	7.86	23.73	NaN	NaN	0.0	"2.5"	"F0034"	1	0	"PR"	478.899	"deionize-uv"	114.542	2	1	0	1969.543	0.0	2073.352	null	2552.875	0.088
-8.4	0.028325	39000.0	2981.25	2090.625	NaN	NaN	NaN	0	0	1	0	0	0	0	1	0	0	0	0	1	0	0	0	1	1	1	0	1	1	1	0	1	-101.0	0.113	0.267	NaN	NaN	0.269	0.593	NaN	NaN	8.07	20.755	NaN	NaN	0.0	"2.5"	"F0034"	1	0	"PR"	488.765	"drip-di-1"	3.315	2	1	0	1969.543	0.0	2073.352	null	2562.741	0.091
-8.3	0.02805	39750.0	2971.875	1884.375	NaN	NaN	NaN	0	0	1	0	0	0	0	1	0	0	0	0	1	0	0	0	1	1	1	0	1	1	1	0	1	-100.0	0.112	0.246	NaN	NaN	0.267	0.547	NaN	NaN	8.01	19.145	NaN	NaN	0.0	"2.5"	"F0034"	1	0	"PR"	498.801	"drip-di-1"	13.351	2	1	0	1969.543	0.0	2073.352	null	2572.777	0.094
12.3	0.02915	29625.0	2840.625	2043.75	NaN	NaN	NaN	1	0	0	0	0	1	1	0	0	0	0	0	1	1	0	0	0	1	1	1	0	1	1	1	0	148.0	0.099	0.262	NaN	NaN	0.236	0.582	NaN	NaN	7.08	20.37	NaN	NaN	0.0	"2.5"	"F0034"	1	1	"PR"	508.807	"reverse-f"	8.197	2	1	0	1969.543	0.0	2073.352	null	2582.783	0.089
12.2	0.03025	30000.0	2765.625	2259.375	NaN	NaN	NaN	0	0	0	0	0	1	1	0	0	0	0	0	1	0	0	0	0	1	1	1	0	1	1	1	0	146.0	0.092	0.284	NaN	NaN	0.219	0.631	NaN	NaN	6.57	22.085	NaN	NaN	0.0	"2.5"	"F0034"	1	1	"PR"	518.942	"reverse"	18.332	2	1	0	1969.543	0.0	2073.352	null	2592.918	0.084
12.6	0.031625	30187.5	2793.75	2268.75	NaN	NaN	NaN	0	0	0	0	0	1	1	0	0	0	0	0	1	0	0	0	0	1	1	1	0	1	1	1	0	151.0	0.094	0.285	NaN	NaN	0.224	0.633	NaN	NaN	6.72	22.155	NaN	NaN	0.0	"2.5"	"F0034"	1	1	"PR"	528.977	"reverse"	28.367	2	1	0	1969.543	0.0	2073.352	null	2602.953	0.086
12.6	0.03355	30000.0	2812.5	2240.625	NaN	NaN	NaN	0	0	0	0	0	1	1	0	0	0	0	0	1	0	0	0	0	1	1	1	0	1	1	1	0	151.0	0.096	0.282	NaN	NaN	0.229	0.627	NaN	NaN	6.87	21.945	NaN	NaN	0.0	"2.5"	"F0034"	1	1	"PR"	538.811	"reverse"	38.201	2	1	0	1969.543	0.0	2073.352	null	2612.787	0.091
10.9	0.035475	29250.0	2793.75	2250.0	NaN	NaN	NaN	0	0	0	0	0	1	1	0	0	0	0	0	1	0	0	0	0	1	1	1	0	1	1	1	0	131.0	0.094	0.283	NaN	NaN	0.224	0.629	NaN	NaN	6.72	22.015	NaN	NaN	0.0	"2.5"	"F0034"	1	1	"PR"	548.846	"reverse"	48.236	2	1	0	1969.543	0.0	2073.352	null	2622.822	0.09
12.6	0.037125	30000.0	2812.5	2278.125	NaN	NaN	NaN	0	0	0	0	0	1	1	0	0	0	0	0	1	0	0	0	0	1	1	1	0	1	1	1	0	151.0	0.096	0.286	NaN	NaN	0.229	0.636	NaN	NaN	6.87	22.26	NaN	NaN	0.0	"2.5"	"F0034"	1	1	"PR"	558.878	"reverse"	58.268	2	1	0	1969.543	0.0	2073.352	null	2632.854	0.09
13.6	0.038225	30000.0	2821.875	2240.625	NaN	NaN	NaN	0	0	0	0	0	1	1	0	0	0	0	0	1	0	0	0	0	1	1	1	0	1	1	1	0	163.0	0.097	0.282	NaN	NaN	0.231	0.627	NaN	NaN	6.93	21.945	NaN	NaN	0.0	"2.5"	"F0034"	1	1	"PR"	568.919	"reverse"	68.309	2	1	0	1969.543	0.0	2073.352	null	2642.895	0.091
12.6	0.04015	29250.0	2784.375	2278.125	NaN	NaN	NaN	0	0	0	0	0	1	1	0	0	0	0	0	1	0	0	0	0	1	1	1	0	1	1	1	0	151.0	0.093	0.286	NaN	NaN	0.221	0.636	NaN	NaN	6.63	22.26	NaN	NaN	0.0	"2.5"	"F0034"	1	1	"PR"	578.952	"reverse"	78.342	2	1	0	1969.543	0.0	2073.352	null	2652.928	0.09
12.7	0.0407	29625.0	2784.375	2240.625	NaN	NaN	NaN	0	0	0	0	0	1	1	0	0	0	0	0	1	0	0	0	0	1	1	1	0	1	1	1	0	152.0	0.093	0.282	NaN	NaN	0.221	0.627	NaN	NaN	6.63	21.945	NaN	NaN	0.0	"2.5"	"F0034"	1	1	"PR"	588.988	"reverse"	88.378	2	1	0	1969.543	0.0	2073.352	null	2662.964	0.088
11.4	0.04235	30187.5	2812.5	2259.375	NaN	NaN	NaN	0	0	0	0	0	1	1	0	0	0	0	0	1	0	0	0	0	1	1	1	0	1	1	1	0	137.0	0.096	0.284	NaN	NaN	0.229	0.631	NaN	NaN	6.87	22.085	NaN	NaN	0.0	"2.5"	"F0034"	1	1	"PR"	599.024	"reverse"	98.414	2	1	0	1969.543	0.0	2073.352	null	2673.0	0.087
12.6	0.0429	30375.0	2821.875	2250.0	NaN	NaN	NaN	0	0	0	0	0	1	1	0	0	0	0	0	1	0	0	0	0	1	1	1	0	1	1	1	0	151.0	0.097	0.283	NaN	NaN	0.231	0.629	NaN	NaN	6.93	22.015	NaN	NaN	0.0	"2.5"	"F0034"	1	1	"PR"	609.058	"reverse"	108.448	2	1	0	1969.543	0.0	2073.352	null	2683.034	0.089
13.5	0.04345	29625.0	2821.875	2250.0	NaN	NaN	NaN	0	0	0	0	0	1	1	0	0	0	0	0	1	0	0	0	0	1	1	1	0	1	1	1	0	162.0	0.097	0.283	NaN	NaN	0.231	0.629	NaN	NaN	6.93	22.015	NaN	NaN	0.0	"2.5"	"F0034"	1	1	"PR"	618.896	"reverse"	118.286	2	1	0	1969.543	0.0	2073.352	null	2692.872	0.091
12.3	0.044	29437.5	2793.75	2259.375	NaN	NaN	NaN	0	0	0	0	0	1	1	0	0	0	0	0	1	0	0	0	0	1	1	1	0	1	1	1	0	148.0	0.094	0.284	NaN	NaN	0.224	0.631	NaN	NaN	6.72	22.085	NaN	NaN	0.0	"2.5"	"F0034"	1	1	"PR"	628.933	"reverse"	128.323	2	1	0	1969.543	0.0	2073.352	null	2702.909	0.09
12.2	0.044	29437.5	2793.75	2250.0	NaN	NaN	NaN	0	0	0	0	0	1	1	0	0	0	0	0	1	0	0	0	0	1	1	1	0	1	1	1	0	146.0	0.094	0.283	NaN	NaN	0.224	0.629	NaN	NaN	6.72	22.015	NaN	NaN	0.0	"2.5"	"F0034"	1	1	"PR"	638.967	"reverse"	138.357	2	1	0	1969.543	0.0	2073.352	null	2712.943	0.09
12.7	0.04455	29625.0	2803.125	2250.0	NaN	NaN	NaN	0	0	0	0	0	1	1	0	0	0	0	0	1	0	0	0	0	1	1	1	0	1	1	1	0	152.0	0.095	0.283	NaN	NaN	0.226	0.629	NaN	NaN	6.78	22.015	NaN	NaN	0.0	"2.5"	"F0034"	1	1	"PR"	649.005	"reverse"	148.395	2	1	0	1969.543	0.0	2073.352	null	2722.981	0.093
2.6	0.045375	1500.0	2981.25	2268.75	NaN	NaN	NaN	0	0	0	0	0	0	0	0	0	0	0	0	0	0	0	0	0	0	0	0	1	0	0	0	1	31.0	0.113	0.285	NaN	NaN	0.269	0.633	NaN	NaN	8.07	22.155	NaN	NaN	0.0	"2.5"	"F0034"	0	0	"PR"	658.926	"diffuse"	8.116	2	1	1	1969.543	0.0	2073.352	null	2732.902	0.087
2.7	0.0451	2437.5	2981.25	2306.25	NaN	NaN	NaN	0	0	0	0	0	0	0	0	0	0	0	0	0	0	0	0	0	0	0	0	1	0	0	0	1	32.0	0.113	0.289	NaN	NaN	0.269	0.642	NaN	NaN	8.07	22.47	NaN	NaN	0.0	"2.5"	"F0034"	0	0	"PR"	668.958	"diffuse"	18.148	2	1	1	1969.543	0.0	2073.352	null	2742.934	0.086
2.5	0.044825	937.5	2981.25	2268.75	NaN	NaN	NaN	0	0	0	0	0	0	0	0	0	0	0	0	0	0	0	0	0	0	0	0	1	0	0	0	1	30.0	0.113	0.285	NaN	NaN	0.269	0.633	NaN	NaN	8.07	22.155	NaN	NaN	0.0	"2.5"	"F0034"	0	0	"PR"	678.995	"diffuse"	28.185	2	1	1	1969.543	0.0	2073.352	null	2752.971	0.088
12.3	0.045375	30187.5	2821.875	2259.375	NaN	NaN	NaN	0	0	0	0	0	1	1	0	0	0	0	0	1	0	0	0	0	1	1	1	0	1	1	1	0	148.0	0.097	0.284	NaN	NaN	0.231	0.631	NaN	NaN	6.93	22.085	NaN	NaN	0.0	"2.5"	"F0034"	1	1	"PR"	689.12	"wash-en"	8.117	2	1	1	1969.543	0.0	2073.352	null	2763.096	0.094
12.3	0.04565	29625.0	2821.875	2240.625	NaN	NaN	NaN	0	0	0	0	0	1	1	0	0	0	0	0	1	0	0	0	0	1	1	1	0	1	1	1	0	148.0	0.097	0.282	NaN	NaN	0.231	0.627	NaN	NaN	6.93	21.945	NaN	NaN	0.0	"2.5"	"F0034"	1	1	"PR"	699.149	"wash-en"	18.146	2	1	1	1969.543	0.0	2073.352	null	2773.125	0.087
0.5	0.0462	30562.5	2831.25	2268.75	NaN	NaN	NaN	0	0	0	0	0	1	1	0	0	0	0	0	1	0	0	0	0	0	0	0	1	0	0	0	1	6.0	0.098	0.285	NaN	NaN	0.233	0.633	NaN	NaN	6.99	22.155	NaN	NaN	0.0	"2.5"	"F0034"	0	0	"PR"	709.078	"wash-sc"	7.921	2	1	1	1969.543	0.0	2073.352	null	2783.054	0.091
2.1	0.045925	937.5	2943.75	2259.375	NaN	NaN	NaN	0	0	0	0	0	0	0	0	0	0	0	0	0	0	0	0	0	0	0	0	1	0	0	0	1	25.0	0.109	0.284	NaN	NaN	0.26	0.631	NaN	NaN	7.8	22.085	NaN	NaN	0.0	"2.5"	"F0034"	0	0	"PR"	719.116	"diffuse"	7.829	2	1	2	1969.543	0.0	2073.352	null	2793.092	0.087
2.6	0.0462	1500.0	2990.625	2259.375	NaN	NaN	NaN	0	0	0	0	0	0	0	0	0	0	0	0	0	0	0	0	0	0	0	0	1	0	0	0	1	31.0	0.114	0.284	NaN	NaN	0.271	0.631	NaN	NaN	8.13	22.085	NaN	NaN	0.0	"2.5"	"F0034"	0	0	"PR"	729.15	"diffuse"	17.863	2	1	2	1969.543	0.0	2073.352	null	2803.126	0.089
2.8	0.0462	1687.5	2981.25	2278.125	NaN	NaN	NaN	0	0	0	0	0	0	0	0	0	0	0	0	0	0	0	0	0	0	0	0	1	0	0	0	1	34.0	0.113	0.286	NaN	NaN	0.269	0.636	NaN	NaN	8.07	22.26	NaN	NaN	0.0	"2.5"	"F0034"	0	0	"PR"	739.185	"diffuse"	27.898	2	1	2	1969.543	0.0	2073.352	null	2813.161	0.091
12.7	0.0451	29625.0	2793.75	2250.0	NaN	NaN	NaN	0	0	0	0	0	1	1	0	0	0	0	0	1	0	0	0	0	1	1	1	0	1	1	1	0	152.0	0.094	0.283	NaN	NaN	0.224	0.629	NaN	NaN	6.72	22.015	NaN	NaN	0.0	"2.5"	"F0034"	1	1	"PR"	749.111	"wash-en"	7.717	2	1	2	1969.543	0.0	2073.352	null	2823.087	0.086
12.9	0.045925	30187.5	2803.125	2250.0	NaN	NaN	NaN	0	0	0	0	0	1	1	0	0	0	0	0	1	0	0	0	0	1	1	1	0	1	1	1	0	155.0	0.095	0.283	NaN	NaN	0.226	0.629	NaN	NaN	6.78	22.015	NaN	NaN	0.0	"2.5"	"F0034"	1	1	"PR"	759.143	"wash-en"	17.749	2	1	2	1969.543	0.0	2073.352	null	2833.119	0.085
1.7	0.045925	30000.0	2812.5	2250.0	NaN	NaN	NaN	0	0	0	0	0	1	1	0	0	0	0	0	1	0	0	0	0	0	0	0	1	0	0	0	1	20.0	0.096	0.283	NaN	NaN	0.229	0.629	NaN	NaN	6.87	22.015	NaN	NaN	0.0	"2.5"	"F0034"	0	0	"PR"	769.068	"wash-sc"	7.515	2	1	2	1969.543	0.0	2073.352	null	2843.044	0.084
1.9	0.045925	1500.0	2981.25	2296.875	NaN	NaN	NaN	0	0	0	0	0	0	0	0	0	0	0	0	0	0	0	0	0	0	0	0	1	0	0	0	1	23.0	0.113	0.288	NaN	NaN	0.269	0.64	NaN	NaN	8.07	22.4	NaN	NaN	0.0	"2.5"	"F0034"	0	0	"PR"	779.109	"diffuse"	7.43	2	1	3	1969.543	0.0	2073.352	null	2853.085	0.087
2.0	0.04565	3000.0	2981.25	2278.125	NaN	NaN	NaN	0	0	0	0	0	0	0	0	0	0	0	0	0	0	0	0	0	0	0	0	1	0	0	0	1	24.0	0.113	0.286	NaN	NaN	0.269	0.636	NaN	NaN	8.07	22.26	NaN	NaN	0.0	"2.5"	"F0034"	0	0	"PR"	789.142	"diffuse"	17.463	2	1	3	1969.543	0.0	2073.352	null	2863.118	0.086
2.8	0.04565	2437.5	2981.25	2278.125	NaN	NaN	NaN	0	0	0	0	0	0	0	0	0	0	0	0	0	0	0	0	0	0	0	0	1	0	0	0	1	34.0	0.113	0.286	NaN	NaN	0.269	0.636	NaN	NaN	8.07	22.26	NaN	NaN	0.0	"2.5"	"F0034"	0	0	"PR"	799.18	"diffuse"	27.501	2	1	3	1969.543	0.0	2073.352	null	2873.156	0.086
12.4	0.045375	29625.0	2831.25	2250.0	NaN	NaN	NaN	0	0	0	0	0	1	1	0	0	0	0	0	1	0	0	0	0	1	1	1	0	1	1	1	0	149.0	0.098	0.283	NaN	NaN	0.233	0.629	NaN	NaN	6.99	22.015	NaN	NaN	0.0	"2.5"	"F0034"	1	1	"PR"	809.115	"wash-en"	7.324	2	1	3	1969.543	0.0	2073.352	null	2883.091	0.084
12.6	0.045375	29437.5	2803.125	2259.375	NaN	NaN	NaN	0	0	0	0	0	1	1	0	0	0	0	0	1	0	0	0	0	1	1	1	0	1	1	1	0	151.0	0.095	0.284	NaN	NaN	0.226	0.631	NaN	NaN	6.78	22.085	NaN	NaN	0.0	"2.5"	"F0034"	1	1	"PR"	819.15	"wash-en"	17.359	2	1	3	1969.543	0.0	2073.352	null	2893.126	0.083
1.0	0.0451	29437.5	2831.25	2268.75	NaN	NaN	NaN	0	0	0	0	0	1	1	0	0	0	0	0	1	0	0	0	0	0	0	0	1	0	0	0	1	12.0	0.098	0.285	NaN	NaN	0.233	0.633	NaN	NaN	6.99	22.155	NaN	NaN	0.0	"2.5"	"F0034"	0	0	"PR"	829.274	"wash-sc"	7.316	2	1	3	1969.543	0.0	2073.352	null	2903.25	0.087
