cur	ec	mod-ps	rg-ps	di-ps	fw1-ps	fw2-ps	pf-ps	vlv-di-fill	vlv-di-in	vlv-di-out	vlv-rg-fill	vlv-rg-drain	vlv-rg-in	vlv-rg-out	vlv-fw1-in	vlv-fw1-out	vlv-fw2-in	vlv-po	vlv-mod-drain	pmp-sys	pmp-di	pmp-fw1	pmp-fw2	uv	en-anode1	en-cath1	pl-anode1	pl-cath1	en-anode2	en-cath2	pl-anode2	pl-cath2	pw	rg-he	di-he	fw1-he	fw2-he	rg-lev	di-lev	fw1-lev	fw2-lev	rg-vol	di-vol	fw1-vol	fw2-vol	pr-ec	ver	sn	mod-en	mod-pl	proc	proc-time	ph	ph-time	count	cyc	rnd	pr-last	rc-last	fr-last	halt-re	time	exec
0.5	0.044	1125.0	2971.875	2100.0	NaN	NaN	NaN	1	0	0	0	0	0	0	0	0	0	0	0	0	1	0	0	0	0	0	0	1	0	0	0	1	6.0	0.112	0.268	NaN	NaN	0.267	0.596	NaN	NaN	8.01	20.86	NaN	NaN	0.0	"2.5"	"F0034"	0	0	"PR"	8.244	"fill-di"	0.803	0	0	0	0.0	0.0	0.0	null	10.035	0.091
1.0	0.044825	375.0	2962.5	2137.5	NaN	NaN	NaN	1	0	0	0	0	0	0	0	0	0	0	0	0	1	0	0	0	0	0	0	1	0	0	0	1	12.0	0.111	0.272	NaN	NaN	0.264	0.604	NaN	NaN	7.92	21.14	NaN	NaN	0.0	"2.5"	"F0034"	0	0	"PR"	8.445	"fill-di"	1.004	0	0	0	0.0	0.0	0.0	null	10.236	0.09
0.6	0.044	21375.0	2765.625	2296.875	NaN	NaN	NaN	0	0	0	0	0	1	1	0	0	0	0	0	1	0	0	0	0	0	0	0	1	0	0	0	1	7.0	0.092	0.288	NaN	NaN	0.219	0.64	NaN	NaN	6.57	22.4	NaN	NaN	0.0	"2.5"	"F0034"	0	0	"PR"	18.28	"prime"	5.42	0	0	0	0.0	0.0	0.0	null	20.071	0.086
0.3	0.044	22312.5	2784.375	2268.75	NaN	NaN	NaN	0	0	0	0	0	1	1	0	0	0	0	0	1	0	0	0	0	0	0	0	1	0	0	0	1	4.0	0.093	0.285	NaN	NaN	0.221	0.633	NaN	NaN	6.63	22.155	NaN	NaN	0.0	"2.5"	"F0034"	0	0	"PR"	28.316	"prime"	15.456	0	0	0	0.0	0.0	0.0	null	30.107	0.091
1.1	0.044	21562.5	2821.875	2259.375	NaN	NaN	NaN	0	0	0	0	0	1	1	0	0	0	0	0	1	0	0	0	0	0	0	0	1	0	0	0	1	13.0	0.097	0.284	NaN	NaN	0.231	0.631	NaN	NaN	6.93	22.085	NaN	NaN	0.0	"2.5"	"F0034"	0	0	"PR"	38.354	"prime"	25.494	0	0	0	0.0	0.0	0.0	null	40.145	0.09
-11.6	0.043175	29062.5	2981.25	2559.375	NaN	NaN	NaN	0	1	1	0	0	0	0	0	0	0	0	0	1	0	0	0	0	1	1	0	1	1	1	0	1	-139.0	0.113	0.314	NaN	NaN	0.269	0.698	NaN	NaN	8.07	24.43	NaN	NaN	0.0	"2.5"	"F0034"	1	0	"PR"	48.395	"deionize"	5.023	0	1	0	0.0	0.0	0.0	null	50.186	0.09
-11.9	0.0429	26437.5	2953.125	2456.25	NaN	NaN	NaN	0	1	1	0	0	0	0	0	0	0	0	0	1	0	0	0	0	1	1	0	1	1	1	0	1	-143.0	0.11	0.304	NaN	NaN	0.262	0.676	NaN	NaN	7.86	23.66	NaN	NaN	0.0	"2.5"	"F0034"	1	0	"PR"	58.433	"deionize"	15.061	0	1	0	0.0	0.0	0.0	null	60.224	0.093
-11.8	0.042625	28125.0	2943.75	2531.25	NaN	NaN	NaN	0	1	1	0	0	0	0	0	0	0	0	0	1	0	0	0	0	1	1	0	1	1	1	0	1	-142.0	0.109	0.311	NaN	NaN	0.26	0.691	NaN	NaN	7.8	24.185	NaN	NaN	0.0	"2.5"	"F0034"	1	0	"PR"	68.467	"deionize"	25.095	0	1	0	0.0	0.0	0.0	null	70.258	0.091
-11.3	0.0418	28875.0	2953.125	2568.75	NaN	NaN	NaN	0	1	1	0	0	0	0	0	0	0	0	0	1	0	0	0	0	1	1	0	1	1	1	0	1	-136.0	0.11	0.315	NaN	NaN	0.262	0.7	NaN	NaN	7.86	24.5	NaN	NaN	0.0	"2.5"	"F0034"	1	0	"PR"	78.499	"deionize"	35.127	0	1	0	0.0	0.0	0.0	null	80.29	0.088
-12.5	0.04125	28500.0	2962.5	2493.75	NaN	NaN	NaN	0	1	1	0	0	0	0	0	0	0	0	0	1	0	0	0	0	1	1	0	1	1	1	0	1	-150.0	0.111	0.307	NaN	NaN	0.264	0.682	NaN	NaN	7.92	23.87	NaN	NaN	0.0	"2.5"	"F0034"	1	0	"PR"	88.337	"deionize"	44.965	0	1	0	0.0	0.0	0.0	null	90.128	0.088
-12.5	0.0407	26437.5	2953.125	2531.25	NaN	NaN	NaN	0	1	1	0	0	0	0	0	0	0	0	0	1	0	0	0	0	1	1	0	1	1	1	0	1	-150.0	0.11	0.311	NaN	NaN	0.262	0.691	NaN	NaN	7.86	24.185	NaN	NaN	0.0	"2.5"	"F0034"	1	0	"PR"	98.372	"deionize"	55.0	0	1	0	0.0	0.0	0.0	null	100.163	0.087
-12.0	0.039325	27562.5	2962.5	2475.0	NaN	NaN	NaN	0	1	1	0	0	0	0	0	0	0	0	0	1	0	0	0	0	1	1	0	1	1	1	0	1	-144.0	0.111	0.305	NaN	NaN	0.264	0.678	NaN	NaN	7.92	23.73	NaN	NaN	0.0	"2.5"	"F0034"	1	0	"PR"	108.407	"deionize"	65.035	0	1	0	0.0	0.0	0.0	null	110.198	0.087
-10.1	0.038775	27000.0	2981.25	2437.5	NaN	NaN	NaN	0	1	1	0	0	0	0	0	0	0	0	0	1	0	0	0	0	1	1	0	1	1	1	0	1	-121.0	0.113	0.302	NaN	NaN	0.269	0.671	NaN	NaN	8.07	23.485	NaN	NaN	0.0	"2.5"	"F0034"	1	0	"PR"	118.444	"deionize"	75.072	0	1	0	0.0	0.0	0.0	null	120.235	0.088
-11.7	0.038225	29250.0	2962.5	2484.375	NaN	NaN	NaN	0	1	1	0	0	0	0	0	0	0	0	0	1	0	0	0	0	1	1	0	1	1	1	0	1	-140.0	0.111	0.306	NaN	NaN	0.264	0.68	NaN	NaN	7.92	23.8	NaN	NaN	0.0	"2.5"	"F0034"	1	0	"PR"	128.478	"deionize"	85.106	0	1	0	0.0	0.0	0.0	null	130.269	0.1
-12.1	0.037125	27000.0	2953.125	2484.375	NaN	NaN	NaN	0	1	1	0	0	0	0	0	0	0	0	0	1	0	0	0	0	1	1	0	1	1	1	0	1	-145.0	0.11	0.306	NaN	NaN	0.262	0.68	NaN	NaN	7.86	23.8	NaN	NaN	0.0	"2.5"	"F0034"	1	0	"PR"	138.514	"deionize"	95.142	0	1	0	0.0	0.0	0.0	null	140.305	0.088
-11.3	0.036025	26062.5	2943.75	2418.75	NaN	NaN	NaN	0	1	1	0	0	0	0	0	0	0	0	0	1	0	0	0	0	1	1	0	1	1	1	0	1	-136.0	0.109	0.3	NaN	NaN	0.26	0.667	NaN	NaN	7.8	23.345	NaN	NaN	0.0	"2.5"	"F0034"	1	0	"PR"	148.549	"deionize"	105.177	0	1	0	0.0	0.0	0.0	null	150.34	0.091
-11.9	0.0352	26812.5	2953.125	2512.5	NaN	NaN	NaN	0	1	1	0	0	0	0	0	0	0	0	0	1	0	0	0	0	1	1	0	1	1	1	0	1	-143.0	0.11	0.309	NaN	NaN	0.262	0.687	NaN	NaN	7.86	24.045	NaN	NaN	0.0	"2.5"	"F0034"	1	0	"PR"	158.584	"deionize"	115.212	0	1	0	0.0	0.0	0.0	null	160.375	0.09
-12.3	0.033825	28687.5	2971.875	2409.375	NaN	NaN	NaN	0	1	1	0	0	0	0	0	0	0	0	0	1	0	0	0	0	1	1	0	1	1	1	0	1	-148.0	0.112	0.299	NaN	NaN	0.267	0.664	NaN	NaN	8.01	23.24	NaN	NaN	0.0	"2.5"	"F0034"	1	0	"PR"	168.419	"deionize"	125.047	0	1	0	0.0	0.0	0.0	null	170.21	0.085
-12.5	0.033275	29250.0	2953.125	2409.375	NaN	NaN	NaN	0	1	1	0	0	0	0	0	0	0	0	0	1	0	0	0	0	1	1	0	1	1	1	0	1	-150.0	0.11	0.299	NaN	NaN	0.262	0.664	NaN	NaN	7.86	23.24	NaN	NaN	0.0	"2.5"	"F0034"	1	0	"PR"	178.456	"deionize"	135.084	0	1	0	0.0	0.0	0.0	null	180.247	0.087
-12.0	0.033825	26812.5	2962.5	2418.75	NaN	NaN	NaN	0	1	1	0	0	0	0	0	0	0	0	0	1	0	0	0	0	1	1	0	1	1	1	0	1	-144.0	0.111	0.3	NaN	NaN	0.264	0.667	NaN	NaN	7.92	23.345	NaN	NaN	0.0	"2.5"	"F0034"	1	0	"PR"	188.487	"deionize"	145.115	0	1	0	0.0	0.0	0.0	null	190.278	0.084
-11.8	0.0319	27000.0	2971.875	2428.125	NaN	NaN	NaN	0	1	1	0	0	0	0	0	0	0	0	0	1	0	0	0	0	1	1	0	1	1	1	0	1	-142.0	0.112	0.301	NaN	NaN	0.267	0.669	NaN	NaN	8.01	23.415	NaN	NaN	0.0	"2.5"	"F0034"	1	0	"PR"	198.526	"deionize"	155.154	0	1	0	0.0	0.0	0.0	null	200.317	0.088
-11.7	0.031625	28500.0	2971.875	2503.125	NaN	NaN	NaN	0	1	1	0	0	0	0	0	0	0	0	0	1	0	0	0	0	1	1	0	1	1	1	0	1	-140.0	0.112	0.308	NaN	NaN	0.267	0.684	NaN	NaN	8.01	23.94	NaN	NaN	0.0	"2.5"	"F0034"	1	0	"PR"	208.559	"deionize"	165.187	0	1	0	0.0	0.0	0.0	null	210.35	0.086
-11.4	0.0308	25500.0	2962.5	2353.125	NaN	NaN	NaN	0	1	1	0	0	0	0	0	0	0	0	0	1	0	0	0	0	1	1	0	1	1	1	0	1	-137.0	0.111	0.293	NaN	NaN	0.264	0.651	NaN	NaN	7.92	22.785	NaN	NaN	0.0	"2.5"	"F0034"	1	0	"PR"	218.591	"deionize"	175.219	0	1	0	0.0	0.0	0.0	null	220.382	0.087
-11.0	0.03025	26437.5	2943.75	2437.5	NaN	NaN	NaN	0	1	1	0	0	0	0	0	0	0	0	0	1	0	0	0	0	1	1	0	1	1	1	0	1	-132.0	0.109	0.302	NaN	NaN	0.26	0.671	NaN	NaN	7.8	23.485	NaN	NaN	0.0	"2.5"	"F0034"	1	0	"PR"	228.628	"deionize"	185.256	0	1	0	0.0	0.0	0.0	null	230.419	0.088
-11.4	0.029425	27937.5	2953.125	2400.0	NaN	NaN	NaN	0	1	1	0	0	0	0	0	0	0	0	0	1	0	0	0	0	1	1	0	1	1	1	0	1	-137.0	0.11	0.298	NaN	NaN	0.262	0.662	NaN	NaN	7.86	23.17	NaN	NaN	0.0	"2.5"	"F0034"	1	0	"PR"	238.66	"deionize"	195.288	0	1	0	0.0	0.0	0.0	null	240.451	0.087
-11.0	0.028875	26437.5	2943.75	2446.875	NaN	NaN	NaN	0	1	1	0	0	0	0	0	0	0	0	0	1	0	0	0	0	1	1	0	1	1	1	0	1	-132.0	0.109	0.303	NaN	NaN	0.26	0.673	NaN	NaN	7.8	23.555	NaN	NaN	0.0	"2.5"	"F0034"	1	0	"PR"	248.489	"deionize"	205.117	0	1	0	0.0	0.0	0.0	null	250.28	0.084
-10.9	0.02805	25687.5	2981.25	2437.5	NaN	NaN	NaN	0	1	1	0	0	0	0	0	0	0	0	0	1	0	0	0	0	1	1	0	1	1	1	0	1	-131.0	0.113	0.302	NaN	NaN	0.269	0.671	NaN	NaN	8.07	23.485	NaN	NaN	0.0	"2.5"	"F0034"	1	0	"PR"	258.531	"deionize"	215.159	0	1	0	0.0	0.0	0.0	null	260.322	0.089
-13.1	0.027775	27187.5	2981.25	2390.625	NaN	NaN	NaN	0	1	1	0	0	0	0	0	0	0	0	0	1	0	0	0	0	1	1	0	1	1	1	0	1	-157.0	0.113	0.297	NaN	NaN	0.269	0.66	NaN	NaN	8.07	23.1	NaN	NaN	0.0	"2.5"	"F0034"	1	0	"PR"	268.567	"deionize"	225.195	0	1	0	0.0	0.0	0.0	null	270.358	0.084
-10.2	0.02805	28500.0	2962.5	2493.75	NaN	NaN	NaN	0	1	1	0	0	0	0	0	0	0	0	0	1	0	0	0	0	1	1	0	1	1	1	0	1	-122.0	0.111	0.307	NaN	NaN	0.264	0.682	NaN	NaN	7.92	23.87	NaN	NaN	0.0	"2.5"	"F0034"	1	0	"PR"	278.601	"deionize"	235.229	0	1	0	0.0	0.0	0.0	null	280.392	0.092
-10.4	0.027775	26812.5	2934.375	2371.875	NaN	NaN	NaN	0	1	1	0	0	0	0	0	0	0	0	0	1	0	0	0	1	1	1	0	1	1	1	0	1	-125.0	0.108	0.295	NaN	NaN	0.257	0.656	NaN	NaN	7.71	22.96	NaN	NaN	0.0	"2.5"	"F0034"	1	0	"PR"	288.546	"deionize-uv"	5.126	0	1	0	0.0	0.0	0.0	null	290.337	0.084
-10.2	0.02695	29062.5	2962.5	2400.0	NaN	NaN	NaN	0	1	1	0	0	0	0	0	0	0	0	0	1	0	0	0	1	1	1	0	1	1	1	0	1	-122.0	0.111	0.298	NaN	NaN	0.264	0.662	NaN	NaN	7.92	23.17	NaN	NaN	0.0	"2.5"	"F0034"	1	0	"PR"	298.581	"deionize-uv"	15.161	0	1	0	0.0	0.0	0.0	null	300.372	0.086
-9.9	0.02695	26625.0	2981.25	2400.0	NaN	NaN	NaN	0	1	1	0	0	0	0	0	0	0	0	0	1	0	0	0	1	1	1	0	1	1	1	0	1	-119.0	0.113	0.298	NaN	NaN	0.269	0.662	NaN	NaN	8.07	23.17	NaN	NaN	0.0	"2.5"	"F0034"	1	0	"PR"	308.615	"deionize-uv"	25.195	0	1	0	0.0	0.0	0.0	null	310.406	0.083
-9.7	0.026125	26812.5	2971.875	2428.125	NaN	NaN	NaN	0	1	1	0	0	0	0	0	0	0	0	0	1	0	0	0	1	1	1	0	1	1	1	0	1	-116.0	0.112	0.301	NaN	NaN	0.267	0.669	NaN	NaN	8.01	23.415	NaN	NaN	0.0	"2.5"	"F0034"	1	0	"PR"	318.65	"deionize-uv"	35.23	0	1	0	0.0	0.0	0.0	null	320.441	0.083
-9.9	0.025575	27375.0	2953.125	2465.625	NaN	NaN	NaN	0	1	1	0	0	0	0	0	0	0	0	0	1	0	0	0	1	1	1	0	1	1	1	0	1	-119.0	0.11	0.305	NaN	NaN	0.262	0.678	NaN	NaN	7.86	23.73	NaN	NaN	0.0	"2.5"	"F0034"	1	0	"PR"	328.685	"deionize-uv"	45.265	0	1	0	0.0	0.0	0.0	null	330.476	0.083
-9.5	0.025025	26812.5	2962.5	2437.5	NaN	NaN	NaN	0	1	1	0	0	0	0	0	0	0	0	0	1	0	0	0	1	1	1	0	1	1	1	0	1	-114.0	0.111	0.302	NaN	NaN	0.264	0.671	NaN	NaN	7.92	23.485	NaN	NaN	0.0	"2.5"	"F0034"	1	0	"PR"	338.728	"deionize-uv"	55.308	0	1	0	0.0	0.0	0.0	null	340.519	0.088
-9.2	0.025575	27562.5	2962.5	2428.125	NaN	NaN	NaN	0	1	1	0	0	0	0	0	0	0	0	0	1	0	0	0	1	1	1	0	1	1	1	0	1	-110.0	0.111	0.301	NaN	NaN	0.264	0.669	NaN	NaN	7.92	23.415	NaN	NaN	0.0	"2.5"	"F0034"	1	0	"PR"	348.764	"deionize-uv"	65.344	0	1	0	0.0	0.0	0.0	null	350.555	0.083
-7.9	0.024475	27562.5	2953.125	2428.125	NaN	NaN	NaN	0	1	1	0	0	0	0	0	0	0	0	0	1	0	0	0	1	1	1	0	1	1	1	0	1	-95.0	0.11	0.301	NaN	NaN	0.262	0.669	NaN	NaN	7.86	23.415	NaN	NaN	0.0	"2.5"	"F0034"	1	0	"PR"	358.797	"deionize-uv"	75.377	0	1	0	0.0	0.0	0.0	null	360.588	0.085
-9.5	0.024475	25875.0	2962.5	2418.75	NaN	NaN	NaN	0	1	1	0	0	0	0	0	0	0	0	0	1	0	0	0	1	1	1	0	1	1	1	0	1	-114.0	0.111	0.3	NaN	NaN	0.264	0.667	NaN	NaN	7.92	23.345	NaN	NaN	0.0	"2.5"	"F0034"	1	0	"PR"	368.634	"deionize-uv"	85.214	0	1	0	0.0	0.0	0.0	null	370.425	0.091
-8.8	0.0242	26062.5	3009.375	2437.5	NaN	NaN	NaN	0	1	1	0	0	0	0	0	0	0	0	0	1	0	0	0	1	1	1	0	1	1	1	0	1	-106.0	0.116	0.302	NaN	NaN	0.276	0.671	NaN	NaN	8.28	23.485	NaN	NaN	0.0	"2.5"	"F0034"	1	0	"PR"	378.671	"deionize-uv"	95.251	0	1	0	0.0	0.0	0.0	null	380.462	0.083
-8.6	0.0231	27562.5	2953.125	2418.75	NaN	NaN	NaN	0	1	1	0	0	0	0	0	0	0	0	0	1	0	0	0	1	1	1	0	1	1	1	0	1	-103.0	0.11	0.3	NaN	NaN	0.262	0.667	NaN	NaN	7.86	23.345	NaN	NaN	0.0	"2.5"	"F0034"	1	0	"PR"	388.706	"deionize-uv"	105.286	0	1	0	0.0	0.0	0.0	null	390.497	0.084
-9.5	0.0231	27562.5	2971.875	2446.875	NaN	NaN	NaN	0	1	1	0	0	0	0	0	0	0	0	0	1	0	0	0	1	1	1	0	1	1	1	0	1	-114.0	0.112	0.303	NaN	NaN	0.267	0.673	NaN	NaN	8.01	23.555	NaN	NaN	0.0	"2.5"	"F0034"	1	0	"PR"	398.744	"deionize-uv"	115.324	0	1	0	0.0	0.0	0.0	null	400.535	0.084
-8.7	0.023375	30187.5	2962.5	1959.375	NaN	NaN	NaN	0	0	1	0	0	0	0	1	0	0	0	0	1	0	0	0	1	1	1	0	1	1	1	0	1	-104.0	0.111	0.254	NaN	NaN	0.264	0.564	NaN	NaN	7.92	19.74	NaN	NaN	0.0	"2.5"	"F0034"	1	0	"PR"	408.699	"drain-di-1"	5.14	0	1	0	0.0	0.0	0.0	null	410.49	0.091
-8.4	0.022275	31687.5	2962.5	1734.375	NaN	NaN	NaN	0	0	1	0	0	0	0	1	0	0	0	0	1	0	0	0	1	1	1	0	1	1	1	0	1	-101.0	0.111	0.231	NaN	NaN	0.264	0.513	NaN	NaN	7.92	17.955	NaN	NaN	0.0	"2.5"	"F0034"	1	0	"PR"	418.74	"drain-di-1"	15.181	0	1	0	0.0	0.0	0.0	null	420.531	0.086
-6.6	0.022275	29250.0	2953.125	1453.125	NaN	NaN	NaN	0	0	1	0	0	0	0	1	0	0	0	0	1	0	0	0	1	1	1	0	1	1	1	0	1	-79.0	0.11	0.203	NaN	NaN	0.262	0.451	NaN	NaN	7.86	15.785	NaN	NaN	0.0	"2.5"	"F0034"	1	0	"PR"	428.772	"drain-di-1"	25.213	0	1	0	0.0	0.0	0.0	null	430.563	0.084
-8.4	0.021725	30000.0	2962.5	1218.75	NaN	NaN	NaN	0	0	1	0	0	0	0	1	0	0	0	0	1	0	0	0	1	1	1	0	1	1	1	0	1	-101.0	0.111	0.18	NaN	NaN	0.264	0.4	NaN	NaN	7.92	14.0	NaN	NaN	0.0	"2.5"	"F0034"	1	0	"PR"	438.807	"drain-di-1"	35.248	0	1	0	0.0	0.0	0.0	null	440.598	0.084
-8.4	0.021725	30937.5	2971.875	984.375	NaN	NaN	NaN	0	0	1	0	0	0	0	1	0	0	0	0	1	0	0	0	1	1	1	0	1	1	1	0	1	-101.0	0.112	0.156	NaN	NaN	0.267	0.347	NaN	NaN	8.01	12.145	NaN	NaN	0.0	"2.5"	"F0034"	1	0	"PR"	448.845	"drain-di-1"	45.286	0	1	0	0.0	0.0	0.0	null	450.636	0.084
-7.8	0.02145	30750.0	2962.5	721.875	NaN	NaN	NaN	0	0	1	0	0	0	0	1	0	0	0	0	1	0	0	0	1	1	1	0	1	1	1	0	1	-94.0	0.111	0.13	NaN	NaN	0.264	0.289	NaN	NaN	7.92	10.115	NaN	NaN	0.0	"2.5"	"F0034"	1	0	"PR"	458.882	"drain-di-1"	55.323	0	1	0	0.0	0.0	0.0	null	460.673	0.087
-8.8	0.02145	30562.5	2953.125	487.5	NaN	NaN	NaN	0	0	1	0	0	0	0	1	0	0	0	0	1	0	0	0	1	1	1	0	1	1	1	0	1	-106.0	0.11	0.107	NaN	NaN	0.262	0.238	NaN	NaN	7.86	8.33	NaN	NaN	0.0	"2.5"	"F0034"	1	0	"PR"	468.722	"drain-di-1"	65.163	0	1	0	0.0	0.0	0.0	null	470.513	0.091
-8.4	0.021725	30937.5	2962.5	234.375	NaN	NaN	NaN	0	0	1	0	0	0	0	1	0	0	0	0	1	0	0	0	1	1	1	0	1	1	1	0	1	-101.0	0.111	0.081	NaN	NaN	0.264	0.18	NaN	NaN	7.92	6.3	NaN	NaN	0.0	"2.5"	"F0034"	1	0	"PR"	478.758	"drain-di-1"	75.199	0	1	0	0.0	0.0	0.0	null	480.549	0.09
-10.6	0.0209	30562.5	2943.75	-18.75	NaN	NaN	NaN	0	0	1	0	0	0	0	1	0	0	0	0	1	0	0	0	1	1	1	0	1	1	1	0	1	-127.0	0.109	0.056	NaN	NaN	0.26	0.124	NaN	NaN	7.8	4.34	NaN	NaN	0.0	"2.5"	"F0034"	1	0	"PR"	488.897	"drip-di-1"	4.12	0	1	0	0.0	0.0	0.0	null	490.688	0.084
-8.0	0.02145	30000.0	2962.5	-84.375	NaN	NaN	NaN	0	0	1	0	0	0	0	1	0	0	0	0	1	0	0	0	1	1	1	0	1	1	1	0	1	-96.0	0.111	0.05	NaN	NaN	0.264	0.111	NaN	NaN	7.92	3.885	NaN	NaN	0.0	"2.5"	"F0034"	1	0	"PR"	498.937	"drip-di-1"	14.16	0	1	0	0.0	0.0	0.0	null	500.728	0.089
12.3	0.022	21000.0	2793.75	150.0	NaN	NaN	NaN	1	0	0	0	0	1	1	0	0	0	0	0	1	1	0	0	0	1	1	1	0	1	1	1	0	148.0	0.094	0.073	NaN	NaN	0.224	0.162	NaN	NaN	6.72	5.67	NaN	NaN	0.0	"2.5"	"F0034"	1	1	"PR"	508.94	"reverse-f"	8.999	0	1	0	0.0	0.0	0.0	null	510.731	0.085
12.2	0.02365	20062.5	2831.25	450.0	NaN	NaN	NaN	1	0	0	0	0	1	1	0	0	0	0	0	1	1	0	0	0	1	1	1	0	1	1	1	0	146.0	0.098	0.103	NaN	NaN	0.233	0.229	NaN	NaN	6.99	8.015	NaN	NaN	0.0	"2.5"	"F0034"	1	1	"PR"	518.769	"reverse-f"	18.828	0	1	0	0.0	0.0	0.0	null	520.56	0.09
12.5	0.02695	20812.5	2793.75	787.5	NaN	NaN	NaN	1	0	0	0	0	1	1	0	0	0	0	0	1	1	0	0	0	1	1	1	0	1	1	1	0	150.0	0.094	0.137	NaN	NaN	0.224	0.304	NaN	NaN	6.72	10.64	NaN	NaN	0.0	"2.5"	"F0034"	1	1	"PR"	528.798	"reverse-f"	28.857	0	1	0	0.0	0.0	0.0	null	530.589	0.09
12.3	0.0308	21000.0	2793.75	1106.25	NaN	NaN	NaN	1	0	0	0	0	1	1	0	0	0	0	0	1	1	0	0	0	1	1	1	0	1	1	1	0	148.0	0.094	0.169	NaN	NaN	0.224	0.376	NaN	NaN	6.72	13.16	NaN	NaN	0.0	"2.5"	"F0034"	1	1	"PR"	538.837	"reverse-f"	38.896	0	1	0	0.0	0.0	0.0	null	540.628	0.091
13.4	0.034925	19125.0	2793.75	1387.5	NaN	NaN	NaN	1	0	0	0	0	1	1	0	0	0	0	0	1	1	0	0	0	1	1	1	0	1	1	1	0	161.0	0.094	0.197	NaN	NaN	0.224	0.438	NaN	NaN	6.72	15.33	NaN	NaN	0.0	"2.5"	"F0034"	1	1	"PR"	548.872	"reverse-f"	48.931	0	1	0	0.0	0.0	0.0	null	550.663	0.09
12.1	0.038225	20250.0	2821.875	1706.25	NaN	NaN	NaN	1	0	0	0	0	1	1	0	0	0	0	0	1	1	0	0	0	1	1	1	0	1	1	1	0	145.0	0.097	0.229	NaN	NaN	0.231	0.509	NaN	NaN	6.93	17.815	NaN	NaN	0.0	"2.5"	"F0034"	1	1	"PR"	558.912	"reverse-f"	58.971	0	1	0	0.0	0.0	0.0	null	560.703	0.091
12.4	0.0407	19875.0	2775.0	2015.625	NaN	NaN	NaN	1	0	0	0	0	1	1	0	0	0	0	0	1	1	0	0	0	1	1	1	0	1	1	1	0	149.0	0.093	0.26	NaN	NaN	0.221	0.578	NaN	NaN	6.63	20.23	NaN	NaN	0.0	"2.5"	"F0034"	1	1	"PR"	568.95	"reverse-f"	69.009	0	1	0	0.0	0.0	0.0	null	570.741	0.09
12.5	0.043175	19500.0	2803.125	2231.25	NaN	NaN	NaN	0	0	0	0	0	1	1	0	0	0	0	0	1	0	0	0	0	1	1	1	0	1	1	1	0	150.0	0.095	0.281	NaN	NaN	0.226	0.624	NaN	NaN	6.78	21.84	NaN	NaN	0.0	"2.5"	"F0034"	1	1	"PR"	578.897	"reverse"	78.956	0	1	0	0.0	0.0	0.0	null	580.688	0.09
11.2	0.04455	18375.0	2803.125	2250.0	NaN	NaN	NaN	0	0	0	0	0	1	1	0	0	0	0	0	1	0	0	0	0	1	1	1	0	1	1	1	0	134.0	0.095	0.283	NaN	NaN	0.226	0.629	NaN	NaN	6.78	22.015	NaN	NaN	0.0	"2.5"	"F0034"	1	1	"PR"	588.936	"reverse"	88.995	0	1	0	0.0	0.0	0.0	null	590.727	0.092
12.8	0.0462	20250.0	2793.75	2259.375	NaN	NaN	NaN	0	0	0	0	0	1	1	0	0	0	0	0	1	0	0	0	0	1	1	1	0	1	1	1	0	154.0	0.094	0.284	NaN	NaN	0.224	0.631	NaN	NaN	6.72	22.085	NaN	NaN	0.0	"2.5"	"F0034"	1	1	"PR"	598.969	"reverse"	99.028	0	1	0	0.0	0.0	0.0	null	600.76	0.09
12.6	0.047025	21000.0	2821.875	2268.75	NaN	NaN	NaN	0	0	0	0	0	1	1	0	0	0	0	0	1	0	0	0	0	1	1	1	0	1	1	1	0	151.0	0.097	0.285	NaN	NaN	0.231	0.633	NaN	NaN	6.93	22.155	NaN	NaN	0.0	"2.5"	"F0034"	1	1	"PR"	609.004	"reverse"	109.063	0	1	0	0.0	0.0	0.0	null	610.795	0.09
13.3	0.04785	21375.0	2784.375	2278.125	NaN	NaN	NaN	0	0	0	0	0	1	1	0	0	0	0	0	1	0	0	0	0	1	1	1	0	1	1	1	0	160.0	0.093	0.286	NaN	NaN	0.221	0.636	NaN	NaN	6.63	22.26	NaN	NaN	0.0	"2.5"	"F0034"	1	1	"PR"	619.041	"reverse"	119.1	0	1	0	0.0	0.0	0.0	null	620.832	0.088
12.3	0.0484	20250.0	2784.375	2250.0	NaN	NaN	NaN	0	0	0	0	0	1	1	0	0	0	0	0	1	0	0	0	0	1	1	1	0	1	1	1	0	148.0	0.093	0.283	NaN	NaN	0.221	0.629	NaN	NaN	6.63	22.015	NaN	NaN	0.0	"2.5"	"F0034"	1	1	"PR"	628.877	"reverse"	128.936	0	1	0	0.0	0.0	0.0	null	630.668	0.086
12.6	0.0484	19500.0	2793.75	2268.75	NaN	NaN	NaN	0	0	0	0	0	1	1	0	0	0	0	0	1	0	0	0	0	1	1	1	0	1	1	1	0	151.0	0.094	0.285	NaN	NaN	0.224	0.633	NaN	NaN	6.72	22.155	NaN	NaN	0.0	"2.5"	"F0034"	1	1	"PR"	638.917	"reverse"	138.976	0	1	0	0.0	0.0	0.0	null	640.708	0.084
13.7	0.0484	19875.0	2803.125	2259.375	NaN	NaN	NaN	0	0	0	0	0	1	1	0	0	0	0	0	1	0	0	0	0	1	1	1	0	1	1	1	0	164.0	0.095	0.284	NaN	NaN	0.226	0.631	NaN	NaN	6.78	22.085	NaN	NaN	0.0	"2.5"	"F0034"	1	1	"PR"	648.959	"reverse"	149.018	0	1	0	0.0	0.0	0.0	null	650.75	0.086
3.3	0.05005	1312.5	2990.625	2278.125	NaN	NaN	NaN	0	0	0	0	0	0	0	0	0	0	0	0	0	0	0	0	0	0	0	0	1	0	0	0	1	40.0	0.114	0.286	NaN	NaN	0.271	0.636	NaN	NaN	8.13	22.26	NaN	NaN	0.0	"2.5"	"F0034"	0	0	"PR"	659.079	"diffuse"	9.118	0	1	1	0.0	0.0	0.0	null	660.87	0.087
3.2	0.049775	1875.0	2981.25	2278.125	NaN	NaN	NaN	0	0	0	0	0	0	0	0	0	0	0	0	0	0	0	0	0	0	0	0	1	0	0	0	1	38.0	0.113	0.286	NaN	NaN	0.269	0.636	NaN	NaN	8.07	22.26	NaN	NaN	0.0	"2.5"	"F0034"	0	0	"PR"	668.919	"diffuse"	18.958	0	1	1	0.0	0.0	0.0	null	670.71	0.084
3.6	0.049775	937.5	2981.25	2296.875	NaN	NaN	NaN	0	0	0	0	0	0	0	0	0	0	0	0	0	0	0	0	0	0	0	0	1	0	0	0	1	43.0	0.113	0.288	NaN	NaN	0.269	0.64	NaN	NaN	8.07	22.4	NaN	NaN	0.0	"2.5"	"F0034"	0	0	"PR"	678.961	"diffuse"	29.0	0	1	1	0.0	0.0	0.0	null	680.752	0.086
12.1	0.049775	21375.0	2803.125	2259.375	NaN	NaN	NaN	0	0	0	0	0	1	1	0	0	0	0	0	1	0	0	0	0	1	1	1	0	1	1	1	0	145.0	0.095	0.284	NaN	NaN	0.226	0.631	NaN	NaN	6.78	22.085	NaN	NaN	0.0	"2.5"	"F0034"	1	1	"PR"	689.086	"wash-en"	9.121	0	1	1	0.0	0.0	0.0	null	690.877	0.089
12.7	0.0506	21000.0	2831.25	2278.125	NaN	NaN	NaN	0	0	0	0	0	1	1	0	0	0	0	0	1	0	0	0	0	1	1	1	0	1	1	1	0	152.0	0.098	0.286	NaN	NaN	0.233	0.636	NaN	NaN	6.99	22.26	NaN	NaN	0.0	"2.5"	"F0034"	1	1	"PR"	699.126	"wash-en"	19.161	0	1	1	0.0	0.0	0.0	null	700.917	0.091
2.4	0.051975	20625.0	2821.875	2287.5	NaN	NaN	NaN	0	0	0	0	0	1	1	0	0	0	0	0	1	0	0	0	0	0	0	0	1	0	0	0	1	29.0	0.097	0.287	NaN	NaN	0.231	0.638	NaN	NaN	6.93	22.33	NaN	NaN	0.0	"2.5"	"F0034"	0	0	"PR"	709.059	"wash-sc"	8.931	0	1	1	0.0	0.0	0.0	null	710.85	0.086
2.9	0.05225	187.5	2981.25	2278.125	NaN	NaN	NaN	0	0	0	0	0	0	0	0	0	0	0	0	0	0	0	0	0	0	0	0	1	0	0	0	1	35.0	0.113	0.286	NaN	NaN	0.269	0.636	NaN	NaN	8.07	22.26	NaN	NaN	0.0	"2.5"	"F0034"	0	0	"PR"	719.091	"diffuse"	8.828	0	1	2	0.0	0.0	0.0	null	720.882	0.086
2.6	0.052525	1312.5	3009.375	2278.125	NaN	NaN	NaN	0	0	0	0	0	0	0	0	0	0	0	0	0	0	0	0	0	0	0	0	1	0	0	0	1	31.0	0.116	0.286	NaN	NaN	0.276	0.636	NaN	NaN	8.28	22.26	NaN	NaN	0.0	"2.5"	"F0034"	0	0	"PR"	729.128	"diffuse"	18.865	0	1	2	0.0	0.0	0.0	null	730.919	0.089
3.0	0.05225	187.5	2990.625	2278.125	NaN	NaN	NaN	0	0	0	0	0	0	0	0	0	0	0	0	0	0	0	0	0	0	0	0	1	0	0	0	1	36.0	0.114	0.286	NaN	NaN	0.271	0.636	NaN	NaN	8.13	22.26	NaN	NaN	0.0	"2.5"	"F0034"	0	0	"PR"	739.167	"diffuse"	28.904	0	1	2	0.0	0.0	0.0	null	740.958	0.09
12.6	0.0517	19875.0	2831.25	2250.0	NaN	NaN	NaN	0	0	0	0	0	1	1	0	0	0	0	0	1	0	0	0	0	1	1	1	0	1	1	1	0	151.0	0.098	0.283	NaN	NaN	0.233	0.629	NaN	NaN	6.99	22.015	NaN	NaN	0.0	"2.5"	"F0034"	1	1	"PR"	749.094	"wash-en"	8.722	0	1	2	0.0	0.0	0.0	null	750.885	0.086
12.3	0.05225	19500.0	2793.75	2287.5	NaN	NaN	NaN	0	0	0	0	0	1	1	0	0	0	0	0	1	0	0	0	0	1	1	1	0	1	1	1	0	148.0	0.094	0.287	NaN	NaN	0.224	0.638	NaN	NaN	6.72	22.33	NaN	NaN	0.0	"2.5"	"F0034"	1	1	"PR"	759.133	"wash-en"	18.761	0	1	2	0.0	0.0	0.0	null	760.924	0.087
2.2	0.053075	19687.5	2821.875	2278.125	NaN	NaN	NaN	0	0	0	0	0	1	1	0	0	0	0	0	1	0	0	0	0	0	0	0	1	0	0	0	1	26.0	0.097	0.286	NaN	NaN	0.231	0.636	NaN	NaN	6.93	22.26	NaN	NaN	0.0	"2.5"	"F0034"	0	0	"PR"	769.055	"wash-sc"	8.518	0	1	2	0.0	0.0	0.0	null	770.846	0.087
2.4	0.053075	187.5	2981.25	2278.125	NaN	NaN	NaN	0	0	0	0	0	0	0	0	0	0	0	0	0	0	0	0	0	0	0	0	1	0	0	0	1	29.0	0.113	0.286	NaN	NaN	0.269	0.636	NaN	NaN	8.07	22.26	NaN	NaN	0.0	"2.5"	"F0034"	0	0	"PR"	779.091	"diffuse"	8.43	0	1	3	0.0	0.0	0.0	null	780.882	0.083
2.5	0.05225	562.5	2990.625	2278.125	NaN	NaN	NaN	0	0	0	0	0	0	0	0	0	0	0	0	0	0	0	0	0	0	0	0	1	0	0	0	1	30.0	0.114	0.286	NaN	NaN	0.271	0.636	NaN	NaN	8.13	22.26	NaN	NaN	0.0	"2.5"	"F0034"	0	0	"PR"	789.13	"diffuse"	18.469	0	1	3	0.0	0.0	0.0	null	790.921	0.089
2.5	0.053075	2062.5	2981.25	2278.125	NaN	NaN	NaN	0	0	0	0	0	0	0	0	0	0	0	0	0	0	0	0	0	0	0	0	1	0	0	0	1	30.0	0.113	0.286	NaN	NaN	0.269	0.636	NaN	NaN	8.07	22.26	NaN	NaN	0.0	"2.5"	"F0034"	0	0	"PR"	799.163	"diffuse"	28.502	0	1	3	0.0	0.0	0.0	null	800.954	0.083
12.6	0.05225	20812.5	2793.75	2278.125	NaN	NaN	NaN	0	0	0	0	0	1	1	0	0	0	0	0	1	0	0	0	0	1	1	1	0	1	1	1	0	151.0	0.094	0.286	NaN	NaN	0.224	0.636	NaN	NaN	6.72	22.26	NaN	NaN	0.0	"2.5"	"F0034"	1	1	"PR"	809.09	"wash-en"	8.321	0	1	3	0.0	0.0	0.0	null	810.881	0.086
13.0	0.051975	19875.0	2784.375	2268.75	NaN	NaN	NaN	0	0	0	0	0	1	1	0	0	0	0	0	1	0	0	0	0	1	1	1	0	1	1	1	0	156.0	0.093	0.285	NaN	NaN	0.221	0.633	NaN	NaN	6.63	22.155	NaN	NaN	0.0	"2.5"	"F0034"	1	1	"PR"	819.131	"wash-en"	18.362	0	1	3	0.0	0.0	0.0	null	820.922	0.086
1.8	0.05335	20062.5	2821.875	2278.125	NaN	NaN	NaN	0	0	0	0	0	1	1	0	0	0	0	0	1	0	0	0	0	0	0	0	1	0	0	0	1	22.0	0.097	0.286	NaN	NaN	0.231	0.636	NaN	NaN	6.93	22.26	NaN	NaN	0.0	"2.5"	"F0034"	0	0	"PR"	829.256	"wash-sc"	8.319	0	1	3	0.0	0.0	0.0	null	831.047	0.087
1.7	0.053075	937.5	2990.625	2278.125	NaN	NaN	NaN	0	0	0	0	0	0	0	0	0	0	0	0	0	0	0	0	0	0	0	0	1	0	0	0	1	20.0	0.114	0.286	NaN	NaN	0.271	0.636	NaN	NaN	8.13	22.26	NaN	NaN	0.0	"2.5"	"F0034"	0	0	"PR"	839.288	"diffuse"	8.225	0	1	4	0.0	0.0	0.0	null	841.079	0.086
2.0	0.05335	1875.0	2981.25	2287.5	NaN	NaN	NaN	0	0	0	0	0	0	0	0	0	0	0	0	0	0	0	0	0	0	0	0	1	0	0	0	1	24.0	0.113	0.287	NaN	NaN	0.269	0.638	NaN	NaN	8.07	22.33	NaN	NaN	0.0	"2.5"	"F0034"	0	0	"PR"	849.121	"diffuse"	18.058	0	1	4	0.0	0.0	0.0	null	850.912	0.084
2.0	0.053075	937.5	2981.25	2278.125	NaN	NaN	NaN	0	0	0	0	0	0	0	0	0	0	0	0	0	0	0	0	0	0	0	0	1	0	0	0	1	24.0	0.113	0.286	NaN	NaN	0.269	0.636	NaN	NaN	8.07	22.26	NaN	NaN	0.0	"2.5"	"F0034"	0	0	"PR"	859.159	"diffuse"	28.096	0	1	4	0.0	0.0	0.0	null	860.95	0.086
12.4	0.0528	21000.0	2803.125	2259.375	NaN	NaN	NaN	0	0	0	0	0	1	1	0	0	0	0	0	1	0	0	0	0	1	1	1	0	1	1	1	0	149.0	0.095	0.284	NaN	NaN	0.226	0.631	NaN	NaN	6.78	22.085	NaN	NaN	0.0	"2.5"	"F0034"	1	1	"PR"	869.288	"wash-en"	8.121	0	1	4	0.0	0.0	0.0	null	871.079	0.083
12.1	0.05335	20062.5	2803.125	2268.75	NaN	NaN	NaN	0	0	0	0	0	1	1	0	0	0	0	0	1	0	0	0	0	1	1	1	0	1	1	1	0	145.0	0.095	0.285	NaN	NaN	0.226	0.633	NaN	NaN	6.78	22.155	NaN	NaN	0.0	"2.5"	"F0034"	1	1	"PR"	879.328	"wash-en"	18.161	0	1	4	0.0	0.0	0.0	null	881.119	0.088
0.5	0.05335	19875.0	2821.875	2278.125	NaN	NaN	NaN	0	0	0	0	0	1	1	0	0	0	0	0	1	0	0	0	0	0	0	0	1	0	0	0	1	6.0	0.097	0.286	NaN	NaN	0.231	0.636	NaN	NaN	6.93	22.26	NaN	NaN	0.0	"2.5"	"F0034"	0	0	"PR"	889.253	"wash-sc"	7.917	0	1	4	0.0	0.0	0.0	null	891.044	0.09
1.7	0.05335	-2062.5	2512.5	2278.125	NaN	NaN	NaN	0	0	0	0	1	0	0	0	0	0	0	0	0	0	0	0	0	0	0	0	1	0	0	0	1	20.0	0.066	0.286	NaN	NaN	0.157	0.636	NaN	NaN	4.71	22.26	NaN	NaN	0.0	"2.5"	"F0034"	0	0	"PR"	899.292	"drain-rg"	7.831	0	1	4	0.0	0.0	0.0	null	901.083	0.086
1.4	0.053075	-1875.0	2118.75	2287.5	NaN	NaN	NaN	0	0	0	0	1	0	0	0	0	0	0	0	0	0	0	0	0	0	0	0	1	0	0	0	1	17.0	0.027	0.287	NaN	NaN	0.064	0.638	NaN	NaN	1.92	22.33	NaN	NaN	0.0	"2.5"	"F0034"	0	0	"PR"	909.332	"drain-rg"	17.871	0	1	4	0.0	0.0	0.0	null	911.123	0.088
1.9	0.054175	-1875.0	1809.375	2278.125	NaN	NaN	NaN	0	0	0	0	1	0	0	0	0	0	0	0	0	0	0	0	0	0	0	0	1	0	0	0	1	23.0	-0.004	0.286	NaN	NaN	-0.01	0.636	NaN	NaN	-0.3	22.26	NaN	NaN	0.0	"2.5"	"F0034"	0	0	"PR"	919.366	"drip-rg"	1.204	0	1	4	0.0	0.0	0.0	null	921.157	0.086
1.5	0.05335	-937.5	843.75	2278.125	NaN	NaN	NaN	0	0	0	0	1	0	0	0	0	0	0	0	0	0	0	0	0	0	0	0	1	0	0	0	1	18.0	-0.101	0.286	NaN	NaN	-0.24	0.636	NaN	NaN	-7.2	22.26	NaN	NaN	0.0	"2.5"	"F0034"	0	0	"PR"	929.202	"drip-rg"	11.04	0	1	4	0.0	0.0	0.0	null	930.993	0.087
1.4	0.053625	19125.0	1462.5	2156.25	NaN	NaN	NaN	0	0	1	0	0	1	0	0	0	0	0	0	1	0	0	0	0	0	0	0	1	0	0	0	1	17.0	-0.039	0.274	NaN	NaN	-0.093	0.609	NaN	NaN	-2.79	21.315	NaN	NaN	0.0	"2.5"	"F0034"	0	0	"FR"	5.232	"fill-rg-di"	5.032	1	1	0	935.208	0.0	0.0	null	941.064	0.084
1.2	0.0528	20625.0	2175.0	1921.875	NaN	NaN	NaN	0	0	1	0	0	1	0	0	0	0	0	0	1	0	0	0	0	0	0	0	1	0	0	0	1	14.0	0.033	0.25	NaN	NaN	0.079	0.556	NaN	NaN	2.37	19.46	NaN	NaN	0.0	"2.5"	"F0034"	0	0	"FR"	15.268	"fill-rg-di"	15.068	1	1	0	935.208	0.0	0.0	null	951.1	0.084
3.0	0.052525	20625.0	2484.375	1650.0	NaN	NaN	NaN	0	0	1	0	0	1	0	0	0	0	0	0	1	0	0	0	0	0	0	0	1	0	0	0	1	36.0	0.063	0.223	NaN	NaN	0.15	0.496	NaN	NaN	4.5	17.36	NaN	NaN	0.0	"2.5"	"F0034"	0	0	"FR"	25.305	"fill-rg-di"	25.105	1	1	0	935.208	0.0	0.0	null	961.137	0.084
1.4	0.0517	22312.5	2784.375	1378.125	NaN	NaN	NaN	0	0	1	0	0	1	0	0	0	0	0	0	1	0	0	0	0	0	0	0	1	0	0	0	1	17.0	0.093	0.196	NaN	NaN	0.221	0.436	NaN	NaN	6.63	15.26	NaN	NaN	0.0	"2.5"	"F0034"	0	0	"FR"	35.343	"fill-rg-di"	35.143	1	1	0	935.208	0.0	0.0	null	971.175	0.083
4.4	0.050325	20250.0	3084.375	1115.625	NaN	NaN	NaN	0	0	1	0	0	1	0	0	0	0	0	0	1	0	0	0	0	0	0	0	1	0	0	0	1	53.0	0.123	0.17	NaN	NaN	0.293	0.378	NaN	NaN	8.79	13.23	NaN	NaN	0.0	"2.5"	"F0034"	0	0	"FR"	45.38	"fill-rg-di"	45.18	1	1	0	935.208	0.0	0.0	null	981.212	0.087
1.7	0.049775	187.5	2934.375	993.75	NaN	NaN	NaN	0	0	0	0	1	0	0	0	0	0	0	0	0	0	0	0	0	0	0	0	1	0	0	0	1	20.0	0.108	0.157	NaN	NaN	0.257	0.349	NaN	NaN	7.71	12.215	NaN	NaN	0.0	"2.5"	"F0034"	0	0	"FR"	55.216	"drain-rg"	4.012	1	1	0	935.208	0.0	0.0	null	991.048	0.087
1.1	0.049225	1125.0	2596.875	956.25	NaN	NaN	NaN	0	0	0	0	1	0	0	0	0	0	0	0	0	0	0	0	0	0	0	0	1	0	0	0	1	13.0	0.075	0.154	NaN	NaN	0.179	0.342	NaN	NaN	5.37	11.97	NaN	NaN	0.0	"2.5"	"F0034"	0	0	"FR"	65.254	"drain-rg"	14.05	1	1	0	935.208	0.0	0.0	null	1001.086	0.087
0.6	0.05005	375.0	2203.125	993.75	NaN	NaN	NaN	0	0	0	0	1	0	0	0	0	0	0	0	0	0	0	0	0	0	0	0	1	0	0	0	1	7.0	0.035	0.157	NaN	NaN	0.083	0.349	NaN	NaN	2.49	12.215	NaN	NaN	0.0	"2.5"	"F0034"	0	0	"FR"	75.291	"drain-rg"	24.087	1	1	0	935.208	0.0	0.0	null	1011.123	0.092
1.5	0.049775	1125.0	1884.375	975.0	NaN	NaN	NaN	0	0	0	0	1	0	0	0	0	0	0	0	0	0	0	0	0	0	0	0	1	0	0	0	1	18.0	0.003	0.155	NaN	NaN	0.007	0.344	NaN	NaN	0.21	12.04	NaN	NaN	0.0	"2.5"	"F0034"	0	0	"FR"	85.326	"drain-rg"	34.122	1	1	0	935.208	0.0	0.0	null	1021.158	0.09
1.5	0.05005	-562.5	1190.625	975.0	NaN	NaN	NaN	0	0	0	0	1	0	0	0	0	0	0	0	0	0	0	0	0	0	0	0	1	0	0	0	1	18.0	-0.066	0.155	NaN	NaN	-0.157	0.344	NaN	NaN	-4.71	12.04	NaN	NaN	0.0	"2.5"	"F0034"	0	0	"FR"	95.357	"drip-rg"	9.83	1	1	0	935.208	0.0	0.0	null	1031.189	0.09
0.7	0.048675	19312.5	1153.125	900.0	NaN	NaN	NaN	0	0	1	0	0	1	0	0	0	0	0	0	1	0	0	0	0	0	0	0	1	0	0	0	1	8.0	-0.07	0.148	NaN	NaN	-0.167	0.329	NaN	NaN	-5.01	11.515	NaN	NaN	0.0	"2.5"	"F0034"	0	0	"PR"	4.035	"fill-rg-di"	3.834	1	0	0	935.208	0.0	1036.612	null	1041.266	0.092
1.5	0.0484	19875.0	2081.25	646.875	NaN	NaN	NaN	0	0	1	0	0	1	0	0	0	0	0	0	1	0	0	0	0	0	0	0	1	0	0	0	1	18.0	0.023	0.123	NaN	NaN	0.055	0.273	NaN	NaN	1.65	9.555	NaN	NaN	0.0	"2.5"	"F0034"	0	0	"PR"	13.871	"fill-rg-di"	13.67	1	0	0	935.208	0.0	1036.612	null	1051.102	0.087
1.6	0.047575	20625.0	2409.375	375.0	NaN	NaN	NaN	0	0	1	0	0	1	0	0	0	0	0	0	1	0	0	0	0	0	0	0	1	0	0	0	1	19.0	0.056	0.096	NaN	NaN	0.133	0.213	NaN	NaN	3.99	7.455	NaN	NaN	0.0	"2.5"	"F0034"	0	0	"PR"	23.91	"fill-rg-di"	23.709	1	0	0	935.208	0.0	1036.612	null	1061.141	0.09
1.4	0.045375	22125.0	2709.375	93.75	NaN	NaN	NaN	0	0	1	0	0	1	0	0	0	0	0	0	1	0	0	0	0	0	0	0	1	0	0	0	1	17.0	0.086	0.067	NaN	NaN	0.205	0.149	NaN	NaN	6.15	5.215	NaN	NaN	0.0	"2.5"	"F0034"	0	0	"PR"	33.946	"fill-rg-di"	33.745	1	0	0	935.208	0.0	1036.612	null	1071.177	0.09
1.4	0.0462	2812.5	2737.5	403.125	NaN	NaN	NaN	1	0	0	0	0	0	0	0	0	0	0	0	0	1	0	0	0	0	0	0	1	0	0	0	1	17.0	0.089	0.098	NaN	NaN	0.212	0.218	NaN	NaN	6.36	7.63	NaN	NaN	0.0	"2.5"	"F0034"	0	0	"PR"	43.987	"fill-di-lb"	9.639	1	0	0	935.208	0.0	1036.612	null	1081.218	0.088
1.7	0.045375	1500.0	2728.125	721.875	NaN	NaN	NaN	1	0	0	0	0	0	0	0	0	0	0	0	0	1	0	0	0	0	0	0	1	0	0	0	1	20.0	0.088	0.13	NaN	NaN	0.21	0.289	NaN	NaN	6.3	10.115	NaN	NaN	0.0	"2.5"	"F0034"	0	0	"PR"	54.024	"fill-di-lb"	19.676	1	0	0	935.208	0.0	1036.612	null	1091.255	0.09
1.4	0.045925	1687.5	2718.75	1031.25	NaN	NaN	NaN	1	0	0	0	0	0	0	0	0	0	0	0	0	1	0	0	0	0	0	0	1	0	0	0	1	17.0	0.087	0.161	NaN	NaN	0.207	0.358	NaN	NaN	6.21	12.53	NaN	NaN	0.0	"2.5"	"F0034"	0	0	"PR"	64.056	"fill-di-lb"	29.708	1	0	0	935.208	0.0	1036.612	null	1101.287	0.086
2.3	0.04565	1312.5	2746.875	1350.0	NaN	NaN	NaN	1	0	0	0	0	0	0	0	0	0	0	0	0	1	0	0	0	0	0	0	1	0	0	0	1	28.0	0.09	0.193	NaN	NaN	0.214	0.429	NaN	NaN	6.42	15.015	NaN	NaN	0.0	"2.5"	"F0034"	0	0	"PR"	74.095	"fill-di-lb"	39.747	1	0	0	935.208	0.0	1036.612	null	1111.326	0.092
1.0	0.04565	1312.5	2737.5	1650.0	NaN	NaN	NaN	1	0	0	0	0	0	0	0	0	0	0	0	0	1	0	0	0	0	0	0	1	0	0	0	1	12.0	0.089	0.223	NaN	NaN	0.212	0.496	NaN	NaN	6.36	17.36	NaN	NaN	0.0	"2.5"	"F0034"	0	0	"PR"	84.129	"fill-di-lb"	49.781	1	0	0	935.208	0.0	1036.612	null	1121.36	0.09
1.3	0.04565	2437.5	2746.875	1959.375	NaN	NaN	NaN	1	0	0	0	0	0	0	0	0	0	0	0	0	1	0	0	0	0	0	0	1	0	0	0	1	16.0	0.09	0.254	NaN	NaN	0.214	0.564	NaN	NaN	6.42	19.74	NaN	NaN	0.0	"2.5"	"F0034"	0	0	"PR"	93.964	"fill-di-lb"	59.616	1	0	0	935.208	0.0	1036.612	null	1131.195	0.09
1.4	0.045925	12000.0	2746.875	2259.375	NaN	NaN	NaN	0	0	1	0	0	1	0	0	0	0	0	0	1	0	0	0	0	0	0	0	1	0	0	0	1	17.0	0.09	0.284	NaN	NaN	0.214	0.631	NaN	NaN	6.42	22.085	NaN	NaN	0.0	"2.5"	"F0034"	0	0	"PR"	104.004	"fill-rg-di"	0.802	1	0	0	935.208	0.0	1036.612	null	1141.235	0.091
1.3	0.0451	2250.0	2962.5	2175.0	NaN	NaN	NaN	1	0	0	0	0	0	0	0	0	0	0	0	0	1	0	0	0	0	0	0	1	0	0	0	1	16.0	0.111	0.276	NaN	NaN	0.264	0.613	NaN	NaN	7.92	21.455	NaN	NaN	0.0	"2.5"	"F0034"	0	0	"PR"	114.037	"fill-di"	3.412	1	0	0	935.208	0.0	1036.612	null	1151.268	0.09
12.6	0.044	26250.0	2953.125	2550.0	NaN	NaN	NaN	0	1	1	0	0	0	0	0	0	0	0	0	1	0	0	0	0	1	1	1	0	1	1	1	0	151.0	0.11	0.313	NaN	NaN	0.262	0.696	NaN	NaN	7.86	24.36	NaN	NaN	0.0	"2.5"	"F0034"	1	1	"PR"	124.08	"deionize"	7.433	1	1	0	935.208	0.0	1036.612	null	1161.311	0.092
12.4	0.043725	26812.5	2962.5	2531.25	NaN	NaN	NaN	0	1	1	0	0	0	0	0	0	0	0	0	1	0	0	0	0	1	1	1	0	1	1	1	0	149.0	0.111	0.311	NaN	NaN	0.264	0.691	NaN	NaN	7.92	24.185	NaN	NaN	0.0	"2.5"	"F0034"	1	1	"PR"	134.115	"deionize"	17.468	1	1	0	935.208	0.0	1036.612	null	1171.346	0.09
13.1	0.043175	28687.5	2934.375	2512.5	NaN	NaN	NaN	0	1	1	0	0	0	0	0	0	0	0	0	1	0	0	0	0	1	1	1	0	1	1	1	0	157.0	0.108	0.309	NaN	NaN	0.257	0.687	NaN	NaN	7.71	24.045	NaN	NaN	0.0	"2.5"	"F0034"	1	1	"PR"	144.15	"deionize"	27.503	1	1	0	935.208	0.0	1036.612	null	1181.381	0.09
12.3	0.0418	27937.5	2953.125	2568.75	NaN	NaN	NaN	0	1	1	0	0	0	0	0	0	0	0	0	1	0	0	0	0	1	1	1	0	1	1	1	0	148.0	0.11	0.315	NaN	NaN	0.262	0.7	NaN	NaN	7.86	24.5	NaN	NaN	0.0	"2.5"	"F0034"	1	1	"PR"	154.19	"deionize"	37.543	1	1	0	935.208	0.0	1036.612	null	1191.421	0.093
12.6	0.04125	27187.5	2953.125	2437.5	NaN	NaN	NaN	0	1	1	0	0	0	0	0	0	0	0	0	1	0	0	0	0	1	1	1	0	1	1	1	0	151.0	0.11	0.302	NaN	NaN	0.262	0.671	NaN	NaN	7.86	23.485	NaN	NaN	0.0	"2.5"	"F0034"	1	1	"PR"	164.024	"deionize"	47.377	1	1	0	935.208	0.0	1036.612	null	1201.255	0.087
13.2	0.040425	26625.0	2962.5	2540.625	NaN	NaN	NaN	0	1	1	0	0	0	0	0	0	0	0	0	1	0	0	0	0	1	1	1	0	1	1	1	0	158.0	0.111	0.312	NaN	NaN	0.264	0.693	NaN	NaN	7.92	24.255	NaN	NaN	0.0	"2.5"	"F0034"	1	1	"PR"	174.057	"deionize"	57.41	1	1	0	935.208	0.0	1036.612	null	1211.288	0.087
12.1	0.0396	27375.0	2953.125	2456.25	NaN	NaN	NaN	0	1	1	0	0	0	0	0	0	0	0	0	1	0	0	0	0	1	1	1	0	1	1	1	0	145.0	0.11	0.304	NaN	NaN	0.262	0.676	NaN	NaN	7.86	23.66	NaN	NaN	0.0	"2.5"	"F0034"	1	1	"PR"	184.097	"deionize"	67.45	1	1	0	935.208	0.0	1036.612	null	1221.328	0.089
12.2	0.038775	29437.5	2953.125	2456.25	NaN	NaN	NaN	0	1	1	0	0	0	0	0	0	0	0	0	1	0	0	0	0	1	1	1	0	1	1	1	0	146.0	0.11	0.304	NaN	NaN	0.262	0.676	NaN	NaN	7.86	23.66	NaN	NaN	0.0	"2.5"	"F0034"	1	1	"PR"	194.132	"deionize"	77.485	1	1	0	935.208	0.0	1036.612	null	1231.363	0.087
12.5	0.037675	27750.0	2962.5	2475.0	NaN	NaN	NaN	0	1	1	0	0	0	0	0	0	0	0	0	1	0	0	0	0	1	1	1	0	1	1	1	0	150.0	0.111	0.305	NaN	NaN	0.264	0.678	NaN	NaN	7.92	23.73	NaN	NaN	0.0	"2.5"	"F0034"	1	1	"PR"	204.172	"deionize"	87.525	1	1	0	935.208	0.0	1036.612	null	1241.403	0.087
12.6	0.037675	27562.5	2953.125	2390.625	NaN	NaN	NaN	0	1	1	0	0	0	0	0	0	0	0	0	1	0	0	0	0	1	1	1	0	1	1	1	0	151.0	0.11	0.297	NaN	NaN	0.262	0.66	NaN	NaN	7.86	23.1	NaN	NaN	0.0	"2.5"	"F0034"	1	1	"PR"	214.212	"deionize"	97.565	1	1	0	935.208	0.0	1036.612	null	1251.443	0.091
13.9	0.03685	26062.5	2953.125	2437.5	NaN	NaN	NaN	0	1	1	0	0	0	0	0	0	0	0	0	1	0	0	0	0	1	1	1	0	1	1	1	0	167.0	0.11	0.302	NaN	NaN	0.262	0.671	NaN	NaN	7.86	23.485	NaN	NaN	0.0	"2.5"	"F0034"	1	1	"PR"	224.243	"deionize"	107.596	1	1	0	935.208	0.0	1036.612	null	1261.474	0.091
12.6	0.037125	25875.0	2981.25	2512.5	NaN	NaN	NaN	0	1	1	0	0	0	0	0	0	0	0	0	1	0	0	0	0	1	1	1	0	1	1	1	0	151.0	0.113	0.309	NaN	NaN	0.269	0.687	NaN	NaN	8.07	24.045	NaN	NaN	0.0	"2.5"	"F0034"	1	1	"PR"	234.081	"deionize"	117.434	1	1	0	935.208	0.0	1036.612	null	1271.312	0.088
12.7	0.036575	25687.5	2962.5	2390.625	NaN	NaN	NaN	0	1	1	0	0	0	0	0	0	0	0	0	1	0	0	0	0	1	1	1	0	1	1	1	0	152.0	0.111	0.297	NaN	NaN	0.264	0.66	NaN	NaN	7.92	23.1	NaN	NaN	0.0	"2.5"	"F0034"	1	1	"PR"	244.119	"deionize"	127.472	1	1	0	935.208	0.0	1036.612	null	1281.35	0.09
12.5	0.0363	28500.0	2953.125	2428.125	NaN	NaN	NaN	0	1	1	0	0	0	0	0	0	0	0	0	1	0	0	0	0	1	1	1	0	1	1	1	0	150.0	0.11	0.301	NaN	NaN	0.262	0.669	NaN	NaN	7.86	23.415	NaN	NaN	0.0	"2.5"	"F0034"	1	1	"PR"	254.152	"deionize"	137.505	1	1	0	935.208	0.0	1036.612	null	1291.383	0.087
12.8	0.035475	26812.5	2971.875	2390.625	NaN	NaN	NaN	0	1	1	0	0	0	0	0	0	0	0	0	1	0	0	0	0	1	1	1	0	1	1	1	0	154.0	0.112	0.297	NaN	NaN	0.267	0.66	NaN	NaN	8.01	23.1	NaN	NaN	0.0	"2.5"	"F0034"	1	1	"PR"	264.197	"deionize"	147.55	1	1	0	935.208	0.0	1036.612	null	1301.428	0.088
12.1	0.0352	27750.0	2953.125	2390.625	NaN	NaN	NaN	0	1	1	0	0	0	0	0	0	0	0	0	1	0	0	0	0	1	1	1	0	1	1	1	0	145.0	0.11	0.297	NaN	NaN	0.262	0.66	NaN	NaN	7.86	23.1	NaN	NaN	0.0	"2.5"	"F0034"	1	1	"PR"	274.231	"deionize"	157.584	1	1	0	935.208	0.0	1036.612	null	1311.462	0.087
13.8	0.0352	26812.5	2953.125	2493.75	NaN	NaN	NaN	0	1	1	0	0	0	0	0	0	0	0	0	1	0	0	0	0	1	1	1	0	1	1	1	0	166.0	0.11	0.307	NaN	NaN	0.262	0.682	NaN	NaN	7.86	23.87	NaN	NaN	0.0	"2.5"	"F0034"	1	1	"PR"	284.263	"deionize"	167.616	1	1	0	935.208	0.0	1036.612	null	1321.494	0.087
12.5	0.034925	28500.0	2943.75	2343.75	NaN	NaN	NaN	0	1	1	0	0	0	0	0	0	0	0	0	1	0	0	0	0	1	1	1	0	1	1	1	0	150.0	0.109	0.292	NaN	NaN	0.26	0.649	NaN	NaN	7.8	22.715	NaN	NaN	0.0	"2.5"	"F0034"	1	1	"PR"	294.305	"deionize"	177.658	1	1	0	935.208	0.0	1036.612	null	1331.536	0.087
13.3	0.0341	27187.5	2953.125	2381.25	NaN	NaN	NaN	0	1	1	0	0	0	0	0	0	0	0	0	1	0	0	0	0	1	1	1	0	1	1	1	0	160.0	0.11	0.296	NaN	NaN	0.262	0.658	NaN	NaN	7.86	23.03	NaN	NaN	0.0	"2.5"	"F0034"	1	1	"PR"	304.344	"deionize"	187.697	1	1	0	935.208	0.0	1036.612	null	1341.575	0.087
12.4	0.033825	26062.5	2971.875	2400.0	NaN	NaN	NaN	0	1	1	0	0	0	0	0	0	0	0	0	1	0	0	0	0	1	1	1	0	1	1	1	0	149.0	0.112	0.298	NaN	NaN	0.267	0.662	NaN	NaN	8.01	23.17	NaN	NaN	0.0	"2.5"	"F0034"	1	1	"PR"	314.183	"deionize"	197.536	1	1	0	935.208	0.0	1036.612	null	1351.414	0.086
12.7	0.033825	25312.5	2981.25	2437.5	NaN	NaN	NaN	0	1	1	0	0	0	0	0	0	0	0	0	1	0	0	0	0	1	1	1	0	1	1	1	0	152.0	0.113	0.302	NaN	NaN	0.269	0.671	NaN	NaN	8.07	23.485	NaN	NaN	0.0	"2.5"	"F0034"	1	1	"PR"	324.22	"deionize"	207.573	1	1	0	935.208	0.0	1036.612	null	1361.451	0.086
12.6	0.033275	27562.5	2953.125	2409.375	NaN	NaN	NaN	0	1	1	0	0	0	0	0	0	0	0	0	1	0	0	0	0	1	1	1	0	1	1	1	0	151.0	0.11	0.299	NaN	NaN	0.262	0.664	NaN	NaN	7.86	23.24	NaN	NaN	0.0	"2.5"	"F0034"	1	1	"PR"	334.249	"deionize"	217.602	1	1	0	935.208	0.0	1036.612	null	1371.48	0.084
12.5	0.033	29250.0	2971.875	2484.375	NaN	NaN	NaN	0	1	1	0	0	0	0	0	0	0	0	0	1	0	0	0	0	1	1	1	0	1	1	1	0	150.0	0.112	0.306	NaN	NaN	0.267	0.68	NaN	NaN	8.01	23.8	NaN	NaN	0.0	"2.5"	"F0034"	1	1	"PR"	344.291	"deionize"	227.644	1	1	0	935.208	0.0	1036.612	null	1381.522	0.09
11.7	0.03245	27562.5	2943.75	2437.5	NaN	NaN	NaN	0	1	1	0	0	0	0	0	0	0	0	0	1	0	0	0	0	1	1	1	0	1	1	1	0	140.0	0.109	0.302	NaN	NaN	0.26	0.671	NaN	NaN	7.8	23.485	NaN	NaN	0.0	"2.5"	"F0034"	1	1	"PR"	354.325	"deionize"	237.678	1	1	0	935.208	0.0	1036.612	null	1391.556	0.084
11.9	0.03245	27187.5	2934.375	2409.375	NaN	NaN	NaN	0	1	1	0	0	0	0	0	0	0	0	0	1	0	0	0	1	1	1	1	0	1	1	1	0	143.0	0.108	0.299	NaN	NaN	0.257	0.664	NaN	NaN	7.71	23.24	NaN	NaN	0.0	"2.5"	"F0034"	1	1	"PR"	364.271	"deionize-uv"	7.538	1	1	0	935.208	0.0	1036.612	null	1401.502	0.086
12.1	0.031625	27000.0	2943.75	2465.625	NaN	NaN	NaN	0	1	1	0	0	0	0	0	0	0	0	0	1	0	0	0	1	1	1	1	0	1	1	1	0	145.0	0.109	0.305	NaN	NaN	0.26	0.678	NaN	NaN	7.8	23.73	NaN	NaN	0.0	"2.5"	"F0034"	1	1	"PR"	374.311	"deionize-uv"	17.578	1	1	0	935.208	0.0	1036.612	null	1411.542	0.083
11.8	0.031625	27937.5	2943.75	2437.5	NaN	NaN	NaN	0	1	1	0	0	0	0	0	0	0	0	0	1	0	0	0	1	1	1	1	0	1	1	1	0	142.0	0.109	0.302	NaN	NaN	0.26	0.671	NaN	NaN	7.8	23.485	NaN	NaN	0.0	"2.5"	"F0034"	1	1	"PR"	384.344	"deionize-uv"	27.611	1	1	0	935.208	0.0	1036.612	null	1421.575	0.083
13.3	0.0308	27000.0	2943.75	2390.625	NaN	NaN	NaN	0	1	1	0	0	0	0	0	0	0	0	0	1	0	0	0	1	1	1	1	0	1	1	1	0	160.0	0.109	0.297	NaN	NaN	0.26	0.66	NaN	NaN	7.8	23.1	NaN	NaN	0.0	"2.5"	"F0034"	1	1	"PR"	394.381	"deionize-uv"	37.648	1	1	0	935.208	0.0	1036.612	null	1431.612	0.087
12.3	0.03025	25687.5	2953.125	2465.625	NaN	NaN	NaN	0	1	1	0	0	0	0	0	0	0	0	0	1	0	0	0	1	1	1	1	0	1	1	1	0	148.0	0.11	0.305	NaN	NaN	0.262	0.678	NaN	NaN	7.86	23.73	NaN	NaN	0.0	"2.5"	"F0034"	1	1	"PR"	404.414	"deionize-uv"	47.681	1	1	0	935.208	0.0	1036.612	null	1441.645	0.083
11.6	0.03025	28500.0	2953.125	2381.25	NaN	NaN	NaN	0	1	1	0	0	0	0	0	0	0	0	0	1	0	0	0	1	1	1	1	0	1	1	1	0	139.0	0.11	0.296	NaN	NaN	0.262	0.658	NaN	NaN	7.86	23.03	NaN	NaN	0.0	"2.5"	"F0034"	1	1	"PR"	414.447	"deionize-uv"	57.714	1	1	0	935.208	0.0	1036.612	null	1451.678	0.086
11.1	0.0297	27937.5	2934.375	2400.0	NaN	NaN	NaN	0	1	1	0	0	0	0	0	0	0	0	0	1	0	0	0	1	1	1	1	0	1	1	1	0	133.0	0.108	0.298	NaN	NaN	0.257	0.662	NaN	NaN	7.71	23.17	NaN	NaN	0.0	"2.5"	"F0034"	1	1	"PR"	424.489	"deionize-uv"	67.756	1	1	0	935.208	0.0	1036.612	null	1461.72	0.085
11.9	0.02915	27562.5	2953.125	2400.0	NaN	NaN	NaN	0	1	1	0	0	0	0	0	0	0	0	0	1	0	0	0	1	1	1	1	0	1	1	1	0	143.0	0.11	0.298	NaN	NaN	0.262	0.662	NaN	NaN	7.86	23.17	NaN	NaN	0.0	"2.5"	"F0034"	1	1	"PR"	434.323	"deionize-uv"	77.59	1	1	0	935.208	0.0	1036.612	null	1471.554	0.087
11.3	0.028875	25312.5	2953.125	2371.875	NaN	NaN	NaN	0	1	1	0	0	0	0	0	0	0	0	0	1	0	0	0	1	1	1	1	0	1	1	1	0	136.0	0.11	0.295	NaN	NaN	0.262	0.656	NaN	NaN	7.86	22.96	NaN	NaN	0.0	"2.5"	"F0034"	1	1	"PR"	444.359	"deionize-uv"	87.626	1	1	0	935.208	0.0	1036.612	null	1481.59	0.084
9.1	0.02805	27187.5	2953.125	2400.0	NaN	NaN	NaN	0	1	1	0	0	0	0	0	0	0	0	0	1	0	0	0	1	1	1	1	0	1	1	1	0	109.0	0.11	0.298	NaN	NaN	0.262	0.662	NaN	NaN	7.86	23.17	NaN	NaN	0.0	"2.5"	"F0034"	1	1	"PR"	454.396	"deionize-uv"	97.663	1	1	0	935.208	0.0	1036.612	null	1491.627	0.089
10.9	0.028325	26812.5	2953.125	2390.625	NaN	NaN	NaN	0	1	1	0	0	0	0	0	0	0	0	0	1	0	0	0	1	1	1	1	0	1	1	1	0	131.0	0.11	0.297	NaN	NaN	0.262	0.66	NaN	NaN	7.86	23.1	NaN	NaN	0.0	"2.5"	"F0034"	1	1	"PR"	464.43	"deionize-uv"	107.697	1	1	0	935.208	0.0	1036.612	null	1501.661	0.084
11.1	0.02805	28312.5	2943.75	2400.0	NaN	NaN	NaN	0	1	1	0	0	0	0	0	0	0	0	0	1	0	0	0	1	1	1	1	0	1	1	1	0	133.0	0.109	0.298	NaN	NaN	0.26	0.662	NaN	NaN	7.8	23.17	NaN	NaN	0.0	"2.5"	"F0034"	1	1	"PR"	474.465	"deionize-uv"	117.732	1	1	0	935.208	0.0	1036.612	null	1511.696	0.083
11.0	0.027225	29812.5	2953.125	1903.125	NaN	NaN	NaN	0	0	1	0	0	0	0	1	0	0	0	0	1	0	0	0	1	1	1	1	0	1	1	1	0	132.0	0.11	0.248	NaN	NaN	0.262	0.551	NaN	NaN	7.86	19.285	NaN	NaN	0.0	"2.5"	"F0034"	1	1	"PR"	484.43	"drain-di-1"	7.555	1	1	0	935.208	0.0	1036.612	null	1521.661	0.087
11.6	0.02695	30000.0	2953.125	1650.0	NaN	NaN	NaN	0	0	1	0	0	0	0	1	0	0	0	0	1	0	0	0	1	1	1	1	0	1	1	1	0	139.0	0.11	0.223	NaN	NaN	0.262	0.496	NaN	NaN	7.86	17.36	NaN	NaN	0.0	"2.5"	"F0034"	1	1	"PR"	494.464	"drain-di-1"	17.589	1	1	0	935.208	0.0	1036.612	null	1531.695	0.084
11.9	0.02695	30375.0	2953.125	1415.625	NaN	NaN	NaN	0	0	1	0	0	0	0	1	0	0	0	0	1	0	0	0	1	1	1	1	0	1	1	1	0	143.0	0.11	0.2	NaN	NaN	0.262	0.444	NaN	NaN	7.86	15.54	NaN	NaN	0.0	"2.5"	"F0034"	1	1	"PR"	504.506	"drain-di-1"	27.631	1	1	0	935.208	0.0	1036.612	null	1541.737	0.088
11.2	0.02695	29437.5	2943.75	1153.125	NaN	NaN	NaN	0	0	1	0	0	0	0	1	0	0	0	0	1	0	0	0	1	1	1	1	0	1	1	1	0	134.0	0.109	0.173	NaN	NaN	0.26	0.384	NaN	NaN	7.8	13.44	NaN	NaN	0.0	"2.5"	"F0034"	1	1	"PR"	514.542	"drain-di-1"	37.667	1	1	0	935.208	0.0	1036.612	null	1551.773	0.084
9.8	0.026675	29625.0	2953.125	909.375	NaN	NaN	NaN	0	0	1	0	0	0	0	1	0	0	0	0	1	0	0	0	1	1	1	1	0	1	1	1	0	118.0	0.11	0.149	NaN	NaN	0.262	0.331	NaN	NaN	7.86	11.585	NaN	NaN	0.0	"2.5"	"F0034"	1	1	"PR"	524.579	"drain-di-1"	47.704	1	1	0	935.208	0.0	1036.612	null	1561.81	0.084
10.4	0.02695	30375.0	2971.875	665.625	NaN	NaN	NaN	0	0	1	0	0	0	0	1	0	0	0	0	1	0	0	0	1	1	1	1	0	1	1	1	0	125.0	0.112	0.125	NaN	NaN	0.267	0.278	NaN	NaN	8.01	9.73	NaN	NaN	0.0	"2.5"	"F0034"	1	1	"PR"	534.612	"drain-di-1"	57.737	1	1	0	935.208	0.0	1036.612	null	1571.843	0.084
10.3	0.025575	30375.0	2953.125	412.5	NaN	NaN	NaN	0	0	1	0	0	0	0	1	0	0	0	0	1	0	0	0	1	1	1	1	0	1	1	1	0	124.0	0.11	0.099	NaN	NaN	0.262	0.22	NaN	NaN	7.86	7.7	NaN	NaN	0.0	"2.5"	"F0034"	1	1	"PR"	544.446	"drain-di-1"	67.571	1	1	0	935.208	0.0	1036.612	null	1581.677	0.09
10.6	0.0253	29437.5	2953.125	168.75	NaN	NaN	NaN	0	0	1	0	0	0	0	1	0	0	0	0	1	0	0	0	1	1	1	1	0	1	1	1	0	127.0	0.11	0.075	NaN	NaN	0.262	0.167	NaN	NaN	7.86	5.845	NaN	NaN	0.0	"2.5"	"F0034"	1	1	"PR"	554.485	"drain-di-1"	77.61	1	1	0	935.208	0.0	1036.612	null	1591.716	0.092
10.4	0.0253	30375.0	2943.75	-103.125	NaN	NaN	NaN	0	0	1	0	0	0	0	1	0	0	0	0	1	0	0	0	1	1	1	1	0	1	1	1	0	125.0	0.109	0.048	NaN	NaN	0.26	0.107	NaN	NaN	7.8	3.745	NaN	NaN	0.0	"2.5"	"F0034"	1	1	"PR"	564.628	"drip-di-1"	6.129	1	1	0	935.208	0.0	1036.612	null	1601.859	0.084
-12.4	0.026125	4125.0	2943.75	-65.625	NaN	NaN	NaN	1	0	0	0	0	1	1	0	0	0	0	0	1	1	0	0	0	1	1	0	1	1	1	0	1	-149.0	0.109	0.051	NaN	NaN	0.26	0.113	NaN	NaN	7.8	3.955	NaN	NaN	0.0	"2.5"	"F0034"	1	0	"PR"	574.627	"reverse-f"	0.964	1	1	0	935.208	0.0	1036.612	null	1611.858	0.084
-11.9	0.0264	19875.0	2859.375	168.75	NaN	NaN	NaN	1	0	0	0	0	1	1	0	0	0	0	0	1	1	0	0	0	1	1	0	1	1	1	0	1	-143.0	0.101	0.075	NaN	NaN	0.24	0.167	NaN	NaN	7.2	5.845	NaN	NaN	0.0	"2.5"	"F0034"	1	0	"PR"	584.66	"reverse-f"	10.997	1	1	0	935.208	0.0	1036.612	null	1621.891	0.085
-12.0	0.0286	18750.0	2803.125	487.5	NaN	NaN	NaN	1	0	0	0	0	1	1	0	0	0	0	0	1	1	0	0	0	1	1	0	1	1	1	0	1	-144.0	0.095	0.107	NaN	NaN	0.226	0.238	NaN	NaN	6.78	8.33	NaN	NaN	0.0	"2.5"	"F0034"	1	0	"PR"	594.5	"reverse-f"	20.837	1	1	0	935.208	0.0	1036.612	null	1631.731	0.091
-11.9	0.0319	20625.0	2803.125	787.5	NaN	NaN	NaN	1	0	0	0	0	1	1	0	0	0	0	0	1	1	0	0	0	1	1	0	1	1	1	0	1	-143.0	0.095	0.137	NaN	NaN	0.226	0.304	NaN	NaN	6.78	10.64	NaN	NaN	0.0	"2.5"	"F0034"	1	0	"PR"	604.537	"reverse-f"	30.874	1	1	0	935.208	0.0	1036.612	null	1641.768	0.093
-12.0	0.0352	20812.5	2784.375	1125.0	NaN	NaN	NaN	1	0	0	0	0	1	1	0	0	0	0	0	1	1	0	0	0	1	1	0	1	1	1	0	1	-144.0	0.093	0.171	NaN	NaN	0.221	0.38	NaN	NaN	6.63	13.3	NaN	NaN	0.0	"2.5"	"F0034"	1	0	"PR"	614.575	"reverse-f"	40.912	1	1	0	935.208	0.0	1036.612	null	1651.806	0.092
-12.2	0.038775	20812.5	2821.875	1434.375	NaN	NaN	NaN	1	0	0	0	0	1	1	0	0	0	0	0	1	1	0	0	0	1	1	0	1	1	1	0	1	-146.0	0.097	0.201	NaN	NaN	0.231	0.447	NaN	NaN	6.93	15.645	NaN	NaN	0.0	"2.5"	"F0034"	1	0	"PR"	624.608	"reverse-f"	50.945	1	1	0	935.208	0.0	1036.612	null	1661.839	0.087
-12.7	0.04125	18375.0	2812.5	1734.375	NaN	NaN	NaN	1	0	0	0	0	1	1	0	0	0	0	0	1	1	0	0	0	1	1	0	1	1	1	0	1	-152.0	0.096	0.231	NaN	NaN	0.229	0.513	NaN	NaN	6.87	17.955	NaN	NaN	0.0	"2.5"	"F0034"	1	0	"PR"	634.644	"reverse-f"	60.981	1	1	0	935.208	0.0	1036.612	null	1671.875	0.087
-12.0	0.044	18562.5	2821.875	2043.75	NaN	NaN	NaN	1	0	0	0	0	1	1	0	0	0	0	0	1	1	0	0	0	1	1	0	1	1	1	0	1	-144.0	0.097	0.262	NaN	NaN	0.231	0.582	NaN	NaN	6.93	20.37	NaN	NaN	0.0	"2.5"	"F0034"	1	0	"PR"	644.684	"reverse-f"	71.021	1	1	0	935.208	0.0	1036.612	null	1681.915	0.089
-12.5	0.0451	19687.5	2803.125	2240.625	NaN	NaN	NaN	0	0	0	0	0	1	1	0	0	0	0	0	1	0	0	0	0	1	1	0	1	1	1	0	1	-150.0	0.095	0.282	NaN	NaN	0.226	0.627	NaN	NaN	6.78	21.945	NaN	NaN	0.0	"2.5"	"F0034"	1	0	"PR"	654.627	"reverse"	80.964	1	1	0	935.208	0.0	1036.612	null	1691.858	0.087
-11.9	0.0473	19125.0	2784.375	2268.75	NaN	NaN	NaN	0	0	0	0	0	1	1	0	0	0	0	0	1	0	0	0	0	1	1	0	1	1	1	0	1	-143.0	0.093	0.285	NaN	NaN	0.221	0.633	NaN	NaN	6.63	22.155	NaN	NaN	0.0	"2.5"	"F0034"	1	0	"PR"	664.664	"reverse"	91.001	1	1	0	935.208	0.0	1036.612	null	1701.895	0.09
-12.4	0.0473	18937.5	2784.375	2250.0	NaN	NaN	NaN	0	0	0	0	0	1	1	0	0	0	0	0	1	0	0	0	0	1	1	0	1	1	1	0	1	-149.0	0.093	0.283	NaN	NaN	0.221	0.629	NaN	NaN	6.63	22.015	NaN	NaN	0.0	"2.5"	"F0034"	1	0	"PR"	674.702	"reverse"	101.039	1	1	0	935.208	0.0	1036.612	null	1711.933	0.088
-10.6	0.048125	18750.0	2803.125	2250.0	NaN	NaN	NaN	0	0	0	0	0	1	1	0	0	0	0	0	1	0	0	0	0	1	1	0	1	1	1	0	1	-127.0	0.095	0.283	NaN	NaN	0.226	0.629	NaN	NaN	6.78	22.015	NaN	NaN	0.0	"2.5"	"F0034"	1	0	"PR"	684.742	"reverse"	111.079	1	1	0	935.208	0.0	1036.612	null	1721.973	0.09
-11.9	0.0495	19875.0	2821.875	2259.375	NaN	NaN	NaN	0	0	0	0	0	1	1	0	0	0	0	0	1	0	0	0	0	1	1	0	1	1	1	0	1	-143.0	0.097	0.284	NaN	NaN	0.231	0.631	NaN	NaN	6.93	22.085	NaN	NaN	0.0	"2.5"	"F0034"	1	0	"PR"	694.577	"reverse"	120.914	1	1	0	935.208	0.0	1036.612	null	1731.808	0.087
-12.0	0.049225	21375.0	2784.375	2250.0	NaN	NaN	NaN	0	0	0	0	0	1	1	0	0	0	0	0	1	0	0	0	0	1	1	0	1	1	1	0	1	-144.0	0.093	0.283	NaN	NaN	0.221	0.629	NaN	NaN	6.63	22.015	NaN	NaN	0.0	"2.5"	"F0034"	1	0	"PR"	704.613	"reverse"	130.95	1	1	0	935.208	0.0	1036.612	null	1741.844	0.083
-12.0	0.049775	21375.0	2803.125	2259.375	NaN	NaN	NaN	0	0	0	0	0	1	1	0	0	0	0	0	1	0	0	0	0	1	1	0	1	1	1	0	1	-144.0	0.095	0.284	NaN	NaN	0.226	0.631	NaN	NaN	6.78	22.085	NaN	NaN	0.0	"2.5"	"F0034"	1	0	"PR"	714.649	"reverse"	140.986	1	1	0	935.208	0.0	1036.612	null	1751.88	0.086
-1.2	0.05005	-2437.5	3009.375	2278.125	NaN	NaN	NaN	0	0	0	0	0	0	0	0	0	0	0	0	0	0	0	0	0	0	0	0	1	0	0	0	1	-14.0	0.116	0.286	NaN	NaN	0.276	0.636	NaN	NaN	8.28	22.26	NaN	NaN	0.0	"2.5"	"F0034"	0	0	"PR"	724.775	"diffuse"	1.094	1	1	1	935.208	0.0	1036.612	null	1762.006	0.09
-1.5	0.050325	375.0	2981.25	2278.125	NaN	NaN	NaN	0	0	0	0	0	0	0	0	0	0	0	0	0	0	0	0	0	0	0	0	1	0	0	0	1	-18.0	0.113	0.286	NaN	NaN	0.269	0.636	NaN	NaN	8.07	22.26	NaN	NaN	0.0	"2.5"	"F0034"	0	0	"PR"	734.811	"diffuse"	11.13	1	1	1	935.208	0.0	1036.612	null	1772.042	0.09
-1.9	0.049775	562.5	2981.25	2278.125	NaN	NaN	NaN	0	0	0	0	0	0	0	0	0	0	0	0	0	0	0	0	0	0	0	0	1	0	0	0	1	-23.0	0.113	0.286	NaN	NaN	0.269	0.636	NaN	NaN	8.07	22.26	NaN	NaN	0.0	"2.5"	"F0034"	0	0	"PR"	744.649	"diffuse"	20.968	1	1	1	935.208	0.0	1036.612	null	1781.88	0.083
-12.0	0.049775	10687.5	2878.125	2259.375	NaN	NaN	NaN	0	0	0	0	0	1	1	0	0	0	0	0	1	0	0	0	0	1	1	0	1	1	1	0	1	-144.0	0.103	0.284	NaN	NaN	0.245	0.631	NaN	NaN	7.35	22.085	NaN	NaN	0.0	"2.5"	"F0034"	1	0	"PR"	754.776	"wash-en"	0.894	1	1	1	935.208	0.0	1036.612	null	1792.007	0.087
-10.8	0.050325	19125.0	2821.875	2240.625	NaN	NaN	NaN	0	0	0	0	0	1	1	0	0	0	0	0	1	0	0	0	0	1	1	0	1	1	1	0	1	-130.0	0.097	0.282	NaN	NaN	0.231	0.627	NaN	NaN	6.93	21.945	NaN	NaN	0.0	"2.5"	"F0034"	1	0	"PR"	764.814	"wash-en"	10.932	1	1	1	935.208	0.0	1036.612	null	1802.045	0.09
-0.1	0.051425	19687.5	2793.75	2268.75	NaN	NaN	NaN	0	0	0	0	0	1	1	0	0	0	0	0	1	0	0	0	0	0	0	0	1	0	0	0	1	-1.0	0.094	0.285	NaN	NaN	0.224	0.633	NaN	NaN	6.72	22.155	NaN	NaN	0.0	"2.5"	"F0034"	0	0	"PR"	774.738	"wash-sc"	0.691	1	1	1	935.208	0.0	1036.612	null	1811.969	0.084
-0.9	0.051425	-1312.5	2925.0	2278.125	NaN	NaN	NaN	0	0	0	0	0	0	0	0	0	0	0	0	0	0	0	0	0	0	0	0	1	0	0	0	1	-11.0	0.107	0.286	NaN	NaN	0.255	0.636	NaN	NaN	7.65	22.26	NaN	NaN	0.0	"2.5"	"F0034"	0	0	"PR"	784.773	"diffuse"	0.602	1	1	2	935.208	0.0	1036.612	null	1822.004	0.084
-0.8	0.051425	375.0	2981.25	2278.125	NaN	NaN	NaN	0	0	0	0	0	0	0	0	0	0	0	0	0	0	0	0	0	0	0	0	1	0	0	0	1	-10.0	0.113	0.286	NaN	NaN	0.269	0.636	NaN	NaN	8.07	22.26	NaN	NaN	0.0	"2.5"	"F0034"	0	0	"PR"	794.813	"diffuse"	10.642	1	1	2	935.208	0.0	1036.612	null	1832.044	0.085
-1.2	0.05115	375.0	2981.25	2278.125	NaN	NaN	NaN	0	0	0	0	0	0	0	0	0	0	0	0	0	0	0	0	0	0	0	0	1	0	0	0	1	-14.0	0.113	0.286	NaN	NaN	0.269	0.636	NaN	NaN	8.07	22.26	NaN	NaN	0.0	"2.5"	"F0034"	0	0	"PR"	804.85	"diffuse"	20.679	1	1	2	935.208	0.0	1036.612	null	1842.081	0.086
-12.4	0.05115	-4687.5	2934.375	2278.125	NaN	NaN	NaN	0	0	0	0	0	1	1	0	0	0	0	0	1	0	0	0	0	1	1	0	1	1	1	0	1	-149.0	0.108	0.286	NaN	NaN	0.257	0.636	NaN	NaN	7.71	22.26	NaN	NaN	0.0	"2.5"	"F0034"	1	0	"PR"	814.794	"wash-en"	0.503	1	1	2	935.208	0.0	1036.612	null	1852.025	0.302
-11.3	0.051425	20812.5	2821.875	2250.0	NaN	NaN	NaN	0	0	0	0	0	1	1	0	0	0	0	0	1	0	0	0	0	1	1	0	1	1	1	0	1	-136.0	0.097	0.283	NaN	NaN	0.231	0.629	NaN	NaN	6.93	22.015	NaN	NaN	0.0	"2.5"	"F0034"	1	0	"PR"	824.83	"wash-en"	10.539	1	1	2	935.208	0.0	1036.612	null	1862.061	0.086
-12.4	0.0517	22312.5	2821.875	2250.0	NaN	NaN	NaN	0	0	0	0	0	1	1	0	0	0	0	0	1	0	0	0	0	0	0	0	1	0	0	0	1	-149.0	0.097	0.283	NaN	NaN	0.231	0.629	NaN	NaN	6.93	22.015	NaN	NaN	0.0	"2.5"	"F0034"	0	0	"PR"	834.666	"wash-sc"	0.202	1	1	2	935.208	0.0	1036.612	null	1871.897	0.094
-0.6	0.051975	20437.5	2784.375	2268.75	NaN	NaN	NaN	0	0	0	0	0	0	0	0	0	0	0	0	0	0	0	0	0	0	0	0	1	0	0	0	1	-7.0	0.093	0.285	NaN	NaN	0.221	0.633	NaN	NaN	6.63	22.155	NaN	NaN	0.0	"2.5"	"F0034"	0	0	"PR"	844.801	"diffuse"	0.201	1	1	3	935.208	0.0	1036.612	null	1882.032	0.088
-0.8	0.051975	0.0	2981.25	2315.625	NaN	NaN	NaN	0	0	0	0	0	0	0	0	0	0	0	0	0	0	0	0	0	0	0	0	1	0	0	0	1	-10.0	0.113	0.29	NaN	NaN	0.269	0.644	NaN	NaN	8.07	22.54	NaN	NaN	0.0	"2.5"	"F0034"	0	0	"PR"	854.835	"diffuse"	10.235	1	1	3	935.208	0.0	1036.612	null	1892.066	0.083
-0.9	0.051975	375.0	2981.25	2278.125	NaN	NaN	NaN	0	0	0	0	0	0	0	0	0	0	0	0	0	0	0	0	0	0	0	0	1	0	0	0	1	-11.0	0.113	0.286	NaN	NaN	0.269	0.636	NaN	NaN	8.07	22.26	NaN	NaN	0.0	"2.5"	"F0034"	0	0	"PR"	864.874	"diffuse"	20.274	1	1	3	935.208	0.0	1036.612	null	1902.105	0.087
-0.7	0.05225	0.0	2981.25	2278.125	NaN	NaN	NaN	0	0	0	0	0	1	1	0	0	0	0	0	1	0	0	0	0	1	1	0	1	1	1	0	1	-8.0	0.113	0.286	NaN	NaN	0.269	0.636	NaN	NaN	8.07	22.26	NaN	NaN	0.0	"2.5"	"F0034"	1	0	"PR"	874.91	"wash-en"	0.2	1	1	3	935.208	0.0	1036.612	null	1912.141	0.093
-11.9	0.0517	19875.0	2821.875	2250.0	NaN	NaN	NaN	0	0	0	0	0	1	1	0	0	0	0	0	1	0	0	0	0	1	1	0	1	1	1	0	1	-143.0	0.097	0.283	NaN	NaN	0.231	0.629	NaN	NaN	6.93	22.015	NaN	NaN	0.0	"2.5"	"F0034"	1	0	"PR"	884.841	"wash-en"	10.131	1	1	3	935.208	0.0	1036.612	null	1922.072	0.084
-12.0	0.0517	19687.5	2821.875	2268.75	NaN	NaN	NaN	0	0	0	0	0	1	1	0	0	0	0	0	1	0	0	0	0	1	1	0	1	1	1	0	1	-144.0	0.097	0.285	NaN	NaN	0.231	0.633	NaN	NaN	6.93	22.155	NaN	NaN	0.0	"2.5"	"F0034"	1	0	"PR"	894.876	"wash-en"	20.166	1	1	3	935.208	0.0	1036.612	null	1932.107	0.083
-0.1	0.051975	19687.5	2821.875	2287.5	NaN	NaN	NaN	0	0	0	0	0	1	1	0	0	0	0	0	1	0	0	0	0	0	0	0	1	0	0	0	1	-1.0	0.097	0.287	NaN	NaN	0.231	0.638	NaN	NaN	6.93	22.33	NaN	NaN	0.0	"2.5"	"F0034"	0	0	"PR"	904.998	"wash-sc"	10.122	1	1	3	935.208	0.0	1036.612	null	1942.229	0.088
-0.4	0.051425	375.0	2981.25	2278.125	NaN	NaN	NaN	0	0	0	0	0	0	0	0	0	0	0	0	0	0	0	0	0	0	0	0	1	0	0	0	1	-5.0	0.113	0.286	NaN	NaN	0.269	0.636	NaN	NaN	8.07	22.26	NaN	NaN	0.0	"2.5"	"F0034"	0	0	"PR"	915.032	"diffuse"	10.034	1	1	4	935.208	0.0	1036.612	null	1952.263	0.086
-0.2	0.0517	1312.5	2981.25	2278.125	NaN	NaN	NaN	0	0	0	0	0	0	0	0	0	0	0	0	0	0	0	0	0	0	0	0	1	0	0	0	1	-2.0	0.113	0.286	NaN	NaN	0.269	0.636	NaN	NaN	8.07	22.26	NaN	NaN	0.0	"2.5"	"F0034"	0	0	"PR"	924.869	"diffuse"	19.871	1	1	4	935.208	0.0	1036.612	null	1962.1	0.086
-0.3	0.051975	375.0	2981.25	2268.75	NaN	NaN	NaN	0	0	0	0	0	0	0	0	0	0	0	0	0	0	0	0	0	0	0	0	1	0	0	0	1	-4.0	0.113	0.285	NaN	NaN	0.269	0.633	NaN	NaN	8.07	22.155	NaN	NaN	0.0	"2.5"	"F0034"	0	0	"PR"	934.91	"diffuse"	29.912	1	1	4	935.208	0.0	1036.612	null	1972.141	0.084
-12.0	0.0506	19500.0	2821.875	2250.0	NaN	NaN	NaN	0	0	0	0	0	1	1	0	0	0	0	0	1	0	0	0	0	1	1	0	1	1	1	0	1	-144.0	0.097	0.283	NaN	NaN	0.231	0.629	NaN	NaN	6.93	22.015	NaN	NaN	0.0	"2.5"	"F0034"	1	0	"PR"	945.04	"wash-en"	9.929	1	1	4	935.208	0.0	1036.612	null	1982.271	0.083
-13.4	0.050875	19875.0	2803.125	2268.75	NaN	NaN	NaN	0	0	0	0	0	1	1	0	0	0	0	0	1	0	0	0	0	1	1	0	1	1	1	0	1	-161.0	0.095	0.285	NaN	NaN	0.226	0.633	NaN	NaN	6.78	22.155	NaN	NaN	0.0	"2.5"	"F0034"	1	0	"PR"	955.081	"wash-en"	19.97	1	1	4	935.208	0.0	1036.612	null	1992.312	0.085
0.3	0.0517	22125.0	2812.5	2278.125	NaN	NaN	NaN	0	0	0	0	0	1	1	0	0	0	0	0	1	0	0	0	0	0	0	0	1	0	0	0	1	4.0	0.096	0.286	NaN	NaN	0.229	0.636	NaN	NaN	6.87	22.26	NaN	NaN	0.0	"2.5"	"F0034"	0	0	"PR"	965.008	"wash-sc"	9.727	1	1	4	935.208	0.0	1036.612	null	2002.239	0.084
0.3	0.051975	-1875.0	2446.875	2306.25	NaN	NaN	NaN	0	0	0	0	1	0	0	0	0	0	0	0	0	0	0	0	0	0	0	0	1	0	0	0	1	4.0	0.06	0.289	NaN	NaN	0.143	0.642	NaN	NaN	4.29	22.47	NaN	NaN	0.0	"2.5"	"F0034"	0	0	"PR"	975.041	"drain-rg"	9.631	1	1	4	935.208	0.0	1036.612	null	2012.272	0.083
-0.1	0.0517	-2062.5	2109.375	2278.125	NaN	NaN	NaN	0	0	0	0	1	0	0	0	0	0	0	0	0	0	0	0	0	0	0	0	1	0	0	0	1	-1.0	0.026	0.286	NaN	NaN	0.062	0.636	NaN	NaN	1.86	22.26	NaN	NaN	0.0	"2.5"	"F0034"	0	0	"PR"	985.08	"drain-rg"	19.67	1	1	4	935.208	0.0	1036.612	null	2022.311	0.085
-0.4	0.0517	-1687.5	1715.625	2278.125	NaN	NaN	NaN	0	0	0	0	1	0	0	0	0	0	0	0	0	0	0	0	0	0	0	0	1	0	0	0	1	-5.0	-0.013	0.286	NaN	NaN	-0.031	0.636	NaN	NaN	-0.93	22.26	NaN	NaN	0.0	"2.5"	"F0034"	0	0	"PR"	995.118	"drip-rg"	3.01	1	1	4	935.208	0.0	1036.612	null	2032.349	0.087
0.0	0.05115	-1875.0	9.375	2278.125	NaN	NaN	NaN	0	0	0	0	1	0	0	0	0	0	0	0	0	0	0	0	0	0	0	0	1	0	0	0	1	0.0	-0.184	0.286	NaN	NaN	-0.438	0.636	NaN	NaN	-13.14	22.26	NaN	NaN	0.0	"2.5"	"F0034"	0	0	"PR"	1004.954	"drip-rg"	12.846	1	1	4	935.208	0.0	1036.612	null	2042.185	0.083
-0.2	0.051425	19875.0	1781.25	2081.25	NaN	NaN	NaN	0	0	1	0	0	1	0	0	0	0	0	0	1	0	0	0	0	0	0	0	1	0	0	0	1	-2.0	-0.007	0.266	NaN	NaN	-0.017	0.591	NaN	NaN	-0.51	20.685	NaN	NaN	0.0	"2.5"	"F0034"	0	0	"FR"	7.037	"fill-rg-di"	6.837	2	1	0	2044.592	0.0	1036.612	null	2052.255	0.086
1.1	0.0506	19875.0	2203.125	1846.875	NaN	NaN	NaN	0	0	1	0	0	1	0	0	0	0	0	0	1	0	0	0	0	0	0	0	1	0	0	0	1	13.0	0.035	0.243	NaN	NaN	0.083	0.54	NaN	NaN	2.49	18.9	NaN	NaN	0.0	"2.5"	"F0034"	0	0	"FR"	17.068	"fill-rg-di"	16.868	2	1	0	2044.592	0.0	1036.612	null	2062.286	0.086
-0.1	0.049775	19687.5	2531.25	1593.75	NaN	NaN	NaN	0	0	1	0	0	1	0	0	0	0	0	0	1	0	0	0	0	0	0	0	1	0	0	0	1	-1.0	0.068	0.217	NaN	NaN	0.162	0.482	NaN	NaN	4.86	16.87	NaN	NaN	0.0	"2.5"	"F0034"	0	0	"FR"	27.107	"fill-rg-di"	26.907	2	1	0	2044.592	0.0	1036.612	null	2072.325	0.086
0.6	0.049225	21750.0	2821.875	1340.625	NaN	NaN	NaN	0	0	1	0	0	1	0	0	0	0	0	0	1	0	0	0	0	0	0	0	1	0	0	0	1	7.0	0.097	0.192	NaN	NaN	0.231	0.427	NaN	NaN	6.93	14.945	NaN	NaN	0.0	"2.5"	"F0034"	0	0	"FR"	37.142	"fill-rg-di"	36.942	2	1	0	2044.592	0.0	1036.612	null	2082.36	0.083
-0.9	0.0484	20250.0	3140.625	1068.75	NaN	NaN	NaN	0	0	1	0	0	1	0	0	0	0	0	0	1	0	0	0	0	0	0	0	1	0	0	0	1	-11.0	0.129	0.165	NaN	NaN	0.307	0.367	NaN	NaN	9.21	12.845	NaN	NaN	0.0	"2.5"	"F0034"	0	0	"FR"	47.177	"fill-rg-di"	46.977	2	1	0	2044.592	0.0	1036.612	null	2092.395	0.083
-0.1	0.04785	937.5	2840.625	956.25	NaN	NaN	NaN	0	0	0	0	1	0	0	0	0	0	0	0	0	0	0	0	0	0	0	0	1	0	0	0	1	-1.0	0.099	0.154	NaN	NaN	0.236	0.342	NaN	NaN	7.08	11.97	NaN	NaN	0.0	"2.5"	"F0034"	0	0	"FR"	57.215	"drain-rg"	5.823	2	1	0	2044.592	0.0	1036.612	null	2102.433	0.084
-0.1	0.0484	0.0	2540.625	965.625	NaN	NaN	NaN	0	0	0	0	1	0	0	0	0	0	0	0	0	0	0	0	0	0	0	0	1	0	0	0	1	-1.0	0.069	0.155	NaN	NaN	0.164	0.344	NaN	NaN	4.92	12.04	NaN	NaN	0.0	"2.5"	"F0034"	0	0	"FR"	67.048	"drain-rg"	15.656	2	1	0	2044.592	0.0	1036.612	null	2112.266	0.09
1.7	0.048125	1125.0	2156.25	956.25	NaN	NaN	NaN	0	0	0	0	1	0	0	0	0	0	0	0	0	0	0	0	0	0	0	0	1	0	0	0	1	20.0	0.031	0.154	NaN	NaN	0.074	0.342	NaN	NaN	2.22	11.97	NaN	NaN	0.0	"2.5"	"F0034"	0	0	"FR"	77.082	"drain-rg"	25.69	2	1	0	2044.592	0.0	1036.612	null	2122.3	0.09
8.2	0.0484	562.5	1828.125	956.25	NaN	NaN	NaN	0	0	0	0	1	0	0	0	0	0	0	0	0	0	0	0	0	0	0	0	1	0	0	0	1	98.0	-0.002	0.154	NaN	NaN	-0.005	0.342	NaN	NaN	-0.15	11.97	NaN	NaN	0.0	"2.5"	"F0034"	0	0	"FR"	87.118	"drip-rg"	0.402	2	1	0	2044.592	0.0	1036.612	null	2132.336	0.145
-4.9	0.0484	750.0	-103.125	956.25	NaN	NaN	NaN	0	0	0	0	1	0	0	0	0	0	0	0	0	0	0	0	0	0	0	0	1	0	0	0	1	-59.0	-0.195	0.154	NaN	NaN	-0.464	0.342	NaN	NaN	-13.92	11.97	NaN	NaN	0.0	"2.5"	"F0034"	0	0	"FR"	97.152	"drip-rg"	10.436	2	1	0	2044.592	0.0	1036.612	null	2142.37	0.083
-0.1	0.047575	18375.0	1481.25	862.5	NaN	NaN	NaN	0	0	1	0	0	1	0	0	0	0	0	0	1	0	0	0	0	0	0	0	1	0	0	0	1	-1.0	-0.037	0.144	NaN	NaN	-0.088	0.32	NaN	NaN	-2.64	11.2	NaN	NaN	0.0	"2.5"	"F0034"	0	0	"PR"	4.635	"fill-rg-di"	4.435	2	0	0	2044.592	0.0	2147.187	null	2152.444	0.085
-1.7	0.047025	19875.0	2118.75	600.0	NaN	NaN	NaN	0	0	1	0	0	1	0	0	0	0	0	0	1	0	0	0	0	0	0	0	1	0	0	0	1	-20.0	0.027	0.118	NaN	NaN	0.064	0.262	NaN	NaN	1.92	9.17	NaN	NaN	0.0	"2.5"	"F0034"	0	0	"PR"	14.672	"fill-rg-di"	14.472	2	0	0	2044.592	0.0	2147.187	null	2162.481	0.086
-0.6	0.045925	21000.0	2456.25	337.5	NaN	NaN	NaN	0	0	1	0	0	1	0	0	0	0	0	0	1	0	0	0	0	0	0	0	1	0	0	0	1	-7.0	0.061	0.092	NaN	NaN	0.145	0.204	NaN	NaN	4.35	7.14	NaN	NaN	0.0	"2.5"	"F0034"	0	0	"PR"	24.71	"fill-rg-di"	24.51	2	0	0	2044.592	0.0	2147.187	null	2172.519	0.086
-0.4	0.0451	19312.5	2746.875	75.0	NaN	NaN	NaN	1	0	0	0	0	0	0	0	0	0	0	0	0	1	0	0	0	0	0	0	1	0	0	0	1	-5.0	0.09	0.066	NaN	NaN	0.214	0.147	NaN	NaN	6.42	5.145	NaN	NaN	0.0	"2.5"	"F0034"	0	0	"PR"	34.545	"fill-di-lb"	0.2	2	0	0	2044.592	0.0	2147.187	null	2182.354	0.094
-0.3	0.0451	375.0	2737.5	412.5	NaN	NaN	NaN	1	0	0	0	0	0	0	0	0	0	0	0	0	1	0	0	0	0	0	0	1	0	0	0	1	-4.0	0.089	0.099	NaN	NaN	0.212	0.22	NaN	NaN	6.36	7.7	NaN	NaN	0.0	"2.5"	"F0034"	0	0	"PR"	44.584	"fill-di-lb"	10.239	2	0	0	2044.592	0.0	2147.187	null	2192.393	0.089
0.0	0.0451	187.5	2746.875	721.875	NaN	NaN	NaN	1	0	0	0	0	0	0	0	0	0	0	0	0	1	0	0	0	0	0	0	1	0	0	0	1	0.0	0.09	0.13	NaN	NaN	0.214	0.289	NaN	NaN	6.42	10.115	NaN	NaN	0.0	"2.5"	"F0034"	0	0	"PR"	54.624	"fill-di-lb"	20.279	2	0	0	2044.592	0.0	2147.187	null	2202.433	0.089
0.0	0.0451	1875.0	2746.875	1040.625	NaN	NaN	NaN	1	0	0	0	0	0	0	0	0	0	0	0	0	1	0	0	0	0	0	0	1	0	0	0	1	0.0	0.09	0.162	NaN	NaN	0.214	0.36	NaN	NaN	6.42	12.6	NaN	NaN	0.0	"2.5"	"F0034"	0	0	"PR"	64.659	"fill-di-lb"	30.314	2	0	0	2044.592	0.0	2147.187	null	2212.468	0.09
0.2	0.04455	1687.5	2709.375	1321.875	NaN	NaN	NaN	1	0	0	0	0	0	0	0	0	0	0	0	0	1	0	0	0	0	0	0	1	0	0	0	1	2.0	0.086	0.19	NaN	NaN	0.205	0.422	NaN	NaN	6.15	14.77	NaN	NaN	0.0	"2.5"	"F0034"	0	0	"PR"	74.699	"fill-di-lb"	40.354	2	0	0	2044.592	0.0	2147.187	null	2222.508	0.091
0.5	0.0451	1312.5	2728.125	1659.375	NaN	NaN	NaN	1	0	0	0	0	0	0	0	0	0	0	0	0	1	0	0	0	0	0	0	1	0	0	0	1	6.0	0.088	0.224	NaN	NaN	0.21	0.498	NaN	NaN	6.3	17.43	NaN	NaN	0.0	"2.5"	"F0034"	0	0	"PR"	84.741	"fill-di-lb"	50.396	2	0	0	2044.592	0.0	2147.187	null	2232.55	0.083
0.5	0.04455	1312.5	2746.875	1968.75	NaN	NaN	NaN	1	0	0	0	0	0	0	0	0	0	0	0	0	1	0	0	0	0	0	0	1	0	0	0	1	6.0	0.09	0.255	NaN	NaN	0.214	0.567	NaN	NaN	6.42	19.845	NaN	NaN	0.0	"2.5"	"F0034"	0	0	"PR"	94.78	"fill-di-lb"	60.435	2	0	0	2044.592	0.0	2147.187	null	2242.589	0.084
0.3	0.044275	11250.0	2765.625	2259.375	NaN	NaN	NaN	0	0	1	0	0	1	0	0	0	0	0	0	1	0	0	0	0	0	0	0	1	0	0	0	1	4.0	0.092	0.284	NaN	NaN	0.219	0.631	NaN	NaN	6.57	22.085	NaN	NaN	0.0	"2.5"	"F0034"	0	0	"PR"	104.616	"fill-rg-di"	1.003	2	0	0	2044.592	0.0	2147.187	null	2252.425	0.093
0.6	0.043725	3750.0	2943.75	2203.125	NaN	NaN	NaN	1	0	0	0	0	0	0	0	0	0	0	0	0	1	0	0	0	0	0	0	1	0	0	0	1	7.0	0.109	0.278	NaN	NaN	0.26	0.618	NaN	NaN	7.8	21.63	NaN	NaN	0.0	"2.5"	"F0034"	0	0	"PR"	114.649	"fill-di"	3.812	2	0	0	2044.592	0.0	2147.187	null	2262.458	0.09
-13.9	0.04345	28125.0	2953.125	2578.125	NaN	NaN	NaN	0	1	1	0	0	0	0	0	0	0	0	0	1	0	0	0	0	1	1	0	1	1	1	0	1	-167.0	0.11	0.316	NaN	NaN	0.262	0.702	NaN	NaN	7.86	24.57	NaN	NaN	0.0	"2.5"	"F0034"	1	0	"PR"	124.695	"deionize"	8.24	2	1	0	2044.592	0.0	2147.187	null	2272.504	0.091
-11.7	0.0429	28312.5	2943.75	2550.0	NaN	NaN	NaN	0	1	1	0	0	0	0	0	0	0	0	0	1	0	0	0	0	1	1	0	1	1	1	0	1	-140.0	0.109	0.313	NaN	NaN	0.26	0.696	NaN	NaN	7.8	24.36	NaN	NaN	0.0	"2.5"	"F0034"	1	0	"PR"	134.731	"deionize"	18.276	2	1	0	2044.592	0.0	2147.187	null	2282.54	0.09
-12.3	0.0418	26062.5	2953.125	2568.75	NaN	NaN	NaN	0	1	1	0	0	0	0	0	0	0	0	0	1	0	0	0	0	1	1	0	1	1	1	0	1	-148.0	0.11	0.315	NaN	NaN	0.262	0.7	NaN	NaN	7.86	24.5	NaN	NaN	0.0	"2.5"	"F0034"	1	0	"PR"	144.763	"deionize"	28.308	2	1	0	2044.592	0.0	2147.187	null	2292.572	0.09
-12.4	0.040425	25125.0	2953.125	2540.625	NaN	NaN	NaN	0	1	1	0	0	0	0	0	0	0	0	0	1	0	0	0	0	1	1	0	1	1	1	0	1	-149.0	0.11	0.312	NaN	NaN	0.262	0.693	NaN	NaN	7.86	24.255	NaN	NaN	0.0	"2.5"	"F0034"	1	0	"PR"	154.803	"deionize"	38.348	2	1	0	2044.592	0.0	2147.187	null	2302.612	0.093
-12.1	0.039325	26812.5	2962.5	2493.75	NaN	NaN	NaN	0	1	1	0	0	0	0	0	0	0	0	0	1	0	0	0	0	1	1	0	1	1	1	0	1	-145.0	0.111	0.307	NaN	NaN	0.264	0.682	NaN	NaN	7.92	23.87	NaN	NaN	0.0	"2.5"	"F0034"	1	0	"PR"	164.842	"deionize"	48.387	2	1	0	2044.592	0.0	2147.187	null	2312.651	0.09
-12.1	0.039325	29437.5	2962.5	2437.5	NaN	NaN	NaN	0	1	1	0	0	0	0	0	0	0	0	0	1	0	0	0	0	1	1	0	1	1	1	0	1	-145.0	0.111	0.302	NaN	NaN	0.264	0.671	NaN	NaN	7.92	23.485	NaN	NaN	0.0	"2.5"	"F0034"	1	0	"PR"	174.872	"deionize"	58.417	2	1	0	2044.592	0.0	2147.187	null	2322.681	0.09
-12.3	0.037675	28687.5	2962.5	2484.375	NaN	NaN	NaN	0	1	1	0	0	0	0	0	0	0	0	0	1	0	0	0	0	1	1	0	1	1	1	0	1	-148.0	0.111	0.306	NaN	NaN	0.264	0.68	NaN	NaN	7.92	23.8	NaN	NaN	0.0	"2.5"	"F0034"	1	0	"PR"	184.711	"deionize"	68.256	2	1	0	2044.592	0.0	2147.187	null	2332.52	0.089
-11.9	0.037125	25500.0	2953.125	2484.375	NaN	NaN	NaN	0	1	1	0	0	0	0	0	0	0	0	0	1	0	0	0	0	1	1	0	1	1	1	0	1	-143.0	0.11	0.306	NaN	NaN	0.262	0.68	NaN	NaN	7.86	23.8	NaN	NaN	0.0	"2.5"	"F0034"	1	0	"PR"	194.746	"deionize"	78.291	2	1	0	2044.592	0.0	2147.187	null	2342.555	0.091
-11.7	0.0363	26625.0	2943.75	2475.0	NaN	NaN	NaN	0	1	1	0	0	0	0	0	0	0	0	0	1	0	0	0	0	1	1	0	1	1	1	0	1	-140.0	0.109	0.305	NaN	NaN	0.26	0.678	NaN	NaN	7.8	23.73	NaN	NaN	0.0	"2.5"	"F0034"	1	0	"PR"	204.778	"deionize"	88.323	2	1	0	2044.592	0.0	2147.187	null	2352.587	0.091
-12.2	0.035475	28312.5	2962.5	2475.0	NaN	NaN	NaN	0	1	1	0	0	0	0	0	0	0	0	0	1	0	0	0	0	1	1	0	1	1	1	0	1	-146.0	0.111	0.305	NaN	NaN	0.264	0.678	NaN	NaN	7.92	23.73	NaN	NaN	0.0	"2.5"	"F0034"	1	0	"PR"	214.815	"deionize"	98.36	2	1	0	2044.592	0.0	2147.187	null	2362.624	0.093
-11.8	0.035475	29250.0	2962.5	2437.5	NaN	NaN	NaN	0	1	1	0	0	0	0	0	0	0	0	0	1	0	0	0	0	1	1	0	1	1	1	0	1	-142.0	0.111	0.302	NaN	NaN	0.264	0.671	NaN	NaN	7.92	23.485	NaN	NaN	0.0	"2.5"	"F0034"	1	0	"PR"	224.853	"deionize"	108.398	2	1	0	2044.592	0.0	2147.187	null	2372.662	0.09
-9.2	0.03465	25500.0	2953.125	2484.375	NaN	NaN	NaN	0	1	1	0	0	0	0	0	0	0	0	0	1	0	0	0	0	1	1	0	1	1	1	0	1	-110.0	0.11	0.306	NaN	NaN	0.262	0.68	NaN	NaN	7.86	23.8	NaN	NaN	0.0	"2.5"	"F0034"	1	0	"PR"	234.885	"deionize"	118.43	2	1	0	2044.592	0.0	2147.187	null	2382.694	0.091
-11.9	0.0341	27000.0	2943.75	2437.5	NaN	NaN	NaN	0	1	1	0	0	0	0	0	0	0	0	0	1	0	0	0	0	1	1	0	1	1	1	0	1	-143.0	0.109	0.302	NaN	NaN	0.26	0.671	NaN	NaN	7.8	23.485	NaN	NaN	0.0	"2.5"	"F0034"	1	0	"PR"	244.921	"deionize"	128.466	2	1	0	2044.592	0.0	2147.187	null	2392.73	0.092
-12.0	0.033825	27750.0	2962.5	2484.375	NaN	NaN	NaN	0	1	1	0	0	0	0	0	0	0	0	0	1	0	0	0	0	1	1	0	1	1	1	0	1	-144.0	0.111	0.306	NaN	NaN	0.264	0.68	NaN	NaN	7.92	23.8	NaN	NaN	0.0	"2.5"	"F0034"	1	0	"PR"	254.956	"deionize"	138.501	2	1	0	2044.592	0.0	2147.187	null	2402.765	0.09
-11.3	0.032725	27375.0	2962.5	2437.5	NaN	NaN	NaN	0	1	1	0	0	0	0	0	0	0	0	0	1	0	0	0	0	1	1	0	1	1	1	0	1	-136.0	0.111	0.302	NaN	NaN	0.264	0.671	NaN	NaN	7.92	23.485	NaN	NaN	0.0	"2.5"	"F0034"	1	0	"PR"	264.794	"deionize"	148.339	2	1	0	2044.592	0.0	2147.187	null	2412.603	0.087
-12.3	0.03245	29250.0	2953.125	2437.5	NaN	NaN	NaN	0	1	1	0	0	0	0	0	0	0	0	0	1	0	0	0	0	1	1	0	1	1	1	0	1	-148.0	0.11	0.302	NaN	NaN	0.262	0.671	NaN	NaN	7.86	23.485	NaN	NaN	0.0	"2.5"	"F0034"	1	0	"PR"	274.834	"deionize"	158.379	2	1	0	2044.592	0.0	2147.187	null	2422.643	0.086
-12.6	0.03245	25875.0	2943.75	2437.5	NaN	NaN	NaN	0	1	1	0	0	0	0	0	0	0	0	0	1	0	0	0	0	1	1	0	1	1	1	0	1	-151.0	0.109	0.302	NaN	NaN	0.26	0.671	NaN	NaN	7.8	23.485	NaN	NaN	0.0	"2.5"	"F0034"	1	0	"PR"	284.869	"deionize"	168.414	2	1	0	2044.592	0.0	2147.187	null	2432.678	0.087
-12.3	0.03135	26437.5	2953.125	2437.5	NaN	NaN	NaN	0	1	1	0	0	0	0	0	0	0	0	0	1	0	0	0	0	1	1	0	1	1	1	0	1	-148.0	0.11	0.302	NaN	NaN	0.262	0.671	NaN	NaN	7.86	23.485	NaN	NaN	0.0	"2.5"	"F0034"	1	0	"PR"	294.909	"deionize"	178.454	2	1	0	2044.592	0.0	2147.187	null	2442.718	0.088
-12.5	0.031075	26062.5	2962.5	2437.5	NaN	NaN	NaN	0	1	1	0	0	0	0	0	0	0	0	0	1	0	0	0	0	1	1	0	1	1	1	0	1	-150.0	0.111	0.302	NaN	NaN	0.264	0.671	NaN	NaN	7.92	23.485	NaN	NaN	0.0	"2.5"	"F0034"	1	0	"PR"	304.945	"deionize"	188.49	2	1	0	2044.592	0.0	2147.187	null	2452.754	0.091
-11.9	0.030525	27375.0	2962.5	2475.0	NaN	NaN	NaN	0	1	1	0	0	0	0	0	0	0	0	0	1	0	0	0	0	1	1	0	1	1	1	0	1	-143.0	0.111	0.305	NaN	NaN	0.264	0.678	NaN	NaN	7.92	23.73	NaN	NaN	0.0	"2.5"	"F0034"	1	0	"PR"	314.979	"deionize"	198.524	2	1	0	2044.592	0.0	2147.187	null	2462.788	0.091
-11.7	0.029425	27562.5	2962.5	2353.125	NaN	NaN	NaN	0	1	1	0	0	0	0	0	0	0	0	0	1	0	0	0	0	1	1	0	1	1	1	0	1	-140.0	0.111	0.293	NaN	NaN	0.264	0.651	NaN	NaN	7.92	22.785	NaN	NaN	0.0	"2.5"	"F0034"	1	0	"PR"	325.019	"deionize"	208.564	2	1	0	2044.592	0.0	2147.187	null	2472.828	0.092
-11.4	0.02915	27375.0	2934.375	2428.125	NaN	NaN	NaN	0	1	1	0	0	0	0	0	0	0	0	0	1	0	0	0	0	1	1	0	1	1	1	0	1	-137.0	0.108	0.301	NaN	NaN	0.257	0.669	NaN	NaN	7.71	23.415	NaN	NaN	0.0	"2.5"	"F0034"	1	0	"PR"	335.053	"deionize"	218.598	2	1	0	2044.592	0.0	2147.187	null	2482.862	0.087
-10.6	0.028875	27187.5	2953.125	2437.5	NaN	NaN	NaN	0	1	1	0	0	0	0	0	0	0	0	0	1	0	0	0	0	1	1	0	1	1	1	0	1	-127.0	0.11	0.302	NaN	NaN	0.262	0.671	NaN	NaN	7.86	23.485	NaN	NaN	0.0	"2.5"	"F0034"	1	0	"PR"	344.89	"deionize"	228.435	2	1	0	2044.592	0.0	2147.187	null	2492.699	0.084
-11.0	0.0286	25125.0	2953.125	2437.5	NaN	NaN	NaN	0	1	1	0	0	0	0	0	0	0	0	0	1	0	0	0	0	1	1	0	1	1	1	0	1	-132.0	0.11	0.302	NaN	NaN	0.262	0.671	NaN	NaN	7.86	23.485	NaN	NaN	0.0	"2.5"	"F0034"	1	0	"PR"	354.929	"deionize"	238.474	2	1	0	2044.592	0.0	2147.187	null	2502.738	0.085
-9.3	0.027775	26250.0	2943.75	2428.125	NaN	NaN	NaN	0	1	1	0	0	0	0	0	0	0	0	0	1	0	0	0	1	1	1	0	1	1	1	0	1	-112.0	0.109	0.301	NaN	NaN	0.26	0.669	NaN	NaN	7.8	23.415	NaN	NaN	0.0	"2.5"	"F0034"	1	0	"PR"	365.085	"deionize-uv"	8.549	2	1	0	2044.592	0.0	2147.187	null	2512.894	0.091
-11.5	0.0275	27000.0	2953.125	2371.875	NaN	NaN	NaN	0	1	1	0	0	0	0	0	0	0	0	0	1	0	0	0	1	1	1	0	1	1	1	0	1	-138.0	0.11	0.295	NaN	NaN	0.262	0.656	NaN	NaN	7.86	22.96	NaN	NaN	0.0	"2.5"	"F0034"	1	0	"PR"	374.923	"deionize-uv"	18.387	2	1	0	2044.592	0.0	2147.187	null	2522.732	0.085
-12.3	0.026675	29250.0	2962.5	2446.875	NaN	NaN	NaN	0	1	1	0	0	0	0	0	0	0	0	0	1	0	0	0	1	1	1	0	1	1	1	0	1	-148.0	0.111	0.303	NaN	NaN	0.264	0.673	NaN	NaN	7.92	23.555	NaN	NaN	0.0	"2.5"	"F0034"	1	0	"PR"	384.958	"deionize-uv"	28.422	2	1	0	2044.592	0.0	2147.187	null	2532.767	0.084
-12.6	0.0264	24562.5	2962.5	2437.5	NaN	NaN	NaN	0	1	1	0	0	0	0	0	0	0	0	0	1	0	0	0	1	1	1	0	1	1	1	0	1	-151.0	0.111	0.302	NaN	NaN	0.264	0.671	NaN	NaN	7.92	23.485	NaN	NaN	0.0	"2.5"	"F0034"	1	0	"PR"	394.988	"deionize-uv"	38.452	2	1	0	2044.592	0.0	2147.187	null	2542.797	0.09
-10.8	0.026675	25312.5	2953.125	2428.125	NaN	NaN	NaN	0	1	1	0	0	0	0	0	0	0	0	0	1	0	0	0	1	1	1	0	1	1	1	0	1	-130.0	0.11	0.301	NaN	NaN	0.262	0.669	NaN	NaN	7.86	23.415	NaN	NaN	0.0	"2.5"	"F0034"	1	0	"PR"	405.029	"deionize-uv"	48.493	2	1	0	2044.592	0.0	2147.187	null	2552.838	0.084
-8.9	0.02585	26062.5	2953.125	2381.25	NaN	NaN	NaN	0	1	1	0	0	0	0	0	0	0	0	0	1	0	0	0	1	1	1	0	1	1	1	0	1	-107.0	0.11	0.296	NaN	NaN	0.262	0.658	NaN	NaN	7.86	23.03	NaN	NaN	0.0	"2.5"	"F0034"	1	0	"PR"	415.064	"deionize-uv"	58.528	2	1	0	2044.592	0.0	2147.187	null	2562.873	0.083
-10.3	0.025575	27562.5	2915.625	2437.5	NaN	NaN	NaN	0	1	1	0	0	0	0	0	0	0	0	0	1	0	0	0	1	1	1	0	1	1	1	0	1	-124.0	0.107	0.302	NaN	NaN	0.255	0.671	NaN	NaN	7.65	23.485	NaN	NaN	0.0	"2.5"	"F0034"	1	0	"PR"	425.104	"deionize-uv"	68.568	2	1	0	2044.592	0.0	2147.187	null	2572.913	0.085
-10.6	0.0253	26812.5	2953.125	2465.625	NaN	NaN	NaN	0	1	1	0	0	0	0	0	0	0	0	0	1	0	0	0	1	1	1	0	1	1	1	0	1	-127.0	0.11	0.305	NaN	NaN	0.262	0.678	NaN	NaN	7.86	23.73	NaN	NaN	0.0	"2.5"	"F0034"	1	0	"PR"	435.144	"deionize-uv"	78.608	2	1	0	2044.592	0.0	2147.187	null	2582.953	0.086
-7.3	0.025025	27937.5	2953.125	2465.625	NaN	NaN	NaN	0	1	1	0	0	0	0	0	0	0	0	0	1	0	0	0	1	1	1	0	1	1	1	0	1	-88.0	0.11	0.305	NaN	NaN	0.262	0.678	NaN	NaN	7.86	23.73	NaN	NaN	0.0	"2.5"	"F0034"	1	0	"PR"	445.177	"deionize-uv"	88.641	2	1	0	2044.592	0.0	2147.187	null	2592.986	0.086
-10.7	0.024475	28500.0	2971.875	2362.5	NaN	NaN	NaN	0	1	1	0	0	0	0	0	0	0	0	0	1	0	0	0	1	1	1	0	1	1	1	0	1	-128.0	0.112	0.294	NaN	NaN	0.267	0.653	NaN	NaN	8.01	22.855	NaN	NaN	0.0	"2.5"	"F0034"	1	0	"PR"	455.019	"deionize-uv"	98.483	2	1	0	2044.592	0.0	2147.187	null	2602.828	0.085
-9.8	0.0242	28312.5	2953.125	2381.25	NaN	NaN	NaN	0	1	1	0	0	0	0	0	0	0	0	0	1	0	0	0	1	1	1	0	1	1	1	0	1	-118.0	0.11	0.296	NaN	NaN	0.262	0.658	NaN	NaN	7.86	23.03	NaN	NaN	0.0	"2.5"	"F0034"	1	0	"PR"	465.053	"deionize-uv"	108.517	2	1	0	2044.592	0.0	2147.187	null	2612.862	0.084
-9.2	0.023375	27937.5	2953.125	2446.875	NaN	NaN	NaN	0	1	1	0	0	0	0	0	0	0	0	0	1	0	0	0	1	1	1	0	1	1	1	0	1	-110.0	0.11	0.303	NaN	NaN	0.262	0.673	NaN	NaN	7.86	23.555	NaN	NaN	0.0	"2.5"	"F0034"	1	0	"PR"	475.093	"deionize-uv"	118.557	2	1	0	2044.592	0.0	2147.187	null	2622.902	0.084
-9.4	0.02365	30750.0	2953.125	1912.5	NaN	NaN	NaN	0	0	1	0	0	0	0	1	0	0	0	0	1	0	0	0	1	1	1	0	1	1	1	0	1	-113.0	0.11	0.249	NaN	NaN	0.262	0.553	NaN	NaN	7.86	19.355	NaN	NaN	0.0	"2.5"	"F0034"	1	0	"PR"	485.059	"drain-di-1"	8.358	2	1	0	2044.592	0.0	2147.187	null	2632.868	0.084
-15.0	0.0231	30187.5	2953.125	1650.0	NaN	NaN	NaN	0	0	1	0	0	0	0	1	0	0	0	0	1	0	0	0	1	1	1	0	1	1	1	0	1	-180.0	0.11	0.223	NaN	NaN	0.262	0.496	NaN	NaN	7.86	17.36	NaN	NaN	0.0	"2.5"	"F0034"	1	0	"PR"	495.098	"drain-di-1"	18.397	2	1	0	2044.592	0.0	2147.187	null	2642.907	0.084
-10.1	0.022275	29812.5	2953.125	1406.25	NaN	NaN	NaN	0	0	1	0	0	0	0	1	0	0	0	0	1	0	0	0	1	1	1	0	1	1	1	0	1	-121.0	0.11	0.199	NaN	NaN	0.262	0.442	NaN	NaN	7.86	15.47	NaN	NaN	0.0	"2.5"	"F0034"	1	0	"PR"	505.136	"drain-di-1"	28.435	2	1	0	2044.592	0.0	2147.187	null	2652.945	0.084
-8.2	0.0231	29250.0	2962.5	1125.0	NaN	NaN	NaN	0	0	1	0	0	0	0	1	0	0	0	0	1	0	0	0	1	1	1	0	1	1	1	0	1	-98.0	0.111	0.171	NaN	NaN	0.264	0.38	NaN	NaN	7.92	13.3	NaN	NaN	0.0	"2.5"	"F0034"	1	0	"PR"	515.169	"drain-di-1"	38.468	2	1	0	2044.592	0.0	2147.187	null	2662.978	0.084
-9.2	0.022275	29062.5	2981.25	890.625	NaN	NaN	NaN	0	0	1	0	0	0	0	1	0	0	0	0	1	0	0	0	1	1	1	0	1	1	1	0	1	-110.0	0.113	0.147	NaN	NaN	0.269	0.327	NaN	NaN	8.07	11.445	NaN	NaN	0.0	"2.5"	"F0034"	1	0	"PR"	525.204	"drain-di-1"	48.503	2	1	0	2044.592	0.0	2147.187	null	2673.013	0.074
-9.5	0.022275	30000.0	2953.125	637.5	NaN	NaN	NaN	0	0	1	0	0	0	0	1	0	0	0	0	1	0	0	0	1	1	1	0	1	1	1	0	1	-114.0	0.11	0.122	NaN	NaN	0.262	0.271	NaN	NaN	7.86	9.485	NaN	NaN	0.0	"2.5"	"F0034"	1	0	"PR"	535.239	"drain-di-1"	58.538	2	1	0	2044.592	0.0	2147.187	null	2683.048	0.084
-9.2	0.021725	30000.0	2953.125	337.5	NaN	NaN	NaN	0	0	1	0	0	0	0	1	0	0	0	0	1	0	0	0	1	1	1	0	1	1	1	0	1	-110.0	0.11	0.092	NaN	NaN	0.262	0.204	NaN	NaN	7.86	7.14	NaN	NaN	0.0	"2.5"	"F0034"	1	0	"PR"	545.273	"drain-di-1"	68.572	2	1	0	2044.592	0.0	2147.187	null	2693.082	0.084
-12.0	0.021725	29250.0	2953.125	140.625	NaN	NaN	NaN	0	0	1	0	0	0	0	1	0	0	0	0	1	0	0	0	1	1	1	0	1	1	1	0	1	-144.0	0.11	0.072	NaN	NaN	0.262	0.16	NaN	NaN	7.86	5.6	NaN	NaN	0.0	"2.5"	"F0034"	1	0	"PR"	555.311	"drain-di-1"	78.61	2	1	0	2044.592	0.0	2147.187	null	2703.12	0.086
-8.5	0.021175	30000.0	2962.5	-121.875	NaN	NaN	NaN	0	0	1	0	0	0	0	1	0	0	0	0	1	0	0	0	1	1	1	0	1	1	1	0	1	-102.0	0.111	0.046	NaN	NaN	0.264	0.102	NaN	NaN	7.92	3.57	NaN	NaN	0.0	"2.5"	"F0034"	1	0	"PR"	565.257	"drip-di-1"	7.136	2	1	0	2044.592	0.0	2147.187	null	2713.066	0.075
11.9	0.022	20062.5	2803.125	-56.25	NaN	NaN	NaN	1	0	0	0	0	1	1	0	0	0	0	0	1	1	0	0	0	1	1	1	0	1	1	1	0	143.0	0.095	0.052	NaN	NaN	0.226	0.116	NaN	NaN	6.78	4.06	NaN	NaN	0.0	"2.5"	"F0034"	1	1	"PR"	575.254	"reverse-f"	1.967	2	1	0	2044.592	0.0	2147.187	null	2723.063	0.088
12.4	0.022275	19687.5	2756.25	178.125	NaN	NaN	NaN	1	0	0	0	0	1	1	0	0	0	0	0	1	1	0	0	0	1	1	1	0	1	1	1	0	149.0	0.091	0.076	NaN	NaN	0.217	0.169	NaN	NaN	6.51	5.915	NaN	NaN	0.0	"2.5"	"F0034"	1	1	"PR"	585.292	"reverse-f"	12.005	2	1	0	2044.592	0.0	2147.187	null	2733.101	0.074
12.8	0.0253	22500.0	2718.75	525.0	NaN	NaN	NaN	1	0	0	0	0	1	1	0	0	0	0	0	1	1	0	0	0	1	1	1	0	1	1	1	0	154.0	0.087	0.111	NaN	NaN	0.207	0.247	NaN	NaN	6.21	8.645	NaN	NaN	0.0	"2.5"	"F0034"	1	1	"PR"	595.333	"reverse-f"	22.046	2	1	0	2044.592	0.0	2147.187	null	2743.142	0.084
11.6	0.02805	19125.0	2746.875	834.375	NaN	NaN	NaN	1	0	0	0	0	1	1	0	0	0	0	0	1	1	0	0	0	1	1	1	0	1	1	1	0	139.0	0.09	0.141	NaN	NaN	0.214	0.313	NaN	NaN	6.42	10.955	NaN	NaN	0.0	"2.5"	"F0034"	1	1	"PR"	605.369	"reverse-f"	32.082	2	1	0	2044.592	0.0	2147.187	null	2753.178	0.084
12.3	0.03245	19875.0	2765.625	1115.625	NaN	NaN	NaN	1	0	0	0	0	1	1	0	0	0	0	0	1	1	0	0	0	1	1	1	0	1	1	1	0	148.0	0.092	0.17	NaN	NaN	0.219	0.378	NaN	NaN	6.57	13.23	NaN	NaN	0.0	"2.5"	"F0034"	1	1	"PR"	615.204	"reverse-f"	41.917	2	1	0	2044.592	0.0	2147.187	null	2763.013	0.095
12.6	0.036025	20250.0	2784.375	1453.125	NaN	NaN	NaN	1	0	0	0	0	1	1	0	0	0	0	0	1	1	0	0	0	1	1	1	0	1	1	1	0	151.0	0.093	0.203	NaN	NaN	0.221	0.451	NaN	NaN	6.63	15.785	NaN	NaN	0.0	"2.5"	"F0034"	1	1	"PR"	625.242	"reverse-f"	51.955	2	1	0	2044.592	0.0	2147.187	null	2773.051	0.086
12.4	0.0385	21375.0	2812.5	1771.875	NaN	NaN	NaN	1	0	0	0	0	1	1	0	0	0	0	0	1	1	0	0	0	1	1	1	0	1	1	1	0	149.0	0.096	0.235	NaN	NaN	0.229	0.522	NaN	NaN	6.87	18.27	NaN	NaN	0.0	"2.5"	"F0034"	1	1	"PR"	635.274	"reverse-f"	61.987	2	1	0	2044.592	0.0	2147.187	null	2783.083	0.089
12.1	0.04125	21375.0	2784.375	2081.25	NaN	NaN	NaN	1	0	0	0	0	1	1	0	0	0	0	0	1	1	0	0	0	1	1	1	0	1	1	1	0	145.0	0.093	0.266	NaN	NaN	0.221	0.591	NaN	NaN	6.63	20.685	NaN	NaN	0.0	"2.5"	"F0034"	1	1	"PR"	645.313	"reverse-f"	72.026	2	1	0	2044.592	0.0	2147.187	null	2793.122	0.086
12.5	0.044	21187.5	2775.0	2278.125	NaN	NaN	NaN	0	0	0	0	0	1	1	0	0	0	0	0	1	0	0	0	0	1	1	1	0	1	1	1	0	150.0	0.093	0.286	NaN	NaN	0.221	0.636	NaN	NaN	6.63	22.26	NaN	NaN	0.0	"2.5"	"F0034"	1	1	"PR"	655.259	"reverse"	81.972	2	1	0	2044.592	0.0	2147.187	null	2803.068	0.09
14.1	0.0451	21000.0	2756.25	2259.375	NaN	NaN	NaN	0	0	0	0	0	1	1	0	0	0	0	0	1	0	0	0	0	1	1	1	0	1	1	1	0	169.0	0.091	0.284	NaN	NaN	0.217	0.631	NaN	NaN	6.51	22.085	NaN	NaN	0.0	"2.5"	"F0034"	1	1	"PR"	665.297	"reverse"	92.01	2	1	0	2044.592	0.0	2147.187	null	2813.106	0.091
12.7	0.0462	21562.5	2756.25	2259.375	NaN	NaN	NaN	0	0	0	0	0	1	1	0	0	0	0	0	1	0	0	0	0	1	1	1	0	1	1	1	0	152.0	0.091	0.284	NaN	NaN	0.217	0.631	NaN	NaN	6.51	22.085	NaN	NaN	0.0	"2.5"	"F0034"	1	1	"PR"	675.334	"reverse"	102.047	2	1	0	2044.592	0.0	2147.187	null	2823.143	0.09
11.4	0.047025	20437.5	2793.75	2268.75	NaN	NaN	NaN	0	0	0	0	0	1	1	0	0	0	0	0	1	0	0	0	0	1	1	1	0	1	1	1	0	137.0	0.094	0.285	NaN	NaN	0.224	0.633	NaN	NaN	6.72	22.155	NaN	NaN	0.0	"2.5"	"F0034"	1	1	"PR"	685.37	"reverse"	112.083	2	1	0	2044.592	0.0	2147.187	null	2833.179	0.087
12.4	0.047575	20250.0	2793.75	2268.75	NaN	NaN	NaN	0	0	0	0	0	1	1	0	0	0	0	0	1	0	0	0	0	1	1	1	0	1	1	1	0	149.0	0.094	0.285	NaN	NaN	0.224	0.633	NaN	NaN	6.72	22.155	NaN	NaN	0.0	"2.5"	"F0034"	1	1	"PR"	695.41	"reverse"	122.123	2	1	0	2044.592	0.0	2147.187	null	2843.219	0.088
12.0	0.048125	18937.5	2803.125	2278.125	NaN	NaN	NaN	0	0	0	0	0	1	1	0	0	0	0	0	1	0	0	0	0	1	1	1	0	1	1	1	0	144.0	0.095	0.286	NaN	NaN	0.226	0.636	NaN	NaN	6.78	22.26	NaN	NaN	0.0	"2.5"	"F0034"	1	1	"PR"	705.446	"reverse"	132.159	2	1	0	2044.592	0.0	2147.187	null	2853.255	0.083
16.3	0.048125	20625.0	2840.625	2268.75	NaN	NaN	NaN	0	0	0	0	0	1	1	0	0	0	0	0	1	0	0	0	0	1	1	1	0	1	1	1	0	196.0	0.099	0.285	NaN	NaN	0.236	0.633	NaN	NaN	7.08	22.155	NaN	NaN	0.0	"2.5"	"F0034"	1	1	"PR"	715.478	"reverse"	142.191	2	1	0	2044.592	0.0	2147.187	null	2863.287	0.083
2.6	0.0495	-937.5	2971.875	2278.125	NaN	NaN	NaN	0	0	0	0	0	0	0	0	0	0	0	0	0	0	0	0	0	0	0	0	1	0	0	0	1	31.0	0.112	0.286	NaN	NaN	0.267	0.636	NaN	NaN	8.01	22.26	NaN	NaN	0.0	"2.5"	"F0034"	0	0	"PR"	725.409	"diffuse"	2.101	2	1	1	2044.592	0.0	2147.187	null	2873.218	0.092
3.0	0.049775	375.0	2934.375	2278.125	NaN	NaN	NaN	0	0	0	0	0	0	0	0	0	0	0	0	0	0	0	0	0	0	0	0	1	0	0	0	1	36.0	0.108	0.286	NaN	NaN	0.257	0.636	NaN	NaN	7.71	22.26	NaN	NaN	0.0	"2.5"	"F0034"	0	0	"PR"	735.444	"diffuse"	12.136	2	1	1	2044.592	0.0	2147.187	null	2883.253	0.09
2.2	0.049775	-187.5	2971.875	2278.125	NaN	NaN	NaN	0	0	0	0	0	0	0	0	0	0	0	0	0	0	0	0	0	0	0	0	1	0	0	0	1	26.0	0.112	0.286	NaN	NaN	0.267	0.636	NaN	NaN	8.01	22.26	NaN	NaN	0.0	"2.5"	"F0034"	0	0	"PR"	745.48	"diffuse"	22.172	2	1	1	2044.592	0.0	2147.187	null	2893.289	0.091
12.6	0.0484	19125.0	2793.75	2250.0	NaN	NaN	NaN	0	0	0	0	0	1	1	0	0	0	0	0	1	0	0	0	0	1	1	1	0	1	1	1	0	151.0	0.094	0.283	NaN	NaN	0.224	0.629	NaN	NaN	6.72	22.015	NaN	NaN	0.0	"2.5"	"F0034"	1	1	"PR"	755.411	"wash-en"	2.1	2	1	1	2044.592	0.0	2147.187	null	2903.22	0.092
13.0	0.049775	21000.0	2812.5	2259.375	NaN	NaN	NaN	0	0	0	0	0	1	1	0	0	0	0	0	1	0	0	0	0	1	1	1	0	1	1	1	0	156.0	0.096	0.284	NaN	NaN	0.229	0.631	NaN	NaN	6.87	22.085	NaN	NaN	0.0	"2.5"	"F0034"	1	1	"PR"	765.449	"wash-en"	12.138	2	1	1	2044.592	0.0	2147.187	null	2913.258	0.09
1.3	0.051425	20625.0	2803.125	2278.125	NaN	NaN	NaN	0	0	0	0	0	1	1	0	0	0	0	0	1	0	0	0	0	0	0	0	1	0	0	0	1	16.0	0.095	0.286	NaN	NaN	0.226	0.636	NaN	NaN	6.78	22.26	NaN	NaN	0.0	"2.5"	"F0034"	0	0	"PR"	775.379	"wash-sc"	1.9	2	1	1	2044.592	0.0	2147.187	null	2923.188	0.096
1.4	0.051975	-937.5	2981.25	2268.75	NaN	NaN	NaN	0	0	0	0	0	0	0	0	0	0	0	0	0	0	0	0	0	0	0	0	1	0	0	0	1	17.0	0.113	0.285	NaN	NaN	0.269	0.633	NaN	NaN	8.07	22.155	NaN	NaN	0.0	"2.5"	"F0034"	0	0	"PR"	785.419	"diffuse"	1.806	2	1	2	2044.592	0.0	2147.187	null	2933.228	0.091
2.1	0.05115	937.5	2971.875	2278.125	NaN	NaN	NaN	0	0	0	0	0	0	0	0	0	0	0	0	0	0	0	0	0	0	0	0	1	0	0	0	1	25.0	0.112	0.286	NaN	NaN	0.267	0.636	NaN	NaN	8.01	22.26	NaN	NaN	0.0	"2.5"	"F0034"	0	0	"PR"	795.457	"diffuse"	11.844	2	1	2	2044.592	0.0	2147.187	null	2943.266	0.09
2.1	0.050875	1500.0	2971.875	2268.75	NaN	NaN	NaN	0	0	0	0	0	0	0	0	0	0	0	0	0	0	0	0	0	0	0	0	1	0	0	0	1	25.0	0.112	0.285	NaN	NaN	0.267	0.633	NaN	NaN	8.01	22.155	NaN	NaN	0.0	"2.5"	"F0034"	0	0	"PR"	805.495	"diffuse"	21.882	2	1	2	2044.592	0.0	2147.187	null	2953.304	0.089
12.7	0.05005	19875.0	2756.25	2259.375	NaN	NaN	NaN	0	0	0	0	0	1	1	0	0	0	0	0	1	0	0	0	0	1	1	1	0	1	1	1	0	152.0	0.091	0.284	NaN	NaN	0.217	0.631	NaN	NaN	6.51	22.085	NaN	NaN	0.0	"2.5"	"F0034"	1	1	"PR"	815.431	"wash-en"	1.7	2	1	2	2044.592	0.0	2147.187	null	2963.24	0.086
12.3	0.050875	19125.0	2821.875	2278.125	NaN	NaN	NaN	0	0	0	0	0	1	1	0	0	0	0	0	1	0	0	0	0	1	1	1	0	1	1	1	0	148.0	0.097	0.286	NaN	NaN	0.231	0.636	NaN	NaN	6.93	22.26	NaN	NaN	0.0	"2.5"	"F0034"	1	1	"PR"	825.467	"wash-en"	11.736	2	1	2	2044.592	0.0	2147.187	null	2973.276	0.09
0.5	0.051975	20250.0	2821.875	2278.125	NaN	NaN	NaN	0	0	0	0	0	1	1	0	0	0	0	0	1	0	0	0	0	0	0	0	1	0	0	0	1	6.0	0.097	0.286	NaN	NaN	0.231	0.636	NaN	NaN	6.93	22.26	NaN	NaN	0.0	"2.5"	"F0034"	0	0	"PR"	835.597	"wash-sc"	1.698	2	1	2	2044.592	0.0	2147.187	null	2983.406	0.091
2.0	0.051975	-937.5	2953.125	2278.125	NaN	NaN	NaN	0	0	0	0	0	0	0	0	0	0	0	0	0	0	0	0	0	0	0	0	1	0	0	0	1	24.0	0.11	0.286	NaN	NaN	0.262	0.636	NaN	NaN	7.86	22.26	NaN	NaN	0.0	"2.5"	"F0034"	0	0	"PR"	845.637	"diffuse"	1.606	2	1	3	2044.592	0.0	2147.187	null	2993.446	0.09
2.3	0.051975	1125.0	2962.5	2287.5	NaN	NaN	NaN	0	0	0	0	0	0	0	0	0	0	0	0	0	0	0	0	0	0	0	0	1	0	0	0	1	28.0	0.111	0.287	NaN	NaN	0.264	0.638	NaN	NaN	7.92	22.33	NaN	NaN	0.0	"2.5"	"F0034"	0	0	"PR"	855.47	"diffuse"	11.439	2	1	3	2044.592	0.0	2147.187	null	3003.279	0.086
1.9	0.052525	187.5	2971.875	2278.125	NaN	NaN	NaN	0	0	0	0	0	0	0	0	0	0	0	0	0	0	0	0	0	0	0	0	1	0	0	0	1	23.0	0.112	0.286	NaN	NaN	0.267	0.636	NaN	NaN	8.01	22.26	NaN	NaN	0.0	"2.5"	"F0034"	0	0	"PR"	865.505	"diffuse"	21.474	2	1	3	2044.592	0.0	2147.187	null	3013.314	0.088
12.5	0.05115	19125.0	2746.875	2278.125	NaN	NaN	NaN	0	0	0	0	0	1	1	0	0	0	0	0	1	0	0	0	0	1	1	1	0	1	1	1	0	150.0	0.09	0.286	NaN	NaN	0.214	0.636	NaN	NaN	6.42	22.26	NaN	NaN	0.0	"2.5"	"F0034"	1	1	"PR"	875.636	"wash-en"	1.496	2	1	3	2044.592	0.0	2147.187	null	3023.445	0.09
12.9	0.051425	19687.5	2784.375	2268.75	NaN	NaN	NaN	0	0	0	0	0	1	1	0	0	0	0	0	1	0	0	0	0	1	1	1	0	1	1	1	0	155.0	0.093	0.285	NaN	NaN	0.221	0.633	NaN	NaN	6.63	22.155	NaN	NaN	0.0	"2.5"	"F0034"	1	1	"PR"	885.667	"wash-en"	11.527	2	1	3	2044.592	0.0	2147.187	null	3033.476	0.087
0.8	0.051975	19875.0	2821.875	2278.125	NaN	NaN	NaN	0	0	0	0	0	1	1	0	0	0	0	0	1	0	0	0	0	0	0	0	1	0	0	0	1	10.0	0.097	0.286	NaN	NaN	0.231	0.636	NaN	NaN	6.93	22.26	NaN	NaN	0.0	"2.5"	"F0034"	0	0	"PR"	895.602	"wash-sc"	1.301	2	1	3	2044.592	0.0	2147.187	null	3043.411	0.088
1.1	0.051975	-2250.0	2981.25	2268.75	NaN	NaN	NaN	0	0	0	0	0	0	0	0	0	0	0	0	0	0	0	0	0	0	0	0	1	0	0	0	1	13.0	0.113	0.285	NaN	NaN	0.269	0.633	NaN	NaN	8.07	22.155	NaN	NaN	0.0	"2.5"	"F0034"	0	0	"PR"	905.643	"diffuse"	1.206	2	1	4	2044.592	0.0	2147.187	null	3053.452	0.09
1.8	0.051975	187.5	2971.875	2268.75	NaN	NaN	NaN	0	0	0	0	0	0	0	0	0	0	0	0	0	0	0	0	0	0	0	0	1	0	0	0	1	22.0	0.112	0.285	NaN	NaN	0.267	0.633	NaN	NaN	8.01	22.155	NaN	NaN	0.0	"2.5"	"F0034"	0	0	"PR"	915.675	"diffuse"	11.238	2	1	4	2044.592	0.0	2147.187	null	3063.484	0.09
1.8	0.051975	1125.0	2971.875	2278.125	NaN	NaN	NaN	0	0	0	0	0	0	0	0	0	0	0	0	0	0	0	0	0	0	0	0	1	0	0	0	1	22.0	0.112	0.286	NaN	NaN	0.267	0.636	NaN	NaN	8.01	22.26	NaN	NaN	0.0	"2.5"	"F0034"	0	0	"PR"	925.716	"diffuse"	21.279	2	1	4	2044.592	0.0	2147.187	null	3073.525	0.093
12.5	0.051975	11625.0	2887.5	2268.75	NaN	NaN	NaN	0	0	0	0	0	1	1	0	0	0	0	0	1	0	0	0	0	1	1	1	0	1	1	1	0	150.0	0.104	0.285	NaN	NaN	0.248	0.633	NaN	NaN	7.44	22.155	NaN	NaN	0.0	"2.5"	"F0034"	1	1	"PR"	935.636	"wash-en"	1.09	2	1	4	2044.592	0.0	2147.187	null	3083.445	0.086
12.3	0.05225	21562.5	2756.25	2315.625	NaN	NaN	NaN	0	0	0	0	0	1	1	0	0	0	0	0	1	0	0	0	0	1	1	1	0	1	1	1	0	148.0	0.091	0.29	NaN	NaN	0.217	0.644	NaN	NaN	6.51	22.54	NaN	NaN	0.0	"2.5"	"F0034"	1	1	"PR"	945.669	"wash-en"	11.123	2	1	4	2044.592	0.0	2147.187	null	3093.478	0.086
0.6	0.05225	20625.0	2793.75	2296.875	NaN	NaN	NaN	0	0	0	0	0	1	1	0	0	0	0	0	1	0	0	0	0	0	0	0	1	0	0	0	1	7.0	0.094	0.288	NaN	NaN	0.224	0.64	NaN	NaN	6.72	22.4	NaN	NaN	0.0	"2.5"	"F0034"	0	0	"PR"	955.602	"wash-sc"	0.898	2	1	4	2044.592	0.0	2147.187	null	3103.411	0.086
1.1	0.0528	-3750.0	2803.125	2268.75	NaN	NaN	NaN	0	0	0	0	1	0	0	0	0	0	0	0	0	0	0	0	0	0	0	0	1	0	0	0	1	13.0	0.095	0.285	NaN	NaN	0.226	0.633	NaN	NaN	6.78	22.155	NaN	NaN	0.0	"2.5"	"F0034"	0	0	"PR"	965.639	"drain-rg"	0.803	2	1	4	2044.592	0.0	2147.187	null	3113.448	0.086
0.6	0.0528	-2625.0	2409.375	2315.625	NaN	NaN	NaN	0	0	0	0	1	0	0	0	0	0	0	0	0	0	0	0	0	0	0	0	1	0	0	0	1	7.0	0.056	0.29	NaN	NaN	0.133	0.644	NaN	NaN	3.99	22.54	NaN	NaN	0.0	"2.5"	"F0034"	0	0	"PR"	975.677	"drain-rg"	10.841	2	1	4	2044.592	0.0	2147.187	null	3123.486	0.086
1.0	0.053075	-1875.0	2034.375	2278.125	NaN	NaN	NaN	0	0	0	0	1	0	0	0	0	0	0	0	0	0	0	0	0	0	0	0	1	0	0	0	1	12.0	0.018	0.286	NaN	NaN	0.043	0.636	NaN	NaN	1.29	22.26	NaN	NaN	0.0	"2.5"	"F0034"	0	0	"PR"	985.72	"drain-rg"	20.884	2	1	4	2044.592	0.0	2147.187	null	3133.529	0.087
1.0	0.052525	-2062.5	1659.375	2268.75	NaN	NaN	NaN	0	0	0	0	1	0	0	0	0	0	0	0	0	0	0	0	0	0	0	0	1	0	0	0	1	12.0	-0.019	0.285	NaN	NaN	-0.045	0.633	NaN	NaN	-1.35	22.155	NaN	NaN	0.0	"2.5"	"F0034"	0	0	"PR"	995.756	"drip-rg"	4.615	2	1	4	2044.592	0.0	2147.187	null	3143.565	0.086
0.8	0.052525	-1875.0	0.0	2287.5	NaN	NaN	NaN	0	0	0	0	1	0	0	0	0	0	0	0	0	0	0	0	0	0	0	0	1	0	0	0	1	10.0	-0.185	0.287	NaN	NaN	-0.44	0.638	NaN	NaN	-13.2	22.33	NaN	NaN	0.0	"2.5"	"F0034"	0	0	"PR"	1005.797	"drip-rg"	14.656	2	1	4	2044.592	0.0	2147.187	null	3153.606	0.087
1.3	0.0528	20437.5	1884.375	2062.5	NaN	NaN	NaN	0	0	1	0	0	1	0	0	0	0	0	0	1	0	0	0	0	0	0	0	1	0	0	0	1	16.0	0.003	0.264	NaN	NaN	0.007	0.587	NaN	NaN	0.21	20.545	NaN	NaN	0.0	"2.5"	"F0034"	0	0	"FR"	8.654	"fill-rg-di"	8.453	3	1	0	3154.208	0.0	2147.187	null	3163.485	0.084
1.0	0.05225	21375.0	2268.75	1809.375	NaN	NaN	NaN	0	0	1	0	0	1	0	0	0	0	0	0	1	0	0	0	0	0	0	0	1	0	0	0	1	12.0	0.042	0.239	NaN	NaN	0.1	0.531	NaN	NaN	3.0	18.585	NaN	NaN	0.0	"2.5"	"F0034"	0	0	"FR"	18.694	"fill-rg-di"	18.493	3	1	0	3154.208	0.0	2147.187	null	3173.525	0.086
1.0	0.0517	21562.5	2568.75	1556.25	NaN	NaN	NaN	0	0	1	0	0	1	0	0	0	0	0	0	1	0	0	0	0	0	0	0	1	0	0	0	1	12.0	0.072	0.214	NaN	NaN	0.171	0.476	NaN	NaN	5.13	16.66	NaN	NaN	0.0	"2.5"	"F0034"	0	0	"FR"	28.726	"fill-rg-di"	28.525	3	1	0	3154.208	0.0	2147.187	null	3183.557	0.084
1.1	0.05005	20062.5	2868.75	1293.75	NaN	NaN	NaN	0	0	1	0	0	1	0	0	0	0	0	0	1	0	0	0	0	0	0	0	1	0	0	0	1	13.0	0.102	0.187	NaN	NaN	0.243	0.416	NaN	NaN	7.29	14.56	NaN	NaN	0.0	"2.5"	"F0034"	0	0	"FR"	38.758	"fill-rg-di"	38.557	3	1	0	3154.208	0.0	2147.187	null	3193.589	0.086
3.4	0.049225	20625.0	3206.25	1031.25	NaN	NaN	NaN	0	0	1	0	0	1	0	0	0	0	0	0	1	0	0	0	0	0	0	0	1	0	0	0	1	41.0	0.136	0.161	NaN	NaN	0.324	0.358	NaN	NaN	9.72	12.53	NaN	NaN	0.0	"2.5"	"F0034"	0	0	"FR"	48.794	"fill-rg-di"	48.593	3	1	0	3154.208	0.0	2147.187	null	3203.625	0.089
0.5	0.04895	937.5	2756.25	965.625	NaN	NaN	NaN	0	0	0	0	1	0	0	0	0	0	0	0	0	0	0	0	0	0	0	0	1	0	0	0	1	6.0	0.091	0.155	NaN	NaN	0.217	0.344	NaN	NaN	6.51	12.04	NaN	NaN	0.0	"2.5"	"F0034"	0	0	"FR"	58.829	"drain-rg"	8.027	3	1	0	3154.208	0.0	2147.187	null	3213.66	0.086
0.8	0.04895	1125.0	2418.75	993.75	NaN	NaN	NaN	0	0	0	0	1	0	0	0	0	0	0	0	0	0	0	0	0	0	0	0	1	0	0	0	1	10.0	0.057	0.157	NaN	NaN	0.136	0.349	NaN	NaN	4.08	12.215	NaN	NaN	0.0	"2.5"	"F0034"	0	0	"FR"	68.865	"drain-rg"	18.063	3	1	0	3154.208	0.0	2147.187	null	3223.696	0.087
1.2	0.0495	1312.5	2043.75	984.375	NaN	NaN	NaN	0	0	0	0	1	0	0	0	0	0	0	0	0	0	0	0	0	0	0	0	1	0	0	0	1	14.0	0.019	0.156	NaN	NaN	0.045	0.347	NaN	NaN	1.35	12.145	NaN	NaN	0.0	"2.5"	"F0034"	0	0	"FR"	78.708	"drain-rg"	27.906	3	1	0	3154.208	0.0	2147.187	null	3233.539	0.083
1.0	0.048675	1125.0	1659.375	984.375	NaN	NaN	NaN	0	0	0	0	1	0	0	0	0	0	0	0	0	0	0	0	0	0	0	0	1	0	0	0	1	12.0	-0.019	0.156	NaN	NaN	-0.045	0.347	NaN	NaN	-1.35	12.145	NaN	NaN	0.0	"2.5"	"F0034"	0	0	"FR"	88.742	"drip-rg"	3.41	3	1	0	3154.208	0.0	2147.187	null	3243.573	0.087
1.4	0.0495	187.5	18.75	993.75	NaN	NaN	NaN	0	0	0	0	1	0	0	0	0	0	0	0	0	0	0	0	0	0	0	0	1	0	0	0	1	17.0	-0.183	0.157	NaN	NaN	-0.436	0.349	NaN	NaN	-13.08	12.215	NaN	NaN	0.0	"2.5"	"F0034"	0	0	"FR"	98.776	"drip-rg"	13.444	3	1	0	3154.208	0.0	2147.187	null	3253.607	0.084
0.6	0.048675	21375.0	1809.375	806.25	NaN	NaN	NaN	0	0	1	0	0	1	0	0	0	0	0	0	1	0	0	0	0	0	0	0	1	0	0	0	1	7.0	-0.004	0.139	NaN	NaN	-0.01	0.309	NaN	NaN	-0.3	10.815	NaN	NaN	0.0	"2.5"	"F0034"	0	0	"PR"	7.643	"fill-rg-di"	7.443	3	0	0	3154.208	0.0	3255.414	null	3263.676	0.084
1.3	0.047575	21750.0	2184.375	553.125	NaN	NaN	NaN	0	0	1	0	0	1	0	0	0	0	0	0	1	0	0	0	0	0	0	0	1	0	0	0	1	16.0	0.033	0.113	NaN	NaN	0.079	0.251	NaN	NaN	2.37	8.785	NaN	NaN	0.0	"2.5"	"F0034"	0	0	"PR"	17.681	"fill-rg-di"	17.481	3	0	0	3154.208	0.0	3255.414	null	3273.714	0.088
0.6	0.045925	20062.5	2512.5	281.25	NaN	NaN	NaN	0	0	1	0	0	1	0	0	0	0	0	0	1	0	0	0	0	0	0	0	1	0	0	0	1	7.0	0.066	0.086	NaN	NaN	0.157	0.191	NaN	NaN	4.71	6.685	NaN	NaN	0.0	"2.5"	"F0034"	0	0	"PR"	27.718	"fill-rg-di"	27.518	3	0	0	3154.208	0.0	3255.414	null	3283.751	0.086
0.7	0.0451	750.0	2784.375	112.5	NaN	NaN	NaN	1	0	0	0	0	0	0	0	0	0	0	0	0	1	0	0	0	0	0	0	1	0	0	0	1	8.0	0.093	0.069	NaN	NaN	0.221	0.153	NaN	NaN	6.63	5.355	NaN	NaN	0.0	"2.5"	"F0034"	0	0	"PR"	37.75	"fill-di-lb"	1.806	3	0	0	3154.208	0.0	3255.414	null	3293.783	0.084
1.4	0.0451	2250.0	2784.375	431.25	NaN	NaN	NaN	1	0	0	0	0	0	0	0	0	0	0	0	0	1	0	0	0	0	0	0	1	0	0	0	1	17.0	0.093	0.101	NaN	NaN	0.221	0.224	NaN	NaN	6.63	7.84	NaN	NaN	0.0	"2.5"	"F0034"	0	0	"PR"	47.586	"fill-di-lb"	11.642	3	0	0	3154.208	0.0	3255.414	null	3303.619	0.086
1.4	0.045375	1312.5	2784.375	759.375	NaN	NaN	NaN	1	0	0	0	0	0	0	0	0	0	0	0	0	1	0	0	0	0	0	0	1	0	0	0	1	17.0	0.093	0.134	NaN	NaN	0.221	0.298	NaN	NaN	6.63	10.43	NaN	NaN	0.0	"2.5"	"F0034"	0	0	"PR"	57.618	"fill-di-lb"	21.674	3	0	0	3154.208	0.0	3255.414	null	3313.651	0.083
1.2	0.04565	1312.5	2784.375	1068.75	NaN	NaN	NaN	1	0	0	0	0	0	0	0	0	0	0	0	0	1	0	0	0	0	0	0	1	0	0	0	1	14.0	0.093	0.165	NaN	NaN	0.221	0.367	NaN	NaN	6.63	12.845	NaN	NaN	0.0	"2.5"	"F0034"	0	0	"PR"	67.653	"fill-di-lb"	31.709	3	0	0	3154.208	0.0	3255.414	null	3323.686	0.083
-1.5	0.0451	937.5	2784.375	1368.75	NaN	NaN	NaN	1	0	0	0	0	0	0	0	0	0	0	0	0	1	0	0	0	0	0	0	1	0	0	0	1	-18.0	0.093	0.195	NaN	NaN	0.221	0.433	NaN	NaN	6.63	15.155	NaN	NaN	0.0	"2.5"	"F0034"	0	0	"PR"	77.693	"fill-di-lb"	41.749	3	0	0	3154.208	0.0	3255.414	null	3333.726	0.086
2.6	0.0451	1500.0	2775.0	1687.5	NaN	NaN	NaN	1	0	0	0	0	0	0	0	0	0	0	0	0	1	0	0	0	0	0	0	1	0	0	0	1	31.0	0.093	0.227	NaN	NaN	0.221	0.504	NaN	NaN	6.63	17.64	NaN	NaN	0.0	"2.5"	"F0034"	0	0	"PR"	87.728	"fill-di-lb"	51.784	3	0	0	3154.208	0.0	3255.414	null	3343.761	0.083
1.2	0.044825	2625.0	2793.75	2006.25	NaN	NaN	NaN	1	0	0	0	0	0	0	0	0	0	0	0	0	1	0	0	0	0	0	0	1	0	0	0	1	14.0	0.094	0.259	NaN	NaN	0.224	0.576	NaN	NaN	6.72	20.16	NaN	NaN	0.0	"2.5"	"F0034"	0	0	"PR"	97.762	"fill-di-lb"	61.818	3	0	0	3154.208	0.0	3255.414	null	3353.795	0.087
