cur	ec	mod-ps	rg-ps	di-ps	fw1-ps	fw2-ps	pf-ps	vlv-di-fill	vlv-di-in	vlv-di-out	vlv-rg-fill	vlv-rg-drain	vlv-rg-in	vlv-rg-out	vlv-fw1-in	vlv-fw1-out	vlv-fw2-in	vlv-po	vlv-mod-drain	pmp-sys	pmp-di	pmp-fw1	pmp-fw2	uv	en-anode1	en-cath1	pl-anode1	pl-cath1	en-anode2	en-cath2	pl-anode2	pl-cath2	pw	rg-he	di-he	fw1-he	fw2-he	rg-lev	di-lev	fw1-lev	fw2-lev	rg-vol	di-vol	fw1-vol	fw2-vol	pr-ec	ver	sn	mod-en	mod-pl	proc	proc-time	ph	ph-time	count	cyc	rnd	pr-last	rc-last	fr-last	halt-re	time	exec
-1.4	0.050875	27937.5	2025.0	2081.25	NaN	NaN	NaN	0	0	1	0	0	1	0	0	0	0	0	0	1	0	0	0	0	0	0	0	1	0	0	0	1	-17.0	0.018	0.266	NaN	NaN	0.043	0.591	NaN	NaN	1.29	20.685	NaN	NaN	0.0	"2.5"	"F0034"	0	0	"PR"	8.254	"fill-rg-di"	8.053	0	0	0	0.0	0.0	0.0	null	10.027	0.086
-1.2	0.05115	29812.5	2034.375	2062.5	NaN	NaN	NaN	0	0	1	0	0	1	0	0	0	0	0	0	1	0	0	0	0	0	0	0	1	0	0	0	1	-14.0	0.018	0.264	NaN	NaN	0.043	0.587	NaN	NaN	1.29	20.545	NaN	NaN	0.0	"2.5"	"F0034"	0	0	"PR"	8.455	"fill-rg-di"	8.254	0	0	0	0.0	0.0	0.0	null	10.228	0.095
-1.5	0.0517	30000.0	2325.0	1828.125	NaN	NaN	NaN	0	0	1	0	0	1	0	0	0	0	0	0	1	0	0	0	0	0	0	0	1	0	0	0	1	-18.0	0.048	0.241	NaN	NaN	0.114	0.536	NaN	NaN	3.42	18.76	NaN	NaN	0.0	"2.5"	"F0034"	0	0	"PR"	18.29	"fill-rg-di"	18.089	0	0	0	0.0	0.0	0.0	null	20.063	0.088
-2.2	0.050875	30375.0	2662.5	1565.625	NaN	NaN	NaN	0	0	1	0	0	1	0	0	0	0	0	0	1	0	0	0	0	0	0	0	1	0	0	0	1	-26.0	0.081	0.215	NaN	NaN	0.193	0.478	NaN	NaN	5.79	16.73	NaN	NaN	0.0	"2.5"	"F0034"	0	0	"PR"	28.323	"fill-rg-di"	28.122	0	0	0	0.0	0.0	0.0	null	30.096	0.09
-2.1	0.0495	30375.0	2943.75	1312.5	NaN	NaN	NaN	0	0	1	0	0	1	0	0	0	0	0	0	1	0	0	0	0	0	0	0	1	0	0	0	1	-25.0	0.109	0.189	NaN	NaN	0.26	0.42	NaN	NaN	7.8	14.7	NaN	NaN	0.0	"2.5"	"F0034"	0	0	"PR"	38.363	"fill-rg-di"	38.162	0	0	0	0.0	0.0	0.0	null	40.136	0.089
-1.6	0.0495	3750.0	2962.5	1593.75	NaN	NaN	NaN	1	0	0	0	0	0	0	0	0	0	0	0	0	1	0	0	0	0	0	0	1	0	0	0	1	-19.0	0.111	0.217	NaN	NaN	0.264	0.482	NaN	NaN	7.92	16.87	NaN	NaN	0.0	"2.5"	"F0034"	0	0	"PR"	48.402	"fill-di"	9.637	0	0	0	0.0	0.0	0.0	null	50.175	0.09
-2.1	0.048675	4500.0	2971.875	1875.0	NaN	NaN	NaN	1	0	0	0	0	0	0	0	0	0	0	0	0	1	0	0	0	0	0	0	1	0	0	0	1	-25.0	0.112	0.245	NaN	NaN	0.267	0.544	NaN	NaN	8.01	19.04	NaN	NaN	0.0	"2.5"	"F0034"	0	0	"PR"	58.446	"fill-di"	19.681	0	0	0	0.0	0.0	0.0	null	60.219	0.091
-1.9	0.049775	3937.5	2981.25	2175.0	NaN	NaN	NaN	1	0	0	0	0	0	0	0	0	0	0	0	0	1	0	0	0	0	0	0	1	0	0	0	1	-23.0	0.113	0.276	NaN	NaN	0.269	0.613	NaN	NaN	8.07	21.455	NaN	NaN	0.0	"2.5"	"F0034"	0	0	"PR"	68.484	"fill-di"	29.719	0	0	0	0.0	0.0	0.0	null	70.257	0.09
-1.5	0.0484	28500.0	2793.75	2287.5	NaN	NaN	NaN	0	0	0	0	0	1	1	0	0	0	0	0	1	0	0	0	0	0	0	0	1	0	0	0	1	-18.0	0.094	0.287	NaN	NaN	0.224	0.638	NaN	NaN	6.72	22.33	NaN	NaN	0.0	"2.5"	"F0034"	0	0	"PR"	78.521	"prime"	7.028	0	0	0	0.0	0.0	0.0	null	80.294	0.09
-1.9	0.048675	30375.0	2821.875	2268.75	NaN	NaN	NaN	0	0	0	0	0	1	1	0	0	0	0	0	1	0	0	0	0	0	0	0	1	0	0	0	1	-23.0	0.097	0.285	NaN	NaN	0.231	0.633	NaN	NaN	6.93	22.155	NaN	NaN	0.0	"2.5"	"F0034"	0	0	"PR"	88.361	"prime"	16.868	0	0	0	0.0	0.0	0.0	null	90.134	0.086
-1.8	0.049775	29625.0	2821.875	2287.5	NaN	NaN	NaN	0	0	0	0	0	1	1	0	0	0	0	0	1	0	0	0	0	0	0	0	1	0	0	0	1	-22.0	0.097	0.287	NaN	NaN	0.231	0.638	NaN	NaN	6.93	22.33	NaN	NaN	0.0	"2.5"	"F0034"	0	0	"PR"	98.399	"prime"	26.906	0	0	0	0.0	0.0	0.0	null	100.172	0.086
-7.0	0.04895	30375.0	2981.25	2643.75	NaN	NaN	NaN	0	1	1	0	0	0	0	0	0	0	0	0	1	0	0	0	0	1	1	0	1	1	1	0	1	-84.0	0.113	0.322	NaN	NaN	0.269	0.716	NaN	NaN	8.07	25.06	NaN	NaN	0.0	"2.5"	"F0034"	1	0	"PR"	108.44	"deionize"	6.425	0	1	0	0.0	0.0	0.0	null	110.213	0.088
-12.3	0.047575	33000.0	2962.5	2503.125	NaN	NaN	NaN	0	1	1	0	0	0	0	0	0	0	0	0	1	0	0	0	0	1	1	0	1	1	1	0	1	-148.0	0.111	0.308	NaN	NaN	0.264	0.684	NaN	NaN	7.92	23.94	NaN	NaN	0.0	"2.5"	"F0034"	1	0	"PR"	118.477	"deionize"	16.462	0	1	0	0.0	0.0	0.0	null	120.25	0.087
-11.7	0.0473	33000.0	2943.75	2512.5	NaN	NaN	NaN	0	1	1	0	0	0	0	0	0	0	0	0	1	0	0	0	0	1	1	0	1	1	1	0	1	-140.0	0.109	0.309	NaN	NaN	0.26	0.687	NaN	NaN	7.8	24.045	NaN	NaN	0.0	"2.5"	"F0034"	1	0	"PR"	128.512	"deionize"	26.497	0	1	0	0.0	0.0	0.0	null	130.285	0.09
-11.0	0.046475	34687.5	2962.5	2596.875	NaN	NaN	NaN	0	1	1	0	0	0	0	0	0	0	0	0	1	0	0	0	0	1	1	0	1	1	1	0	1	-132.0	0.111	0.318	NaN	NaN	0.264	0.707	NaN	NaN	7.92	24.745	NaN	NaN	0.0	"2.5"	"F0034"	1	0	"PR"	138.55	"deionize"	36.535	0	1	0	0.0	0.0	0.0	null	140.323	0.092
-11.9	0.0462	33187.5	2971.875	2568.75	NaN	NaN	NaN	0	1	1	0	0	0	0	0	0	0	0	0	1	0	0	0	0	1	1	0	1	1	1	0	1	-143.0	0.112	0.315	NaN	NaN	0.267	0.7	NaN	NaN	8.01	24.5	NaN	NaN	0.0	"2.5"	"F0034"	1	0	"PR"	148.586	"deionize"	46.571	0	1	0	0.0	0.0	0.0	null	150.359	0.09
-11.3	0.0462	31125.0	2971.875	2521.875	NaN	NaN	NaN	0	1	1	0	0	0	0	0	0	0	0	0	1	0	0	0	0	1	1	0	1	1	1	0	1	-136.0	0.112	0.31	NaN	NaN	0.267	0.689	NaN	NaN	8.01	24.115	NaN	NaN	0.0	"2.5"	"F0034"	1	0	"PR"	158.419	"deionize"	56.404	0	1	0	0.0	0.0	0.0	null	160.192	0.084
-11.4	0.045925	31500.0	2953.125	2531.25	NaN	NaN	NaN	0	1	1	0	0	0	0	0	0	0	0	0	1	0	0	0	0	1	1	0	1	1	1	0	1	-137.0	0.11	0.311	NaN	NaN	0.262	0.691	NaN	NaN	7.86	24.185	NaN	NaN	0.0	"2.5"	"F0034"	1	0	"PR"	168.459	"deionize"	66.444	0	1	0	0.0	0.0	0.0	null	170.232	0.086
-11.9	0.04565	32812.5	2962.5	2606.25	NaN	NaN	NaN	0	1	1	0	0	0	0	0	0	0	0	0	1	0	0	0	0	1	1	0	1	1	1	0	1	-143.0	0.111	0.319	NaN	NaN	0.264	0.709	NaN	NaN	7.92	24.815	NaN	NaN	0.0	"2.5"	"F0034"	1	0	"PR"	178.49	"deionize"	76.475	0	1	0	0.0	0.0	0.0	null	180.263	0.085
-12.2	0.0451	33375.0	2971.875	2550.0	NaN	NaN	NaN	0	1	1	0	0	0	0	0	0	0	0	0	1	0	0	0	0	1	1	0	1	1	1	0	1	-146.0	0.112	0.313	NaN	NaN	0.267	0.696	NaN	NaN	8.01	24.36	NaN	NaN	0.0	"2.5"	"F0034"	1	0	"PR"	188.526	"deionize"	86.511	0	1	0	0.0	0.0	0.0	null	190.299	0.087
-12.3	0.04455	34500.0	2981.25	2550.0	NaN	NaN	NaN	0	1	1	0	0	0	0	0	0	0	0	0	1	0	0	0	0	1	1	0	1	1	1	0	1	-148.0	0.113	0.313	NaN	NaN	0.269	0.696	NaN	NaN	8.07	24.36	NaN	NaN	0.0	"2.5"	"F0034"	1	0	"PR"	198.568	"deionize"	96.553	0	1	0	0.0	0.0	0.0	null	200.341	0.087
-12.0	0.044275	31875.0	2962.5	2446.875	NaN	NaN	NaN	0	1	1	0	0	0	0	0	0	0	0	0	1	0	0	0	0	1	1	0	1	1	1	0	1	-144.0	0.111	0.303	NaN	NaN	0.264	0.673	NaN	NaN	7.92	23.555	NaN	NaN	0.0	"2.5"	"F0034"	1	0	"PR"	208.601	"deionize"	106.586	0	1	0	0.0	0.0	0.0	null	210.374	0.09
-12.1	0.0429	33000.0	2971.875	2512.5	NaN	NaN	NaN	0	1	1	0	0	0	0	0	0	0	0	0	1	0	0	0	0	1	1	0	1	1	1	0	1	-145.0	0.112	0.309	NaN	NaN	0.267	0.687	NaN	NaN	8.01	24.045	NaN	NaN	0.0	"2.5"	"F0034"	1	0	"PR"	218.635	"deionize"	116.62	0	1	0	0.0	0.0	0.0	null	220.408	0.087
-12.2	0.04345	31500.0	2971.875	2493.75	NaN	NaN	NaN	0	1	1	0	0	0	0	0	0	0	0	0	1	0	0	0	0	1	1	0	1	1	1	0	1	-146.0	0.112	0.307	NaN	NaN	0.267	0.682	NaN	NaN	8.01	23.87	NaN	NaN	0.0	"2.5"	"F0034"	1	0	"PR"	228.678	"deionize"	126.663	0	1	0	0.0	0.0	0.0	null	230.451	0.087
-11.8	0.0429	34312.5	2962.5	2465.625	NaN	NaN	NaN	0	1	1	0	0	0	0	0	0	0	0	0	1	0	0	0	0	1	1	0	1	1	1	0	1	-142.0	0.111	0.305	NaN	NaN	0.264	0.678	NaN	NaN	7.92	23.73	NaN	NaN	0.0	"2.5"	"F0034"	1	0	"PR"	238.509	"deionize"	136.494	0	1	0	0.0	0.0	0.0	null	240.282	0.09
-11.9	0.042625	34500.0	2962.5	2475.0	NaN	NaN	NaN	0	1	1	0	0	0	0	0	0	0	0	0	1	0	0	0	0	1	1	0	1	1	1	0	1	-143.0	0.111	0.305	NaN	NaN	0.264	0.678	NaN	NaN	7.92	23.73	NaN	NaN	0.0	"2.5"	"F0034"	1	0	"PR"	248.544	"deionize"	146.529	0	1	0	0.0	0.0	0.0	null	250.317	0.085
-11.9	0.04235	33750.0	2981.25	2512.5	NaN	NaN	NaN	0	1	1	0	0	0	0	0	0	0	0	0	1	0	0	0	0	1	1	0	1	1	1	0	1	-143.0	0.113	0.309	NaN	NaN	0.269	0.687	NaN	NaN	8.07	24.045	NaN	NaN	0.0	"2.5"	"F0034"	1	0	"PR"	258.582	"deionize"	156.567	0	1	0	0.0	0.0	0.0	null	260.355	0.084
-12.4	0.0418	32250.0	2962.5	2456.25	NaN	NaN	NaN	0	1	1	0	0	0	0	0	0	0	0	0	1	0	0	0	0	1	1	0	1	1	1	0	1	-149.0	0.111	0.304	NaN	NaN	0.264	0.676	NaN	NaN	7.92	23.66	NaN	NaN	0.0	"2.5"	"F0034"	1	0	"PR"	268.615	"deionize"	166.6	0	1	0	0.0	0.0	0.0	null	270.388	0.087
-11.5	0.041525	32437.5	2981.25	2484.375	NaN	NaN	NaN	0	1	1	0	0	0	0	0	0	0	0	0	1	0	0	0	0	1	1	0	1	1	1	0	1	-138.0	0.113	0.306	NaN	NaN	0.269	0.68	NaN	NaN	8.07	23.8	NaN	NaN	0.0	"2.5"	"F0034"	1	0	"PR"	278.654	"deionize"	176.639	0	1	0	0.0	0.0	0.0	null	280.427	0.086
-11.9	0.04125	33937.5	2962.5	2465.625	NaN	NaN	NaN	0	1	1	0	0	0	0	0	0	0	0	0	1	0	0	0	0	1	1	0	1	1	1	0	1	-143.0	0.111	0.305	NaN	NaN	0.264	0.678	NaN	NaN	7.92	23.73	NaN	NaN	0.0	"2.5"	"F0034"	1	0	"PR"	288.69	"deionize"	186.675	0	1	0	0.0	0.0	0.0	null	290.463	0.084
-11.9	0.0407	33750.0	2962.5	2409.375	NaN	NaN	NaN	0	1	1	0	0	0	0	0	0	0	0	0	1	0	0	0	0	1	1	0	1	1	1	0	1	-143.0	0.111	0.299	NaN	NaN	0.264	0.664	NaN	NaN	7.92	23.24	NaN	NaN	0.0	"2.5"	"F0034"	1	0	"PR"	298.73	"deionize"	196.715	0	1	0	0.0	0.0	0.0	null	300.503	0.084
-11.9	0.040425	33562.5	2953.125	2484.375	NaN	NaN	NaN	0	1	1	0	0	0	0	0	0	0	0	0	1	0	0	0	0	1	1	0	1	1	1	0	1	-143.0	0.11	0.306	NaN	NaN	0.262	0.68	NaN	NaN	7.86	23.8	NaN	NaN	0.0	"2.5"	"F0034"	1	0	"PR"	308.568	"deionize"	206.553	0	1	0	0.0	0.0	0.0	null	310.341	0.084
-12.3	0.039325	32250.0	2981.25	2418.75	NaN	NaN	NaN	0	1	1	0	0	0	0	0	0	0	0	0	1	0	0	0	0	1	1	0	1	1	1	0	1	-148.0	0.113	0.3	NaN	NaN	0.269	0.667	NaN	NaN	8.07	23.345	NaN	NaN	0.0	"2.5"	"F0034"	1	0	"PR"	318.602	"deionize"	216.587	0	1	0	0.0	0.0	0.0	null	320.375	0.085
-11.9	0.0396	33375.0	2962.5	2409.375	NaN	NaN	NaN	0	1	1	0	0	0	0	0	0	0	0	0	1	0	0	0	0	1	1	0	1	1	1	0	1	-143.0	0.111	0.299	NaN	NaN	0.264	0.664	NaN	NaN	7.92	23.24	NaN	NaN	0.0	"2.5"	"F0034"	1	0	"PR"	328.64	"deionize"	226.625	0	1	0	0.0	0.0	0.0	null	330.413	0.084
-11.9	0.03905	30937.5	2981.25	2475.0	NaN	NaN	NaN	0	1	1	0	0	0	0	0	0	0	0	0	1	0	0	0	0	1	1	0	1	1	1	0	1	-143.0	0.113	0.305	NaN	NaN	0.269	0.678	NaN	NaN	8.07	23.73	NaN	NaN	0.0	"2.5"	"F0034"	1	0	"PR"	338.677	"deionize"	236.662	0	1	0	0.0	0.0	0.0	null	340.45	0.084
-11.2	0.038775	33750.0	2981.25	2400.0	NaN	NaN	NaN	0	1	1	0	0	0	0	0	0	0	0	0	1	0	0	0	1	1	1	0	1	1	1	0	1	-134.0	0.113	0.298	NaN	NaN	0.269	0.662	NaN	NaN	8.07	23.17	NaN	NaN	0.0	"2.5"	"F0034"	1	0	"PR"	348.621	"deionize-uv"	6.532	0	1	0	0.0	0.0	0.0	null	350.394	0.084
-12.8	0.038225	32812.5	2981.25	2446.875	NaN	NaN	NaN	0	1	1	0	0	0	0	0	0	0	0	0	1	0	0	0	1	1	1	0	1	1	1	0	1	-154.0	0.113	0.303	NaN	NaN	0.269	0.673	NaN	NaN	8.07	23.555	NaN	NaN	0.0	"2.5"	"F0034"	1	0	"PR"	358.661	"deionize-uv"	16.572	0	1	0	0.0	0.0	0.0	null	360.434	0.084
-10.2	0.037675	30000.0	2990.625	2475.0	NaN	NaN	NaN	0	1	1	0	0	0	0	0	0	0	0	0	1	0	0	0	1	1	1	0	1	1	1	0	1	-122.0	0.114	0.305	NaN	NaN	0.271	0.678	NaN	NaN	8.13	23.73	NaN	NaN	0.0	"2.5"	"F0034"	1	0	"PR"	368.697	"deionize-uv"	26.608	0	1	0	0.0	0.0	0.0	null	370.47	0.086
-11.7	0.037675	33000.0	2971.875	2390.625	NaN	NaN	NaN	0	1	1	0	0	0	0	0	0	0	0	0	1	0	0	0	1	1	1	0	1	1	1	0	1	-140.0	0.112	0.297	NaN	NaN	0.267	0.66	NaN	NaN	8.01	23.1	NaN	NaN	0.0	"2.5"	"F0034"	1	0	"PR"	378.75	"deionize-uv"	36.661	0	1	0	0.0	0.0	0.0	null	380.523	0.085
-11.9	0.03685	34125.0	2981.25	2390.625	NaN	NaN	NaN	0	1	1	0	0	0	0	0	0	0	0	0	1	0	0	0	1	1	1	0	1	1	1	0	1	-143.0	0.113	0.297	NaN	NaN	0.269	0.66	NaN	NaN	8.07	23.1	NaN	NaN	0.0	"2.5"	"F0034"	1	0	"PR"	388.785	"deionize-uv"	46.696	0	1	0	0.0	0.0	0.0	null	390.558	0.086
-13.4	0.036575	33187.5	2943.75	2409.375	NaN	NaN	NaN	0	1	1	0	0	0	0	0	0	0	0	0	1	0	0	0	1	1	1	0	1	1	1	0	1	-161.0	0.109	0.299	NaN	NaN	0.26	0.664	NaN	NaN	7.8	23.24	NaN	NaN	0.0	"2.5"	"F0034"	1	0	"PR"	398.822	"deionize-uv"	56.733	0	1	0	0.0	0.0	0.0	null	400.595	0.083
-11.6	0.036575	31500.0	2953.125	2437.5	NaN	NaN	NaN	0	1	1	0	0	0	0	0	0	0	0	0	1	0	0	0	1	1	1	0	1	1	1	0	1	-139.0	0.11	0.302	NaN	NaN	0.262	0.671	NaN	NaN	7.86	23.485	NaN	NaN	0.0	"2.5"	"F0034"	1	0	"PR"	408.86	"deionize-uv"	66.771	0	1	0	0.0	0.0	0.0	null	410.633	0.086
-12.2	0.0363	31312.5	2934.375	2446.875	NaN	NaN	NaN	0	1	1	0	0	0	0	0	0	0	0	0	1	0	0	0	1	1	1	0	1	1	1	0	1	-146.0	0.108	0.303	NaN	NaN	0.257	0.673	NaN	NaN	7.71	23.555	NaN	NaN	0.0	"2.5"	"F0034"	1	0	"PR"	418.697	"deionize-uv"	76.608	0	1	0	0.0	0.0	0.0	null	420.47	0.089
-12.2	0.036025	31500.0	2971.875	2371.875	NaN	NaN	NaN	0	1	1	0	0	0	0	0	0	0	0	0	1	0	0	0	1	1	1	0	1	1	1	0	1	-146.0	0.112	0.295	NaN	NaN	0.267	0.656	NaN	NaN	8.01	22.96	NaN	NaN	0.0	"2.5"	"F0034"	1	0	"PR"	428.736	"deionize-uv"	86.647	0	1	0	0.0	0.0	0.0	null	430.509	0.091
-11.6	0.0352	31687.5	2971.875	2475.0	NaN	NaN	NaN	0	1	1	0	0	0	0	0	0	0	0	0	1	0	0	0	1	1	1	0	1	1	1	0	1	-139.0	0.112	0.305	NaN	NaN	0.267	0.678	NaN	NaN	8.01	23.73	NaN	NaN	0.0	"2.5"	"F0034"	1	0	"PR"	438.779	"deionize-uv"	96.69	0	1	0	0.0	0.0	0.0	null	440.552	0.089
-11.7	0.034925	32625.0	2971.875	2371.875	NaN	NaN	NaN	0	1	1	0	0	0	0	0	0	0	0	0	1	0	0	0	1	1	1	0	1	1	1	0	1	-140.0	0.112	0.295	NaN	NaN	0.267	0.656	NaN	NaN	8.01	22.96	NaN	NaN	0.0	"2.5"	"F0034"	1	0	"PR"	448.819	"deionize-uv"	106.73	0	1	0	0.0	0.0	0.0	null	450.592	0.083
-11.3	0.034925	32812.5	2971.875	2428.125	NaN	NaN	NaN	0	1	1	0	0	0	0	0	0	0	0	0	1	0	0	0	1	1	1	0	1	1	1	0	1	-136.0	0.112	0.301	NaN	NaN	0.267	0.669	NaN	NaN	8.01	23.415	NaN	NaN	0.0	"2.5"	"F0034"	1	0	"PR"	458.864	"deionize-uv"	116.775	0	1	0	0.0	0.0	0.0	null	460.637	0.084
-11.3	0.0341	35062.5	2962.5	1931.25	NaN	NaN	NaN	0	0	1	0	0	0	0	1	0	0	0	0	1	0	0	0	1	1	1	0	1	1	1	0	1	-136.0	0.111	0.251	NaN	NaN	0.264	0.558	NaN	NaN	7.92	19.53	NaN	NaN	0.0	"2.5"	"F0034"	1	0	"PR"	468.822	"drain-di-1"	6.546	0	1	0	0.0	0.0	0.0	null	470.595	0.087
-11.0	0.033825	33562.5	2962.5	1696.875	NaN	NaN	NaN	0	0	1	0	0	0	0	1	0	0	0	0	1	0	0	0	1	1	1	0	1	1	1	0	1	-132.0	0.111	0.228	NaN	NaN	0.264	0.507	NaN	NaN	7.92	17.745	NaN	NaN	0.0	"2.5"	"F0034"	1	0	"PR"	478.86	"drain-di-1"	16.584	0	1	0	0.0	0.0	0.0	null	480.633	0.092
-12.7	0.033825	32625.0	2962.5	1453.125	NaN	NaN	NaN	0	0	1	0	0	0	0	1	0	0	0	0	1	0	0	0	1	1	1	0	1	1	1	0	1	-152.0	0.111	0.203	NaN	NaN	0.264	0.451	NaN	NaN	7.92	15.785	NaN	NaN	0.0	"2.5"	"F0034"	1	0	"PR"	488.892	"drain-di-1"	26.616	0	1	0	0.0	0.0	0.0	null	490.665	0.084
-12.0	0.033	35437.5	2906.25	1200.0	NaN	NaN	NaN	0	0	1	0	0	0	0	1	0	0	0	0	1	0	0	0	1	1	1	0	1	1	1	0	1	-144.0	0.106	0.178	NaN	NaN	0.252	0.396	NaN	NaN	7.56	13.86	NaN	NaN	0.0	"2.5"	"F0034"	1	0	"PR"	498.927	"drain-di-1"	36.651	0	1	0	0.0	0.0	0.0	null	500.7	0.086
-10.1	0.033275	36187.5	2962.5	975.0	NaN	NaN	NaN	0	0	1	0	0	0	0	1	0	0	0	0	1	0	0	0	1	1	1	0	1	1	1	0	1	-121.0	0.111	0.155	NaN	NaN	0.264	0.344	NaN	NaN	7.92	12.04	NaN	NaN	0.0	"2.5"	"F0034"	1	0	"PR"	508.768	"drain-di-1"	46.492	0	1	0	0.0	0.0	0.0	null	510.541	0.09
-10.6	0.03245	33937.5	2971.875	712.5	NaN	NaN	NaN	0	0	1	0	0	0	0	1	0	0	0	0	1	0	0	0	1	1	1	0	1	1	1	0	1	-127.0	0.112	0.129	NaN	NaN	0.267	0.287	NaN	NaN	8.01	10.045	NaN	NaN	0.0	"2.5"	"F0034"	1	0	"PR"	518.794	"drain-di-1"	56.518	0	1	0	0.0	0.0	0.0	null	520.567	0.089
-9.8	0.032725	36375.0	2962.5	468.75	NaN	NaN	NaN	0	0	1	0	0	0	0	1	0	0	0	0	1	0	0	0	1	1	1	0	1	1	1	0	1	-118.0	0.111	0.105	NaN	NaN	0.264	0.233	NaN	NaN	7.92	8.155	NaN	NaN	0.0	"2.5"	"F0034"	1	0	"PR"	528.825	"drain-di-1"	66.549	0	1	0	0.0	0.0	0.0	null	530.598	0.09
-10.5	0.033	33937.5	2981.25	215.625	NaN	NaN	NaN	0	0	1	0	0	0	0	1	0	0	0	0	1	0	0	0	1	1	1	0	1	1	1	0	1	-126.0	0.113	0.08	NaN	NaN	0.269	0.178	NaN	NaN	8.07	6.23	NaN	NaN	0.0	"2.5"	"F0034"	1	0	"PR"	538.862	"drain-di-1"	76.586	0	1	0	0.0	0.0	0.0	null	540.635	0.09
-10.1	0.033	34875.0	2981.25	-37.5	NaN	NaN	NaN	0	0	1	0	0	0	0	1	0	0	0	0	1	0	0	0	1	1	1	0	1	1	1	0	1	-121.0	0.113	0.054	NaN	NaN	0.269	0.12	NaN	NaN	8.07	4.2	NaN	NaN	0.0	"2.5"	"F0034"	1	0	"PR"	549.005	"drip-di-1"	3.519	0	1	0	0.0	0.0	0.0	null	550.778	0.084
-9.8	0.033	33937.5	2962.5	-56.25	NaN	NaN	NaN	0	0	1	0	0	0	0	1	0	0	0	0	1	0	0	0	1	1	1	0	1	1	1	0	1	-118.0	0.111	0.052	NaN	NaN	0.264	0.116	NaN	NaN	7.92	4.06	NaN	NaN	0.0	"2.5"	"F0034"	1	0	"PR"	558.841	"drip-di-1"	13.355	0	1	0	0.0	0.0	0.0	null	560.614	0.091
11.6	0.033	30000.0	2821.875	56.25	NaN	NaN	NaN	1	0	0	0	0	1	1	0	0	0	0	0	1	1	0	0	0	1	1	1	0	1	1	1	0	139.0	0.097	0.064	NaN	NaN	0.231	0.142	NaN	NaN	6.93	4.97	NaN	NaN	0.0	"2.5"	"F0034"	1	1	"PR"	568.848	"reverse-f"	8.199	0	1	0	0.0	0.0	0.0	null	570.621	0.092
13.3	0.03465	30187.5	2793.75	375.0	NaN	NaN	NaN	1	0	0	0	0	1	1	0	0	0	0	0	1	1	0	0	0	1	1	1	0	1	1	1	0	160.0	0.094	0.096	NaN	NaN	0.224	0.213	NaN	NaN	6.72	7.455	NaN	NaN	0.0	"2.5"	"F0034"	1	1	"PR"	578.886	"reverse-f"	18.237	0	1	0	0.0	0.0	0.0	null	580.659	0.089
12.3	0.037125	30000.0	2784.375	675.0	NaN	NaN	NaN	1	0	0	0	0	1	1	0	0	0	0	0	1	1	0	0	0	1	1	1	0	1	1	1	0	148.0	0.093	0.126	NaN	NaN	0.221	0.28	NaN	NaN	6.63	9.8	NaN	NaN	0.0	"2.5"	"F0034"	1	1	"PR"	588.925	"reverse-f"	28.276	0	1	0	0.0	0.0	0.0	null	590.698	0.09
12.2	0.03905	29625.0	2850.0	975.0	NaN	NaN	NaN	1	0	0	0	0	1	1	0	0	0	0	0	1	1	0	0	0	1	1	1	0	1	1	1	0	146.0	0.1	0.155	NaN	NaN	0.238	0.344	NaN	NaN	7.14	12.04	NaN	NaN	0.0	"2.5"	"F0034"	1	1	"PR"	598.963	"reverse-f"	38.314	0	1	0	0.0	0.0	0.0	null	600.736	0.091
12.3	0.041525	29625.0	2784.375	1303.125	NaN	NaN	NaN	1	0	0	0	0	1	1	0	0	0	0	0	1	1	0	0	0	1	1	1	0	1	1	1	0	148.0	0.093	0.188	NaN	NaN	0.221	0.418	NaN	NaN	6.63	14.63	NaN	NaN	0.0	"2.5"	"F0034"	1	1	"PR"	608.998	"reverse-f"	48.349	0	1	0	0.0	0.0	0.0	null	610.771	0.09
12.4	0.044	29250.0	2793.75	1565.625	NaN	NaN	NaN	1	0	0	0	0	1	1	0	0	0	0	0	1	1	0	0	0	1	1	1	0	1	1	1	0	149.0	0.094	0.215	NaN	NaN	0.224	0.478	NaN	NaN	6.72	16.73	NaN	NaN	0.0	"2.5"	"F0034"	1	1	"PR"	619.037	"reverse-f"	58.388	0	1	0	0.0	0.0	0.0	null	620.81	0.09
12.6	0.04565	27937.5	2821.875	1875.0	NaN	NaN	NaN	1	0	0	0	0	1	1	0	0	0	0	0	1	1	0	0	0	1	1	1	0	1	1	1	0	151.0	0.097	0.245	NaN	NaN	0.231	0.544	NaN	NaN	6.93	19.04	NaN	NaN	0.0	"2.5"	"F0034"	1	1	"PR"	629.08	"reverse-f"	68.431	0	1	0	0.0	0.0	0.0	null	630.853	0.09
12.4	0.046475	28687.5	2821.875	2137.5	NaN	NaN	NaN	1	0	0	0	0	1	1	0	0	0	0	0	1	1	0	0	0	1	1	1	0	1	1	1	0	149.0	0.097	0.272	NaN	NaN	0.231	0.604	NaN	NaN	6.93	21.14	NaN	NaN	0.0	"2.5"	"F0034"	1	1	"PR"	638.918	"reverse-f"	78.269	0	1	0	0.0	0.0	0.0	null	640.691	0.083
12.6	0.0484	30187.5	2821.875	2278.125	NaN	NaN	NaN	0	0	0	0	0	1	1	0	0	0	0	0	1	0	0	0	0	1	1	1	0	1	1	1	0	151.0	0.097	0.286	NaN	NaN	0.231	0.636	NaN	NaN	6.93	22.26	NaN	NaN	0.0	"2.5"	"F0034"	1	1	"PR"	649.067	"reverse"	88.418	0	1	0	0.0	0.0	0.0	null	650.84	0.089
12.6	0.04895	30000.0	2775.0	2240.625	NaN	NaN	NaN	0	0	0	0	0	1	1	0	0	0	0	0	1	0	0	0	0	1	1	1	0	1	1	1	0	151.0	0.093	0.282	NaN	NaN	0.221	0.627	NaN	NaN	6.63	21.945	NaN	NaN	0.0	"2.5"	"F0034"	1	1	"PR"	659.107	"reverse"	98.458	0	1	0	0.0	0.0	0.0	null	660.88	0.089
12.4	0.0506	30000.0	2821.875	2278.125	NaN	NaN	NaN	0	0	0	0	0	1	1	0	0	0	0	0	1	0	0	0	0	1	1	1	0	1	1	1	0	149.0	0.097	0.286	NaN	NaN	0.231	0.636	NaN	NaN	6.93	22.26	NaN	NaN	0.0	"2.5"	"F0034"	1	1	"PR"	668.949	"reverse"	108.3	0	1	0	0.0	0.0	0.0	null	670.722	0.088
13.3	0.050875	30000.0	2803.125	2268.75	NaN	NaN	NaN	0	0	0	0	0	1	1	0	0	0	0	0	1	0	0	0	0	1	1	1	0	1	1	1	0	160.0	0.095	0.285	NaN	NaN	0.226	0.633	NaN	NaN	6.78	22.155	NaN	NaN	0.0	"2.5"	"F0034"	1	1	"PR"	678.988	"reverse"	118.339	0	1	0	0.0	0.0	0.0	null	680.761	0.086
13.6	0.05225	30000.0	2821.875	2278.125	NaN	NaN	NaN	0	0	0	0	0	1	1	0	0	0	0	0	1	0	0	0	0	1	1	1	0	1	1	1	0	163.0	0.097	0.286	NaN	NaN	0.231	0.636	NaN	NaN	6.93	22.26	NaN	NaN	0.0	"2.5"	"F0034"	1	1	"PR"	689.026	"reverse"	128.377	0	1	0	0.0	0.0	0.0	null	690.799	0.086
12.6	0.052525	30375.0	2803.125	2259.375	NaN	NaN	NaN	0	0	0	0	0	1	1	0	0	0	0	0	1	0	0	0	0	1	1	1	0	1	1	1	0	151.0	0.095	0.284	NaN	NaN	0.226	0.631	NaN	NaN	6.78	22.085	NaN	NaN	0.0	"2.5"	"F0034"	1	1	"PR"	699.065	"reverse"	138.416	0	1	0	0.0	0.0	0.0	null	700.838	0.087
12.6	0.05225	26437.5	2840.625	2278.125	NaN	NaN	NaN	0	0	0	0	0	1	1	0	0	0	0	0	1	0	0	0	0	1	1	1	0	1	1	1	0	151.0	0.099	0.286	NaN	NaN	0.236	0.636	NaN	NaN	7.08	22.26	NaN	NaN	0.0	"2.5"	"F0034"	1	1	"PR"	709.099	"reverse"	148.45	0	1	0	0.0	0.0	0.0	null	710.872	0.083
2.0	0.052525	1125.0	2981.25	2287.5	NaN	NaN	NaN	0	0	0	0	0	0	0	0	0	0	0	0	0	0	0	0	0	0	0	0	1	0	0	0	1	24.0	0.113	0.287	NaN	NaN	0.269	0.638	NaN	NaN	8.07	22.33	NaN	NaN	0.0	"2.5"	"F0034"	0	0	"PR"	719.033	"diffuse"	8.326	0	1	1	0.0	0.0	0.0	null	720.806	0.086
1.9	0.0528	2250.0	2981.25	2278.125	NaN	NaN	NaN	0	0	0	0	0	0	0	0	0	0	0	0	0	0	0	0	0	0	0	0	1	0	0	0	1	23.0	0.113	0.286	NaN	NaN	0.269	0.636	NaN	NaN	8.07	22.26	NaN	NaN	0.0	"2.5"	"F0034"	0	0	"PR"	729.069	"diffuse"	18.362	0	1	1	0.0	0.0	0.0	null	730.842	0.086
1.8	0.051975	2250.0	2990.625	2315.625	NaN	NaN	NaN	0	0	0	0	0	0	0	0	0	0	0	0	0	0	0	0	0	0	0	0	1	0	0	0	1	22.0	0.114	0.29	NaN	NaN	0.271	0.644	NaN	NaN	8.13	22.54	NaN	NaN	0.0	"2.5"	"F0034"	0	0	"PR"	739.109	"diffuse"	28.402	0	1	1	0.0	0.0	0.0	null	740.882	0.083
12.6	0.051975	27562.5	2775.0	2268.75	NaN	NaN	NaN	0	0	0	0	0	1	1	0	0	0	0	0	1	0	0	0	0	1	1	1	0	1	1	1	0	151.0	0.093	0.285	NaN	NaN	0.221	0.633	NaN	NaN	6.63	22.155	NaN	NaN	0.0	"2.5"	"F0034"	1	1	"PR"	749.039	"wash-en"	8.324	0	1	1	0.0	0.0	0.0	null	750.812	0.084
12.3	0.053075	28687.5	2812.5	2268.75	NaN	NaN	NaN	0	0	0	0	0	1	1	0	0	0	0	0	1	0	0	0	0	1	1	1	0	1	1	1	0	148.0	0.096	0.285	NaN	NaN	0.229	0.633	NaN	NaN	6.87	22.155	NaN	NaN	0.0	"2.5"	"F0034"	1	1	"PR"	759.078	"wash-en"	18.363	0	1	1	0.0	0.0	0.0	null	760.851	0.086
1.0	0.054175	30375.0	2850.0	2306.25	NaN	NaN	NaN	0	0	0	0	0	1	1	0	0	0	0	0	1	0	0	0	0	0	0	0	1	0	0	0	1	12.0	0.1	0.289	NaN	NaN	0.238	0.642	NaN	NaN	7.14	22.47	NaN	NaN	0.0	"2.5"	"F0034"	0	0	"PR"	769.202	"wash-sc"	8.316	0	1	1	0.0	0.0	0.0	null	770.975	0.086
2.2	0.053625	1312.5	2981.25	2268.75	NaN	NaN	NaN	0	0	0	0	0	0	0	0	0	0	0	0	0	0	0	0	0	0	0	0	1	0	0	0	1	26.0	0.113	0.285	NaN	NaN	0.269	0.633	NaN	NaN	8.07	22.155	NaN	NaN	0.0	"2.5"	"F0034"	0	0	"PR"	779.234	"diffuse"	8.227	0	1	2	0.0	0.0	0.0	null	781.007	0.086
2.0	0.054175	1312.5	2981.25	2278.125	NaN	NaN	NaN	0	0	0	0	0	0	0	0	0	0	0	0	0	0	0	0	0	0	0	0	1	0	0	0	1	24.0	0.113	0.286	NaN	NaN	0.269	0.636	NaN	NaN	8.07	22.26	NaN	NaN	0.0	"2.5"	"F0034"	0	0	"PR"	789.075	"diffuse"	18.068	0	1	2	0.0	0.0	0.0	null	790.848	0.083
1.9	0.053625	1500.0	2981.25	2287.5	NaN	NaN	NaN	0	0	0	0	0	0	0	0	0	0	0	0	0	0	0	0	0	0	0	0	1	0	0	0	1	23.0	0.113	0.287	NaN	NaN	0.269	0.638	NaN	NaN	8.07	22.33	NaN	NaN	0.0	"2.5"	"F0034"	0	0	"PR"	799.113	"diffuse"	28.106	0	1	2	0.0	0.0	0.0	null	800.886	0.083
12.5	0.053625	27375.0	2793.75	2278.125	NaN	NaN	NaN	0	0	0	0	0	1	1	0	0	0	0	0	1	0	0	0	0	1	1	1	0	1	1	1	0	150.0	0.094	0.286	NaN	NaN	0.224	0.636	NaN	NaN	6.72	22.26	NaN	NaN	0.0	"2.5"	"F0034"	1	1	"PR"	809.24	"wash-en"	8.119	0	1	2	0.0	0.0	0.0	null	811.013	0.086
11.9	0.053075	27187.5	2812.5	2268.75	NaN	NaN	NaN	0	0	0	0	0	1	1	0	0	0	0	0	1	0	0	0	0	1	1	1	0	1	1	1	0	143.0	0.096	0.285	NaN	NaN	0.229	0.633	NaN	NaN	6.87	22.155	NaN	NaN	0.0	"2.5"	"F0034"	1	1	"PR"	819.279	"wash-en"	18.158	0	1	2	0.0	0.0	0.0	null	821.052	0.086
1.0	0.053625	28875.0	2821.875	2278.125	NaN	NaN	NaN	0	0	0	0	0	1	1	0	0	0	0	0	1	0	0	0	0	0	0	0	1	0	0	0	1	12.0	0.097	0.286	NaN	NaN	0.231	0.636	NaN	NaN	6.93	22.26	NaN	NaN	0.0	"2.5"	"F0034"	0	0	"PR"	829.202	"wash-sc"	7.915	0	1	2	0.0	0.0	0.0	null	830.975	0.084
1.1	0.0539	1687.5	2981.25	2287.5	NaN	NaN	NaN	0	0	0	0	0	0	0	0	0	0	0	0	0	0	0	0	0	0	0	0	1	0	0	0	1	13.0	0.113	0.287	NaN	NaN	0.269	0.638	NaN	NaN	8.07	22.33	NaN	NaN	0.0	"2.5"	"F0034"	0	0	"PR"	839.242	"diffuse"	7.831	0	1	3	0.0	0.0	0.0	null	841.015	0.084
1.2	0.0539	1125.0	2981.25	2268.75	NaN	NaN	NaN	0	0	0	0	0	0	0	0	0	0	0	0	0	0	0	0	0	0	0	0	1	0	0	0	1	14.0	0.113	0.285	NaN	NaN	0.269	0.633	NaN	NaN	8.07	22.155	NaN	NaN	0.0	"2.5"	"F0034"	0	0	"PR"	849.281	"diffuse"	17.87	0	1	3	0.0	0.0	0.0	null	851.054	0.086
1.4	0.053075	375.0	3018.75	2278.125	NaN	NaN	NaN	0	0	0	0	0	0	0	0	0	0	0	0	0	0	0	0	0	0	0	0	1	0	0	0	1	17.0	0.117	0.286	NaN	NaN	0.279	0.636	NaN	NaN	8.37	22.26	NaN	NaN	0.0	"2.5"	"F0034"	0	0	"PR"	859.317	"diffuse"	27.906	0	1	3	0.0	0.0	0.0	null	861.09	0.086
11.9	0.053075	28875.0	2803.125	2268.75	NaN	NaN	NaN	0	0	0	0	0	1	1	0	0	0	0	0	1	0	0	0	0	1	1	1	0	1	1	1	0	143.0	0.095	0.285	NaN	NaN	0.226	0.633	NaN	NaN	6.78	22.155	NaN	NaN	0.0	"2.5"	"F0034"	1	1	"PR"	869.257	"wash-en"	7.732	0	1	3	0.0	0.0	0.0	null	871.03	0.085
12.2	0.053075	29625.0	2784.375	2278.125	NaN	NaN	NaN	0	0	0	0	0	1	1	0	0	0	0	0	1	0	0	0	0	1	1	1	0	1	1	1	0	146.0	0.093	0.286	NaN	NaN	0.221	0.636	NaN	NaN	6.63	22.26	NaN	NaN	0.0	"2.5"	"F0034"	1	1	"PR"	879.295	"wash-en"	17.77	0	1	3	0.0	0.0	0.0	null	881.068	0.086
0.3	0.053075	29250.0	2803.125	2278.125	NaN	NaN	NaN	0	0	0	0	0	1	1	0	0	0	0	0	1	0	0	0	0	0	0	0	1	0	0	0	1	4.0	0.095	0.286	NaN	NaN	0.226	0.636	NaN	NaN	6.78	22.26	NaN	NaN	0.0	"2.5"	"F0034"	0	0	"PR"	889.219	"wash-sc"	7.515	0	1	3	0.0	0.0	0.0	null	890.992	0.087
0.9	0.05335	0.0	2990.625	2278.125	NaN	NaN	NaN	0	0	0	0	0	0	0	0	0	0	0	0	0	0	0	0	0	0	0	0	1	0	0	0	1	11.0	0.114	0.286	NaN	NaN	0.271	0.636	NaN	NaN	8.13	22.26	NaN	NaN	0.0	"2.5"	"F0034"	0	0	"PR"	899.258	"diffuse"	7.429	0	1	4	0.0	0.0	0.0	null	901.031	0.085
0.6	0.053625	1687.5	2981.25	2278.125	NaN	NaN	NaN	0	0	0	0	0	0	0	0	0	0	0	0	0	0	0	0	0	0	0	0	1	0	0	0	1	7.0	0.113	0.286	NaN	NaN	0.269	0.636	NaN	NaN	8.07	22.26	NaN	NaN	0.0	"2.5"	"F0034"	0	0	"PR"	909.297	"diffuse"	17.468	0	1	4	0.0	0.0	0.0	null	911.07	0.083
1.0	0.053625	1500.0	2981.25	2287.5	NaN	NaN	NaN	0	0	0	0	0	0	0	0	0	0	0	0	0	0	0	0	0	0	0	0	1	0	0	0	1	12.0	0.113	0.287	NaN	NaN	0.269	0.638	NaN	NaN	8.07	22.33	NaN	NaN	0.0	"2.5"	"F0034"	0	0	"PR"	919.333	"diffuse"	27.504	0	1	4	0.0	0.0	0.0	null	921.106	0.083
12.6	0.053075	30187.5	2821.875	2240.625	NaN	NaN	NaN	0	0	0	0	0	1	1	0	0	0	0	0	1	0	0	0	0	1	1	1	0	1	1	1	0	151.0	0.097	0.282	NaN	NaN	0.231	0.627	NaN	NaN	6.93	21.945	NaN	NaN	0.0	"2.5"	"F0034"	1	1	"PR"	929.267	"wash-en"	7.321	0	1	4	0.0	0.0	0.0	null	931.04	0.084
12.1	0.052525	30000.0	2831.25	2278.125	NaN	NaN	NaN	0	0	0	0	0	1	1	0	0	0	0	0	1	0	0	0	0	1	1	1	0	1	1	1	0	145.0	0.098	0.286	NaN	NaN	0.233	0.636	NaN	NaN	6.99	22.26	NaN	NaN	0.0	"2.5"	"F0034"	1	1	"PR"	939.305	"wash-en"	17.359	0	1	4	0.0	0.0	0.0	null	941.078	0.086
-0.3	0.053075	28500.0	2831.25	2278.125	NaN	NaN	NaN	0	0	0	0	0	1	1	0	0	0	0	0	1	0	0	0	0	0	0	0	1	0	0	0	1	-4.0	0.098	0.286	NaN	NaN	0.233	0.636	NaN	NaN	6.99	22.26	NaN	NaN	0.0	"2.5"	"F0034"	0	0	"PR"	949.438	"wash-sc"	7.323	0	1	4	0.0	0.0	0.0	null	951.211	0.086
3.2	0.053075	-1125.0	2521.875	2287.5	NaN	NaN	NaN	0	0	0	0	1	0	0	0	0	0	0	0	0	0	0	0	0	0	0	0	1	0	0	0	1	38.0	0.067	0.287	NaN	NaN	0.16	0.638	NaN	NaN	4.8	22.33	NaN	NaN	0.0	"2.5"	"F0034"	0	0	"PR"	959.276	"drain-rg"	7.027	0	1	4	0.0	0.0	0.0	null	961.049	0.089
0.5	0.0528	-562.5	2203.125	2278.125	NaN	NaN	NaN	0	0	0	0	1	0	0	0	0	0	0	0	0	0	0	0	0	0	0	0	1	0	0	0	1	6.0	0.035	0.286	NaN	NaN	0.083	0.636	NaN	NaN	2.49	22.26	NaN	NaN	0.0	"2.5"	"F0034"	0	0	"PR"	969.315	"drain-rg"	17.066	0	1	4	0.0	0.0	0.0	null	971.088	0.083
0.6	0.05335	-1125.0	1809.375	2287.5	NaN	NaN	NaN	0	0	0	0	1	0	0	0	0	0	0	0	0	0	0	0	0	0	0	0	1	0	0	0	1	7.0	-0.004	0.287	NaN	NaN	-0.01	0.638	NaN	NaN	-0.3	22.33	NaN	NaN	0.0	"2.5"	"F0034"	0	0	"PR"	979.357	"drip-rg"	0.2	0	1	4	0.0	0.0	0.0	null	981.13	0.09
0.8	0.05335	-1125.0	937.5	2278.125	NaN	NaN	NaN	0	0	0	0	1	0	0	0	0	0	0	0	0	0	0	0	0	0	0	0	1	0	0	0	1	10.0	-0.091	0.286	NaN	NaN	-0.217	0.636	NaN	NaN	-6.51	22.26	NaN	NaN	0.0	"2.5"	"F0034"	0	0	"PR"	989.399	"drip-rg"	10.242	0	1	4	0.0	0.0	0.0	null	991.172	0.083
0.6	0.053075	29437.5	1575.0	2193.75	NaN	NaN	NaN	0	0	1	0	0	1	0	0	0	0	0	0	1	0	0	0	0	0	0	0	1	0	0	0	1	7.0	-0.027	0.277	NaN	NaN	-0.064	0.616	NaN	NaN	-1.92	21.56	NaN	NaN	0.0	"2.5"	"F0034"	0	0	"FR"	4.436	"fill-rg-di"	4.236	1	1	0	996.194	0.0	0.0	null	1001.257	0.083
0.1	0.051975	30375.0	2071.875	1931.25	NaN	NaN	NaN	0	0	1	0	0	1	0	0	0	0	0	0	1	0	0	0	0	0	0	0	1	0	0	0	1	1.0	0.022	0.251	NaN	NaN	0.052	0.558	NaN	NaN	1.56	19.53	NaN	NaN	0.0	"2.5"	"F0034"	0	0	"FR"	14.278	"fill-rg-di"	14.078	1	1	0	996.194	0.0	0.0	null	1011.099	0.087
0.7	0.0517	30750.0	2437.5	1696.875	NaN	NaN	NaN	0	0	1	0	0	1	0	0	0	0	0	0	1	0	0	0	0	0	0	0	1	0	0	0	1	8.0	0.059	0.228	NaN	NaN	0.14	0.507	NaN	NaN	4.2	17.745	NaN	NaN	0.0	"2.5"	"F0034"	0	0	"FR"	24.317	"fill-rg-di"	24.117	1	1	0	996.194	0.0	0.0	null	1021.138	0.09
0.4	0.049775	28125.0	2709.375	1443.75	NaN	NaN	NaN	0	0	1	0	0	1	0	0	0	0	0	0	1	0	0	0	0	0	0	0	1	0	0	0	1	5.0	0.086	0.202	NaN	NaN	0.205	0.449	NaN	NaN	6.15	15.715	NaN	NaN	0.0	"2.5"	"F0034"	0	0	"FR"	34.351	"fill-rg-di"	34.151	1	1	0	996.194	0.0	0.0	null	1031.172	0.086
0.9	0.048675	30000.0	3018.75	1190.625	NaN	NaN	NaN	0	0	1	0	0	1	0	0	0	0	0	0	1	0	0	0	0	0	0	0	1	0	0	0	1	11.0	0.117	0.177	NaN	NaN	0.279	0.393	NaN	NaN	8.37	13.755	NaN	NaN	0.0	"2.5"	"F0034"	0	0	"FR"	44.395	"fill-rg-di"	44.195	1	1	0	996.194	0.0	0.0	null	1041.216	0.091
1.7	0.048125	-1125.0	2981.25	975.0	NaN	NaN	NaN	0	0	0	0	1	0	0	0	0	0	0	0	0	0	0	0	0	0	0	0	1	0	0	0	1	20.0	0.113	0.155	NaN	NaN	0.269	0.344	NaN	NaN	8.07	12.04	NaN	NaN	0.0	"2.5"	"F0034"	0	0	"FR"	54.429	"drain-rg"	2.007	1	1	0	996.194	0.0	0.0	null	1051.25	0.083
0.6	0.0484	-4875.0	2625.0	993.75	NaN	NaN	NaN	0	0	0	0	1	0	0	0	0	0	0	0	0	0	0	0	0	0	0	0	1	0	0	0	1	7.0	0.078	0.157	NaN	NaN	0.186	0.349	NaN	NaN	5.58	12.215	NaN	NaN	0.0	"2.5"	"F0034"	0	0	"FR"	64.468	"drain-rg"	12.046	1	1	0	996.194	0.0	0.0	null	1061.289	0.083
0.8	0.0473	-5812.5	2268.75	993.75	NaN	NaN	NaN	0	0	0	0	1	0	0	0	0	0	0	0	0	0	0	0	0	0	0	0	1	0	0	0	1	10.0	0.042	0.157	NaN	NaN	0.1	0.349	NaN	NaN	3.0	12.215	NaN	NaN	0.0	"2.5"	"F0034"	0	0	"FR"	74.512	"drain-rg"	22.09	1	1	0	996.194	0.0	0.0	null	1071.333	0.087
1.0	0.0484	-6187.5	1903.125	1003.125	NaN	NaN	NaN	0	0	0	0	1	0	0	0	0	0	0	0	0	0	0	0	0	0	0	0	1	0	0	0	1	12.0	0.005	0.158	NaN	NaN	0.012	0.351	NaN	NaN	0.36	12.285	NaN	NaN	0.0	"2.5"	"F0034"	0	0	"FR"	84.549	"drain-rg"	32.127	1	1	0	996.194	0.0	0.0	null	1081.37	0.083
0.6	0.048125	-6750.0	1415.625	993.75	NaN	NaN	NaN	0	0	0	0	1	0	0	0	0	0	0	0	0	0	0	0	0	0	0	0	1	0	0	0	1	7.0	-0.043	0.157	NaN	NaN	-0.102	0.349	NaN	NaN	-3.06	12.215	NaN	NaN	0.0	"2.5"	"F0034"	0	0	"FR"	94.383	"drip-rg"	7.424	1	1	0	996.194	0.0	0.0	null	1091.204	0.089
1.9	0.0484	21187.5	121.875	975.0	NaN	NaN	NaN	0	0	1	0	0	1	0	0	0	0	0	0	1	0	0	0	0	0	0	0	1	0	0	0	1	23.0	-0.173	0.155	NaN	NaN	-0.412	0.344	NaN	NaN	-12.36	12.04	NaN	NaN	0.0	"2.5"	"F0034"	0	0	"PR"	1.624	"fill-rg-di"	1.424	1	0	0	996.194	0.0	1099.036	null	1101.282	0.09
0.8	0.04785	30000.0	1987.5	721.875	NaN	NaN	NaN	0	0	1	0	0	1	0	0	0	0	0	0	1	0	0	0	0	0	0	0	1	0	0	0	1	10.0	0.014	0.13	NaN	NaN	0.033	0.289	NaN	NaN	0.99	10.115	NaN	NaN	0.0	"2.5"	"F0034"	0	0	"PR"	11.662	"fill-rg-di"	11.462	1	0	0	996.194	0.0	1099.036	null	1111.32	0.09
0.5	0.04675	30375.0	2315.625	478.125	NaN	NaN	NaN	0	0	1	0	0	1	0	0	0	0	0	0	1	0	0	0	0	0	0	0	1	0	0	0	1	6.0	0.047	0.106	NaN	NaN	0.112	0.236	NaN	NaN	3.36	8.26	NaN	NaN	0.0	"2.5"	"F0034"	0	0	"PR"	21.7	"fill-rg-di"	21.5	1	0	0	996.194	0.0	1099.036	null	1121.358	0.09
3.2	0.0462	27750.0	2606.25	196.875	NaN	NaN	NaN	0	0	1	0	0	1	0	0	0	0	0	0	1	0	0	0	0	0	0	0	1	0	0	0	1	38.0	0.076	0.078	NaN	NaN	0.181	0.173	NaN	NaN	5.43	6.055	NaN	NaN	0.0	"2.5"	"F0034"	0	0	"PR"	31.733	"fill-rg-di"	31.533	1	0	0	996.194	0.0	1099.036	null	1131.391	0.084
0.9	0.04565	2062.5	2784.375	225.0	NaN	NaN	NaN	1	0	0	0	0	0	0	0	0	0	0	0	0	1	0	0	0	0	0	0	1	0	0	0	1	11.0	0.093	0.081	NaN	NaN	0.221	0.18	NaN	NaN	6.63	6.3	NaN	NaN	0.0	"2.5"	"F0034"	0	0	"PR"	41.776	"fill-di-lb"	4.82	1	0	0	996.194	0.0	1099.036	null	1141.434	0.084
1.8	0.0462	1500.0	2775.0	506.25	NaN	NaN	NaN	1	0	0	0	0	0	0	0	0	0	0	0	0	1	0	0	0	0	0	0	1	0	0	0	1	22.0	0.093	0.109	NaN	NaN	0.221	0.242	NaN	NaN	6.63	8.47	NaN	NaN	0.0	"2.5"	"F0034"	0	0	"PR"	51.611	"fill-di-lb"	14.655	1	0	0	996.194	0.0	1099.036	null	1151.269	0.086
0.7	0.04565	1125.0	2765.625	796.875	NaN	NaN	NaN	1	0	0	0	0	0	0	0	0	0	0	0	0	1	0	0	0	0	0	0	1	0	0	0	1	8.0	0.092	0.138	NaN	NaN	0.219	0.307	NaN	NaN	6.57	10.745	NaN	NaN	0.0	"2.5"	"F0034"	0	0	"PR"	61.648	"fill-di-lb"	24.692	1	0	0	996.194	0.0	1099.036	null	1161.306	0.091
0.6	0.045375	1500.0	2784.375	1106.25	NaN	NaN	NaN	1	0	0	0	0	0	0	0	0	0	0	0	0	1	0	0	0	0	0	0	1	0	0	0	1	7.0	0.093	0.169	NaN	NaN	0.221	0.376	NaN	NaN	6.63	13.16	NaN	NaN	0.0	"2.5"	"F0034"	0	0	"PR"	71.688	"fill-di-lb"	34.732	1	0	0	996.194	0.0	1099.036	null	1171.346	0.089
0.7	0.0462	1312.5	2765.625	1396.875	NaN	NaN	NaN	1	0	0	0	0	0	0	0	0	0	0	0	0	1	0	0	0	0	0	0	1	0	0	0	1	8.0	0.092	0.198	NaN	NaN	0.219	0.44	NaN	NaN	6.57	15.4	NaN	NaN	0.0	"2.5"	"F0034"	0	0	"PR"	81.726	"fill-di-lb"	44.77	1	0	0	996.194	0.0	1099.036	null	1181.384	0.086
1.0	0.04565	1312.5	2793.75	1678.125	NaN	NaN	NaN	1	0	0	0	0	0	0	0	0	0	0	0	0	1	0	0	0	0	0	0	1	0	0	0	1	12.0	0.094	0.226	NaN	NaN	0.224	0.502	NaN	NaN	6.72	17.57	NaN	NaN	0.0	"2.5"	"F0034"	0	0	"PR"	91.766	"fill-di-lb"	54.81	1	0	0	996.194	0.0	1099.036	null	1191.424	0.089
0.5	0.04565	1125.0	2775.0	1978.125	NaN	NaN	NaN	1	0	0	0	0	0	0	0	0	0	0	0	0	1	0	0	0	0	0	0	1	0	0	0	1	6.0	0.093	0.256	NaN	NaN	0.221	0.569	NaN	NaN	6.63	19.915	NaN	NaN	0.0	"2.5"	"F0034"	0	0	"PR"	101.808	"fill-di-lb"	64.852	1	0	0	996.194	0.0	1099.036	null	1201.466	0.09
1.8	0.04565	26437.5	2840.625	2221.875	NaN	NaN	NaN	0	0	1	0	0	1	0	0	0	0	0	0	1	0	0	0	0	0	0	0	1	0	0	0	1	22.0	0.099	0.28	NaN	NaN	0.236	0.622	NaN	NaN	7.08	21.77	NaN	NaN	0.0	"2.5"	"F0034"	0	0	"PR"	111.852	"fill-rg-di"	1.407	1	0	0	996.194	0.0	1099.036	null	1211.51	0.091
0.1	0.045375	3562.5	2934.375	2231.25	NaN	NaN	NaN	1	0	0	0	0	0	0	0	0	0	0	0	0	1	0	0	0	0	0	0	1	0	0	0	1	1.0	0.108	0.281	NaN	NaN	0.257	0.624	NaN	NaN	7.71	21.84	NaN	NaN	0.0	"2.5"	"F0034"	0	0	"PR"	121.685	"fill-di"	4.815	1	0	0	996.194	0.0	1099.036	null	1221.343	0.083
12.4	0.044825	33375.0	2971.875	2493.75	NaN	NaN	NaN	0	1	1	0	0	0	0	0	0	0	0	0	1	0	0	0	0	1	1	1	0	1	1	1	0	149.0	0.112	0.307	NaN	NaN	0.267	0.682	NaN	NaN	8.01	23.87	NaN	NaN	0.0	"2.5"	"F0034"	1	1	"PR"	131.72	"deionize"	9.03	1	1	0	996.194	0.0	1099.036	null	1231.378	0.084
11.9	0.04455	31875.0	2934.375	2493.75	NaN	NaN	NaN	0	1	1	0	0	0	0	0	0	0	0	0	1	0	0	0	0	1	1	1	0	1	1	1	0	143.0	0.108	0.307	NaN	NaN	0.257	0.682	NaN	NaN	7.71	23.87	NaN	NaN	0.0	"2.5"	"F0034"	1	1	"PR"	141.758	"deionize"	19.068	1	1	0	996.194	0.0	1099.036	null	1241.416	0.092
12.4	0.044	33375.0	2971.875	2559.375	NaN	NaN	NaN	0	1	1	0	0	0	0	0	0	0	0	0	1	0	0	0	0	1	1	1	0	1	1	1	0	149.0	0.112	0.314	NaN	NaN	0.267	0.698	NaN	NaN	8.01	24.43	NaN	NaN	0.0	"2.5"	"F0034"	1	1	"PR"	151.793	"deionize"	29.103	1	1	0	996.194	0.0	1099.036	null	1251.451	0.09
11.6	0.0429	34687.5	2953.125	2521.875	NaN	NaN	NaN	0	1	1	0	0	0	0	0	0	0	0	0	1	0	0	0	0	1	1	1	0	1	1	1	0	139.0	0.11	0.31	NaN	NaN	0.262	0.689	NaN	NaN	7.86	24.115	NaN	NaN	0.0	"2.5"	"F0034"	1	1	"PR"	161.826	"deionize"	39.136	1	1	0	996.194	0.0	1099.036	null	1261.484	0.09
12.1	0.0418	33375.0	2981.25	2390.625	NaN	NaN	NaN	0	1	1	0	0	0	0	0	0	0	0	0	1	0	0	0	0	1	1	1	0	1	1	1	0	145.0	0.113	0.297	NaN	NaN	0.269	0.66	NaN	NaN	8.07	23.1	NaN	NaN	0.0	"2.5"	"F0034"	1	1	"PR"	171.866	"deionize"	49.176	1	1	0	996.194	0.0	1099.036	null	1271.524	0.093
13.0	0.040425	33937.5	2981.25	2540.625	NaN	NaN	NaN	0	1	1	0	0	0	0	0	0	0	0	0	1	0	0	0	0	1	1	1	0	1	1	1	0	156.0	0.113	0.312	NaN	NaN	0.269	0.693	NaN	NaN	8.07	24.255	NaN	NaN	0.0	"2.5"	"F0034"	1	1	"PR"	181.901	"deionize"	59.211	1	1	0	996.194	0.0	1099.036	null	1281.559	0.09
12.6	0.039325	32250.0	2962.5	2493.75	NaN	NaN	NaN	0	1	1	0	0	0	0	0	0	0	0	0	1	0	0	0	0	1	1	1	0	1	1	1	0	151.0	0.111	0.307	NaN	NaN	0.264	0.682	NaN	NaN	7.92	23.87	NaN	NaN	0.0	"2.5"	"F0034"	1	1	"PR"	191.934	"deionize"	69.244	1	1	0	996.194	0.0	1099.036	null	1291.592	0.09
12.9	0.03905	32625.0	2953.125	2559.375	NaN	NaN	NaN	0	1	1	0	0	0	0	0	0	0	0	0	1	0	0	0	0	1	1	1	0	1	1	1	0	155.0	0.11	0.314	NaN	NaN	0.262	0.698	NaN	NaN	7.86	24.43	NaN	NaN	0.0	"2.5"	"F0034"	1	1	"PR"	201.771	"deionize"	79.081	1	1	0	996.194	0.0	1099.036	null	1301.429	0.089
12.6	0.03795	34312.5	2971.875	2512.5	NaN	NaN	NaN	0	1	1	0	0	0	0	0	0	0	0	0	1	0	0	0	0	1	1	1	0	1	1	1	0	151.0	0.112	0.309	NaN	NaN	0.267	0.687	NaN	NaN	8.01	24.045	NaN	NaN	0.0	"2.5"	"F0034"	1	1	"PR"	211.803	"deionize"	89.113	1	1	0	996.194	0.0	1099.036	null	1311.461	0.087
12.7	0.0374	30937.5	2953.125	2521.875	NaN	NaN	NaN	0	1	1	0	0	0	0	0	0	0	0	0	1	0	0	0	0	1	1	1	0	1	1	1	0	152.0	0.11	0.31	NaN	NaN	0.262	0.689	NaN	NaN	7.86	24.115	NaN	NaN	0.0	"2.5"	"F0034"	1	1	"PR"	221.836	"deionize"	99.146	1	1	0	996.194	0.0	1099.036	null	1321.494	0.087
12.0	0.037125	33562.5	2943.75	2512.5	NaN	NaN	NaN	0	1	1	0	0	0	0	0	0	0	0	0	1	0	0	0	0	1	1	1	0	1	1	1	0	144.0	0.109	0.309	NaN	NaN	0.26	0.687	NaN	NaN	7.8	24.045	NaN	NaN	0.0	"2.5"	"F0034"	1	1	"PR"	231.874	"deionize"	109.184	1	1	0	996.194	0.0	1099.036	null	1331.532	0.088
10.9	0.03685	34687.5	2981.25	2493.75	NaN	NaN	NaN	0	1	1	0	0	0	0	0	0	0	0	0	1	0	0	0	0	1	1	1	0	1	1	1	0	131.0	0.113	0.307	NaN	NaN	0.269	0.682	NaN	NaN	8.07	23.87	NaN	NaN	0.0	"2.5"	"F0034"	1	1	"PR"	241.908	"deionize"	119.218	1	1	0	996.194	0.0	1099.036	null	1341.566	0.086
10.6	0.036025	33750.0	2953.125	2484.375	NaN	NaN	NaN	0	1	1	0	0	0	0	0	0	0	0	0	1	0	0	0	0	1	1	1	0	1	1	1	0	127.0	0.11	0.306	NaN	NaN	0.262	0.68	NaN	NaN	7.86	23.8	NaN	NaN	0.0	"2.5"	"F0034"	1	1	"PR"	251.939	"deionize"	129.249	1	1	0	996.194	0.0	1099.036	null	1351.597	0.087
12.7	0.03575	33375.0	2971.875	2437.5	NaN	NaN	NaN	0	1	1	0	0	0	0	0	0	0	0	0	1	0	0	0	0	1	1	1	0	1	1	1	0	152.0	0.112	0.302	NaN	NaN	0.267	0.671	NaN	NaN	8.01	23.485	NaN	NaN	0.0	"2.5"	"F0034"	1	1	"PR"	261.98	"deionize"	139.29	1	1	0	996.194	0.0	1099.036	null	1361.638	0.091
12.4	0.034925	32062.5	2962.5	2475.0	NaN	NaN	NaN	0	1	1	0	0	0	0	0	0	0	0	0	1	0	0	0	0	1	1	1	0	1	1	1	0	149.0	0.111	0.305	NaN	NaN	0.264	0.678	NaN	NaN	7.92	23.73	NaN	NaN	0.0	"2.5"	"F0034"	1	1	"PR"	272.014	"deionize"	149.324	1	1	0	996.194	0.0	1099.036	null	1371.672	0.091
12.1	0.034375	32250.0	2943.75	2400.0	NaN	NaN	NaN	0	1	1	0	0	0	0	0	0	0	0	0	1	0	0	0	0	1	1	1	0	1	1	1	0	145.0	0.109	0.298	NaN	NaN	0.26	0.662	NaN	NaN	7.8	23.17	NaN	NaN	0.0	"2.5"	"F0034"	1	1	"PR"	282.05	"deionize"	159.36	1	1	0	996.194	0.0	1099.036	null	1381.708	0.091
11.8	0.0341	35437.5	2953.125	2418.75	NaN	NaN	NaN	0	1	1	0	0	0	0	0	0	0	0	0	1	0	0	0	0	1	1	1	0	1	1	1	0	142.0	0.11	0.3	NaN	NaN	0.262	0.667	NaN	NaN	7.86	23.345	NaN	NaN	0.0	"2.5"	"F0034"	1	1	"PR"	291.886	"deionize"	169.196	1	1	0	996.194	0.0	1099.036	null	1391.544	0.084
12.4	0.033825	30375.0	2934.375	2400.0	NaN	NaN	NaN	0	1	1	0	0	0	0	0	0	0	0	0	1	0	0	0	0	1	1	1	0	1	1	1	0	149.0	0.108	0.298	NaN	NaN	0.257	0.662	NaN	NaN	7.71	23.17	NaN	NaN	0.0	"2.5"	"F0034"	1	1	"PR"	301.918	"deionize"	179.228	1	1	0	996.194	0.0	1099.036	null	1401.576	0.086
12.6	0.033275	32250.0	2962.5	2437.5	NaN	NaN	NaN	0	1	1	0	0	0	0	0	0	0	0	0	1	0	0	0	0	1	1	1	0	1	1	1	0	151.0	0.111	0.302	NaN	NaN	0.264	0.671	NaN	NaN	7.92	23.485	NaN	NaN	0.0	"2.5"	"F0034"	1	1	"PR"	311.953	"deionize"	189.263	1	1	0	996.194	0.0	1099.036	null	1411.611	0.087
12.0	0.033275	33000.0	2981.25	2456.25	NaN	NaN	NaN	0	1	1	0	0	0	0	0	0	0	0	0	1	0	0	0	0	1	1	1	0	1	1	1	0	144.0	0.113	0.304	NaN	NaN	0.269	0.676	NaN	NaN	8.07	23.66	NaN	NaN	0.0	"2.5"	"F0034"	1	1	"PR"	321.988	"deionize"	199.298	1	1	0	996.194	0.0	1099.036	null	1421.646	0.084
11.6	0.0319	34687.5	2962.5	2437.5	NaN	NaN	NaN	0	1	1	0	0	0	0	0	0	0	0	0	1	0	0	0	0	1	1	1	0	1	1	1	0	139.0	0.111	0.302	NaN	NaN	0.264	0.671	NaN	NaN	7.92	23.485	NaN	NaN	0.0	"2.5"	"F0034"	1	1	"PR"	332.025	"deionize"	209.335	1	1	0	996.194	0.0	1099.036	null	1431.683	0.086
13.0	0.0319	35437.5	2962.5	2390.625	NaN	NaN	NaN	0	1	1	0	0	0	0	0	0	0	0	0	1	0	0	0	0	1	1	1	0	1	1	1	0	156.0	0.111	0.297	NaN	NaN	0.264	0.66	NaN	NaN	7.92	23.1	NaN	NaN	0.0	"2.5"	"F0034"	1	1	"PR"	342.061	"deionize"	219.371	1	1	0	996.194	0.0	1099.036	null	1441.719	0.085
14.1	0.03135	31500.0	2943.75	2400.0	NaN	NaN	NaN	0	1	1	0	0	0	0	0	0	0	0	0	1	0	0	0	0	1	1	1	0	1	1	1	0	169.0	0.109	0.298	NaN	NaN	0.26	0.662	NaN	NaN	7.8	23.17	NaN	NaN	0.0	"2.5"	"F0034"	1	1	"PR"	352.094	"deionize"	229.404	1	1	0	996.194	0.0	1099.036	null	1451.752	0.086
10.7	0.031075	32437.5	2971.875	2371.875	NaN	NaN	NaN	0	1	1	0	0	0	0	0	0	0	0	0	1	0	0	0	0	1	1	1	0	1	1	1	0	128.0	0.112	0.295	NaN	NaN	0.267	0.656	NaN	NaN	8.01	22.96	NaN	NaN	0.0	"2.5"	"F0034"	1	1	"PR"	362.13	"deionize"	239.44	1	1	0	996.194	0.0	1099.036	null	1461.788	0.086
11.9	0.03025	33375.0	2962.5	2409.375	NaN	NaN	NaN	0	1	1	0	0	0	0	0	0	0	0	0	1	0	0	0	1	1	1	1	0	1	1	1	0	143.0	0.111	0.299	NaN	NaN	0.264	0.664	NaN	NaN	7.92	23.24	NaN	NaN	0.0	"2.5"	"F0034"	1	1	"PR"	372.08	"deionize-uv"	9.348	1	1	0	996.194	0.0	1099.036	null	1471.738	0.084
11.2	0.029975	32437.5	2981.25	2343.75	NaN	NaN	NaN	0	1	1	0	0	0	0	0	0	0	0	0	1	0	0	0	1	1	1	1	0	1	1	1	0	134.0	0.113	0.292	NaN	NaN	0.269	0.649	NaN	NaN	8.07	22.715	NaN	NaN	0.0	"2.5"	"F0034"	1	1	"PR"	382.115	"deionize-uv"	19.383	1	1	0	996.194	0.0	1099.036	null	1481.773	0.086
12.0	0.0297	32250.0	2962.5	2400.0	NaN	NaN	NaN	0	1	1	0	0	0	0	0	0	0	0	0	1	0	0	0	1	1	1	1	0	1	1	1	0	144.0	0.111	0.298	NaN	NaN	0.264	0.662	NaN	NaN	7.92	23.17	NaN	NaN	0.0	"2.5"	"F0034"	1	1	"PR"	392.154	"deionize-uv"	29.422	1	1	0	996.194	0.0	1099.036	null	1491.812	0.087
11.2	0.029425	32250.0	2953.125	2418.75	NaN	NaN	NaN	0	1	1	0	0	0	0	0	0	0	0	0	1	0	0	0	1	1	1	1	0	1	1	1	0	134.0	0.11	0.3	NaN	NaN	0.262	0.667	NaN	NaN	7.86	23.345	NaN	NaN	0.0	"2.5"	"F0034"	1	1	"PR"	402.193	"deionize-uv"	39.461	1	1	0	996.194	0.0	1099.036	null	1501.851	0.086
10.4	0.02915	33375.0	2934.375	2428.125	NaN	NaN	NaN	0	1	1	0	0	0	0	0	0	0	0	0	1	0	0	0	1	1	1	1	0	1	1	1	0	125.0	0.108	0.301	NaN	NaN	0.257	0.669	NaN	NaN	7.71	23.415	NaN	NaN	0.0	"2.5"	"F0034"	1	1	"PR"	412.033	"deionize-uv"	49.301	1	1	0	996.194	0.0	1099.036	null	1511.691	0.083
11.1	0.028875	33000.0	2981.25	2371.875	NaN	NaN	NaN	0	1	1	0	0	0	0	0	0	0	0	0	1	0	0	0	1	1	1	1	0	1	1	1	0	133.0	0.113	0.295	NaN	NaN	0.269	0.656	NaN	NaN	8.07	22.96	NaN	NaN	0.0	"2.5"	"F0034"	1	1	"PR"	422.075	"deionize-uv"	59.343	1	1	0	996.194	0.0	1099.036	null	1521.733	0.087
10.4	0.027775	32250.0	2981.25	2418.75	NaN	NaN	NaN	0	1	1	0	0	0	0	0	0	0	0	0	1	0	0	0	1	1	1	1	0	1	1	1	0	125.0	0.113	0.3	NaN	NaN	0.269	0.667	NaN	NaN	8.07	23.345	NaN	NaN	0.0	"2.5"	"F0034"	1	1	"PR"	432.114	"deionize-uv"	69.382	1	1	0	996.194	0.0	1099.036	null	1531.772	0.085
10.1	0.02805	33000.0	2962.5	2484.375	NaN	NaN	NaN	0	1	1	0	0	0	0	0	0	0	0	0	1	0	0	0	1	1	1	1	0	1	1	1	0	121.0	0.111	0.306	NaN	NaN	0.264	0.68	NaN	NaN	7.92	23.8	NaN	NaN	0.0	"2.5"	"F0034"	1	1	"PR"	442.155	"deionize-uv"	79.423	1	1	0	996.194	0.0	1099.036	null	1541.813	0.087
10.8	0.027775	32250.0	2953.125	2428.125	NaN	NaN	NaN	0	1	1	0	0	0	0	0	0	0	0	0	1	0	0	0	1	1	1	1	0	1	1	1	0	130.0	0.11	0.301	NaN	NaN	0.262	0.669	NaN	NaN	7.86	23.415	NaN	NaN	0.0	"2.5"	"F0034"	1	1	"PR"	452.197	"deionize-uv"	89.465	1	1	0	996.194	0.0	1099.036	null	1551.855	0.083
10.4	0.027225	31875.0	2943.75	2400.0	NaN	NaN	NaN	0	1	1	0	0	0	0	0	0	0	0	0	1	0	0	0	1	1	1	1	0	1	1	1	0	125.0	0.109	0.298	NaN	NaN	0.26	0.662	NaN	NaN	7.8	23.17	NaN	NaN	0.0	"2.5"	"F0034"	1	1	"PR"	462.236	"deionize-uv"	99.504	1	1	0	996.194	0.0	1099.036	null	1561.894	0.084
10.2	0.027225	31687.5	2934.375	2437.5	NaN	NaN	NaN	0	1	1	0	0	0	0	0	0	0	0	0	1	0	0	0	1	1	1	1	0	1	1	1	0	122.0	0.108	0.302	NaN	NaN	0.257	0.671	NaN	NaN	7.71	23.485	NaN	NaN	0.0	"2.5"	"F0034"	1	1	"PR"	472.075	"deionize-uv"	109.343	1	1	0	996.194	0.0	1099.036	null	1571.733	0.095
10.1	0.026675	34312.5	2962.5	2390.625	NaN	NaN	NaN	0	1	1	0	0	0	0	0	0	0	0	0	1	0	0	0	1	1	1	1	0	1	1	1	0	121.0	0.111	0.297	NaN	NaN	0.264	0.66	NaN	NaN	7.92	23.1	NaN	NaN	0.0	"2.5"	"F0034"	1	1	"PR"	482.111	"deionize-uv"	119.379	1	1	0	996.194	0.0	1099.036	null	1581.769	0.086
9.7	0.0264	33937.5	2962.5	1865.625	NaN	NaN	NaN	0	0	1	0	0	0	0	1	0	0	0	0	1	0	0	0	1	1	1	1	0	1	1	1	0	116.0	0.111	0.245	NaN	NaN	0.264	0.544	NaN	NaN	7.92	19.04	NaN	NaN	0.0	"2.5"	"F0034"	1	1	"PR"	492.276	"drain-di-1"	9.362	1	1	0	996.194	0.0	1099.036	null	1591.934	0.085
10.1	0.02585	34875.0	2953.125	1621.875	NaN	NaN	NaN	0	0	1	0	0	0	0	1	0	0	0	0	1	0	0	0	1	1	1	1	0	1	1	1	0	121.0	0.11	0.22	NaN	NaN	0.262	0.489	NaN	NaN	7.86	17.115	NaN	NaN	0.0	"2.5"	"F0034"	1	1	"PR"	502.112	"drain-di-1"	19.198	1	1	0	996.194	0.0	1099.036	null	1601.77	0.087
9.5	0.026125	36000.0	2962.5	1378.125	NaN	NaN	NaN	0	0	1	0	0	0	0	1	0	0	0	0	1	0	0	0	1	1	1	1	0	1	1	1	0	114.0	0.111	0.196	NaN	NaN	0.264	0.436	NaN	NaN	7.92	15.26	NaN	NaN	0.0	"2.5"	"F0034"	1	1	"PR"	512.147	"drain-di-1"	29.233	1	1	0	996.194	0.0	1099.036	null	1611.805	0.091
9.3	0.025575	34500.0	2953.125	1125.0	NaN	NaN	NaN	0	0	1	0	0	0	0	1	0	0	0	0	1	0	0	0	1	1	1	1	0	1	1	1	0	112.0	0.11	0.171	NaN	NaN	0.262	0.38	NaN	NaN	7.86	13.3	NaN	NaN	0.0	"2.5"	"F0034"	1	1	"PR"	522.183	"drain-di-1"	39.269	1	1	0	996.194	0.0	1099.036	null	1621.841	0.087
9.7	0.025025	33562.5	2953.125	871.875	NaN	NaN	NaN	0	0	1	0	0	0	0	1	0	0	0	0	1	0	0	0	1	1	1	1	0	1	1	1	0	116.0	0.11	0.145	NaN	NaN	0.262	0.322	NaN	NaN	7.86	11.27	NaN	NaN	0.0	"2.5"	"F0034"	1	1	"PR"	532.217	"drain-di-1"	49.303	1	1	0	996.194	0.0	1099.036	null	1631.875	0.086
10.2	0.0253	33562.5	2943.75	628.125	NaN	NaN	NaN	0	0	1	0	0	0	0	1	0	0	0	0	1	0	0	0	1	1	1	1	0	1	1	1	0	122.0	0.109	0.121	NaN	NaN	0.26	0.269	NaN	NaN	7.8	9.415	NaN	NaN	0.0	"2.5"	"F0034"	1	1	"PR"	542.253	"drain-di-1"	59.339	1	1	0	996.194	0.0	1099.036	null	1641.911	0.087
8.9	0.0253	34125.0	2971.875	403.125	NaN	NaN	NaN	0	0	1	0	0	0	0	1	0	0	0	0	1	0	0	0	1	1	1	1	0	1	1	1	0	107.0	0.112	0.098	NaN	NaN	0.267	0.218	NaN	NaN	8.01	7.63	NaN	NaN	0.0	"2.5"	"F0034"	1	1	"PR"	552.291	"drain-di-1"	69.377	1	1	0	996.194	0.0	1099.036	null	1651.949	0.084
8.5	0.0253	31875.0	2962.5	150.0	NaN	NaN	NaN	0	0	1	0	0	0	0	1	0	0	0	0	1	0	0	0	1	1	1	1	0	1	1	1	0	102.0	0.111	0.073	NaN	NaN	0.264	0.162	NaN	NaN	7.92	5.67	NaN	NaN	0.0	"2.5"	"F0034"	1	1	"PR"	562.321	"drain-di-1"	79.407	1	1	0	996.194	0.0	1099.036	null	1661.979	0.084
9.1	0.025025	34500.0	2962.5	-103.125	NaN	NaN	NaN	0	0	1	0	0	0	0	1	0	0	0	0	1	0	0	0	1	1	1	1	0	1	1	1	0	109.0	0.111	0.048	NaN	NaN	0.264	0.107	NaN	NaN	7.92	3.745	NaN	NaN	0.0	"2.5"	"F0034"	1	1	"PR"	572.272	"drip-di-1"	6.138	1	1	0	996.194	0.0	1099.036	null	1671.93	0.086
-12.0	0.0253	13687.5	2981.25	-18.75	NaN	NaN	NaN	1	0	0	0	0	1	1	0	0	0	0	0	1	1	0	0	0	1	1	0	1	1	1	0	1	-144.0	0.113	0.056	NaN	NaN	0.269	0.124	NaN	NaN	8.07	4.34	NaN	NaN	0.0	"2.5"	"F0034"	1	0	"PR"	582.268	"reverse-f"	0.965	1	1	0	996.194	0.0	1099.036	null	1681.926	0.092
-12.0	0.025575	29812.5	2821.875	168.75	NaN	NaN	NaN	1	0	0	0	0	1	1	0	0	0	0	0	1	1	0	0	0	1	1	0	1	1	1	0	1	-144.0	0.097	0.075	NaN	NaN	0.231	0.167	NaN	NaN	6.93	5.845	NaN	NaN	0.0	"2.5"	"F0034"	1	0	"PR"	592.304	"reverse-f"	11.001	1	1	0	996.194	0.0	1099.036	null	1691.962	0.087
-12.0	0.028875	28500.0	2784.375	450.0	NaN	NaN	NaN	1	0	0	0	0	1	1	0	0	0	0	0	1	1	0	0	0	1	1	0	1	1	1	0	1	-144.0	0.093	0.103	NaN	NaN	0.221	0.229	NaN	NaN	6.63	8.015	NaN	NaN	0.0	"2.5"	"F0034"	1	0	"PR"	602.339	"reverse-f"	21.036	1	1	0	996.194	0.0	1099.036	null	1701.997	0.085
-11.8	0.03135	29437.5	2821.875	759.375	NaN	NaN	NaN	1	0	0	0	0	1	1	0	0	0	0	0	1	1	0	0	0	1	1	0	1	1	1	0	1	-142.0	0.097	0.134	NaN	NaN	0.231	0.298	NaN	NaN	6.93	10.43	NaN	NaN	0.0	"2.5"	"F0034"	1	0	"PR"	612.377	"reverse-f"	31.074	1	1	0	996.194	0.0	1099.036	null	1712.035	0.087
-11.2	0.034375	29062.5	2831.25	1059.375	NaN	NaN	NaN	1	0	0	0	0	1	1	0	0	0	0	0	1	1	0	0	0	1	1	0	1	1	1	0	1	-134.0	0.098	0.164	NaN	NaN	0.233	0.364	NaN	NaN	6.99	12.74	NaN	NaN	0.0	"2.5"	"F0034"	1	0	"PR"	622.422	"reverse-f"	41.119	1	1	0	996.194	0.0	1099.036	null	1722.08	0.086
-12.0	0.036575	29812.5	2803.125	1340.625	NaN	NaN	NaN	1	0	0	0	0	1	1	0	0	0	0	0	1	1	0	0	0	1	1	0	1	1	1	0	1	-144.0	0.095	0.192	NaN	NaN	0.226	0.427	NaN	NaN	6.78	14.945	NaN	NaN	0.0	"2.5"	"F0034"	1	0	"PR"	632.265	"reverse-f"	50.962	1	1	0	996.194	0.0	1099.036	null	1731.923	0.09
-11.7	0.0396	28875.0	2821.875	1631.25	NaN	NaN	NaN	1	0	0	0	0	1	1	0	0	0	0	0	1	1	0	0	0	1	1	0	1	1	1	0	1	-140.0	0.097	0.221	NaN	NaN	0.231	0.491	NaN	NaN	6.93	17.185	NaN	NaN	0.0	"2.5"	"F0034"	1	0	"PR"	642.302	"reverse-f"	60.999	1	1	0	996.194	0.0	1099.036	null	1741.96	0.09
-12.3	0.04125	29250.0	2784.375	1931.25	NaN	NaN	NaN	1	0	0	0	0	1	1	0	0	0	0	0	1	1	0	0	0	1	1	0	1	1	1	0	1	-148.0	0.093	0.251	NaN	NaN	0.221	0.558	NaN	NaN	6.63	19.53	NaN	NaN	0.0	"2.5"	"F0034"	1	0	"PR"	652.339	"reverse-f"	71.036	1	1	0	996.194	0.0	1099.036	null	1751.997	0.087
-11.9	0.043725	29062.5	2850.0	2221.875	NaN	NaN	NaN	1	0	0	0	0	1	1	0	0	0	0	0	1	1	0	0	0	1	1	0	1	1	1	0	1	-143.0	0.1	0.28	NaN	NaN	0.238	0.622	NaN	NaN	7.14	21.77	NaN	NaN	0.0	"2.5"	"F0034"	1	0	"PR"	662.377	"reverse-f"	81.074	1	1	0	996.194	0.0	1099.036	null	1762.035	0.091
-11.9	0.0451	29062.5	2784.375	2259.375	NaN	NaN	NaN	0	0	0	0	0	1	1	0	0	0	0	0	1	0	0	0	0	1	1	0	1	1	1	0	1	-143.0	0.093	0.284	NaN	NaN	0.221	0.631	NaN	NaN	6.63	22.085	NaN	NaN	0.0	"2.5"	"F0034"	1	0	"PR"	672.325	"reverse"	91.022	1	1	0	996.194	0.0	1099.036	null	1771.983	0.089
-12.4	0.0462	28500.0	2793.75	2268.75	NaN	NaN	NaN	0	0	0	0	0	1	1	0	0	0	0	0	1	0	0	0	0	1	1	0	1	1	1	0	1	-149.0	0.094	0.285	NaN	NaN	0.224	0.633	NaN	NaN	6.72	22.155	NaN	NaN	0.0	"2.5"	"F0034"	1	0	"PR"	682.364	"reverse"	101.061	1	1	0	996.194	0.0	1099.036	null	1782.022	0.092
-12.1	0.047575	28500.0	2812.5	2250.0	NaN	NaN	NaN	0	0	0	0	0	1	1	0	0	0	0	0	1	0	0	0	0	1	1	0	1	1	1	0	1	-145.0	0.096	0.283	NaN	NaN	0.229	0.629	NaN	NaN	6.87	22.015	NaN	NaN	0.0	"2.5"	"F0034"	1	0	"PR"	692.403	"reverse"	111.1	1	1	0	996.194	0.0	1099.036	null	1792.061	0.089
-11.9	0.0484	27937.5	2812.5	2250.0	NaN	NaN	NaN	0	0	0	0	0	1	1	0	0	0	0	0	1	0	0	0	0	1	1	0	1	1	1	0	1	-143.0	0.096	0.283	NaN	NaN	0.229	0.629	NaN	NaN	6.87	22.015	NaN	NaN	0.0	"2.5"	"F0034"	1	0	"PR"	702.44	"reverse"	121.137	1	1	0	996.194	0.0	1099.036	null	1802.098	0.089
-12.4	0.049225	28125.0	2812.5	2250.0	NaN	NaN	NaN	0	0	0	0	0	1	1	0	0	0	0	0	1	0	0	0	0	1	1	0	1	1	1	0	1	-149.0	0.096	0.283	NaN	NaN	0.229	0.629	NaN	NaN	6.87	22.015	NaN	NaN	0.0	"2.5"	"F0034"	1	0	"PR"	712.482	"reverse"	131.179	1	1	0	996.194	0.0	1099.036	null	1812.14	0.09
-12.0	0.050325	26812.5	2784.375	2240.625	NaN	NaN	NaN	0	0	0	0	0	1	1	0	0	0	0	0	1	0	0	0	0	1	1	0	1	1	1	0	1	-144.0	0.093	0.282	NaN	NaN	0.221	0.627	NaN	NaN	6.63	21.945	NaN	NaN	0.0	"2.5"	"F0034"	1	0	"PR"	722.521	"reverse"	141.218	1	1	0	996.194	0.0	1099.036	null	1822.179	0.089
-1.4	0.0517	375.0	2981.25	2268.75	NaN	NaN	NaN	0	0	0	0	0	0	0	0	0	0	0	0	0	0	0	0	0	0	0	0	1	0	0	0	1	-17.0	0.113	0.285	NaN	NaN	0.269	0.633	NaN	NaN	8.07	22.155	NaN	NaN	0.0	"2.5"	"F0034"	0	0	"PR"	732.446	"diffuse"	1.093	1	1	1	996.194	0.0	1099.036	null	1832.104	0.086
-1.8	0.051425	375.0	2971.875	2268.75	NaN	NaN	NaN	0	0	0	0	0	0	0	0	0	0	0	0	0	0	0	0	0	0	0	0	1	0	0	0	1	-22.0	0.112	0.285	NaN	NaN	0.267	0.633	NaN	NaN	8.01	22.155	NaN	NaN	0.0	"2.5"	"F0034"	0	0	"PR"	742.481	"diffuse"	11.128	1	1	1	996.194	0.0	1099.036	null	1842.139	0.091
-2.1	0.05115	937.5	2981.25	2259.375	NaN	NaN	NaN	0	0	0	0	0	0	0	0	0	0	0	0	0	0	0	0	0	0	0	0	1	0	0	0	1	-25.0	0.113	0.284	NaN	NaN	0.269	0.631	NaN	NaN	8.07	22.085	NaN	NaN	0.0	"2.5"	"F0034"	0	0	"PR"	752.52	"diffuse"	21.167	1	1	1	996.194	0.0	1099.036	null	1852.178	0.089
-12.4	0.051425	18375.0	2821.875	2250.0	NaN	NaN	NaN	0	0	0	0	0	1	1	0	0	0	0	0	1	0	0	0	0	1	1	0	1	1	1	0	1	-149.0	0.097	0.283	NaN	NaN	0.231	0.629	NaN	NaN	6.93	22.015	NaN	NaN	0.0	"2.5"	"F0034"	1	0	"PR"	762.452	"wash-en"	1.095	1	1	1	996.194	0.0	1099.036	null	1862.11	0.09
-11.9	0.0517	30187.5	2831.25	2250.0	NaN	NaN	NaN	0	0	0	0	0	1	1	0	0	0	0	0	1	0	0	0	0	1	1	0	1	1	1	0	1	-143.0	0.098	0.283	NaN	NaN	0.233	0.629	NaN	NaN	6.99	22.015	NaN	NaN	0.0	"2.5"	"F0034"	1	0	"PR"	772.494	"wash-en"	11.137	1	1	1	996.194	0.0	1099.036	null	1872.152	0.09
-1.0	0.053075	28500.0	2840.625	2259.375	NaN	NaN	NaN	0	0	0	0	0	1	1	0	0	0	0	0	1	0	0	0	0	0	0	0	1	0	0	0	1	-12.0	0.099	0.284	NaN	NaN	0.236	0.631	NaN	NaN	7.08	22.085	NaN	NaN	0.0	"2.5"	"F0034"	0	0	"PR"	782.624	"wash-sc"	1.095	1	1	1	996.194	0.0	1099.036	null	1882.282	0.087
-1.2	0.053075	375.0	2981.25	2278.125	NaN	NaN	NaN	0	0	0	0	0	0	0	0	0	0	0	0	0	0	0	0	0	0	0	0	1	0	0	0	1	-14.0	0.113	0.286	NaN	NaN	0.269	0.636	NaN	NaN	8.07	22.26	NaN	NaN	0.0	"2.5"	"F0034"	0	0	"PR"	792.462	"diffuse"	0.804	1	1	2	996.194	0.0	1099.036	null	1892.12	0.087
-1.4	0.053075	1500.0	2971.875	2268.75	NaN	NaN	NaN	0	0	0	0	0	0	0	0	0	0	0	0	0	0	0	0	0	0	0	0	1	0	0	0	1	-17.0	0.112	0.285	NaN	NaN	0.267	0.633	NaN	NaN	8.01	22.155	NaN	NaN	0.0	"2.5"	"F0034"	0	0	"PR"	802.494	"diffuse"	10.836	1	1	2	996.194	0.0	1099.036	null	1902.152	0.086
-2.0	0.053075	1875.0	2981.25	2268.75	NaN	NaN	NaN	0	0	0	0	0	0	0	0	0	0	0	0	0	0	0	0	0	0	0	0	1	0	0	0	1	-24.0	0.113	0.285	NaN	NaN	0.269	0.633	NaN	NaN	8.07	22.155	NaN	NaN	0.0	"2.5"	"F0034"	0	0	"PR"	812.534	"diffuse"	20.876	1	1	2	996.194	0.0	1099.036	null	1912.192	0.087
-10.6	0.053075	10687.5	2718.75	2268.75	NaN	NaN	NaN	0	0	0	0	0	1	1	0	0	0	0	0	1	0	0	0	0	1	1	0	1	1	1	0	1	-127.0	0.087	0.285	NaN	NaN	0.207	0.633	NaN	NaN	6.21	22.155	NaN	NaN	0.0	"2.5"	"F0034"	1	0	"PR"	822.468	"wash-en"	0.694	1	1	2	996.194	0.0	1099.036	null	1922.126	0.086
-11.7	0.053625	28500.0	2821.875	2259.375	NaN	NaN	NaN	0	0	0	0	0	1	1	0	0	0	0	0	1	0	0	0	0	1	1	0	1	1	1	0	1	-140.0	0.097	0.284	NaN	NaN	0.231	0.631	NaN	NaN	6.93	22.085	NaN	NaN	0.0	"2.5"	"F0034"	1	0	"PR"	832.505	"wash-en"	10.731	1	1	2	996.194	0.0	1099.036	null	1932.163	0.086
0.1	0.053075	29625.0	2812.5	2259.375	NaN	NaN	NaN	0	0	0	0	0	1	1	0	0	0	0	0	1	0	0	0	0	0	0	0	1	0	0	0	1	1.0	0.096	0.284	NaN	NaN	0.229	0.631	NaN	NaN	6.87	22.085	NaN	NaN	0.0	"2.5"	"F0034"	0	0	"PR"	842.638	"wash-sc"	0.691	1	1	2	996.194	0.0	1099.036	null	1942.296	0.087
-0.8	0.054175	2625.0	2990.625	2268.75	NaN	NaN	NaN	0	0	0	0	0	0	0	0	0	0	0	0	0	0	0	0	0	0	0	0	1	0	0	0	1	-10.0	0.114	0.285	NaN	NaN	0.271	0.633	NaN	NaN	8.13	22.155	NaN	NaN	0.0	"2.5"	"F0034"	0	0	"PR"	852.676	"diffuse"	0.602	1	1	3	996.194	0.0	1099.036	null	1952.334	0.09
-0.8	0.05335	2437.5	2962.5	2268.75	NaN	NaN	NaN	0	0	0	0	0	0	0	0	0	0	0	0	0	0	0	0	0	0	0	0	1	0	0	0	1	-10.0	0.111	0.285	NaN	NaN	0.264	0.633	NaN	NaN	7.92	22.155	NaN	NaN	0.0	"2.5"	"F0034"	0	0	"PR"	862.711	"diffuse"	10.637	1	1	3	996.194	0.0	1099.036	null	1962.369	0.09
-1.2	0.053625	3000.0	2981.25	2268.75	NaN	NaN	NaN	0	0	0	0	0	0	0	0	0	0	0	0	0	0	0	0	0	0	0	0	1	0	0	0	1	-14.0	0.113	0.285	NaN	NaN	0.269	0.633	NaN	NaN	8.07	22.155	NaN	NaN	0.0	"2.5"	"F0034"	0	0	"PR"	872.552	"diffuse"	20.478	1	1	3	996.194	0.0	1099.036	null	1972.21	0.086
-0.8	0.053075	1875.0	2971.875	2259.375	NaN	NaN	NaN	0	0	0	0	0	1	1	0	0	0	0	0	1	0	0	0	0	1	1	0	1	1	1	0	1	-10.0	0.112	0.284	NaN	NaN	0.267	0.631	NaN	NaN	8.01	22.085	NaN	NaN	0.0	"2.5"	"F0034"	1	0	"PR"	882.389	"wash-en"	0.201	1	1	3	996.194	0.0	1099.036	null	1982.047	0.089
-11.7	0.0528	27000.0	2831.25	2268.75	NaN	NaN	NaN	0	0	0	0	0	1	1	0	0	0	0	0	1	0	0	0	0	1	1	0	1	1	1	0	1	-140.0	0.098	0.285	NaN	NaN	0.233	0.633	NaN	NaN	6.99	22.155	NaN	NaN	0.0	"2.5"	"F0034"	1	0	"PR"	892.727	"wash-en"	10.539	1	1	3	996.194	0.0	1099.036	null	1992.385	0.086
-11.3	0.05335	29437.5	2859.375	2250.0	NaN	NaN	NaN	0	0	0	0	0	1	1	0	0	0	0	0	1	0	0	0	0	0	0	0	1	0	0	0	1	-136.0	0.101	0.283	NaN	NaN	0.24	0.629	NaN	NaN	7.2	22.015	NaN	NaN	0.0	"2.5"	"F0034"	0	0	"PR"	902.565	"wash-sc"	0.201	1	1	3	996.194	0.0	1099.036	null	2002.223	0.093
-0.6	0.053625	30187.5	2821.875	2278.125	NaN	NaN	NaN	0	0	0	0	0	0	0	0	0	0	0	0	0	0	0	0	0	0	0	0	1	0	0	0	1	-7.0	0.097	0.286	NaN	NaN	0.231	0.636	NaN	NaN	6.93	22.26	NaN	NaN	0.0	"2.5"	"F0034"	0	0	"PR"	912.695	"diffuse"	0.201	1	1	4	996.194	0.0	1099.036	null	2012.353	0.094
-0.8	0.0539	1687.5	2981.25	2278.125	NaN	NaN	NaN	0	0	0	0	0	0	0	0	0	0	0	0	0	0	0	0	0	0	0	0	1	0	0	0	1	-10.0	0.113	0.286	NaN	NaN	0.269	0.636	NaN	NaN	8.07	22.26	NaN	NaN	0.0	"2.5"	"F0034"	0	0	"PR"	922.737	"diffuse"	10.243	1	1	4	996.194	0.0	1099.036	null	2022.395	0.083
-0.7	0.0539	1125.0	2981.25	2250.0	NaN	NaN	NaN	0	0	0	0	0	0	0	0	0	0	0	0	0	0	0	0	0	0	0	0	1	0	0	0	1	-8.0	0.113	0.283	NaN	NaN	0.269	0.629	NaN	NaN	8.07	22.015	NaN	NaN	0.0	"2.5"	"F0034"	0	0	"PR"	932.78	"diffuse"	20.286	1	1	4	996.194	0.0	1099.036	null	2032.438	0.091
-0.9	0.0539	2062.5	2981.25	2278.125	NaN	NaN	NaN	0	0	0	0	0	0	0	0	0	0	0	0	0	0	0	0	0	0	0	0	1	0	0	0	1	-11.0	0.113	0.286	NaN	NaN	0.269	0.636	NaN	NaN	8.07	22.26	NaN	NaN	0.0	"2.5"	"F0034"	0	0	"PR"	942.619	"diffuse"	30.125	1	1	4	996.194	0.0	1099.036	null	2042.277	0.083
-12.2	0.05335	28500.0	2840.625	2250.0	NaN	NaN	NaN	0	0	0	0	0	1	1	0	0	0	0	0	1	0	0	0	0	1	1	0	1	1	1	0	1	-146.0	0.099	0.283	NaN	NaN	0.236	0.629	NaN	NaN	7.08	22.015	NaN	NaN	0.0	"2.5"	"F0034"	1	0	"PR"	952.746	"wash-en"	10.127	1	1	4	996.194	0.0	1099.036	null	2052.404	0.086
-11.3	0.0539	29062.5	2793.75	2278.125	NaN	NaN	NaN	0	0	0	0	0	1	1	0	0	0	0	0	1	0	0	0	0	1	1	0	1	1	1	0	1	-136.0	0.094	0.286	NaN	NaN	0.224	0.636	NaN	NaN	6.72	22.26	NaN	NaN	0.0	"2.5"	"F0034"	1	0	"PR"	962.786	"wash-en"	20.167	1	1	4	996.194	0.0	1099.036	null	2062.444	0.086
1.3	0.0539	30000.0	2812.5	2287.5	NaN	NaN	NaN	0	0	0	0	0	1	1	0	0	0	0	0	1	0	0	0	0	0	0	0	1	0	0	0	1	16.0	0.096	0.287	NaN	NaN	0.229	0.638	NaN	NaN	6.87	22.33	NaN	NaN	0.0	"2.5"	"F0034"	0	0	"PR"	972.704	"wash-sc"	9.918	1	1	4	996.194	0.0	1099.036	null	2072.362	0.084
-0.1	0.053625	-750.0	2428.125	2278.125	NaN	NaN	NaN	0	0	0	0	1	0	0	0	0	0	0	0	0	0	0	0	0	0	0	0	1	0	0	0	1	-1.0	0.058	0.286	NaN	NaN	0.138	0.636	NaN	NaN	4.14	22.26	NaN	NaN	0.0	"2.5"	"F0034"	0	0	"PR"	982.748	"drain-rg"	9.843	1	1	4	996.194	0.0	1099.036	null	2082.406	0.086
-0.2	0.053625	-562.5	2081.25	2240.625	NaN	NaN	NaN	0	0	0	0	1	0	0	0	0	0	0	0	0	0	0	0	0	0	0	0	1	0	0	0	1	-2.0	0.023	0.282	NaN	NaN	0.055	0.627	NaN	NaN	1.65	21.945	NaN	NaN	0.0	"2.5"	"F0034"	0	0	"PR"	992.786	"drain-rg"	19.881	1	1	4	996.194	0.0	1099.036	null	2092.444	0.086
-0.5	0.053625	-750.0	1706.25	2278.125	NaN	NaN	NaN	0	0	0	0	1	0	0	0	0	0	0	0	0	0	0	0	0	0	0	0	1	0	0	0	1	-6.0	-0.014	0.286	NaN	NaN	-0.033	0.636	NaN	NaN	-0.99	22.26	NaN	NaN	0.0	"2.5"	"F0034"	0	0	"PR"	1002.825	"drip-rg"	3.615	1	1	4	996.194	0.0	1099.036	null	2102.483	0.09
-0.9	0.054175	-187.5	0.0	2278.125	NaN	NaN	NaN	0	0	0	0	1	0	0	0	0	0	0	0	0	0	0	0	0	0	0	0	1	0	0	0	1	-11.0	-0.185	0.286	NaN	NaN	-0.44	0.636	NaN	NaN	-13.2	22.26	NaN	NaN	0.0	"2.5"	"F0034"	0	0	"PR"	1012.872	"drip-rg"	13.662	1	1	4	996.194	0.0	1099.036	null	2112.53	0.088
0.6	0.0528	27562.5	1828.125	2109.375	NaN	NaN	NaN	0	0	1	0	0	1	0	0	0	0	0	0	1	0	0	0	0	0	0	0	1	0	0	0	1	7.0	-0.002	0.269	NaN	NaN	-0.005	0.598	NaN	NaN	-0.15	20.93	NaN	NaN	0.0	"2.5"	"F0034"	0	0	"FR"	7.647	"fill-rg-di"	7.446	2	1	0	2114.136	0.0	1099.036	null	2122.405	0.084
-0.8	0.05225	29437.5	2203.125	1837.5	NaN	NaN	NaN	0	0	1	0	0	1	0	0	0	0	0	0	1	0	0	0	0	0	0	0	1	0	0	0	1	-10.0	0.035	0.242	NaN	NaN	0.083	0.538	NaN	NaN	2.49	18.83	NaN	NaN	0.0	"2.5"	"F0034"	0	0	"FR"	17.684	"fill-rg-di"	17.483	2	1	0	2114.136	0.0	1099.036	null	2132.442	0.086
-0.1	0.050875	28875.0	2521.875	1584.375	NaN	NaN	NaN	0	0	1	0	0	1	0	0	0	0	0	0	1	0	0	0	0	0	0	0	1	0	0	0	1	-1.0	0.067	0.216	NaN	NaN	0.16	0.48	NaN	NaN	4.8	16.8	NaN	NaN	0.0	"2.5"	"F0034"	0	0	"FR"	27.724	"fill-rg-di"	27.523	2	1	0	2114.136	0.0	1099.036	null	2142.482	0.083
-0.1	0.049225	28875.0	2803.125	1350.0	NaN	NaN	NaN	0	0	1	0	0	1	0	0	0	0	0	0	1	0	0	0	0	0	0	0	1	0	0	0	1	-1.0	0.095	0.193	NaN	NaN	0.226	0.429	NaN	NaN	6.78	15.015	NaN	NaN	0.0	"2.5"	"F0034"	0	0	"FR"	37.764	"fill-rg-di"	37.563	2	1	0	2114.136	0.0	1099.036	null	2152.522	0.085
-0.3	0.047575	30375.0	3121.875	1078.125	NaN	NaN	NaN	0	0	1	0	0	1	0	0	0	0	0	0	1	0	0	0	0	0	0	0	1	0	0	0	1	-4.0	0.127	0.166	NaN	NaN	0.302	0.369	NaN	NaN	9.06	12.915	NaN	NaN	0.0	"2.5"	"F0034"	0	0	"FR"	47.8	"fill-rg-di"	47.599	2	1	0	2114.136	0.0	1099.036	null	2162.558	0.09
-0.5	0.0473	2437.5	2896.875	975.0	NaN	NaN	NaN	0	0	0	0	1	0	0	0	0	0	0	0	0	0	0	0	0	0	0	0	1	0	0	0	1	-6.0	0.105	0.155	NaN	NaN	0.25	0.344	NaN	NaN	7.5	12.04	NaN	NaN	0.0	"2.5"	"F0034"	0	0	"FR"	57.837	"drain-rg"	5.221	2	1	0	2114.136	0.0	1099.036	null	2172.595	0.086
0.6	0.0473	2812.5	2512.5	965.625	NaN	NaN	NaN	0	0	0	0	1	0	0	0	0	0	0	0	0	0	0	0	0	0	0	0	1	0	0	0	1	7.0	0.066	0.155	NaN	NaN	0.157	0.344	NaN	NaN	4.71	12.04	NaN	NaN	0.0	"2.5"	"F0034"	0	0	"FR"	67.877	"drain-rg"	15.261	2	1	0	2114.136	0.0	1099.036	null	2182.635	0.084
-0.3	0.0473	2812.5	2175.0	965.625	NaN	NaN	NaN	0	0	0	0	1	0	0	0	0	0	0	0	0	0	0	0	0	0	0	0	1	0	0	0	1	-4.0	0.033	0.155	NaN	NaN	0.079	0.344	NaN	NaN	2.37	12.04	NaN	NaN	0.0	"2.5"	"F0034"	0	0	"FR"	77.715	"drain-rg"	25.099	2	1	0	2114.136	0.0	1099.036	null	2192.473	0.086
0.0	0.04785	2625.0	1809.375	975.0	NaN	NaN	NaN	0	0	0	0	1	0	0	0	0	0	0	0	0	0	0	0	0	0	0	0	1	0	0	0	1	0.0	-0.004	0.155	NaN	NaN	-0.01	0.344	NaN	NaN	-0.3	12.04	NaN	NaN	0.0	"2.5"	"F0034"	0	0	"FR"	87.757	"drip-rg"	0.401	2	1	0	2114.136	0.0	1099.036	null	2202.515	0.139
-0.1	0.04785	1875.0	253.125	965.625	NaN	NaN	NaN	0	0	0	0	1	0	0	0	0	0	0	0	0	0	0	0	0	0	0	0	1	0	0	0	1	-1.0	-0.16	0.155	NaN	NaN	-0.381	0.344	NaN	NaN	-11.43	12.04	NaN	NaN	0.0	"2.5"	"F0034"	0	0	"FR"	97.792	"drip-rg"	10.436	2	1	0	2114.136	0.0	1099.036	null	2212.55	0.085
0.3	0.047025	26437.5	1612.5	862.5	NaN	NaN	NaN	0	0	1	0	0	1	0	0	0	0	0	0	1	0	0	0	0	0	0	0	1	0	0	0	1	4.0	-0.024	0.144	NaN	NaN	-0.057	0.32	NaN	NaN	-1.71	11.2	NaN	NaN	0.0	"2.5"	"F0034"	0	0	"PR"	4.641	"fill-rg-di"	4.44	2	0	0	2114.136	0.0	2217.366	null	2222.627	0.089
-1.2	0.047025	28500.0	2090.625	618.75	NaN	NaN	NaN	0	0	1	0	0	1	0	0	0	0	0	0	1	0	0	0	0	0	0	0	1	0	0	0	1	-14.0	0.024	0.12	NaN	NaN	0.057	0.267	NaN	NaN	1.71	9.345	NaN	NaN	0.0	"2.5"	"F0034"	0	0	"PR"	14.675	"fill-rg-di"	14.474	2	0	0	2114.136	0.0	2217.366	null	2232.661	0.086
-1.0	0.04565	29062.5	2428.125	346.875	NaN	NaN	NaN	0	0	1	0	0	1	0	0	0	0	0	0	1	0	0	0	0	0	0	0	1	0	0	0	1	-12.0	0.058	0.093	NaN	NaN	0.138	0.207	NaN	NaN	4.14	7.245	NaN	NaN	0.0	"2.5"	"F0034"	0	0	"PR"	24.707	"fill-rg-di"	24.506	2	0	0	2114.136	0.0	2217.366	null	2242.693	0.087
-0.6	0.045375	29250.0	2718.75	140.625	NaN	NaN	NaN	0	0	1	0	0	1	0	0	0	0	0	0	1	0	0	0	0	0	0	0	1	0	0	0	1	-7.0	0.087	0.072	NaN	NaN	0.207	0.16	NaN	NaN	6.21	5.6	NaN	NaN	0.0	"2.5"	"F0034"	0	0	"PR"	34.545	"fill-rg-di"	34.344	2	0	0	2114.136	0.0	2217.366	null	2252.531	0.092
-0.2	0.04455	1687.5	2765.625	300.0	NaN	NaN	NaN	1	0	0	0	0	0	0	0	0	0	0	0	0	1	0	0	0	0	0	0	1	0	0	0	1	-2.0	0.092	0.088	NaN	NaN	0.219	0.196	NaN	NaN	6.57	6.86	NaN	NaN	0.0	"2.5"	"F0034"	0	0	"PR"	44.585	"fill-di-lb"	8.435	2	0	0	2114.136	0.0	2217.366	null	2262.571	0.085
-1.2	0.0451	2062.5	2775.0	618.75	NaN	NaN	NaN	1	0	0	0	0	0	0	0	0	0	0	0	0	1	0	0	0	0	0	0	1	0	0	0	1	-14.0	0.093	0.12	NaN	NaN	0.221	0.267	NaN	NaN	6.63	9.345	NaN	NaN	0.0	"2.5"	"F0034"	0	0	"PR"	54.626	"fill-di-lb"	18.476	2	0	0	2114.136	0.0	2217.366	null	2272.612	0.083
-0.3	0.045375	2250.0	2756.25	918.75	NaN	NaN	NaN	1	0	0	0	0	0	0	0	0	0	0	0	0	1	0	0	0	0	0	0	1	0	0	0	1	-4.0	0.091	0.15	NaN	NaN	0.217	0.333	NaN	NaN	6.51	11.655	NaN	NaN	0.0	"2.5"	"F0034"	0	0	"PR"	64.664	"fill-di-lb"	28.514	2	0	0	2114.136	0.0	2217.366	null	2282.65	0.086
-0.2	0.045375	2812.5	2756.25	1190.625	NaN	NaN	NaN	1	0	0	0	0	0	0	0	0	0	0	0	0	1	0	0	0	0	0	0	1	0	0	0	1	-2.0	0.091	0.177	NaN	NaN	0.217	0.393	NaN	NaN	6.51	13.755	NaN	NaN	0.0	"2.5"	"F0034"	0	0	"PR"	74.706	"fill-di-lb"	38.556	2	0	0	2114.136	0.0	2217.366	null	2292.692	0.084
-0.4	0.045375	3187.5	2756.25	1509.375	NaN	NaN	NaN	1	0	0	0	0	0	0	0	0	0	0	0	0	1	0	0	0	0	0	0	1	0	0	0	1	-5.0	0.091	0.209	NaN	NaN	0.217	0.464	NaN	NaN	6.51	16.24	NaN	NaN	0.0	"2.5"	"F0034"	0	0	"PR"	84.749	"fill-di-lb"	48.599	2	0	0	2114.136	0.0	2217.366	null	2302.735	0.084
-0.7	0.0451	2812.5	2765.625	1790.625	NaN	NaN	NaN	1	0	0	0	0	0	0	0	0	0	0	0	0	1	0	0	0	0	0	0	1	0	0	0	1	-8.0	0.092	0.237	NaN	NaN	0.219	0.527	NaN	NaN	6.57	18.445	NaN	NaN	0.0	"2.5"	"F0034"	0	0	"PR"	94.787	"fill-di-lb"	58.637	2	0	0	2114.136	0.0	2217.366	null	2312.773	0.083
-0.1	0.045375	3562.5	2756.25	2081.25	NaN	NaN	NaN	1	0	0	0	0	0	0	0	0	0	0	0	0	1	0	0	0	0	0	0	1	0	0	0	1	-1.0	0.091	0.266	NaN	NaN	0.217	0.591	NaN	NaN	6.51	20.685	NaN	NaN	0.0	"2.5"	"F0034"	0	0	"PR"	104.627	"fill-di-lb"	68.477	2	0	0	2114.136	0.0	2217.366	null	2322.613	0.091
-0.5	0.044825	27562.5	2896.875	2137.5	NaN	NaN	NaN	0	0	1	0	0	1	0	0	0	0	0	0	1	0	0	0	0	0	0	0	1	0	0	0	1	-6.0	0.105	0.272	NaN	NaN	0.25	0.604	NaN	NaN	7.5	21.14	NaN	NaN	0.0	"2.5"	"F0034"	0	0	"PR"	114.663	"fill-rg-di"	4.615	2	0	0	2114.136	0.0	2217.366	null	2332.649	0.089
-12.0	0.044825	30187.5	2953.125	2531.25	NaN	NaN	NaN	0	1	1	0	0	0	0	0	0	0	0	0	1	0	0	0	0	1	1	0	1	1	1	0	1	-144.0	0.11	0.311	NaN	NaN	0.262	0.691	NaN	NaN	7.86	24.185	NaN	NaN	0.0	"2.5"	"F0034"	1	0	"PR"	124.703	"deionize"	2.01	2	1	0	2114.136	0.0	2217.366	null	2342.689	0.087
-11.5	0.0451	32437.5	2953.125	2559.375	NaN	NaN	NaN	0	1	1	0	0	0	0	0	0	0	0	0	1	0	0	0	0	1	1	0	1	1	1	0	1	-138.0	0.11	0.314	NaN	NaN	0.262	0.698	NaN	NaN	7.86	24.43	NaN	NaN	0.0	"2.5"	"F0034"	1	0	"PR"	134.74	"deionize"	12.047	2	1	0	2114.136	0.0	2217.366	null	2352.726	0.093
-11.5	0.044	33750.0	2971.875	2578.125	NaN	NaN	NaN	0	1	1	0	0	0	0	0	0	0	0	0	1	0	0	0	0	1	1	0	1	1	1	0	1	-138.0	0.112	0.316	NaN	NaN	0.267	0.702	NaN	NaN	8.01	24.57	NaN	NaN	0.0	"2.5"	"F0034"	1	0	"PR"	144.77	"deionize"	22.077	2	1	0	2114.136	0.0	2217.366	null	2362.756	0.087
-12.0	0.0429	30937.5	2953.125	2531.25	NaN	NaN	NaN	0	1	1	0	0	0	0	0	0	0	0	0	1	0	0	0	0	1	1	0	1	1	1	0	1	-144.0	0.11	0.311	NaN	NaN	0.262	0.691	NaN	NaN	7.86	24.185	NaN	NaN	0.0	"2.5"	"F0034"	1	0	"PR"	154.804	"deionize"	32.111	2	1	0	2114.136	0.0	2217.366	null	2372.79	0.087
-11.4	0.04345	30750.0	2953.125	2587.5	NaN	NaN	NaN	0	1	1	0	0	0	0	0	0	0	0	0	1	0	0	0	0	1	1	0	1	1	1	0	1	-137.0	0.11	0.317	NaN	NaN	0.262	0.704	NaN	NaN	7.86	24.64	NaN	NaN	0.0	"2.5"	"F0034"	1	0	"PR"	164.842	"deionize"	42.149	2	1	0	2114.136	0.0	2217.366	null	2382.828	0.088
-12.4	0.04235	33750.0	2962.5	2512.5	NaN	NaN	NaN	0	1	1	0	0	0	0	0	0	0	0	0	1	0	0	0	0	1	1	0	1	1	1	0	1	-149.0	0.111	0.309	NaN	NaN	0.264	0.687	NaN	NaN	7.92	24.045	NaN	NaN	0.0	"2.5"	"F0034"	1	0	"PR"	174.875	"deionize"	52.182	2	1	0	2114.136	0.0	2217.366	null	2392.861	0.084
-11.2	0.041525	30937.5	2962.5	2512.5	NaN	NaN	NaN	0	1	1	0	0	0	0	0	0	0	0	0	1	0	0	0	0	1	1	0	1	1	1	0	1	-134.0	0.111	0.309	NaN	NaN	0.264	0.687	NaN	NaN	7.92	24.045	NaN	NaN	0.0	"2.5"	"F0034"	1	0	"PR"	184.704	"deionize"	62.011	2	1	0	2114.136	0.0	2217.366	null	2402.69	0.09
-11.5	0.040975	31875.0	2981.25	2587.5	NaN	NaN	NaN	0	1	1	0	0	0	0	0	0	0	0	0	1	0	0	0	0	1	1	0	1	1	1	0	1	-138.0	0.113	0.317	NaN	NaN	0.269	0.704	NaN	NaN	8.07	24.64	NaN	NaN	0.0	"2.5"	"F0034"	1	0	"PR"	194.743	"deionize"	72.05	2	1	0	2114.136	0.0	2217.366	null	2412.729	0.093
-11.3	0.04015	31875.0	2962.5	2465.625	NaN	NaN	NaN	0	1	1	0	0	0	0	0	0	0	0	0	1	0	0	0	0	1	1	0	1	1	1	0	1	-136.0	0.111	0.305	NaN	NaN	0.264	0.678	NaN	NaN	7.92	23.73	NaN	NaN	0.0	"2.5"	"F0034"	1	0	"PR"	204.782	"deionize"	82.089	2	1	0	2114.136	0.0	2217.366	null	2422.768	0.09
-11.9	0.040425	34687.5	2971.875	2512.5	NaN	NaN	NaN	0	1	1	0	0	0	0	0	0	0	0	0	1	0	0	0	0	1	1	0	1	1	1	0	1	-143.0	0.112	0.309	NaN	NaN	0.267	0.687	NaN	NaN	8.01	24.045	NaN	NaN	0.0	"2.5"	"F0034"	1	0	"PR"	214.813	"deionize"	92.12	2	1	0	2114.136	0.0	2217.366	null	2432.799	0.087
-11.5	0.039325	32437.5	2943.75	2512.5	NaN	NaN	NaN	0	1	1	0	0	0	0	0	0	0	0	0	1	0	0	0	0	1	1	0	1	1	1	0	1	-138.0	0.109	0.309	NaN	NaN	0.26	0.687	NaN	NaN	7.8	24.045	NaN	NaN	0.0	"2.5"	"F0034"	1	0	"PR"	224.852	"deionize"	102.159	2	1	0	2114.136	0.0	2217.366	null	2442.838	0.091
-11.3	0.039325	31125.0	2934.375	2456.25	NaN	NaN	NaN	0	1	1	0	0	0	0	0	0	0	0	0	1	0	0	0	0	1	1	0	1	1	1	0	1	-136.0	0.108	0.304	NaN	NaN	0.257	0.676	NaN	NaN	7.71	23.66	NaN	NaN	0.0	"2.5"	"F0034"	1	0	"PR"	234.886	"deionize"	112.193	2	1	0	2114.136	0.0	2217.366	null	2452.872	0.09
-12.0	0.038775	34687.5	2962.5	2550.0	NaN	NaN	NaN	0	1	1	0	0	0	0	0	0	0	0	0	1	0	0	0	0	1	1	0	1	1	1	0	1	-144.0	0.111	0.313	NaN	NaN	0.264	0.696	NaN	NaN	7.92	24.36	NaN	NaN	0.0	"2.5"	"F0034"	1	0	"PR"	244.919	"deionize"	122.226	2	1	0	2114.136	0.0	2217.366	null	2462.905	0.09
-11.9	0.038225	34875.0	2981.25	2493.75	NaN	NaN	NaN	0	1	1	0	0	0	0	0	0	0	0	0	1	0	0	0	0	1	1	0	1	1	1	0	1	-143.0	0.113	0.307	NaN	NaN	0.269	0.682	NaN	NaN	8.07	23.87	NaN	NaN	0.0	"2.5"	"F0034"	1	0	"PR"	254.955	"deionize"	132.262	2	1	0	2114.136	0.0	2217.366	null	2472.941	0.09
-11.8	0.0374	34125.0	2981.25	2456.25	NaN	NaN	NaN	0	1	1	0	0	0	0	0	0	0	0	0	1	0	0	0	0	1	1	0	1	1	1	0	1	-142.0	0.113	0.304	NaN	NaN	0.269	0.676	NaN	NaN	8.07	23.66	NaN	NaN	0.0	"2.5"	"F0034"	1	0	"PR"	264.79	"deionize"	142.097	2	1	0	2114.136	0.0	2217.366	null	2482.776	0.086
-11.6	0.0374	32437.5	2962.5	2540.625	NaN	NaN	NaN	0	1	1	0	0	0	0	0	0	0	0	0	1	0	0	0	0	1	1	0	1	1	1	0	1	-139.0	0.111	0.312	NaN	NaN	0.264	0.693	NaN	NaN	7.92	24.255	NaN	NaN	0.0	"2.5"	"F0034"	1	0	"PR"	274.823	"deionize"	152.13	2	1	0	2114.136	0.0	2217.366	null	2492.809	0.088
-11.9	0.036575	32250.0	2962.5	2475.0	NaN	NaN	NaN	0	1	1	0	0	0	0	0	0	0	0	0	1	0	0	0	0	1	1	0	1	1	1	0	1	-143.0	0.111	0.305	NaN	NaN	0.264	0.678	NaN	NaN	7.92	23.73	NaN	NaN	0.0	"2.5"	"F0034"	1	0	"PR"	284.861	"deionize"	162.168	2	1	0	2114.136	0.0	2217.366	null	2502.847	0.091
-14.4	0.036575	33562.5	2934.375	2437.5	NaN	NaN	NaN	0	1	1	0	0	0	0	0	0	0	0	0	1	0	0	0	0	1	1	0	1	1	1	0	1	-173.0	0.108	0.302	NaN	NaN	0.257	0.671	NaN	NaN	7.71	23.485	NaN	NaN	0.0	"2.5"	"F0034"	1	0	"PR"	294.892	"deionize"	172.199	2	1	0	2114.136	0.0	2217.366	null	2512.878	0.09
-11.4	0.036025	31875.0	2971.875	2484.375	NaN	NaN	NaN	0	1	1	0	0	0	0	0	0	0	0	0	1	0	0	0	0	1	1	0	1	1	1	0	1	-137.0	0.112	0.306	NaN	NaN	0.267	0.68	NaN	NaN	8.01	23.8	NaN	NaN	0.0	"2.5"	"F0034"	1	0	"PR"	304.928	"deionize"	182.235	2	1	0	2114.136	0.0	2217.366	null	2522.914	0.088
-11.7	0.036025	31312.5	2943.75	2428.125	NaN	NaN	NaN	0	1	1	0	0	0	0	0	0	0	0	0	1	0	0	0	0	1	1	0	1	1	1	0	1	-140.0	0.109	0.301	NaN	NaN	0.26	0.669	NaN	NaN	7.8	23.415	NaN	NaN	0.0	"2.5"	"F0034"	1	0	"PR"	314.963	"deionize"	192.27	2	1	0	2114.136	0.0	2217.366	null	2532.949	0.09
-8.5	0.034925	33562.5	2981.25	2437.5	NaN	NaN	NaN	0	1	1	0	0	0	0	0	0	0	0	0	1	0	0	0	0	1	1	0	1	1	1	0	1	-102.0	0.113	0.302	NaN	NaN	0.269	0.671	NaN	NaN	8.07	23.485	NaN	NaN	0.0	"2.5"	"F0034"	1	0	"PR"	324.992	"deionize"	202.299	2	1	0	2114.136	0.0	2217.366	null	2542.978	0.09
-12.0	0.0352	30750.0	2971.875	2493.75	NaN	NaN	NaN	0	1	1	0	0	0	0	0	0	0	0	0	1	0	0	0	0	1	1	0	1	1	1	0	1	-144.0	0.112	0.307	NaN	NaN	0.267	0.682	NaN	NaN	8.01	23.87	NaN	NaN	0.0	"2.5"	"F0034"	1	0	"PR"	335.028	"deionize"	212.335	2	1	0	2114.136	0.0	2217.366	null	2553.014	0.092
-11.7	0.034925	33937.5	2934.375	2418.75	NaN	NaN	NaN	0	1	1	0	0	0	0	0	0	0	0	0	1	0	0	0	0	1	1	0	1	1	1	0	1	-140.0	0.108	0.3	NaN	NaN	0.257	0.667	NaN	NaN	7.71	23.345	NaN	NaN	0.0	"2.5"	"F0034"	1	0	"PR"	344.863	"deionize"	222.17	2	1	0	2114.136	0.0	2217.366	null	2562.849	0.087
-13.0	0.033825	33187.5	2971.875	2362.5	NaN	NaN	NaN	0	1	1	0	0	0	0	0	0	0	0	0	1	0	0	0	0	1	1	0	1	1	1	0	1	-156.0	0.112	0.294	NaN	NaN	0.267	0.653	NaN	NaN	8.01	22.855	NaN	NaN	0.0	"2.5"	"F0034"	1	0	"PR"	354.897	"deionize"	232.204	2	1	0	2114.136	0.0	2217.366	null	2572.883	0.086
-12.0	0.03355	33000.0	2953.125	2456.25	NaN	NaN	NaN	0	1	1	0	0	0	0	0	0	0	0	0	1	0	0	0	1	1	1	0	1	1	1	0	1	-144.0	0.11	0.304	NaN	NaN	0.262	0.676	NaN	NaN	7.86	23.66	NaN	NaN	0.0	"2.5"	"F0034"	1	0	"PR"	365.041	"deionize-uv"	2.316	2	1	0	2114.136	0.0	2217.366	null	2583.027	0.092
-11.7	0.033825	33937.5	2953.125	2409.375	NaN	NaN	NaN	0	1	1	0	0	0	0	0	0	0	0	0	1	0	0	0	1	1	1	0	1	1	1	0	1	-140.0	0.11	0.299	NaN	NaN	0.262	0.664	NaN	NaN	7.86	23.24	NaN	NaN	0.0	"2.5"	"F0034"	1	0	"PR"	375.08	"deionize-uv"	12.355	2	1	0	2114.136	0.0	2217.366	null	2593.066	0.09
-11.9	0.033275	33562.5	2962.5	2381.25	NaN	NaN	NaN	0	1	1	0	0	0	0	0	0	0	0	0	1	0	0	0	1	1	1	0	1	1	1	0	1	-143.0	0.111	0.296	NaN	NaN	0.264	0.658	NaN	NaN	7.92	23.03	NaN	NaN	0.0	"2.5"	"F0034"	1	0	"PR"	384.918	"deionize-uv"	22.193	2	1	0	2114.136	0.0	2217.366	null	2602.904	0.083
-11.6	0.03245	35437.5	2953.125	2475.0	NaN	NaN	NaN	0	1	1	0	0	0	0	0	0	0	0	0	1	0	0	0	1	1	1	0	1	1	1	0	1	-139.0	0.11	0.305	NaN	NaN	0.262	0.678	NaN	NaN	7.86	23.73	NaN	NaN	0.0	"2.5"	"F0034"	1	0	"PR"	394.955	"deionize-uv"	32.23	2	1	0	2114.136	0.0	2217.366	null	2612.941	0.084
-11.3	0.032725	33375.0	2953.125	2437.5	NaN	NaN	NaN	0	1	1	0	0	0	0	0	0	0	0	0	1	0	0	0	1	1	1	0	1	1	1	0	1	-136.0	0.11	0.302	NaN	NaN	0.262	0.671	NaN	NaN	7.86	23.485	NaN	NaN	0.0	"2.5"	"F0034"	1	0	"PR"	404.992	"deionize-uv"	42.267	2	1	0	2114.136	0.0	2217.366	null	2622.978	0.085
-10.8	0.032175	34312.5	2962.5	2418.75	NaN	NaN	NaN	0	1	1	0	0	0	0	0	0	0	0	0	1	0	0	0	1	1	1	0	1	1	1	0	1	-130.0	0.111	0.3	NaN	NaN	0.264	0.667	NaN	NaN	7.92	23.345	NaN	NaN	0.0	"2.5"	"F0034"	1	0	"PR"	415.034	"deionize-uv"	52.309	2	1	0	2114.136	0.0	2217.366	null	2633.02	0.087
-10.6	0.03135	34687.5	2953.125	2400.0	NaN	NaN	NaN	0	1	1	0	0	0	0	0	0	0	0	0	1	0	0	0	1	1	1	0	1	1	1	0	1	-127.0	0.11	0.298	NaN	NaN	0.262	0.662	NaN	NaN	7.86	23.17	NaN	NaN	0.0	"2.5"	"F0034"	1	0	"PR"	425.071	"deionize-uv"	62.346	2	1	0	2114.136	0.0	2217.366	null	2643.057	0.086
-11.0	0.031625	34875.0	2953.125	2409.375	NaN	NaN	NaN	0	1	1	0	0	0	0	0	0	0	0	0	1	0	0	0	1	1	1	0	1	1	1	0	1	-132.0	0.11	0.299	NaN	NaN	0.262	0.664	NaN	NaN	7.86	23.24	NaN	NaN	0.0	"2.5"	"F0034"	1	0	"PR"	435.115	"deionize-uv"	72.39	2	1	0	2114.136	0.0	2217.366	null	2653.101	0.086
-11.0	0.030525	33750.0	2953.125	2409.375	NaN	NaN	NaN	0	1	1	0	0	0	0	0	0	0	0	0	1	0	0	0	1	1	1	0	1	1	1	0	1	-132.0	0.11	0.299	NaN	NaN	0.262	0.664	NaN	NaN	7.86	23.24	NaN	NaN	0.0	"2.5"	"F0034"	1	0	"PR"	445.154	"deionize-uv"	82.429	2	1	0	2114.136	0.0	2217.366	null	2663.14	0.086
-10.8	0.030525	32250.0	2962.5	2390.625	NaN	NaN	NaN	0	1	1	0	0	0	0	0	0	0	0	0	1	0	0	0	1	1	1	0	1	1	1	0	1	-130.0	0.111	0.297	NaN	NaN	0.264	0.66	NaN	NaN	7.92	23.1	NaN	NaN	0.0	"2.5"	"F0034"	1	0	"PR"	454.99	"deionize-uv"	92.265	2	1	0	2114.136	0.0	2217.366	null	2672.976	0.083
-9.7	0.030525	33750.0	2971.875	2437.5	NaN	NaN	NaN	0	1	1	0	0	0	0	0	0	0	0	0	1	0	0	0	1	1	1	0	1	1	1	0	1	-116.0	0.112	0.302	NaN	NaN	0.267	0.671	NaN	NaN	8.01	23.485	NaN	NaN	0.0	"2.5"	"F0034"	1	0	"PR"	465.033	"deionize-uv"	102.308	2	1	0	2114.136	0.0	2217.366	null	2683.019	0.087
-9.3	0.030525	31875.0	2953.125	2390.625	NaN	NaN	NaN	0	1	1	0	0	0	0	0	0	0	0	0	1	0	0	0	1	1	1	0	1	1	1	0	1	-112.0	0.11	0.297	NaN	NaN	0.262	0.66	NaN	NaN	7.86	23.1	NaN	NaN	0.0	"2.5"	"F0034"	1	0	"PR"	475.069	"deionize-uv"	112.344	2	1	0	2114.136	0.0	2217.366	null	2693.055	0.083
-10.1	0.03025	33562.5	2934.375	2025.0	NaN	NaN	NaN	0	0	1	0	0	0	0	1	0	0	0	0	1	0	0	0	1	1	1	0	1	1	1	0	1	-121.0	0.108	0.261	NaN	NaN	0.257	0.58	NaN	NaN	7.71	20.3	NaN	NaN	0.0	"2.5"	"F0034"	1	0	"PR"	485.037	"drain-di-1"	2.138	2	1	0	2114.136	0.0	2217.366	null	2703.023	0.088
-10.4	0.029425	34125.0	2943.75	1790.625	NaN	NaN	NaN	0	0	1	0	0	0	0	1	0	0	0	0	1	0	0	0	1	1	1	0	1	1	1	0	1	-125.0	0.109	0.237	NaN	NaN	0.26	0.527	NaN	NaN	7.8	18.445	NaN	NaN	0.0	"2.5"	"F0034"	1	0	"PR"	495.072	"drain-di-1"	12.173	2	1	0	2114.136	0.0	2217.366	null	2713.058	0.087
-11.1	0.029425	33375.0	2953.125	1546.875	NaN	NaN	NaN	0	0	1	0	0	0	0	1	0	0	0	0	1	0	0	0	1	1	1	0	1	1	1	0	1	-133.0	0.11	0.213	NaN	NaN	0.262	0.473	NaN	NaN	7.86	16.555	NaN	NaN	0.0	"2.5"	"F0034"	1	0	"PR"	505.105	"drain-di-1"	22.206	2	1	0	2114.136	0.0	2217.366	null	2723.091	0.087
-9.9	0.02915	33750.0	2934.375	1312.5	NaN	NaN	NaN	0	0	1	0	0	0	0	1	0	0	0	0	1	0	0	0	1	1	1	0	1	1	1	0	1	-119.0	0.108	0.189	NaN	NaN	0.257	0.42	NaN	NaN	7.71	14.7	NaN	NaN	0.0	"2.5"	"F0034"	1	0	"PR"	515.143	"drain-di-1"	32.244	2	1	0	2114.136	0.0	2217.366	null	2733.129	0.089
-10.1	0.029425	34125.0	2971.875	1059.375	NaN	NaN	NaN	0	0	1	0	0	0	0	1	0	0	0	0	1	0	0	0	1	1	1	0	1	1	1	0	1	-121.0	0.112	0.164	NaN	NaN	0.267	0.364	NaN	NaN	8.01	12.74	NaN	NaN	0.0	"2.5"	"F0034"	1	0	"PR"	525.18	"drain-di-1"	42.281	2	1	0	2114.136	0.0	2217.366	null	2743.166	0.085
-9.8	0.028875	34687.5	2953.125	806.25	NaN	NaN	NaN	0	0	1	0	0	0	0	1	0	0	0	0	1	0	0	0	1	1	1	0	1	1	1	0	1	-118.0	0.11	0.139	NaN	NaN	0.262	0.309	NaN	NaN	7.86	10.815	NaN	NaN	0.0	"2.5"	"F0034"	1	0	"PR"	535.214	"drain-di-1"	52.315	2	1	0	2114.136	0.0	2217.366	null	2753.2	0.084
-9.3	0.02915	35062.5	2962.5	562.5	NaN	NaN	NaN	0	0	1	0	0	0	0	1	0	0	0	0	1	0	0	0	1	1	1	0	1	1	1	0	1	-112.0	0.111	0.114	NaN	NaN	0.264	0.253	NaN	NaN	7.92	8.855	NaN	NaN	0.0	"2.5"	"F0034"	1	0	"PR"	545.256	"drain-di-1"	62.357	2	1	0	2114.136	0.0	2217.366	null	2763.242	0.087
-9.2	0.028875	33375.0	2962.5	337.5	NaN	NaN	NaN	0	0	1	0	0	0	0	1	0	0	0	0	1	0	0	0	1	1	1	0	1	1	1	0	1	-110.0	0.111	0.092	NaN	NaN	0.264	0.204	NaN	NaN	7.92	7.14	NaN	NaN	0.0	"2.5"	"F0034"	1	0	"PR"	555.291	"drain-di-1"	72.392	2	1	0	2114.136	0.0	2217.366	null	2773.277	0.086
-7.7	0.028875	34500.0	2981.25	93.75	NaN	NaN	NaN	0	0	1	0	0	0	0	1	0	0	0	0	1	0	0	0	1	1	1	0	1	1	1	0	1	-92.0	0.113	0.067	NaN	NaN	0.269	0.149	NaN	NaN	8.07	5.215	NaN	NaN	0.0	"2.5"	"F0034"	1	0	"PR"	565.131	"drain-di-1"	82.232	2	1	0	2114.136	0.0	2217.366	null	2783.117	0.085
-9.3	0.028325	34875.0	2971.875	-168.75	NaN	NaN	NaN	0	0	1	0	0	0	0	1	0	0	0	0	1	0	0	0	1	1	1	0	1	1	1	0	1	-112.0	0.112	0.041	NaN	NaN	0.267	0.091	NaN	NaN	8.01	3.185	NaN	NaN	0.0	"2.5"	"F0034"	1	0	"PR"	575.274	"drip-di-1"	9.54	2	1	0	2114.136	0.0	2217.366	null	2793.26	0.084
12.6	0.02805	30000.0	2812.5	-9.375	NaN	NaN	NaN	1	0	0	0	0	1	1	0	0	0	0	0	1	1	0	0	0	1	1	1	0	1	1	1	0	151.0	0.096	0.057	NaN	NaN	0.229	0.127	NaN	NaN	6.87	4.445	NaN	NaN	0.0	"2.5"	"F0034"	1	1	"PR"	585.279	"reverse-f"	4.385	2	1	0	2114.136	0.0	2217.366	null	2803.265	0.083
12.4	0.029425	30187.5	2784.375	271.875	NaN	NaN	NaN	1	0	0	0	0	1	1	0	0	0	0	0	1	1	0	0	0	1	1	1	0	1	1	1	0	149.0	0.093	0.085	NaN	NaN	0.221	0.189	NaN	NaN	6.63	6.615	NaN	NaN	0.0	"2.5"	"F0034"	1	1	"PR"	595.314	"reverse-f"	14.42	2	1	0	2114.136	0.0	2217.366	null	2813.3	0.084
12.1	0.03245	30187.5	2812.5	571.875	NaN	NaN	NaN	1	0	0	0	0	1	1	0	0	0	0	0	1	1	0	0	0	1	1	1	0	1	1	1	0	145.0	0.096	0.115	NaN	NaN	0.229	0.256	NaN	NaN	6.87	8.96	NaN	NaN	0.0	"2.5"	"F0034"	1	1	"PR"	605.355	"reverse-f"	24.461	2	1	0	2114.136	0.0	2217.366	null	2823.341	0.086
12.6	0.03465	27562.5	2812.5	871.875	NaN	NaN	NaN	1	0	0	0	0	1	1	0	0	0	0	0	1	1	0	0	0	1	1	1	0	1	1	1	0	151.0	0.096	0.145	NaN	NaN	0.229	0.322	NaN	NaN	6.87	11.27	NaN	NaN	0.0	"2.5"	"F0034"	1	1	"PR"	615.19	"reverse-f"	34.296	2	1	0	2114.136	0.0	2217.366	null	2833.176	0.086
12.2	0.03685	29625.0	2812.5	1153.125	NaN	NaN	NaN	1	0	0	0	0	1	1	0	0	0	0	0	1	1	0	0	0	1	1	1	0	1	1	1	0	146.0	0.096	0.173	NaN	NaN	0.229	0.384	NaN	NaN	6.87	13.44	NaN	NaN	0.0	"2.5"	"F0034"	1	1	"PR"	625.225	"reverse-f"	44.331	2	1	0	2114.136	0.0	2217.366	null	2843.211	0.083
12.5	0.038775	29812.5	2821.875	1453.125	NaN	NaN	NaN	1	0	0	0	0	1	1	0	0	0	0	0	1	1	0	0	0	1	1	1	0	1	1	1	0	150.0	0.097	0.203	NaN	NaN	0.231	0.451	NaN	NaN	6.93	15.785	NaN	NaN	0.0	"2.5"	"F0034"	1	1	"PR"	635.264	"reverse-f"	54.37	2	1	0	2114.136	0.0	2217.366	null	2853.25	0.086
12.6	0.040425	30000.0	2803.125	1734.375	NaN	NaN	NaN	1	0	0	0	0	1	1	0	0	0	0	0	1	1	0	0	0	1	1	1	0	1	1	1	0	151.0	0.095	0.231	NaN	NaN	0.226	0.513	NaN	NaN	6.78	17.955	NaN	NaN	0.0	"2.5"	"F0034"	1	1	"PR"	645.3	"reverse-f"	64.406	2	1	0	2114.136	0.0	2217.366	null	2863.286	0.087
12.9	0.0418	29812.5	2793.75	2043.75	NaN	NaN	NaN	1	0	0	0	0	1	1	0	0	0	0	0	1	1	0	0	0	1	1	1	0	1	1	1	0	155.0	0.094	0.262	NaN	NaN	0.224	0.582	NaN	NaN	6.72	20.37	NaN	NaN	0.0	"2.5"	"F0034"	1	1	"PR"	655.342	"reverse-f"	74.448	2	1	0	2114.136	0.0	2217.366	null	2873.328	0.085
11.9	0.044	28500.0	2784.375	2250.0	NaN	NaN	NaN	0	0	0	0	0	1	1	0	0	0	0	0	1	0	0	0	0	1	1	1	0	1	1	1	0	143.0	0.093	0.283	NaN	NaN	0.221	0.629	NaN	NaN	6.63	22.015	NaN	NaN	0.0	"2.5"	"F0034"	1	1	"PR"	665.29	"reverse"	84.396	2	1	0	2114.136	0.0	2217.366	null	2883.276	0.083
12.6	0.045375	30000.0	2793.75	2268.75	NaN	NaN	NaN	0	0	0	0	0	1	1	0	0	0	0	0	1	0	0	0	0	1	1	1	0	1	1	1	0	151.0	0.094	0.285	NaN	NaN	0.224	0.633	NaN	NaN	6.72	22.155	NaN	NaN	0.0	"2.5"	"F0034"	1	1	"PR"	675.331	"reverse"	94.437	2	1	0	2114.136	0.0	2217.366	null	2893.317	0.088
12.3	0.046475	27937.5	2793.75	2268.75	NaN	NaN	NaN	0	0	0	0	0	1	1	0	0	0	0	0	1	0	0	0	0	1	1	1	0	1	1	1	0	148.0	0.094	0.285	NaN	NaN	0.224	0.633	NaN	NaN	6.72	22.155	NaN	NaN	0.0	"2.5"	"F0034"	1	1	"PR"	685.37	"reverse"	104.476	2	1	0	2114.136	0.0	2217.366	null	2903.356	0.083
12.6	0.0473	27562.5	2803.125	2268.75	NaN	NaN	NaN	0	0	0	0	0	1	1	0	0	0	0	0	1	0	0	0	0	1	1	1	0	1	1	1	0	151.0	0.095	0.285	NaN	NaN	0.226	0.633	NaN	NaN	6.78	22.155	NaN	NaN	0.0	"2.5"	"F0034"	1	1	"PR"	695.409	"reverse"	114.515	2	1	0	2114.136	0.0	2217.366	null	2913.395	0.083
13.0	0.04785	29812.5	2812.5	2240.625	NaN	NaN	NaN	0	0	0	0	0	1	1	0	0	0	0	0	1	0	0	0	0	1	1	1	0	1	1	1	0	156.0	0.096	0.282	NaN	NaN	0.229	0.627	NaN	NaN	6.87	21.945	NaN	NaN	0.0	"2.5"	"F0034"	1	1	"PR"	705.444	"reverse"	124.55	2	1	0	2114.136	0.0	2217.366	null	2923.43	0.085
11.9	0.0484	29625.0	2775.0	2259.375	NaN	NaN	NaN	0	0	0	0	0	1	1	0	0	0	0	0	1	0	0	0	0	1	1	1	0	1	1	1	0	143.0	0.093	0.284	NaN	NaN	0.221	0.631	NaN	NaN	6.63	22.085	NaN	NaN	0.0	"2.5"	"F0034"	1	1	"PR"	715.282	"reverse"	134.388	2	1	0	2114.136	0.0	2217.366	null	2933.268	0.087
12.4	0.048675	29812.5	2793.75	2278.125	NaN	NaN	NaN	0	0	0	0	0	1	1	0	0	0	0	0	1	0	0	0	0	1	1	1	0	1	1	1	0	149.0	0.094	0.286	NaN	NaN	0.224	0.636	NaN	NaN	6.72	22.26	NaN	NaN	0.0	"2.5"	"F0034"	1	1	"PR"	725.321	"reverse"	144.427	2	1	0	2114.136	0.0	2217.366	null	2943.307	0.086
2.0	0.0495	937.5	2981.25	2278.125	NaN	NaN	NaN	0	0	0	0	0	0	0	0	0	0	0	0	0	0	0	0	0	0	0	0	1	0	0	0	1	24.0	0.113	0.286	NaN	NaN	0.269	0.636	NaN	NaN	8.07	22.26	NaN	NaN	0.0	"2.5"	"F0034"	0	0	"PR"	735.446	"diffuse"	4.507	2	1	1	2114.136	0.0	2217.366	null	2953.432	0.084
2.1	0.05005	1875.0	2981.25	2278.125	NaN	NaN	NaN	0	0	0	0	0	0	0	0	0	0	0	0	0	0	0	0	0	0	0	0	1	0	0	0	1	25.0	0.113	0.286	NaN	NaN	0.269	0.636	NaN	NaN	8.07	22.26	NaN	NaN	0.0	"2.5"	"F0034"	0	0	"PR"	745.484	"diffuse"	14.545	2	1	1	2114.136	0.0	2217.366	null	2963.47	0.083
2.1	0.0495	1312.5	2971.875	2278.125	NaN	NaN	NaN	0	0	0	0	0	0	0	0	0	0	0	0	0	0	0	0	0	0	0	0	1	0	0	0	1	25.0	0.112	0.286	NaN	NaN	0.267	0.636	NaN	NaN	8.01	22.26	NaN	NaN	0.0	"2.5"	"F0034"	0	0	"PR"	755.523	"diffuse"	24.584	2	1	1	2114.136	0.0	2217.366	null	2973.509	0.083
12.3	0.0495	28125.0	2784.375	2259.375	NaN	NaN	NaN	0	0	0	0	0	1	1	0	0	0	0	0	1	0	0	0	0	1	1	1	0	1	1	1	0	148.0	0.093	0.284	NaN	NaN	0.221	0.631	NaN	NaN	6.63	22.085	NaN	NaN	0.0	"2.5"	"F0034"	1	1	"PR"	765.448	"wash-en"	4.507	2	1	1	2114.136	0.0	2217.366	null	2983.434	0.089
12.6	0.05005	27375.0	2821.875	2278.125	NaN	NaN	NaN	0	0	0	0	0	1	1	0	0	0	0	0	1	0	0	0	0	1	1	1	0	1	1	1	0	151.0	0.097	0.286	NaN	NaN	0.231	0.636	NaN	NaN	6.93	22.26	NaN	NaN	0.0	"2.5"	"F0034"	1	1	"PR"	775.489	"wash-en"	14.548	2	1	1	2114.136	0.0	2217.366	null	2993.475	0.09
1.9	0.050325	30562.5	2803.125	2278.125	NaN	NaN	NaN	0	0	0	0	0	1	1	0	0	0	0	0	1	0	0	0	0	0	0	0	1	0	0	0	1	23.0	0.095	0.286	NaN	NaN	0.226	0.636	NaN	NaN	6.78	22.26	NaN	NaN	0.0	"2.5"	"F0034"	0	0	"PR"	785.413	"wash-sc"	4.299	2	1	1	2114.136	0.0	2217.366	null	3003.399	0.087
1.3	0.051425	562.5	2981.25	2278.125	NaN	NaN	NaN	0	0	0	0	0	0	0	0	0	0	0	0	0	0	0	0	0	0	0	0	1	0	0	0	1	16.0	0.113	0.286	NaN	NaN	0.269	0.636	NaN	NaN	8.07	22.26	NaN	NaN	0.0	"2.5"	"F0034"	0	0	"PR"	795.451	"diffuse"	4.213	2	1	2	2114.136	0.0	2217.366	null	3013.437	0.09
3.2	0.050875	187.5	2971.875	2278.125	NaN	NaN	NaN	0	0	0	0	0	0	0	0	0	0	0	0	0	0	0	0	0	0	0	0	1	0	0	0	1	38.0	0.112	0.286	NaN	NaN	0.267	0.636	NaN	NaN	8.01	22.26	NaN	NaN	0.0	"2.5"	"F0034"	0	0	"PR"	805.489	"diffuse"	14.251	2	1	2	2114.136	0.0	2217.366	null	3023.475	0.089
2.1	0.050325	750.0	2971.875	2278.125	NaN	NaN	NaN	0	0	0	0	0	0	0	0	0	0	0	0	0	0	0	0	0	0	0	0	1	0	0	0	1	25.0	0.112	0.286	NaN	NaN	0.267	0.636	NaN	NaN	8.01	22.26	NaN	NaN	0.0	"2.5"	"F0034"	0	0	"PR"	815.529	"diffuse"	24.291	2	1	2	2114.136	0.0	2217.366	null	3033.515	0.091
11.9	0.050325	30375.0	2812.5	2278.125	NaN	NaN	NaN	0	0	0	0	0	1	1	0	0	0	0	0	1	0	0	0	0	1	1	1	0	1	1	1	0	143.0	0.096	0.286	NaN	NaN	0.229	0.636	NaN	NaN	6.87	22.26	NaN	NaN	0.0	"2.5"	"F0034"	1	1	"PR"	825.456	"wash-en"	4.103	2	1	2	2114.136	0.0	2217.366	null	3043.442	0.09
11.7	0.05115	30187.5	2784.375	2259.375	NaN	NaN	NaN	0	0	0	0	0	1	1	0	0	0	0	0	1	0	0	0	0	1	1	1	0	1	1	1	0	140.0	0.093	0.284	NaN	NaN	0.221	0.631	NaN	NaN	6.63	22.085	NaN	NaN	0.0	"2.5"	"F0034"	1	1	"PR"	835.495	"wash-en"	14.142	2	1	2	2114.136	0.0	2217.366	null	3053.481	0.09
1.3	0.050875	29062.5	2831.25	2278.125	NaN	NaN	NaN	0	0	0	0	0	1	1	0	0	0	0	0	1	0	0	0	0	0	0	0	1	0	0	0	1	16.0	0.098	0.286	NaN	NaN	0.233	0.636	NaN	NaN	6.99	22.26	NaN	NaN	0.0	"2.5"	"F0034"	0	0	"PR"	845.424	"wash-sc"	3.905	2	1	2	2114.136	0.0	2217.366	null	3063.41	0.087
2.0	0.0506	1875.0	2971.875	2296.875	NaN	NaN	NaN	0	0	0	0	0	0	0	0	0	0	0	0	0	0	0	0	0	0	0	0	1	0	0	0	1	24.0	0.112	0.288	NaN	NaN	0.267	0.64	NaN	NaN	8.01	22.4	NaN	NaN	0.0	"2.5"	"F0034"	0	0	"PR"	855.459	"diffuse"	3.812	2	1	3	2114.136	0.0	2217.366	null	3073.445	0.09
1.8	0.050875	2437.5	2962.5	2278.125	NaN	NaN	NaN	0	0	0	0	0	0	0	0	0	0	0	0	0	0	0	0	0	0	0	0	1	0	0	0	1	22.0	0.111	0.286	NaN	NaN	0.264	0.636	NaN	NaN	7.92	22.26	NaN	NaN	0.0	"2.5"	"F0034"	0	0	"PR"	865.498	"diffuse"	13.851	2	1	3	2114.136	0.0	2217.366	null	3083.484	0.089
1.6	0.051425	3187.5	2971.875	2287.5	NaN	NaN	NaN	0	0	0	0	0	0	0	0	0	0	0	0	0	0	0	0	0	0	0	0	1	0	0	0	1	19.0	0.112	0.287	NaN	NaN	0.267	0.638	NaN	NaN	8.01	22.33	NaN	NaN	0.0	"2.5"	"F0034"	0	0	"PR"	875.538	"diffuse"	23.891	2	1	3	2114.136	0.0	2217.366	null	3093.524	0.092
12.4	0.050875	30000.0	2784.375	2259.375	NaN	NaN	NaN	0	0	0	0	0	1	1	0	0	0	0	0	1	0	0	0	0	1	1	1	0	1	1	1	0	149.0	0.093	0.284	NaN	NaN	0.221	0.631	NaN	NaN	6.63	22.085	NaN	NaN	0.0	"2.5"	"F0034"	1	1	"PR"	885.465	"wash-en"	3.703	2	1	3	2114.136	0.0	2217.366	null	3103.451	0.086
12.1	0.05115	28875.0	2821.875	2259.375	NaN	NaN	NaN	0	0	0	0	0	1	1	0	0	0	0	0	1	0	0	0	0	1	1	1	0	1	1	1	0	145.0	0.097	0.284	NaN	NaN	0.231	0.631	NaN	NaN	6.93	22.085	NaN	NaN	0.0	"2.5"	"F0034"	1	1	"PR"	895.506	"wash-en"	13.744	2	1	3	2114.136	0.0	2217.366	null	3113.492	0.086
0.7	0.05115	30000.0	2821.875	2278.125	NaN	NaN	NaN	0	0	0	0	0	1	1	0	0	0	0	0	1	0	0	0	0	0	0	0	1	0	0	0	1	8.0	0.097	0.286	NaN	NaN	0.231	0.636	NaN	NaN	6.93	22.26	NaN	NaN	0.0	"2.5"	"F0034"	0	0	"PR"	905.642	"wash-sc"	3.708	2	1	3	2114.136	0.0	2217.366	null	3123.628	0.092
1.1	0.050875	1875.0	2981.25	2278.125	NaN	NaN	NaN	0	0	0	0	0	0	0	0	0	0	0	0	0	0	0	0	0	0	0	0	1	0	0	0	1	13.0	0.113	0.286	NaN	NaN	0.269	0.636	NaN	NaN	8.07	22.26	NaN	NaN	0.0	"2.5"	"F0034"	0	0	"PR"	915.68	"diffuse"	3.615	2	1	4	2114.136	0.0	2217.366	null	3133.666	0.089
1.1	0.051425	2812.5	2971.875	2278.125	NaN	NaN	NaN	0	0	0	0	0	0	0	0	0	0	0	0	0	0	0	0	0	0	0	0	1	0	0	0	1	13.0	0.112	0.286	NaN	NaN	0.267	0.636	NaN	NaN	8.01	22.26	NaN	NaN	0.0	"2.5"	"F0034"	0	0	"PR"	925.516	"diffuse"	13.451	2	1	4	2114.136	0.0	2217.366	null	3143.502	0.086
0.0	0.0517	2812.5	2971.875	2306.25	NaN	NaN	NaN	0	0	0	0	0	0	0	0	0	0	0	0	0	0	0	0	0	0	0	0	1	0	0	0	1	0.0	0.112	0.289	NaN	NaN	0.267	0.642	NaN	NaN	8.01	22.47	NaN	NaN	0.0	"2.5"	"F0034"	0	0	"PR"	935.556	"diffuse"	23.491	2	1	4	2114.136	0.0	2217.366	null	3153.542	0.086
12.6	0.050875	28500.0	2756.25	2268.75	NaN	NaN	NaN	0	0	0	0	0	1	1	0	0	0	0	0	1	0	0	0	0	1	1	1	0	1	1	1	0	151.0	0.091	0.285	NaN	NaN	0.217	0.633	NaN	NaN	6.51	22.155	NaN	NaN	0.0	"2.5"	"F0034"	1	1	"PR"	945.69	"wash-en"	3.507	2	1	4	2114.136	0.0	2217.366	null	3163.676	0.089
12.2	0.05005	27937.5	2803.125	2268.75	NaN	NaN	NaN	0	0	0	0	0	1	1	0	0	0	0	0	1	0	0	0	0	1	1	1	0	1	1	1	0	146.0	0.095	0.285	NaN	NaN	0.226	0.633	NaN	NaN	6.78	22.155	NaN	NaN	0.0	"2.5"	"F0034"	1	1	"PR"	955.729	"wash-en"	13.546	2	1	4	2114.136	0.0	2217.366	null	3173.715	0.091
0.6	0.05115	30375.0	2812.5	2278.125	NaN	NaN	NaN	0	0	0	0	0	1	1	0	0	0	0	0	1	0	0	0	0	0	0	0	1	0	0	0	1	7.0	0.096	0.286	NaN	NaN	0.229	0.636	NaN	NaN	6.87	22.26	NaN	NaN	0.0	"2.5"	"F0034"	0	0	"PR"	965.656	"wash-sc"	3.302	2	1	4	2114.136	0.0	2217.366	null	3183.642	0.087
0.0	0.050875	-1312.5	2625.0	2278.125	NaN	NaN	NaN	0	0	0	0	1	0	0	0	0	0	0	0	0	0	0	0	0	0	0	0	1	0	0	0	1	0.0	0.078	0.286	NaN	NaN	0.186	0.636	NaN	NaN	5.58	22.26	NaN	NaN	0.0	"2.5"	"F0034"	0	0	"PR"	975.687	"drain-rg"	3.211	2	1	4	2114.136	0.0	2217.366	null	3193.673	0.089
1.1	0.050875	-562.5	2315.625	2278.125	NaN	NaN	NaN	0	0	0	0	1	0	0	0	0	0	0	0	0	0	0	0	0	0	0	0	1	0	0	0	1	13.0	0.047	0.286	NaN	NaN	0.112	0.636	NaN	NaN	3.36	22.26	NaN	NaN	0.0	"2.5"	"F0034"	0	0	"PR"	985.727	"drain-rg"	13.251	2	1	4	2114.136	0.0	2217.366	null	3203.713	0.091
1.8	0.05115	-562.5	1940.625	2278.125	NaN	NaN	NaN	0	0	0	0	1	0	0	0	0	0	0	0	0	0	0	0	0	0	0	0	1	0	0	0	1	22.0	0.009	0.286	NaN	NaN	0.021	0.636	NaN	NaN	0.63	22.26	NaN	NaN	0.0	"2.5"	"F0034"	0	0	"PR"	995.765	"drain-rg"	23.289	2	1	4	2114.136	0.0	2217.366	null	3213.751	0.09
0.4	0.050875	-562.5	1434.375	2268.75	NaN	NaN	NaN	0	0	0	0	1	0	0	0	0	0	0	0	0	0	0	0	0	0	0	0	1	0	0	0	1	5.0	-0.042	0.285	NaN	NaN	-0.1	0.633	NaN	NaN	-3.0	22.155	NaN	NaN	0.0	"2.5"	"F0034"	0	0	"PR"	1005.802	"drip-rg"	7.628	2	1	4	2114.136	0.0	2217.366	null	3223.788	0.089
0.9	0.050875	21187.5	131.25	2240.625	NaN	NaN	NaN	0	0	1	0	0	1	0	0	0	0	0	0	1	0	0	0	0	0	0	0	1	0	0	0	1	11.0	-0.172	0.282	NaN	NaN	-0.41	0.627	NaN	NaN	-12.3	21.945	NaN	NaN	0.0	"2.5"	"F0034"	0	0	"FR"	1.627	"fill-rg-di"	1.426	3	1	0	3231.418	0.0	2217.366	null	3233.668	0.086
-1.7	0.050325	30375.0	1987.5	2006.25	NaN	NaN	NaN	0	0	1	0	0	1	0	0	0	0	0	0	1	0	0	0	0	0	0	0	1	0	0	0	1	-20.0	0.014	0.259	NaN	NaN	0.033	0.576	NaN	NaN	0.99	20.16	NaN	NaN	0.0	"2.5"	"F0034"	0	0	"FR"	11.661	"fill-rg-di"	11.46	3	1	0	3231.418	0.0	2217.366	null	3243.702	0.086
0.5	0.049775	30375.0	2296.875	1734.375	NaN	NaN	NaN	0	0	1	0	0	1	0	0	0	0	0	0	1	0	0	0	0	0	0	0	1	0	0	0	1	6.0	0.045	0.231	NaN	NaN	0.107	0.513	NaN	NaN	3.21	17.955	NaN	NaN	0.0	"2.5"	"F0034"	0	0	"FR"	21.701	"fill-rg-di"	21.5	3	1	0	3231.418	0.0	2217.366	null	3253.742	0.086
1.3	0.0484	29250.0	2643.75	1500.0	NaN	NaN	NaN	0	0	1	0	0	1	0	0	0	0	0	0	1	0	0	0	0	0	0	0	1	0	0	0	1	16.0	0.079	0.208	NaN	NaN	0.188	0.462	NaN	NaN	5.64	16.17	NaN	NaN	0.0	"2.5"	"F0034"	0	0	"FR"	31.736	"fill-rg-di"	31.535	3	1	0	3231.418	0.0	2217.366	null	3263.777	0.086
1.1	0.0473	30000.0	2943.75	1200.0	NaN	NaN	NaN	0	0	1	0	0	1	0	0	0	0	0	0	1	0	0	0	0	0	0	0	1	0	0	0	1	13.0	0.109	0.178	NaN	NaN	0.26	0.396	NaN	NaN	7.8	13.86	NaN	NaN	0.0	"2.5"	"F0034"	0	0	"FR"	41.776	"fill-rg-di"	41.575	3	1	0	3231.418	0.0	2217.366	null	3273.817	0.091
1.5	0.0462	28125.0	3253.125	993.75	NaN	NaN	NaN	0	0	1	0	0	1	0	0	0	0	0	0	1	0	0	0	0	0	0	0	1	0	0	0	1	18.0	0.14	0.157	NaN	NaN	0.333	0.349	NaN	NaN	9.99	12.215	NaN	NaN	0.0	"2.5"	"F0034"	0	0	"FR"	51.813	"fill-rg-di"	51.612	3	1	0	3231.418	0.0	2217.366	null	3283.854	0.087
1.1	0.046475	1312.5	2709.375	975.0	NaN	NaN	NaN	0	0	0	0	1	0	0	0	0	0	0	0	0	0	0	0	0	0	0	0	1	0	0	0	1	13.0	0.086	0.155	NaN	NaN	0.205	0.344	NaN	NaN	6.15	12.04	NaN	NaN	0.0	"2.5"	"F0034"	0	0	"FR"	61.653	"drain-rg"	9.438	3	1	0	3231.418	0.0	2217.366	null	3293.694	0.086
1.0	0.0462	2250.0	2381.25	993.75	NaN	NaN	NaN	0	0	0	0	1	0	0	0	0	0	0	0	0	0	0	0	0	0	0	0	1	0	0	0	1	12.0	0.053	0.157	NaN	NaN	0.126	0.349	NaN	NaN	3.78	12.215	NaN	NaN	0.0	"2.5"	"F0034"	0	0	"FR"	71.698	"drain-rg"	19.483	3	1	0	3231.418	0.0	2217.366	null	3303.739	0.084
0.9	0.0462	2437.5	2006.25	984.375	NaN	NaN	NaN	0	0	0	0	1	0	0	0	0	0	0	0	0	0	0	0	0	0	0	0	1	0	0	0	1	11.0	0.016	0.156	NaN	NaN	0.038	0.347	NaN	NaN	1.14	12.145	NaN	NaN	0.0	"2.5"	"F0034"	0	0	"FR"	81.739	"drain-rg"	29.524	3	1	0	3231.418	0.0	2217.366	null	3313.78	0.083
1.7	0.0462	3187.5	1603.125	984.375	NaN	NaN	NaN	0	0	0	0	1	0	0	0	0	0	0	0	0	0	0	0	0	0	0	0	1	0	0	0	1	20.0	-0.025	0.156	NaN	NaN	-0.06	0.347	NaN	NaN	-1.8	12.145	NaN	NaN	0.0	"2.5"	"F0034"	0	0	"FR"	91.779	"drip-rg"	5.421	3	1	0	3231.418	0.0	2217.366	null	3323.82	0.087
1.0	0.04565	1687.5	0.0	984.375	NaN	NaN	NaN	0	0	0	0	0	0	0	0	0	0	0	0	0	0	0	0	0	0	0	0	1	0	0	0	1	12.0	-0.185	0.156	NaN	NaN	-0.44	0.347	NaN	NaN	-13.2	12.145	NaN	NaN	0.0	"2.5"	"F0034"	0	0	"FR"	101.617	"end"	0.201	3	2	0	3231.418	0.0	2217.366	null	3333.658	0.096
0.8	0.04565	28687.5	1884.375	759.375	NaN	NaN	NaN	0	0	1	0	0	1	0	0	0	0	0	0	1	0	0	0	0	0	0	0	1	0	0	0	1	10.0	0.003	0.134	NaN	NaN	0.007	0.298	NaN	NaN	0.21	10.43	NaN	NaN	0.0	"2.5"	"F0034"	0	0	"PR"	9.456	"fill-rg-di"	9.256	3	0	0	3231.418	0.0	3333.658	null	3343.739	0.084
0.6	0.045925	28312.5	2259.375	515.625	NaN	NaN	NaN	0	0	1	0	0	1	0	0	0	0	0	0	1	0	0	0	0	0	0	0	1	0	0	0	1	7.0	0.041	0.11	NaN	NaN	0.098	0.244	NaN	NaN	2.94	8.54	NaN	NaN	0.0	"2.5"	"F0034"	0	0	"PR"	19.486	"fill-rg-di"	19.286	3	0	0	3231.418	0.0	3333.658	null	3353.769	0.084
1.4	0.04565	30562.5	2559.375	253.125	NaN	NaN	NaN	0	0	1	0	0	1	0	0	0	0	0	0	1	0	0	0	0	0	0	0	1	0	0	0	1	17.0	0.071	0.083	NaN	NaN	0.169	0.184	NaN	NaN	5.07	6.44	NaN	NaN	0.0	"2.5"	"F0034"	0	0	"PR"	29.518	"fill-rg-di"	29.318	3	0	0	3231.418	0.0	3333.658	null	3363.801	0.084
1.1	0.04455	3562.5	2784.375	140.625	NaN	NaN	NaN	1	0	0	0	0	0	0	0	0	0	0	0	0	1	0	0	0	0	0	0	1	0	0	0	1	13.0	0.093	0.072	NaN	NaN	0.221	0.16	NaN	NaN	6.63	5.6	NaN	NaN	0.0	"2.5"	"F0034"	0	0	"PR"	39.558	"fill-di-lb"	2.409	3	0	0	3231.418	0.0	3333.658	null	3373.841	0.084
1.0	0.0451	3375.0	2793.75	478.125	NaN	NaN	NaN	1	0	0	0	0	0	0	0	0	0	0	0	0	1	0	0	0	0	0	0	1	0	0	0	1	12.0	0.094	0.106	NaN	NaN	0.224	0.236	NaN	NaN	6.72	8.26	NaN	NaN	0.0	"2.5"	"F0034"	0	0	"PR"	49.596	"fill-di-lb"	12.447	3	0	0	3231.418	0.0	3333.658	null	3383.879	0.083
1.1	0.044825	2812.5	2784.375	731.25	NaN	NaN	NaN	1	0	0	0	0	0	0	0	0	0	0	0	0	1	0	0	0	0	0	0	1	0	0	0	1	13.0	0.093	0.131	NaN	NaN	0.221	0.291	NaN	NaN	6.63	10.185	NaN	NaN	0.0	"2.5"	"F0034"	0	0	"PR"	59.636	"fill-di-lb"	22.487	3	0	0	3231.418	0.0	3333.658	null	3393.919	0.087
1.2	0.044825	1875.0	2803.125	1031.25	NaN	NaN	NaN	1	0	0	0	0	0	0	0	0	0	0	0	0	1	0	0	0	0	0	0	1	0	0	0	1	14.0	0.095	0.161	NaN	NaN	0.226	0.358	NaN	NaN	6.78	12.53	NaN	NaN	0.0	"2.5"	"F0034"	0	0	"PR"	69.67	"fill-di-lb"	32.521	3	0	0	3231.418	0.0	3333.658	null	3403.953	0.083
1.3	0.0451	1687.5	2784.375	1321.875	NaN	NaN	NaN	1	0	0	0	0	0	0	0	0	0	0	0	0	1	0	0	0	0	0	0	1	0	0	0	1	16.0	0.093	0.19	NaN	NaN	0.221	0.422	NaN	NaN	6.63	14.77	NaN	NaN	0.0	"2.5"	"F0034"	0	0	"PR"	79.712	"fill-di-lb"	42.563	3	0	0	3231.418	0.0	3333.658	null	3413.995	0.086
2.5	0.04455	1875.0	2793.75	1593.75	NaN	NaN	NaN	1	0	0	0	0	0	0	0	0	0	0	0	0	1	0	0	0	0	0	0	1	0	0	0	1	30.0	0.094	0.217	NaN	NaN	0.224	0.482	NaN	NaN	6.72	16.87	NaN	NaN	0.0	"2.5"	"F0034"	0	0	"PR"	89.551	"fill-di-lb"	52.402	3	0	0	3231.418	0.0	3333.658	null	3423.834	0.084
0.8	0.04455	1875.0	2784.375	1912.5	NaN	NaN	NaN	1	0	0	0	0	0	0	0	0	0	0	0	0	1	0	0	0	0	0	0	1	0	0	0	1	10.0	0.093	0.249	NaN	NaN	0.221	0.553	NaN	NaN	6.63	19.355	NaN	NaN	0.0	"2.5"	"F0034"	0	0	"PR"	99.588	"fill-di-lb"	62.439	3	0	0	3231.418	0.0	3333.658	null	3433.871	0.086
1.0	0.044	2437.5	2803.125	2221.875	NaN	NaN	NaN	1	0	0	0	0	0	0	0	0	0	0	0	0	1	0	0	0	0	0	0	1	0	0	0	1	12.0	0.095	0.28	NaN	NaN	0.226	0.622	NaN	NaN	6.78	21.77	NaN	NaN	0.0	"2.5"	"F0034"	0	0	"PR"	109.628	"fill-di-lb"	72.479	3	0	0	3231.418	0.0	3333.658	null	3443.911	0.086
1.0	0.044825	3937.5	2971.875	2193.75	NaN	NaN	NaN	1	0	0	0	0	0	0	0	0	0	0	0	0	1	0	0	0	0	0	0	1	0	0	0	1	12.0	0.112	0.277	NaN	NaN	0.267	0.616	NaN	NaN	8.01	21.56	NaN	NaN	0.0	"2.5"	"F0034"	0	0	"PR"	119.662	"fill-di"	2.207	3	0	0	3231.418	0.0	3333.658	null	3453.945	0.083
