cur	ec	mod-ps	rg-ps	di-ps	fw1-ps	fw2-ps	pf-ps	vlv-di-fill	vlv-di-in	vlv-di-out	vlv-rg-fill	vlv-rg-drain	vlv-rg-in	vlv-rg-out	vlv-fw1-in	vlv-fw1-out	vlv-fw2-in	vlv-po	vlv-mod-drain	pmp-sys	pmp-di	pmp-fw1	pmp-fw2	uv	en-anode1	en-cath1	pl-anode1	pl-cath1	en-anode2	en-cath2	pl-anode2	pl-cath2	pw	rg-he	di-he	fw1-he	fw2-he	rg-lev	di-lev	fw1-lev	fw2-lev	rg-vol	di-vol	fw1-vol	fw2-vol	pr-ec	ver	sn	mod-en	mod-pl	proc	proc-time	ph	ph-time	count	cyc	rnd	pr-last	rc-last	fr-last	halt-re	time	exec
0.2	0.045925	2250.0	3065.625	178.125	NaN	NaN	NaN	1	0	0	0	0	0	0	0	0	0	0	0	0	1	0	0	0	0	0	0	1	0	0	0	1	2.0	0.122	0.076	NaN	NaN	0.29	0.169	NaN	NaN	8.7	5.915	NaN	NaN	0.0	"2.5"	"F0034"	0	0	"PR"	8.242	"fill-di"	0.602	0	0	0	0.0	0.0	0.0	null	10.041	0.084
-0.4	0.045375	1312.5	3018.75	178.125	NaN	NaN	NaN	1	0	0	0	0	0	0	0	0	0	0	0	0	1	0	0	0	0	0	0	1	0	0	0	1	-5.0	0.117	0.076	NaN	NaN	0.279	0.169	NaN	NaN	8.37	5.915	NaN	NaN	0.0	"2.5"	"F0034"	0	0	"PR"	8.443	"fill-di"	0.803	0	0	0	0.0	0.0	0.0	null	10.242	0.089
-0.1	0.04565	2437.5	2981.25	478.125	NaN	NaN	NaN	1	0	0	0	0	0	0	0	0	0	0	0	0	1	0	0	0	0	0	0	1	0	0	0	1	-1.0	0.113	0.106	NaN	NaN	0.269	0.236	NaN	NaN	8.07	8.26	NaN	NaN	0.0	"2.5"	"F0034"	0	0	"PR"	18.278	"fill-di"	10.638	0	0	0	0.0	0.0	0.0	null	20.077	0.085
-0.1	0.045925	2625.0	2981.25	787.5	NaN	NaN	NaN	1	0	0	0	0	0	0	0	0	0	0	0	0	1	0	0	0	0	0	0	1	0	0	0	1	-1.0	0.113	0.137	NaN	NaN	0.269	0.304	NaN	NaN	8.07	10.64	NaN	NaN	0.0	"2.5"	"F0034"	0	0	"PR"	28.312	"fill-di"	20.672	0	0	0	0.0	0.0	0.0	null	30.111	0.085
-0.6	0.0451	2625.0	2981.25	1059.375	NaN	NaN	NaN	1	0	0	0	0	0	0	0	0	0	0	0	0	1	0	0	0	0	0	0	1	0	0	0	1	-7.0	0.113	0.164	NaN	NaN	0.269	0.364	NaN	NaN	8.07	12.74	NaN	NaN	0.0	"2.5"	"F0034"	0	0	"PR"	38.352	"fill-di"	30.712	0	0	0	0.0	0.0	0.0	null	40.151	0.081
-0.3	0.045375	1500.0	2971.875	1340.625	NaN	NaN	NaN	1	0	0	0	0	0	0	0	0	0	0	0	0	1	0	0	0	0	0	0	1	0	0	0	1	-4.0	0.112	0.192	NaN	NaN	0.267	0.427	NaN	NaN	8.01	14.945	NaN	NaN	0.0	"2.5"	"F0034"	0	0	"PR"	48.391	"fill-di"	40.751	0	0	0	0.0	0.0	0.0	null	50.19	0.083
-0.1	0.045375	2250.0	3009.375	1631.25	NaN	NaN	NaN	1	0	0	0	0	0	0	0	0	0	0	0	0	1	0	0	0	0	0	0	1	0	0	0	1	-1.0	0.116	0.221	NaN	NaN	0.276	0.491	NaN	NaN	8.28	17.185	NaN	NaN	0.0	"2.5"	"F0034"	0	0	"PR"	58.423	"fill-di"	50.783	0	0	0	0.0	0.0	0.0	null	60.222	0.083
-0.5	0.04565	3562.5	2990.625	1921.875	NaN	NaN	NaN	1	0	0	0	0	0	0	0	0	0	0	0	0	1	0	0	0	0	0	0	1	0	0	0	1	-6.0	0.114	0.25	NaN	NaN	0.271	0.556	NaN	NaN	8.13	19.46	NaN	NaN	0.0	"2.5"	"F0034"	0	0	"PR"	68.459	"fill-di"	60.819	0	0	0	0.0	0.0	0.0	null	70.258	0.084
-0.8	0.0462	2812.5	2971.875	2203.125	NaN	NaN	NaN	1	0	0	0	0	0	0	0	0	0	0	0	0	1	0	0	0	0	0	0	1	0	0	0	1	-10.0	0.112	0.278	NaN	NaN	0.267	0.618	NaN	NaN	8.01	21.63	NaN	NaN	0.0	"2.5"	"F0034"	0	0	"PR"	78.5	"fill-di"	70.86	0	0	0	0.0	0.0	0.0	null	80.299	0.083
-0.4	0.04565	27562.5	2840.625	2287.5	NaN	NaN	NaN	0	0	0	0	0	1	1	0	0	0	0	0	1	0	0	0	0	0	0	0	1	0	0	0	1	-5.0	0.099	0.287	NaN	NaN	0.236	0.638	NaN	NaN	7.08	22.33	NaN	NaN	0.0	"2.5"	"F0034"	0	0	"PR"	88.339	"prime"	8.032	0	0	0	0.0	0.0	0.0	null	90.138	0.09
-0.4	0.045925	27937.5	2793.75	2268.75	NaN	NaN	NaN	0	0	0	0	0	1	1	0	0	0	0	0	1	0	0	0	0	0	0	0	1	0	0	0	1	-5.0	0.094	0.285	NaN	NaN	0.224	0.633	NaN	NaN	6.72	22.155	NaN	NaN	0.0	"2.5"	"F0034"	0	0	"PR"	98.381	"prime"	18.074	0	0	0	0.0	0.0	0.0	null	100.18	0.09
0.1	0.0462	30000.0	2784.375	2315.625	NaN	NaN	NaN	0	0	0	0	0	1	1	0	0	0	0	0	1	0	0	0	0	0	0	0	1	0	0	0	1	1.0	0.093	0.29	NaN	NaN	0.221	0.644	NaN	NaN	6.63	22.54	NaN	NaN	0.0	"2.5"	"F0034"	0	0	"PR"	108.419	"prime"	28.112	0	0	0	0.0	0.0	0.0	null	110.218	0.089
-12.3	0.0462	32250.0	2962.5	2587.5	NaN	NaN	NaN	0	1	1	0	0	0	0	0	0	0	0	0	1	0	0	0	0	1	1	0	1	1	1	0	1	-148.0	0.111	0.317	NaN	NaN	0.264	0.704	NaN	NaN	7.92	24.64	NaN	NaN	0.0	"2.5"	"F0034"	1	0	"PR"	118.46	"deionize"	7.633	0	1	0	0.0	0.0	0.0	null	120.259	0.085
-11.7	0.0451	30562.5	2990.625	2550.0	NaN	NaN	NaN	0	1	1	0	0	0	0	0	0	0	0	0	1	0	0	0	0	1	1	0	1	1	1	0	1	-140.0	0.114	0.313	NaN	NaN	0.271	0.696	NaN	NaN	8.13	24.36	NaN	NaN	0.0	"2.5"	"F0034"	1	0	"PR"	128.499	"deionize"	17.672	0	1	0	0.0	0.0	0.0	null	130.298	0.084
-11.9	0.04455	31500.0	2971.875	2521.875	NaN	NaN	NaN	0	1	1	0	0	0	0	0	0	0	0	0	1	0	0	0	0	1	1	0	1	1	1	0	1	-143.0	0.112	0.31	NaN	NaN	0.267	0.689	NaN	NaN	8.01	24.115	NaN	NaN	0.0	"2.5"	"F0034"	1	0	"PR"	138.535	"deionize"	27.708	0	1	0	0.0	0.0	0.0	null	140.334	0.085
-11.3	0.044	30000.0	2962.5	2531.25	NaN	NaN	NaN	0	1	1	0	0	0	0	0	0	0	0	0	1	0	0	0	0	1	1	0	1	1	1	0	1	-136.0	0.111	0.311	NaN	NaN	0.264	0.691	NaN	NaN	7.92	24.185	NaN	NaN	0.0	"2.5"	"F0034"	1	0	"PR"	148.571	"deionize"	37.744	0	1	0	0.0	0.0	0.0	null	150.37	0.087
-11.9	0.0429	30375.0	2962.5	2606.25	NaN	NaN	NaN	0	1	1	0	0	0	0	0	0	0	0	0	1	0	0	0	0	1	1	0	1	1	1	0	1	-143.0	0.111	0.319	NaN	NaN	0.264	0.709	NaN	NaN	7.92	24.815	NaN	NaN	0.0	"2.5"	"F0034"	1	0	"PR"	158.406	"deionize"	47.579	0	1	0	0.0	0.0	0.0	null	160.205	0.09
-12.0	0.04235	30375.0	2971.875	2521.875	NaN	NaN	NaN	0	1	1	0	0	0	0	0	0	0	0	0	1	0	0	0	0	1	1	0	1	1	1	0	1	-144.0	0.112	0.31	NaN	NaN	0.267	0.689	NaN	NaN	8.01	24.115	NaN	NaN	0.0	"2.5"	"F0034"	1	0	"PR"	168.438	"deionize"	57.611	0	1	0	0.0	0.0	0.0	null	170.237	0.091
-11.5	0.0418	33187.5	2971.875	2521.875	NaN	NaN	NaN	0	1	1	0	0	0	0	0	0	0	0	0	1	0	0	0	0	1	1	0	1	1	1	0	1	-138.0	0.112	0.31	NaN	NaN	0.267	0.689	NaN	NaN	8.01	24.115	NaN	NaN	0.0	"2.5"	"F0034"	1	0	"PR"	178.478	"deionize"	67.651	0	1	0	0.0	0.0	0.0	null	180.277	0.092
-12.0	0.041525	32437.5	2971.875	2437.5	NaN	NaN	NaN	0	1	1	0	0	0	0	0	0	0	0	0	1	0	0	0	0	1	1	0	1	1	1	0	1	-144.0	0.112	0.302	NaN	NaN	0.267	0.671	NaN	NaN	8.01	23.485	NaN	NaN	0.0	"2.5"	"F0034"	1	0	"PR"	188.511	"deionize"	77.684	0	1	0	0.0	0.0	0.0	null	190.31	0.087
-12.4	0.040425	30750.0	2971.875	2484.375	NaN	NaN	NaN	0	1	1	0	0	0	0	0	0	0	0	0	1	0	0	0	0	1	1	0	1	1	1	0	1	-149.0	0.112	0.306	NaN	NaN	0.267	0.68	NaN	NaN	8.01	23.8	NaN	NaN	0.0	"2.5"	"F0034"	1	0	"PR"	198.542	"deionize"	87.715	0	1	0	0.0	0.0	0.0	null	200.341	0.09
-11.9	0.040425	31500.0	2962.5	2559.375	NaN	NaN	NaN	0	1	1	0	0	0	0	0	0	0	0	0	1	0	0	0	0	1	1	0	1	1	1	0	1	-143.0	0.111	0.314	NaN	NaN	0.264	0.698	NaN	NaN	7.92	24.43	NaN	NaN	0.0	"2.5"	"F0034"	1	0	"PR"	208.582	"deionize"	97.755	0	1	0	0.0	0.0	0.0	null	210.381	0.091
-11.8	0.039325	32250.0	2962.5	2568.75	NaN	NaN	NaN	0	1	1	0	0	0	0	0	0	0	0	0	1	0	0	0	0	1	1	0	1	1	1	0	1	-142.0	0.111	0.315	NaN	NaN	0.264	0.7	NaN	NaN	7.92	24.5	NaN	NaN	0.0	"2.5"	"F0034"	1	0	"PR"	218.619	"deionize"	107.792	0	1	0	0.0	0.0	0.0	null	220.418	0.087
-11.3	0.038225	32062.5	2953.125	2475.0	NaN	NaN	NaN	0	1	1	0	0	0	0	0	0	0	0	0	1	0	0	0	0	1	1	0	1	1	1	0	1	-136.0	0.11	0.305	NaN	NaN	0.262	0.678	NaN	NaN	7.86	23.73	NaN	NaN	0.0	"2.5"	"F0034"	1	0	"PR"	228.657	"deionize"	117.83	0	1	0	0.0	0.0	0.0	null	230.456	0.091
-12.0	0.038225	33375.0	2962.5	2531.25	NaN	NaN	NaN	0	1	1	0	0	0	0	0	0	0	0	0	1	0	0	0	0	1	1	0	1	1	1	0	1	-144.0	0.111	0.311	NaN	NaN	0.264	0.691	NaN	NaN	7.92	24.185	NaN	NaN	0.0	"2.5"	"F0034"	1	0	"PR"	238.493	"deionize"	127.666	0	1	0	0.0	0.0	0.0	null	240.292	0.091
-12.4	0.037675	30562.5	2962.5	2512.5	NaN	NaN	NaN	0	1	1	0	0	0	0	0	0	0	0	0	1	0	0	0	0	1	1	0	1	1	1	0	1	-149.0	0.111	0.309	NaN	NaN	0.264	0.687	NaN	NaN	7.92	24.045	NaN	NaN	0.0	"2.5"	"F0034"	1	0	"PR"	248.521	"deionize"	137.694	0	1	0	0.0	0.0	0.0	null	250.32	0.09
-11.4	0.0374	31875.0	2990.625	2446.875	NaN	NaN	NaN	0	1	1	0	0	0	0	0	0	0	0	0	1	0	0	0	0	1	1	0	1	1	1	0	1	-137.0	0.114	0.303	NaN	NaN	0.271	0.673	NaN	NaN	8.13	23.555	NaN	NaN	0.0	"2.5"	"F0034"	1	0	"PR"	258.56	"deionize"	147.733	0	1	0	0.0	0.0	0.0	null	260.359	0.092
-11.9	0.0374	31125.0	2971.875	2465.625	NaN	NaN	NaN	0	1	1	0	0	0	0	0	0	0	0	0	1	0	0	0	0	1	1	0	1	1	1	0	1	-143.0	0.112	0.305	NaN	NaN	0.267	0.678	NaN	NaN	8.01	23.73	NaN	NaN	0.0	"2.5"	"F0034"	1	0	"PR"	268.599	"deionize"	157.772	0	1	0	0.0	0.0	0.0	null	270.398	0.09
-11.9	0.036025	32250.0	2962.5	2437.5	NaN	NaN	NaN	0	1	1	0	0	0	0	0	0	0	0	0	1	0	0	0	0	1	1	0	1	1	1	0	1	-143.0	0.111	0.302	NaN	NaN	0.264	0.671	NaN	NaN	7.92	23.485	NaN	NaN	0.0	"2.5"	"F0034"	1	0	"PR"	278.635	"deionize"	167.808	0	1	0	0.0	0.0	0.0	null	280.434	0.09
-12.6	0.03575	32625.0	3009.375	2484.375	NaN	NaN	NaN	0	1	1	0	0	0	0	0	0	0	0	0	1	0	0	0	0	1	1	0	1	1	1	0	1	-151.0	0.116	0.306	NaN	NaN	0.276	0.68	NaN	NaN	8.28	23.8	NaN	NaN	0.0	"2.5"	"F0034"	1	0	"PR"	288.677	"deionize"	177.85	0	1	0	0.0	0.0	0.0	null	290.476	0.091
-12.3	0.0352	32250.0	2962.5	2390.625	NaN	NaN	NaN	0	1	1	0	0	0	0	0	0	0	0	0	1	0	0	0	0	1	1	0	1	1	1	0	1	-148.0	0.111	0.297	NaN	NaN	0.264	0.66	NaN	NaN	7.92	23.1	NaN	NaN	0.0	"2.5"	"F0034"	1	0	"PR"	298.712	"deionize"	187.885	0	1	0	0.0	0.0	0.0	null	300.511	0.09
-12.5	0.034375	30750.0	2943.75	2484.375	NaN	NaN	NaN	0	1	1	0	0	0	0	0	0	0	0	0	1	0	0	0	0	1	1	0	1	1	1	0	1	-150.0	0.109	0.306	NaN	NaN	0.26	0.68	NaN	NaN	7.8	23.8	NaN	NaN	0.0	"2.5"	"F0034"	1	0	"PR"	308.544	"deionize"	197.717	0	1	0	0.0	0.0	0.0	null	310.343	0.087
-12.4	0.034925	32062.5	2943.75	2493.75	NaN	NaN	NaN	0	1	1	0	0	0	0	0	0	0	0	0	1	0	0	0	0	1	1	0	1	1	1	0	1	-149.0	0.109	0.307	NaN	NaN	0.26	0.682	NaN	NaN	7.8	23.87	NaN	NaN	0.0	"2.5"	"F0034"	1	0	"PR"	318.579	"deionize"	207.752	0	1	0	0.0	0.0	0.0	null	320.378	0.087
-12.9	0.034375	32437.5	2971.875	2390.625	NaN	NaN	NaN	0	1	1	0	0	0	0	0	0	0	0	0	1	0	0	0	0	1	1	0	1	1	1	0	1	-155.0	0.112	0.297	NaN	NaN	0.267	0.66	NaN	NaN	8.01	23.1	NaN	NaN	0.0	"2.5"	"F0034"	1	0	"PR"	328.616	"deionize"	217.789	0	1	0	0.0	0.0	0.0	null	330.415	0.086
-11.8	0.0341	32812.5	2971.875	2362.5	NaN	NaN	NaN	0	1	1	0	0	0	0	0	0	0	0	0	1	0	0	0	0	1	1	0	1	1	1	0	1	-142.0	0.112	0.294	NaN	NaN	0.267	0.653	NaN	NaN	8.01	22.855	NaN	NaN	0.0	"2.5"	"F0034"	1	0	"PR"	338.658	"deionize"	227.831	0	1	0	0.0	0.0	0.0	null	340.457	0.088
-12.4	0.033825	31875.0	2971.875	2390.625	NaN	NaN	NaN	0	1	1	0	0	0	0	0	0	0	0	0	1	0	0	0	0	1	1	0	1	1	1	0	1	-149.0	0.112	0.297	NaN	NaN	0.267	0.66	NaN	NaN	8.01	23.1	NaN	NaN	0.0	"2.5"	"F0034"	1	0	"PR"	348.694	"deionize"	237.867	0	1	0	0.0	0.0	0.0	null	350.493	0.089
-12.1	0.03355	30562.5	2981.25	2428.125	NaN	NaN	NaN	0	1	1	0	0	0	0	0	0	0	0	0	1	0	0	0	1	1	1	0	1	1	1	0	1	-145.0	0.113	0.301	NaN	NaN	0.269	0.669	NaN	NaN	8.07	23.415	NaN	NaN	0.0	"2.5"	"F0034"	1	0	"PR"	358.631	"deionize-uv"	7.731	0	1	0	0.0	0.0	0.0	null	360.43	0.084
-11.2	0.033	31500.0	2981.25	2400.0	NaN	NaN	NaN	0	1	1	0	0	0	0	0	0	0	0	0	1	0	0	0	1	1	1	0	1	1	1	0	1	-134.0	0.113	0.298	NaN	NaN	0.269	0.662	NaN	NaN	8.07	23.17	NaN	NaN	0.0	"2.5"	"F0034"	1	0	"PR"	368.672	"deionize-uv"	17.772	0	1	0	0.0	0.0	0.0	null	370.471	0.088
-11.4	0.03245	29437.5	2981.25	2343.75	NaN	NaN	NaN	0	1	1	0	0	0	0	0	0	0	0	0	1	0	0	0	1	1	1	0	1	1	1	0	1	-137.0	0.113	0.292	NaN	NaN	0.269	0.649	NaN	NaN	8.07	22.715	NaN	NaN	0.0	"2.5"	"F0034"	1	0	"PR"	378.708	"deionize-uv"	27.808	0	1	0	0.0	0.0	0.0	null	380.507	0.086
-11.0	0.0319	31500.0	2962.5	2381.25	NaN	NaN	NaN	0	1	1	0	0	0	0	0	0	0	0	0	1	0	0	0	1	1	1	0	1	1	1	0	1	-132.0	0.111	0.296	NaN	NaN	0.264	0.658	NaN	NaN	7.92	23.03	NaN	NaN	0.0	"2.5"	"F0034"	1	0	"PR"	388.742	"deionize-uv"	37.842	0	1	0	0.0	0.0	0.0	null	390.541	0.086
-10.7	0.031625	32437.5	2962.5	2371.875	NaN	NaN	NaN	0	1	1	0	0	0	0	0	0	0	0	0	1	0	0	0	1	1	1	0	1	1	1	0	1	-128.0	0.111	0.295	NaN	NaN	0.264	0.656	NaN	NaN	7.92	22.96	NaN	NaN	0.0	"2.5"	"F0034"	1	0	"PR"	398.78	"deionize-uv"	47.88	0	1	0	0.0	0.0	0.0	null	400.579	0.087
-10.8	0.03135	31687.5	2981.25	2446.875	NaN	NaN	NaN	0	1	1	0	0	0	0	0	0	0	0	0	1	0	0	0	1	1	1	0	1	1	1	0	1	-130.0	0.113	0.303	NaN	NaN	0.269	0.673	NaN	NaN	8.07	23.555	NaN	NaN	0.0	"2.5"	"F0034"	1	0	"PR"	408.82	"deionize-uv"	57.92	0	1	0	0.0	0.0	0.0	null	410.619	0.09
-10.6	0.0308	33375.0	2962.5	2400.0	NaN	NaN	NaN	0	1	1	0	0	0	0	0	0	0	0	0	1	0	0	0	1	1	1	0	1	1	1	0	1	-127.0	0.111	0.298	NaN	NaN	0.264	0.662	NaN	NaN	7.92	23.17	NaN	NaN	0.0	"2.5"	"F0034"	1	0	"PR"	418.658	"deionize-uv"	67.758	0	1	0	0.0	0.0	0.0	null	420.457	0.084
-10.5	0.031075	31312.5	2962.5	2437.5	NaN	NaN	NaN	0	1	1	0	0	0	0	0	0	0	0	0	1	0	0	0	1	1	1	0	1	1	1	0	1	-126.0	0.111	0.302	NaN	NaN	0.264	0.671	NaN	NaN	7.92	23.485	NaN	NaN	0.0	"2.5"	"F0034"	1	0	"PR"	428.7	"deionize-uv"	77.8	0	1	0	0.0	0.0	0.0	null	430.499	0.083
-8.6	0.03025	33937.5	2962.5	2390.625	NaN	NaN	NaN	0	1	1	0	0	0	0	0	0	0	0	0	1	0	0	0	1	1	1	0	1	1	1	0	1	-103.0	0.111	0.297	NaN	NaN	0.264	0.66	NaN	NaN	7.92	23.1	NaN	NaN	0.0	"2.5"	"F0034"	1	0	"PR"	438.736	"deionize-uv"	87.836	0	1	0	0.0	0.0	0.0	null	440.535	0.084
-10.2	0.0297	33375.0	2962.5	2400.0	NaN	NaN	NaN	0	1	1	0	0	0	0	0	0	0	0	0	1	0	0	0	1	1	1	0	1	1	1	0	1	-122.0	0.111	0.298	NaN	NaN	0.264	0.662	NaN	NaN	7.92	23.17	NaN	NaN	0.0	"2.5"	"F0034"	1	0	"PR"	448.781	"deionize-uv"	97.881	0	1	0	0.0	0.0	0.0	null	450.58	0.084
-10.0	0.029975	32250.0	2981.25	2390.625	NaN	NaN	NaN	0	1	1	0	0	0	0	0	0	0	0	0	1	0	0	0	1	1	1	0	1	1	1	0	1	-120.0	0.113	0.297	NaN	NaN	0.269	0.66	NaN	NaN	8.07	23.1	NaN	NaN	0.0	"2.5"	"F0034"	1	0	"PR"	458.819	"deionize-uv"	107.919	0	1	0	0.0	0.0	0.0	null	460.618	0.086
-10.2	0.029975	33000.0	2962.5	2437.5	NaN	NaN	NaN	0	1	1	0	0	0	0	0	0	0	0	0	1	0	0	0	1	1	1	0	1	1	1	0	1	-122.0	0.111	0.302	NaN	NaN	0.264	0.671	NaN	NaN	7.92	23.485	NaN	NaN	0.0	"2.5"	"F0034"	1	0	"PR"	468.858	"deionize-uv"	117.958	0	1	0	0.0	0.0	0.0	null	470.657	0.087
-9.1	0.02915	30750.0	2962.5	1921.875	NaN	NaN	NaN	0	0	1	0	0	0	0	1	0	0	0	0	1	0	0	0	1	1	1	0	1	1	1	0	1	-109.0	0.111	0.25	NaN	NaN	0.264	0.556	NaN	NaN	7.92	19.46	NaN	NaN	0.0	"2.5"	"F0034"	1	0	"PR"	478.734	"drip-di-1"	6.733	0	1	0	0.0	0.0	0.0	null	480.533	0.087
12.4	0.02915	27375.0	2784.375	1734.375	NaN	NaN	NaN	1	0	0	0	0	1	1	0	0	0	0	0	1	1	0	0	0	1	1	1	0	1	1	1	0	149.0	0.093	0.231	NaN	NaN	0.221	0.513	NaN	NaN	6.63	17.955	NaN	NaN	0.0	"2.5"	"F0034"	1	1	"PR"	488.735	"reverse-f"	1.568	0	1	0	0.0	0.0	0.0	null	490.534	0.083
12.3	0.0297	29625.0	2821.875	2015.625	NaN	NaN	NaN	1	0	0	0	0	1	1	0	0	0	0	0	1	1	0	0	0	1	1	1	0	1	1	1	0	148.0	0.097	0.26	NaN	NaN	0.231	0.578	NaN	NaN	6.93	20.23	NaN	NaN	0.0	"2.5"	"F0034"	1	1	"PR"	498.774	"reverse-f"	11.607	0	1	0	0.0	0.0	0.0	null	500.573	0.086
13.0	0.031625	30000.0	2812.5	2259.375	NaN	NaN	NaN	0	0	0	0	0	1	1	0	0	0	0	0	1	0	0	0	0	1	1	1	0	1	1	1	0	156.0	0.096	0.284	NaN	NaN	0.229	0.631	NaN	NaN	6.87	22.085	NaN	NaN	0.0	"2.5"	"F0034"	1	1	"PR"	508.918	"reverse"	21.751	0	1	0	0.0	0.0	0.0	null	510.717	0.086
12.3	0.03465	29812.5	2803.125	2250.0	NaN	NaN	NaN	0	0	0	0	0	1	1	0	0	0	0	0	1	0	0	0	0	1	1	1	0	1	1	1	0	148.0	0.095	0.283	NaN	NaN	0.226	0.629	NaN	NaN	6.78	22.015	NaN	NaN	0.0	"2.5"	"F0034"	1	1	"PR"	518.763	"reverse"	31.596	0	1	0	0.0	0.0	0.0	null	520.562	0.085
12.1	0.0363	30000.0	2821.875	2278.125	NaN	NaN	NaN	0	0	0	0	0	1	1	0	0	0	0	0	1	0	0	0	0	1	1	1	0	1	1	1	0	145.0	0.097	0.286	NaN	NaN	0.231	0.636	NaN	NaN	6.93	22.26	NaN	NaN	0.0	"2.5"	"F0034"	1	1	"PR"	528.797	"reverse"	41.63	0	1	0	0.0	0.0	0.0	null	530.596	0.083
11.9	0.0385	27375.0	2821.875	2250.0	NaN	NaN	NaN	0	0	0	0	0	1	1	0	0	0	0	0	1	0	0	0	0	1	1	1	0	1	1	1	0	143.0	0.097	0.283	NaN	NaN	0.231	0.629	NaN	NaN	6.93	22.015	NaN	NaN	0.0	"2.5"	"F0034"	1	1	"PR"	538.832	"reverse"	51.665	0	1	0	0.0	0.0	0.0	null	540.631	0.083
12.8	0.040425	27562.5	2812.5	2240.625	NaN	NaN	NaN	0	0	0	0	0	1	1	0	0	0	0	0	1	0	0	0	0	1	1	1	0	1	1	1	0	154.0	0.096	0.282	NaN	NaN	0.229	0.627	NaN	NaN	6.87	21.945	NaN	NaN	0.0	"2.5"	"F0034"	1	1	"PR"	548.87	"reverse"	61.703	0	1	0	0.0	0.0	0.0	null	550.669	0.089
12.1	0.042075	27000.0	2793.75	2240.625	NaN	NaN	NaN	0	0	0	0	0	1	1	0	0	0	0	0	1	0	0	0	0	1	1	1	0	1	1	1	0	145.0	0.094	0.282	NaN	NaN	0.224	0.627	NaN	NaN	6.72	21.945	NaN	NaN	0.0	"2.5"	"F0034"	1	1	"PR"	558.906	"reverse"	71.739	0	1	0	0.0	0.0	0.0	null	560.705	0.083
12.6	0.044	28312.5	2821.875	2250.0	NaN	NaN	NaN	0	0	0	0	0	1	1	0	0	0	0	0	1	0	0	0	0	1	1	1	0	1	1	1	0	151.0	0.097	0.283	NaN	NaN	0.231	0.629	NaN	NaN	6.93	22.015	NaN	NaN	0.0	"2.5"	"F0034"	1	1	"PR"	568.94	"reverse"	81.773	0	1	0	0.0	0.0	0.0	null	570.739	0.086
12.0	0.045375	28312.5	2784.375	2240.625	NaN	NaN	NaN	0	0	0	0	0	1	1	0	0	0	0	0	1	0	0	0	0	1	1	1	0	1	1	1	0	144.0	0.093	0.282	NaN	NaN	0.221	0.627	NaN	NaN	6.63	21.945	NaN	NaN	0.0	"2.5"	"F0034"	1	1	"PR"	578.98	"reverse"	91.813	0	1	0	0.0	0.0	0.0	null	580.779	0.086
12.6	0.045925	29812.5	2793.75	2250.0	NaN	NaN	NaN	0	0	0	0	0	1	1	0	0	0	0	0	1	0	0	0	0	1	1	1	0	1	1	1	0	151.0	0.094	0.283	NaN	NaN	0.224	0.629	NaN	NaN	6.72	22.015	NaN	NaN	0.0	"2.5"	"F0034"	1	1	"PR"	589.016	"reverse"	101.849	0	1	0	0.0	0.0	0.0	null	590.815	0.083
12.4	0.048125	30000.0	2821.875	2240.625	NaN	NaN	NaN	0	0	0	0	0	1	1	0	0	0	0	0	1	0	0	0	0	1	1	1	0	1	1	1	0	149.0	0.097	0.282	NaN	NaN	0.231	0.627	NaN	NaN	6.93	21.945	NaN	NaN	0.0	"2.5"	"F0034"	1	1	"PR"	598.851	"reverse"	111.684	0	1	0	0.0	0.0	0.0	null	600.65	0.087
12.3	0.04785	27000.0	2803.125	2250.0	NaN	NaN	NaN	0	0	0	0	0	1	1	0	0	0	0	0	1	0	0	0	0	1	1	1	0	1	1	1	0	148.0	0.095	0.283	NaN	NaN	0.226	0.629	NaN	NaN	6.78	22.015	NaN	NaN	0.0	"2.5"	"F0034"	1	1	"PR"	608.886	"reverse"	121.719	0	1	0	0.0	0.0	0.0	null	610.685	0.09
12.1	0.0484	28500.0	2812.5	2240.625	NaN	NaN	NaN	0	0	0	0	0	1	1	0	0	0	0	0	1	0	0	0	0	1	1	1	0	1	1	1	0	145.0	0.096	0.282	NaN	NaN	0.229	0.627	NaN	NaN	6.87	21.945	NaN	NaN	0.0	"2.5"	"F0034"	1	1	"PR"	618.922	"reverse"	131.755	0	1	0	0.0	0.0	0.0	null	620.721	0.086
12.6	0.049775	27187.5	2821.875	2240.625	NaN	NaN	NaN	0	0	0	0	0	1	1	0	0	0	0	0	1	0	0	0	0	1	1	1	0	1	1	1	0	151.0	0.097	0.282	NaN	NaN	0.231	0.627	NaN	NaN	6.93	21.945	NaN	NaN	0.0	"2.5"	"F0034"	1	1	"PR"	628.961	"reverse"	141.794	0	1	0	0.0	0.0	0.0	null	630.76	0.084
1.3	0.04895	-375.0	2990.625	2268.75	NaN	NaN	NaN	0	0	0	0	0	0	0	0	0	0	0	0	0	0	0	0	0	0	0	0	1	0	0	0	1	16.0	0.114	0.285	NaN	NaN	0.271	0.633	NaN	NaN	8.13	22.155	NaN	NaN	0.0	"2.5"	"F0034"	0	0	"PR"	638.886	"diffuse"	1.695	0	1	1	0.0	0.0	0.0	null	640.685	0.089
2.4	0.04895	0.0	2981.25	2250.0	NaN	NaN	NaN	0	0	0	0	0	0	0	0	0	0	0	0	0	0	0	0	0	0	0	0	1	0	0	0	1	29.0	0.113	0.283	NaN	NaN	0.269	0.629	NaN	NaN	8.07	22.015	NaN	NaN	0.0	"2.5"	"F0034"	0	0	"PR"	648.924	"diffuse"	11.733	0	1	1	0.0	0.0	0.0	null	650.723	0.09
1.8	0.049225	0.0	2981.25	2268.75	NaN	NaN	NaN	0	0	0	0	0	0	0	0	0	0	0	0	0	0	0	0	0	0	0	0	1	0	0	0	1	22.0	0.113	0.285	NaN	NaN	0.269	0.633	NaN	NaN	8.07	22.155	NaN	NaN	0.0	"2.5"	"F0034"	0	0	"PR"	658.967	"diffuse"	21.776	0	1	1	0.0	0.0	0.0	null	660.766	0.091
12.6	0.04895	26062.5	2803.125	2240.625	NaN	NaN	NaN	0	0	0	0	0	1	1	0	0	0	0	0	1	0	0	0	0	1	1	1	0	1	1	1	0	151.0	0.095	0.282	NaN	NaN	0.226	0.627	NaN	NaN	6.78	21.945	NaN	NaN	0.0	"2.5"	"F0034"	1	1	"PR"	669.089	"wash-en"	1.894	0	1	1	0.0	0.0	0.0	null	670.888	0.083
12.3	0.0495	26812.5	2821.875	2240.625	NaN	NaN	NaN	0	0	0	0	0	1	1	0	0	0	0	0	1	0	0	0	0	1	1	1	0	1	1	1	0	148.0	0.097	0.282	NaN	NaN	0.231	0.627	NaN	NaN	6.93	21.945	NaN	NaN	0.0	"2.5"	"F0034"	1	1	"PR"	678.928	"wash-en"	11.733	0	1	1	0.0	0.0	0.0	null	680.727	0.087
1.3	0.050325	27937.5	2821.875	2250.0	NaN	NaN	NaN	0	0	0	0	0	1	1	0	0	0	0	0	1	0	0	0	0	0	0	0	1	0	0	0	1	16.0	0.097	0.283	NaN	NaN	0.231	0.629	NaN	NaN	6.93	22.015	NaN	NaN	0.0	"2.5"	"F0034"	0	0	"PR"	689.064	"wash-sc"	1.7	0	1	1	0.0	0.0	0.0	null	690.863	0.088
1.3	0.049775	-937.5	2981.25	2259.375	NaN	NaN	NaN	0	0	0	0	0	0	0	0	0	0	0	0	0	0	0	0	0	0	0	0	1	0	0	0	1	16.0	0.113	0.284	NaN	NaN	0.269	0.631	NaN	NaN	8.07	22.085	NaN	NaN	0.0	"2.5"	"F0034"	0	0	"PR"	699.101	"diffuse"	1.605	0	1	2	0.0	0.0	0.0	null	700.9	0.083
0.6	0.0506	750.0	2990.625	2259.375	NaN	NaN	NaN	0	0	0	0	0	0	0	0	0	0	0	0	0	0	0	0	0	0	0	0	1	0	0	0	1	7.0	0.114	0.284	NaN	NaN	0.271	0.631	NaN	NaN	8.13	22.085	NaN	NaN	0.0	"2.5"	"F0034"	0	0	"PR"	709.142	"diffuse"	11.646	0	1	2	0.0	0.0	0.0	null	710.941	0.084
1.8	0.0506	1875.0	2981.25	2250.0	NaN	NaN	NaN	0	0	0	0	0	0	0	0	0	0	0	0	0	0	0	0	0	0	0	0	1	0	0	0	1	22.0	0.113	0.283	NaN	NaN	0.269	0.629	NaN	NaN	8.07	22.015	NaN	NaN	0.0	"2.5"	"F0034"	0	0	"PR"	718.978	"diffuse"	21.482	0	1	2	0.0	0.0	0.0	null	720.777	0.091
12.9	0.05005	24937.5	2784.375	2278.125	NaN	NaN	NaN	0	0	0	0	0	1	1	0	0	0	0	0	1	0	0	0	0	1	1	1	0	1	1	1	0	155.0	0.093	0.286	NaN	NaN	0.221	0.636	NaN	NaN	6.63	22.26	NaN	NaN	0.0	"2.5"	"F0034"	1	1	"PR"	729.103	"wash-en"	1.495	0	1	2	0.0	0.0	0.0	null	730.902	0.087
12.8	0.049775	30000.0	2831.25	2250.0	NaN	NaN	NaN	0	0	0	0	0	1	1	0	0	0	0	0	1	0	0	0	0	1	1	1	0	1	1	1	0	154.0	0.098	0.283	NaN	NaN	0.233	0.629	NaN	NaN	6.99	22.015	NaN	NaN	0.0	"2.5"	"F0034"	1	1	"PR"	739.133	"wash-en"	11.525	0	1	2	0.0	0.0	0.0	null	740.932	0.087
0.0	0.0506	29250.0	2812.5	2250.0	NaN	NaN	NaN	0	0	0	0	0	1	1	0	0	0	0	0	1	0	0	0	0	0	0	0	1	0	0	0	1	0.0	0.096	0.283	NaN	NaN	0.229	0.629	NaN	NaN	6.87	22.015	NaN	NaN	0.0	"2.5"	"F0034"	0	0	"PR"	749.063	"wash-sc"	1.294	0	1	2	0.0	0.0	0.0	null	750.862	0.089
1.3	0.050875	-562.5	2981.25	2287.5	NaN	NaN	NaN	0	0	0	0	0	0	0	0	0	0	0	0	0	0	0	0	0	0	0	0	1	0	0	0	1	16.0	0.113	0.287	NaN	NaN	0.269	0.638	NaN	NaN	8.07	22.33	NaN	NaN	0.0	"2.5"	"F0034"	0	0	"PR"	759.097	"diffuse"	1.203	0	1	3	0.0	0.0	0.0	null	760.896	0.09
1.2	0.0506	1875.0	2981.25	2278.125	NaN	NaN	NaN	0	0	0	0	0	0	0	0	0	0	0	0	0	0	0	0	0	0	0	0	1	0	0	0	1	14.0	0.113	0.286	NaN	NaN	0.269	0.636	NaN	NaN	8.07	22.26	NaN	NaN	0.0	"2.5"	"F0034"	0	0	"PR"	769.136	"diffuse"	11.242	0	1	3	0.0	0.0	0.0	null	770.935	0.087
1.1	0.0506	2812.5	2981.25	2240.625	NaN	NaN	NaN	0	0	0	0	0	0	0	0	0	0	0	0	0	0	0	0	0	0	0	0	1	0	0	0	1	13.0	0.113	0.282	NaN	NaN	0.269	0.627	NaN	NaN	8.07	21.945	NaN	NaN	0.0	"2.5"	"F0034"	0	0	"PR"	779.175	"diffuse"	21.281	0	1	3	0.0	0.0	0.0	null	780.974	0.089
12.3	0.05005	15937.5	2840.625	2240.625	NaN	NaN	NaN	0	0	0	0	0	1	1	0	0	0	0	0	1	0	0	0	0	1	1	1	0	1	1	1	0	148.0	0.099	0.282	NaN	NaN	0.236	0.627	NaN	NaN	7.08	21.945	NaN	NaN	0.0	"2.5"	"F0034"	1	1	"PR"	789.1	"wash-en"	1.095	0	1	3	0.0	0.0	0.0	null	790.899	0.09
13.0	0.049775	29250.0	2831.25	2268.75	NaN	NaN	NaN	0	0	0	0	0	1	1	0	0	0	0	0	1	0	0	0	0	1	1	1	0	1	1	1	0	156.0	0.098	0.285	NaN	NaN	0.233	0.633	NaN	NaN	6.99	22.155	NaN	NaN	0.0	"2.5"	"F0034"	1	1	"PR"	799.138	"wash-en"	11.133	0	1	3	0.0	0.0	0.0	null	800.937	0.09
-0.6	0.05005	26812.5	2859.375	2259.375	NaN	NaN	NaN	0	0	0	0	0	1	1	0	0	0	0	0	1	0	0	0	0	0	0	0	1	0	0	0	1	-7.0	0.101	0.284	NaN	NaN	0.24	0.631	NaN	NaN	7.2	22.085	NaN	NaN	0.0	"2.5"	"F0034"	0	0	"PR"	809.066	"wash-sc"	0.894	0	1	3	0.0	0.0	0.0	null	810.865	0.088
-0.1	0.0495	187.5	2981.25	2296.875	NaN	NaN	NaN	0	0	0	0	0	0	0	0	0	0	0	0	0	0	0	0	0	0	0	0	1	0	0	0	1	-1.0	0.113	0.288	NaN	NaN	0.269	0.64	NaN	NaN	8.07	22.4	NaN	NaN	0.0	"2.5"	"F0034"	0	0	"PR"	819.098	"diffuse"	0.803	0	1	4	0.0	0.0	0.0	null	820.897	0.087
0.7	0.05005	1500.0	2990.625	2259.375	NaN	NaN	NaN	0	0	0	0	0	0	0	0	0	0	0	0	0	0	0	0	0	0	0	0	1	0	0	0	1	8.0	0.114	0.284	NaN	NaN	0.271	0.631	NaN	NaN	8.13	22.085	NaN	NaN	0.0	"2.5"	"F0034"	0	0	"PR"	829.137	"diffuse"	10.842	0	1	4	0.0	0.0	0.0	null	830.936	0.09
0.9	0.049775	1687.5	2981.25	2268.75	NaN	NaN	NaN	0	0	0	0	0	0	0	0	0	0	0	0	0	0	0	0	0	0	0	0	1	0	0	0	1	11.0	0.113	0.285	NaN	NaN	0.269	0.633	NaN	NaN	8.07	22.155	NaN	NaN	0.0	"2.5"	"F0034"	0	0	"PR"	839.175	"diffuse"	20.88	0	1	4	0.0	0.0	0.0	null	840.974	0.091
12.6	0.0495	10125.0	2784.375	2240.625	NaN	NaN	NaN	0	0	0	0	0	1	1	0	0	0	0	0	1	0	0	0	0	1	1	1	0	1	1	1	0	151.0	0.093	0.282	NaN	NaN	0.221	0.627	NaN	NaN	6.63	21.945	NaN	NaN	0.0	"2.5"	"F0034"	1	1	"PR"	849.11	"wash-en"	0.697	0	1	4	0.0	0.0	0.0	null	850.909	0.086
11.8	0.049775	27187.5	2821.875	2240.625	NaN	NaN	NaN	0	0	0	0	0	1	1	0	0	0	0	0	1	0	0	0	0	1	1	1	0	1	1	1	0	142.0	0.097	0.282	NaN	NaN	0.231	0.627	NaN	NaN	6.93	21.945	NaN	NaN	0.0	"2.5"	"F0034"	1	1	"PR"	859.147	"wash-en"	10.734	0	1	4	0.0	0.0	0.0	null	860.946	0.086
2.7	0.049775	30000.0	2850.0	2240.625	NaN	NaN	NaN	0	0	0	0	0	1	1	0	0	0	0	0	1	0	0	0	0	0	0	0	1	0	0	0	1	32.0	0.1	0.282	NaN	NaN	0.238	0.627	NaN	NaN	7.14	21.945	NaN	NaN	0.0	"2.5"	"F0034"	0	0	"PR"	869.279	"wash-sc"	0.694	0	1	4	0.0	0.0	0.0	null	871.078	0.086
-0.3	0.0495	13687.5	2896.875	2240.625	NaN	NaN	NaN	0	0	0	0	1	0	0	0	0	0	0	0	0	0	0	0	0	0	0	0	1	0	0	0	1	-4.0	0.105	0.282	NaN	NaN	0.25	0.627	NaN	NaN	7.5	21.945	NaN	NaN	0.0	"2.5"	"F0034"	0	0	"PR"	879.112	"drain-rg"	0.401	0	1	4	0.0	0.0	0.0	null	880.911	0.159
-0.5	0.049775	-187.5	2428.125	2250.0	NaN	NaN	NaN	0	0	0	0	1	0	0	0	0	0	0	0	0	0	0	0	0	0	0	0	1	0	0	0	1	-6.0	0.058	0.283	NaN	NaN	0.138	0.629	NaN	NaN	4.14	22.015	NaN	NaN	0.0	"2.5"	"F0034"	0	0	"PR"	889.15	"drain-rg"	10.439	0	1	4	0.0	0.0	0.0	null	890.949	0.086
0.6	0.049775	-1312.5	2053.125	2250.0	NaN	NaN	NaN	0	0	0	0	1	0	0	0	0	0	0	0	0	0	0	0	0	0	0	0	1	0	0	0	1	7.0	0.02	0.283	NaN	NaN	0.048	0.629	NaN	NaN	1.44	22.015	NaN	NaN	0.0	"2.5"	"F0034"	0	0	"PR"	899.188	"drain-rg"	20.477	0	1	4	0.0	0.0	0.0	null	900.987	0.086
0.7	0.0495	-375.0	1659.375	2259.375	NaN	NaN	NaN	0	0	0	0	1	0	0	0	0	0	0	0	0	0	0	0	0	0	0	0	1	0	0	0	1	8.0	-0.019	0.284	NaN	NaN	-0.045	0.631	NaN	NaN	-1.35	22.085	NaN	NaN	0.0	"2.5"	"F0034"	0	0	"PR"	909.224	"drip-rg"	4.618	0	1	4	0.0	0.0	0.0	null	911.023	0.086
1.0	0.05005	-1125.0	9.375	2268.75	NaN	NaN	NaN	0	0	0	0	1	0	0	0	0	0	0	0	0	0	0	0	0	0	0	0	1	0	0	0	1	12.0	-0.184	0.285	NaN	NaN	-0.438	0.633	NaN	NaN	-13.14	22.155	NaN	NaN	0.0	"2.5"	"F0034"	0	0	"PR"	919.262	"drip-rg"	14.656	0	1	4	0.0	0.0	0.0	null	921.061	0.085
0.5	0.049775	25312.5	1875.0	2081.25	NaN	NaN	NaN	0	0	1	0	0	1	0	0	0	0	0	0	1	0	0	0	0	0	0	0	1	0	0	0	1	6.0	0.003	0.266	NaN	NaN	0.007	0.591	NaN	NaN	0.21	20.685	NaN	NaN	0.0	"2.5"	"F0034"	0	0	"FR"	8.861	"fill-rg-di"	8.66	1	1	0	921.663	0.0	0.0	null	931.144	0.086
1.4	0.048675	27937.5	2212.5	1800.0	NaN	NaN	NaN	0	0	1	0	0	1	0	0	0	0	0	0	1	0	0	0	0	0	0	0	1	0	0	0	1	17.0	0.036	0.238	NaN	NaN	0.086	0.529	NaN	NaN	2.58	18.515	NaN	NaN	0.0	"2.5"	"F0034"	0	0	"FR"	18.696	"fill-rg-di"	18.495	1	1	0	921.663	0.0	0.0	null	940.979	0.084
0.3	0.0473	28500.0	2550.0	1556.25	NaN	NaN	NaN	0	0	1	0	0	1	0	0	0	0	0	0	1	0	0	0	0	0	0	0	1	0	0	0	1	4.0	0.07	0.214	NaN	NaN	0.167	0.476	NaN	NaN	5.01	16.66	NaN	NaN	0.0	"2.5"	"F0034"	0	0	"FR"	28.734	"fill-rg-di"	28.533	1	1	0	921.663	0.0	0.0	null	951.017	0.083
0.9	0.04565	29437.5	2840.625	1303.125	NaN	NaN	NaN	0	0	1	0	0	1	0	0	0	0	0	0	1	0	0	0	0	0	0	0	1	0	0	0	1	11.0	0.099	0.188	NaN	NaN	0.236	0.418	NaN	NaN	7.08	14.63	NaN	NaN	0.0	"2.5"	"F0034"	0	0	"FR"	38.769	"fill-rg-di"	38.568	1	1	0	921.663	0.0	0.0	null	961.052	0.084
0.6	0.0451	29437.5	3178.125	1040.625	NaN	NaN	NaN	0	0	1	0	0	1	0	0	0	0	0	0	1	0	0	0	0	0	0	0	1	0	0	0	1	7.0	0.133	0.162	NaN	NaN	0.317	0.36	NaN	NaN	9.51	12.6	NaN	NaN	0.0	"2.5"	"F0034"	0	0	"FR"	48.807	"fill-rg-di"	48.606	1	1	0	921.663	0.0	0.0	null	971.09	0.086
0.6	0.044825	1125.0	2850.0	956.25	NaN	NaN	NaN	0	0	0	0	1	0	0	0	0	0	0	0	0	0	0	0	0	0	0	0	1	0	0	0	1	7.0	0.1	0.154	NaN	NaN	0.238	0.342	NaN	NaN	7.14	11.97	NaN	NaN	0.0	"2.5"	"F0034"	0	0	"FR"	58.845	"drain-rg"	6.223	1	1	0	921.663	0.0	0.0	null	981.128	0.086
0.6	0.044825	2250.0	2503.125	946.875	NaN	NaN	NaN	0	0	0	0	1	0	0	0	0	0	0	0	0	0	0	0	0	0	0	0	1	0	0	0	1	7.0	0.065	0.153	NaN	NaN	0.155	0.34	NaN	NaN	4.65	11.9	NaN	NaN	0.0	"2.5"	"F0034"	0	0	"FR"	68.887	"drain-rg"	16.265	1	1	0	921.663	0.0	0.0	null	991.17	0.087
0.6	0.044	1312.5	2165.625	956.25	NaN	NaN	NaN	0	0	0	0	1	0	0	0	0	0	0	0	0	0	0	0	0	0	0	0	1	0	0	0	1	7.0	0.032	0.154	NaN	NaN	0.076	0.342	NaN	NaN	2.28	11.97	NaN	NaN	0.0	"2.5"	"F0034"	0	0	"FR"	78.924	"drain-rg"	26.302	1	1	0	921.663	0.0	0.0	null	1001.207	0.086
1.4	0.04455	937.5	1809.375	946.875	NaN	NaN	NaN	0	0	0	0	1	0	0	0	0	0	0	0	0	0	0	0	0	0	0	0	1	0	0	0	1	17.0	-0.004	0.153	NaN	NaN	-0.01	0.34	NaN	NaN	-0.3	11.9	NaN	NaN	0.0	"2.5"	"F0034"	0	0	"FR"	88.96	"drip-rg"	3.009	1	1	0	921.663	0.0	0.0	null	1011.243	0.084
0.3	0.043725	937.5	-18.75	946.875	NaN	NaN	NaN	0	0	0	0	1	0	0	0	0	0	0	0	0	0	0	0	0	0	0	0	1	0	0	0	1	4.0	-0.187	0.153	NaN	NaN	-0.445	0.34	NaN	NaN	-13.35	11.9	NaN	NaN	0.0	"2.5"	"F0034"	0	0	"FR"	98.798	"drip-rg"	12.847	1	1	0	921.663	0.0	0.0	null	1021.081	0.085
0.3	0.04455	26250.0	1771.875	796.875	NaN	NaN	NaN	0	0	1	0	0	1	0	0	0	0	0	0	1	0	0	0	0	0	0	0	1	0	0	0	1	4.0	-0.008	0.138	NaN	NaN	-0.019	0.307	NaN	NaN	-0.57	10.745	NaN	NaN	0.0	"2.5"	"F0034"	0	0	"PR"	7.048	"fill-rg-di"	6.847	1	0	0	921.663	0.0	1023.49	null	1031.157	0.084
0.7	0.044	27375.0	2193.75	562.5	NaN	NaN	NaN	0	0	1	0	0	1	0	0	0	0	0	0	1	0	0	0	0	0	0	0	1	0	0	0	1	8.0	0.034	0.114	NaN	NaN	0.081	0.253	NaN	NaN	2.43	8.855	NaN	NaN	0.0	"2.5"	"F0034"	0	0	"PR"	17.087	"fill-rg-di"	16.886	1	0	0	921.663	0.0	1023.49	null	1041.196	0.086
0.6	0.0429	25687.5	2503.125	271.875	NaN	NaN	NaN	0	0	1	0	0	1	0	0	0	0	0	0	1	0	0	0	0	0	0	0	1	0	0	0	1	7.0	0.065	0.085	NaN	NaN	0.155	0.189	NaN	NaN	4.65	6.615	NaN	NaN	0.0	"2.5"	"F0034"	0	0	"PR"	27.121	"fill-rg-di"	26.92	1	0	0	921.663	0.0	1023.49	null	1051.23	0.086
0.5	0.0418	375.0	2756.25	121.875	NaN	NaN	NaN	1	0	0	0	0	0	0	0	0	0	0	0	0	1	0	0	0	0	0	0	1	0	0	0	1	6.0	0.091	0.07	NaN	NaN	0.217	0.156	NaN	NaN	6.51	5.46	NaN	NaN	0.0	"2.5"	"F0034"	0	0	"PR"	37.16	"fill-di-lb"	1.407	1	0	0	921.663	0.0	1023.49	null	1061.269	0.089
0.6	0.042075	1875.0	2746.875	393.75	NaN	NaN	NaN	1	0	0	0	0	0	0	0	0	0	0	0	0	1	0	0	0	0	0	0	1	0	0	0	1	7.0	0.09	0.097	NaN	NaN	0.214	0.216	NaN	NaN	6.42	7.56	NaN	NaN	0.0	"2.5"	"F0034"	0	0	"PR"	46.998	"fill-di-lb"	11.245	1	0	0	921.663	0.0	1023.49	null	1071.107	0.085
0.6	0.04235	2250.0	2746.875	693.75	NaN	NaN	NaN	1	0	0	0	0	0	0	0	0	0	0	0	0	1	0	0	0	0	0	0	1	0	0	0	1	7.0	0.09	0.127	NaN	NaN	0.214	0.282	NaN	NaN	6.42	9.87	NaN	NaN	0.0	"2.5"	"F0034"	0	0	"PR"	57.032	"fill-di-lb"	21.279	1	0	0	921.663	0.0	1023.49	null	1081.141	0.084
0.6	0.0418	2625.0	2746.875	975.0	NaN	NaN	NaN	1	0	0	0	0	0	0	0	0	0	0	0	0	1	0	0	0	0	0	0	1	0	0	0	1	7.0	0.09	0.155	NaN	NaN	0.214	0.344	NaN	NaN	6.42	12.04	NaN	NaN	0.0	"2.5"	"F0034"	0	0	"PR"	67.07	"fill-di-lb"	31.317	1	0	0	921.663	0.0	1023.49	null	1091.179	0.085
0.6	0.04235	2812.5	2765.625	1246.875	NaN	NaN	NaN	1	0	0	0	0	0	0	0	0	0	0	0	0	1	0	0	0	0	0	0	1	0	0	0	1	7.0	0.092	0.183	NaN	NaN	0.219	0.407	NaN	NaN	6.57	14.245	NaN	NaN	0.0	"2.5"	"F0034"	0	0	"PR"	77.106	"fill-di-lb"	41.353	1	0	0	921.663	0.0	1023.49	null	1101.215	0.085
0.6	0.042625	3750.0	2746.875	1556.25	NaN	NaN	NaN	1	0	0	0	0	0	0	0	0	0	0	0	0	1	0	0	0	0	0	0	1	0	0	0	1	7.0	0.09	0.214	NaN	NaN	0.214	0.476	NaN	NaN	6.42	16.66	NaN	NaN	0.0	"2.5"	"F0034"	0	0	"PR"	87.146	"fill-di-lb"	51.393	1	0	0	921.663	0.0	1023.49	null	1111.255	0.084
0.7	0.042625	2250.0	2756.25	1828.125	NaN	NaN	NaN	1	0	0	0	0	0	0	0	0	0	0	0	0	1	0	0	0	0	0	0	1	0	0	0	1	8.0	0.091	0.241	NaN	NaN	0.217	0.536	NaN	NaN	6.51	18.76	NaN	NaN	0.0	"2.5"	"F0034"	0	0	"PR"	97.184	"fill-di-lb"	61.431	1	0	0	921.663	0.0	1023.49	null	1121.293	0.083
0.5	0.042625	1500.0	2746.875	2100.0	NaN	NaN	NaN	1	0	0	0	0	0	0	0	0	0	0	0	0	1	0	0	0	0	0	0	1	0	0	0	1	6.0	0.09	0.268	NaN	NaN	0.214	0.596	NaN	NaN	6.42	20.86	NaN	NaN	0.0	"2.5"	"F0034"	0	0	"PR"	107.224	"fill-di-lb"	71.471	1	0	0	921.663	0.0	1023.49	null	1131.333	0.086
0.6	0.042625	26812.5	2934.375	2081.25	NaN	NaN	NaN	0	0	1	0	0	1	0	0	0	0	0	0	1	0	0	0	0	0	0	0	1	0	0	0	1	7.0	0.108	0.266	NaN	NaN	0.257	0.591	NaN	NaN	7.71	20.685	NaN	NaN	0.0	"2.5"	"F0034"	0	0	"PR"	117.061	"fill-rg-di"	6.628	1	0	0	921.663	0.0	1023.49	null	1141.17	0.091
12.5	0.041525	29625.0	2981.25	2512.5	NaN	NaN	NaN	0	1	1	0	0	0	0	0	0	0	0	0	1	0	0	0	0	1	1	1	0	1	1	1	0	150.0	0.113	0.309	NaN	NaN	0.269	0.687	NaN	NaN	8.07	24.045	NaN	NaN	0.0	"2.5"	"F0034"	1	1	"PR"	127.101	"deionize"	2.011	1	1	0	921.663	0.0	1023.49	null	1151.21	0.09
12.4	0.0418	32812.5	2962.5	2606.25	NaN	NaN	NaN	0	1	1	0	0	0	0	0	0	0	0	0	1	0	0	0	0	1	1	1	0	1	1	1	0	149.0	0.111	0.319	NaN	NaN	0.264	0.709	NaN	NaN	7.92	24.815	NaN	NaN	0.0	"2.5"	"F0034"	1	1	"PR"	137.135	"deionize"	12.045	1	1	0	921.663	0.0	1023.49	null	1161.244	0.084
13.0	0.0418	33000.0	2962.5	2568.75	NaN	NaN	NaN	0	1	1	0	0	0	0	0	0	0	0	0	1	0	0	0	0	1	1	1	0	1	1	1	0	156.0	0.111	0.315	NaN	NaN	0.264	0.7	NaN	NaN	7.92	24.5	NaN	NaN	0.0	"2.5"	"F0034"	1	1	"PR"	147.173	"deionize"	22.083	1	1	0	921.663	0.0	1023.49	null	1171.282	0.085
13.0	0.040425	33000.0	2934.375	2587.5	NaN	NaN	NaN	0	1	1	0	0	0	0	0	0	0	0	0	1	0	0	0	0	1	1	1	0	1	1	1	0	156.0	0.108	0.317	NaN	NaN	0.257	0.704	NaN	NaN	7.71	24.64	NaN	NaN	0.0	"2.5"	"F0034"	1	1	"PR"	157.208	"deionize"	32.118	1	1	0	921.663	0.0	1023.49	null	1181.317	0.087
12.4	0.0396	32812.5	2962.5	2587.5	NaN	NaN	NaN	0	1	1	0	0	0	0	0	0	0	0	0	1	0	0	0	0	1	1	1	0	1	1	1	0	149.0	0.111	0.317	NaN	NaN	0.264	0.704	NaN	NaN	7.92	24.64	NaN	NaN	0.0	"2.5"	"F0034"	1	1	"PR"	167.248	"deionize"	42.158	1	1	0	921.663	0.0	1023.49	null	1191.357	0.088
12.5	0.038225	32437.5	2953.125	2559.375	NaN	NaN	NaN	0	1	1	0	0	0	0	0	0	0	0	0	1	0	0	0	0	1	1	1	0	1	1	1	0	150.0	0.11	0.314	NaN	NaN	0.262	0.698	NaN	NaN	7.86	24.43	NaN	NaN	0.0	"2.5"	"F0034"	1	1	"PR"	177.287	"deionize"	52.197	1	1	0	921.663	0.0	1023.49	null	1201.396	0.084
12.9	0.03795	30375.0	2953.125	2531.25	NaN	NaN	NaN	0	1	1	0	0	0	0	0	0	0	0	0	1	0	0	0	0	1	1	1	0	1	1	1	0	155.0	0.11	0.311	NaN	NaN	0.262	0.691	NaN	NaN	7.86	24.185	NaN	NaN	0.0	"2.5"	"F0034"	1	1	"PR"	187.323	"deionize"	62.233	1	1	0	921.663	0.0	1023.49	null	1211.432	0.087
12.4	0.037125	29625.0	2953.125	2568.75	NaN	NaN	NaN	0	1	1	0	0	0	0	0	0	0	0	0	1	0	0	0	0	1	1	1	0	1	1	1	0	149.0	0.11	0.315	NaN	NaN	0.262	0.7	NaN	NaN	7.86	24.5	NaN	NaN	0.0	"2.5"	"F0034"	1	1	"PR"	197.16	"deionize"	72.07	1	1	0	921.663	0.0	1023.49	null	1221.269	0.093
12.4	0.036575	31312.5	2981.25	2662.5	NaN	NaN	NaN	0	1	1	0	0	0	0	0	0	0	0	0	1	0	0	0	0	1	1	1	0	1	1	1	0	149.0	0.113	0.324	NaN	NaN	0.269	0.72	NaN	NaN	8.07	25.2	NaN	NaN	0.0	"2.5"	"F0034"	1	1	"PR"	207.197	"deionize"	82.107	1	1	0	921.663	0.0	1023.49	null	1231.306	0.087
12.1	0.0352	34312.5	2953.125	2568.75	NaN	NaN	NaN	0	1	1	0	0	0	0	0	0	0	0	0	1	0	0	0	0	1	1	1	0	1	1	1	0	145.0	0.11	0.315	NaN	NaN	0.262	0.7	NaN	NaN	7.86	24.5	NaN	NaN	0.0	"2.5"	"F0034"	1	1	"PR"	217.231	"deionize"	92.141	1	1	0	921.663	0.0	1023.49	null	1241.34	0.09
11.7	0.0352	33000.0	2934.375	2587.5	NaN	NaN	NaN	0	1	1	0	0	0	0	0	0	0	0	0	1	0	0	0	0	1	1	1	0	1	1	1	0	140.0	0.108	0.317	NaN	NaN	0.257	0.704	NaN	NaN	7.71	24.64	NaN	NaN	0.0	"2.5"	"F0034"	1	1	"PR"	227.269	"deionize"	102.179	1	1	0	921.663	0.0	1023.49	null	1251.378	0.091
12.4	0.034925	31875.0	2953.125	2596.875	NaN	NaN	NaN	0	1	1	0	0	0	0	0	0	0	0	0	1	0	0	0	0	1	1	1	0	1	1	1	0	149.0	0.11	0.318	NaN	NaN	0.262	0.707	NaN	NaN	7.86	24.745	NaN	NaN	0.0	"2.5"	"F0034"	1	1	"PR"	237.303	"deionize"	112.213	1	1	0	921.663	0.0	1023.49	null	1261.412	0.087
11.4	0.033825	31875.0	2953.125	2512.5	NaN	NaN	NaN	0	1	1	0	0	0	0	0	0	0	0	0	1	0	0	0	0	1	1	1	0	1	1	1	0	137.0	0.11	0.309	NaN	NaN	0.262	0.687	NaN	NaN	7.86	24.045	NaN	NaN	0.0	"2.5"	"F0034"	1	1	"PR"	247.339	"deionize"	122.249	1	1	0	921.663	0.0	1023.49	null	1271.448	0.084
12.3	0.033825	30000.0	2981.25	2578.125	NaN	NaN	NaN	0	1	1	0	0	0	0	0	0	0	0	0	1	0	0	0	0	1	1	1	0	1	1	1	0	148.0	0.113	0.316	NaN	NaN	0.269	0.702	NaN	NaN	8.07	24.57	NaN	NaN	0.0	"2.5"	"F0034"	1	1	"PR"	257.382	"deionize"	132.292	1	1	0	921.663	0.0	1023.49	null	1281.491	0.084
12.4	0.033825	33562.5	2981.25	2559.375	NaN	NaN	NaN	0	1	1	0	0	0	0	0	0	0	0	0	1	0	0	0	0	1	1	1	0	1	1	1	0	149.0	0.113	0.314	NaN	NaN	0.269	0.698	NaN	NaN	8.07	24.43	NaN	NaN	0.0	"2.5"	"F0034"	1	1	"PR"	267.215	"deionize"	142.125	1	1	0	921.663	0.0	1023.49	null	1291.324	0.09
12.0	0.03245	32812.5	2962.5	2587.5	NaN	NaN	NaN	0	1	1	0	0	0	0	0	0	0	0	0	1	0	0	0	0	1	1	1	0	1	1	1	0	144.0	0.111	0.317	NaN	NaN	0.264	0.704	NaN	NaN	7.92	24.64	NaN	NaN	0.0	"2.5"	"F0034"	1	1	"PR"	277.254	"deionize"	152.164	1	1	0	921.663	0.0	1023.49	null	1301.363	0.089
12.6	0.0319	31500.0	2953.125	2606.25	NaN	NaN	NaN	0	1	1	0	0	0	0	0	0	0	0	0	1	0	0	0	0	1	1	1	0	1	1	1	0	151.0	0.11	0.319	NaN	NaN	0.262	0.709	NaN	NaN	7.86	24.815	NaN	NaN	0.0	"2.5"	"F0034"	1	1	"PR"	287.287	"deionize"	162.197	1	1	0	921.663	0.0	1023.49	null	1311.396	0.09
12.5	0.032175	31875.0	2953.125	2550.0	NaN	NaN	NaN	0	1	1	0	0	0	0	0	0	0	0	0	1	0	0	0	0	1	1	1	0	1	1	1	0	150.0	0.11	0.313	NaN	NaN	0.262	0.696	NaN	NaN	7.86	24.36	NaN	NaN	0.0	"2.5"	"F0034"	1	1	"PR"	297.318	"deionize"	172.228	1	1	0	921.663	0.0	1023.49	null	1321.427	0.09
12.2	0.03135	30937.5	2943.75	2568.75	NaN	NaN	NaN	0	1	1	0	0	0	0	0	0	0	0	0	1	0	0	0	0	1	1	1	0	1	1	1	0	146.0	0.109	0.315	NaN	NaN	0.26	0.7	NaN	NaN	7.8	24.5	NaN	NaN	0.0	"2.5"	"F0034"	1	1	"PR"	307.356	"deionize"	182.266	1	1	0	921.663	0.0	1023.49	null	1331.465	0.089
11.4	0.031075	32625.0	2962.5	2540.625	NaN	NaN	NaN	0	1	1	0	0	0	0	0	0	0	0	0	1	0	0	0	0	1	1	1	0	1	1	1	0	137.0	0.111	0.312	NaN	NaN	0.264	0.693	NaN	NaN	7.92	24.255	NaN	NaN	0.0	"2.5"	"F0034"	1	1	"PR"	317.393	"deionize"	192.303	1	1	0	921.663	0.0	1023.49	null	1341.502	0.09
11.9	0.03025	33562.5	2971.875	2550.0	NaN	NaN	NaN	0	1	1	0	0	0	0	0	0	0	0	0	1	0	0	0	0	1	1	1	0	1	1	1	0	143.0	0.112	0.313	NaN	NaN	0.267	0.696	NaN	NaN	8.01	24.36	NaN	NaN	0.0	"2.5"	"F0034"	1	1	"PR"	327.43	"deionize"	202.34	1	1	0	921.663	0.0	1023.49	null	1351.539	0.09
12.4	0.03025	31875.0	2943.75	2550.0	NaN	NaN	NaN	0	1	1	0	0	0	0	0	0	0	0	0	1	0	0	0	0	1	1	1	0	1	1	1	0	149.0	0.109	0.313	NaN	NaN	0.26	0.696	NaN	NaN	7.8	24.36	NaN	NaN	0.0	"2.5"	"F0034"	1	1	"PR"	337.467	"deionize"	212.377	1	1	0	921.663	0.0	1023.49	null	1361.576	0.092
12.4	0.029425	31875.0	2953.125	2606.25	NaN	NaN	NaN	0	1	1	0	0	0	0	0	0	0	0	0	1	0	0	0	0	1	1	1	0	1	1	1	0	149.0	0.11	0.319	NaN	NaN	0.262	0.709	NaN	NaN	7.86	24.815	NaN	NaN	0.0	"2.5"	"F0034"	1	1	"PR"	347.299	"deionize"	222.209	1	1	0	921.663	0.0	1023.49	null	1371.408	0.085
11.2	0.0297	31687.5	2962.5	2540.625	NaN	NaN	NaN	0	1	1	0	0	0	0	0	0	0	0	0	1	0	0	0	0	1	1	1	0	1	1	1	0	134.0	0.111	0.312	NaN	NaN	0.264	0.693	NaN	NaN	7.92	24.255	NaN	NaN	0.0	"2.5"	"F0034"	1	1	"PR"	357.334	"deionize"	232.244	1	1	0	921.663	0.0	1023.49	null	1381.443	0.087
11.9	0.02915	32625.0	2962.5	2578.125	NaN	NaN	NaN	0	1	1	0	0	0	0	0	0	0	0	0	1	0	0	0	1	1	1	1	0	1	1	1	0	143.0	0.111	0.316	NaN	NaN	0.264	0.702	NaN	NaN	7.92	24.57	NaN	NaN	0.0	"2.5"	"F0034"	1	1	"PR"	367.482	"deionize-uv"	2.315	1	1	0	921.663	0.0	1023.49	null	1391.591	0.09
11.4	0.028875	32062.5	2971.875	2568.75	NaN	NaN	NaN	0	1	1	0	0	0	0	0	0	0	0	0	1	0	0	0	1	1	1	1	0	1	1	1	0	137.0	0.112	0.315	NaN	NaN	0.267	0.7	NaN	NaN	8.01	24.5	NaN	NaN	0.0	"2.5"	"F0034"	1	1	"PR"	377.518	"deionize-uv"	12.351	1	1	0	921.663	0.0	1023.49	null	1401.627	0.089
11.3	0.02805	31875.0	2962.5	2559.375	NaN	NaN	NaN	0	1	1	0	0	0	0	0	0	0	0	0	1	0	0	0	1	1	1	1	0	1	1	1	0	136.0	0.111	0.314	NaN	NaN	0.264	0.698	NaN	NaN	7.92	24.43	NaN	NaN	0.0	"2.5"	"F0034"	1	1	"PR"	387.358	"deionize-uv"	22.191	1	1	0	921.663	0.0	1023.49	null	1411.467	0.087
11.0	0.027775	32812.5	2971.875	2550.0	NaN	NaN	NaN	0	1	1	0	0	0	0	0	0	0	0	0	1	0	0	0	1	1	1	1	0	1	1	1	0	132.0	0.112	0.313	NaN	NaN	0.267	0.696	NaN	NaN	8.01	24.36	NaN	NaN	0.0	"2.5"	"F0034"	1	1	"PR"	397.394	"deionize-uv"	32.227	1	1	0	921.663	0.0	1023.49	null	1421.503	0.086
11.1	0.027775	32437.5	2934.375	2531.25	NaN	NaN	NaN	0	1	1	0	0	0	0	0	0	0	0	0	1	0	0	0	1	1	1	1	0	1	1	1	0	133.0	0.108	0.311	NaN	NaN	0.257	0.691	NaN	NaN	7.71	24.185	NaN	NaN	0.0	"2.5"	"F0034"	1	1	"PR"	407.43	"deionize-uv"	42.263	1	1	0	921.663	0.0	1023.49	null	1431.539	0.086
11.0	0.0275	31500.0	2953.125	2550.0	NaN	NaN	NaN	0	1	1	0	0	0	0	0	0	0	0	0	1	0	0	0	1	1	1	1	0	1	1	1	0	132.0	0.11	0.313	NaN	NaN	0.262	0.696	NaN	NaN	7.86	24.36	NaN	NaN	0.0	"2.5"	"F0034"	1	1	"PR"	417.47	"deionize-uv"	52.303	1	1	0	921.663	0.0	1023.49	null	1441.579	0.091
10.1	0.02695	30750.0	2962.5	2550.0	NaN	NaN	NaN	0	1	1	0	0	0	0	0	0	0	0	0	1	0	0	0	1	1	1	1	0	1	1	1	0	121.0	0.111	0.313	NaN	NaN	0.264	0.696	NaN	NaN	7.92	24.36	NaN	NaN	0.0	"2.5"	"F0034"	1	1	"PR"	427.508	"deionize-uv"	62.341	1	1	0	921.663	0.0	1023.49	null	1451.617	0.089
10.4	0.0264	31312.5	2990.625	2550.0	NaN	NaN	NaN	0	1	1	0	0	0	0	0	0	0	0	0	1	0	0	0	1	1	1	1	0	1	1	1	0	125.0	0.114	0.313	NaN	NaN	0.271	0.696	NaN	NaN	8.13	24.36	NaN	NaN	0.0	"2.5"	"F0034"	1	1	"PR"	437.542	"deionize-uv"	72.375	1	1	0	921.663	0.0	1023.49	null	1461.651	0.091
11.2	0.02585	32250.0	2981.25	2550.0	NaN	NaN	NaN	0	1	1	0	0	0	0	0	0	0	0	0	1	0	0	0	1	1	1	1	0	1	1	1	0	134.0	0.113	0.313	NaN	NaN	0.269	0.696	NaN	NaN	8.07	24.36	NaN	NaN	0.0	"2.5"	"F0034"	1	1	"PR"	447.579	"deionize-uv"	82.412	1	1	0	921.663	0.0	1023.49	null	1471.688	0.09
10.5	0.02585	30750.0	2943.75	2587.5	NaN	NaN	NaN	0	1	1	0	0	0	0	0	0	0	0	0	1	0	0	0	1	1	1	1	0	1	1	1	0	126.0	0.109	0.317	NaN	NaN	0.26	0.704	NaN	NaN	7.8	24.64	NaN	NaN	0.0	"2.5"	"F0034"	1	1	"PR"	457.417	"deionize-uv"	92.25	1	1	0	921.663	0.0	1023.49	null	1481.526	0.085
10.1	0.02585	31312.5	2971.875	2587.5	NaN	NaN	NaN	0	1	1	0	0	0	0	0	0	0	0	0	1	0	0	0	1	1	1	1	0	1	1	1	0	121.0	0.112	0.317	NaN	NaN	0.267	0.704	NaN	NaN	8.01	24.64	NaN	NaN	0.0	"2.5"	"F0034"	1	1	"PR"	467.459	"deionize-uv"	102.292	1	1	0	921.663	0.0	1023.49	null	1491.568	0.086
9.8	0.025025	33000.0	2943.75	2484.375	NaN	NaN	NaN	0	1	1	0	0	0	0	0	0	0	0	0	1	0	0	0	1	1	1	1	0	1	1	1	0	118.0	0.109	0.306	NaN	NaN	0.26	0.68	NaN	NaN	7.8	23.8	NaN	NaN	0.0	"2.5"	"F0034"	1	1	"PR"	477.496	"deionize-uv"	112.329	1	1	0	921.663	0.0	1023.49	null	1501.605	0.086
9.5	0.0253	30937.5	2962.5	2203.125	NaN	NaN	NaN	0	0	1	0	0	0	0	1	0	0	0	0	1	0	0	0	1	1	1	1	0	1	1	1	0	114.0	0.111	0.278	NaN	NaN	0.264	0.618	NaN	NaN	7.92	21.63	NaN	NaN	0.0	"2.5"	"F0034"	1	1	"PR"	487.568	"drip-di-1"	1.315	1	1	0	921.663	0.0	1023.49	null	1511.677	0.088
9.7	0.025025	30562.5	2953.125	1959.375	NaN	NaN	NaN	0	0	1	0	0	0	0	1	0	0	0	0	1	0	0	0	1	1	1	1	0	1	1	1	0	116.0	0.11	0.254	NaN	NaN	0.262	0.564	NaN	NaN	7.86	19.74	NaN	NaN	0.0	"2.5"	"F0034"	1	1	"PR"	497.607	"drip-di-1"	11.354	1	1	0	921.663	0.0	1023.49	null	1521.716	0.087
-12.5	0.024475	29062.5	2784.375	2006.25	NaN	NaN	NaN	1	0	0	0	0	1	1	0	0	0	0	0	1	1	0	0	0	1	1	0	1	1	1	0	1	-150.0	0.093	0.259	NaN	NaN	0.221	0.576	NaN	NaN	6.63	20.16	NaN	NaN	0.0	"2.5"	"F0034"	1	0	"PR"	507.604	"reverse-f"	6.185	1	1	0	921.663	0.0	1023.49	null	1531.713	0.086
-11.6	0.02585	28687.5	2812.5	2278.125	NaN	NaN	NaN	0	0	0	0	0	1	1	0	0	0	0	0	1	0	0	0	0	1	1	0	1	1	1	0	1	-139.0	0.096	0.286	NaN	NaN	0.229	0.636	NaN	NaN	6.87	22.26	NaN	NaN	0.0	"2.5"	"F0034"	1	0	"PR"	517.545	"reverse"	16.126	1	1	0	921.663	0.0	1023.49	null	1541.654	0.083
-12.0	0.02915	27750.0	2803.125	2278.125	NaN	NaN	NaN	0	0	0	0	0	1	1	0	0	0	0	0	1	0	0	0	0	1	1	0	1	1	1	0	1	-144.0	0.095	0.286	NaN	NaN	0.226	0.636	NaN	NaN	6.78	22.26	NaN	NaN	0.0	"2.5"	"F0034"	1	0	"PR"	527.586	"reverse"	26.167	1	1	0	921.663	0.0	1023.49	null	1551.695	0.086
-11.9	0.032175	29250.0	2793.75	2250.0	NaN	NaN	NaN	0	0	0	0	0	1	1	0	0	0	0	0	1	0	0	0	0	1	1	0	1	1	1	0	1	-143.0	0.094	0.283	NaN	NaN	0.224	0.629	NaN	NaN	6.72	22.015	NaN	NaN	0.0	"2.5"	"F0034"	1	0	"PR"	537.625	"reverse"	36.206	1	1	0	921.663	0.0	1023.49	null	1561.734	0.083
-12.2	0.034375	29250.0	2803.125	2278.125	NaN	NaN	NaN	0	0	0	0	0	1	1	0	0	0	0	0	1	0	0	0	0	1	1	0	1	1	1	0	1	-146.0	0.095	0.286	NaN	NaN	0.226	0.636	NaN	NaN	6.78	22.26	NaN	NaN	0.0	"2.5"	"F0034"	1	0	"PR"	547.665	"reverse"	46.246	1	1	0	921.663	0.0	1023.49	null	1571.774	0.088
-12.1	0.037125	27187.5	2821.875	2278.125	NaN	NaN	NaN	0	0	0	0	0	1	1	0	0	0	0	0	1	0	0	0	0	1	1	0	1	1	1	0	1	-145.0	0.097	0.286	NaN	NaN	0.231	0.636	NaN	NaN	6.93	22.26	NaN	NaN	0.0	"2.5"	"F0034"	1	0	"PR"	557.704	"reverse"	56.285	1	1	0	921.663	0.0	1023.49	null	1581.813	0.086
-11.9	0.039325	29250.0	2821.875	2259.375	NaN	NaN	NaN	0	0	0	0	0	1	1	0	0	0	0	0	1	0	0	0	0	1	1	0	1	1	1	0	1	-143.0	0.097	0.284	NaN	NaN	0.231	0.631	NaN	NaN	6.93	22.085	NaN	NaN	0.0	"2.5"	"F0034"	1	0	"PR"	567.545	"reverse"	66.126	1	1	0	921.663	0.0	1023.49	null	1591.654	0.086
-12.4	0.040425	26812.5	2812.5	2268.75	NaN	NaN	NaN	0	0	0	0	0	1	1	0	0	0	0	0	1	0	0	0	0	1	1	0	1	1	1	0	1	-149.0	0.096	0.285	NaN	NaN	0.229	0.633	NaN	NaN	6.87	22.155	NaN	NaN	0.0	"2.5"	"F0034"	1	0	"PR"	577.582	"reverse"	76.163	1	1	0	921.663	0.0	1023.49	null	1601.691	0.083
-12.8	0.042625	27000.0	2850.0	2278.125	NaN	NaN	NaN	0	0	0	0	0	1	1	0	0	0	0	0	1	0	0	0	0	1	1	0	1	1	1	0	1	-154.0	0.1	0.286	NaN	NaN	0.238	0.636	NaN	NaN	7.14	22.26	NaN	NaN	0.0	"2.5"	"F0034"	1	0	"PR"	587.618	"reverse"	86.199	1	1	0	921.663	0.0	1023.49	null	1611.727	0.084
-12.0	0.044	27750.0	2821.875	2287.5	NaN	NaN	NaN	0	0	0	0	0	1	1	0	0	0	0	0	1	0	0	0	0	1	1	0	1	1	1	0	1	-144.0	0.097	0.287	NaN	NaN	0.231	0.638	NaN	NaN	6.93	22.33	NaN	NaN	0.0	"2.5"	"F0034"	1	0	"PR"	597.655	"reverse"	96.236	1	1	0	921.663	0.0	1023.49	null	1621.764	0.085
-12.4	0.0451	28875.0	2821.875	2268.75	NaN	NaN	NaN	0	0	0	0	0	1	1	0	0	0	0	0	1	0	0	0	0	1	1	0	1	1	1	0	1	-149.0	0.097	0.285	NaN	NaN	0.231	0.633	NaN	NaN	6.93	22.155	NaN	NaN	0.0	"2.5"	"F0034"	1	0	"PR"	607.692	"reverse"	106.273	1	1	0	921.663	0.0	1023.49	null	1631.801	0.083
-11.9	0.0462	30000.0	2821.875	2296.875	NaN	NaN	NaN	0	0	0	0	0	1	1	0	0	0	0	0	1	0	0	0	0	1	1	0	1	1	1	0	1	-143.0	0.097	0.288	NaN	NaN	0.231	0.64	NaN	NaN	6.93	22.4	NaN	NaN	0.0	"2.5"	"F0034"	1	0	"PR"	617.729	"reverse"	116.31	1	1	0	921.663	0.0	1023.49	null	1641.838	0.084
-12.0	0.045925	30000.0	2784.375	2259.375	NaN	NaN	NaN	0	0	0	0	0	1	1	0	0	0	0	0	1	0	0	0	0	1	1	0	1	1	1	0	1	-144.0	0.093	0.284	NaN	NaN	0.221	0.631	NaN	NaN	6.63	22.085	NaN	NaN	0.0	"2.5"	"F0034"	1	0	"PR"	627.769	"reverse"	126.35	1	1	0	921.663	0.0	1023.49	null	1651.878	0.087
-12.5	0.047025	27750.0	2784.375	2278.125	NaN	NaN	NaN	0	0	0	0	0	1	1	0	0	0	0	0	1	0	0	0	0	1	1	0	1	1	1	0	1	-150.0	0.093	0.286	NaN	NaN	0.221	0.636	NaN	NaN	6.63	22.26	NaN	NaN	0.0	"2.5"	"F0034"	1	0	"PR"	637.605	"reverse"	136.186	1	1	0	921.663	0.0	1023.49	null	1661.714	0.083
-12.7	0.0473	28687.5	2784.375	2268.75	NaN	NaN	NaN	0	0	0	0	0	1	1	0	0	0	0	0	1	0	0	0	0	1	1	0	1	1	1	0	1	-152.0	0.093	0.285	NaN	NaN	0.221	0.633	NaN	NaN	6.63	22.155	NaN	NaN	0.0	"2.5"	"F0034"	1	0	"PR"	647.641	"reverse"	146.222	1	1	0	921.663	0.0	1023.49	null	1671.75	0.084
-0.9	0.0484	937.5	3009.375	2278.125	NaN	NaN	NaN	0	0	0	0	0	0	0	0	0	0	0	0	0	0	0	0	0	0	0	0	1	0	0	0	1	-11.0	0.116	0.286	NaN	NaN	0.276	0.636	NaN	NaN	8.28	22.26	NaN	NaN	0.0	"2.5"	"F0034"	0	0	"PR"	657.771	"diffuse"	6.315	1	1	1	921.663	0.0	1023.49	null	1681.88	0.086
-1.7	0.0484	1500.0	2981.25	2240.625	NaN	NaN	NaN	0	0	0	0	0	0	0	0	0	0	0	0	0	0	0	0	0	0	0	0	1	0	0	0	1	-20.0	0.113	0.282	NaN	NaN	0.269	0.627	NaN	NaN	8.07	21.945	NaN	NaN	0.0	"2.5"	"F0034"	0	0	"PR"	667.808	"diffuse"	16.352	1	1	1	921.663	0.0	1023.49	null	1691.917	0.084
-1.3	0.0484	2437.5	2981.25	2278.125	NaN	NaN	NaN	0	0	0	0	0	0	0	0	0	0	0	0	0	0	0	0	0	0	0	0	1	0	0	0	1	-16.0	0.113	0.286	NaN	NaN	0.269	0.636	NaN	NaN	8.07	22.26	NaN	NaN	0.0	"2.5"	"F0034"	0	0	"PR"	677.644	"diffuse"	26.188	1	1	1	921.663	0.0	1023.49	null	1701.753	0.088
-11.9	0.04785	26812.5	2756.25	2250.0	NaN	NaN	NaN	0	0	0	0	0	1	1	0	0	0	0	0	1	0	0	0	0	1	1	0	1	1	1	0	1	-143.0	0.091	0.283	NaN	NaN	0.217	0.629	NaN	NaN	6.51	22.015	NaN	NaN	0.0	"2.5"	"F0034"	1	0	"PR"	687.774	"wash-en"	6.314	1	1	1	921.663	0.0	1023.49	null	1711.883	0.084
-11.7	0.049225	25875.0	2793.75	2259.375	NaN	NaN	NaN	0	0	0	0	0	1	1	0	0	0	0	0	1	0	0	0	0	1	1	0	1	1	1	0	1	-140.0	0.094	0.284	NaN	NaN	0.224	0.631	NaN	NaN	6.72	22.085	NaN	NaN	0.0	"2.5"	"F0034"	1	0	"PR"	697.817	"wash-en"	16.357	1	1	1	921.663	0.0	1023.49	null	1721.926	0.083
-0.8	0.04895	28687.5	2812.5	2278.125	NaN	NaN	NaN	0	0	0	0	0	1	1	0	0	0	0	0	1	0	0	0	0	0	0	0	1	0	0	0	1	-10.0	0.096	0.286	NaN	NaN	0.229	0.636	NaN	NaN	6.87	22.26	NaN	NaN	0.0	"2.5"	"F0034"	0	0	"PR"	707.747	"wash-sc"	6.115	1	1	1	921.663	0.0	1023.49	null	1731.856	0.087
-1.2	0.049775	2250.0	2981.25	2287.5	NaN	NaN	NaN	0	0	0	0	0	0	0	0	0	0	0	0	0	0	0	0	0	0	0	0	1	0	0	0	1	-14.0	0.113	0.287	NaN	NaN	0.269	0.638	NaN	NaN	8.07	22.33	NaN	NaN	0.0	"2.5"	"F0034"	0	0	"PR"	717.787	"diffuse"	6.024	1	1	2	921.663	0.0	1023.49	null	1741.896	0.083
-1.2	0.049225	2250.0	2981.25	2287.5	NaN	NaN	NaN	0	0	0	0	0	0	0	0	0	0	0	0	0	0	0	0	0	0	0	0	1	0	0	0	1	-14.0	0.113	0.287	NaN	NaN	0.269	0.638	NaN	NaN	8.07	22.33	NaN	NaN	0.0	"2.5"	"F0034"	0	0	"PR"	727.824	"diffuse"	16.061	1	1	2	921.663	0.0	1023.49	null	1751.933	0.083
-1.9	0.049775	2625.0	2981.25	2287.5	NaN	NaN	NaN	0	0	0	0	0	0	0	0	0	0	0	0	0	0	0	0	0	0	0	0	1	0	0	0	1	-23.0	0.113	0.287	NaN	NaN	0.269	0.638	NaN	NaN	8.07	22.33	NaN	NaN	0.0	"2.5"	"F0034"	0	0	"PR"	737.863	"diffuse"	26.1	1	1	2	921.663	0.0	1023.49	null	1761.972	0.089
-12.4	0.0484	28687.5	2821.875	2250.0	NaN	NaN	NaN	0	0	0	0	0	1	1	0	0	0	0	0	1	0	0	0	0	1	1	0	1	1	1	0	1	-149.0	0.097	0.283	NaN	NaN	0.231	0.629	NaN	NaN	6.93	22.015	NaN	NaN	0.0	"2.5"	"F0034"	1	0	"PR"	747.794	"wash-en"	5.915	1	1	2	921.663	0.0	1023.49	null	1771.903	0.086
-11.3	0.049775	29250.0	2803.125	2278.125	NaN	NaN	NaN	0	0	0	0	0	1	1	0	0	0	0	0	1	0	0	0	0	1	1	0	1	1	1	0	1	-136.0	0.095	0.286	NaN	NaN	0.226	0.636	NaN	NaN	6.78	22.26	NaN	NaN	0.0	"2.5"	"F0034"	1	0	"PR"	757.833	"wash-en"	15.954	1	1	2	921.663	0.0	1023.49	null	1781.942	0.086
0.6	0.049225	29812.5	2821.875	2278.125	NaN	NaN	NaN	0	0	0	0	0	1	1	0	0	0	0	0	1	0	0	0	0	0	0	0	1	0	0	0	1	7.0	0.097	0.286	NaN	NaN	0.231	0.636	NaN	NaN	6.93	22.26	NaN	NaN	0.0	"2.5"	"F0034"	0	0	"PR"	767.763	"wash-sc"	5.715	1	1	2	921.663	0.0	1023.49	null	1791.872	0.091
-0.5	0.0495	187.5	2981.25	2287.5	NaN	NaN	NaN	0	0	0	0	0	0	0	0	0	0	0	0	0	0	0	0	0	0	0	0	1	0	0	0	1	-6.0	0.113	0.287	NaN	NaN	0.269	0.638	NaN	NaN	8.07	22.33	NaN	NaN	0.0	"2.5"	"F0034"	0	0	"PR"	777.796	"diffuse"	5.62	1	1	3	921.663	0.0	1023.49	null	1801.905	0.09
-0.4	0.0495	1125.0	2981.25	2287.5	NaN	NaN	NaN	0	0	0	0	0	0	0	0	0	0	0	0	0	0	0	0	0	0	0	0	1	0	0	0	1	-5.0	0.113	0.287	NaN	NaN	0.269	0.638	NaN	NaN	8.07	22.33	NaN	NaN	0.0	"2.5"	"F0034"	0	0	"PR"	787.831	"diffuse"	15.655	1	1	3	921.663	0.0	1023.49	null	1811.94	0.087
-0.6	0.04895	2250.0	2981.25	2278.125	NaN	NaN	NaN	0	0	0	0	0	0	0	0	0	0	0	0	0	0	0	0	0	0	0	0	1	0	0	0	1	-7.0	0.113	0.286	NaN	NaN	0.269	0.636	NaN	NaN	8.07	22.26	NaN	NaN	0.0	"2.5"	"F0034"	0	0	"PR"	797.868	"diffuse"	25.692	1	1	3	921.663	0.0	1023.49	null	1821.977	0.092
-12.4	0.04895	29625.0	2859.375	2278.125	NaN	NaN	NaN	0	0	0	0	0	1	1	0	0	0	0	0	1	0	0	0	0	1	1	0	1	1	1	0	1	-149.0	0.101	0.286	NaN	NaN	0.24	0.636	NaN	NaN	7.2	22.26	NaN	NaN	0.0	"2.5"	"F0034"	1	0	"PR"	807.789	"wash-en"	5.504	1	1	3	921.663	0.0	1023.49	null	1831.898	0.087
-12.4	0.04895	29625.0	2784.375	2250.0	NaN	NaN	NaN	0	0	0	0	0	1	1	0	0	0	0	0	1	0	0	0	0	1	1	0	1	1	1	0	1	-149.0	0.093	0.283	NaN	NaN	0.221	0.629	NaN	NaN	6.63	22.015	NaN	NaN	0.0	"2.5"	"F0034"	1	0	"PR"	817.823	"wash-en"	15.538	1	1	3	921.663	0.0	1023.49	null	1841.932	0.09
-0.1	0.049225	28500.0	2831.25	2306.25	NaN	NaN	NaN	0	0	0	0	0	1	1	0	0	0	0	0	1	0	0	0	0	0	0	0	1	0	0	0	1	-1.0	0.098	0.289	NaN	NaN	0.233	0.642	NaN	NaN	6.99	22.47	NaN	NaN	0.0	"2.5"	"F0034"	0	0	"PR"	827.962	"wash-sc"	5.517	1	1	3	921.663	0.0	1023.49	null	1852.071	0.094
0.6	0.049775	375.0	2981.25	2296.875	NaN	NaN	NaN	0	0	0	0	0	0	0	0	0	0	0	0	0	0	0	0	0	0	0	0	1	0	0	0	1	7.0	0.113	0.288	NaN	NaN	0.269	0.64	NaN	NaN	8.07	22.4	NaN	NaN	0.0	"2.5"	"F0034"	0	0	"PR"	837.796	"diffuse"	5.217	1	1	4	921.663	0.0	1023.49	null	1861.905	0.087
-0.4	0.049775	375.0	2981.25	2278.125	NaN	NaN	NaN	0	0	0	0	0	0	0	0	0	0	0	0	0	0	0	0	0	0	0	0	1	0	0	0	1	-5.0	0.113	0.286	NaN	NaN	0.269	0.636	NaN	NaN	8.07	22.26	NaN	NaN	0.0	"2.5"	"F0034"	0	0	"PR"	847.836	"diffuse"	15.257	1	1	4	921.663	0.0	1023.49	null	1871.945	0.09
-1.4	0.049775	1312.5	2981.25	2296.875	NaN	NaN	NaN	0	0	0	0	0	0	0	0	0	0	0	0	0	0	0	0	0	0	0	0	1	0	0	0	1	-17.0	0.113	0.288	NaN	NaN	0.269	0.64	NaN	NaN	8.07	22.4	NaN	NaN	0.0	"2.5"	"F0034"	0	0	"PR"	857.874	"diffuse"	25.295	1	1	4	921.663	0.0	1023.49	null	1881.983	0.091
-12.2	0.048675	27000.0	2784.375	2268.75	NaN	NaN	NaN	0	0	0	0	0	1	1	0	0	0	0	0	1	0	0	0	0	1	1	0	1	1	1	0	1	-146.0	0.093	0.285	NaN	NaN	0.221	0.633	NaN	NaN	6.63	22.155	NaN	NaN	0.0	"2.5"	"F0034"	1	0	"PR"	867.999	"wash-en"	5.306	1	1	4	921.663	0.0	1023.49	null	1892.108	0.087
-13.2	0.048675	27000.0	2803.125	2278.125	NaN	NaN	NaN	0	0	0	0	0	1	1	0	0	0	0	0	1	0	0	0	0	1	1	0	1	1	1	0	1	-158.0	0.095	0.286	NaN	NaN	0.226	0.636	NaN	NaN	6.78	22.26	NaN	NaN	0.0	"2.5"	"F0034"	1	0	"PR"	877.835	"wash-en"	15.142	1	1	4	921.663	0.0	1023.49	null	1901.944	0.086
-0.8	0.049225	29062.5	2859.375	2315.625	NaN	NaN	NaN	0	0	0	0	0	1	1	0	0	0	0	0	1	0	0	0	0	0	0	0	1	0	0	0	1	-10.0	0.101	0.29	NaN	NaN	0.24	0.644	NaN	NaN	7.2	22.54	NaN	NaN	0.0	"2.5"	"F0034"	0	0	"PR"	887.965	"wash-sc"	5.111	1	1	4	921.663	0.0	1023.49	null	1912.074	0.098
0.4	0.04895	-375.0	2587.5	2278.125	NaN	NaN	NaN	0	0	0	0	1	0	0	0	0	0	0	0	0	0	0	0	0	0	0	0	1	0	0	0	1	5.0	0.074	0.286	NaN	NaN	0.176	0.636	NaN	NaN	5.28	22.26	NaN	NaN	0.0	"2.5"	"F0034"	0	0	"PR"	898.001	"drain-rg"	5.019	1	1	4	921.663	0.0	1023.49	null	1922.11	0.087
0.3	0.0495	-1125.0	2250.0	2287.5	NaN	NaN	NaN	0	0	0	0	1	0	0	0	0	0	0	0	0	0	0	0	0	0	0	0	1	0	0	0	1	4.0	0.04	0.287	NaN	NaN	0.095	0.638	NaN	NaN	2.85	22.33	NaN	NaN	0.0	"2.5"	"F0034"	0	0	"PR"	908.034	"drain-rg"	15.052	1	1	4	921.663	0.0	1023.49	null	1932.143	0.087
0.6	0.04895	-1312.5	1884.375	2278.125	NaN	NaN	NaN	0	0	0	0	1	0	0	0	0	0	0	0	0	0	0	0	0	0	0	0	1	0	0	0	1	7.0	0.003	0.286	NaN	NaN	0.007	0.636	NaN	NaN	0.21	22.26	NaN	NaN	0.0	"2.5"	"F0034"	0	0	"PR"	917.875	"drain-rg"	24.893	1	1	4	921.663	0.0	1023.49	null	1941.984	0.087
0.2	0.049225	-937.5	1340.625	2278.125	NaN	NaN	NaN	0	0	0	0	1	0	0	0	0	0	0	0	0	0	0	0	0	0	0	0	1	0	0	0	1	2.0	-0.051	0.286	NaN	NaN	-0.121	0.636	NaN	NaN	-3.63	22.26	NaN	NaN	0.0	"2.5"	"F0034"	0	0	"PR"	927.914	"drip-rg"	7.83	1	1	4	921.663	0.0	1023.49	null	1952.023	0.086
-1.2	0.048675	24562.5	318.75	2240.625	NaN	NaN	NaN	0	0	1	0	0	1	0	0	0	0	0	0	1	0	0	0	0	0	0	0	1	0	0	0	1	-14.0	-0.153	0.282	NaN	NaN	-0.364	0.627	NaN	NaN	-10.92	21.945	NaN	NaN	0.0	"2.5"	"F0034"	0	0	"FR"	2.027	"fill-rg-di"	1.827	2	1	0	1959.45	0.0	1023.49	null	1962.103	0.087
-0.1	0.0484	26437.5	2006.25	1978.125	NaN	NaN	NaN	0	0	1	0	0	1	0	0	0	0	0	0	1	0	0	0	0	0	0	0	1	0	0	0	1	-1.0	0.016	0.256	NaN	NaN	0.038	0.569	NaN	NaN	1.14	19.915	NaN	NaN	0.0	"2.5"	"F0034"	0	0	"FR"	12.055	"fill-rg-di"	11.855	2	1	0	1959.45	0.0	1023.49	null	1972.131	0.087
-0.1	0.047025	25500.0	2343.75	1743.75	NaN	NaN	NaN	0	0	1	0	0	1	0	0	0	0	0	0	1	0	0	0	0	0	0	0	1	0	0	0	1	-1.0	0.049	0.232	NaN	NaN	0.117	0.516	NaN	NaN	3.51	18.06	NaN	NaN	0.0	"2.5"	"F0034"	0	0	"FR"	22.09	"fill-rg-di"	21.89	2	1	0	1959.45	0.0	1023.49	null	1982.166	0.089
-0.2	0.045375	27562.5	2643.75	1490.625	NaN	NaN	NaN	0	0	1	0	0	1	0	0	0	0	0	0	1	0	0	0	0	0	0	0	1	0	0	0	1	-2.0	0.079	0.207	NaN	NaN	0.188	0.46	NaN	NaN	5.64	16.1	NaN	NaN	0.0	"2.5"	"F0034"	0	0	"FR"	32.124	"fill-rg-di"	31.924	2	1	0	1959.45	0.0	1023.49	null	1992.2	0.09
0.3	0.043725	28500.0	2943.75	1246.875	NaN	NaN	NaN	0	0	1	0	0	1	0	0	0	0	0	0	1	0	0	0	0	0	0	0	1	0	0	0	1	4.0	0.109	0.183	NaN	NaN	0.26	0.407	NaN	NaN	7.8	14.245	NaN	NaN	0.0	"2.5"	"F0034"	0	0	"FR"	42.163	"fill-rg-di"	41.963	2	1	0	1959.45	0.0	1023.49	null	2002.239	0.09
-0.1	0.042075	27937.5	3253.125	975.0	NaN	NaN	NaN	0	0	1	0	0	1	0	0	0	0	0	0	1	0	0	0	0	0	0	0	1	0	0	0	1	-1.0	0.14	0.155	NaN	NaN	0.333	0.344	NaN	NaN	9.99	12.04	NaN	NaN	0.0	"2.5"	"F0034"	0	0	"FR"	52.001	"fill-rg-di"	51.801	2	1	0	1959.45	0.0	1023.49	null	2012.077	0.088
