cur	ec	mod-ps	rg-ps	di-ps	fw1-ps	fw2-ps	pf-ps	vlv-di-fill	vlv-di-in	vlv-di-out	vlv-rg-fill	vlv-rg-drain	vlv-rg-in	vlv-rg-out	vlv-fw1-in	vlv-fw1-out	vlv-fw2-in	vlv-po	vlv-mod-drain	pmp-sys	pmp-di	pmp-fw1	pmp-fw2	uv	en-anode1	en-cath1	pl-anode1	pl-cath1	en-anode2	en-cath2	pl-anode2	pl-cath2	pw	rg-he	di-he	fw1-he	fw2-he	rg-lev	di-lev	fw1-lev	fw2-lev	rg-vol	di-vol	fw1-vol	fw2-vol	pr-ec	ver	sn	mod-en	mod-pl	proc	proc-time	ph	ph-time	count	cyc	rnd	pr-last	rc-last	fr-last	halt-re	time	exec
1.4	0.0484	30375.0	2859.375	2287.5	NaN	NaN	NaN	0	0	0	0	0	1	1	0	0	0	0	0	1	0	0	0	0	0	0	0	1	0	0	0	1	17.0	0.101	0.287	NaN	NaN	0.24	0.638	NaN	NaN	7.2	22.33	NaN	NaN	0.0	"2.5"	"F0034"	0	0	"PR"	8.24	"prime"	7.423	0	0	0	0.0	0.0	0.0	null	10.034	0.087
1.1	0.0484	30375.0	2831.25	2315.625	NaN	NaN	NaN	0	0	0	0	0	1	1	0	0	0	0	0	1	0	0	0	0	0	0	0	1	0	0	0	1	13.0	0.098	0.29	NaN	NaN	0.233	0.644	NaN	NaN	6.99	22.54	NaN	NaN	0.0	"2.5"	"F0034"	0	0	"PR"	8.441	"prime"	7.624	0	0	0	0.0	0.0	0.0	null	10.235	0.089
1.1	0.049225	30187.5	2859.375	2268.75	NaN	NaN	NaN	0	0	0	0	0	1	1	0	0	0	0	0	1	0	0	0	0	0	0	0	1	0	0	0	1	13.0	0.101	0.285	NaN	NaN	0.24	0.633	NaN	NaN	7.2	22.155	NaN	NaN	0.0	"2.5"	"F0034"	0	0	"PR"	18.28	"prime"	17.463	0	0	0	0.0	0.0	0.0	null	20.074	0.1
1.1	0.04895	29812.5	2831.25	2278.125	NaN	NaN	NaN	0	0	0	0	0	1	1	0	0	0	0	0	1	0	0	0	0	0	0	0	1	0	0	0	1	13.0	0.098	0.286	NaN	NaN	0.233	0.636	NaN	NaN	6.99	22.26	NaN	NaN	0.0	"2.5"	"F0034"	0	0	"PR"	28.316	"prime"	27.499	0	0	0	0.0	0.0	0.0	null	30.11	0.09
-12.7	0.048125	35437.5	3009.375	2578.125	NaN	NaN	NaN	0	1	1	0	0	0	0	0	0	0	0	0	1	0	0	0	0	1	1	0	1	1	1	0	1	-152.0	0.116	0.316	NaN	NaN	0.276	0.702	NaN	NaN	8.28	24.57	NaN	NaN	0.0	"2.5"	"F0034"	1	0	"PR"	38.36	"deionize"	7.032	0	1	0	0.0	0.0	0.0	null	40.154	0.091
-11.8	0.047575	33937.5	3000.0	2531.25	NaN	NaN	NaN	0	1	1	0	0	0	0	0	0	0	0	0	1	0	0	0	0	1	1	0	1	1	1	0	1	-142.0	0.115	0.311	NaN	NaN	0.274	0.691	NaN	NaN	8.22	24.185	NaN	NaN	0.0	"2.5"	"F0034"	1	0	"PR"	48.396	"deionize"	17.068	0	1	0	0.0	0.0	0.0	null	50.19	0.084
-11.7	0.04565	35250.0	2990.625	2578.125	NaN	NaN	NaN	0	1	1	0	0	0	0	0	0	0	0	0	1	0	0	0	0	1	1	0	1	1	1	0	1	-140.0	0.114	0.316	NaN	NaN	0.271	0.702	NaN	NaN	8.13	24.57	NaN	NaN	0.0	"2.5"	"F0034"	1	0	"PR"	58.431	"deionize"	27.103	0	1	0	0.0	0.0	0.0	null	60.225	0.084
-11.9	0.044825	36000.0	2990.625	2568.75	NaN	NaN	NaN	0	1	1	0	0	0	0	0	0	0	0	0	1	0	0	0	0	1	1	0	1	1	1	0	1	-143.0	0.114	0.315	NaN	NaN	0.271	0.7	NaN	NaN	8.13	24.5	NaN	NaN	0.0	"2.5"	"F0034"	1	0	"PR"	68.468	"deionize"	37.14	0	1	0	0.0	0.0	0.0	null	70.262	0.089
-11.9	0.04455	36000.0	3018.75	2568.75	NaN	NaN	NaN	0	1	1	0	0	0	0	0	0	0	0	0	1	0	0	0	0	1	1	0	1	1	1	0	1	-143.0	0.117	0.315	NaN	NaN	0.279	0.7	NaN	NaN	8.37	24.5	NaN	NaN	0.0	"2.5"	"F0034"	1	0	"PR"	78.503	"deionize"	47.175	0	1	0	0.0	0.0	0.0	null	80.297	0.084
-11.6	0.04345	33750.0	3000.0	2568.75	NaN	NaN	NaN	0	1	1	0	0	0	0	0	0	0	0	0	1	0	0	0	0	1	1	0	1	1	1	0	1	-139.0	0.115	0.315	NaN	NaN	0.274	0.7	NaN	NaN	8.22	24.5	NaN	NaN	0.0	"2.5"	"F0034"	1	0	"PR"	88.339	"deionize"	57.011	0	1	0	0.0	0.0	0.0	null	90.133	0.087
-13.5	0.042625	33562.5	2981.25	2625.0	NaN	NaN	NaN	0	1	1	0	0	0	0	0	0	0	0	0	1	0	0	0	0	1	1	0	1	1	1	0	1	-162.0	0.113	0.321	NaN	NaN	0.269	0.713	NaN	NaN	8.07	24.955	NaN	NaN	0.0	"2.5"	"F0034"	1	0	"PR"	98.378	"deionize"	67.05	0	1	0	0.0	0.0	0.0	null	100.172	0.096
-11.9	0.040975	34687.5	3000.0	2578.125	NaN	NaN	NaN	0	1	1	0	0	0	0	0	0	0	0	0	1	0	0	0	0	1	1	0	1	1	1	0	1	-143.0	0.115	0.316	NaN	NaN	0.274	0.702	NaN	NaN	8.22	24.57	NaN	NaN	0.0	"2.5"	"F0034"	1	0	"PR"	108.415	"deionize"	77.087	0	1	0	0.0	0.0	0.0	null	110.209	0.09
-11.6	0.040425	34687.5	2990.625	2550.0	NaN	NaN	NaN	0	1	1	0	0	0	0	0	0	0	0	0	1	0	0	0	0	1	1	0	1	1	1	0	1	-139.0	0.114	0.313	NaN	NaN	0.271	0.696	NaN	NaN	8.13	24.36	NaN	NaN	0.0	"2.5"	"F0034"	1	0	"PR"	118.452	"deionize"	87.124	0	1	0	0.0	0.0	0.0	null	120.246	0.087
-8.2	0.038225	34312.5	3000.0	2587.5	NaN	NaN	NaN	0	1	1	0	0	0	0	0	0	0	0	0	1	0	0	0	0	1	1	0	1	1	1	0	1	-98.0	0.115	0.317	NaN	NaN	0.274	0.704	NaN	NaN	8.22	24.64	NaN	NaN	0.0	"2.5"	"F0034"	1	0	"PR"	128.491	"deionize"	97.163	0	1	0	0.0	0.0	0.0	null	130.285	0.095
-12.4	0.038225	35625.0	2990.625	2550.0	NaN	NaN	NaN	0	1	1	0	0	0	0	0	0	0	0	0	1	0	0	0	0	1	1	0	1	1	1	0	1	-149.0	0.114	0.313	NaN	NaN	0.271	0.696	NaN	NaN	8.13	24.36	NaN	NaN	0.0	"2.5"	"F0034"	1	0	"PR"	138.529	"deionize"	107.201	0	1	0	0.0	0.0	0.0	null	140.323	0.09
-11.7	0.03795	36187.5	2990.625	2662.5	NaN	NaN	NaN	0	1	1	0	0	0	0	0	0	0	0	0	1	0	0	0	0	1	1	0	1	1	1	0	1	-140.0	0.114	0.324	NaN	NaN	0.271	0.72	NaN	NaN	8.13	25.2	NaN	NaN	0.0	"2.5"	"F0034"	1	0	"PR"	148.566	"deionize"	117.238	0	1	0	0.0	0.0	0.0	null	150.36	0.092
-11.4	0.037125	36000.0	2971.875	2540.625	NaN	NaN	NaN	0	1	1	0	0	0	0	0	0	0	0	0	1	0	0	0	0	1	1	0	1	1	1	0	1	-137.0	0.112	0.312	NaN	NaN	0.267	0.693	NaN	NaN	8.01	24.255	NaN	NaN	0.0	"2.5"	"F0034"	1	0	"PR"	158.603	"deionize"	127.275	0	1	0	0.0	0.0	0.0	null	160.397	0.084
-11.1	0.0363	32812.5	2981.25	2587.5	NaN	NaN	NaN	0	1	1	0	0	0	0	0	0	0	0	0	1	0	0	0	0	1	1	0	1	1	1	0	1	-133.0	0.113	0.317	NaN	NaN	0.269	0.704	NaN	NaN	8.07	24.64	NaN	NaN	0.0	"2.5"	"F0034"	1	0	"PR"	168.436	"deionize"	137.108	0	1	0	0.0	0.0	0.0	null	170.23	0.091
-11.3	0.036025	32250.0	3009.375	2550.0	NaN	NaN	NaN	0	1	1	0	0	0	0	0	0	0	0	0	1	0	0	0	0	1	1	0	1	1	1	0	1	-136.0	0.116	0.313	NaN	NaN	0.276	0.696	NaN	NaN	8.28	24.36	NaN	NaN	0.0	"2.5"	"F0034"	1	0	"PR"	178.478	"deionize"	147.15	0	1	0	0.0	0.0	0.0	null	180.272	0.093
-11.4	0.034925	35250.0	2990.625	2568.75	NaN	NaN	NaN	0	1	1	0	0	0	0	0	0	0	0	0	1	0	0	0	0	1	1	0	1	1	1	0	1	-137.0	0.114	0.315	NaN	NaN	0.271	0.7	NaN	NaN	8.13	24.5	NaN	NaN	0.0	"2.5"	"F0034"	1	0	"PR"	188.513	"deionize"	157.185	0	1	0	0.0	0.0	0.0	null	190.307	0.087
-10.6	0.0341	34500.0	3018.75	2559.375	NaN	NaN	NaN	0	1	1	0	0	0	0	0	0	0	0	0	1	0	0	0	0	1	1	0	1	1	1	0	1	-127.0	0.117	0.314	NaN	NaN	0.279	0.698	NaN	NaN	8.37	24.43	NaN	NaN	0.0	"2.5"	"F0034"	1	0	"PR"	198.55	"deionize"	167.222	0	1	0	0.0	0.0	0.0	null	200.344	0.087
-10.7	0.033825	34875.0	3000.0	2559.375	NaN	NaN	NaN	0	1	1	0	0	0	0	0	0	0	0	0	1	0	0	0	0	1	1	0	1	1	1	0	1	-128.0	0.115	0.314	NaN	NaN	0.274	0.698	NaN	NaN	8.22	24.43	NaN	NaN	0.0	"2.5"	"F0034"	1	0	"PR"	208.59	"deionize"	177.262	0	1	0	0.0	0.0	0.0	null	210.384	0.092
-10.0	0.03355	35437.5	3000.0	2587.5	NaN	NaN	NaN	0	1	1	0	0	0	0	0	0	0	0	0	1	0	0	0	0	1	1	0	1	1	1	0	1	-120.0	0.115	0.317	NaN	NaN	0.274	0.704	NaN	NaN	8.22	24.64	NaN	NaN	0.0	"2.5"	"F0034"	1	0	"PR"	218.625	"deionize"	187.297	0	1	0	0.0	0.0	0.0	null	220.419	0.09
-10.5	0.03355	35812.5	3000.0	2587.5	NaN	NaN	NaN	0	1	1	0	0	0	0	0	0	0	0	0	1	0	0	0	0	1	1	0	1	1	1	0	1	-126.0	0.115	0.317	NaN	NaN	0.274	0.704	NaN	NaN	8.22	24.64	NaN	NaN	0.0	"2.5"	"F0034"	1	0	"PR"	228.663	"deionize"	197.335	0	1	0	0.0	0.0	0.0	null	230.457	0.088
-9.3	0.032725	35812.5	2990.625	2578.125	NaN	NaN	NaN	0	1	1	0	0	0	0	0	0	0	0	0	1	0	0	0	0	1	1	0	1	1	1	0	1	-112.0	0.114	0.316	NaN	NaN	0.271	0.702	NaN	NaN	8.13	24.57	NaN	NaN	0.0	"2.5"	"F0034"	1	0	"PR"	238.503	"deionize"	207.175	0	1	0	0.0	0.0	0.0	null	240.297	0.087
-9.8	0.03245	33000.0	3009.375	2559.375	NaN	NaN	NaN	0	1	1	0	0	0	0	0	0	0	0	0	1	0	0	0	0	1	1	0	1	1	1	0	1	-118.0	0.116	0.314	NaN	NaN	0.276	0.698	NaN	NaN	8.28	24.43	NaN	NaN	0.0	"2.5"	"F0034"	1	0	"PR"	248.538	"deionize"	217.21	0	1	0	0.0	0.0	0.0	null	250.332	0.085
-9.4	0.032175	32625.0	2990.625	2587.5	NaN	NaN	NaN	0	1	1	0	0	0	0	0	0	0	0	0	1	0	0	0	0	1	1	0	1	1	1	0	1	-113.0	0.114	0.317	NaN	NaN	0.271	0.704	NaN	NaN	8.13	24.64	NaN	NaN	0.0	"2.5"	"F0034"	1	0	"PR"	258.578	"deionize"	227.25	0	1	0	0.0	0.0	0.0	null	260.372	0.088
-9.5	0.03135	34500.0	2981.25	2550.0	NaN	NaN	NaN	0	1	1	0	0	0	0	0	0	0	0	0	1	0	0	0	0	1	1	0	1	1	1	0	1	-114.0	0.113	0.313	NaN	NaN	0.269	0.696	NaN	NaN	8.07	24.36	NaN	NaN	0.0	"2.5"	"F0034"	1	0	"PR"	268.612	"deionize"	237.284	0	1	0	0.0	0.0	0.0	null	270.406	0.084
-9.4	0.031075	35062.5	3000.0	2587.5	NaN	NaN	NaN	0	1	1	0	0	0	0	0	0	0	0	0	1	0	0	0	1	1	1	0	1	1	1	0	1	-113.0	0.115	0.317	NaN	NaN	0.274	0.704	NaN	NaN	8.22	24.64	NaN	NaN	0.0	"2.5"	"F0034"	1	0	"PR"	278.549	"deionize-uv"	7.127	0	1	0	0.0	0.0	0.0	null	280.343	0.086
-9.2	0.03135	35437.5	2990.625	2550.0	NaN	NaN	NaN	0	1	1	0	0	0	0	0	0	0	0	0	1	0	0	0	1	1	1	0	1	1	1	0	1	-110.0	0.114	0.313	NaN	NaN	0.271	0.696	NaN	NaN	8.13	24.36	NaN	NaN	0.0	"2.5"	"F0034"	1	0	"PR"	288.588	"deionize-uv"	17.166	0	1	0	0.0	0.0	0.0	null	290.382	0.087
-9.4	0.030525	35625.0	2981.25	2531.25	NaN	NaN	NaN	0	1	1	0	0	0	0	0	0	0	0	0	1	0	0	0	1	1	1	0	1	1	1	0	1	-113.0	0.113	0.311	NaN	NaN	0.269	0.691	NaN	NaN	8.07	24.185	NaN	NaN	0.0	"2.5"	"F0034"	1	0	"PR"	298.623	"deionize-uv"	27.201	0	1	0	0.0	0.0	0.0	null	300.417	0.086
-8.4	0.030525	35250.0	3000.0	2634.375	NaN	NaN	NaN	0	1	1	0	0	0	0	0	0	0	0	0	1	0	0	0	1	1	1	0	1	1	1	0	1	-101.0	0.115	0.321	NaN	NaN	0.274	0.713	NaN	NaN	8.22	24.955	NaN	NaN	0.0	"2.5"	"F0034"	1	0	"PR"	308.668	"deionize-uv"	37.246	0	1	0	0.0	0.0	0.0	null	310.462	0.088
-8.6	0.03025	35812.5	3000.0	2493.75	NaN	NaN	NaN	0	1	1	0	0	0	0	0	0	0	0	0	1	0	0	0	1	1	1	0	1	1	1	0	1	-103.0	0.115	0.307	NaN	NaN	0.274	0.682	NaN	NaN	8.22	23.87	NaN	NaN	0.0	"2.5"	"F0034"	1	0	"PR"	318.703	"deionize-uv"	47.281	0	1	0	0.0	0.0	0.0	null	320.497	0.086
-8.8	0.03025	35250.0	2981.25	2550.0	NaN	NaN	NaN	0	1	1	0	0	0	0	0	0	0	0	0	1	0	0	0	1	1	1	0	1	1	1	0	1	-106.0	0.113	0.313	NaN	NaN	0.269	0.696	NaN	NaN	8.07	24.36	NaN	NaN	0.0	"2.5"	"F0034"	1	0	"PR"	328.74	"deionize-uv"	57.318	0	1	0	0.0	0.0	0.0	null	330.534	0.09
-8.2	0.0297	33187.5	3000.0	2587.5	NaN	NaN	NaN	0	1	1	0	0	0	0	0	0	0	0	0	1	0	0	0	1	1	1	0	1	1	1	0	1	-98.0	0.115	0.317	NaN	NaN	0.274	0.704	NaN	NaN	8.22	24.64	NaN	NaN	0.0	"2.5"	"F0034"	1	0	"PR"	338.778	"deionize-uv"	67.356	0	1	0	0.0	0.0	0.0	null	340.572	0.092
-8.6	0.029425	32250.0	2990.625	2587.5	NaN	NaN	NaN	0	1	1	0	0	0	0	0	0	0	0	0	1	0	0	0	1	1	1	0	1	1	1	0	1	-103.0	0.114	0.317	NaN	NaN	0.271	0.704	NaN	NaN	8.13	24.64	NaN	NaN	0.0	"2.5"	"F0034"	1	0	"PR"	348.813	"deionize-uv"	77.391	0	1	0	0.0	0.0	0.0	null	350.607	0.09
-9.1	0.028875	35437.5	2990.625	2578.125	NaN	NaN	NaN	0	1	1	0	0	0	0	0	0	0	0	0	1	0	0	0	1	1	1	0	1	1	1	0	1	-109.0	0.114	0.316	NaN	NaN	0.271	0.702	NaN	NaN	8.13	24.57	NaN	NaN	0.0	"2.5"	"F0034"	1	0	"PR"	358.645	"deionize-uv"	87.223	0	1	0	0.0	0.0	0.0	null	360.439	0.086
-8.8	0.0286	36000.0	2990.625	2578.125	NaN	NaN	NaN	0	1	1	0	0	0	0	0	0	0	0	0	1	0	0	0	1	1	1	0	1	1	1	0	1	-106.0	0.114	0.316	NaN	NaN	0.271	0.702	NaN	NaN	8.13	24.57	NaN	NaN	0.0	"2.5"	"F0034"	1	0	"PR"	368.681	"deionize-uv"	97.259	0	1	0	0.0	0.0	0.0	null	370.475	0.086
-8.4	0.02805	33937.5	2981.25	2550.0	NaN	NaN	NaN	0	1	1	0	0	0	0	0	0	0	0	0	1	0	0	0	1	1	1	0	1	1	1	0	1	-101.0	0.113	0.313	NaN	NaN	0.269	0.696	NaN	NaN	8.07	24.36	NaN	NaN	0.0	"2.5"	"F0034"	1	0	"PR"	378.715	"deionize-uv"	107.293	0	1	0	0.0	0.0	0.0	null	380.509	0.084
-9.1	0.02805	34687.5	3000.0	2587.5	NaN	NaN	NaN	0	1	1	0	0	0	0	0	0	0	0	0	1	0	0	0	1	1	1	0	1	1	1	0	1	-109.0	0.115	0.317	NaN	NaN	0.274	0.704	NaN	NaN	8.22	24.64	NaN	NaN	0.0	"2.5"	"F0034"	1	0	"PR"	388.748	"deionize-uv"	117.326	0	1	0	0.0	0.0	0.0	null	390.542	0.087
-7.7	0.028325	39000.0	2990.625	2090.625	NaN	NaN	NaN	0	0	1	0	0	0	0	1	0	0	0	0	1	0	0	0	1	1	1	0	1	1	1	0	1	-92.0	0.114	0.267	NaN	NaN	0.271	0.593	NaN	NaN	8.13	20.755	NaN	NaN	0.0	"2.5"	"F0034"	1	0	"PR"	398.824	"drip-di-1"	6.334	0	1	0	0.0	0.0	0.0	null	400.618	0.087
10.8	0.02805	30000.0	2943.75	1865.625	NaN	NaN	NaN	1	0	0	0	0	1	1	0	0	0	0	0	1	1	0	0	0	1	1	1	0	1	1	1	0	130.0	0.109	0.245	NaN	NaN	0.26	0.544	NaN	NaN	7.8	19.04	NaN	NaN	0.0	"2.5"	"F0034"	1	1	"PR"	408.823	"reverse-f"	1.164	0	1	0	0.0	0.0	0.0	null	410.617	0.086
12.3	0.028875	30000.0	2831.25	2128.125	NaN	NaN	NaN	1	0	0	0	0	1	1	0	0	0	0	0	1	1	0	0	0	1	1	1	0	1	1	1	0	148.0	0.098	0.271	NaN	NaN	0.233	0.602	NaN	NaN	6.99	21.07	NaN	NaN	0.0	"2.5"	"F0034"	1	1	"PR"	418.856	"reverse-f"	11.197	0	1	0	0.0	0.0	0.0	null	420.65	0.086
13.3	0.03135	30000.0	2850.0	2278.125	NaN	NaN	NaN	0	0	0	0	0	1	1	0	0	0	0	0	1	0	0	0	0	1	1	1	0	1	1	1	0	160.0	0.1	0.286	NaN	NaN	0.238	0.636	NaN	NaN	7.14	22.26	NaN	NaN	0.0	"2.5"	"F0034"	1	1	"PR"	428.805	"reverse"	21.146	0	1	0	0.0	0.0	0.0	null	430.599	0.083
12.4	0.033825	30375.0	2840.625	2268.75	NaN	NaN	NaN	0	0	0	0	0	1	1	0	0	0	0	0	1	0	0	0	0	1	1	1	0	1	1	1	0	149.0	0.099	0.285	NaN	NaN	0.236	0.633	NaN	NaN	7.08	22.155	NaN	NaN	0.0	"2.5"	"F0034"	1	1	"PR"	438.842	"reverse"	31.183	0	1	0	0.0	0.0	0.0	null	440.636	0.086
13.3	0.0363	29250.0	2859.375	2268.75	NaN	NaN	NaN	0	0	0	0	0	1	1	0	0	0	0	0	1	0	0	0	0	1	1	1	0	1	1	1	0	160.0	0.101	0.285	NaN	NaN	0.24	0.633	NaN	NaN	7.2	22.155	NaN	NaN	0.0	"2.5"	"F0034"	1	1	"PR"	448.879	"reverse"	41.22	0	1	0	0.0	0.0	0.0	null	450.673	0.089
12.8	0.038775	29250.0	2850.0	2287.5	NaN	NaN	NaN	0	0	0	0	0	1	1	0	0	0	0	0	1	0	0	0	0	1	1	1	0	1	1	1	0	154.0	0.1	0.287	NaN	NaN	0.238	0.638	NaN	NaN	7.14	22.33	NaN	NaN	0.0	"2.5"	"F0034"	1	1	"PR"	458.913	"reverse"	51.254	0	1	0	0.0	0.0	0.0	null	460.707	0.086
12.2	0.040425	30187.5	2821.875	2278.125	NaN	NaN	NaN	0	0	0	0	0	1	1	0	0	0	0	0	1	0	0	0	0	1	1	1	0	1	1	1	0	146.0	0.097	0.286	NaN	NaN	0.231	0.636	NaN	NaN	6.93	22.26	NaN	NaN	0.0	"2.5"	"F0034"	1	1	"PR"	468.942	"reverse"	61.283	0	1	0	0.0	0.0	0.0	null	470.736	0.086
12.6	0.0418	30187.5	2859.375	2259.375	NaN	NaN	NaN	0	0	0	0	0	1	1	0	0	0	0	0	1	0	0	0	0	1	1	1	0	1	1	1	0	151.0	0.101	0.284	NaN	NaN	0.24	0.631	NaN	NaN	7.2	22.085	NaN	NaN	0.0	"2.5"	"F0034"	1	1	"PR"	478.778	"reverse"	71.119	0	1	0	0.0	0.0	0.0	null	480.572	0.089
12.6	0.044	29625.0	2859.375	2268.75	NaN	NaN	NaN	0	0	0	0	0	1	1	0	0	0	0	0	1	0	0	0	0	1	1	1	0	1	1	1	0	151.0	0.101	0.285	NaN	NaN	0.24	0.633	NaN	NaN	7.2	22.155	NaN	NaN	0.0	"2.5"	"F0034"	1	1	"PR"	488.808	"reverse"	81.149	0	1	0	0.0	0.0	0.0	null	490.602	0.084
12.7	0.0451	29812.5	2859.375	2278.125	NaN	NaN	NaN	0	0	0	0	0	1	1	0	0	0	0	0	1	0	0	0	0	1	1	1	0	1	1	1	0	152.0	0.101	0.286	NaN	NaN	0.24	0.636	NaN	NaN	7.2	22.26	NaN	NaN	0.0	"2.5"	"F0034"	1	1	"PR"	498.846	"reverse"	91.187	0	1	0	0.0	0.0	0.0	null	500.64	0.086
12.6	0.045925	30375.0	2831.25	2278.125	NaN	NaN	NaN	0	0	0	0	0	1	1	0	0	0	0	0	1	0	0	0	0	1	1	1	0	1	1	1	0	151.0	0.098	0.286	NaN	NaN	0.233	0.636	NaN	NaN	6.99	22.26	NaN	NaN	0.0	"2.5"	"F0034"	1	1	"PR"	508.886	"reverse"	101.227	0	1	0	0.0	0.0	0.0	null	510.68	0.085
12.8	0.0473	30750.0	2859.375	2287.5	NaN	NaN	NaN	0	0	0	0	0	1	1	0	0	0	0	0	1	0	0	0	0	1	1	1	0	1	1	1	0	154.0	0.101	0.287	NaN	NaN	0.24	0.638	NaN	NaN	7.2	22.33	NaN	NaN	0.0	"2.5"	"F0034"	1	1	"PR"	518.917	"reverse"	111.258	0	1	0	0.0	0.0	0.0	null	520.711	0.084
12.5	0.048125	29250.0	2859.375	2259.375	NaN	NaN	NaN	0	0	0	0	0	1	1	0	0	0	0	0	1	0	0	0	0	1	1	1	0	1	1	1	0	150.0	0.101	0.284	NaN	NaN	0.24	0.631	NaN	NaN	7.2	22.085	NaN	NaN	0.0	"2.5"	"F0034"	1	1	"PR"	528.95	"reverse"	121.291	0	1	0	0.0	0.0	0.0	null	530.744	0.084
12.4	0.0484	29062.5	2868.75	2315.625	NaN	NaN	NaN	0	0	0	0	0	1	1	0	0	0	0	0	1	0	0	0	0	1	1	1	0	1	1	1	0	149.0	0.102	0.29	NaN	NaN	0.243	0.644	NaN	NaN	7.29	22.54	NaN	NaN	0.0	"2.5"	"F0034"	1	1	"PR"	538.99	"reverse"	131.331	0	1	0	0.0	0.0	0.0	null	540.784	0.087
12.5	0.0484	30000.0	2821.875	2259.375	NaN	NaN	NaN	0	0	0	0	0	1	1	0	0	0	0	0	1	0	0	0	0	1	1	1	0	1	1	1	0	150.0	0.097	0.284	NaN	NaN	0.231	0.631	NaN	NaN	6.93	22.085	NaN	NaN	0.0	"2.5"	"F0034"	1	1	"PR"	549.022	"reverse"	141.363	0	1	0	0.0	0.0	0.0	null	550.816	0.084
2.6	0.0495	-937.5	3009.375	2278.125	NaN	NaN	NaN	0	0	0	0	0	0	0	0	0	0	0	0	0	0	0	0	0	0	0	0	1	0	0	0	1	31.0	0.116	0.286	NaN	NaN	0.276	0.636	NaN	NaN	8.28	22.26	NaN	NaN	0.0	"2.5"	"F0034"	0	0	"PR"	558.951	"diffuse"	1.097	0	1	1	0.0	0.0	0.0	null	560.745	0.086
2.5	0.04895	1687.5	3018.75	2278.125	NaN	NaN	NaN	0	0	0	0	0	0	0	0	0	0	0	0	0	0	0	0	0	0	0	0	1	0	0	0	1	30.0	0.117	0.286	NaN	NaN	0.279	0.636	NaN	NaN	8.37	22.26	NaN	NaN	0.0	"2.5"	"F0034"	0	0	"PR"	568.988	"diffuse"	11.134	0	1	1	0.0	0.0	0.0	null	570.782	0.085
3.5	0.049225	1125.0	3000.0	2287.5	NaN	NaN	NaN	0	0	0	0	0	0	0	0	0	0	0	0	0	0	0	0	0	0	0	0	1	0	0	0	1	42.0	0.115	0.287	NaN	NaN	0.274	0.638	NaN	NaN	8.22	22.33	NaN	NaN	0.0	"2.5"	"F0034"	0	0	"PR"	579.028	"diffuse"	21.174	0	1	1	0.0	0.0	0.0	null	580.822	0.084
12.6	0.049225	17437.5	2934.375	2278.125	NaN	NaN	NaN	0	0	0	0	0	1	1	0	0	0	0	0	1	0	0	0	0	1	1	1	0	1	1	1	0	151.0	0.108	0.286	NaN	NaN	0.257	0.636	NaN	NaN	7.71	22.26	NaN	NaN	0.0	"2.5"	"F0034"	1	1	"PR"	588.949	"wash-en"	1.094	0	1	1	0.0	0.0	0.0	null	590.743	0.084
12.3	0.049775	29625.0	2850.0	2268.75	NaN	NaN	NaN	0	0	0	0	0	1	1	0	0	0	0	0	1	0	0	0	0	1	1	1	0	1	1	1	0	148.0	0.1	0.285	NaN	NaN	0.238	0.633	NaN	NaN	7.14	22.155	NaN	NaN	0.0	"2.5"	"F0034"	1	1	"PR"	598.986	"wash-en"	11.131	0	1	1	0.0	0.0	0.0	null	600.78	0.085
1.3	0.0506	29625.0	2859.375	2278.125	NaN	NaN	NaN	0	0	0	0	0	1	1	0	0	0	0	0	1	0	0	0	0	0	0	0	1	0	0	0	1	16.0	0.101	0.286	NaN	NaN	0.24	0.636	NaN	NaN	7.2	22.26	NaN	NaN	0.0	"2.5"	"F0034"	0	0	"PR"	608.909	"wash-sc"	0.894	0	1	1	0.0	0.0	0.0	null	610.703	0.089
2.8	0.05115	1125.0	3018.75	2278.125	NaN	NaN	NaN	0	0	0	0	0	0	0	0	0	0	0	0	0	0	0	0	0	0	0	0	1	0	0	0	1	34.0	0.117	0.286	NaN	NaN	0.279	0.636	NaN	NaN	8.37	22.26	NaN	NaN	0.0	"2.5"	"F0034"	0	0	"PR"	618.945	"diffuse"	0.803	0	1	2	0.0	0.0	0.0	null	620.739	0.09
3.3	0.050875	2812.5	3018.75	2278.125	NaN	NaN	NaN	0	0	0	0	0	0	0	0	0	0	0	0	0	0	0	0	0	0	0	0	1	0	0	0	1	40.0	0.117	0.286	NaN	NaN	0.279	0.636	NaN	NaN	8.37	22.26	NaN	NaN	0.0	"2.5"	"F0034"	0	0	"PR"	628.982	"diffuse"	10.84	0	1	2	0.0	0.0	0.0	null	630.776	0.092
2.7	0.050875	937.5	3028.125	2278.125	NaN	NaN	NaN	0	0	0	0	0	0	0	0	0	0	0	0	0	0	0	0	0	0	0	0	1	0	0	0	1	32.0	0.118	0.286	NaN	NaN	0.281	0.636	NaN	NaN	8.43	22.26	NaN	NaN	0.0	"2.5"	"F0034"	0	0	"PR"	639.013	"diffuse"	20.871	0	1	2	0.0	0.0	0.0	null	640.807	0.09
12.4	0.050325	17625.0	2896.875	2250.0	NaN	NaN	NaN	0	0	0	0	0	1	1	0	0	0	0	0	1	0	0	0	0	1	1	1	0	1	1	1	0	149.0	0.105	0.283	NaN	NaN	0.25	0.629	NaN	NaN	7.5	22.015	NaN	NaN	0.0	"2.5"	"F0034"	1	1	"PR"	649.142	"wash-en"	0.896	0	1	2	0.0	0.0	0.0	null	650.936	0.086
12.2	0.05005	30000.0	2850.0	2259.375	NaN	NaN	NaN	0	0	0	0	0	1	1	0	0	0	0	0	1	0	0	0	0	1	1	1	0	1	1	1	0	146.0	0.1	0.284	NaN	NaN	0.238	0.631	NaN	NaN	7.14	22.085	NaN	NaN	0.0	"2.5"	"F0034"	1	1	"PR"	658.981	"wash-en"	10.735	0	1	2	0.0	0.0	0.0	null	660.775	0.091
1.5	0.0506	29812.5	2859.375	2287.5	NaN	NaN	NaN	0	0	0	0	0	1	1	0	0	0	0	0	1	0	0	0	0	0	0	0	1	0	0	0	1	18.0	0.101	0.287	NaN	NaN	0.24	0.638	NaN	NaN	7.2	22.33	NaN	NaN	0.0	"2.5"	"F0034"	0	0	"PR"	669.104	"wash-sc"	0.692	0	1	2	0.0	0.0	0.0	null	670.898	0.084
2.1	0.050325	3562.5	3056.25	2268.75	NaN	NaN	NaN	0	0	0	0	0	0	0	0	0	0	0	0	0	0	0	0	0	0	0	0	1	0	0	0	1	25.0	0.121	0.285	NaN	NaN	0.288	0.633	NaN	NaN	8.64	22.155	NaN	NaN	0.0	"2.5"	"F0034"	0	0	"PR"	679.136	"diffuse"	0.603	0	1	3	0.0	0.0	0.0	null	680.93	0.083
2.8	0.050875	750.0	3018.75	2278.125	NaN	NaN	NaN	0	0	0	0	0	0	0	0	0	0	0	0	0	0	0	0	0	0	0	0	1	0	0	0	1	34.0	0.117	0.286	NaN	NaN	0.279	0.636	NaN	NaN	8.37	22.26	NaN	NaN	0.0	"2.5"	"F0034"	0	0	"PR"	689.171	"diffuse"	10.638	0	1	3	0.0	0.0	0.0	null	690.965	0.088
3.2	0.0506	2625.0	3009.375	2315.625	NaN	NaN	NaN	0	0	0	0	0	0	0	0	0	0	0	0	0	0	0	0	0	0	0	0	1	0	0	0	1	38.0	0.116	0.29	NaN	NaN	0.276	0.644	NaN	NaN	8.28	22.54	NaN	NaN	0.0	"2.5"	"F0034"	0	0	"PR"	699.204	"diffuse"	20.671	0	1	3	0.0	0.0	0.0	null	700.998	0.084
2.8	0.050325	1875.0	3018.75	2268.75	NaN	NaN	NaN	0	0	0	0	0	1	1	0	0	0	0	0	1	0	0	0	0	1	1	1	0	1	1	1	0	34.0	0.117	0.285	NaN	NaN	0.279	0.633	NaN	NaN	8.37	22.155	NaN	NaN	0.0	"2.5"	"F0034"	1	1	"PR"	708.834	"wash-en"	0.201	0	1	3	0.0	0.0	0.0	null	710.628	0.091
12.6	0.049775	29250.0	2868.75	2315.625	NaN	NaN	NaN	0	0	0	0	0	1	1	0	0	0	0	0	1	0	0	0	0	1	1	1	0	1	1	1	0	151.0	0.102	0.29	NaN	NaN	0.243	0.644	NaN	NaN	7.29	22.54	NaN	NaN	0.0	"2.5"	"F0034"	1	1	"PR"	719.169	"wash-en"	10.536	0	1	3	0.0	0.0	0.0	null	720.963	0.088
15.4	0.05005	30000.0	2821.875	2278.125	NaN	NaN	NaN	0	0	0	0	0	1	1	0	0	0	0	0	1	0	0	0	0	0	0	0	1	0	0	0	1	185.0	0.097	0.286	NaN	NaN	0.231	0.636	NaN	NaN	6.93	22.26	NaN	NaN	0.0	"2.5"	"F0034"	0	0	"PR"	729.005	"wash-sc"	0.2	0	1	3	0.0	0.0	0.0	null	730.799	0.098
1.8	0.0506	30000.0	2840.625	2287.5	NaN	NaN	NaN	0	0	0	0	0	0	0	0	0	0	0	0	0	0	0	0	0	0	0	0	1	0	0	0	1	22.0	0.099	0.287	NaN	NaN	0.236	0.638	NaN	NaN	7.08	22.33	NaN	NaN	0.0	"2.5"	"F0034"	0	0	"PR"	739.132	"diffuse"	0.201	0	1	4	0.0	0.0	0.0	null	740.926	0.09
2.0	0.0506	1125.0	3018.75	2278.125	NaN	NaN	NaN	0	0	0	0	0	0	0	0	0	0	0	0	0	0	0	0	0	0	0	0	1	0	0	0	1	24.0	0.117	0.286	NaN	NaN	0.279	0.636	NaN	NaN	8.37	22.26	NaN	NaN	0.0	"2.5"	"F0034"	0	0	"PR"	749.166	"diffuse"	10.235	0	1	4	0.0	0.0	0.0	null	750.96	0.092
1.7	0.05005	2250.0	3000.0	2278.125	NaN	NaN	NaN	0	0	0	0	0	0	0	0	0	0	0	0	0	0	0	0	0	0	0	0	1	0	0	0	1	20.0	0.115	0.286	NaN	NaN	0.274	0.636	NaN	NaN	8.22	22.26	NaN	NaN	0.0	"2.5"	"F0034"	0	0	"PR"	759.201	"diffuse"	20.27	0	1	4	0.0	0.0	0.0	null	760.995	0.087
2.6	0.049775	375.0	3018.75	2278.125	NaN	NaN	NaN	0	0	0	0	0	1	1	0	0	0	0	0	1	0	0	0	0	1	1	1	0	1	1	1	0	31.0	0.117	0.286	NaN	NaN	0.279	0.636	NaN	NaN	8.37	22.26	NaN	NaN	0.0	"2.5"	"F0034"	1	1	"PR"	769.232	"wash-en"	0.2	0	1	4	0.0	0.0	0.0	null	771.026	0.097
13.8	0.049775	29812.5	2887.5	2268.75	NaN	NaN	NaN	0	0	0	0	0	1	1	0	0	0	0	0	1	0	0	0	0	1	1	1	0	1	1	1	0	166.0	0.104	0.285	NaN	NaN	0.248	0.633	NaN	NaN	7.44	22.155	NaN	NaN	0.0	"2.5"	"F0034"	1	1	"PR"	779.16	"wash-en"	10.128	0	1	4	0.0	0.0	0.0	null	780.954	0.091
11.9	0.050325	30000.0	2840.625	2259.375	NaN	NaN	NaN	0	0	0	0	0	1	1	0	0	0	0	0	1	0	0	0	0	1	1	1	0	1	1	1	0	143.0	0.099	0.284	NaN	NaN	0.236	0.631	NaN	NaN	7.08	22.085	NaN	NaN	0.0	"2.5"	"F0034"	1	1	"PR"	789.198	"wash-en"	20.166	0	1	4	0.0	0.0	0.0	null	790.992	0.09
1.5	0.050325	29625.0	2896.875	2250.0	NaN	NaN	NaN	0	0	0	0	0	1	1	0	0	0	0	0	1	0	0	0	0	0	0	0	1	0	0	0	1	18.0	0.105	0.283	NaN	NaN	0.25	0.629	NaN	NaN	7.5	22.015	NaN	NaN	0.0	"2.5"	"F0034"	0	0	"PR"	799.129	"wash-sc"	9.931	0	1	4	0.0	0.0	0.0	null	800.923	0.087
1.8	0.049775	-937.5	2465.625	2268.75	NaN	NaN	NaN	0	0	0	0	1	0	0	0	0	0	0	0	0	0	0	0	0	0	0	0	1	0	0	0	1	22.0	0.062	0.285	NaN	NaN	0.148	0.633	NaN	NaN	4.44	22.155	NaN	NaN	0.0	"2.5"	"F0034"	0	0	"PR"	809.172	"drain-rg"	9.841	0	1	4	0.0	0.0	0.0	null	810.966	0.088
1.7	0.05005	-750.0	2118.75	2287.5	NaN	NaN	NaN	0	0	0	0	1	0	0	0	0	0	0	0	0	0	0	0	0	0	0	0	1	0	0	0	1	20.0	0.027	0.287	NaN	NaN	0.064	0.638	NaN	NaN	1.92	22.33	NaN	NaN	0.0	"2.5"	"F0034"	0	0	"PR"	819.206	"drain-rg"	19.875	0	1	4	0.0	0.0	0.0	null	821.0	0.09
1.5	0.049775	-187.5	1753.125	2287.5	NaN	NaN	NaN	0	0	0	0	1	0	0	0	0	0	0	0	0	0	0	0	0	0	0	0	1	0	0	0	1	18.0	-0.01	0.287	NaN	NaN	-0.024	0.638	NaN	NaN	-0.72	22.33	NaN	NaN	0.0	"2.5"	"F0034"	0	0	"PR"	829.242	"drip-rg"	2.61	0	1	4	0.0	0.0	0.0	null	831.036	0.09
1.8	0.049775	562.5	0.0	2315.625	NaN	NaN	NaN	0	0	0	0	1	0	0	0	0	0	0	0	0	0	0	0	0	0	0	0	1	0	0	0	1	22.0	-0.185	0.29	NaN	NaN	-0.44	0.644	NaN	NaN	-13.2	22.54	NaN	NaN	0.0	"2.5"	"F0034"	0	0	"PR"	839.28	"drip-rg"	12.648	0	1	4	0.0	0.0	0.0	null	841.074	0.092
1.3	0.049775	30000.0	1771.875	2118.75	NaN	NaN	NaN	0	0	1	0	0	1	0	0	0	0	0	0	1	0	0	0	0	0	0	0	1	0	0	0	1	16.0	-0.008	0.27	NaN	NaN	-0.019	0.6	NaN	NaN	-0.57	21.0	NaN	NaN	0.0	"2.5"	"F0034"	0	0	"FR"	6.842	"fill-rg-di"	6.641	1	1	0	843.684	0.0	0.0	null	851.148	0.09
1.4	0.048675	29437.5	2184.375	1865.625	NaN	NaN	NaN	0	0	1	0	0	1	0	0	0	0	0	0	1	0	0	0	0	0	0	0	1	0	0	0	1	17.0	0.033	0.245	NaN	NaN	0.079	0.544	NaN	NaN	2.37	19.04	NaN	NaN	0.0	"2.5"	"F0034"	0	0	"FR"	16.678	"fill-rg-di"	16.477	1	1	0	843.684	0.0	0.0	null	860.984	0.087
1.7	0.0473	30000.0	2475.0	1650.0	NaN	NaN	NaN	0	0	1	0	0	1	0	0	0	0	0	0	1	0	0	0	0	0	0	0	1	0	0	0	1	20.0	0.062	0.223	NaN	NaN	0.148	0.496	NaN	NaN	4.44	17.36	NaN	NaN	0.0	"2.5"	"F0034"	0	0	"FR"	26.714	"fill-rg-di"	26.513	1	1	0	843.684	0.0	0.0	null	871.02	0.086
2.0	0.045375	30000.0	2784.375	1378.125	NaN	NaN	NaN	0	0	1	0	0	1	0	0	0	0	0	0	1	0	0	0	0	0	0	0	1	0	0	0	1	24.0	0.093	0.196	NaN	NaN	0.221	0.436	NaN	NaN	6.63	15.26	NaN	NaN	0.0	"2.5"	"F0034"	0	0	"FR"	36.751	"fill-rg-di"	36.55	1	1	0	843.684	0.0	0.0	null	881.057	0.087
1.3	0.044275	30000.0	3093.75	1181.25	NaN	NaN	NaN	0	0	1	0	0	1	0	0	0	0	0	0	1	0	0	0	0	0	0	0	1	0	0	0	1	16.0	0.124	0.176	NaN	NaN	0.295	0.391	NaN	NaN	8.85	13.685	NaN	NaN	0.0	"2.5"	"F0034"	0	0	"FR"	46.79	"fill-rg-di"	46.589	1	1	0	843.684	0.0	0.0	null	891.096	0.086
1.5	0.043725	-937.5	2953.125	975.0	NaN	NaN	NaN	0	0	0	0	1	0	0	0	0	0	0	0	0	0	0	0	0	0	0	0	1	0	0	0	1	18.0	0.11	0.155	NaN	NaN	0.262	0.344	NaN	NaN	7.86	12.04	NaN	NaN	0.0	"2.5"	"F0034"	0	0	"FR"	56.822	"drain-rg"	3.813	1	1	0	843.684	0.0	0.0	null	901.128	0.091
2.0	0.043175	-3375.0	2606.25	965.625	NaN	NaN	NaN	0	0	0	0	1	0	0	0	0	0	0	0	0	0	0	0	0	0	0	0	1	0	0	0	1	24.0	0.076	0.155	NaN	NaN	0.181	0.344	NaN	NaN	5.43	12.04	NaN	NaN	0.0	"2.5"	"F0034"	0	0	"FR"	66.864	"drain-rg"	13.855	1	1	0	843.684	0.0	0.0	null	911.17	0.091
2.8	0.04345	-4875.0	2212.5	956.25	NaN	NaN	NaN	0	0	0	0	1	0	0	0	0	0	0	0	0	0	0	0	0	0	0	0	1	0	0	0	1	34.0	0.036	0.154	NaN	NaN	0.086	0.342	NaN	NaN	2.58	11.97	NaN	NaN	0.0	"2.5"	"F0034"	0	0	"FR"	76.897	"drain-rg"	23.888	1	1	0	843.684	0.0	0.0	null	921.203	0.09
1.8	0.0429	-4500.0	1837.5	975.0	NaN	NaN	NaN	0	0	0	0	1	0	0	0	0	0	0	0	0	0	0	0	0	0	0	0	1	0	0	0	1	22.0	-0.001	0.155	NaN	NaN	-0.002	0.344	NaN	NaN	-0.06	12.04	NaN	NaN	0.0	"2.5"	"F0034"	0	0	"FR"	86.928	"drain-rg"	33.919	1	1	0	843.684	0.0	0.0	null	931.234	0.09
1.8	0.043725	-4312.5	1200.0	956.25	NaN	NaN	NaN	0	0	0	0	1	0	0	0	0	0	0	0	0	0	0	0	0	0	0	0	1	0	0	0	1	22.0	-0.065	0.154	NaN	NaN	-0.155	0.342	NaN	NaN	-4.65	11.97	NaN	NaN	0.0	"2.5"	"F0034"	0	0	"FR"	96.764	"drip-rg"	9.836	1	1	0	843.684	0.0	0.0	null	941.07	0.086
1.5	0.0429	30000.0	1303.125	890.625	NaN	NaN	NaN	0	0	1	0	0	1	0	0	0	0	0	0	1	0	0	0	0	0	0	0	1	0	0	0	1	18.0	-0.055	0.147	NaN	NaN	-0.131	0.327	NaN	NaN	-3.93	11.445	NaN	NaN	0.0	"2.5"	"F0034"	0	0	"PR"	4.032	"fill-rg-di"	3.832	1	0	0	843.684	0.0	946.488	null	951.14	0.09
1.5	0.04235	30000.0	2100.0	675.0	NaN	NaN	NaN	0	0	1	0	0	1	0	0	0	0	0	0	1	0	0	0	0	0	0	0	1	0	0	0	1	18.0	0.025	0.126	NaN	NaN	0.06	0.28	NaN	NaN	1.8	9.8	NaN	NaN	0.0	"2.5"	"F0034"	0	0	"PR"	14.074	"fill-rg-di"	13.874	1	0	0	843.684	0.0	946.488	null	961.182	0.088
0.6	0.042075	30000.0	2400.0	375.0	NaN	NaN	NaN	0	0	1	0	0	1	0	0	0	0	0	0	1	0	0	0	0	0	0	0	1	0	0	0	1	7.0	0.055	0.096	NaN	NaN	0.131	0.213	NaN	NaN	3.93	7.455	NaN	NaN	0.0	"2.5"	"F0034"	0	0	"PR"	24.111	"fill-rg-di"	23.911	1	0	0	843.684	0.0	946.488	null	971.219	0.086
1.1	0.0407	30000.0	2690.625	112.5	NaN	NaN	NaN	0	0	1	0	0	1	0	0	0	0	0	0	1	0	0	0	0	0	0	0	1	0	0	0	1	13.0	0.084	0.069	NaN	NaN	0.2	0.153	NaN	NaN	6.0	5.355	NaN	NaN	0.0	"2.5"	"F0034"	0	0	"PR"	34.147	"fill-rg-di"	33.947	1	0	0	843.684	0.0	946.488	null	981.255	0.088
1.4	0.040425	3937.5	2765.625	290.625	NaN	NaN	NaN	1	0	0	0	0	0	0	0	0	0	0	0	0	1	0	0	0	0	0	0	1	0	0	0	1	17.0	0.092	0.087	NaN	NaN	0.219	0.193	NaN	NaN	6.57	6.755	NaN	NaN	0.0	"2.5"	"F0034"	0	0	"PR"	44.185	"fill-di-lb"	7.628	1	0	0	843.684	0.0	946.488	null	991.293	0.084
1.3	0.040975	1875.0	2784.375	590.625	NaN	NaN	NaN	1	0	0	0	0	0	0	0	0	0	0	0	0	1	0	0	0	0	0	0	1	0	0	0	1	16.0	0.093	0.117	NaN	NaN	0.221	0.26	NaN	NaN	6.63	9.1	NaN	NaN	0.0	"2.5"	"F0034"	0	0	"PR"	54.22	"fill-di-lb"	17.663	1	0	0	843.684	0.0	946.488	null	1001.328	0.09
2.1	0.04125	1875.0	2784.375	881.25	NaN	NaN	NaN	1	0	0	0	0	0	0	0	0	0	0	0	0	1	0	0	0	0	0	0	1	0	0	0	1	25.0	0.093	0.146	NaN	NaN	0.221	0.324	NaN	NaN	6.63	11.34	NaN	NaN	0.0	"2.5"	"F0034"	0	0	"PR"	64.057	"fill-di-lb"	27.5	1	0	0	843.684	0.0	946.488	null	1011.165	0.085
1.5	0.0407	2437.5	2765.625	1171.875	NaN	NaN	NaN	1	0	0	0	0	0	0	0	0	0	0	0	0	1	0	0	0	0	0	0	1	0	0	0	1	18.0	0.092	0.175	NaN	NaN	0.219	0.389	NaN	NaN	6.57	13.615	NaN	NaN	0.0	"2.5"	"F0034"	0	0	"PR"	74.092	"fill-di-lb"	37.535	1	0	0	843.684	0.0	946.488	null	1021.2	0.083
-0.1	0.040975	4687.5	2765.625	1481.25	NaN	NaN	NaN	1	0	0	0	0	0	0	0	0	0	0	0	0	1	0	0	0	0	0	0	1	0	0	0	1	-1.0	0.092	0.206	NaN	NaN	0.219	0.458	NaN	NaN	6.57	16.03	NaN	NaN	0.0	"2.5"	"F0034"	0	0	"PR"	84.125	"fill-di-lb"	47.568	1	0	0	843.684	0.0	946.488	null	1031.233	0.086
1.5	0.040425	2250.0	2765.625	1753.125	NaN	NaN	NaN	1	0	0	0	0	0	0	0	0	0	0	0	0	1	0	0	0	0	0	0	1	0	0	0	1	18.0	0.092	0.233	NaN	NaN	0.219	0.518	NaN	NaN	6.57	18.13	NaN	NaN	0.0	"2.5"	"F0034"	0	0	"PR"	94.161	"fill-di-lb"	57.604	1	0	0	843.684	0.0	946.488	null	1041.269	0.085
1.3	0.0407	1875.0	2765.625	2034.375	NaN	NaN	NaN	1	0	0	0	0	0	0	0	0	0	0	0	0	1	0	0	0	0	0	0	1	0	0	0	1	16.0	0.092	0.261	NaN	NaN	0.219	0.58	NaN	NaN	6.57	20.3	NaN	NaN	0.0	"2.5"	"F0034"	0	0	"PR"	104.195	"fill-di-lb"	67.638	1	0	0	843.684	0.0	946.488	null	1051.303	0.086
1.3	0.040425	30000.0	2859.375	2203.125	NaN	NaN	NaN	0	0	1	0	0	1	0	0	0	0	0	0	1	0	0	0	0	0	0	0	1	0	0	0	1	16.0	0.101	0.278	NaN	NaN	0.24	0.618	NaN	NaN	7.2	21.63	NaN	NaN	0.0	"2.5"	"F0034"	0	0	"PR"	114.234	"fill-rg-di"	3.011	1	0	0	843.684	0.0	946.488	null	1061.342	0.087
11.9	0.040425	29812.5	2981.25	2531.25	NaN	NaN	NaN	0	1	1	0	0	0	0	0	0	0	0	0	1	0	0	0	0	1	1	1	0	1	1	1	0	143.0	0.113	0.311	NaN	NaN	0.269	0.691	NaN	NaN	8.07	24.185	NaN	NaN	0.0	"2.5"	"F0034"	1	1	"PR"	124.279	"deionize"	1.212	1	1	0	843.684	0.0	946.488	null	1071.387	0.087
11.6	0.040425	35062.5	2971.875	2559.375	NaN	NaN	NaN	0	1	1	0	0	0	0	0	0	0	0	0	1	0	0	0	0	1	1	1	0	1	1	1	0	139.0	0.112	0.314	NaN	NaN	0.267	0.698	NaN	NaN	8.01	24.43	NaN	NaN	0.0	"2.5"	"F0034"	1	1	"PR"	134.314	"deionize"	11.247	1	1	0	843.684	0.0	946.488	null	1081.422	0.087
12.6	0.0396	34687.5	2971.875	2606.25	NaN	NaN	NaN	0	1	1	0	0	0	0	0	0	0	0	0	1	0	0	0	0	1	1	1	0	1	1	1	0	151.0	0.112	0.319	NaN	NaN	0.267	0.709	NaN	NaN	8.01	24.815	NaN	NaN	0.0	"2.5"	"F0034"	1	1	"PR"	144.151	"deionize"	21.084	1	1	0	843.684	0.0	946.488	null	1091.259	0.088
12.3	0.039325	34875.0	2962.5	2521.875	NaN	NaN	NaN	0	1	1	0	0	0	0	0	0	0	0	0	1	0	0	0	0	1	1	1	0	1	1	1	0	148.0	0.111	0.31	NaN	NaN	0.264	0.689	NaN	NaN	7.92	24.115	NaN	NaN	0.0	"2.5"	"F0034"	1	1	"PR"	154.192	"deionize"	31.125	1	1	0	843.684	0.0	946.488	null	1101.3	0.087
11.2	0.038775	35625.0	2962.5	2559.375	NaN	NaN	NaN	0	1	1	0	0	0	0	0	0	0	0	0	1	0	0	0	0	1	1	1	0	1	1	1	0	134.0	0.111	0.314	NaN	NaN	0.264	0.698	NaN	NaN	7.92	24.43	NaN	NaN	0.0	"2.5"	"F0034"	1	1	"PR"	164.226	"deionize"	41.159	1	1	0	843.684	0.0	946.488	null	1111.334	0.087
12.3	0.037675	35625.0	2971.875	2550.0	NaN	NaN	NaN	0	1	1	0	0	0	0	0	0	0	0	0	1	0	0	0	0	1	1	1	0	1	1	1	0	148.0	0.112	0.313	NaN	NaN	0.267	0.696	NaN	NaN	8.01	24.36	NaN	NaN	0.0	"2.5"	"F0034"	1	1	"PR"	174.264	"deionize"	51.197	1	1	0	843.684	0.0	946.488	null	1121.372	0.087
9.3	0.037125	34312.5	2971.875	2550.0	NaN	NaN	NaN	0	1	1	0	0	0	0	0	0	0	0	0	1	0	0	0	0	1	1	1	0	1	1	1	0	112.0	0.112	0.313	NaN	NaN	0.267	0.696	NaN	NaN	8.01	24.36	NaN	NaN	0.0	"2.5"	"F0034"	1	1	"PR"	184.301	"deionize"	61.234	1	1	0	843.684	0.0	946.488	null	1131.409	0.084
12.7	0.036575	34687.5	2971.875	2578.125	NaN	NaN	NaN	0	1	1	0	0	0	0	0	0	0	0	0	1	0	0	0	0	1	1	1	0	1	1	1	0	152.0	0.112	0.316	NaN	NaN	0.267	0.702	NaN	NaN	8.01	24.57	NaN	NaN	0.0	"2.5"	"F0034"	1	1	"PR"	194.335	"deionize"	71.268	1	1	0	843.684	0.0	946.488	null	1141.443	0.087
8.7	0.036025	34125.0	2953.125	2596.875	NaN	NaN	NaN	0	1	1	0	0	0	0	0	0	0	0	0	1	0	0	0	0	1	1	1	0	1	1	1	0	104.0	0.11	0.318	NaN	NaN	0.262	0.707	NaN	NaN	7.86	24.745	NaN	NaN	0.0	"2.5"	"F0034"	1	1	"PR"	204.373	"deionize"	81.306	1	1	0	843.684	0.0	946.488	null	1151.481	0.085
11.4	0.0352	35250.0	2953.125	2512.5	NaN	NaN	NaN	0	1	1	0	0	0	0	0	0	0	0	0	1	0	0	0	0	1	1	1	0	1	1	1	0	137.0	0.11	0.309	NaN	NaN	0.262	0.687	NaN	NaN	7.86	24.045	NaN	NaN	0.0	"2.5"	"F0034"	1	1	"PR"	214.209	"deionize"	91.142	1	1	0	843.684	0.0	946.488	null	1161.317	0.093
12.3	0.034925	34687.5	2953.125	2596.875	NaN	NaN	NaN	0	1	1	0	0	0	0	0	0	0	0	0	1	0	0	0	0	1	1	1	0	1	1	1	0	148.0	0.11	0.318	NaN	NaN	0.262	0.707	NaN	NaN	7.86	24.745	NaN	NaN	0.0	"2.5"	"F0034"	1	1	"PR"	224.255	"deionize"	101.188	1	1	0	843.684	0.0	946.488	null	1171.363	0.088
11.9	0.034375	34687.5	2971.875	2550.0	NaN	NaN	NaN	0	1	1	0	0	0	0	0	0	0	0	0	1	0	0	0	0	1	1	1	0	1	1	1	0	143.0	0.112	0.313	NaN	NaN	0.267	0.696	NaN	NaN	8.01	24.36	NaN	NaN	0.0	"2.5"	"F0034"	1	1	"PR"	234.294	"deionize"	111.227	1	1	0	843.684	0.0	946.488	null	1181.402	0.084
12.4	0.0341	35437.5	2971.875	2550.0	NaN	NaN	NaN	0	1	1	0	0	0	0	0	0	0	0	0	1	0	0	0	0	1	1	1	0	1	1	1	0	149.0	0.112	0.313	NaN	NaN	0.267	0.696	NaN	NaN	8.01	24.36	NaN	NaN	0.0	"2.5"	"F0034"	1	1	"PR"	244.331	"deionize"	121.264	1	1	0	843.684	0.0	946.488	null	1191.439	0.085
12.0	0.03355	34875.0	2990.625	2550.0	NaN	NaN	NaN	0	1	1	0	0	0	0	0	0	0	0	0	1	0	0	0	0	1	1	1	0	1	1	1	0	144.0	0.114	0.313	NaN	NaN	0.271	0.696	NaN	NaN	8.13	24.36	NaN	NaN	0.0	"2.5"	"F0034"	1	1	"PR"	254.371	"deionize"	131.304	1	1	0	843.684	0.0	946.488	null	1201.479	0.085
12.8	0.033	35812.5	2971.875	2625.0	NaN	NaN	NaN	0	1	1	0	0	0	0	0	0	0	0	0	1	0	0	0	0	1	1	1	0	1	1	1	0	154.0	0.112	0.321	NaN	NaN	0.267	0.713	NaN	NaN	8.01	24.955	NaN	NaN	0.0	"2.5"	"F0034"	1	1	"PR"	264.409	"deionize"	141.342	1	1	0	843.684	0.0	946.488	null	1211.517	0.084
12.0	0.032175	35625.0	2943.75	2512.5	NaN	NaN	NaN	0	1	1	0	0	0	0	0	0	0	0	0	1	0	0	0	0	1	1	1	0	1	1	1	0	144.0	0.109	0.309	NaN	NaN	0.26	0.687	NaN	NaN	7.8	24.045	NaN	NaN	0.0	"2.5"	"F0034"	1	1	"PR"	274.446	"deionize"	151.379	1	1	0	843.684	0.0	946.488	null	1221.554	0.085
13.0	0.0319	36375.0	2971.875	2596.875	NaN	NaN	NaN	0	1	1	0	0	0	0	0	0	0	0	0	1	0	0	0	0	1	1	1	0	1	1	1	0	156.0	0.112	0.318	NaN	NaN	0.267	0.707	NaN	NaN	8.01	24.745	NaN	NaN	0.0	"2.5"	"F0034"	1	1	"PR"	284.487	"deionize"	161.42	1	1	0	843.684	0.0	946.488	null	1231.595	0.084
12.3	0.031625	35625.0	2943.75	2559.375	NaN	NaN	NaN	0	1	1	0	0	0	0	0	0	0	0	0	1	0	0	0	0	1	1	1	0	1	1	1	0	148.0	0.109	0.314	NaN	NaN	0.26	0.698	NaN	NaN	7.8	24.43	NaN	NaN	0.0	"2.5"	"F0034"	1	1	"PR"	294.325	"deionize"	171.258	1	1	0	843.684	0.0	946.488	null	1241.433	0.09
13.3	0.03135	36000.0	2934.375	2615.625	NaN	NaN	NaN	0	1	1	0	0	0	0	0	0	0	0	0	1	0	0	0	0	1	1	1	0	1	1	1	0	160.0	0.108	0.32	NaN	NaN	0.257	0.711	NaN	NaN	7.71	24.885	NaN	NaN	0.0	"2.5"	"F0034"	1	1	"PR"	304.366	"deionize"	181.299	1	1	0	843.684	0.0	946.488	null	1251.474	0.093
12.3	0.031075	34500.0	2962.5	2578.125	NaN	NaN	NaN	0	1	1	0	0	0	0	0	0	0	0	0	1	0	0	0	0	1	1	1	0	1	1	1	0	148.0	0.111	0.316	NaN	NaN	0.264	0.702	NaN	NaN	7.92	24.57	NaN	NaN	0.0	"2.5"	"F0034"	1	1	"PR"	314.401	"deionize"	191.334	1	1	0	843.684	0.0	946.488	null	1261.509	0.09
12.0	0.0308	33937.5	2943.75	2521.875	NaN	NaN	NaN	0	1	1	0	0	0	0	0	0	0	0	0	1	0	0	0	0	1	1	1	0	1	1	1	0	144.0	0.109	0.31	NaN	NaN	0.26	0.689	NaN	NaN	7.8	24.115	NaN	NaN	0.0	"2.5"	"F0034"	1	1	"PR"	324.436	"deionize"	201.369	1	1	0	843.684	0.0	946.488	null	1271.544	0.084
12.6	0.03025	33562.5	2971.875	2531.25	NaN	NaN	NaN	0	1	1	0	0	0	0	0	0	0	0	0	1	0	0	0	0	1	1	1	0	1	1	1	0	151.0	0.112	0.311	NaN	NaN	0.267	0.691	NaN	NaN	8.01	24.185	NaN	NaN	0.0	"2.5"	"F0034"	1	1	"PR"	334.476	"deionize"	211.409	1	1	0	843.684	0.0	946.488	null	1281.584	0.085
12.6	0.0297	35437.5	2953.125	2521.875	NaN	NaN	NaN	0	1	1	0	0	0	0	0	0	0	0	0	1	0	0	0	0	1	1	1	0	1	1	1	0	151.0	0.11	0.31	NaN	NaN	0.262	0.689	NaN	NaN	7.86	24.115	NaN	NaN	0.0	"2.5"	"F0034"	1	1	"PR"	344.511	"deionize"	221.444	1	1	0	843.684	0.0	946.488	null	1291.619	0.084
12.5	0.028875	35250.0	2953.125	2550.0	NaN	NaN	NaN	0	1	1	0	0	0	0	0	0	0	0	0	1	0	0	0	0	1	1	1	0	1	1	1	0	150.0	0.11	0.313	NaN	NaN	0.262	0.696	NaN	NaN	7.86	24.36	NaN	NaN	0.0	"2.5"	"F0034"	1	1	"PR"	354.55	"deionize"	231.483	1	1	0	843.684	0.0	946.488	null	1301.658	0.087
13.0	0.028325	33562.5	2953.125	2606.25	NaN	NaN	NaN	0	1	1	0	0	0	0	0	0	0	0	0	1	0	0	0	1	1	1	1	0	1	1	1	0	156.0	0.11	0.319	NaN	NaN	0.262	0.709	NaN	NaN	7.86	24.815	NaN	NaN	0.0	"2.5"	"F0034"	1	1	"PR"	364.496	"deionize-uv"	1.314	1	1	0	843.684	0.0	946.488	null	1311.604	0.09
12.8	0.028875	34875.0	2962.5	2540.625	NaN	NaN	NaN	0	1	1	0	0	0	0	0	0	0	0	0	1	0	0	0	1	1	1	1	0	1	1	1	0	154.0	0.111	0.312	NaN	NaN	0.264	0.693	NaN	NaN	7.92	24.255	NaN	NaN	0.0	"2.5"	"F0034"	1	1	"PR"	374.536	"deionize-uv"	11.354	1	1	0	843.684	0.0	946.488	null	1321.644	0.084
13.8	0.0275	33187.5	2953.125	2587.5	NaN	NaN	NaN	0	1	1	0	0	0	0	0	0	0	0	0	1	0	0	0	1	1	1	1	0	1	1	1	0	166.0	0.11	0.317	NaN	NaN	0.262	0.704	NaN	NaN	7.86	24.64	NaN	NaN	0.0	"2.5"	"F0034"	1	1	"PR"	384.574	"deionize-uv"	21.392	1	1	0	843.684	0.0	946.488	null	1331.682	0.085
11.9	0.027775	35437.5	2962.5	2578.125	NaN	NaN	NaN	0	1	1	0	0	0	0	0	0	0	0	0	1	0	0	0	1	1	1	1	0	1	1	1	0	143.0	0.111	0.316	NaN	NaN	0.264	0.702	NaN	NaN	7.92	24.57	NaN	NaN	0.0	"2.5"	"F0034"	1	1	"PR"	394.608	"deionize-uv"	31.426	1	1	0	843.684	0.0	946.488	null	1341.716	0.083
11.6	0.02695	36000.0	2962.5	2559.375	NaN	NaN	NaN	0	1	1	0	0	0	0	0	0	0	0	0	1	0	0	0	1	1	1	1	0	1	1	1	0	139.0	0.111	0.314	NaN	NaN	0.264	0.698	NaN	NaN	7.92	24.43	NaN	NaN	0.0	"2.5"	"F0034"	1	1	"PR"	404.444	"deionize-uv"	41.262	1	1	0	843.684	0.0	946.488	null	1351.552	0.09
11.5	0.02695	34687.5	2943.75	2521.875	NaN	NaN	NaN	0	1	1	0	0	0	0	0	0	0	0	0	1	0	0	0	1	1	1	1	0	1	1	1	0	138.0	0.109	0.31	NaN	NaN	0.26	0.689	NaN	NaN	7.8	24.115	NaN	NaN	0.0	"2.5"	"F0034"	1	1	"PR"	414.48	"deionize-uv"	51.298	1	1	0	843.684	0.0	946.488	null	1361.588	0.091
11.1	0.02695	34687.5	2981.25	2596.875	NaN	NaN	NaN	0	1	1	0	0	0	0	0	0	0	0	0	1	0	0	0	1	1	1	1	0	1	1	1	0	133.0	0.113	0.318	NaN	NaN	0.269	0.707	NaN	NaN	8.07	24.745	NaN	NaN	0.0	"2.5"	"F0034"	1	1	"PR"	424.511	"deionize-uv"	61.329	1	1	0	843.684	0.0	946.488	null	1371.619	0.09
11.6	0.026125	35062.5	2962.5	2503.125	NaN	NaN	NaN	0	1	1	0	0	0	0	0	0	0	0	0	1	0	0	0	1	1	1	1	0	1	1	1	0	139.0	0.111	0.308	NaN	NaN	0.264	0.684	NaN	NaN	7.92	23.94	NaN	NaN	0.0	"2.5"	"F0034"	1	1	"PR"	434.543	"deionize-uv"	71.361	1	1	0	843.684	0.0	946.488	null	1381.651	0.09
11.3	0.02585	35062.5	2971.875	2587.5	NaN	NaN	NaN	0	1	1	0	0	0	0	0	0	0	0	0	1	0	0	0	1	1	1	1	0	1	1	1	0	136.0	0.112	0.317	NaN	NaN	0.267	0.704	NaN	NaN	8.01	24.64	NaN	NaN	0.0	"2.5"	"F0034"	1	1	"PR"	444.581	"deionize-uv"	81.399	1	1	0	843.684	0.0	946.488	null	1391.689	0.089
12.5	0.025575	33562.5	2971.875	2568.75	NaN	NaN	NaN	0	1	1	0	0	0	0	0	0	0	0	0	1	0	0	0	1	1	1	1	0	1	1	1	0	150.0	0.112	0.315	NaN	NaN	0.267	0.7	NaN	NaN	8.01	24.5	NaN	NaN	0.0	"2.5"	"F0034"	1	1	"PR"	454.618	"deionize-uv"	91.436	1	1	0	843.684	0.0	946.488	null	1401.726	0.09
11.0	0.025575	33562.5	2962.5	2531.25	NaN	NaN	NaN	0	1	1	0	0	0	0	0	0	0	0	0	1	0	0	0	1	1	1	1	0	1	1	1	0	132.0	0.111	0.311	NaN	NaN	0.264	0.691	NaN	NaN	7.92	24.185	NaN	NaN	0.0	"2.5"	"F0034"	1	1	"PR"	464.658	"deionize-uv"	101.476	1	1	0	843.684	0.0	946.488	null	1411.766	0.091
10.7	0.025575	34875.0	2962.5	2578.125	NaN	NaN	NaN	0	1	1	0	0	0	0	0	0	0	0	0	1	0	0	0	1	1	1	1	0	1	1	1	0	128.0	0.111	0.316	NaN	NaN	0.264	0.702	NaN	NaN	7.92	24.57	NaN	NaN	0.0	"2.5"	"F0034"	1	1	"PR"	474.694	"deionize-uv"	111.512	1	1	0	843.684	0.0	946.488	null	1421.802	0.09
9.2	0.0253	38062.5	2953.125	2250.0	NaN	NaN	NaN	0	0	1	0	0	0	0	1	0	0	0	0	1	0	0	0	1	1	1	1	0	1	1	1	0	110.0	0.11	0.283	NaN	NaN	0.262	0.629	NaN	NaN	7.86	22.015	NaN	NaN	0.0	"2.5"	"F0034"	1	1	"PR"	484.66	"drain-di-1"	1.335	1	1	0	843.684	0.0	946.488	null	1431.768	0.092
10.1	0.0253	35812.5	2934.375	1968.75	NaN	NaN	NaN	0	0	1	0	0	0	0	1	0	0	0	0	1	0	0	0	1	1	1	1	0	1	1	1	0	121.0	0.108	0.255	NaN	NaN	0.257	0.567	NaN	NaN	7.71	19.845	NaN	NaN	0.0	"2.5"	"F0034"	1	1	"PR"	494.699	"drain-di-1"	11.374	1	1	0	843.684	0.0	946.488	null	1441.807	0.09
10.3	0.024475	37312.5	2971.875	1734.375	NaN	NaN	NaN	0	0	1	0	0	0	0	1	0	0	0	0	1	0	0	0	1	1	1	1	0	1	1	1	0	124.0	0.112	0.231	NaN	NaN	0.267	0.513	NaN	NaN	8.01	17.955	NaN	NaN	0.0	"2.5"	"F0034"	1	1	"PR"	504.731	"drain-di-1"	21.406	1	1	0	843.684	0.0	946.488	null	1451.839	0.088
11.2	0.024475	37312.5	2943.75	1490.625	NaN	NaN	NaN	0	0	1	0	0	0	0	1	0	0	0	0	1	0	0	0	1	1	1	1	0	1	1	1	0	134.0	0.109	0.207	NaN	NaN	0.26	0.46	NaN	NaN	7.8	16.1	NaN	NaN	0.0	"2.5"	"F0034"	1	1	"PR"	514.573	"drain-di-1"	31.248	1	1	0	843.684	0.0	946.488	null	1461.681	0.085
9.7	0.02365	37312.5	2953.125	1256.25	NaN	NaN	NaN	0	0	1	0	0	0	0	1	0	0	0	0	1	0	0	0	1	1	1	1	0	1	1	1	0	116.0	0.11	0.184	NaN	NaN	0.262	0.409	NaN	NaN	7.86	14.315	NaN	NaN	0.0	"2.5"	"F0034"	1	1	"PR"	524.61	"drain-di-1"	41.285	1	1	0	843.684	0.0	946.488	null	1471.718	0.091
9.5	0.0242	37125.0	2962.5	1003.125	NaN	NaN	NaN	0	0	1	0	0	0	0	1	0	0	0	0	1	0	0	0	1	1	1	1	0	1	1	1	0	114.0	0.111	0.158	NaN	NaN	0.264	0.351	NaN	NaN	7.92	12.285	NaN	NaN	0.0	"2.5"	"F0034"	1	1	"PR"	534.642	"drain-di-1"	51.317	1	1	0	843.684	0.0	946.488	null	1481.75	0.092
9.1	0.0242	37125.0	2962.5	768.75	NaN	NaN	NaN	0	0	1	0	0	0	0	1	0	0	0	0	1	0	0	0	1	1	1	1	0	1	1	1	0	109.0	0.111	0.135	NaN	NaN	0.264	0.3	NaN	NaN	7.92	10.5	NaN	NaN	0.0	"2.5"	"F0034"	1	1	"PR"	544.681	"drain-di-1"	61.356	1	1	0	843.684	0.0	946.488	null	1491.789	0.09
8.6	0.02365	36000.0	3000.0	525.0	NaN	NaN	NaN	0	0	1	0	0	0	0	1	0	0	0	0	1	0	0	0	1	1	1	1	0	1	1	1	0	103.0	0.115	0.111	NaN	NaN	0.274	0.247	NaN	NaN	8.22	8.645	NaN	NaN	0.0	"2.5"	"F0034"	1	1	"PR"	554.72	"drain-di-1"	71.395	1	1	0	843.684	0.0	946.488	null	1501.828	0.09
9.3	0.023375	36937.5	2953.125	290.625	NaN	NaN	NaN	0	0	1	0	0	0	0	1	0	0	0	0	1	0	0	0	1	1	1	1	0	1	1	1	0	112.0	0.11	0.087	NaN	NaN	0.262	0.193	NaN	NaN	7.86	6.755	NaN	NaN	0.0	"2.5"	"F0034"	1	1	"PR"	564.762	"drain-di-1"	81.437	1	1	0	843.684	0.0	946.488	null	1511.87	0.093
9.9	0.023375	38437.5	2971.875	56.25	NaN	NaN	NaN	0	0	1	0	0	0	0	1	0	0	0	0	1	0	0	0	1	1	1	1	0	1	1	1	0	119.0	0.112	0.064	NaN	NaN	0.267	0.142	NaN	NaN	8.01	4.97	NaN	NaN	0.0	"2.5"	"F0034"	1	1	"PR"	574.707	"drip-di-1"	1.313	1	1	0	843.684	0.0	946.488	null	1521.815	0.091
9.3	0.023375	37125.0	2953.125	-215.625	NaN	NaN	NaN	0	0	1	0	0	0	0	1	0	0	0	0	1	0	0	0	1	1	1	1	0	1	1	1	0	112.0	0.11	0.036	NaN	NaN	0.262	0.08	NaN	NaN	7.86	2.8	NaN	NaN	0.0	"2.5"	"F0034"	1	1	"PR"	584.744	"drip-di-1"	11.35	1	1	0	843.684	0.0	946.488	null	1531.852	0.092
-11.9	0.023375	29250.0	2784.375	18.75	NaN	NaN	NaN	1	0	0	0	0	1	1	0	0	0	0	0	1	1	0	0	0	1	1	0	1	1	1	0	1	-143.0	0.093	0.06	NaN	NaN	0.221	0.133	NaN	NaN	6.63	4.655	NaN	NaN	0.0	"2.5"	"F0034"	1	0	"PR"	594.738	"reverse-f"	6.178	1	1	0	843.684	0.0	946.488	null	1541.846	0.087
-11.9	0.025025	28875.0	2737.5	365.625	NaN	NaN	NaN	1	0	0	0	0	1	1	0	0	0	0	0	1	1	0	0	0	1	1	0	1	1	1	0	1	-143.0	0.089	0.095	NaN	NaN	0.212	0.211	NaN	NaN	6.36	7.385	NaN	NaN	0.0	"2.5"	"F0034"	1	0	"PR"	604.779	"reverse-f"	16.219	1	1	0	843.684	0.0	946.488	null	1551.887	0.091
-11.9	0.027775	30375.0	2746.875	637.5	NaN	NaN	NaN	1	0	0	0	0	1	1	0	0	0	0	0	1	1	0	0	0	1	1	0	1	1	1	0	1	-143.0	0.09	0.122	NaN	NaN	0.214	0.271	NaN	NaN	6.42	9.485	NaN	NaN	0.0	"2.5"	"F0034"	1	0	"PR"	614.813	"reverse-f"	26.253	1	1	0	843.684	0.0	946.488	null	1561.921	0.093
-12.4	0.0308	30000.0	2812.5	937.5	NaN	NaN	NaN	1	0	0	0	0	1	1	0	0	0	0	0	1	1	0	0	0	1	1	0	1	1	1	0	1	-149.0	0.096	0.152	NaN	NaN	0.229	0.338	NaN	NaN	6.87	11.83	NaN	NaN	0.0	"2.5"	"F0034"	1	0	"PR"	624.849	"reverse-f"	36.289	1	1	0	843.684	0.0	946.488	null	1571.957	0.091
-11.9	0.032175	30000.0	2784.375	1200.0	NaN	NaN	NaN	1	0	0	0	0	1	1	0	0	0	0	0	1	1	0	0	0	1	1	0	1	1	1	0	1	-143.0	0.093	0.178	NaN	NaN	0.221	0.396	NaN	NaN	6.63	13.86	NaN	NaN	0.0	"2.5"	"F0034"	1	0	"PR"	634.888	"reverse-f"	46.328	1	1	0	843.684	0.0	946.488	null	1581.996	0.087
-12.9	0.034925	29250.0	2765.625	1518.75	NaN	NaN	NaN	1	0	0	0	0	1	1	0	0	0	0	0	1	1	0	0	0	1	1	0	1	1	1	0	1	-155.0	0.092	0.21	NaN	NaN	0.219	0.467	NaN	NaN	6.57	16.345	NaN	NaN	0.0	"2.5"	"F0034"	1	0	"PR"	644.719	"reverse-f"	56.159	1	1	0	843.684	0.0	946.488	null	1591.827	0.086
-12.1	0.0374	29625.0	2784.375	1800.0	NaN	NaN	NaN	1	0	0	0	0	1	1	0	0	0	0	0	1	1	0	0	0	1	1	0	1	1	1	0	1	-145.0	0.093	0.238	NaN	NaN	0.221	0.529	NaN	NaN	6.63	18.515	NaN	NaN	0.0	"2.5"	"F0034"	1	0	"PR"	654.755	"reverse-f"	66.195	1	1	0	843.684	0.0	946.488	null	1601.863	0.088
-11.9	0.039325	30000.0	2756.25	2100.0	NaN	NaN	NaN	1	0	0	0	0	1	1	0	0	0	0	0	1	1	0	0	0	1	1	0	1	1	1	0	1	-143.0	0.091	0.268	NaN	NaN	0.217	0.596	NaN	NaN	6.51	20.86	NaN	NaN	0.0	"2.5"	"F0034"	1	0	"PR"	664.79	"reverse-f"	76.23	1	1	0	843.684	0.0	946.488	null	1611.898	0.086
-11.3	0.0407	29812.5	2784.375	2287.5	NaN	NaN	NaN	0	0	0	0	0	1	1	0	0	0	0	0	1	0	0	0	0	1	1	0	1	1	1	0	1	-136.0	0.093	0.287	NaN	NaN	0.221	0.638	NaN	NaN	6.63	22.33	NaN	NaN	0.0	"2.5"	"F0034"	1	0	"PR"	674.734	"reverse"	86.174	1	1	0	843.684	0.0	946.488	null	1621.842	0.084
-12.0	0.0429	29625.0	2756.25	2306.25	NaN	NaN	NaN	0	0	0	0	0	1	1	0	0	0	0	0	1	0	0	0	0	1	1	0	1	1	1	0	1	-144.0	0.091	0.289	NaN	NaN	0.217	0.642	NaN	NaN	6.51	22.47	NaN	NaN	0.0	"2.5"	"F0034"	1	0	"PR"	684.771	"reverse"	96.211	1	1	0	843.684	0.0	946.488	null	1631.879	0.085
-11.7	0.043725	30375.0	2784.375	2278.125	NaN	NaN	NaN	0	0	0	0	0	1	1	0	0	0	0	0	1	0	0	0	0	1	1	0	1	1	1	0	1	-140.0	0.093	0.286	NaN	NaN	0.221	0.636	NaN	NaN	6.63	22.26	NaN	NaN	0.0	"2.5"	"F0034"	1	0	"PR"	694.804	"reverse"	106.244	1	1	0	843.684	0.0	946.488	null	1641.912	0.083
-14.9	0.0451	28500.0	2765.625	2278.125	NaN	NaN	NaN	0	0	0	0	0	1	1	0	0	0	0	0	1	0	0	0	0	1	1	0	1	1	1	0	1	-179.0	0.092	0.286	NaN	NaN	0.219	0.636	NaN	NaN	6.57	22.26	NaN	NaN	0.0	"2.5"	"F0034"	1	0	"PR"	704.84	"reverse"	116.28	1	1	0	843.684	0.0	946.488	null	1651.948	0.086
-11.8	0.045375	29250.0	2746.875	2296.875	NaN	NaN	NaN	0	0	0	0	0	1	1	0	0	0	0	0	1	0	0	0	0	1	1	0	1	1	1	0	1	-142.0	0.09	0.288	NaN	NaN	0.214	0.64	NaN	NaN	6.42	22.4	NaN	NaN	0.0	"2.5"	"F0034"	1	0	"PR"	714.878	"reverse"	126.318	1	1	0	843.684	0.0	946.488	null	1661.986	0.088
-11.9	0.0462	30375.0	2756.25	2306.25	NaN	NaN	NaN	0	0	0	0	0	1	1	0	0	0	0	0	1	0	0	0	0	1	1	0	1	1	1	0	1	-143.0	0.091	0.289	NaN	NaN	0.217	0.642	NaN	NaN	6.51	22.47	NaN	NaN	0.0	"2.5"	"F0034"	1	0	"PR"	724.908	"reverse"	136.348	1	1	0	843.684	0.0	946.488	null	1672.016	0.084
-11.5	0.04675	29250.0	2784.375	2315.625	NaN	NaN	NaN	0	0	0	0	0	1	1	0	0	0	0	0	1	0	0	0	0	1	1	0	1	1	1	0	1	-138.0	0.093	0.29	NaN	NaN	0.221	0.644	NaN	NaN	6.63	22.54	NaN	NaN	0.0	"2.5"	"F0034"	1	0	"PR"	734.942	"reverse"	146.382	1	1	0	843.684	0.0	946.488	null	1682.05	0.086
-0.5	0.0473	1312.5	3000.0	2306.25	NaN	NaN	NaN	0	0	0	0	0	0	0	0	0	0	0	0	0	0	0	0	0	0	0	0	1	0	0	0	1	-6.0	0.115	0.289	NaN	NaN	0.274	0.642	NaN	NaN	8.22	22.47	NaN	NaN	0.0	"2.5"	"F0034"	0	0	"PR"	744.875	"diffuse"	6.116	1	1	1	843.684	0.0	946.488	null	1691.983	0.088
-1.1	0.0473	2250.0	2981.25	2325.0	NaN	NaN	NaN	0	0	0	0	0	0	0	0	0	0	0	0	0	0	0	0	0	0	0	0	1	0	0	0	1	-13.0	0.113	0.291	NaN	NaN	0.269	0.647	NaN	NaN	8.07	22.645	NaN	NaN	0.0	"2.5"	"F0034"	0	0	"PR"	754.909	"diffuse"	16.15	1	1	1	843.684	0.0	946.488	null	1702.017	0.083
-2.5	0.0473	2812.5	2981.25	2287.5	NaN	NaN	NaN	0	0	0	0	0	0	0	0	0	0	0	0	0	0	0	0	0	0	0	0	1	0	0	0	1	-30.0	0.113	0.287	NaN	NaN	0.269	0.638	NaN	NaN	8.07	22.33	NaN	NaN	0.0	"2.5"	"F0034"	0	0	"PR"	764.945	"diffuse"	26.186	1	1	1	843.684	0.0	946.488	null	1712.053	0.083
-12.4	0.047025	29437.5	2812.5	2278.125	NaN	NaN	NaN	0	0	0	0	0	1	1	0	0	0	0	0	1	0	0	0	0	1	1	0	1	1	1	0	1	-149.0	0.096	0.286	NaN	NaN	0.229	0.636	NaN	NaN	6.87	22.26	NaN	NaN	0.0	"2.5"	"F0034"	1	0	"PR"	774.877	"wash-en"	6.115	1	1	1	843.684	0.0	946.488	null	1721.985	0.085
-11.9	0.0484	30000.0	2821.875	2268.75	NaN	NaN	NaN	0	0	0	0	0	1	1	0	0	0	0	0	1	0	0	0	0	1	1	0	1	1	1	0	1	-143.0	0.097	0.285	NaN	NaN	0.231	0.633	NaN	NaN	6.93	22.155	NaN	NaN	0.0	"2.5"	"F0034"	1	0	"PR"	784.91	"wash-en"	16.148	1	1	1	843.684	0.0	946.488	null	1732.018	0.086
-0.5	0.049225	30000.0	2859.375	2287.5	NaN	NaN	NaN	0	0	0	0	0	1	1	0	0	0	0	0	1	0	0	0	0	0	0	0	1	0	0	0	1	-6.0	0.101	0.287	NaN	NaN	0.24	0.638	NaN	NaN	7.2	22.33	NaN	NaN	0.0	"2.5"	"F0034"	0	0	"PR"	795.033	"wash-sc"	6.109	1	1	1	843.684	0.0	946.488	null	1742.141	0.084
-0.8	0.04895	1875.0	3000.0	2296.875	NaN	NaN	NaN	0	0	0	0	0	0	0	0	0	0	0	0	0	0	0	0	0	0	0	0	1	0	0	0	1	-10.0	0.115	0.288	NaN	NaN	0.274	0.64	NaN	NaN	8.22	22.4	NaN	NaN	0.0	"2.5"	"F0034"	0	0	"PR"	805.074	"diffuse"	6.022	1	1	2	843.684	0.0	946.488	null	1752.182	0.085
-0.7	0.04895	1875.0	2981.25	2306.25	NaN	NaN	NaN	0	0	0	0	0	0	0	0	0	0	0	0	0	0	0	0	0	0	0	0	1	0	0	0	1	-8.0	0.113	0.289	NaN	NaN	0.269	0.642	NaN	NaN	8.07	22.47	NaN	NaN	0.0	"2.5"	"F0034"	0	0	"PR"	814.903	"diffuse"	15.851	1	1	2	843.684	0.0	946.488	null	1762.011	0.083
-1.3	0.049225	2812.5	2981.25	2296.875	NaN	NaN	NaN	0	0	0	0	0	0	0	0	0	0	0	0	0	0	0	0	0	0	0	0	1	0	0	0	1	-16.0	0.113	0.288	NaN	NaN	0.269	0.64	NaN	NaN	8.07	22.4	NaN	NaN	0.0	"2.5"	"F0034"	0	0	"PR"	824.929	"diffuse"	25.877	1	1	2	843.684	0.0	946.488	null	1772.037	0.086
-12.0	0.0484	30000.0	2812.5	2287.5	NaN	NaN	NaN	0	0	0	0	0	1	1	0	0	0	0	0	1	0	0	0	0	1	1	0	1	1	1	0	1	-144.0	0.096	0.287	NaN	NaN	0.229	0.638	NaN	NaN	6.87	22.33	NaN	NaN	0.0	"2.5"	"F0034"	1	0	"PR"	835.061	"wash-en"	5.915	1	1	2	843.684	0.0	946.488	null	1782.169	0.085
-11.7	0.0495	29625.0	2784.375	2287.5	NaN	NaN	NaN	0	0	0	0	0	1	1	0	0	0	0	0	1	0	0	0	0	1	1	0	1	1	1	0	1	-140.0	0.093	0.287	NaN	NaN	0.221	0.638	NaN	NaN	6.63	22.33	NaN	NaN	0.0	"2.5"	"F0034"	1	0	"PR"	845.095	"wash-en"	15.949	1	1	2	843.684	0.0	946.488	null	1792.203	0.086
-0.4	0.04895	29812.5	2821.875	2296.875	NaN	NaN	NaN	0	0	0	0	0	1	1	0	0	0	0	0	1	0	0	0	0	0	0	0	1	0	0	0	1	-5.0	0.097	0.288	NaN	NaN	0.231	0.64	NaN	NaN	6.93	22.4	NaN	NaN	0.0	"2.5"	"F0034"	0	0	"PR"	855.017	"wash-sc"	5.705	1	1	2	843.684	0.0	946.488	null	1802.125	0.084
