cur	ec	mod-ps	rg-ps	di-ps	fw1-ps	fw2-ps	pf-ps	vlv-di-fill	vlv-di-in	vlv-di-out	vlv-rg-fill	vlv-rg-drain	vlv-rg-in	vlv-rg-out	vlv-fw1-in	vlv-fw1-out	vlv-fw2-in	vlv-po	vlv-mod-drain	pmp-sys	pmp-di	pmp-fw1	pmp-fw2	uv	en-anode1	en-cath1	pl-anode1	pl-cath1	en-anode2	en-cath2	pl-anode2	pl-cath2	pw	rg-he	di-he	fw1-he	fw2-he	rg-lev	di-lev	fw1-lev	fw2-lev	rg-vol	di-vol	fw1-vol	fw2-vol	pr-ec	ver	sn	mod-en	mod-pl	proc	proc-time	ph	ph-time	count	cyc	rnd	pr-last	rc-last	fr-last	halt-re	time	exec
-0.1	0.0528	30187.5	2803.125	2296.875	NaN	NaN	NaN	0	0	0	0	0	1	1	0	0	0	0	0	1	0	0	0	0	0	0	0	1	0	0	0	1	-1.0	0.095	0.288	NaN	NaN	0.226	0.64	NaN	NaN	6.78	22.4	NaN	NaN	0.0	"2.5"	"F0034"	0	0	"PR"	8.24	"prime"	7.425	0	0	0	0.0	0.0	0.0	null	10.025	0.086
-0.1	0.0528	30187.5	2803.125	2296.875	NaN	NaN	NaN	0	0	0	0	0	1	1	0	0	0	0	0	1	0	0	0	0	0	0	0	1	0	0	0	1	-1.0	0.095	0.288	NaN	NaN	0.226	0.64	NaN	NaN	6.78	22.4	NaN	NaN	0.0	"2.5"	"F0034"	0	0	"PR"	8.24	"prime"	7.425	0	0	0	0.0	0.0	0.0	null	10.025	0.086
0.3	0.0528	30562.5	2812.5	2306.25	NaN	NaN	NaN	0	0	0	0	0	1	1	0	0	0	0	0	1	0	0	0	0	0	0	0	1	0	0	0	1	4.0	0.096	0.289	NaN	NaN	0.229	0.642	NaN	NaN	6.87	22.47	NaN	NaN	0.0	"2.5"	"F0034"	0	0	"PR"	18.28	"prime"	17.465	0	0	0	0.0	0.0	0.0	null	20.065	0.085
-0.2	0.052525	30000.0	2793.75	2315.625	NaN	NaN	NaN	0	0	0	0	0	1	1	0	0	0	0	0	1	0	0	0	0	0	0	0	1	0	0	0	1	-2.0	0.094	0.29	NaN	NaN	0.224	0.644	NaN	NaN	6.72	22.54	NaN	NaN	0.0	"2.5"	"F0034"	0	0	"PR"	28.318	"prime"	27.503	0	0	0	0.0	0.0	0.0	null	30.103	0.085
-12.1	0.052525	35250.0	2981.25	2521.875	NaN	NaN	NaN	0	1	1	0	0	0	0	0	0	0	0	0	1	0	0	0	0	1	1	0	1	1	1	0	1	-145.0	0.113	0.31	NaN	NaN	0.269	0.689	NaN	NaN	8.07	24.115	NaN	NaN	0.0	"2.5"	"F0034"	1	0	"PR"	38.353	"deionize"	7.027	0	1	0	0.0	0.0	0.0	null	40.138	0.084
-11.7	0.05115	34125.0	2981.25	2643.75	NaN	NaN	NaN	0	1	1	0	0	0	0	0	0	0	0	0	1	0	0	0	0	1	1	0	1	1	1	0	1	-140.0	0.113	0.322	NaN	NaN	0.269	0.716	NaN	NaN	8.07	25.06	NaN	NaN	0.0	"2.5"	"F0034"	1	0	"PR"	48.395	"deionize"	17.069	0	1	0	0.0	0.0	0.0	null	50.18	0.088
-11.8	0.049775	36375.0	2981.25	2540.625	NaN	NaN	NaN	0	1	1	0	0	0	0	0	0	0	0	0	1	0	0	0	0	1	1	0	1	1	1	0	1	-142.0	0.113	0.312	NaN	NaN	0.269	0.693	NaN	NaN	8.07	24.255	NaN	NaN	0.0	"2.5"	"F0034"	1	0	"PR"	58.425	"deionize"	27.099	0	1	0	0.0	0.0	0.0	null	60.21	0.09
-12.4	0.0484	33375.0	2981.25	2653.125	NaN	NaN	NaN	0	1	1	0	0	0	0	0	0	0	0	0	1	0	0	0	0	1	1	0	1	1	1	0	1	-149.0	0.113	0.323	NaN	NaN	0.269	0.718	NaN	NaN	8.07	25.13	NaN	NaN	0.0	"2.5"	"F0034"	1	0	"PR"	68.457	"deionize"	37.131	0	1	0	0.0	0.0	0.0	null	70.242	0.087
-16.0	0.047575	33562.5	2981.25	2512.5	NaN	NaN	NaN	0	1	1	0	0	0	0	0	0	0	0	0	1	0	0	0	0	1	1	0	1	1	1	0	1	-192.0	0.113	0.309	NaN	NaN	0.269	0.687	NaN	NaN	8.07	24.045	NaN	NaN	0.0	"2.5"	"F0034"	1	0	"PR"	78.498	"deionize"	47.172	0	1	0	0.0	0.0	0.0	null	80.283	0.091
-11.9	0.04675	36000.0	2981.25	2550.0	NaN	NaN	NaN	0	1	1	0	0	0	0	0	0	0	0	0	1	0	0	0	0	1	1	0	1	1	1	0	1	-143.0	0.113	0.313	NaN	NaN	0.269	0.696	NaN	NaN	8.07	24.36	NaN	NaN	0.0	"2.5"	"F0034"	1	0	"PR"	88.329	"deionize"	57.003	0	1	0	0.0	0.0	0.0	null	90.114	0.084
-11.9	0.045925	33937.5	2981.25	2596.875	NaN	NaN	NaN	0	1	1	0	0	0	0	0	0	0	0	0	1	0	0	0	0	1	1	0	1	1	1	0	1	-143.0	0.113	0.318	NaN	NaN	0.269	0.707	NaN	NaN	8.07	24.745	NaN	NaN	0.0	"2.5"	"F0034"	1	0	"PR"	98.36	"deionize"	67.034	0	1	0	0.0	0.0	0.0	null	100.145	0.084
-11.6	0.044825	33937.5	2981.25	2493.75	NaN	NaN	NaN	0	1	1	0	0	0	0	0	0	0	0	0	1	0	0	0	0	1	1	0	1	1	1	0	1	-139.0	0.113	0.307	NaN	NaN	0.269	0.682	NaN	NaN	8.07	23.87	NaN	NaN	0.0	"2.5"	"F0034"	1	0	"PR"	108.399	"deionize"	77.073	0	1	0	0.0	0.0	0.0	null	110.184	0.088
-11.7	0.044	34125.0	2971.875	2521.875	NaN	NaN	NaN	0	1	1	0	0	0	0	0	0	0	0	0	1	0	0	0	0	1	1	0	1	1	1	0	1	-140.0	0.112	0.31	NaN	NaN	0.267	0.689	NaN	NaN	8.01	24.115	NaN	NaN	0.0	"2.5"	"F0034"	1	0	"PR"	118.432	"deionize"	87.106	0	1	0	0.0	0.0	0.0	null	120.217	0.087
-12.7	0.043175	34312.5	2971.875	2512.5	NaN	NaN	NaN	0	1	1	0	0	0	0	0	0	0	0	0	1	0	0	0	0	1	1	0	1	1	1	0	1	-152.0	0.112	0.309	NaN	NaN	0.267	0.687	NaN	NaN	8.01	24.045	NaN	NaN	0.0	"2.5"	"F0034"	1	0	"PR"	128.47	"deionize"	97.144	0	1	0	0.0	0.0	0.0	null	130.255	0.087
-12.4	0.042625	36187.5	2981.25	2568.75	NaN	NaN	NaN	0	1	1	0	0	0	0	0	0	0	0	0	1	0	0	0	0	1	1	0	1	1	1	0	1	-149.0	0.113	0.315	NaN	NaN	0.269	0.7	NaN	NaN	8.07	24.5	NaN	NaN	0.0	"2.5"	"F0034"	1	0	"PR"	138.506	"deionize"	107.18	0	1	0	0.0	0.0	0.0	null	140.291	0.086
-12.2	0.042075	32625.0	2981.25	2493.75	NaN	NaN	NaN	0	1	1	0	0	0	0	0	0	0	0	0	1	0	0	0	0	1	1	0	1	1	1	0	1	-146.0	0.113	0.307	NaN	NaN	0.269	0.682	NaN	NaN	8.07	23.87	NaN	NaN	0.0	"2.5"	"F0034"	1	0	"PR"	148.537	"deionize"	117.211	0	1	0	0.0	0.0	0.0	null	150.322	0.086
-11.5	0.04125	35062.5	2971.875	2512.5	NaN	NaN	NaN	0	1	1	0	0	0	0	0	0	0	0	0	1	0	0	0	0	1	1	0	1	1	1	0	1	-138.0	0.112	0.309	NaN	NaN	0.267	0.687	NaN	NaN	8.01	24.045	NaN	NaN	0.0	"2.5"	"F0034"	1	0	"PR"	158.572	"deionize"	127.246	0	1	0	0.0	0.0	0.0	null	160.357	0.092
-12.7	0.040975	36187.5	2971.875	2512.5	NaN	NaN	NaN	0	1	1	0	0	0	0	0	0	0	0	0	1	0	0	0	0	1	1	0	1	1	1	0	1	-152.0	0.112	0.309	NaN	NaN	0.267	0.687	NaN	NaN	8.01	24.045	NaN	NaN	0.0	"2.5"	"F0034"	1	0	"PR"	168.407	"deionize"	137.081	0	1	0	0.0	0.0	0.0	null	170.192	0.084
-12.2	0.040425	33562.5	2943.75	2428.125	NaN	NaN	NaN	0	1	1	0	0	0	0	0	0	0	0	0	1	0	0	0	0	1	1	0	1	1	1	0	1	-146.0	0.109	0.301	NaN	NaN	0.26	0.669	NaN	NaN	7.8	23.415	NaN	NaN	0.0	"2.5"	"F0034"	1	0	"PR"	178.44	"deionize"	147.114	0	1	0	0.0	0.0	0.0	null	180.225	0.086
-12.4	0.04015	33562.5	2981.25	2437.5	NaN	NaN	NaN	0	1	1	0	0	0	0	0	0	0	0	0	1	0	0	0	0	1	1	0	1	1	1	0	1	-149.0	0.113	0.302	NaN	NaN	0.269	0.671	NaN	NaN	8.07	23.485	NaN	NaN	0.0	"2.5"	"F0034"	1	0	"PR"	188.474	"deionize"	157.148	0	1	0	0.0	0.0	0.0	null	190.259	0.085
-11.9	0.040425	34125.0	2981.25	2475.0	NaN	NaN	NaN	0	1	1	0	0	0	0	0	0	0	0	0	1	0	0	0	0	1	1	0	1	1	1	0	1	-143.0	0.113	0.305	NaN	NaN	0.269	0.678	NaN	NaN	8.07	23.73	NaN	NaN	0.0	"2.5"	"F0034"	1	0	"PR"	198.511	"deionize"	167.185	0	1	0	0.0	0.0	0.0	null	200.296	0.086
-12.1	0.03905	34500.0	2981.25	2446.875	NaN	NaN	NaN	0	1	1	0	0	0	0	0	0	0	0	0	1	0	0	0	0	1	1	0	1	1	1	0	1	-145.0	0.113	0.303	NaN	NaN	0.269	0.673	NaN	NaN	8.07	23.555	NaN	NaN	0.0	"2.5"	"F0034"	1	0	"PR"	208.541	"deionize"	177.215	0	1	0	0.0	0.0	0.0	null	210.326	0.084
-11.9	0.039325	33187.5	2981.25	2465.625	NaN	NaN	NaN	0	1	1	0	0	0	0	0	0	0	0	0	1	0	0	0	0	1	1	0	1	1	1	0	1	-143.0	0.113	0.305	NaN	NaN	0.269	0.678	NaN	NaN	8.07	23.73	NaN	NaN	0.0	"2.5"	"F0034"	1	0	"PR"	218.574	"deionize"	187.248	0	1	0	0.0	0.0	0.0	null	220.359	0.085
-11.9	0.0385	35812.5	2981.25	2465.625	NaN	NaN	NaN	0	1	1	0	0	0	0	0	0	0	0	0	1	0	0	0	0	1	1	0	1	1	1	0	1	-143.0	0.113	0.305	NaN	NaN	0.269	0.678	NaN	NaN	8.07	23.73	NaN	NaN	0.0	"2.5"	"F0034"	1	0	"PR"	228.606	"deionize"	197.28	0	1	0	0.0	0.0	0.0	null	230.391	0.084
-11.8	0.038225	32250.0	2971.875	2446.875	NaN	NaN	NaN	0	1	1	0	0	0	0	0	0	0	0	0	1	0	0	0	0	1	1	0	1	1	1	0	1	-142.0	0.112	0.303	NaN	NaN	0.267	0.673	NaN	NaN	8.01	23.555	NaN	NaN	0.0	"2.5"	"F0034"	1	0	"PR"	238.637	"deionize"	207.311	0	1	0	0.0	0.0	0.0	null	240.422	0.086
-11.4	0.03795	35062.5	2990.625	2428.125	NaN	NaN	NaN	0	1	1	0	0	0	0	0	0	0	0	0	1	0	0	0	0	1	1	0	1	1	1	0	1	-137.0	0.114	0.301	NaN	NaN	0.271	0.669	NaN	NaN	8.13	23.415	NaN	NaN	0.0	"2.5"	"F0034"	1	0	"PR"	248.67	"deionize"	217.344	0	1	0	0.0	0.0	0.0	null	250.455	0.083
-12.7	0.03685	34875.0	2962.5	2456.25	NaN	NaN	NaN	0	1	1	0	0	0	0	0	0	0	0	0	1	0	0	0	0	1	1	0	1	1	1	0	1	-152.0	0.111	0.304	NaN	NaN	0.264	0.676	NaN	NaN	7.92	23.66	NaN	NaN	0.0	"2.5"	"F0034"	1	0	"PR"	258.704	"deionize"	227.378	0	1	0	0.0	0.0	0.0	null	260.489	0.086
-12.4	0.0374	33937.5	2981.25	2437.5	NaN	NaN	NaN	0	1	1	0	0	0	0	0	0	0	0	0	1	0	0	0	0	1	1	0	1	1	1	0	1	-149.0	0.113	0.302	NaN	NaN	0.269	0.671	NaN	NaN	8.07	23.485	NaN	NaN	0.0	"2.5"	"F0034"	1	0	"PR"	268.533	"deionize"	237.207	0	1	0	0.0	0.0	0.0	null	270.318	0.083
-11.5	0.03685	33375.0	2981.25	2428.125	NaN	NaN	NaN	0	1	1	0	0	0	0	0	0	0	0	0	1	0	0	0	1	1	1	0	1	1	1	0	1	-138.0	0.113	0.301	NaN	NaN	0.269	0.669	NaN	NaN	8.07	23.415	NaN	NaN	0.0	"2.5"	"F0034"	1	0	"PR"	278.679	"deionize-uv"	7.337	0	1	0	0.0	0.0	0.0	null	280.464	0.085
-11.6	0.0363	32250.0	2981.25	2390.625	NaN	NaN	NaN	0	1	1	0	0	0	0	0	0	0	0	0	1	0	0	0	1	1	1	0	1	1	1	0	1	-139.0	0.113	0.297	NaN	NaN	0.269	0.66	NaN	NaN	8.07	23.1	NaN	NaN	0.0	"2.5"	"F0034"	1	0	"PR"	288.716	"deionize-uv"	17.374	0	1	0	0.0	0.0	0.0	null	290.501	0.083
-11.3	0.03575	32812.5	2962.5	2446.875	NaN	NaN	NaN	0	1	1	0	0	0	0	0	0	0	0	0	1	0	0	0	1	1	1	0	1	1	1	0	1	-136.0	0.111	0.303	NaN	NaN	0.264	0.673	NaN	NaN	7.92	23.555	NaN	NaN	0.0	"2.5"	"F0034"	1	0	"PR"	298.757	"deionize-uv"	27.415	0	1	0	0.0	0.0	0.0	null	300.542	0.083
-10.7	0.036025	32812.5	2981.25	2409.375	NaN	NaN	NaN	0	1	1	0	0	0	0	0	0	0	0	0	1	0	0	0	1	1	1	0	1	1	1	0	1	-128.0	0.113	0.299	NaN	NaN	0.269	0.664	NaN	NaN	8.07	23.24	NaN	NaN	0.0	"2.5"	"F0034"	1	0	"PR"	308.595	"deionize-uv"	37.253	0	1	0	0.0	0.0	0.0	null	310.38	0.087
-10.9	0.03575	34500.0	2971.875	2475.0	NaN	NaN	NaN	0	1	1	0	0	0	0	0	0	0	0	0	1	0	0	0	1	1	1	0	1	1	1	0	1	-131.0	0.112	0.305	NaN	NaN	0.267	0.678	NaN	NaN	8.01	23.73	NaN	NaN	0.0	"2.5"	"F0034"	1	0	"PR"	318.632	"deionize-uv"	47.29	0	1	0	0.0	0.0	0.0	null	320.417	0.083
-10.1	0.0352	33562.5	2981.25	2484.375	NaN	NaN	NaN	0	1	1	0	0	0	0	0	0	0	0	0	1	0	0	0	1	1	1	0	1	1	1	0	1	-121.0	0.113	0.306	NaN	NaN	0.269	0.68	NaN	NaN	8.07	23.8	NaN	NaN	0.0	"2.5"	"F0034"	1	0	"PR"	328.674	"deionize-uv"	57.332	0	1	0	0.0	0.0	0.0	null	330.459	0.084
-8.4	0.0341	35437.5	2962.5	2409.375	NaN	NaN	NaN	0	1	1	0	0	0	0	0	0	0	0	0	1	0	0	0	1	1	1	0	1	1	1	0	1	-101.0	0.111	0.299	NaN	NaN	0.264	0.664	NaN	NaN	7.92	23.24	NaN	NaN	0.0	"2.5"	"F0034"	1	0	"PR"	338.711	"deionize-uv"	67.369	0	1	0	0.0	0.0	0.0	null	340.496	0.087
-10.0	0.033825	35062.5	2981.25	2409.375	NaN	NaN	NaN	0	1	1	0	0	0	0	0	0	0	0	0	1	0	0	0	1	1	1	0	1	1	1	0	1	-120.0	0.113	0.299	NaN	NaN	0.269	0.664	NaN	NaN	8.07	23.24	NaN	NaN	0.0	"2.5"	"F0034"	1	0	"PR"	348.749	"deionize-uv"	77.407	0	1	0	0.0	0.0	0.0	null	350.534	0.083
-10.6	0.033825	34875.0	2953.125	2437.5	NaN	NaN	NaN	0	1	1	0	0	0	0	0	0	0	0	0	1	0	0	0	1	1	1	0	1	1	1	0	1	-127.0	0.11	0.302	NaN	NaN	0.262	0.671	NaN	NaN	7.86	23.485	NaN	NaN	0.0	"2.5"	"F0034"	1	0	"PR"	358.786	"deionize-uv"	87.444	0	1	0	0.0	0.0	0.0	null	360.571	0.086
-10.2	0.033275	35625.0	2962.5	2428.125	NaN	NaN	NaN	0	1	1	0	0	0	0	0	0	0	0	0	1	0	0	0	1	1	1	0	1	1	1	0	1	-122.0	0.111	0.301	NaN	NaN	0.264	0.669	NaN	NaN	7.92	23.415	NaN	NaN	0.0	"2.5"	"F0034"	1	0	"PR"	368.822	"deionize-uv"	97.48	0	1	0	0.0	0.0	0.0	null	370.607	0.083
-9.8	0.033825	34312.5	2981.25	2475.0	NaN	NaN	NaN	0	1	1	0	0	0	0	0	0	0	0	0	1	0	0	0	1	1	1	0	1	1	1	0	1	-118.0	0.113	0.305	NaN	NaN	0.269	0.678	NaN	NaN	8.07	23.73	NaN	NaN	0.0	"2.5"	"F0034"	1	0	"PR"	378.656	"deionize-uv"	107.314	0	1	0	0.0	0.0	0.0	null	380.441	0.089
-10.5	0.033	31687.5	2971.875	2475.0	NaN	NaN	NaN	0	1	1	0	0	0	0	0	0	0	0	0	1	0	0	0	1	1	1	0	1	1	1	0	1	-126.0	0.112	0.305	NaN	NaN	0.267	0.678	NaN	NaN	8.01	23.73	NaN	NaN	0.0	"2.5"	"F0034"	1	0	"PR"	388.697	"deionize-uv"	117.355	0	1	0	0.0	0.0	0.0	null	390.482	0.09
-10.6	0.03245	34687.5	2971.875	1931.25	NaN	NaN	NaN	0	0	1	0	0	0	0	1	0	0	0	0	1	0	0	0	1	1	1	0	1	1	1	0	1	-127.0	0.112	0.251	NaN	NaN	0.267	0.558	NaN	NaN	8.01	19.53	NaN	NaN	0.0	"2.5"	"F0034"	1	0	"PR"	398.855	"drain-di-1"	7.348	0	1	0	0.0	0.0	0.0	null	400.64	0.084
-10.0	0.032725	36187.5	2971.875	1696.875	NaN	NaN	NaN	0	0	1	0	0	0	0	1	0	0	0	0	1	0	0	0	1	1	1	0	1	1	1	0	1	-120.0	0.112	0.228	NaN	NaN	0.267	0.507	NaN	NaN	8.01	17.745	NaN	NaN	0.0	"2.5"	"F0034"	1	0	"PR"	408.692	"drain-di-1"	17.185	0	1	0	0.0	0.0	0.0	null	410.477	0.088
-9.8	0.03245	36937.5	2990.625	1443.75	NaN	NaN	NaN	0	0	1	0	0	0	0	1	0	0	0	0	1	0	0	0	1	1	1	0	1	1	1	0	1	-118.0	0.114	0.202	NaN	NaN	0.271	0.449	NaN	NaN	8.13	15.715	NaN	NaN	0.0	"2.5"	"F0034"	1	0	"PR"	418.729	"drain-di-1"	27.222	0	1	0	0.0	0.0	0.0	null	420.514	0.087
-8.9	0.032175	36937.5	2971.875	1218.75	NaN	NaN	NaN	0	0	1	0	0	0	0	1	0	0	0	0	1	0	0	0	1	1	1	0	1	1	1	0	1	-107.0	0.112	0.18	NaN	NaN	0.267	0.4	NaN	NaN	8.01	14.0	NaN	NaN	0.0	"2.5"	"F0034"	1	0	"PR"	428.76	"drain-di-1"	37.253	0	1	0	0.0	0.0	0.0	null	430.545	0.087
-9.2	0.032175	33750.0	2981.25	984.375	NaN	NaN	NaN	0	0	1	0	0	0	0	1	0	0	0	0	1	0	0	0	1	1	1	0	1	1	1	0	1	-110.0	0.113	0.156	NaN	NaN	0.269	0.347	NaN	NaN	8.07	12.145	NaN	NaN	0.0	"2.5"	"F0034"	1	0	"PR"	438.797	"drain-di-1"	47.29	0	1	0	0.0	0.0	0.0	null	440.582	0.091
-8.8	0.031625	36375.0	2962.5	721.875	NaN	NaN	NaN	0	0	1	0	0	0	0	1	0	0	0	0	1	0	0	0	1	1	1	0	1	1	1	0	1	-106.0	0.111	0.13	NaN	NaN	0.264	0.289	NaN	NaN	7.92	10.115	NaN	NaN	0.0	"2.5"	"F0034"	1	0	"PR"	448.83	"drain-di-1"	57.323	0	1	0	0.0	0.0	0.0	null	450.615	0.087
-8.8	0.031625	36562.5	2981.25	487.5	NaN	NaN	NaN	0	0	1	0	0	0	0	1	0	0	0	0	1	0	0	0	1	1	1	0	1	1	1	0	1	-106.0	0.113	0.107	NaN	NaN	0.269	0.238	NaN	NaN	8.07	8.33	NaN	NaN	0.0	"2.5"	"F0034"	1	0	"PR"	458.869	"drain-di-1"	67.362	0	1	0	0.0	0.0	0.0	null	460.654	0.09
-9.3	0.0319	37312.5	2981.25	234.375	NaN	NaN	NaN	0	0	1	0	0	0	0	1	0	0	0	0	1	0	0	0	1	1	1	0	1	1	1	0	1	-112.0	0.113	0.081	NaN	NaN	0.269	0.18	NaN	NaN	8.07	6.3	NaN	NaN	0.0	"2.5"	"F0034"	1	0	"PR"	468.906	"drain-di-1"	77.399	0	1	0	0.0	0.0	0.0	null	470.691	0.083
-8.8	0.031625	36937.5	2971.875	-18.75	NaN	NaN	NaN	0	0	1	0	0	0	0	1	0	0	0	0	1	0	0	0	1	1	1	0	1	1	1	0	1	-106.0	0.112	0.056	NaN	NaN	0.267	0.124	NaN	NaN	8.01	4.34	NaN	NaN	0.0	"2.5"	"F0034"	1	0	"PR"	478.848	"drip-di-1"	3.318	0	1	0	0.0	0.0	0.0	null	480.633	0.083
-8.8	0.031625	37125.0	2981.25	-37.5	NaN	NaN	NaN	0	0	1	0	0	0	0	1	0	0	0	0	1	0	0	0	1	1	1	0	1	1	1	0	1	-106.0	0.113	0.054	NaN	NaN	0.269	0.12	NaN	NaN	8.07	4.2	NaN	NaN	0.0	"2.5"	"F0034"	1	0	"PR"	488.887	"drip-di-1"	13.357	0	1	0	0.0	0.0	0.0	null	490.672	0.089
11.6	0.032175	30000.0	2850.0	93.75	NaN	NaN	NaN	1	0	0	0	0	1	1	0	0	0	0	0	1	1	0	0	0	1	1	1	0	1	1	1	0	139.0	0.1	0.067	NaN	NaN	0.238	0.149	NaN	NaN	7.14	5.215	NaN	NaN	0.0	"2.5"	"F0034"	1	1	"PR"	498.888	"reverse-f"	8.195	0	1	0	0.0	0.0	0.0	null	500.673	0.088
12.3	0.034375	30187.5	2821.875	393.75	NaN	NaN	NaN	1	0	0	0	0	1	1	0	0	0	0	0	1	1	0	0	0	1	1	1	0	1	1	1	0	148.0	0.097	0.097	NaN	NaN	0.231	0.216	NaN	NaN	6.93	7.56	NaN	NaN	0.0	"2.5"	"F0034"	1	1	"PR"	508.922	"reverse-f"	18.229	0	1	0	0.0	0.0	0.0	null	510.707	0.089
12.2	0.0374	30562.5	2831.25	693.75	NaN	NaN	NaN	1	0	0	0	0	1	1	0	0	0	0	0	1	1	0	0	0	1	1	1	0	1	1	1	0	146.0	0.098	0.127	NaN	NaN	0.233	0.282	NaN	NaN	6.99	9.87	NaN	NaN	0.0	"2.5"	"F0034"	1	1	"PR"	518.961	"reverse-f"	28.268	0	1	0	0.0	0.0	0.0	null	520.746	0.087
10.4	0.039875	30187.5	2793.75	984.375	NaN	NaN	NaN	1	0	0	0	0	1	1	0	0	0	0	0	1	1	0	0	0	1	1	1	0	1	1	1	0	125.0	0.094	0.156	NaN	NaN	0.224	0.347	NaN	NaN	6.72	12.145	NaN	NaN	0.0	"2.5"	"F0034"	1	1	"PR"	528.999	"reverse-f"	38.306	0	1	0	0.0	0.0	0.0	null	530.784	0.087
11.9	0.042625	29250.0	2821.875	1293.75	NaN	NaN	NaN	1	0	0	0	0	1	1	0	0	0	0	0	1	1	0	0	0	1	1	1	0	1	1	1	0	143.0	0.097	0.187	NaN	NaN	0.231	0.416	NaN	NaN	6.93	14.56	NaN	NaN	0.0	"2.5"	"F0034"	1	1	"PR"	538.835	"reverse-f"	48.142	0	1	0	0.0	0.0	0.0	null	540.62	0.09
11.3	0.044825	29250.0	2831.25	1575.0	NaN	NaN	NaN	1	0	0	0	0	1	1	0	0	0	0	0	1	1	0	0	0	1	1	1	0	1	1	1	0	136.0	0.098	0.215	NaN	NaN	0.233	0.478	NaN	NaN	6.99	16.73	NaN	NaN	0.0	"2.5"	"F0034"	1	1	"PR"	548.876	"reverse-f"	58.183	0	1	0	0.0	0.0	0.0	null	550.661	0.091
12.7	0.0462	29250.0	2821.875	1856.25	NaN	NaN	NaN	1	0	0	0	0	1	1	0	0	0	0	0	1	1	0	0	0	1	1	1	0	1	1	1	0	152.0	0.097	0.244	NaN	NaN	0.231	0.542	NaN	NaN	6.93	18.97	NaN	NaN	0.0	"2.5"	"F0034"	1	1	"PR"	558.915	"reverse-f"	68.222	0	1	0	0.0	0.0	0.0	null	560.7	0.089
12.3	0.04785	29250.0	2831.25	2156.25	NaN	NaN	NaN	1	0	0	0	0	1	1	0	0	0	0	0	1	1	0	0	0	1	1	1	0	1	1	1	0	148.0	0.098	0.274	NaN	NaN	0.233	0.609	NaN	NaN	6.99	21.315	NaN	NaN	0.0	"2.5"	"F0034"	1	1	"PR"	568.955	"reverse-f"	78.262	0	1	0	0.0	0.0	0.0	null	570.74	0.089
12.9	0.049775	30000.0	2812.5	2278.125	NaN	NaN	NaN	0	0	0	0	0	1	1	0	0	0	0	0	1	0	0	0	0	1	1	1	0	1	1	1	0	155.0	0.096	0.286	NaN	NaN	0.229	0.636	NaN	NaN	6.87	22.26	NaN	NaN	0.0	"2.5"	"F0034"	1	1	"PR"	578.907	"reverse"	88.214	0	1	0	0.0	0.0	0.0	null	580.692	0.085
12.6	0.05115	30375.0	2821.875	2259.375	NaN	NaN	NaN	0	0	0	0	0	1	1	0	0	0	0	0	1	0	0	0	0	1	1	1	0	1	1	1	0	151.0	0.097	0.284	NaN	NaN	0.231	0.631	NaN	NaN	6.93	22.085	NaN	NaN	0.0	"2.5"	"F0034"	1	1	"PR"	588.942	"reverse"	98.249	0	1	0	0.0	0.0	0.0	null	590.727	0.089
13.3	0.051425	30000.0	2821.875	2278.125	NaN	NaN	NaN	0	0	0	0	0	1	1	0	0	0	0	0	1	0	0	0	0	1	1	1	0	1	1	1	0	160.0	0.097	0.286	NaN	NaN	0.231	0.636	NaN	NaN	6.93	22.26	NaN	NaN	0.0	"2.5"	"F0034"	1	1	"PR"	598.982	"reverse"	108.289	0	1	0	0.0	0.0	0.0	null	600.767	0.09
12.7	0.053075	29250.0	2821.875	2259.375	NaN	NaN	NaN	0	0	0	0	0	1	1	0	0	0	0	0	1	0	0	0	0	1	1	1	0	1	1	1	0	152.0	0.097	0.284	NaN	NaN	0.231	0.631	NaN	NaN	6.93	22.085	NaN	NaN	0.0	"2.5"	"F0034"	1	1	"PR"	609.017	"reverse"	118.324	0	1	0	0.0	0.0	0.0	null	610.802	0.089
11.2	0.053625	29250.0	2840.625	2259.375	NaN	NaN	NaN	0	0	0	0	0	1	1	0	0	0	0	0	1	0	0	0	0	1	1	1	0	1	1	1	0	134.0	0.099	0.284	NaN	NaN	0.236	0.631	NaN	NaN	7.08	22.085	NaN	NaN	0.0	"2.5"	"F0034"	1	1	"PR"	619.053	"reverse"	128.36	0	1	0	0.0	0.0	0.0	null	620.838	0.09
11.8	0.0539	29625.0	2821.875	2278.125	NaN	NaN	NaN	0	0	0	0	0	1	1	0	0	0	0	0	1	0	0	0	0	1	1	1	0	1	1	1	0	142.0	0.097	0.286	NaN	NaN	0.231	0.636	NaN	NaN	6.93	22.26	NaN	NaN	0.0	"2.5"	"F0034"	1	1	"PR"	629.092	"reverse"	138.399	0	1	0	0.0	0.0	0.0	null	630.877	0.09
12.5	0.0539	30000.0	2831.25	2278.125	NaN	NaN	NaN	0	0	0	0	0	1	1	0	0	0	0	0	1	0	0	0	0	1	1	1	0	1	1	1	0	150.0	0.098	0.286	NaN	NaN	0.233	0.636	NaN	NaN	6.99	22.26	NaN	NaN	0.0	"2.5"	"F0034"	1	1	"PR"	639.13	"reverse"	148.437	0	1	0	0.0	0.0	0.0	null	640.915	0.089
2.6	0.055	1312.5	3000.0	2296.875	NaN	NaN	NaN	0	0	0	0	0	0	0	0	0	0	0	0	0	0	0	0	0	0	0	0	1	0	0	0	1	31.0	0.115	0.288	NaN	NaN	0.274	0.64	NaN	NaN	8.22	22.4	NaN	NaN	0.0	"2.5"	"F0034"	0	0	"PR"	649.052	"diffuse"	8.317	0	1	1	0.0	0.0	0.0	null	650.837	0.09
2.7	0.054175	1875.0	2990.625	2306.25	NaN	NaN	NaN	0	0	0	0	0	0	0	0	0	0	0	0	0	0	0	0	0	0	0	0	1	0	0	0	1	32.0	0.114	0.289	NaN	NaN	0.271	0.642	NaN	NaN	8.13	22.47	NaN	NaN	0.0	"2.5"	"F0034"	0	0	"PR"	659.09	"diffuse"	18.355	0	1	1	0.0	0.0	0.0	null	660.875	0.092
3.0	0.055	3000.0	2990.625	2278.125	NaN	NaN	NaN	0	0	0	0	0	0	0	0	0	0	0	0	0	0	0	0	0	0	0	0	1	0	0	0	1	36.0	0.114	0.286	NaN	NaN	0.271	0.636	NaN	NaN	8.13	22.26	NaN	NaN	0.0	"2.5"	"F0034"	0	0	"PR"	669.124	"diffuse"	28.389	0	1	1	0.0	0.0	0.0	null	670.909	0.089
12.3	0.054725	30000.0	2803.125	2240.625	NaN	NaN	NaN	0	0	0	0	0	1	1	0	0	0	0	0	1	0	0	0	0	1	1	1	0	1	1	1	0	148.0	0.095	0.282	NaN	NaN	0.226	0.627	NaN	NaN	6.78	21.945	NaN	NaN	0.0	"2.5"	"F0034"	1	1	"PR"	679.044	"wash-en"	8.114	0	1	1	0.0	0.0	0.0	null	680.829	0.086
12.6	0.05555	30562.5	2831.25	2278.125	NaN	NaN	NaN	0	0	0	0	0	1	1	0	0	0	0	0	1	0	0	0	0	1	1	1	0	1	1	1	0	151.0	0.098	0.286	NaN	NaN	0.233	0.636	NaN	NaN	6.99	22.26	NaN	NaN	0.0	"2.5"	"F0034"	1	1	"PR"	689.085	"wash-en"	18.155	0	1	1	0.0	0.0	0.0	null	690.87	0.089
2.4	0.05665	29625.0	2859.375	2268.75	NaN	NaN	NaN	0	0	0	0	0	1	1	0	0	0	0	0	1	0	0	0	0	0	0	0	1	0	0	0	1	29.0	0.101	0.285	NaN	NaN	0.24	0.633	NaN	NaN	7.2	22.155	NaN	NaN	0.0	"2.5"	"F0034"	0	0	"PR"	699.007	"wash-sc"	7.915	0	1	1	0.0	0.0	0.0	null	700.792	0.083
2.8	0.056375	2437.5	2990.625	2268.75	NaN	NaN	NaN	0	0	0	0	0	0	0	0	0	0	0	0	0	0	0	0	0	0	0	0	1	0	0	0	1	34.0	0.114	0.285	NaN	NaN	0.271	0.633	NaN	NaN	8.13	22.155	NaN	NaN	0.0	"2.5"	"F0034"	0	0	"PR"	709.042	"diffuse"	7.828	0	1	2	0.0	0.0	0.0	null	710.827	0.083
4.0	0.056375	2625.0	2981.25	2278.125	NaN	NaN	NaN	0	0	0	0	0	0	0	0	0	0	0	0	0	0	0	0	0	0	0	0	1	0	0	0	1	48.0	0.113	0.286	NaN	NaN	0.269	0.636	NaN	NaN	8.07	22.26	NaN	NaN	0.0	"2.5"	"F0034"	0	0	"PR"	719.084	"diffuse"	17.87	0	1	2	0.0	0.0	0.0	null	720.869	0.088
3.3	0.05665	1875.0	2971.875	2278.125	NaN	NaN	NaN	0	0	0	0	0	0	0	0	0	0	0	0	0	0	0	0	0	0	0	0	1	0	0	0	1	40.0	0.112	0.286	NaN	NaN	0.267	0.636	NaN	NaN	8.01	22.26	NaN	NaN	0.0	"2.5"	"F0034"	0	0	"PR"	729.12	"diffuse"	27.906	0	1	2	0.0	0.0	0.0	null	730.905	0.086
13.0	0.055825	30000.0	2812.5	2278.125	NaN	NaN	NaN	0	0	0	0	0	1	1	0	0	0	0	0	1	0	0	0	0	1	1	1	0	1	1	1	0	156.0	0.096	0.286	NaN	NaN	0.229	0.636	NaN	NaN	6.87	22.26	NaN	NaN	0.0	"2.5"	"F0034"	1	1	"PR"	739.245	"wash-en"	7.917	0	1	2	0.0	0.0	0.0	null	741.03	0.089
12.3	0.05665	30187.5	2840.625	2259.375	NaN	NaN	NaN	0	0	0	0	0	1	1	0	0	0	0	0	1	0	0	0	0	1	1	1	0	1	1	1	0	148.0	0.099	0.284	NaN	NaN	0.236	0.631	NaN	NaN	7.08	22.085	NaN	NaN	0.0	"2.5"	"F0034"	1	1	"PR"	749.082	"wash-en"	17.754	0	1	2	0.0	0.0	0.0	null	750.867	0.087
1.8	0.0561	30000.0	2803.125	2287.5	NaN	NaN	NaN	0	0	0	0	0	1	1	0	0	0	0	0	1	0	0	0	0	0	0	0	1	0	0	0	1	22.0	0.095	0.287	NaN	NaN	0.226	0.638	NaN	NaN	6.78	22.33	NaN	NaN	0.0	"2.5"	"F0034"	0	0	"PR"	759.212	"wash-sc"	7.721	0	1	2	0.0	0.0	0.0	null	760.997	0.086
1.9	0.05665	2812.5	3000.0	2287.5	NaN	NaN	NaN	0	0	0	0	0	0	0	0	0	0	0	0	0	0	0	0	0	0	0	0	1	0	0	0	1	23.0	0.115	0.287	NaN	NaN	0.274	0.638	NaN	NaN	8.22	22.33	NaN	NaN	0.0	"2.5"	"F0034"	0	0	"PR"	769.248	"diffuse"	7.629	0	1	3	0.0	0.0	0.0	null	771.033	0.086
4.3	0.0561	1875.0	3009.375	2278.125	NaN	NaN	NaN	0	0	0	0	0	0	0	0	0	0	0	0	0	0	0	0	0	0	0	0	1	0	0	0	1	52.0	0.116	0.286	NaN	NaN	0.276	0.636	NaN	NaN	8.28	22.26	NaN	NaN	0.0	"2.5"	"F0034"	0	0	"PR"	779.285	"diffuse"	17.666	0	1	3	0.0	0.0	0.0	null	781.07	0.086
2.5	0.056375	1875.0	2990.625	2250.0	NaN	NaN	NaN	0	0	0	0	0	0	0	0	0	0	0	0	0	0	0	0	0	0	0	0	1	0	0	0	1	30.0	0.114	0.283	NaN	NaN	0.271	0.629	NaN	NaN	8.13	22.015	NaN	NaN	0.0	"2.5"	"F0034"	0	0	"PR"	789.122	"diffuse"	27.503	0	1	3	0.0	0.0	0.0	null	790.907	0.083
12.4	0.0561	30375.0	2812.5	2259.375	NaN	NaN	NaN	0	0	0	0	0	1	1	0	0	0	0	0	1	0	0	0	0	1	1	1	0	1	1	1	0	149.0	0.096	0.284	NaN	NaN	0.229	0.631	NaN	NaN	6.87	22.085	NaN	NaN	0.0	"2.5"	"F0034"	1	1	"PR"	799.246	"wash-en"	7.515	0	1	3	0.0	0.0	0.0	null	801.031	0.083
13.3	0.056375	30187.5	2821.875	2278.125	NaN	NaN	NaN	0	0	0	0	0	1	1	0	0	0	0	0	1	0	0	0	0	1	1	1	0	1	1	1	0	160.0	0.097	0.286	NaN	NaN	0.231	0.636	NaN	NaN	6.93	22.26	NaN	NaN	0.0	"2.5"	"F0034"	1	1	"PR"	809.286	"wash-en"	17.555	0	1	3	0.0	0.0	0.0	null	811.071	0.088
0.2	0.056375	30000.0	2831.25	2278.125	NaN	NaN	NaN	0	0	0	0	0	1	1	0	0	0	0	0	1	0	0	0	0	0	0	0	1	0	0	0	1	2.0	0.098	0.286	NaN	NaN	0.233	0.636	NaN	NaN	6.99	22.26	NaN	NaN	0.0	"2.5"	"F0034"	0	0	"PR"	819.211	"wash-sc"	7.316	0	1	3	0.0	0.0	0.0	null	820.996	0.084
