cur	ec	mod-ps	rg-ps	di-ps	fw1-ps	fw2-ps	pf-ps	vlv-di-fill	vlv-di-in	vlv-di-out	vlv-rg-fill	vlv-rg-drain	vlv-rg-in	vlv-rg-out	vlv-fw1-in	vlv-fw1-out	vlv-fw2-in	vlv-po	vlv-mod-drain	pmp-sys	pmp-di	pmp-fw1	pmp-fw2	uv	en-anode1	en-cath1	pl-anode1	pl-cath1	en-anode2	en-cath2	pl-anode2	pl-cath2	pw	rg-he	di-he	fw1-he	fw2-he	rg-lev	di-lev	fw1-lev	fw2-lev	rg-vol	di-vol	fw1-vol	fw2-vol	pr-ec	ver	sn	mod-en	mod-pl	proc	proc-time	ph	ph-time	count	cyc	rnd	pr-last	rc-last	fr-last	halt-re	time	exec
0.0	0.0506	30000.0	1828.125	2090.625	NaN	NaN	NaN	0	0	1	0	0	1	0	0	0	0	0	0	1	0	0	0	0	0	0	0	1	0	0	0	1	0.0	-0.002	0.267	NaN	NaN	-0.005	0.593	NaN	NaN	-0.15	20.755	NaN	NaN	0.0	"2.5"	"F0034"	0	0	"PR"	8.248	"fill-rg-di"	8.047	0	0	0	0.0	0.0	0.0	null	10.048	0.091
0.0	0.049775	30000.0	1837.5	2118.75	NaN	NaN	NaN	0	0	1	0	0	1	0	0	0	0	0	0	1	0	0	0	0	0	0	0	1	0	0	0	1	0.0	-0.001	0.27	NaN	NaN	-0.002	0.6	NaN	NaN	-0.06	21.0	NaN	NaN	0.0	"2.5"	"F0034"	0	0	"PR"	8.449	"fill-rg-di"	8.248	0	0	0	0.0	0.0	0.0	null	10.249	0.087
1.5	0.0495	28500.0	2231.25	1800.0	NaN	NaN	NaN	0	0	1	0	0	1	0	0	0	0	0	0	1	0	0	0	0	0	0	0	1	0	0	0	1	18.0	0.038	0.238	NaN	NaN	0.09	0.529	NaN	NaN	2.7	18.515	NaN	NaN	0.0	"2.5"	"F0034"	0	0	"PR"	18.282	"fill-rg-di"	18.081	0	0	0	0.0	0.0	0.0	null	20.082	0.091
1.2	0.0473	29437.5	2540.625	1593.75	NaN	NaN	NaN	0	0	1	0	0	1	0	0	0	0	0	0	1	0	0	0	0	0	0	0	1	0	0	0	1	14.0	0.069	0.217	NaN	NaN	0.164	0.482	NaN	NaN	4.92	16.87	NaN	NaN	0.0	"2.5"	"F0034"	0	0	"PR"	28.323	"fill-rg-di"	28.122	0	0	0	0.0	0.0	0.0	null	30.123	0.093
1.2	0.0462	30000.0	2821.875	1331.25	NaN	NaN	NaN	0	0	1	0	0	1	0	0	0	0	0	0	1	0	0	0	0	0	0	0	1	0	0	0	1	14.0	0.097	0.191	NaN	NaN	0.231	0.424	NaN	NaN	6.93	14.84	NaN	NaN	0.0	"2.5"	"F0034"	0	0	"PR"	38.357	"fill-rg-di"	38.156	0	0	0	0.0	0.0	0.0	null	40.157	0.091
1.1	0.0451	3750.0	2925.0	1378.125	NaN	NaN	NaN	1	0	0	0	0	0	0	0	0	0	0	0	0	1	0	0	0	0	0	0	1	0	0	0	1	13.0	0.107	0.196	NaN	NaN	0.255	0.436	NaN	NaN	7.65	15.26	NaN	NaN	0.0	"2.5"	"F0034"	0	0	"PR"	48.391	"fill-di"	5.82	0	0	0	0.0	0.0	0.0	null	50.191	0.09
1.0	0.045375	3000.0	2953.125	1678.125	NaN	NaN	NaN	1	0	0	0	0	0	0	0	0	0	0	0	0	1	0	0	0	0	0	0	1	0	0	0	1	12.0	0.11	0.226	NaN	NaN	0.262	0.502	NaN	NaN	7.86	17.57	NaN	NaN	0.0	"2.5"	"F0034"	0	0	"PR"	58.433	"fill-di"	15.862	0	0	0	0.0	0.0	0.0	null	60.233	0.089
0.6	0.0451	3937.5	2962.5	1978.125	NaN	NaN	NaN	1	0	0	0	0	0	0	0	0	0	0	0	0	1	0	0	0	0	0	0	1	0	0	0	1	7.0	0.111	0.256	NaN	NaN	0.264	0.569	NaN	NaN	7.92	19.915	NaN	NaN	0.0	"2.5"	"F0034"	0	0	"PR"	68.468	"fill-di"	25.897	0	0	0	0.0	0.0	0.0	null	70.268	0.087
0.7	0.0451	10500.0	2915.625	2231.25	NaN	NaN	NaN	0	0	0	0	0	1	1	0	0	0	0	0	1	0	0	0	0	0	0	0	1	0	0	0	1	8.0	0.107	0.281	NaN	NaN	0.255	0.624	NaN	NaN	7.65	21.84	NaN	NaN	0.0	"2.5"	"F0034"	0	0	"PR"	78.505	"prime"	1.205	0	0	0	0.0	0.0	0.0	null	80.305	0.088
0.6	0.045925	28125.0	2803.125	2240.625	NaN	NaN	NaN	0	0	0	0	0	1	1	0	0	0	0	0	1	0	0	0	0	0	0	0	1	0	0	0	1	7.0	0.095	0.282	NaN	NaN	0.226	0.627	NaN	NaN	6.78	21.945	NaN	NaN	0.0	"2.5"	"F0034"	0	0	"PR"	88.341	"prime"	11.041	0	0	0	0.0	0.0	0.0	null	90.141	0.086
0.7	0.0462	30000.0	2775.0	2240.625	NaN	NaN	NaN	0	0	0	0	0	1	1	0	0	0	0	0	1	0	0	0	0	0	0	0	1	0	0	0	1	8.0	0.093	0.282	NaN	NaN	0.221	0.627	NaN	NaN	6.63	21.945	NaN	NaN	0.0	"2.5"	"F0034"	0	0	"PR"	98.375	"prime"	21.075	0	0	0	0.0	0.0	0.0	null	100.175	0.086
-12.2	0.04675	25875.0	2981.25	2315.625	NaN	NaN	NaN	0	1	1	0	0	0	0	0	0	0	0	0	1	0	0	0	0	1	1	0	1	1	1	0	1	-146.0	0.113	0.29	NaN	NaN	0.269	0.644	NaN	NaN	8.07	22.54	NaN	NaN	0.0	"2.5"	"F0034"	1	0	"PR"	108.425	"deionize"	0.612	0	1	0	0.0	0.0	0.0	null	110.225	0.309
-12.0	0.04565	31500.0	2953.125	2568.75	NaN	NaN	NaN	0	1	1	0	0	0	0	0	0	0	0	0	1	0	0	0	0	1	1	0	1	1	1	0	1	-144.0	0.11	0.315	NaN	NaN	0.262	0.7	NaN	NaN	7.86	24.5	NaN	NaN	0.0	"2.5"	"F0034"	1	0	"PR"	118.462	"deionize"	10.649	0	1	0	0.0	0.0	0.0	null	120.262	0.087
-12.0	0.044275	31500.0	2962.5	2587.5	NaN	NaN	NaN	0	1	1	0	0	0	0	0	0	0	0	0	1	0	0	0	0	1	1	0	1	1	1	0	1	-144.0	0.111	0.317	NaN	NaN	0.264	0.704	NaN	NaN	7.92	24.64	NaN	NaN	0.0	"2.5"	"F0034"	1	0	"PR"	128.502	"deionize"	20.689	0	1	0	0.0	0.0	0.0	null	130.302	0.091
-12.4	0.04345	33000.0	2971.875	2615.625	NaN	NaN	NaN	0	1	1	0	0	0	0	0	0	0	0	0	1	0	0	0	0	1	1	0	1	1	1	0	1	-149.0	0.112	0.32	NaN	NaN	0.267	0.711	NaN	NaN	8.01	24.885	NaN	NaN	0.0	"2.5"	"F0034"	1	0	"PR"	138.544	"deionize"	30.731	0	1	0	0.0	0.0	0.0	null	140.344	0.088
-12.1	0.04235	32062.5	2953.125	2446.875	NaN	NaN	NaN	0	1	1	0	0	0	0	0	0	0	0	0	1	0	0	0	0	1	1	0	1	1	1	0	1	-145.0	0.11	0.303	NaN	NaN	0.262	0.673	NaN	NaN	7.86	23.555	NaN	NaN	0.0	"2.5"	"F0034"	1	0	"PR"	148.582	"deionize"	40.769	0	1	0	0.0	0.0	0.0	null	150.382	0.087
-12.1	0.041525	32250.0	2943.75	2540.625	NaN	NaN	NaN	0	1	1	0	0	0	0	0	0	0	0	0	1	0	0	0	0	1	1	0	1	1	1	0	1	-145.0	0.109	0.312	NaN	NaN	0.26	0.693	NaN	NaN	7.8	24.255	NaN	NaN	0.0	"2.5"	"F0034"	1	0	"PR"	158.424	"deionize"	50.611	0	1	0	0.0	0.0	0.0	null	160.224	0.088
-12.3	0.040425	30562.5	2943.75	2531.25	NaN	NaN	NaN	0	1	1	0	0	0	0	0	0	0	0	0	1	0	0	0	0	1	1	0	1	1	1	0	1	-148.0	0.109	0.311	NaN	NaN	0.26	0.691	NaN	NaN	7.8	24.185	NaN	NaN	0.0	"2.5"	"F0034"	1	0	"PR"	168.461	"deionize"	60.648	0	1	0	0.0	0.0	0.0	null	170.261	0.087
-11.7	0.039325	32437.5	2953.125	2550.0	NaN	NaN	NaN	0	1	1	0	0	0	0	0	0	0	0	0	1	0	0	0	0	1	1	0	1	1	1	0	1	-140.0	0.11	0.313	NaN	NaN	0.262	0.696	NaN	NaN	7.86	24.36	NaN	NaN	0.0	"2.5"	"F0034"	1	0	"PR"	178.499	"deionize"	70.686	0	1	0	0.0	0.0	0.0	null	180.299	0.084
-11.4	0.03905	34500.0	2953.125	2512.5	NaN	NaN	NaN	0	1	1	0	0	0	0	0	0	0	0	0	1	0	0	0	0	1	1	0	1	1	1	0	1	-137.0	0.11	0.309	NaN	NaN	0.262	0.687	NaN	NaN	7.86	24.045	NaN	NaN	0.0	"2.5"	"F0034"	1	0	"PR"	188.537	"deionize"	80.724	0	1	0	0.0	0.0	0.0	null	190.337	0.085
-12.3	0.0385	34687.5	2962.5	2550.0	NaN	NaN	NaN	0	1	1	0	0	0	0	0	0	0	0	0	1	0	0	0	0	1	1	0	1	1	1	0	1	-148.0	0.111	0.313	NaN	NaN	0.264	0.696	NaN	NaN	7.92	24.36	NaN	NaN	0.0	"2.5"	"F0034"	1	0	"PR"	198.572	"deionize"	90.759	0	1	0	0.0	0.0	0.0	null	200.372	0.087
-11.9	0.0374	34875.0	2962.5	2540.625	NaN	NaN	NaN	0	1	1	0	0	0	0	0	0	0	0	0	1	0	0	0	0	1	1	0	1	1	1	0	1	-143.0	0.111	0.312	NaN	NaN	0.264	0.693	NaN	NaN	7.92	24.255	NaN	NaN	0.0	"2.5"	"F0034"	1	0	"PR"	208.611	"deionize"	100.798	0	1	0	0.0	0.0	0.0	null	210.411	0.089
-11.7	0.037125	33937.5	2953.125	2550.0	NaN	NaN	NaN	0	1	1	0	0	0	0	0	0	0	0	0	1	0	0	0	0	1	1	0	1	1	1	0	1	-140.0	0.11	0.313	NaN	NaN	0.262	0.696	NaN	NaN	7.86	24.36	NaN	NaN	0.0	"2.5"	"F0034"	1	0	"PR"	218.649	"deionize"	110.836	0	1	0	0.0	0.0	0.0	null	220.449	0.091
-12.8	0.0363	31687.5	2971.875	2596.875	NaN	NaN	NaN	0	1	1	0	0	0	0	0	0	0	0	0	1	0	0	0	0	1	1	0	1	1	1	0	1	-154.0	0.112	0.318	NaN	NaN	0.267	0.707	NaN	NaN	8.01	24.745	NaN	NaN	0.0	"2.5"	"F0034"	1	0	"PR"	228.485	"deionize"	120.672	0	1	0	0.0	0.0	0.0	null	230.285	0.084
-11.4	0.036025	33937.5	2962.5	2531.25	NaN	NaN	NaN	0	1	1	0	0	0	0	0	0	0	0	0	1	0	0	0	0	1	1	0	1	1	1	0	1	-137.0	0.111	0.311	NaN	NaN	0.264	0.691	NaN	NaN	7.92	24.185	NaN	NaN	0.0	"2.5"	"F0034"	1	0	"PR"	238.527	"deionize"	130.714	0	1	0	0.0	0.0	0.0	null	240.327	0.088
-11.9	0.03575	33750.0	2981.25	2578.125	NaN	NaN	NaN	0	1	1	0	0	0	0	0	0	0	0	0	1	0	0	0	0	1	1	0	1	1	1	0	1	-143.0	0.113	0.316	NaN	NaN	0.269	0.702	NaN	NaN	8.07	24.57	NaN	NaN	0.0	"2.5"	"F0034"	1	0	"PR"	248.568	"deionize"	140.755	0	1	0	0.0	0.0	0.0	null	250.368	0.084
-11.3	0.034925	33000.0	2981.25	2578.125	NaN	NaN	NaN	0	1	1	0	0	0	0	0	0	0	0	0	1	0	0	0	0	1	1	0	1	1	1	0	1	-136.0	0.113	0.316	NaN	NaN	0.269	0.702	NaN	NaN	8.07	24.57	NaN	NaN	0.0	"2.5"	"F0034"	1	0	"PR"	258.607	"deionize"	150.794	0	1	0	0.0	0.0	0.0	null	260.407	0.084
-11.9	0.034925	31875.0	2962.5	2568.75	NaN	NaN	NaN	0	1	1	0	0	0	0	0	0	0	0	0	1	0	0	0	0	1	1	0	1	1	1	0	1	-143.0	0.111	0.315	NaN	NaN	0.264	0.7	NaN	NaN	7.92	24.5	NaN	NaN	0.0	"2.5"	"F0034"	1	0	"PR"	268.642	"deionize"	160.829	0	1	0	0.0	0.0	0.0	null	270.442	0.087
-12.4	0.0341	32625.0	2981.25	2493.75	NaN	NaN	NaN	0	1	1	0	0	0	0	0	0	0	0	0	1	0	0	0	0	1	1	0	1	1	1	0	1	-149.0	0.113	0.307	NaN	NaN	0.269	0.682	NaN	NaN	8.07	23.87	NaN	NaN	0.0	"2.5"	"F0034"	1	0	"PR"	278.679	"deionize"	170.866	0	1	0	0.0	0.0	0.0	null	280.479	0.084
-11.9	0.033825	32625.0	2962.5	2540.625	NaN	NaN	NaN	0	1	1	0	0	0	0	0	0	0	0	0	1	0	0	0	0	1	1	0	1	1	1	0	1	-143.0	0.111	0.312	NaN	NaN	0.264	0.693	NaN	NaN	7.92	24.255	NaN	NaN	0.0	"2.5"	"F0034"	1	0	"PR"	288.722	"deionize"	180.909	0	1	0	0.0	0.0	0.0	null	290.522	0.093
-11.3	0.033275	33000.0	2981.25	2550.0	NaN	NaN	NaN	0	1	1	0	0	0	0	0	0	0	0	0	1	0	0	0	0	1	1	0	1	1	1	0	1	-136.0	0.113	0.313	NaN	NaN	0.269	0.696	NaN	NaN	8.07	24.36	NaN	NaN	0.0	"2.5"	"F0034"	1	0	"PR"	298.758	"deionize"	190.945	0	1	0	0.0	0.0	0.0	null	300.558	0.087
-11.9	0.03245	33750.0	2953.125	2587.5	NaN	NaN	NaN	0	1	1	0	0	0	0	0	0	0	0	0	1	0	0	0	0	1	1	0	1	1	1	0	1	-143.0	0.11	0.317	NaN	NaN	0.262	0.704	NaN	NaN	7.86	24.64	NaN	NaN	0.0	"2.5"	"F0034"	1	0	"PR"	308.591	"deionize"	200.778	0	1	0	0.0	0.0	0.0	null	310.391	0.087
-11.0	0.0319	34687.5	2962.5	2512.5	NaN	NaN	NaN	0	1	1	0	0	0	0	0	0	0	0	0	1	0	0	0	0	1	1	0	1	1	1	0	1	-132.0	0.111	0.309	NaN	NaN	0.264	0.687	NaN	NaN	7.92	24.045	NaN	NaN	0.0	"2.5"	"F0034"	1	0	"PR"	318.633	"deionize"	210.82	0	1	0	0.0	0.0	0.0	null	320.433	0.089
-13.1	0.03135	32812.5	2953.125	2531.25	NaN	NaN	NaN	0	1	1	0	0	0	0	0	0	0	0	0	1	0	0	0	0	1	1	0	1	1	1	0	1	-157.0	0.11	0.311	NaN	NaN	0.262	0.691	NaN	NaN	7.86	24.185	NaN	NaN	0.0	"2.5"	"F0034"	1	0	"PR"	328.668	"deionize"	220.855	0	1	0	0.0	0.0	0.0	null	330.468	0.084
-10.7	0.03135	30562.5	2943.75	2550.0	NaN	NaN	NaN	0	1	1	0	0	0	0	0	0	0	0	0	1	0	0	0	0	1	1	0	1	1	1	0	1	-128.0	0.109	0.313	NaN	NaN	0.26	0.696	NaN	NaN	7.8	24.36	NaN	NaN	0.0	"2.5"	"F0034"	1	0	"PR"	338.705	"deionize"	230.892	0	1	0	0.0	0.0	0.0	null	340.505	0.084
-10.2	0.03135	34687.5	2962.5	2512.5	NaN	NaN	NaN	0	1	1	0	0	0	0	0	0	0	0	0	1	0	0	0	1	1	1	0	1	1	1	0	1	-122.0	0.111	0.309	NaN	NaN	0.264	0.687	NaN	NaN	7.92	24.045	NaN	NaN	0.0	"2.5"	"F0034"	1	0	"PR"	348.649	"deionize-uv"	0.71	0	1	0	0.0	0.0	0.0	null	350.449	0.083
-11.7	0.03135	31500.0	2962.5	2568.75	NaN	NaN	NaN	0	1	1	0	0	0	0	0	0	0	0	0	1	0	0	0	1	1	1	0	1	1	1	0	1	-140.0	0.111	0.315	NaN	NaN	0.264	0.7	NaN	NaN	7.92	24.5	NaN	NaN	0.0	"2.5"	"F0034"	1	0	"PR"	358.684	"deionize-uv"	10.745	0	1	0	0.0	0.0	0.0	null	360.484	0.083
-10.6	0.0308	32062.5	2962.5	2493.75	NaN	NaN	NaN	0	1	1	0	0	0	0	0	0	0	0	0	1	0	0	0	1	1	1	0	1	1	1	0	1	-127.0	0.111	0.307	NaN	NaN	0.264	0.682	NaN	NaN	7.92	23.87	NaN	NaN	0.0	"2.5"	"F0034"	1	0	"PR"	368.723	"deionize-uv"	20.784	0	1	0	0.0	0.0	0.0	null	370.523	0.086
-10.1	0.029975	34500.0	2953.125	2475.0	NaN	NaN	NaN	0	1	1	0	0	0	0	0	0	0	0	0	1	0	0	0	1	1	1	0	1	1	1	0	1	-121.0	0.11	0.305	NaN	NaN	0.262	0.678	NaN	NaN	7.86	23.73	NaN	NaN	0.0	"2.5"	"F0034"	1	0	"PR"	378.761	"deionize-uv"	30.822	0	1	0	0.0	0.0	0.0	null	380.561	0.084
-9.2	0.030525	33937.5	2981.25	2540.625	NaN	NaN	NaN	0	1	1	0	0	0	0	0	0	0	0	0	1	0	0	0	1	1	1	0	1	1	1	0	1	-110.0	0.113	0.312	NaN	NaN	0.269	0.693	NaN	NaN	8.07	24.255	NaN	NaN	0.0	"2.5"	"F0034"	1	0	"PR"	388.796	"deionize-uv"	40.857	0	1	0	0.0	0.0	0.0	null	390.596	0.085
-8.9	0.029975	35625.0	2943.75	2521.875	NaN	NaN	NaN	0	1	1	0	0	0	0	0	0	0	0	0	1	0	0	0	1	1	1	0	1	1	1	0	1	-107.0	0.109	0.31	NaN	NaN	0.26	0.689	NaN	NaN	7.8	24.115	NaN	NaN	0.0	"2.5"	"F0034"	1	0	"PR"	398.832	"deionize-uv"	50.893	0	1	0	0.0	0.0	0.0	null	400.632	0.085
-9.6	0.02915	32437.5	2953.125	2559.375	NaN	NaN	NaN	0	1	1	0	0	0	0	0	0	0	0	0	1	0	0	0	1	1	1	0	1	1	1	0	1	-115.0	0.11	0.314	NaN	NaN	0.262	0.698	NaN	NaN	7.86	24.43	NaN	NaN	0.0	"2.5"	"F0034"	1	0	"PR"	408.865	"deionize-uv"	60.926	0	1	0	0.0	0.0	0.0	null	410.665	0.084
-9.3	0.02915	32625.0	2971.875	2550.0	NaN	NaN	NaN	0	1	1	0	0	0	0	0	0	0	0	0	1	0	0	0	1	1	1	0	1	1	1	0	1	-112.0	0.112	0.313	NaN	NaN	0.267	0.696	NaN	NaN	8.01	24.36	NaN	NaN	0.0	"2.5"	"F0034"	1	0	"PR"	418.9	"deionize-uv"	70.961	0	1	0	0.0	0.0	0.0	null	420.7	0.084
-9.7	0.028875	32437.5	2953.125	2540.625	NaN	NaN	NaN	0	1	1	0	0	0	0	0	0	0	0	0	1	0	0	0	1	1	1	0	1	1	1	0	1	-116.0	0.11	0.312	NaN	NaN	0.262	0.693	NaN	NaN	7.86	24.255	NaN	NaN	0.0	"2.5"	"F0034"	1	0	"PR"	428.738	"deionize-uv"	80.799	0	1	0	0.0	0.0	0.0	null	430.538	0.09
-9.2	0.02805	34500.0	2953.125	2625.0	NaN	NaN	NaN	0	1	1	0	0	0	0	0	0	0	0	0	1	0	0	0	1	1	1	0	1	1	1	0	1	-110.0	0.11	0.321	NaN	NaN	0.262	0.713	NaN	NaN	7.86	24.955	NaN	NaN	0.0	"2.5"	"F0034"	1	0	"PR"	438.768	"deionize-uv"	90.829	0	1	0	0.0	0.0	0.0	null	440.568	0.09
-9.5	0.0286	32062.5	2953.125	2521.875	NaN	NaN	NaN	0	1	1	0	0	0	0	0	0	0	0	0	1	0	0	0	1	1	1	0	1	1	1	0	1	-114.0	0.11	0.31	NaN	NaN	0.262	0.689	NaN	NaN	7.86	24.115	NaN	NaN	0.0	"2.5"	"F0034"	1	0	"PR"	448.806	"deionize-uv"	100.867	0	1	0	0.0	0.0	0.0	null	450.606	0.087
-9.8	0.02805	32437.5	2943.75	2493.75	NaN	NaN	NaN	0	1	1	0	0	0	0	0	0	0	0	0	1	0	0	0	1	1	1	0	1	1	1	0	1	-118.0	0.109	0.307	NaN	NaN	0.26	0.682	NaN	NaN	7.8	23.87	NaN	NaN	0.0	"2.5"	"F0034"	1	0	"PR"	458.842	"deionize-uv"	110.903	0	1	0	0.0	0.0	0.0	null	460.642	0.084
-9.0	0.0275	28500.0	2971.875	2240.625	NaN	NaN	NaN	0	0	1	0	0	0	0	1	0	0	0	0	1	0	0	0	1	1	1	0	1	1	1	0	1	-108.0	0.112	0.282	NaN	NaN	0.267	0.627	NaN	NaN	8.01	21.945	NaN	NaN	0.0	"2.5"	"F0034"	1	0	"PR"	468.805	"drain-di-1"	0.734	0	1	0	0.0	0.0	0.0	null	470.605	0.087
-8.9	0.0275	33000.0	2962.5	1940.625	NaN	NaN	NaN	0	0	1	0	0	0	0	1	0	0	0	0	1	0	0	0	1	1	1	0	1	1	1	0	1	-107.0	0.111	0.252	NaN	NaN	0.264	0.56	NaN	NaN	7.92	19.6	NaN	NaN	0.0	"2.5"	"F0034"	1	0	"PR"	478.95	"drip-di-1"	9.945	0	1	0	0.0	0.0	0.0	null	480.75	0.084
13.2	0.02695	30000.0	2793.75	1931.25	NaN	NaN	NaN	1	0	0	0	0	1	1	0	0	0	0	0	1	1	0	0	0	1	1	1	0	1	1	1	0	158.0	0.094	0.251	NaN	NaN	0.224	0.558	NaN	NaN	6.72	19.53	NaN	NaN	0.0	"2.5"	"F0034"	1	1	"PR"	488.949	"reverse-f"	4.778	0	1	0	0.0	0.0	0.0	null	490.749	0.084
13.0	0.02915	28500.0	2803.125	2221.875	NaN	NaN	NaN	0	0	0	0	0	1	1	0	0	0	0	0	1	0	0	0	0	1	1	1	0	1	1	1	0	156.0	0.095	0.28	NaN	NaN	0.226	0.622	NaN	NaN	6.78	21.77	NaN	NaN	0.0	"2.5"	"F0034"	1	1	"PR"	498.985	"reverse"	14.814	0	1	0	0.0	0.0	0.0	null	500.785	0.098
12.6	0.031625	30000.0	2793.75	2259.375	NaN	NaN	NaN	0	0	0	0	0	1	1	0	0	0	0	0	1	0	0	0	0	1	1	1	0	1	1	1	0	151.0	0.094	0.284	NaN	NaN	0.224	0.631	NaN	NaN	6.72	22.085	NaN	NaN	0.0	"2.5"	"F0034"	1	1	"PR"	508.935	"reverse"	24.764	0	1	0	0.0	0.0	0.0	null	510.735	0.087
12.1	0.033825	30000.0	2831.25	2231.25	NaN	NaN	NaN	0	0	0	0	0	1	1	0	0	0	0	0	1	0	0	0	0	1	1	1	0	1	1	1	0	145.0	0.098	0.281	NaN	NaN	0.233	0.624	NaN	NaN	6.99	21.84	NaN	NaN	0.0	"2.5"	"F0034"	1	1	"PR"	518.967	"reverse"	34.796	0	1	0	0.0	0.0	0.0	null	520.767	0.084
13.2	0.036025	28875.0	2784.375	2231.25	NaN	NaN	NaN	0	0	0	0	0	1	1	0	0	0	0	0	1	0	0	0	0	1	1	1	0	1	1	1	0	158.0	0.093	0.281	NaN	NaN	0.221	0.624	NaN	NaN	6.63	21.84	NaN	NaN	0.0	"2.5"	"F0034"	1	1	"PR"	529.001	"reverse"	44.83	0	1	0	0.0	0.0	0.0	null	530.801	0.093
12.8	0.0385	29250.0	2803.125	2240.625	NaN	NaN	NaN	0	0	0	0	0	1	1	0	0	0	0	0	1	0	0	0	0	1	1	1	0	1	1	1	0	154.0	0.095	0.282	NaN	NaN	0.226	0.627	NaN	NaN	6.78	21.945	NaN	NaN	0.0	"2.5"	"F0034"	1	1	"PR"	538.843	"reverse"	54.672	0	1	0	0.0	0.0	0.0	null	540.643	0.09
12.6	0.0407	29812.5	2831.25	2250.0	NaN	NaN	NaN	0	0	0	0	0	1	1	0	0	0	0	0	1	0	0	0	0	1	1	1	0	1	1	1	0	151.0	0.098	0.283	NaN	NaN	0.233	0.629	NaN	NaN	6.99	22.015	NaN	NaN	0.0	"2.5"	"F0034"	1	1	"PR"	548.875	"reverse"	64.704	0	1	0	0.0	0.0	0.0	null	550.675	0.09
12.6	0.0418	30000.0	2812.5	2278.125	NaN	NaN	NaN	0	0	0	0	0	1	1	0	0	0	0	0	1	0	0	0	0	1	1	1	0	1	1	1	0	151.0	0.096	0.286	NaN	NaN	0.229	0.636	NaN	NaN	6.87	22.26	NaN	NaN	0.0	"2.5"	"F0034"	1	1	"PR"	558.913	"reverse"	74.742	0	1	0	0.0	0.0	0.0	null	560.713	0.089
14.3	0.043725	30562.5	2821.875	2203.125	NaN	NaN	NaN	0	0	0	0	0	1	1	0	0	0	0	0	1	0	0	0	0	1	1	1	0	1	1	1	0	172.0	0.097	0.278	NaN	NaN	0.231	0.618	NaN	NaN	6.93	21.63	NaN	NaN	0.0	"2.5"	"F0034"	1	1	"PR"	568.949	"reverse"	84.778	0	1	0	0.0	0.0	0.0	null	570.749	0.09
13.0	0.0451	29812.5	2821.875	2240.625	NaN	NaN	NaN	0	0	0	0	0	1	1	0	0	0	0	0	1	0	0	0	0	1	1	1	0	1	1	1	0	156.0	0.097	0.282	NaN	NaN	0.231	0.627	NaN	NaN	6.93	21.945	NaN	NaN	0.0	"2.5"	"F0034"	1	1	"PR"	578.979	"reverse"	94.808	0	1	0	0.0	0.0	0.0	null	580.779	0.09
12.5	0.0462	29812.5	2793.75	2259.375	NaN	NaN	NaN	0	0	0	0	0	1	1	0	0	0	0	0	1	0	0	0	0	1	1	1	0	1	1	1	0	150.0	0.094	0.284	NaN	NaN	0.224	0.631	NaN	NaN	6.72	22.085	NaN	NaN	0.0	"2.5"	"F0034"	1	1	"PR"	589.016	"reverse"	104.845	0	1	0	0.0	0.0	0.0	null	590.816	0.097
13.0	0.047025	30375.0	2812.5	2221.875	NaN	NaN	NaN	0	0	0	0	0	1	1	0	0	0	0	0	1	0	0	0	0	1	1	1	0	1	1	1	0	156.0	0.096	0.28	NaN	NaN	0.229	0.622	NaN	NaN	6.87	21.77	NaN	NaN	0.0	"2.5"	"F0034"	1	1	"PR"	599.051	"reverse"	114.88	0	1	0	0.0	0.0	0.0	null	600.851	0.09
12.6	0.0473	29437.5	2812.5	2250.0	NaN	NaN	NaN	0	0	0	0	0	1	1	0	0	0	0	0	1	0	0	0	0	1	1	1	0	1	1	1	0	151.0	0.096	0.283	NaN	NaN	0.229	0.629	NaN	NaN	6.87	22.015	NaN	NaN	0.0	"2.5"	"F0034"	1	1	"PR"	609.085	"reverse"	124.914	0	1	0	0.0	0.0	0.0	null	610.885	0.09
11.6	0.0473	30000.0	2840.625	2240.625	NaN	NaN	NaN	0	0	0	0	0	1	1	0	0	0	0	0	1	0	0	0	0	1	1	1	0	1	1	1	0	139.0	0.099	0.282	NaN	NaN	0.236	0.627	NaN	NaN	7.08	21.945	NaN	NaN	0.0	"2.5"	"F0034"	1	1	"PR"	619.126	"reverse"	134.955	0	1	0	0.0	0.0	0.0	null	620.926	0.088
12.6	0.04785	29625.0	2840.625	2240.625	NaN	NaN	NaN	0	0	0	0	0	1	1	0	0	0	0	0	1	0	0	0	0	1	1	1	0	1	1	1	0	151.0	0.099	0.282	NaN	NaN	0.236	0.627	NaN	NaN	7.08	21.945	NaN	NaN	0.0	"2.5"	"F0034"	1	1	"PR"	628.956	"reverse"	144.785	0	1	0	0.0	0.0	0.0	null	630.756	0.087
3.1	0.048675	1312.5	2971.875	2259.375	NaN	NaN	NaN	0	0	0	0	0	0	0	0	0	0	0	0	0	0	0	0	0	0	0	0	1	0	0	0	1	37.0	0.112	0.284	NaN	NaN	0.267	0.631	NaN	NaN	8.01	22.085	NaN	NaN	0.0	"2.5"	"F0034"	0	0	"PR"	639.079	"diffuse"	4.906	0	1	1	0.0	0.0	0.0	null	640.879	0.089
2.4	0.0484	1125.0	2971.875	2250.0	NaN	NaN	NaN	0	0	0	0	0	0	0	0	0	0	0	0	0	0	0	0	0	0	0	0	1	0	0	0	1	29.0	0.112	0.283	NaN	NaN	0.267	0.629	NaN	NaN	8.01	22.015	NaN	NaN	0.0	"2.5"	"F0034"	0	0	"PR"	649.119	"diffuse"	14.946	0	1	1	0.0	0.0	0.0	null	650.919	0.092
3.5	0.04895	1125.0	2981.25	2259.375	NaN	NaN	NaN	0	0	0	0	0	0	0	0	0	0	0	0	0	0	0	0	0	0	0	0	1	0	0	0	1	42.0	0.113	0.284	NaN	NaN	0.269	0.631	NaN	NaN	8.07	22.085	NaN	NaN	0.0	"2.5"	"F0034"	0	0	"PR"	659.156	"diffuse"	24.983	0	1	1	0.0	0.0	0.0	null	660.956	0.086
12.4	0.0484	29437.5	2784.375	2240.625	NaN	NaN	NaN	0	0	0	0	0	1	1	0	0	0	0	0	1	0	0	0	0	1	1	1	0	1	1	1	0	149.0	0.093	0.282	NaN	NaN	0.221	0.627	NaN	NaN	6.63	21.945	NaN	NaN	0.0	"2.5"	"F0034"	1	1	"PR"	669.085	"wash-en"	4.909	0	1	1	0.0	0.0	0.0	null	670.885	0.09
11.9	0.0484	28687.5	2821.875	2240.625	NaN	NaN	NaN	0	0	0	0	0	1	1	0	0	0	0	0	1	0	0	0	0	1	1	1	0	1	1	1	0	143.0	0.097	0.282	NaN	NaN	0.231	0.627	NaN	NaN	6.93	21.945	NaN	NaN	0.0	"2.5"	"F0034"	1	1	"PR"	679.125	"wash-en"	14.949	0	1	1	0.0	0.0	0.0	null	680.925	0.091
2.4	0.049775	29812.5	2821.875	2268.75	NaN	NaN	NaN	0	0	0	0	0	1	1	0	0	0	0	0	1	0	0	0	0	0	0	0	1	0	0	0	1	29.0	0.097	0.285	NaN	NaN	0.231	0.633	NaN	NaN	6.93	22.155	NaN	NaN	0.0	"2.5"	"F0034"	0	0	"PR"	689.053	"wash-sc"	4.712	0	1	1	0.0	0.0	0.0	null	690.853	0.088
2.6	0.0495	1875.0	2981.25	2250.0	NaN	NaN	NaN	0	0	0	0	0	0	0	0	0	0	0	0	0	0	0	0	0	0	0	0	1	0	0	0	1	31.0	0.113	0.283	NaN	NaN	0.269	0.629	NaN	NaN	8.07	22.015	NaN	NaN	0.0	"2.5"	"F0034"	0	0	"PR"	699.089	"diffuse"	4.616	0	1	2	0.0	0.0	0.0	null	700.889	0.091
2.0	0.0495	1500.0	2971.875	2268.75	NaN	NaN	NaN	0	0	0	0	0	0	0	0	0	0	0	0	0	0	0	0	0	0	0	0	1	0	0	0	1	24.0	0.112	0.285	NaN	NaN	0.267	0.633	NaN	NaN	8.01	22.155	NaN	NaN	0.0	"2.5"	"F0034"	0	0	"PR"	709.128	"diffuse"	14.655	0	1	2	0.0	0.0	0.0	null	710.928	0.09
2.1	0.04895	562.5	2981.25	2250.0	NaN	NaN	NaN	0	0	0	0	0	0	0	0	0	0	0	0	0	0	0	0	0	0	0	0	1	0	0	0	1	25.0	0.113	0.283	NaN	NaN	0.269	0.629	NaN	NaN	8.07	22.015	NaN	NaN	0.0	"2.5"	"F0034"	0	0	"PR"	719.162	"diffuse"	24.689	0	1	2	0.0	0.0	0.0	null	720.962	0.09
12.6	0.0495	26812.5	2784.375	2268.75	NaN	NaN	NaN	0	0	0	0	0	1	1	0	0	0	0	0	1	0	0	0	0	1	1	1	0	1	1	1	0	151.0	0.093	0.285	NaN	NaN	0.221	0.633	NaN	NaN	6.63	22.155	NaN	NaN	0.0	"2.5"	"F0034"	1	1	"PR"	729.084	"wash-en"	4.503	0	1	2	0.0	0.0	0.0	null	730.884	0.084
12.5	0.049775	30000.0	2803.125	2221.875	NaN	NaN	NaN	0	0	0	0	0	1	1	0	0	0	0	0	1	0	0	0	0	1	1	1	0	1	1	1	0	150.0	0.095	0.28	NaN	NaN	0.226	0.622	NaN	NaN	6.78	21.77	NaN	NaN	0.0	"2.5"	"F0034"	1	1	"PR"	739.128	"wash-en"	14.547	0	1	2	0.0	0.0	0.0	null	740.928	0.088
1.0	0.049225	30000.0	2793.75	2259.375	NaN	NaN	NaN	0	0	0	0	0	1	1	0	0	0	0	0	1	0	0	0	0	0	0	0	1	0	0	0	1	12.0	0.094	0.284	NaN	NaN	0.224	0.631	NaN	NaN	6.72	22.085	NaN	NaN	0.0	"2.5"	"F0034"	0	0	"PR"	749.256	"wash-sc"	4.507	0	1	2	0.0	0.0	0.0	null	751.056	0.09
2.8	0.049775	1312.5	2971.875	2250.0	NaN	NaN	NaN	0	0	0	0	0	0	0	0	0	0	0	0	0	0	0	0	0	0	0	0	1	0	0	0	1	34.0	0.112	0.283	NaN	NaN	0.267	0.629	NaN	NaN	8.01	22.015	NaN	NaN	0.0	"2.5"	"F0034"	0	0	"PR"	759.093	"diffuse"	4.216	0	1	3	0.0	0.0	0.0	null	760.893	0.085
1.9	0.049775	2250.0	2981.25	2278.125	NaN	NaN	NaN	0	0	0	0	0	0	0	0	0	0	0	0	0	0	0	0	0	0	0	0	1	0	0	0	1	23.0	0.113	0.286	NaN	NaN	0.269	0.636	NaN	NaN	8.07	22.26	NaN	NaN	0.0	"2.5"	"F0034"	0	0	"PR"	769.132	"diffuse"	14.255	0	1	3	0.0	0.0	0.0	null	770.932	0.087
1.8	0.049775	375.0	2981.25	2259.375	NaN	NaN	NaN	0	0	0	0	0	0	0	0	0	0	0	0	0	0	0	0	0	0	0	0	1	0	0	0	1	22.0	0.113	0.284	NaN	NaN	0.269	0.631	NaN	NaN	8.07	22.085	NaN	NaN	0.0	"2.5"	"F0034"	0	0	"PR"	779.165	"diffuse"	24.288	0	1	3	0.0	0.0	0.0	null	780.965	0.087
12.6	0.048675	30375.0	2793.75	2250.0	NaN	NaN	NaN	0	0	0	0	0	1	1	0	0	0	0	0	1	0	0	0	0	1	1	1	0	1	1	1	0	151.0	0.094	0.283	NaN	NaN	0.224	0.629	NaN	NaN	6.72	22.015	NaN	NaN	0.0	"2.5"	"F0034"	1	1	"PR"	789.289	"wash-en"	4.304	0	1	3	0.0	0.0	0.0	null	791.089	0.091
12.2	0.0495	30375.0	2812.5	2240.625	NaN	NaN	NaN	0	0	0	0	0	1	1	0	0	0	0	0	1	0	0	0	0	1	1	1	0	1	1	1	0	146.0	0.096	0.282	NaN	NaN	0.229	0.627	NaN	NaN	6.87	21.945	NaN	NaN	0.0	"2.5"	"F0034"	1	1	"PR"	799.329	"wash-en"	14.344	0	1	3	0.0	0.0	0.0	null	801.129	0.091
1.7	0.049225	30562.5	2850.0	2250.0	NaN	NaN	NaN	0	0	0	0	0	1	1	0	0	0	0	0	1	0	0	0	0	0	0	0	1	0	0	0	1	20.0	0.1	0.283	NaN	NaN	0.238	0.629	NaN	NaN	7.14	22.015	NaN	NaN	0.0	"2.5"	"F0034"	0	0	"PR"	809.249	"wash-sc"	4.101	0	1	3	0.0	0.0	0.0	null	811.049	0.087
1.1	0.0495	562.5	2981.25	2250.0	NaN	NaN	NaN	0	0	0	0	0	0	0	0	0	0	0	0	0	0	0	0	0	0	0	0	1	0	0	0	1	13.0	0.113	0.283	NaN	NaN	0.269	0.629	NaN	NaN	8.07	22.015	NaN	NaN	0.0	"2.5"	"F0034"	0	0	"PR"	819.281	"diffuse"	4.013	0	1	4	0.0	0.0	0.0	null	821.081	0.086
1.6	0.049225	1500.0	2981.25	2250.0	NaN	NaN	NaN	0	0	0	0	0	0	0	0	0	0	0	0	0	0	0	0	0	0	0	0	1	0	0	0	1	19.0	0.113	0.283	NaN	NaN	0.269	0.629	NaN	NaN	8.07	22.015	NaN	NaN	0.0	"2.5"	"F0034"	0	0	"PR"	829.327	"diffuse"	14.059	0	1	4	0.0	0.0	0.0	null	831.127	0.091
1.4	0.04895	-187.5	2981.25	2259.375	NaN	NaN	NaN	0	0	0	0	0	0	0	0	0	0	0	0	0	0	0	0	0	0	0	0	1	0	0	0	1	17.0	0.113	0.284	NaN	NaN	0.269	0.631	NaN	NaN	8.07	22.085	NaN	NaN	0.0	"2.5"	"F0034"	0	0	"PR"	839.363	"diffuse"	24.095	0	1	4	0.0	0.0	0.0	null	841.163	0.087
12.3	0.049225	27937.5	2812.5	2259.375	NaN	NaN	NaN	0	0	0	0	0	1	1	0	0	0	0	0	1	0	0	0	0	1	1	1	0	1	1	1	0	148.0	0.096	0.284	NaN	NaN	0.229	0.631	NaN	NaN	6.87	22.085	NaN	NaN	0.0	"2.5"	"F0034"	1	1	"PR"	849.284	"wash-en"	3.903	0	1	4	0.0	0.0	0.0	null	851.084	0.085
15.5	0.0484	28500.0	2821.875	2240.625	NaN	NaN	NaN	0	0	0	0	0	1	1	0	0	0	0	0	1	0	0	0	0	1	1	1	0	1	1	1	0	186.0	0.097	0.282	NaN	NaN	0.231	0.627	NaN	NaN	6.93	21.945	NaN	NaN	0.0	"2.5"	"F0034"	1	1	"PR"	859.323	"wash-en"	13.942	0	1	4	0.0	0.0	0.0	null	861.123	0.088
0.6	0.049225	30375.0	2821.875	2259.375	NaN	NaN	NaN	0	0	0	0	0	1	1	0	0	0	0	0	1	0	0	0	0	0	0	0	1	0	0	0	1	7.0	0.097	0.284	NaN	NaN	0.231	0.631	NaN	NaN	6.93	22.085	NaN	NaN	0.0	"2.5"	"F0034"	0	0	"PR"	869.256	"wash-sc"	3.712	0	1	4	0.0	0.0	0.0	null	871.056	0.084
1.3	0.049225	-1312.5	2634.375	2268.75	NaN	NaN	NaN	0	0	0	0	1	0	0	0	0	0	0	0	0	0	0	0	0	0	0	0	1	0	0	0	1	16.0	0.078	0.285	NaN	NaN	0.186	0.633	NaN	NaN	5.58	22.155	NaN	NaN	0.0	"2.5"	"F0034"	0	0	"PR"	879.294	"drain-rg"	3.614	0	1	4	0.0	0.0	0.0	null	881.094	0.085
1.0	0.04895	-750.0	2296.875	2278.125	NaN	NaN	NaN	0	0	0	0	1	0	0	0	0	0	0	0	0	0	0	0	0	0	0	0	1	0	0	0	1	12.0	0.045	0.286	NaN	NaN	0.107	0.636	NaN	NaN	3.21	22.26	NaN	NaN	0.0	"2.5"	"F0034"	0	0	"PR"	889.332	"drain-rg"	13.652	0	1	4	0.0	0.0	0.0	null	891.132	0.085
1.2	0.048675	-750.0	1987.5	2240.625	NaN	NaN	NaN	0	0	0	0	1	0	0	0	0	0	0	0	0	0	0	0	0	0	0	0	1	0	0	0	1	14.0	0.014	0.282	NaN	NaN	0.033	0.627	NaN	NaN	0.99	21.945	NaN	NaN	0.0	"2.5"	"F0034"	0	0	"PR"	899.365	"drain-rg"	23.685	0	1	4	0.0	0.0	0.0	null	901.165	0.086
1.3	0.049775	-1312.5	1481.25	2250.0	NaN	NaN	NaN	0	0	0	0	1	0	0	0	0	0	0	0	0	0	0	0	0	0	0	0	1	0	0	0	1	16.0	-0.037	0.283	NaN	NaN	-0.088	0.629	NaN	NaN	-2.64	22.015	NaN	NaN	0.0	"2.5"	"F0034"	0	0	"PR"	909.4	"drip-rg"	7.428	0	1	4	0.0	0.0	0.0	null	911.2	0.086
1.8	0.049225	14437.5	84.375	2250.0	NaN	NaN	NaN	0	0	1	0	0	1	0	0	0	0	0	0	1	0	0	0	0	0	0	0	1	0	0	0	1	22.0	-0.177	0.283	NaN	NaN	-0.421	0.629	NaN	NaN	-12.63	22.015	NaN	NaN	0.0	"2.5"	"F0034"	0	0	"FR"	1.421	"fill-rg-di"	1.22	1	1	0	919.03	0.0	0.0	null	921.075	0.084
0.7	0.0484	29625.0	1978.125	2006.25	NaN	NaN	NaN	0	0	1	0	0	1	0	0	0	0	0	0	1	0	0	0	0	0	0	0	1	0	0	0	1	8.0	0.013	0.259	NaN	NaN	0.031	0.576	NaN	NaN	0.93	20.16	NaN	NaN	0.0	"2.5"	"F0034"	0	0	"FR"	11.461	"fill-rg-di"	11.26	1	1	0	919.03	0.0	0.0	null	931.115	0.087
1.8	0.047025	30375.0	2325.0	1734.375	NaN	NaN	NaN	0	0	1	0	0	1	0	0	0	0	0	0	1	0	0	0	0	0	0	0	1	0	0	0	1	22.0	0.048	0.231	NaN	NaN	0.114	0.513	NaN	NaN	3.42	17.955	NaN	NaN	0.0	"2.5"	"F0034"	0	0	"FR"	21.496	"fill-rg-di"	21.295	1	1	0	919.03	0.0	0.0	null	941.15	0.084
1.1	0.04565	29437.5	2634.375	1462.5	NaN	NaN	NaN	0	0	1	0	0	1	0	0	0	0	0	0	1	0	0	0	0	0	0	0	1	0	0	0	1	13.0	0.078	0.204	NaN	NaN	0.186	0.453	NaN	NaN	5.58	15.855	NaN	NaN	0.0	"2.5"	"F0034"	0	0	"FR"	31.529	"fill-rg-di"	31.328	1	1	0	919.03	0.0	0.0	null	951.183	0.084
0.7	0.043725	29812.5	2934.375	1181.25	NaN	NaN	NaN	0	0	1	0	0	1	0	0	0	0	0	0	1	0	0	0	0	0	0	0	1	0	0	0	1	8.0	0.108	0.176	NaN	NaN	0.257	0.391	NaN	NaN	7.71	13.685	NaN	NaN	0.0	"2.5"	"F0034"	0	0	"FR"	41.57	"fill-rg-di"	41.369	1	1	0	919.03	0.0	0.0	null	961.224	0.086
0.6	0.0429	30000.0	3225.0	984.375	NaN	NaN	NaN	0	0	1	0	0	1	0	0	0	0	0	0	1	0	0	0	0	0	0	0	1	0	0	0	1	7.0	0.138	0.156	NaN	NaN	0.329	0.347	NaN	NaN	9.87	12.145	NaN	NaN	0.0	"2.5"	"F0034"	0	0	"FR"	51.603	"fill-rg-di"	51.402	1	1	0	919.03	0.0	0.0	null	971.257	0.086
1.0	0.0429	-5812.5	2784.375	993.75	NaN	NaN	NaN	0	0	0	0	1	0	0	0	0	0	0	0	0	0	0	0	0	0	0	0	1	0	0	0	1	12.0	0.093	0.157	NaN	NaN	0.221	0.349	NaN	NaN	6.63	12.215	NaN	NaN	0.0	"2.5"	"F0034"	0	0	"FR"	61.638	"drain-rg"	9.031	1	1	0	919.03	0.0	0.0	null	981.292	0.084
1.1	0.0429	-6375.0	2400.0	956.25	NaN	NaN	NaN	0	0	0	0	1	0	0	0	0	0	0	0	0	0	0	0	0	0	0	0	1	0	0	0	1	13.0	0.055	0.154	NaN	NaN	0.131	0.342	NaN	NaN	3.93	11.97	NaN	NaN	0.0	"2.5"	"F0034"	0	0	"FR"	71.68	"drain-rg"	19.073	1	1	0	919.03	0.0	0.0	null	991.334	0.085
1.5	0.043175	-6562.5	2053.125	965.625	NaN	NaN	NaN	0	0	0	0	1	0	0	0	0	0	0	0	0	0	0	0	0	0	0	0	1	0	0	0	1	18.0	0.02	0.155	NaN	NaN	0.048	0.344	NaN	NaN	1.44	12.04	NaN	NaN	0.0	"2.5"	"F0034"	0	0	"FR"	81.515	"drain-rg"	28.908	1	1	0	919.03	0.0	0.0	null	1001.169	0.086
1.3	0.043175	-7875.0	1631.25	956.25	NaN	NaN	NaN	0	0	0	0	1	0	0	0	0	0	0	0	0	0	0	0	0	0	0	0	1	0	0	0	1	16.0	-0.022	0.154	NaN	NaN	-0.052	0.342	NaN	NaN	-1.56	11.97	NaN	NaN	0.0	"2.5"	"F0034"	0	0	"FR"	91.548	"drip-rg"	4.215	1	1	0	919.03	0.0	0.0	null	1011.202	0.084
0.8	0.0429	-9000.0	18.75	956.25	NaN	NaN	NaN	0	0	0	0	1	0	0	0	0	0	0	0	0	0	0	0	0	0	0	0	1	0	0	0	1	10.0	-0.183	0.154	NaN	NaN	-0.436	0.342	NaN	NaN	-13.08	11.97	NaN	NaN	0.0	"2.5"	"F0034"	0	0	"FR"	101.585	"drip-rg"	14.252	1	1	0	919.03	0.0	0.0	null	1021.239	0.084
0.9	0.043175	29625.0	1865.625	759.375	NaN	NaN	NaN	0	0	1	0	0	1	0	0	0	0	0	0	1	0	0	0	0	0	0	0	1	0	0	0	1	11.0	0.002	0.134	NaN	NaN	0.005	0.298	NaN	NaN	0.15	10.43	NaN	NaN	0.0	"2.5"	"F0034"	0	0	"PR"	8.454	"fill-rg-di"	8.253	1	0	0	919.03	0.0	1022.243	null	1031.318	0.086
1.5	0.04235	30000.0	2240.625	478.125	NaN	NaN	NaN	0	0	1	0	0	1	0	0	0	0	0	0	1	0	0	0	0	0	0	0	1	0	0	0	1	18.0	0.039	0.106	NaN	NaN	0.093	0.236	NaN	NaN	2.79	8.26	NaN	NaN	0.0	"2.5"	"F0034"	0	0	"PR"	18.491	"fill-rg-di"	18.29	1	0	0	919.03	0.0	1022.243	null	1041.355	0.084
1.4	0.0418	30000.0	2550.0	225.0	NaN	NaN	NaN	0	0	1	0	0	1	0	0	0	0	0	0	1	0	0	0	0	0	0	0	1	0	0	0	1	17.0	0.07	0.081	NaN	NaN	0.167	0.18	NaN	NaN	5.01	6.3	NaN	NaN	0.0	"2.5"	"F0034"	0	0	"PR"	28.528	"fill-rg-di"	28.327	1	0	0	919.03	0.0	1022.243	null	1051.392	0.087
1.2	0.04015	3187.5	2746.875	178.125	NaN	NaN	NaN	1	0	0	0	0	0	0	0	0	0	0	0	0	1	0	0	0	0	0	0	1	0	0	0	1	14.0	0.09	0.076	NaN	NaN	0.214	0.169	NaN	NaN	6.42	5.915	NaN	NaN	0.0	"2.5"	"F0034"	0	0	"PR"	38.566	"fill-di-lb"	3.21	1	0	0	919.03	0.0	1022.243	null	1061.43	0.085
1.8	0.040425	562.5	2746.875	459.375	NaN	NaN	NaN	1	0	0	0	0	0	0	0	0	0	0	0	0	1	0	0	0	0	0	0	1	0	0	0	1	22.0	0.09	0.104	NaN	NaN	0.214	0.231	NaN	NaN	6.42	8.085	NaN	NaN	0.0	"2.5"	"F0034"	0	0	"PR"	48.4	"fill-di-lb"	13.044	1	0	0	919.03	0.0	1022.243	null	1071.264	0.09
1.2	0.040425	937.5	2746.875	740.625	NaN	NaN	NaN	1	0	0	0	0	0	0	0	0	0	0	0	0	1	0	0	0	0	0	0	1	0	0	0	1	14.0	0.09	0.132	NaN	NaN	0.214	0.293	NaN	NaN	6.42	10.255	NaN	NaN	0.0	"2.5"	"F0034"	0	0	"PR"	58.432	"fill-di-lb"	23.076	1	0	0	919.03	0.0	1022.243	null	1081.296	0.09
1.3	0.040425	1500.0	2746.875	1040.625	NaN	NaN	NaN	1	0	0	0	0	0	0	0	0	0	0	0	0	1	0	0	0	0	0	0	1	0	0	0	1	16.0	0.09	0.162	NaN	NaN	0.214	0.36	NaN	NaN	6.42	12.6	NaN	NaN	0.0	"2.5"	"F0034"	0	0	"PR"	68.468	"fill-di-lb"	33.112	1	0	0	919.03	0.0	1022.243	null	1091.332	0.089
0.2	0.040975	1312.5	2737.5	1340.625	NaN	NaN	NaN	1	0	0	0	0	0	0	0	0	0	0	0	0	1	0	0	0	0	0	0	1	0	0	0	1	2.0	0.089	0.192	NaN	NaN	0.212	0.427	NaN	NaN	6.36	14.945	NaN	NaN	0.0	"2.5"	"F0034"	0	0	"PR"	78.506	"fill-di-lb"	43.15	1	0	0	919.03	0.0	1022.243	null	1101.37	0.084
1.5	0.040425	-750.0	2746.875	1621.875	NaN	NaN	NaN	1	0	0	0	0	0	0	0	0	0	0	0	0	1	0	0	0	0	0	0	1	0	0	0	1	18.0	0.09	0.22	NaN	NaN	0.214	0.489	NaN	NaN	6.42	17.115	NaN	NaN	0.0	"2.5"	"F0034"	0	0	"PR"	88.541	"fill-di-lb"	53.185	1	0	0	919.03	0.0	1022.243	null	1111.405	0.087
1.2	0.04015	-375.0	2746.875	1921.875	NaN	NaN	NaN	1	0	0	0	0	0	0	0	0	0	0	0	0	1	0	0	0	0	0	0	1	0	0	0	1	14.0	0.09	0.25	NaN	NaN	0.214	0.556	NaN	NaN	6.42	19.46	NaN	NaN	0.0	"2.5"	"F0034"	0	0	"PR"	98.58	"fill-di-lb"	63.224	1	0	0	919.03	0.0	1022.243	null	1121.444	0.084
1.2	0.040425	-187.5	2728.125	2203.125	NaN	NaN	NaN	1	0	0	0	0	0	0	0	0	0	0	0	0	1	0	0	0	0	0	0	1	0	0	0	1	14.0	0.088	0.278	NaN	NaN	0.21	0.618	NaN	NaN	6.3	21.63	NaN	NaN	0.0	"2.5"	"F0034"	0	0	"PR"	108.612	"fill-di-lb"	73.256	1	0	0	919.03	0.0	1022.243	null	1131.476	0.084
0.8	0.040975	4500.0	2990.625	2081.25	NaN	NaN	NaN	1	0	0	0	0	0	0	0	0	0	0	0	0	1	0	0	0	0	0	0	1	0	0	0	1	10.0	0.114	0.266	NaN	NaN	0.271	0.591	NaN	NaN	8.13	20.685	NaN	NaN	0.0	"2.5"	"F0034"	0	0	"PR"	118.452	"fill-di"	0.803	1	0	0	919.03	0.0	1022.243	null	1141.316	0.092
12.6	0.039325	34500.0	2962.5	2540.625	NaN	NaN	NaN	0	1	1	0	0	0	0	0	0	0	0	0	1	0	0	0	0	1	1	1	0	1	1	1	0	151.0	0.111	0.312	NaN	NaN	0.264	0.693	NaN	NaN	7.92	24.255	NaN	NaN	0.0	"2.5"	"F0034"	1	1	"PR"	128.492	"deionize"	5.425	1	1	0	919.03	0.0	1022.243	null	1151.356	0.088
12.0	0.040425	33937.5	2971.875	2559.375	NaN	NaN	NaN	0	1	1	0	0	0	0	0	0	0	0	0	1	0	0	0	0	1	1	1	0	1	1	1	0	144.0	0.112	0.314	NaN	NaN	0.267	0.698	NaN	NaN	8.01	24.43	NaN	NaN	0.0	"2.5"	"F0034"	1	1	"PR"	138.526	"deionize"	15.459	1	1	0	919.03	0.0	1022.243	null	1161.39	0.088
12.5	0.039875	34125.0	2962.5	2540.625	NaN	NaN	NaN	0	1	1	0	0	0	0	0	0	0	0	0	1	0	0	0	0	1	1	1	0	1	1	1	0	150.0	0.111	0.312	NaN	NaN	0.264	0.693	NaN	NaN	7.92	24.255	NaN	NaN	0.0	"2.5"	"F0034"	1	1	"PR"	148.568	"deionize"	25.501	1	1	0	919.03	0.0	1022.243	null	1171.432	0.092
14.0	0.03905	33562.5	2971.875	2550.0	NaN	NaN	NaN	0	1	1	0	0	0	0	0	0	0	0	0	1	0	0	0	0	1	1	1	0	1	1	1	0	168.0	0.112	0.313	NaN	NaN	0.267	0.696	NaN	NaN	8.01	24.36	NaN	NaN	0.0	"2.5"	"F0034"	1	1	"PR"	158.605	"deionize"	35.538	1	1	0	919.03	0.0	1022.243	null	1181.469	0.091
12.6	0.03795	32250.0	2971.875	2512.5	NaN	NaN	NaN	0	1	1	0	0	0	0	0	0	0	0	0	1	0	0	0	0	1	1	1	0	1	1	1	0	151.0	0.112	0.309	NaN	NaN	0.267	0.687	NaN	NaN	8.01	24.045	NaN	NaN	0.0	"2.5"	"F0034"	1	1	"PR"	168.644	"deionize"	45.577	1	1	0	919.03	0.0	1022.243	null	1191.508	0.092
12.6	0.037125	32250.0	2953.125	2550.0	NaN	NaN	NaN	0	1	1	0	0	0	0	0	0	0	0	0	1	0	0	0	0	1	1	1	0	1	1	1	0	151.0	0.11	0.313	NaN	NaN	0.262	0.696	NaN	NaN	7.86	24.36	NaN	NaN	0.0	"2.5"	"F0034"	1	1	"PR"	178.682	"deionize"	55.615	1	1	0	919.03	0.0	1022.243	null	1201.546	0.09
12.6	0.036025	32250.0	2971.875	2568.75	NaN	NaN	NaN	0	1	1	0	0	0	0	0	0	0	0	0	1	0	0	0	0	1	1	1	0	1	1	1	0	151.0	0.112	0.315	NaN	NaN	0.267	0.7	NaN	NaN	8.01	24.5	NaN	NaN	0.0	"2.5"	"F0034"	1	1	"PR"	188.718	"deionize"	65.651	1	1	0	919.03	0.0	1022.243	null	1211.582	0.084
13.4	0.03575	32250.0	2943.75	2606.25	NaN	NaN	NaN	0	1	1	0	0	0	0	0	0	0	0	0	1	0	0	0	0	1	1	1	0	1	1	1	0	161.0	0.109	0.319	NaN	NaN	0.26	0.709	NaN	NaN	7.8	24.815	NaN	NaN	0.0	"2.5"	"F0034"	1	1	"PR"	198.559	"deionize"	75.492	1	1	0	919.03	0.0	1022.243	null	1221.423	0.092
13.2	0.034925	33750.0	2953.125	2559.375	NaN	NaN	NaN	0	1	1	0	0	0	0	0	0	0	0	0	1	0	0	0	0	1	1	1	0	1	1	1	0	158.0	0.11	0.314	NaN	NaN	0.262	0.698	NaN	NaN	7.86	24.43	NaN	NaN	0.0	"2.5"	"F0034"	1	1	"PR"	208.593	"deionize"	85.526	1	1	0	919.03	0.0	1022.243	null	1231.457	0.091
12.7	0.033275	35062.5	2943.75	2550.0	NaN	NaN	NaN	0	1	1	0	0	0	0	0	0	0	0	0	1	0	0	0	0	1	1	1	0	1	1	1	0	152.0	0.109	0.313	NaN	NaN	0.26	0.696	NaN	NaN	7.8	24.36	NaN	NaN	0.0	"2.5"	"F0034"	1	1	"PR"	218.631	"deionize"	95.564	1	1	0	919.03	0.0	1022.243	null	1241.495	0.091
13.1	0.033825	33937.5	2934.375	2531.25	NaN	NaN	NaN	0	1	1	0	0	0	0	0	0	0	0	0	1	0	0	0	0	1	1	1	0	1	1	1	0	157.0	0.108	0.311	NaN	NaN	0.257	0.691	NaN	NaN	7.71	24.185	NaN	NaN	0.0	"2.5"	"F0034"	1	1	"PR"	228.672	"deionize"	105.605	1	1	0	919.03	0.0	1022.243	null	1251.536	0.091
12.7	0.033825	34875.0	2971.875	2596.875	NaN	NaN	NaN	0	1	1	0	0	0	0	0	0	0	0	0	1	0	0	0	0	1	1	1	0	1	1	1	0	152.0	0.112	0.318	NaN	NaN	0.267	0.707	NaN	NaN	8.01	24.745	NaN	NaN	0.0	"2.5"	"F0034"	1	1	"PR"	238.707	"deionize"	115.64	1	1	0	919.03	0.0	1022.243	null	1261.571	0.087
11.6	0.032725	34687.5	2953.125	2587.5	NaN	NaN	NaN	0	1	1	0	0	0	0	0	0	0	0	0	1	0	0	0	0	1	1	1	0	1	1	1	0	139.0	0.11	0.317	NaN	NaN	0.262	0.704	NaN	NaN	7.86	24.64	NaN	NaN	0.0	"2.5"	"F0034"	1	1	"PR"	248.746	"deionize"	125.679	1	1	0	919.03	0.0	1022.243	null	1271.61	0.088
12.6	0.03245	33187.5	2971.875	2643.75	NaN	NaN	NaN	0	1	1	0	0	0	0	0	0	0	0	0	1	0	0	0	0	1	1	1	0	1	1	1	0	151.0	0.112	0.322	NaN	NaN	0.267	0.716	NaN	NaN	8.01	25.06	NaN	NaN	0.0	"2.5"	"F0034"	1	1	"PR"	258.779	"deionize"	135.712	1	1	0	919.03	0.0	1022.243	null	1281.643	0.087
12.4	0.03245	33000.0	2953.125	2493.75	NaN	NaN	NaN	0	1	1	0	0	0	0	0	0	0	0	0	1	0	0	0	0	1	1	1	0	1	1	1	0	149.0	0.11	0.307	NaN	NaN	0.262	0.682	NaN	NaN	7.86	23.87	NaN	NaN	0.0	"2.5"	"F0034"	1	1	"PR"	268.815	"deionize"	145.748	1	1	0	919.03	0.0	1022.243	null	1291.679	0.091
12.3	0.031625	33937.5	2971.875	2596.875	NaN	NaN	NaN	0	1	1	0	0	0	0	0	0	0	0	0	1	0	0	0	0	1	1	1	0	1	1	1	0	148.0	0.112	0.318	NaN	NaN	0.267	0.707	NaN	NaN	8.01	24.745	NaN	NaN	0.0	"2.5"	"F0034"	1	1	"PR"	278.654	"deionize"	155.587	1	1	0	919.03	0.0	1022.243	null	1301.518	0.089
12.6	0.031075	35062.5	2962.5	2587.5	NaN	NaN	NaN	0	1	1	0	0	0	0	0	0	0	0	0	1	0	0	0	0	1	1	1	0	1	1	1	0	151.0	0.111	0.317	NaN	NaN	0.264	0.704	NaN	NaN	7.92	24.64	NaN	NaN	0.0	"2.5"	"F0034"	1	1	"PR"	288.69	"deionize"	165.623	1	1	0	919.03	0.0	1022.243	null	1311.554	0.087
11.6	0.03025	31687.5	2943.75	2531.25	NaN	NaN	NaN	0	1	1	0	0	0	0	0	0	0	0	0	1	0	0	0	0	1	1	1	0	1	1	1	0	139.0	0.109	0.311	NaN	NaN	0.26	0.691	NaN	NaN	7.8	24.185	NaN	NaN	0.0	"2.5"	"F0034"	1	1	"PR"	298.724	"deionize"	175.657	1	1	0	919.03	0.0	1022.243	null	1321.588	0.091
12.3	0.030525	34125.0	2953.125	2503.125	NaN	NaN	NaN	0	1	1	0	0	0	0	0	0	0	0	0	1	0	0	0	0	1	1	1	0	1	1	1	0	148.0	0.11	0.308	NaN	NaN	0.262	0.684	NaN	NaN	7.86	23.94	NaN	NaN	0.0	"2.5"	"F0034"	1	1	"PR"	308.767	"deionize"	185.7	1	1	0	919.03	0.0	1022.243	null	1331.631	0.09
12.5	0.03025	30937.5	2953.125	2531.25	NaN	NaN	NaN	0	1	1	0	0	0	0	0	0	0	0	0	1	0	0	0	0	1	1	1	0	1	1	1	0	150.0	0.11	0.311	NaN	NaN	0.262	0.691	NaN	NaN	7.86	24.185	NaN	NaN	0.0	"2.5"	"F0034"	1	1	"PR"	318.803	"deionize"	195.736	1	1	0	919.03	0.0	1022.243	null	1341.667	0.091
12.0	0.029425	32062.5	2934.375	2503.125	NaN	NaN	NaN	0	1	1	0	0	0	0	0	0	0	0	0	1	0	0	0	0	1	1	1	0	1	1	1	0	144.0	0.108	0.308	NaN	NaN	0.257	0.684	NaN	NaN	7.71	23.94	NaN	NaN	0.0	"2.5"	"F0034"	1	1	"PR"	328.844	"deionize"	205.777	1	1	0	919.03	0.0	1022.243	null	1351.708	0.091
12.2	0.028875	32250.0	2953.125	2512.5	NaN	NaN	NaN	0	1	1	0	0	0	0	0	0	0	0	0	1	0	0	0	0	1	1	1	0	1	1	1	0	146.0	0.11	0.309	NaN	NaN	0.262	0.687	NaN	NaN	7.86	24.045	NaN	NaN	0.0	"2.5"	"F0034"	1	1	"PR"	338.883	"deionize"	215.816	1	1	0	919.03	0.0	1022.243	null	1361.747	0.087
10.8	0.028325	32250.0	2981.25	2512.5	NaN	NaN	NaN	0	1	1	0	0	0	0	0	0	0	0	0	1	0	0	0	0	1	1	1	0	1	1	1	0	130.0	0.113	0.309	NaN	NaN	0.269	0.687	NaN	NaN	8.07	24.045	NaN	NaN	0.0	"2.5"	"F0034"	1	1	"PR"	348.718	"deionize"	225.651	1	1	0	919.03	0.0	1022.243	null	1371.582	0.087
12.0	0.02805	31312.5	2990.625	2521.875	NaN	NaN	NaN	0	1	1	0	0	0	0	0	0	0	0	0	1	0	0	0	0	1	1	1	0	1	1	1	0	144.0	0.114	0.31	NaN	NaN	0.271	0.689	NaN	NaN	8.13	24.115	NaN	NaN	0.0	"2.5"	"F0034"	1	1	"PR"	358.762	"deionize"	235.695	1	1	0	919.03	0.0	1022.243	null	1381.626	0.089
12.1	0.02805	32250.0	2953.125	2568.75	NaN	NaN	NaN	0	1	1	0	0	0	0	0	0	0	0	0	1	0	0	0	1	1	1	1	0	1	1	1	0	145.0	0.11	0.315	NaN	NaN	0.262	0.7	NaN	NaN	7.86	24.5	NaN	NaN	0.0	"2.5"	"F0034"	1	1	"PR"	368.901	"deionize-uv"	5.723	1	1	0	919.03	0.0	1022.243	null	1391.765	0.09
11.8	0.0275	33562.5	2953.125	2550.0	NaN	NaN	NaN	0	1	1	0	0	0	0	0	0	0	0	0	1	0	0	0	1	1	1	1	0	1	1	1	0	142.0	0.11	0.313	NaN	NaN	0.262	0.696	NaN	NaN	7.86	24.36	NaN	NaN	0.0	"2.5"	"F0034"	1	1	"PR"	378.935	"deionize-uv"	15.757	1	1	0	919.03	0.0	1022.243	null	1401.799	0.09
11.2	0.0275	31875.0	2981.25	2531.25	NaN	NaN	NaN	0	1	1	0	0	0	0	0	0	0	0	0	1	0	0	0	1	1	1	1	0	1	1	1	0	134.0	0.113	0.311	NaN	NaN	0.269	0.691	NaN	NaN	8.07	24.185	NaN	NaN	0.0	"2.5"	"F0034"	1	1	"PR"	388.779	"deionize-uv"	25.601	1	1	0	919.03	0.0	1022.243	null	1411.643	0.084
11.3	0.02695	34687.5	2971.875	2540.625	NaN	NaN	NaN	0	1	1	0	0	0	0	0	0	0	0	0	1	0	0	0	1	1	1	1	0	1	1	1	0	136.0	0.112	0.312	NaN	NaN	0.267	0.693	NaN	NaN	8.01	24.255	NaN	NaN	0.0	"2.5"	"F0034"	1	1	"PR"	398.813	"deionize-uv"	35.635	1	1	0	919.03	0.0	1022.243	null	1421.677	0.086
11.6	0.026125	33750.0	2962.5	2521.875	NaN	NaN	NaN	0	1	1	0	0	0	0	0	0	0	0	0	1	0	0	0	1	1	1	1	0	1	1	1	0	139.0	0.111	0.31	NaN	NaN	0.264	0.689	NaN	NaN	7.92	24.115	NaN	NaN	0.0	"2.5"	"F0034"	1	1	"PR"	408.853	"deionize-uv"	45.675	1	1	0	919.03	0.0	1022.243	null	1431.717	0.088
10.9	0.02585	33562.5	2962.5	2587.5	NaN	NaN	NaN	0	1	1	0	0	0	0	0	0	0	0	0	1	0	0	0	1	1	1	1	0	1	1	1	0	131.0	0.111	0.317	NaN	NaN	0.264	0.704	NaN	NaN	7.92	24.64	NaN	NaN	0.0	"2.5"	"F0034"	1	1	"PR"	418.889	"deionize-uv"	55.711	1	1	0	919.03	0.0	1022.243	null	1441.753	0.086
10.8	0.025575	33000.0	2962.5	2512.5	NaN	NaN	NaN	0	1	1	0	0	0	0	0	0	0	0	0	1	0	0	0	1	1	1	1	0	1	1	1	0	130.0	0.111	0.309	NaN	NaN	0.264	0.687	NaN	NaN	7.92	24.045	NaN	NaN	0.0	"2.5"	"F0034"	1	1	"PR"	428.92	"deionize-uv"	65.742	1	1	0	919.03	0.0	1022.243	null	1451.784	0.087
11.1	0.025575	34875.0	2962.5	2568.75	NaN	NaN	NaN	0	1	1	0	0	0	0	0	0	0	0	0	1	0	0	0	1	1	1	1	0	1	1	1	0	133.0	0.111	0.315	NaN	NaN	0.264	0.7	NaN	NaN	7.92	24.5	NaN	NaN	0.0	"2.5"	"F0034"	1	1	"PR"	438.955	"deionize-uv"	75.777	1	1	0	919.03	0.0	1022.243	null	1461.819	0.089
10.5	0.02475	33375.0	2981.25	2550.0	NaN	NaN	NaN	0	1	1	0	0	0	0	0	0	0	0	0	1	0	0	0	1	1	1	1	0	1	1	1	0	126.0	0.113	0.313	NaN	NaN	0.269	0.696	NaN	NaN	8.07	24.36	NaN	NaN	0.0	"2.5"	"F0034"	1	1	"PR"	448.992	"deionize-uv"	85.814	1	1	0	919.03	0.0	1022.243	null	1471.856	0.086
10.4	0.025025	34500.0	2953.125	2578.125	NaN	NaN	NaN	0	1	1	0	0	0	0	0	0	0	0	0	1	0	0	0	1	1	1	1	0	1	1	1	0	125.0	0.11	0.316	NaN	NaN	0.262	0.702	NaN	NaN	7.86	24.57	NaN	NaN	0.0	"2.5"	"F0034"	1	1	"PR"	459.03	"deionize-uv"	95.852	1	1	0	919.03	0.0	1022.243	null	1481.894	0.087
10.3	0.0253	32250.0	2925.0	2512.5	NaN	NaN	NaN	0	1	1	0	0	0	0	0	0	0	0	0	1	0	0	0	1	1	1	1	0	1	1	1	0	124.0	0.107	0.309	NaN	NaN	0.255	0.687	NaN	NaN	7.65	24.045	NaN	NaN	0.0	"2.5"	"F0034"	1	1	"PR"	468.866	"deionize-uv"	105.688	1	1	0	919.03	0.0	1022.243	null	1491.73	0.085
10.1	0.02475	31875.0	2971.875	2465.625	NaN	NaN	NaN	0	1	1	0	0	0	0	0	0	0	0	0	1	0	0	0	1	1	1	1	0	1	1	1	0	121.0	0.112	0.305	NaN	NaN	0.267	0.678	NaN	NaN	8.01	23.73	NaN	NaN	0.0	"2.5"	"F0034"	1	1	"PR"	478.9	"deionize-uv"	115.722	1	1	0	919.03	0.0	1022.243	null	1501.764	0.084
9.8	0.023925	32437.5	2962.5	2071.875	NaN	NaN	NaN	0	0	1	0	0	0	0	1	0	0	0	0	1	0	0	0	1	1	1	1	0	1	1	1	0	118.0	0.111	0.265	NaN	NaN	0.264	0.589	NaN	NaN	7.92	20.615	NaN	NaN	0.0	"2.5"	"F0034"	1	1	"PR"	488.977	"drip-di-1"	4.726	1	1	0	919.03	0.0	1022.243	null	1511.841	0.085
10.1	0.0242	32437.5	2971.875	1809.375	NaN	NaN	NaN	0	0	1	0	0	0	0	1	0	0	0	0	1	0	0	0	1	1	1	1	0	1	1	1	0	121.0	0.112	0.239	NaN	NaN	0.267	0.531	NaN	NaN	8.01	18.585	NaN	NaN	0.0	"2.5"	"F0034"	1	1	"PR"	499.019	"drip-di-1"	14.768	1	1	0	919.03	0.0	1022.243	null	1521.883	0.087
-11.9	0.0242	29812.5	2812.5	2090.625	NaN	NaN	NaN	1	0	0	0	0	1	1	0	0	0	0	0	1	1	0	0	0	1	1	0	1	1	1	0	1	-143.0	0.096	0.267	NaN	NaN	0.229	0.593	NaN	NaN	6.87	20.755	NaN	NaN	0.0	"2.5"	"F0034"	1	0	"PR"	509.015	"reverse-f"	9.594	1	1	0	919.03	0.0	1022.243	null	1531.879	0.084
-11.7	0.026675	29250.0	2831.25	2259.375	NaN	NaN	NaN	0	0	0	0	0	1	1	0	0	0	0	0	1	0	0	0	0	1	1	0	1	1	1	0	1	-140.0	0.098	0.284	NaN	NaN	0.233	0.631	NaN	NaN	6.99	22.085	NaN	NaN	0.0	"2.5"	"F0034"	1	0	"PR"	518.963	"reverse"	19.542	1	1	0	919.03	0.0	1022.243	null	1541.827	0.086
-12.1	0.0286	30187.5	2821.875	2250.0	NaN	NaN	NaN	0	0	0	0	0	1	1	0	0	0	0	0	1	0	0	0	0	1	1	0	1	1	1	0	1	-145.0	0.097	0.283	NaN	NaN	0.231	0.629	NaN	NaN	6.93	22.015	NaN	NaN	0.0	"2.5"	"F0034"	1	0	"PR"	528.995	"reverse"	29.574	1	1	0	919.03	0.0	1022.243	null	1551.859	0.084
-11.6	0.031625	27562.5	2784.375	2278.125	NaN	NaN	NaN	0	0	0	0	0	1	1	0	0	0	0	0	1	0	0	0	0	1	1	0	1	1	1	0	1	-139.0	0.093	0.286	NaN	NaN	0.221	0.636	NaN	NaN	6.63	22.26	NaN	NaN	0.0	"2.5"	"F0034"	1	0	"PR"	539.026	"reverse"	39.605	1	1	0	919.03	0.0	1022.243	null	1561.89	0.084
-11.9	0.033825	27187.5	2784.375	2278.125	NaN	NaN	NaN	0	0	0	0	0	1	1	0	0	0	0	0	1	0	0	0	0	1	1	0	1	1	1	0	1	-143.0	0.093	0.286	NaN	NaN	0.221	0.636	NaN	NaN	6.63	22.26	NaN	NaN	0.0	"2.5"	"F0034"	1	0	"PR"	549.065	"reverse"	49.644	1	1	0	919.03	0.0	1022.243	null	1571.929	0.085
-11.9	0.0363	29437.5	2803.125	2250.0	NaN	NaN	NaN	0	0	0	0	0	1	1	0	0	0	0	0	1	0	0	0	0	1	1	0	1	1	1	0	1	-143.0	0.095	0.283	NaN	NaN	0.226	0.629	NaN	NaN	6.78	22.015	NaN	NaN	0.0	"2.5"	"F0034"	1	0	"PR"	559.099	"reverse"	59.678	1	1	0	919.03	0.0	1022.243	null	1581.963	0.086
-11.3	0.03795	30375.0	2821.875	2240.625	NaN	NaN	NaN	0	0	0	0	0	1	1	0	0	0	0	0	1	0	0	0	0	1	1	0	1	1	1	0	1	-136.0	0.097	0.282	NaN	NaN	0.231	0.627	NaN	NaN	6.93	21.945	NaN	NaN	0.0	"2.5"	"F0034"	1	0	"PR"	569.131	"reverse"	69.71	1	1	0	919.03	0.0	1022.243	null	1591.995	0.084
-13.3	0.039325	30000.0	2831.25	2278.125	NaN	NaN	NaN	0	0	0	0	0	1	1	0	0	0	0	0	1	0	0	0	0	1	1	0	1	1	1	0	1	-160.0	0.098	0.286	NaN	NaN	0.233	0.636	NaN	NaN	6.99	22.26	NaN	NaN	0.0	"2.5"	"F0034"	1	0	"PR"	579.168	"reverse"	79.747	1	1	0	919.03	0.0	1022.243	null	1602.032	0.088
-10.6	0.041525	29812.5	2831.25	2278.125	NaN	NaN	NaN	0	0	0	0	0	1	1	0	0	0	0	0	1	0	0	0	0	1	1	0	1	1	1	0	1	-127.0	0.098	0.286	NaN	NaN	0.233	0.636	NaN	NaN	6.99	22.26	NaN	NaN	0.0	"2.5"	"F0034"	1	0	"PR"	589.0	"reverse"	89.579	1	1	0	919.03	0.0	1022.243	null	1611.864	0.084
-12.4	0.04235	29625.0	2831.25	2268.75	NaN	NaN	NaN	0	0	0	0	0	1	1	0	0	0	0	0	1	0	0	0	0	1	1	0	1	1	1	0	1	-149.0	0.098	0.285	NaN	NaN	0.233	0.633	NaN	NaN	6.99	22.155	NaN	NaN	0.0	"2.5"	"F0034"	1	0	"PR"	599.04	"reverse"	99.619	1	1	0	919.03	0.0	1022.243	null	1621.904	0.083
-12.0	0.044	30000.0	2793.75	2278.125	NaN	NaN	NaN	0	0	0	0	0	1	1	0	0	0	0	0	1	0	0	0	0	1	1	0	1	1	1	0	1	-144.0	0.094	0.286	NaN	NaN	0.224	0.636	NaN	NaN	6.72	22.26	NaN	NaN	0.0	"2.5"	"F0034"	1	0	"PR"	609.075	"reverse"	109.654	1	1	0	919.03	0.0	1022.243	null	1631.939	0.084
-11.8	0.04455	30375.0	2793.75	2268.75	NaN	NaN	NaN	0	0	0	0	0	1	1	0	0	0	0	0	1	0	0	0	0	1	1	0	1	1	1	0	1	-142.0	0.094	0.285	NaN	NaN	0.224	0.633	NaN	NaN	6.72	22.155	NaN	NaN	0.0	"2.5"	"F0034"	1	0	"PR"	619.109	"reverse"	119.688	1	1	0	919.03	0.0	1022.243	null	1641.973	0.084
-11.7	0.04455	30000.0	2793.75	2240.625	NaN	NaN	NaN	0	0	0	0	0	1	1	0	0	0	0	0	1	0	0	0	0	1	1	0	1	1	1	0	1	-140.0	0.094	0.282	NaN	NaN	0.224	0.627	NaN	NaN	6.72	21.945	NaN	NaN	0.0	"2.5"	"F0034"	1	0	"PR"	629.147	"reverse"	129.726	1	1	0	919.03	0.0	1022.243	null	1652.011	0.089
-11.6	0.0451	30375.0	2784.375	2268.75	NaN	NaN	NaN	0	0	0	0	0	1	1	0	0	0	0	0	1	0	0	0	0	1	1	0	1	1	1	0	1	-139.0	0.093	0.285	NaN	NaN	0.221	0.633	NaN	NaN	6.63	22.155	NaN	NaN	0.0	"2.5"	"F0034"	1	0	"PR"	639.187	"reverse"	139.766	1	1	0	919.03	0.0	1022.243	null	1662.051	0.086
-12.3	0.045375	30562.5	2821.875	2268.75	NaN	NaN	NaN	0	0	0	0	0	1	1	0	0	0	0	0	1	0	0	0	0	1	1	0	1	1	1	0	1	-148.0	0.097	0.285	NaN	NaN	0.231	0.633	NaN	NaN	6.93	22.155	NaN	NaN	0.0	"2.5"	"F0034"	1	0	"PR"	649.216	"reverse"	149.795	1	1	0	919.03	0.0	1022.243	null	1672.08	0.084
-0.8	0.0462	375.0	2981.25	2278.125	NaN	NaN	NaN	0	0	0	0	0	0	0	0	0	0	0	0	0	0	0	0	0	0	0	0	1	0	0	0	1	-10.0	0.113	0.286	NaN	NaN	0.269	0.636	NaN	NaN	8.07	22.26	NaN	NaN	0.0	"2.5"	"F0034"	0	0	"PR"	659.142	"diffuse"	9.523	1	1	1	919.03	0.0	1022.243	null	1682.006	0.083
-0.9	0.045925	750.0	2981.25	2278.125	NaN	NaN	NaN	0	0	0	0	0	0	0	0	0	0	0	0	0	0	0	0	0	0	0	0	1	0	0	0	1	-11.0	0.113	0.286	NaN	NaN	0.269	0.636	NaN	NaN	8.07	22.26	NaN	NaN	0.0	"2.5"	"F0034"	0	0	"PR"	669.18	"diffuse"	19.561	1	1	1	919.03	0.0	1022.243	null	1692.044	0.084
-1.2	0.045925	1312.5	2981.25	2278.125	NaN	NaN	NaN	0	0	0	0	0	0	0	0	0	0	0	0	0	0	0	0	0	0	0	0	1	0	0	0	1	-14.0	0.113	0.286	NaN	NaN	0.269	0.636	NaN	NaN	8.07	22.26	NaN	NaN	0.0	"2.5"	"F0034"	0	0	"PR"	679.214	"diffuse"	29.595	1	1	1	919.03	0.0	1022.243	null	1702.078	0.086
-11.9	0.0462	29625.0	2812.5	2278.125	NaN	NaN	NaN	0	0	0	0	0	1	1	0	0	0	0	0	1	0	0	0	0	1	1	0	1	1	1	0	1	-143.0	0.096	0.286	NaN	NaN	0.229	0.636	NaN	NaN	6.87	22.26	NaN	NaN	0.0	"2.5"	"F0034"	1	0	"PR"	689.133	"wash-en"	9.317	1	1	1	919.03	0.0	1022.243	null	1711.997	0.089
-11.7	0.04675	29437.5	2812.5	2250.0	NaN	NaN	NaN	0	0	0	0	0	1	1	0	0	0	0	0	1	0	0	0	0	1	1	0	1	1	1	0	1	-140.0	0.096	0.283	NaN	NaN	0.229	0.629	NaN	NaN	6.87	22.015	NaN	NaN	0.0	"2.5"	"F0034"	1	0	"PR"	699.174	"wash-en"	19.358	1	1	1	919.03	0.0	1022.243	null	1722.038	0.087
-0.3	0.04675	30375.0	2821.875	2278.125	NaN	NaN	NaN	0	0	0	0	0	1	1	0	0	0	0	0	1	0	0	0	0	0	0	0	1	0	0	0	1	-4.0	0.097	0.286	NaN	NaN	0.231	0.636	NaN	NaN	6.93	22.26	NaN	NaN	0.0	"2.5"	"F0034"	0	0	"PR"	709.305	"wash-sc"	9.328	1	1	1	919.03	0.0	1022.243	null	1732.169	0.084
-1.3	0.0473	1125.0	2981.25	2278.125	NaN	NaN	NaN	0	0	0	0	0	0	0	0	0	0	0	0	0	0	0	0	0	0	0	0	1	0	0	0	1	-16.0	0.113	0.286	NaN	NaN	0.269	0.636	NaN	NaN	8.07	22.26	NaN	NaN	0.0	"2.5"	"F0034"	0	0	"PR"	719.141	"diffuse"	9.033	1	1	2	919.03	0.0	1022.243	null	1742.005	0.091
-0.5	0.047575	1125.0	2981.25	2278.125	NaN	NaN	NaN	0	0	0	0	0	0	0	0	0	0	0	0	0	0	0	0	0	0	0	0	1	0	0	0	1	-6.0	0.113	0.286	NaN	NaN	0.269	0.636	NaN	NaN	8.07	22.26	NaN	NaN	0.0	"2.5"	"F0034"	0	0	"PR"	729.175	"diffuse"	19.067	1	1	2	919.03	0.0	1022.243	null	1752.039	0.09
0.0	0.047575	1875.0	2981.25	2306.25	NaN	NaN	NaN	0	0	0	0	0	0	0	0	0	0	0	0	0	0	0	0	0	0	0	0	1	0	0	0	1	0.0	0.113	0.289	NaN	NaN	0.269	0.642	NaN	NaN	8.07	22.47	NaN	NaN	0.0	"2.5"	"F0034"	0	0	"PR"	739.205	"diffuse"	29.097	1	1	2	919.03	0.0	1022.243	null	1762.069	0.087
-11.9	0.0473	30000.0	2821.875	2259.375	NaN	NaN	NaN	0	0	0	0	0	1	1	0	0	0	0	0	1	0	0	0	0	1	1	0	1	1	1	0	1	-143.0	0.097	0.284	NaN	NaN	0.231	0.631	NaN	NaN	6.93	22.085	NaN	NaN	0.0	"2.5"	"F0034"	1	0	"PR"	749.333	"wash-en"	9.125	1	1	2	919.03	0.0	1022.243	null	1772.197	0.084
-11.9	0.04675	29812.5	2831.25	2268.75	NaN	NaN	NaN	0	0	0	0	0	1	1	0	0	0	0	0	1	0	0	0	0	1	1	0	1	1	1	0	1	-143.0	0.098	0.285	NaN	NaN	0.233	0.633	NaN	NaN	6.99	22.155	NaN	NaN	0.0	"2.5"	"F0034"	1	0	"PR"	759.371	"wash-en"	19.163	1	1	2	919.03	0.0	1022.243	null	1782.235	0.085
0.0	0.0473	30562.5	2812.5	2268.75	NaN	NaN	NaN	0	0	0	0	0	1	1	0	0	0	0	0	1	0	0	0	0	0	0	0	1	0	0	0	1	0.0	0.096	0.285	NaN	NaN	0.229	0.633	NaN	NaN	6.87	22.155	NaN	NaN	0.0	"2.5"	"F0034"	0	0	"PR"	769.295	"wash-sc"	8.921	1	1	2	919.03	0.0	1022.243	null	1792.159	0.091
