cur	ec	mod-ps	rg-ps	di-ps	fw1-ps	fw2-ps	pf-ps	vlv-di-fill	vlv-di-in	vlv-di-out	vlv-rg-fill	vlv-rg-drain	vlv-rg-in	vlv-rg-out	vlv-fw1-in	vlv-fw1-out	vlv-fw2-in	vlv-po	vlv-mod-drain	pmp-sys	pmp-di	pmp-fw1	pmp-fw2	uv	en-anode1	en-cath1	pl-anode1	pl-cath1	en-anode2	en-cath2	pl-anode2	pl-cath2	pw	rg-he	di-he	fw1-he	fw2-he	rg-lev	di-lev	fw1-lev	fw2-lev	rg-vol	di-vol	fw1-vol	fw2-vol	pr-ec	ver	sn	mod-en	mod-pl	proc	proc-time	ph	ph-time	count	cyc	rnd	pr-last	rc-last	fr-last	halt-re	time	exec
2.9	0.050875	23062.5	2006.25	2090.625	NaN	NaN	NaN	0	0	1	0	0	1	0	0	0	0	0	0	1	0	0	0	0	0	0	0	1	0	0	0	1	35.0	0.016	0.267	NaN	NaN	0.038	0.593	NaN	NaN	1.14	20.755	NaN	NaN	0.0	"2.5"	"F0034"	0	0	"PR"	8.241	"fill-rg-di"	8.041	0	0	0	0.0	0.0	0.0	null	10.035	0.084
3.2	0.050875	23062.5	2006.25	2100.0	NaN	NaN	NaN	0	0	1	0	0	1	0	0	0	0	0	0	1	0	0	0	0	0	0	0	1	0	0	0	1	38.0	0.016	0.268	NaN	NaN	0.038	0.596	NaN	NaN	1.14	20.86	NaN	NaN	0.0	"2.5"	"F0034"	0	0	"PR"	8.441	"fill-rg-di"	8.241	0	0	0	0.0	0.0	0.0	null	10.235	0.09
2.9	0.051425	23625.0	2353.125	1837.5	NaN	NaN	NaN	0	0	1	0	0	1	0	0	0	0	0	0	1	0	0	0	0	0	0	0	1	0	0	0	1	35.0	0.05	0.242	NaN	NaN	0.119	0.538	NaN	NaN	3.57	18.83	NaN	NaN	0.0	"2.5"	"F0034"	0	0	"PR"	18.273	"fill-rg-di"	18.073	0	0	0	0.0	0.0	0.0	null	20.067	0.084
3.0	0.050875	25312.5	2662.5	1593.75	NaN	NaN	NaN	0	0	1	0	0	1	0	0	0	0	0	0	1	0	0	0	0	0	0	0	1	0	0	0	1	36.0	0.081	0.217	NaN	NaN	0.193	0.482	NaN	NaN	5.79	16.87	NaN	NaN	0.0	"2.5"	"F0034"	0	0	"PR"	28.315	"fill-rg-di"	28.115	0	0	0	0.0	0.0	0.0	null	30.109	0.085
2.9	0.049775	22500.0	2971.875	1331.25	NaN	NaN	NaN	1	0	0	0	0	0	0	0	0	0	0	0	0	1	0	0	0	0	0	0	1	0	0	0	1	35.0	0.112	0.191	NaN	NaN	0.267	0.424	NaN	NaN	8.01	14.84	NaN	NaN	0.0	"2.5"	"F0034"	0	0	"PR"	38.35	"fill-di"	0.202	0	0	0	0.0	0.0	0.0	null	40.144	0.09
3.2	0.050325	2250.0	2943.75	1631.25	NaN	NaN	NaN	1	0	0	0	0	0	0	0	0	0	0	0	0	1	0	0	0	0	0	0	1	0	0	0	1	38.0	0.109	0.221	NaN	NaN	0.26	0.491	NaN	NaN	7.8	17.185	NaN	NaN	0.0	"2.5"	"F0034"	0	0	"PR"	48.389	"fill-di"	10.241	0	0	0	0.0	0.0	0.0	null	50.183	0.085
4.0	0.0506	2812.5	2971.875	1921.875	NaN	NaN	NaN	1	0	0	0	0	0	0	0	0	0	0	0	0	1	0	0	0	0	0	0	1	0	0	0	1	48.0	0.112	0.25	NaN	NaN	0.267	0.556	NaN	NaN	8.01	19.46	NaN	NaN	0.0	"2.5"	"F0034"	0	0	"PR"	58.426	"fill-di"	20.278	0	0	0	0.0	0.0	0.0	null	60.22	0.084
3.2	0.050325	2812.5	2962.5	2212.5	NaN	NaN	NaN	1	0	0	0	0	0	0	0	0	0	0	0	0	1	0	0	0	0	0	0	1	0	0	0	1	38.0	0.111	0.279	NaN	NaN	0.264	0.62	NaN	NaN	7.92	21.7	NaN	NaN	0.0	"2.5"	"F0034"	0	0	"PR"	68.46	"fill-di"	30.312	0	0	0	0.0	0.0	0.0	null	70.254	0.084
1.7	0.05005	24187.5	2746.875	2240.625	NaN	NaN	NaN	0	0	0	0	0	1	1	0	0	0	0	0	1	0	0	0	0	0	0	0	1	0	0	0	1	20.0	0.09	0.282	NaN	NaN	0.214	0.627	NaN	NaN	6.42	21.945	NaN	NaN	0.0	"2.5"	"F0034"	0	0	"PR"	78.503	"prime"	9.239	0	0	0	0.0	0.0	0.0	null	80.297	0.084
1.9	0.0506	25125.0	2775.0	2268.75	NaN	NaN	NaN	0	0	0	0	0	1	1	0	0	0	0	0	1	0	0	0	0	0	0	0	1	0	0	0	1	23.0	0.093	0.285	NaN	NaN	0.221	0.633	NaN	NaN	6.63	22.155	NaN	NaN	0.0	"2.5"	"F0034"	0	0	"PR"	88.339	"prime"	19.075	0	0	0	0.0	0.0	0.0	null	90.133	0.09
1.8	0.05005	23625.0	2803.125	2278.125	NaN	NaN	NaN	0	0	0	0	0	1	1	0	0	0	0	0	1	0	0	0	0	0	0	0	1	0	0	0	1	22.0	0.095	0.286	NaN	NaN	0.226	0.636	NaN	NaN	6.78	22.26	NaN	NaN	0.0	"2.5"	"F0034"	0	0	"PR"	98.373	"prime"	29.109	0	0	0	0.0	0.0	0.0	null	100.167	0.091
-11.7	0.049225	30000.0	2962.5	2615.625	NaN	NaN	NaN	0	1	1	0	0	0	0	0	0	0	0	0	1	0	0	0	0	1	1	0	1	1	1	0	1	-140.0	0.111	0.32	NaN	NaN	0.264	0.711	NaN	NaN	7.92	24.885	NaN	NaN	0.0	"2.5"	"F0034"	1	0	"PR"	108.419	"deionize"	8.64	0	1	0	0.0	0.0	0.0	null	110.213	0.087
-12.0	0.0484	30000.0	2962.5	2465.625	NaN	NaN	NaN	0	1	1	0	0	0	0	0	0	0	0	0	1	0	0	0	0	1	1	0	1	1	1	0	1	-144.0	0.111	0.305	NaN	NaN	0.264	0.678	NaN	NaN	7.92	23.73	NaN	NaN	0.0	"2.5"	"F0034"	1	0	"PR"	118.455	"deionize"	18.676	0	1	0	0.0	0.0	0.0	null	120.249	0.087
-12.0	0.0462	30000.0	2962.5	2587.5	NaN	NaN	NaN	0	1	1	0	0	0	0	0	0	0	0	0	1	0	0	0	0	1	1	0	1	1	1	0	1	-144.0	0.111	0.317	NaN	NaN	0.264	0.704	NaN	NaN	7.92	24.64	NaN	NaN	0.0	"2.5"	"F0034"	1	0	"PR"	128.496	"deionize"	28.717	0	1	0	0.0	0.0	0.0	null	130.29	0.086
-11.9	0.0451	29437.5	2962.5	2503.125	NaN	NaN	NaN	0	1	1	0	0	0	0	0	0	0	0	0	1	0	0	0	0	1	1	0	1	1	1	0	1	-143.0	0.111	0.308	NaN	NaN	0.264	0.684	NaN	NaN	7.92	23.94	NaN	NaN	0.0	"2.5"	"F0034"	1	0	"PR"	138.533	"deionize"	38.754	0	1	0	0.0	0.0	0.0	null	140.327	0.084
-11.7	0.043725	29250.0	2962.5	2559.375	NaN	NaN	NaN	0	1	1	0	0	0	0	0	0	0	0	0	1	0	0	0	0	1	1	0	1	1	1	0	1	-140.0	0.111	0.314	NaN	NaN	0.264	0.698	NaN	NaN	7.92	24.43	NaN	NaN	0.0	"2.5"	"F0034"	1	0	"PR"	148.569	"deionize"	48.79	0	1	0	0.0	0.0	0.0	null	150.363	0.084
-12.0	0.042075	29250.0	2934.375	2484.375	NaN	NaN	NaN	0	1	1	0	0	0	0	0	0	0	0	0	1	0	0	0	0	1	1	0	1	1	1	0	1	-144.0	0.108	0.306	NaN	NaN	0.257	0.68	NaN	NaN	7.71	23.8	NaN	NaN	0.0	"2.5"	"F0034"	1	0	"PR"	158.408	"deionize"	58.629	0	1	0	0.0	0.0	0.0	null	160.202	0.091
-11.6	0.0407	29250.0	2962.5	2512.5	NaN	NaN	NaN	0	1	1	0	0	0	0	0	0	0	0	0	1	0	0	0	0	1	1	0	1	1	1	0	1	-139.0	0.111	0.309	NaN	NaN	0.264	0.687	NaN	NaN	7.92	24.045	NaN	NaN	0.0	"2.5"	"F0034"	1	0	"PR"	168.448	"deionize"	68.669	0	1	0	0.0	0.0	0.0	null	170.242	0.091
-12.4	0.039325	29812.5	2962.5	2446.875	NaN	NaN	NaN	0	1	1	0	0	0	0	0	0	0	0	0	1	0	0	0	0	1	1	0	1	1	1	0	1	-149.0	0.111	0.303	NaN	NaN	0.264	0.673	NaN	NaN	7.92	23.555	NaN	NaN	0.0	"2.5"	"F0034"	1	0	"PR"	178.485	"deionize"	78.706	0	1	0	0.0	0.0	0.0	null	180.279	0.089
-11.9	0.038225	29250.0	2934.375	2390.625	NaN	NaN	NaN	0	1	1	0	0	0	0	0	0	0	0	0	1	0	0	0	0	1	1	0	1	1	1	0	1	-143.0	0.108	0.297	NaN	NaN	0.257	0.66	NaN	NaN	7.71	23.1	NaN	NaN	0.0	"2.5"	"F0034"	1	0	"PR"	188.522	"deionize"	88.743	0	1	0	0.0	0.0	0.0	null	190.316	0.091
-12.0	0.03685	30187.5	2953.125	2437.5	NaN	NaN	NaN	0	1	1	0	0	0	0	0	0	0	0	0	1	0	0	0	0	1	1	0	1	1	1	0	1	-144.0	0.11	0.302	NaN	NaN	0.262	0.671	NaN	NaN	7.86	23.485	NaN	NaN	0.0	"2.5"	"F0034"	1	0	"PR"	198.558	"deionize"	98.779	0	1	0	0.0	0.0	0.0	null	200.352	0.087
-11.1	0.036025	29812.5	2934.375	2390.625	NaN	NaN	NaN	0	1	1	0	0	0	0	0	0	0	0	0	1	0	0	0	0	1	1	0	1	1	1	0	1	-133.0	0.108	0.297	NaN	NaN	0.257	0.66	NaN	NaN	7.71	23.1	NaN	NaN	0.0	"2.5"	"F0034"	1	0	"PR"	208.597	"deionize"	108.818	0	1	0	0.0	0.0	0.0	null	210.391	0.093
-11.3	0.035475	30000.0	2953.125	2456.25	NaN	NaN	NaN	0	1	1	0	0	0	0	0	0	0	0	0	1	0	0	0	0	1	1	0	1	1	1	0	1	-136.0	0.11	0.304	NaN	NaN	0.262	0.676	NaN	NaN	7.86	23.66	NaN	NaN	0.0	"2.5"	"F0034"	1	0	"PR"	218.634	"deionize"	118.855	0	1	0	0.0	0.0	0.0	null	220.428	0.091
-11.6	0.034375	29250.0	2943.75	2475.0	NaN	NaN	NaN	0	1	1	0	0	0	0	0	0	0	0	0	1	0	0	0	0	1	1	0	1	1	1	0	1	-139.0	0.109	0.305	NaN	NaN	0.26	0.678	NaN	NaN	7.8	23.73	NaN	NaN	0.0	"2.5"	"F0034"	1	0	"PR"	228.672	"deionize"	128.893	0	1	0	0.0	0.0	0.0	null	230.466	0.084
-10.6	0.034375	29250.0	2934.375	2503.125	NaN	NaN	NaN	0	1	1	0	0	0	0	0	0	0	0	0	1	0	0	0	0	1	1	0	1	1	1	0	1	-127.0	0.108	0.308	NaN	NaN	0.257	0.684	NaN	NaN	7.71	23.94	NaN	NaN	0.0	"2.5"	"F0034"	1	0	"PR"	238.511	"deionize"	138.732	0	1	0	0.0	0.0	0.0	null	240.305	0.091
-11.1	0.032725	29625.0	2962.5	2390.625	NaN	NaN	NaN	0	1	1	0	0	0	0	0	0	0	0	0	1	0	0	0	0	1	1	0	1	1	1	0	1	-133.0	0.111	0.297	NaN	NaN	0.264	0.66	NaN	NaN	7.92	23.1	NaN	NaN	0.0	"2.5"	"F0034"	1	0	"PR"	248.546	"deionize"	148.767	0	1	0	0.0	0.0	0.0	null	250.34	0.091
-10.5	0.03245	29812.5	2953.125	2381.25	NaN	NaN	NaN	0	1	1	0	0	0	0	0	0	0	0	0	1	0	0	0	0	1	1	0	1	1	1	0	1	-126.0	0.11	0.296	NaN	NaN	0.262	0.658	NaN	NaN	7.86	23.03	NaN	NaN	0.0	"2.5"	"F0034"	1	0	"PR"	258.584	"deionize"	158.805	0	1	0	0.0	0.0	0.0	null	260.378	0.092
-10.0	0.0319	30000.0	2943.75	2362.5	NaN	NaN	NaN	0	1	1	0	0	0	0	0	0	0	0	0	1	0	0	0	0	1	1	0	1	1	1	0	1	-120.0	0.109	0.294	NaN	NaN	0.26	0.653	NaN	NaN	7.8	22.855	NaN	NaN	0.0	"2.5"	"F0034"	1	0	"PR"	268.621	"deionize"	168.842	0	1	0	0.0	0.0	0.0	null	270.415	0.091
-10.5	0.0319	30000.0	2962.5	2493.75	NaN	NaN	NaN	0	1	1	0	0	0	0	0	0	0	0	0	1	0	0	0	0	1	1	0	1	1	1	0	1	-126.0	0.111	0.307	NaN	NaN	0.264	0.682	NaN	NaN	7.92	23.87	NaN	NaN	0.0	"2.5"	"F0034"	1	0	"PR"	278.657	"deionize"	178.878	0	1	0	0.0	0.0	0.0	null	280.451	0.09
-10.4	0.03135	30187.5	2943.75	2400.0	NaN	NaN	NaN	0	1	1	0	0	0	0	0	0	0	0	0	1	0	0	0	0	1	1	0	1	1	1	0	1	-125.0	0.109	0.298	NaN	NaN	0.26	0.662	NaN	NaN	7.8	23.17	NaN	NaN	0.0	"2.5"	"F0034"	1	0	"PR"	288.698	"deionize"	188.919	0	1	0	0.0	0.0	0.0	null	290.492	0.09
-9.5	0.03135	29062.5	2943.75	2465.625	NaN	NaN	NaN	0	1	1	0	0	0	0	0	0	0	0	0	1	0	0	0	0	1	1	0	1	1	1	0	1	-114.0	0.109	0.305	NaN	NaN	0.26	0.678	NaN	NaN	7.8	23.73	NaN	NaN	0.0	"2.5"	"F0034"	1	0	"PR"	298.736	"deionize"	198.957	0	1	0	0.0	0.0	0.0	null	300.53	0.091
-8.8	0.031075	29250.0	2943.75	2484.375	NaN	NaN	NaN	0	1	1	0	0	0	0	0	0	0	0	0	1	0	0	0	0	1	1	0	1	1	1	0	1	-106.0	0.109	0.306	NaN	NaN	0.26	0.68	NaN	NaN	7.8	23.8	NaN	NaN	0.0	"2.5"	"F0034"	1	0	"PR"	308.575	"deionize"	208.796	0	1	0	0.0	0.0	0.0	null	310.369	0.084
-9.7	0.030525	29625.0	2962.5	2381.25	NaN	NaN	NaN	0	1	1	0	0	0	0	0	0	0	0	0	1	0	0	0	0	1	1	0	1	1	1	0	1	-116.0	0.111	0.296	NaN	NaN	0.264	0.658	NaN	NaN	7.92	23.03	NaN	NaN	0.0	"2.5"	"F0034"	1	0	"PR"	318.614	"deionize"	218.835	0	1	0	0.0	0.0	0.0	null	320.408	0.087
-9.4	0.0297	29062.5	2943.75	2371.875	NaN	NaN	NaN	0	1	1	0	0	0	0	0	0	0	0	0	1	0	0	0	0	1	1	0	1	1	1	0	1	-113.0	0.109	0.295	NaN	NaN	0.26	0.656	NaN	NaN	7.8	22.96	NaN	NaN	0.0	"2.5"	"F0034"	1	0	"PR"	328.65	"deionize"	228.871	0	1	0	0.0	0.0	0.0	null	330.444	0.087
-9.3	0.029425	29250.0	2943.75	2400.0	NaN	NaN	NaN	0	1	1	0	0	0	0	0	0	0	0	0	1	0	0	0	0	1	1	0	1	1	1	0	1	-112.0	0.109	0.298	NaN	NaN	0.26	0.662	NaN	NaN	7.8	23.17	NaN	NaN	0.0	"2.5"	"F0034"	1	0	"PR"	338.691	"deionize"	238.912	0	1	0	0.0	0.0	0.0	null	340.485	0.094
-8.2	0.02915	29250.0	2934.375	2390.625	NaN	NaN	NaN	0	1	1	0	0	0	0	0	0	0	0	0	1	0	0	0	1	1	1	0	1	1	1	0	1	-98.0	0.108	0.297	NaN	NaN	0.257	0.66	NaN	NaN	7.71	23.1	NaN	NaN	0.0	"2.5"	"F0034"	1	0	"PR"	348.63	"deionize-uv"	8.735	0	1	0	0.0	0.0	0.0	null	350.424	0.086
-10.2	0.02915	30000.0	2962.5	2437.5	NaN	NaN	NaN	0	1	1	0	0	0	0	0	0	0	0	0	1	0	0	0	1	1	1	0	1	1	1	0	1	-122.0	0.111	0.302	NaN	NaN	0.264	0.671	NaN	NaN	7.92	23.485	NaN	NaN	0.0	"2.5"	"F0034"	1	0	"PR"	358.662	"deionize-uv"	18.767	0	1	0	0.0	0.0	0.0	null	360.456	0.084
-9.7	0.028325	29812.5	2953.125	2390.625	NaN	NaN	NaN	0	1	1	0	0	0	0	0	0	0	0	0	1	0	0	0	1	1	1	0	1	1	1	0	1	-116.0	0.11	0.297	NaN	NaN	0.262	0.66	NaN	NaN	7.86	23.1	NaN	NaN	0.0	"2.5"	"F0034"	1	0	"PR"	368.705	"deionize-uv"	28.81	0	1	0	0.0	0.0	0.0	null	370.499	0.088
-9.1	0.0286	30375.0	2953.125	2400.0	NaN	NaN	NaN	0	1	1	0	0	0	0	0	0	0	0	0	1	0	0	0	1	1	1	0	1	1	1	0	1	-109.0	0.11	0.298	NaN	NaN	0.262	0.662	NaN	NaN	7.86	23.17	NaN	NaN	0.0	"2.5"	"F0034"	1	0	"PR"	378.741	"deionize-uv"	38.846	0	1	0	0.0	0.0	0.0	null	380.535	0.086
-8.0	0.027775	29250.0	2943.75	2371.875	NaN	NaN	NaN	0	1	1	0	0	0	0	0	0	0	0	0	1	0	0	0	1	1	1	0	1	1	1	0	1	-96.0	0.109	0.295	NaN	NaN	0.26	0.656	NaN	NaN	7.8	22.96	NaN	NaN	0.0	"2.5"	"F0034"	1	0	"PR"	388.773	"deionize-uv"	48.878	0	1	0	0.0	0.0	0.0	null	390.567	0.086
-8.8	0.0275	28875.0	2943.75	2381.25	NaN	NaN	NaN	0	1	1	0	0	0	0	0	0	0	0	0	1	0	0	0	1	1	1	0	1	1	1	0	1	-106.0	0.109	0.296	NaN	NaN	0.26	0.658	NaN	NaN	7.8	23.03	NaN	NaN	0.0	"2.5"	"F0034"	1	0	"PR"	398.811	"deionize-uv"	58.916	0	1	0	0.0	0.0	0.0	null	400.605	0.089
-8.9	0.02695	29812.5	2943.75	2418.75	NaN	NaN	NaN	0	1	1	0	0	0	0	0	0	0	0	0	1	0	0	0	1	1	1	0	1	1	1	0	1	-107.0	0.109	0.3	NaN	NaN	0.26	0.667	NaN	NaN	7.8	23.345	NaN	NaN	0.0	"2.5"	"F0034"	1	0	"PR"	408.85	"deionize-uv"	68.955	0	1	0	0.0	0.0	0.0	null	410.644	0.089
-8.2	0.027225	29812.5	2953.125	2418.75	NaN	NaN	NaN	0	1	1	0	0	0	0	0	0	0	0	0	1	0	0	0	1	1	1	0	1	1	1	0	1	-98.0	0.11	0.3	NaN	NaN	0.262	0.667	NaN	NaN	7.86	23.345	NaN	NaN	0.0	"2.5"	"F0034"	1	0	"PR"	418.686	"deionize-uv"	78.791	0	1	0	0.0	0.0	0.0	null	420.48	0.085
-8.3	0.02695	29812.5	2962.5	2390.625	NaN	NaN	NaN	0	1	1	0	0	0	0	0	0	0	0	0	1	0	0	0	1	1	1	0	1	1	1	0	1	-100.0	0.111	0.297	NaN	NaN	0.264	0.66	NaN	NaN	7.92	23.1	NaN	NaN	0.0	"2.5"	"F0034"	1	0	"PR"	428.724	"deionize-uv"	88.829	0	1	0	0.0	0.0	0.0	null	430.518	0.084
-8.8	0.0264	30000.0	2962.5	2381.25	NaN	NaN	NaN	0	1	1	0	0	0	0	0	0	0	0	0	1	0	0	0	1	1	1	0	1	1	1	0	1	-106.0	0.111	0.296	NaN	NaN	0.264	0.658	NaN	NaN	7.92	23.03	NaN	NaN	0.0	"2.5"	"F0034"	1	0	"PR"	438.755	"deionize-uv"	98.86	0	1	0	0.0	0.0	0.0	null	440.549	0.084
-8.4	0.026675	30375.0	2962.5	2371.875	NaN	NaN	NaN	0	1	1	0	0	0	0	0	0	0	0	0	1	0	0	0	1	1	1	0	1	1	1	0	1	-101.0	0.111	0.295	NaN	NaN	0.264	0.656	NaN	NaN	7.92	22.96	NaN	NaN	0.0	"2.5"	"F0034"	1	0	"PR"	448.797	"deionize-uv"	108.902	0	1	0	0.0	0.0	0.0	null	450.591	0.086
-8.2	0.02585	29250.0	2981.25	2381.25	NaN	NaN	NaN	0	1	1	0	0	0	0	0	0	0	0	0	1	0	0	0	1	1	1	0	1	1	1	0	1	-98.0	0.113	0.296	NaN	NaN	0.269	0.658	NaN	NaN	8.07	23.03	NaN	NaN	0.0	"2.5"	"F0034"	1	0	"PR"	458.832	"deionize-uv"	118.937	0	1	0	0.0	0.0	0.0	null	460.626	0.084
-8.2	0.026125	26250.0	2953.125	1837.5	NaN	NaN	NaN	0	0	1	0	0	0	0	1	0	0	0	0	1	0	0	0	1	1	1	0	1	1	1	0	1	-98.0	0.11	0.242	NaN	NaN	0.262	0.538	NaN	NaN	7.86	18.83	NaN	NaN	0.0	"2.5"	"F0034"	1	0	"PR"	468.798	"drain-di-1"	8.761	0	1	0	0.0	0.0	0.0	null	470.592	0.086
-8.0	0.025575	26625.0	2934.375	1584.375	NaN	NaN	NaN	0	0	1	0	0	0	0	1	0	0	0	0	1	0	0	0	1	1	1	0	1	1	1	0	1	-96.0	0.108	0.216	NaN	NaN	0.257	0.48	NaN	NaN	7.71	16.8	NaN	NaN	0.0	"2.5"	"F0034"	1	0	"PR"	478.839	"drain-di-1"	18.802	0	1	0	0.0	0.0	0.0	null	480.633	0.084
-9.1	0.025575	25687.5	2962.5	1350.0	NaN	NaN	NaN	0	0	1	0	0	0	0	1	0	0	0	0	1	0	0	0	1	1	1	0	1	1	1	0	1	-109.0	0.111	0.193	NaN	NaN	0.264	0.429	NaN	NaN	7.92	15.015	NaN	NaN	0.0	"2.5"	"F0034"	1	0	"PR"	488.878	"drain-di-1"	28.841	0	1	0	0.0	0.0	0.0	null	490.672	0.087
-7.9	0.02585	24750.0	2943.75	1096.875	NaN	NaN	NaN	0	0	1	0	0	0	0	1	0	0	0	0	1	0	0	0	1	1	1	0	1	1	1	0	1	-95.0	0.109	0.168	NaN	NaN	0.26	0.373	NaN	NaN	7.8	13.055	NaN	NaN	0.0	"2.5"	"F0034"	1	0	"PR"	498.917	"drain-di-1"	38.88	0	1	0	0.0	0.0	0.0	null	500.711	0.087
-8.3	0.02585	25312.5	2943.75	834.375	NaN	NaN	NaN	0	0	1	0	0	0	0	1	0	0	0	0	1	0	0	0	1	1	1	0	1	1	1	0	1	-100.0	0.109	0.141	NaN	NaN	0.26	0.313	NaN	NaN	7.8	10.955	NaN	NaN	0.0	"2.5"	"F0034"	1	0	"PR"	508.955	"drain-di-1"	48.918	0	1	0	0.0	0.0	0.0	null	510.749	0.087
-7.7	0.0253	24937.5	2962.5	581.25	NaN	NaN	NaN	0	0	1	0	0	0	0	1	0	0	0	0	1	0	0	0	1	1	1	0	1	1	1	0	1	-92.0	0.111	0.116	NaN	NaN	0.264	0.258	NaN	NaN	7.92	9.03	NaN	NaN	0.0	"2.5"	"F0034"	1	0	"PR"	518.994	"drain-di-1"	58.957	0	1	0	0.0	0.0	0.0	null	520.788	0.087
-8.2	0.024475	24750.0	2962.5	365.625	NaN	NaN	NaN	0	0	1	0	0	0	0	1	0	0	0	0	1	0	0	0	1	1	1	0	1	1	1	0	1	-98.0	0.111	0.095	NaN	NaN	0.264	0.211	NaN	NaN	7.92	7.385	NaN	NaN	0.0	"2.5"	"F0034"	1	0	"PR"	528.834	"drain-di-1"	68.797	0	1	0	0.0	0.0	0.0	null	530.628	0.084
-7.7	0.0253	23812.5	2943.75	75.0	NaN	NaN	NaN	0	0	1	0	0	0	0	1	0	0	0	0	1	0	0	0	1	1	1	0	1	1	1	0	1	-92.0	0.109	0.066	NaN	NaN	0.26	0.147	NaN	NaN	7.8	5.145	NaN	NaN	0.0	"2.5"	"F0034"	1	0	"PR"	538.869	"drain-di-1"	78.832	0	1	0	0.0	0.0	0.0	null	540.663	0.087
-7.7	0.025025	26062.5	2943.75	-178.125	NaN	NaN	NaN	0	0	1	0	0	0	0	1	0	0	0	0	1	0	0	0	1	1	1	0	1	1	1	0	1	-92.0	0.109	0.04	NaN	NaN	0.26	0.089	NaN	NaN	7.8	3.115	NaN	NaN	0.0	"2.5"	"F0034"	1	0	"PR"	549.02	"drip-di-1"	9.348	0	1	0	0.0	0.0	0.0	null	550.814	0.084
12.4	0.025025	26062.5	2803.125	-56.25	NaN	NaN	NaN	1	0	0	0	0	1	1	0	0	0	0	0	1	1	0	0	0	1	1	1	0	1	1	1	0	149.0	0.095	0.052	NaN	NaN	0.226	0.116	NaN	NaN	6.78	4.06	NaN	NaN	0.0	"2.5"	"F0034"	1	1	"PR"	559.019	"reverse-f"	4.176	0	1	0	0.0	0.0	0.0	null	560.813	0.087
12.4	0.02585	22875.0	2756.25	234.375	NaN	NaN	NaN	1	0	0	0	0	1	1	0	0	0	0	0	1	1	0	0	0	1	1	1	0	1	1	1	0	149.0	0.091	0.081	NaN	NaN	0.217	0.18	NaN	NaN	6.51	6.3	NaN	NaN	0.0	"2.5"	"F0034"	1	1	"PR"	569.052	"reverse-f"	14.209	0	1	0	0.0	0.0	0.0	null	570.846	0.086
13.0	0.028875	24000.0	2784.375	553.125	NaN	NaN	NaN	1	0	0	0	0	1	1	0	0	0	0	0	1	1	0	0	0	1	1	1	0	1	1	1	0	156.0	0.093	0.113	NaN	NaN	0.221	0.251	NaN	NaN	6.63	8.785	NaN	NaN	0.0	"2.5"	"F0034"	1	1	"PR"	578.889	"reverse-f"	24.046	0	1	0	0.0	0.0	0.0	null	580.683	0.085
12.3	0.03245	25312.5	2803.125	825.0	NaN	NaN	NaN	1	0	0	0	0	1	1	0	0	0	0	0	1	1	0	0	0	1	1	1	0	1	1	1	0	148.0	0.095	0.141	NaN	NaN	0.226	0.313	NaN	NaN	6.78	10.955	NaN	NaN	0.0	"2.5"	"F0034"	1	1	"PR"	588.925	"reverse-f"	34.082	0	1	0	0.0	0.0	0.0	null	590.719	0.087
13.9	0.03575	23062.5	2784.375	1143.75	NaN	NaN	NaN	1	0	0	0	0	1	1	0	0	0	0	0	1	1	0	0	0	1	1	1	0	1	1	1	0	167.0	0.093	0.172	NaN	NaN	0.221	0.382	NaN	NaN	6.63	13.37	NaN	NaN	0.0	"2.5"	"F0034"	1	1	"PR"	598.957	"reverse-f"	44.114	0	1	0	0.0	0.0	0.0	null	600.751	0.086
12.3	0.039325	22312.5	2821.875	1387.5	NaN	NaN	NaN	1	0	0	0	0	1	1	0	0	0	0	0	1	1	0	0	0	1	1	1	0	1	1	1	0	148.0	0.097	0.197	NaN	NaN	0.231	0.438	NaN	NaN	6.93	15.33	NaN	NaN	0.0	"2.5"	"F0034"	1	1	"PR"	608.995	"reverse-f"	54.152	0	1	0	0.0	0.0	0.0	null	610.789	0.088
12.8	0.04235	24187.5	2784.375	1715.625	NaN	NaN	NaN	1	0	0	0	0	1	1	0	0	0	0	0	1	1	0	0	0	1	1	1	0	1	1	1	0	154.0	0.093	0.23	NaN	NaN	0.221	0.511	NaN	NaN	6.63	17.885	NaN	NaN	0.0	"2.5"	"F0034"	1	1	"PR"	619.028	"reverse-f"	64.185	0	1	0	0.0	0.0	0.0	null	620.822	0.084
13.0	0.0451	25875.0	2803.125	1996.875	NaN	NaN	NaN	1	0	0	0	0	1	1	0	0	0	0	0	1	1	0	0	0	1	1	1	0	1	1	1	0	156.0	0.095	0.258	NaN	NaN	0.226	0.573	NaN	NaN	6.78	20.055	NaN	NaN	0.0	"2.5"	"F0034"	1	1	"PR"	629.061	"reverse-f"	74.218	0	1	0	0.0	0.0	0.0	null	630.855	0.087
12.1	0.047025	23250.0	2784.375	2268.75	NaN	NaN	NaN	0	0	0	0	0	1	1	0	0	0	0	0	1	0	0	0	0	1	1	1	0	1	1	1	0	145.0	0.093	0.285	NaN	NaN	0.221	0.633	NaN	NaN	6.63	22.155	NaN	NaN	0.0	"2.5"	"F0034"	1	1	"PR"	639.009	"reverse"	84.166	0	1	0	0.0	0.0	0.0	null	640.803	0.084
11.3	0.04895	25312.5	2775.0	2268.75	NaN	NaN	NaN	0	0	0	0	0	1	1	0	0	0	0	0	1	0	0	0	0	1	1	1	0	1	1	1	0	136.0	0.093	0.285	NaN	NaN	0.221	0.633	NaN	NaN	6.63	22.155	NaN	NaN	0.0	"2.5"	"F0034"	1	1	"PR"	649.042	"reverse"	94.199	0	1	0	0.0	0.0	0.0	null	650.836	0.086
13.0	0.0506	24562.5	2793.75	2259.375	NaN	NaN	NaN	0	0	0	0	0	1	1	0	0	0	0	0	1	0	0	0	0	1	1	1	0	1	1	1	0	156.0	0.094	0.284	NaN	NaN	0.224	0.631	NaN	NaN	6.72	22.085	NaN	NaN	0.0	"2.5"	"F0034"	1	1	"PR"	659.081	"reverse"	104.238	0	1	0	0.0	0.0	0.0	null	660.875	0.087
12.3	0.0517	23625.0	2765.625	2268.75	NaN	NaN	NaN	0	0	0	0	0	1	1	0	0	0	0	0	1	0	0	0	0	1	1	1	0	1	1	1	0	148.0	0.092	0.285	NaN	NaN	0.219	0.633	NaN	NaN	6.57	22.155	NaN	NaN	0.0	"2.5"	"F0034"	1	1	"PR"	669.12	"reverse"	114.277	0	1	0	0.0	0.0	0.0	null	670.914	0.083
12.6	0.051975	22875.0	2793.75	2250.0	NaN	NaN	NaN	0	0	0	0	0	1	1	0	0	0	0	0	1	0	0	0	0	1	1	1	0	1	1	1	0	151.0	0.094	0.283	NaN	NaN	0.224	0.629	NaN	NaN	6.72	22.015	NaN	NaN	0.0	"2.5"	"F0034"	1	1	"PR"	679.154	"reverse"	124.311	0	1	0	0.0	0.0	0.0	null	680.948	0.084
12.7	0.052525	22125.0	2784.375	2259.375	NaN	NaN	NaN	0	0	0	0	0	1	1	0	0	0	0	0	1	0	0	0	0	1	1	1	0	1	1	1	0	152.0	0.093	0.284	NaN	NaN	0.221	0.631	NaN	NaN	6.63	22.085	NaN	NaN	0.0	"2.5"	"F0034"	1	1	"PR"	688.994	"reverse"	134.151	0	1	0	0.0	0.0	0.0	null	690.788	0.09
12.6	0.053075	23062.5	2831.25	2278.125	NaN	NaN	NaN	0	0	0	0	0	1	1	0	0	0	0	0	1	0	0	0	0	1	1	1	0	1	1	1	0	151.0	0.098	0.286	NaN	NaN	0.233	0.636	NaN	NaN	6.99	22.26	NaN	NaN	0.0	"2.5"	"F0034"	1	1	"PR"	699.028	"reverse"	144.185	0	1	0	0.0	0.0	0.0	null	700.822	0.089
4.4	0.054175	-375.0	2990.625	2278.125	NaN	NaN	NaN	0	0	0	0	0	0	0	0	0	0	0	0	0	0	0	0	0	0	0	0	1	0	0	0	1	53.0	0.114	0.286	NaN	NaN	0.271	0.636	NaN	NaN	8.13	22.26	NaN	NaN	0.0	"2.5"	"F0034"	0	0	"PR"	709.152	"diffuse"	4.305	0	1	1	0.0	0.0	0.0	null	710.946	0.086
6.1	0.05335	0.0	2962.5	2268.75	NaN	NaN	NaN	0	0	0	0	0	0	0	0	0	0	0	0	0	0	0	0	0	0	0	0	1	0	0	0	1	73.0	0.111	0.285	NaN	NaN	0.264	0.633	NaN	NaN	7.92	22.155	NaN	NaN	0.0	"2.5"	"F0034"	0	0	"PR"	719.19	"diffuse"	14.343	0	1	1	0.0	0.0	0.0	null	720.984	0.086
4.2	0.0539	750.0	2971.875	2240.625	NaN	NaN	NaN	0	0	0	0	0	0	0	0	0	0	0	0	0	0	0	0	0	0	0	0	1	0	0	0	1	50.0	0.112	0.282	NaN	NaN	0.267	0.627	NaN	NaN	8.01	21.945	NaN	NaN	0.0	"2.5"	"F0034"	0	0	"PR"	729.223	"diffuse"	24.376	0	1	1	0.0	0.0	0.0	null	731.017	0.084
13.2	0.053075	22312.5	2784.375	2250.0	NaN	NaN	NaN	0	0	0	0	0	1	1	0	0	0	0	0	1	0	0	0	0	1	1	1	0	1	1	1	0	158.0	0.093	0.283	NaN	NaN	0.221	0.629	NaN	NaN	6.63	22.015	NaN	NaN	0.0	"2.5"	"F0034"	1	1	"PR"	739.151	"wash-en"	4.106	0	1	1	0.0	0.0	0.0	null	740.945	0.09
13.1	0.054725	23062.5	2793.75	2268.75	NaN	NaN	NaN	0	0	0	0	0	1	1	0	0	0	0	0	1	0	0	0	0	1	1	1	0	1	1	1	0	157.0	0.094	0.285	NaN	NaN	0.224	0.633	NaN	NaN	6.72	22.155	NaN	NaN	0.0	"2.5"	"F0034"	1	1	"PR"	749.188	"wash-en"	14.143	0	1	1	0.0	0.0	0.0	null	750.982	0.085
4.0	0.0561	23062.5	2821.875	2259.375	NaN	NaN	NaN	0	0	0	0	0	1	1	0	0	0	0	0	1	0	0	0	0	0	0	0	1	0	0	0	1	48.0	0.097	0.284	NaN	NaN	0.231	0.631	NaN	NaN	6.93	22.085	NaN	NaN	0.0	"2.5"	"F0034"	0	0	"PR"	759.113	"wash-sc"	3.906	0	1	1	0.0	0.0	0.0	null	760.907	0.089
4.0	0.0572	937.5	2981.25	2278.125	NaN	NaN	NaN	0	0	0	0	0	0	0	0	0	0	0	0	0	0	0	0	0	0	0	0	1	0	0	0	1	48.0	0.113	0.286	NaN	NaN	0.269	0.636	NaN	NaN	8.07	22.26	NaN	NaN	0.0	"2.5"	"F0034"	0	0	"PR"	769.148	"diffuse"	3.81	0	1	2	0.0	0.0	0.0	null	770.942	0.09
4.0	0.0572	750.0	2962.5	2259.375	NaN	NaN	NaN	0	0	0	0	0	0	0	0	0	0	0	0	0	0	0	0	0	0	0	0	1	0	0	0	1	48.0	0.111	0.284	NaN	NaN	0.264	0.631	NaN	NaN	7.92	22.085	NaN	NaN	0.0	"2.5"	"F0034"	0	0	"PR"	779.187	"diffuse"	13.849	0	1	2	0.0	0.0	0.0	null	780.981	0.093
3.8	0.0572	2437.5	2962.5	2268.75	NaN	NaN	NaN	0	0	0	0	0	0	0	0	0	0	0	0	0	0	0	0	0	0	0	0	1	0	0	0	1	46.0	0.111	0.285	NaN	NaN	0.264	0.633	NaN	NaN	7.92	22.155	NaN	NaN	0.0	"2.5"	"F0034"	0	0	"PR"	789.223	"diffuse"	23.885	0	1	2	0.0	0.0	0.0	null	791.017	0.088
12.5	0.056375	24375.0	2803.125	2268.75	NaN	NaN	NaN	0	0	0	0	0	1	1	0	0	0	0	0	1	0	0	0	0	1	1	1	0	1	1	1	0	150.0	0.095	0.285	NaN	NaN	0.226	0.633	NaN	NaN	6.78	22.155	NaN	NaN	0.0	"2.5"	"F0034"	1	1	"PR"	799.142	"wash-en"	3.699	0	1	2	0.0	0.0	0.0	null	800.936	0.09
12.7	0.0572	25312.5	2784.375	2250.0	NaN	NaN	NaN	0	0	0	0	0	1	1	0	0	0	0	0	1	0	0	0	0	1	1	1	0	1	1	1	0	152.0	0.093	0.283	NaN	NaN	0.221	0.629	NaN	NaN	6.63	22.015	NaN	NaN	0.0	"2.5"	"F0034"	1	1	"PR"	809.182	"wash-en"	13.739	0	1	2	0.0	0.0	0.0	null	810.976	0.092
3.1	0.0583	22875.0	2784.375	2287.5	NaN	NaN	NaN	0	0	0	0	0	1	1	0	0	0	0	0	1	0	0	0	0	0	0	0	1	0	0	0	1	37.0	0.093	0.287	NaN	NaN	0.221	0.638	NaN	NaN	6.63	22.33	NaN	NaN	0.0	"2.5"	"F0034"	0	0	"PR"	819.112	"wash-sc"	3.506	0	1	2	0.0	0.0	0.0	null	820.906	0.091
2.3	0.058575	375.0	2981.25	2268.75	NaN	NaN	NaN	0	0	0	0	0	0	0	0	0	0	0	0	0	0	0	0	0	0	0	0	1	0	0	0	1	28.0	0.113	0.285	NaN	NaN	0.269	0.633	NaN	NaN	8.07	22.155	NaN	NaN	0.0	"2.5"	"F0034"	0	0	"PR"	829.149	"diffuse"	3.413	0	1	3	0.0	0.0	0.0	null	830.943	0.089
4.0	0.058575	750.0	2962.5	2296.875	NaN	NaN	NaN	0	0	0	0	0	0	0	0	0	0	0	0	0	0	0	0	0	0	0	0	1	0	0	0	1	48.0	0.111	0.288	NaN	NaN	0.264	0.64	NaN	NaN	7.92	22.4	NaN	NaN	0.0	"2.5"	"F0034"	0	0	"PR"	839.185	"diffuse"	13.449	0	1	3	0.0	0.0	0.0	null	840.979	0.092
3.5	0.05775	2250.0	2971.875	2278.125	NaN	NaN	NaN	0	0	0	0	0	0	0	0	0	0	0	0	0	0	0	0	0	0	0	0	1	0	0	0	1	42.0	0.112	0.286	NaN	NaN	0.267	0.636	NaN	NaN	8.01	22.26	NaN	NaN	0.0	"2.5"	"F0034"	0	0	"PR"	849.221	"diffuse"	23.485	0	1	3	0.0	0.0	0.0	null	851.015	0.09
12.4	0.0572	24375.0	2765.625	2240.625	NaN	NaN	NaN	0	0	0	0	0	1	1	0	0	0	0	0	1	0	0	0	0	1	1	1	0	1	1	1	0	149.0	0.092	0.282	NaN	NaN	0.219	0.627	NaN	NaN	6.57	21.945	NaN	NaN	0.0	"2.5"	"F0034"	1	1	"PR"	859.146	"wash-en"	3.301	0	1	3	0.0	0.0	0.0	null	860.94	0.086
12.6	0.05775	25687.5	2803.125	2278.125	NaN	NaN	NaN	0	0	0	0	0	1	1	0	0	0	0	0	1	0	0	0	0	1	1	1	0	1	1	1	0	151.0	0.095	0.286	NaN	NaN	0.226	0.636	NaN	NaN	6.78	22.26	NaN	NaN	0.0	"2.5"	"F0034"	1	1	"PR"	869.183	"wash-en"	13.338	0	1	3	0.0	0.0	0.0	null	870.977	0.088
2.6	0.058025	22500.0	2821.875	2259.375	NaN	NaN	NaN	0	0	0	0	0	1	1	0	0	0	0	0	1	0	0	0	0	0	0	0	1	0	0	0	1	31.0	0.097	0.284	NaN	NaN	0.231	0.631	NaN	NaN	6.93	22.085	NaN	NaN	0.0	"2.5"	"F0034"	0	0	"PR"	879.314	"wash-sc"	3.305	0	1	3	0.0	0.0	0.0	null	881.108	0.09
2.8	0.058575	-375.0	2962.5	2278.125	NaN	NaN	NaN	0	0	0	0	0	0	0	0	0	0	0	0	0	0	0	0	0	0	0	0	1	0	0	0	1	34.0	0.111	0.286	NaN	NaN	0.264	0.636	NaN	NaN	7.92	22.26	NaN	NaN	0.0	"2.5"	"F0034"	0	0	"PR"	889.35	"diffuse"	3.213	0	1	4	0.0	0.0	0.0	null	891.144	0.09
2.6	0.058025	375.0	2934.375	2268.75	NaN	NaN	NaN	0	0	0	0	0	0	0	0	0	0	0	0	0	0	0	0	0	0	0	0	1	0	0	0	1	31.0	0.108	0.285	NaN	NaN	0.257	0.633	NaN	NaN	7.71	22.155	NaN	NaN	0.0	"2.5"	"F0034"	0	0	"PR"	899.191	"diffuse"	13.054	0	1	4	0.0	0.0	0.0	null	900.985	0.088
3.0	0.05885	937.5	2981.25	2268.75	NaN	NaN	NaN	0	0	0	0	0	0	0	0	0	0	0	0	0	0	0	0	0	0	0	0	1	0	0	0	1	36.0	0.113	0.285	NaN	NaN	0.269	0.633	NaN	NaN	8.07	22.155	NaN	NaN	0.0	"2.5"	"F0034"	0	0	"PR"	909.223	"diffuse"	23.086	0	1	4	0.0	0.0	0.0	null	911.017	0.084
12.5	0.058025	23812.5	2793.75	2240.625	NaN	NaN	NaN	0	0	0	0	0	1	1	0	0	0	0	0	1	0	0	0	0	1	1	1	0	1	1	1	0	150.0	0.094	0.282	NaN	NaN	0.224	0.627	NaN	NaN	6.72	21.945	NaN	NaN	0.0	"2.5"	"F0034"	1	1	"PR"	919.346	"wash-en"	3.098	0	1	4	0.0	0.0	0.0	null	921.14	0.09
12.1	0.05885	24000.0	2784.375	2268.75	NaN	NaN	NaN	0	0	0	0	0	1	1	0	0	0	0	0	1	0	0	0	0	1	1	1	0	1	1	1	0	145.0	0.093	0.285	NaN	NaN	0.221	0.633	NaN	NaN	6.63	22.155	NaN	NaN	0.0	"2.5"	"F0034"	1	1	"PR"	929.382	"wash-en"	13.134	0	1	4	0.0	0.0	0.0	null	931.176	0.092
1.9	0.059125	22500.0	2821.875	2278.125	NaN	NaN	NaN	0	0	0	0	0	1	1	0	0	0	0	0	1	0	0	0	0	0	0	0	1	0	0	0	1	23.0	0.097	0.286	NaN	NaN	0.231	0.636	NaN	NaN	6.93	22.26	NaN	NaN	0.0	"2.5"	"F0034"	0	0	"PR"	939.311	"wash-sc"	2.903	0	1	4	0.0	0.0	0.0	null	941.105	0.087
2.4	0.0594	-2625.0	2606.25	2278.125	NaN	NaN	NaN	0	0	0	0	1	0	0	0	0	0	0	0	0	0	0	0	0	0	0	0	1	0	0	0	1	29.0	0.076	0.286	NaN	NaN	0.181	0.636	NaN	NaN	5.43	22.26	NaN	NaN	0.0	"2.5"	"F0034"	0	0	"PR"	949.343	"drain-rg"	2.809	0	1	4	0.0	0.0	0.0	null	951.137	0.086
2.4	0.05885	-1500.0	2315.625	2278.125	NaN	NaN	NaN	0	0	0	0	1	0	0	0	0	0	0	0	0	0	0	0	0	0	0	0	1	0	0	0	1	29.0	0.047	0.286	NaN	NaN	0.112	0.636	NaN	NaN	3.36	22.26	NaN	NaN	0.0	"2.5"	"F0034"	0	0	"PR"	959.387	"drain-rg"	12.853	0	1	4	0.0	0.0	0.0	null	961.181	0.091
2.7	0.05885	-375.0	1950.0	2268.75	NaN	NaN	NaN	0	0	0	0	1	0	0	0	0	0	0	0	0	0	0	0	0	0	0	0	1	0	0	0	1	32.0	0.01	0.285	NaN	NaN	0.024	0.633	NaN	NaN	0.72	22.155	NaN	NaN	0.0	"2.5"	"F0034"	0	0	"PR"	969.423	"drain-rg"	22.889	0	1	4	0.0	0.0	0.0	null	971.217	0.09
1.5	0.0594	-1875.0	1481.25	2287.5	NaN	NaN	NaN	0	0	0	0	1	0	0	0	0	0	0	0	0	0	0	0	0	0	0	0	1	0	0	0	1	18.0	-0.037	0.287	NaN	NaN	-0.088	0.638	NaN	NaN	-2.64	22.33	NaN	NaN	0.0	"2.5"	"F0034"	0	0	"PR"	979.45	"drip-rg"	7.019	0	1	4	0.0	0.0	0.0	null	981.244	0.09
1.9	0.059675	-1125.0	-18.75	2268.75	NaN	NaN	NaN	0	0	1	0	0	1	0	0	0	0	0	0	1	0	0	0	0	0	0	0	1	0	0	0	1	23.0	-0.187	0.285	NaN	NaN	-0.445	0.633	NaN	NaN	-13.35	22.155	NaN	NaN	0.0	"2.5"	"F0034"	0	0	"FR"	1.024	"fill-rg-di"	0.824	1	1	0	989.472	0.0	0.0	null	991.122	0.087
0.7	0.05885	23062.5	1987.5	2015.625	NaN	NaN	NaN	0	0	1	0	0	1	0	0	0	0	0	0	1	0	0	0	0	0	0	0	1	0	0	0	1	8.0	0.014	0.26	NaN	NaN	0.033	0.578	NaN	NaN	0.99	20.23	NaN	NaN	0.0	"2.5"	"F0034"	0	0	"FR"	11.059	"fill-rg-di"	10.859	1	1	0	989.472	0.0	0.0	null	1001.157	0.086
2.2	0.057475	23812.5	2315.625	1734.375	NaN	NaN	NaN	0	0	1	0	0	1	0	0	0	0	0	0	1	0	0	0	0	0	0	0	1	0	0	0	1	26.0	0.047	0.231	NaN	NaN	0.112	0.513	NaN	NaN	3.36	17.955	NaN	NaN	0.0	"2.5"	"F0034"	0	0	"FR"	21.099	"fill-rg-di"	20.899	1	1	0	989.472	0.0	0.0	null	1011.197	0.087
2.4	0.055275	23062.5	2634.375	1500.0	NaN	NaN	NaN	0	0	1	0	0	1	0	0	0	0	0	0	1	0	0	0	0	0	0	0	1	0	0	0	1	29.0	0.078	0.208	NaN	NaN	0.186	0.462	NaN	NaN	5.58	16.17	NaN	NaN	0.0	"2.5"	"F0034"	0	0	"FR"	31.134	"fill-rg-di"	30.934	1	1	0	989.472	0.0	0.0	null	1021.232	0.088
2.0	0.054725	23062.5	2943.75	1265.625	NaN	NaN	NaN	0	0	1	0	0	1	0	0	0	0	0	0	1	0	0	0	0	0	0	0	1	0	0	0	1	24.0	0.109	0.185	NaN	NaN	0.26	0.411	NaN	NaN	7.8	14.385	NaN	NaN	0.0	"2.5"	"F0034"	0	0	"FR"	41.166	"fill-rg-di"	40.966	1	1	0	989.472	0.0	0.0	null	1031.264	0.086
2.5	0.05335	23625.0	3262.5	993.75	NaN	NaN	NaN	0	0	1	0	0	1	0	0	0	0	0	0	1	0	0	0	0	0	0	0	1	0	0	0	1	30.0	0.141	0.157	NaN	NaN	0.336	0.349	NaN	NaN	10.08	12.215	NaN	NaN	0.0	"2.5"	"F0034"	0	0	"FR"	51.204	"fill-rg-di"	51.004	1	1	0	989.472	0.0	0.0	null	1041.302	0.089
2.1	0.05225	562.5	2671.875	1021.875	NaN	NaN	NaN	0	0	0	0	1	0	0	0	0	0	0	0	0	0	0	0	0	0	0	0	1	0	0	0	1	25.0	0.082	0.16	NaN	NaN	0.195	0.356	NaN	NaN	5.85	12.46	NaN	NaN	0.0	"2.5"	"F0034"	0	0	"FR"	61.242	"drain-rg"	9.837	1	1	0	989.472	0.0	0.0	null	1051.34	0.088
2.2	0.053075	1687.5	2362.5	993.75	NaN	NaN	NaN	0	0	0	0	1	0	0	0	0	0	0	0	0	0	0	0	0	0	0	0	1	0	0	0	1	26.0	0.051	0.157	NaN	NaN	0.121	0.349	NaN	NaN	3.63	12.215	NaN	NaN	0.0	"2.5"	"F0034"	0	0	"FR"	71.076	"drain-rg"	19.671	1	1	0	989.472	0.0	0.0	null	1061.174	0.088
2.4	0.053075	1500.0	1968.75	993.75	NaN	NaN	NaN	0	0	0	0	1	0	0	0	0	0	0	0	0	0	0	0	0	0	0	0	1	0	0	0	1	29.0	0.012	0.157	NaN	NaN	0.029	0.349	NaN	NaN	0.87	12.215	NaN	NaN	0.0	"2.5"	"F0034"	0	0	"FR"	81.113	"drain-rg"	29.708	1	1	0	989.472	0.0	0.0	null	1071.211	0.085
2.8	0.052525	937.5	1556.25	993.75	NaN	NaN	NaN	0	0	0	0	1	0	0	0	0	0	0	0	0	0	0	0	0	0	0	0	1	0	0	0	1	34.0	-0.029	0.157	NaN	NaN	-0.069	0.349	NaN	NaN	-2.07	12.215	NaN	NaN	0.0	"2.5"	"F0034"	0	0	"FR"	91.144	"drip-rg"	6.421	1	1	0	989.472	0.0	0.0	null	1081.242	0.087
1.7	0.0528	562.5	-18.75	993.75	NaN	NaN	NaN	0	0	0	0	0	0	0	0	0	0	0	0	0	0	0	0	0	0	0	0	1	0	0	0	1	20.0	-0.187	0.157	NaN	NaN	-0.445	0.349	NaN	NaN	-13.35	12.215	NaN	NaN	0.0	"2.5"	"F0034"	0	0	"PR"	0.201	"begin"	0.201	1	0	0	989.472	0.0	1090.077	null	1090.908	0.105
2.0	0.05225	22125.0	1968.75	750.0	NaN	NaN	NaN	0	0	1	0	0	1	0	0	0	0	0	0	1	0	0	0	0	0	0	0	1	0	0	0	1	24.0	0.012	0.133	NaN	NaN	0.029	0.296	NaN	NaN	0.87	10.36	NaN	NaN	0.0	"2.5"	"F0034"	0	0	"PR"	10.666	"fill-rg-di"	10.465	1	0	0	989.472	0.0	1090.077	null	1101.373	0.087
2.1	0.05115	23062.5	2296.875	487.5	NaN	NaN	NaN	0	0	1	0	0	1	0	0	0	0	0	0	1	0	0	0	0	0	0	0	1	0	0	0	1	25.0	0.045	0.107	NaN	NaN	0.107	0.238	NaN	NaN	3.21	8.33	NaN	NaN	0.0	"2.5"	"F0034"	0	0	"PR"	20.504	"fill-rg-di"	20.303	1	0	0	989.472	0.0	1090.077	null	1111.211	0.089
1.3	0.04895	23062.5	2606.25	243.75	NaN	NaN	NaN	0	0	1	0	0	1	0	0	0	0	0	0	1	0	0	0	0	0	0	0	1	0	0	0	1	16.0	0.076	0.082	NaN	NaN	0.181	0.182	NaN	NaN	5.43	6.37	NaN	NaN	0.0	"2.5"	"F0034"	0	0	"PR"	30.538	"fill-rg-di"	30.337	1	0	0	989.472	0.0	1090.077	null	1121.245	0.084
2.0	0.0484	1312.5	2803.125	178.125	NaN	NaN	NaN	1	0	0	0	0	0	0	0	0	0	0	0	0	1	0	0	0	0	0	0	1	0	0	0	1	24.0	0.095	0.076	NaN	NaN	0.226	0.169	NaN	NaN	6.78	5.915	NaN	NaN	0.0	"2.5"	"F0034"	0	0	"PR"	40.58	"fill-di-lb"	3.614	1	0	0	989.472	0.0	1090.077	null	1131.287	0.09
2.0	0.048125	3000.0	2793.75	468.75	NaN	NaN	NaN	1	0	0	0	0	0	0	0	0	0	0	0	0	1	0	0	0	0	0	0	1	0	0	0	1	24.0	0.094	0.105	NaN	NaN	0.224	0.233	NaN	NaN	6.72	8.155	NaN	NaN	0.0	"2.5"	"F0034"	0	0	"PR"	50.612	"fill-di-lb"	13.646	1	0	0	989.472	0.0	1090.077	null	1141.319	0.084
2.5	0.0484	1312.5	2840.625	768.75	NaN	NaN	NaN	1	0	0	0	0	0	0	0	0	0	0	0	0	1	0	0	0	0	0	0	1	0	0	0	1	30.0	0.099	0.135	NaN	NaN	0.236	0.3	NaN	NaN	7.08	10.5	NaN	NaN	0.0	"2.5"	"F0034"	0	0	"PR"	60.644	"fill-di-lb"	23.678	1	0	0	989.472	0.0	1090.077	null	1151.351	0.084
2.0	0.048125	1875.0	2803.125	1068.75	NaN	NaN	NaN	1	0	0	0	0	0	0	0	0	0	0	0	0	1	0	0	0	0	0	0	1	0	0	0	1	24.0	0.095	0.165	NaN	NaN	0.226	0.367	NaN	NaN	6.78	12.845	NaN	NaN	0.0	"2.5"	"F0034"	0	0	"PR"	70.694	"fill-di-lb"	33.728	1	0	0	989.472	0.0	1090.077	null	1161.401	0.084
2.3	0.048675	2625.0	2821.875	1378.125	NaN	NaN	NaN	1	0	0	0	0	0	0	0	0	0	0	0	0	1	0	0	0	0	0	0	1	0	0	0	1	28.0	0.097	0.196	NaN	NaN	0.231	0.436	NaN	NaN	6.93	15.26	NaN	NaN	0.0	"2.5"	"F0034"	0	0	"PR"	80.733	"fill-di-lb"	43.767	1	0	0	989.472	0.0	1090.077	null	1171.44	0.088
0.5	0.0484	3000.0	2803.125	1659.375	NaN	NaN	NaN	1	0	0	0	0	0	0	0	0	0	0	0	0	1	0	0	0	0	0	0	1	0	0	0	1	6.0	0.095	0.224	NaN	NaN	0.226	0.498	NaN	NaN	6.78	17.43	NaN	NaN	0.0	"2.5"	"F0034"	0	0	"PR"	90.768	"fill-di-lb"	53.802	1	0	0	989.472	0.0	1090.077	null	1181.475	0.088
2.0	0.048125	2812.5	2803.125	1931.25	NaN	NaN	NaN	1	0	0	0	0	0	0	0	0	0	0	0	0	1	0	0	0	0	0	0	1	0	0	0	1	24.0	0.095	0.251	NaN	NaN	0.226	0.558	NaN	NaN	6.78	19.53	NaN	NaN	0.0	"2.5"	"F0034"	0	0	"PR"	100.607	"fill-di-lb"	63.641	1	0	0	989.472	0.0	1090.077	null	1191.314	0.086
1.6	0.04785	750.0	2793.75	2240.625	NaN	NaN	NaN	1	0	0	0	0	0	0	0	0	0	0	0	0	1	0	0	0	0	0	0	1	0	0	0	1	19.0	0.094	0.282	NaN	NaN	0.224	0.627	NaN	NaN	6.72	21.945	NaN	NaN	0.0	"2.5"	"F0034"	0	0	"PR"	110.642	"fill-di-lb"	73.676	1	0	0	989.472	0.0	1090.077	null	1201.349	0.086
3.2	0.048125	2812.5	2971.875	2287.5	NaN	NaN	NaN	1	0	0	0	0	0	0	0	0	0	0	0	0	1	0	0	0	0	0	0	1	0	0	0	1	38.0	0.112	0.287	NaN	NaN	0.267	0.638	NaN	NaN	8.01	22.33	NaN	NaN	0.0	"2.5"	"F0034"	0	0	"PR"	120.686	"fill-di"	4.217	1	0	0	989.472	0.0	1090.077	null	1211.393	0.085
12.2	0.04675	30000.0	2962.5	2587.5	NaN	NaN	NaN	0	1	1	0	0	0	0	0	0	0	0	0	1	0	0	0	0	1	1	1	0	1	1	1	0	146.0	0.111	0.317	NaN	NaN	0.264	0.704	NaN	NaN	7.92	24.64	NaN	NaN	0.0	"2.5"	"F0034"	1	1	"PR"	130.731	"deionize"	9.642	1	1	0	989.472	0.0	1090.077	null	1221.438	0.084
12.3	0.0462	30000.0	2953.125	2625.0	NaN	NaN	NaN	0	1	1	0	0	0	0	0	0	0	0	0	1	0	0	0	0	1	1	1	0	1	1	1	0	148.0	0.11	0.321	NaN	NaN	0.262	0.713	NaN	NaN	7.86	24.955	NaN	NaN	0.0	"2.5"	"F0034"	1	1	"PR"	140.774	"deionize"	19.685	1	1	0	989.472	0.0	1090.077	null	1231.481	0.09
12.3	0.04455	29812.5	2943.75	2512.5	NaN	NaN	NaN	0	1	1	0	0	0	0	0	0	0	0	0	1	0	0	0	0	1	1	1	0	1	1	1	0	148.0	0.109	0.309	NaN	NaN	0.26	0.687	NaN	NaN	7.8	24.045	NaN	NaN	0.0	"2.5"	"F0034"	1	1	"PR"	150.813	"deionize"	29.724	1	1	0	989.472	0.0	1090.077	null	1241.52	0.084
11.7	0.044	30375.0	2962.5	2568.75	NaN	NaN	NaN	0	1	1	0	0	0	0	0	0	0	0	0	1	0	0	0	0	1	1	1	0	1	1	1	0	140.0	0.111	0.315	NaN	NaN	0.264	0.7	NaN	NaN	7.92	24.5	NaN	NaN	0.0	"2.5"	"F0034"	1	1	"PR"	160.851	"deionize"	39.762	1	1	0	989.472	0.0	1090.077	null	1251.558	0.084
12.6	0.04235	29437.5	2943.75	2540.625	NaN	NaN	NaN	0	1	1	0	0	0	0	0	0	0	0	0	1	0	0	0	0	1	1	1	0	1	1	1	0	151.0	0.109	0.312	NaN	NaN	0.26	0.693	NaN	NaN	7.8	24.255	NaN	NaN	0.0	"2.5"	"F0034"	1	1	"PR"	170.686	"deionize"	49.597	1	1	0	989.472	0.0	1090.077	null	1261.393	0.092
12.6	0.04235	29812.5	2962.5	2503.125	NaN	NaN	NaN	0	1	1	0	0	0	0	0	0	0	0	0	1	0	0	0	0	1	1	1	0	1	1	1	0	151.0	0.111	0.308	NaN	NaN	0.264	0.684	NaN	NaN	7.92	23.94	NaN	NaN	0.0	"2.5"	"F0034"	1	1	"PR"	180.723	"deionize"	59.634	1	1	0	989.472	0.0	1090.077	null	1271.43	0.09
12.5	0.04125	29812.5	2962.5	2540.625	NaN	NaN	NaN	0	1	1	0	0	0	0	0	0	0	0	0	1	0	0	0	0	1	1	1	0	1	1	1	0	150.0	0.111	0.312	NaN	NaN	0.264	0.693	NaN	NaN	7.92	24.255	NaN	NaN	0.0	"2.5"	"F0034"	1	1	"PR"	190.762	"deionize"	69.673	1	1	0	989.472	0.0	1090.077	null	1281.469	0.087
12.9	0.04015	29437.5	2971.875	2484.375	NaN	NaN	NaN	0	1	1	0	0	0	0	0	0	0	0	0	1	0	0	0	0	1	1	1	0	1	1	1	0	155.0	0.112	0.306	NaN	NaN	0.267	0.68	NaN	NaN	8.01	23.8	NaN	NaN	0.0	"2.5"	"F0034"	1	1	"PR"	200.8	"deionize"	79.711	1	1	0	989.472	0.0	1090.077	null	1291.507	0.084
12.4	0.04015	29062.5	2981.25	2512.5	NaN	NaN	NaN	0	1	1	0	0	0	0	0	0	0	0	0	1	0	0	0	0	1	1	1	0	1	1	1	0	149.0	0.113	0.309	NaN	NaN	0.269	0.687	NaN	NaN	8.07	24.045	NaN	NaN	0.0	"2.5"	"F0034"	1	1	"PR"	210.839	"deionize"	89.75	1	1	0	989.472	0.0	1090.077	null	1301.546	0.084
13.0	0.0396	29437.5	2981.25	2512.5	NaN	NaN	NaN	0	1	1	0	0	0	0	0	0	0	0	0	1	0	0	0	0	1	1	1	0	1	1	1	0	156.0	0.113	0.309	NaN	NaN	0.269	0.687	NaN	NaN	8.07	24.045	NaN	NaN	0.0	"2.5"	"F0034"	1	1	"PR"	220.882	"deionize"	99.793	1	1	0	989.472	0.0	1090.077	null	1311.589	0.089
12.4	0.038775	29812.5	2962.5	2475.0	NaN	NaN	NaN	0	1	1	0	0	0	0	0	0	0	0	0	1	0	0	0	0	1	1	1	0	1	1	1	0	149.0	0.111	0.305	NaN	NaN	0.264	0.678	NaN	NaN	7.92	23.73	NaN	NaN	0.0	"2.5"	"F0034"	1	1	"PR"	230.92	"deionize"	109.831	1	1	0	989.472	0.0	1090.077	null	1321.627	0.087
13.1	0.038225	30187.5	2953.125	2475.0	NaN	NaN	NaN	0	1	1	0	0	0	0	0	0	0	0	0	1	0	0	0	0	1	1	1	0	1	1	1	0	157.0	0.11	0.305	NaN	NaN	0.262	0.678	NaN	NaN	7.86	23.73	NaN	NaN	0.0	"2.5"	"F0034"	1	1	"PR"	240.756	"deionize"	119.667	1	1	0	989.472	0.0	1090.077	null	1331.463	0.091
12.3	0.038225	30000.0	2953.125	2418.75	NaN	NaN	NaN	0	1	1	0	0	0	0	0	0	0	0	0	1	0	0	0	0	1	1	1	0	1	1	1	0	148.0	0.11	0.3	NaN	NaN	0.262	0.667	NaN	NaN	7.86	23.345	NaN	NaN	0.0	"2.5"	"F0034"	1	1	"PR"	250.796	"deionize"	129.707	1	1	0	989.472	0.0	1090.077	null	1341.503	0.091
11.7	0.038225	30187.5	2953.125	2446.875	NaN	NaN	NaN	0	1	1	0	0	0	0	0	0	0	0	0	1	0	0	0	0	1	1	1	0	1	1	1	0	140.0	0.11	0.303	NaN	NaN	0.262	0.673	NaN	NaN	7.86	23.555	NaN	NaN	0.0	"2.5"	"F0034"	1	1	"PR"	260.832	"deionize"	139.743	1	1	0	989.472	0.0	1090.077	null	1351.539	0.091
12.5	0.037675	27750.0	2971.875	2550.0	NaN	NaN	NaN	0	1	1	0	0	0	0	0	0	0	0	0	1	0	0	0	0	1	1	1	0	1	1	1	0	150.0	0.112	0.313	NaN	NaN	0.267	0.696	NaN	NaN	8.01	24.36	NaN	NaN	0.0	"2.5"	"F0034"	1	1	"PR"	270.868	"deionize"	149.779	1	1	0	989.472	0.0	1090.077	null	1361.575	0.092
12.7	0.037125	30000.0	2953.125	2465.625	NaN	NaN	NaN	0	1	1	0	0	0	0	0	0	0	0	0	1	0	0	0	0	1	1	1	0	1	1	1	0	152.0	0.11	0.305	NaN	NaN	0.262	0.678	NaN	NaN	7.86	23.73	NaN	NaN	0.0	"2.5"	"F0034"	1	1	"PR"	280.911	"deionize"	159.822	1	1	0	989.472	0.0	1090.077	null	1371.618	0.088
11.8	0.037125	29437.5	2962.5	2428.125	NaN	NaN	NaN	0	1	1	0	0	0	0	0	0	0	0	0	1	0	0	0	0	1	1	1	0	1	1	1	0	142.0	0.111	0.301	NaN	NaN	0.264	0.669	NaN	NaN	7.92	23.415	NaN	NaN	0.0	"2.5"	"F0034"	1	1	"PR"	290.949	"deionize"	169.86	1	1	0	989.472	0.0	1090.077	null	1381.656	0.094
13.0	0.036575	30000.0	2971.875	2446.875	NaN	NaN	NaN	0	1	1	0	0	0	0	0	0	0	0	0	1	0	0	0	0	1	1	1	0	1	1	1	0	156.0	0.112	0.303	NaN	NaN	0.267	0.673	NaN	NaN	8.01	23.555	NaN	NaN	0.0	"2.5"	"F0034"	1	1	"PR"	300.992	"deionize"	179.903	1	1	0	989.472	0.0	1090.077	null	1391.699	0.089
12.0	0.0363	29437.5	2981.25	2428.125	NaN	NaN	NaN	0	1	1	0	0	0	0	0	0	0	0	0	1	0	0	0	0	1	1	1	0	1	1	1	0	144.0	0.113	0.301	NaN	NaN	0.269	0.669	NaN	NaN	8.07	23.415	NaN	NaN	0.0	"2.5"	"F0034"	1	1	"PR"	310.826	"deionize"	189.737	1	1	0	989.472	0.0	1090.077	null	1401.533	0.091
12.3	0.036025	30375.0	2953.125	2484.375	NaN	NaN	NaN	0	1	1	0	0	0	0	0	0	0	0	0	1	0	0	0	0	1	1	1	0	1	1	1	0	148.0	0.11	0.306	NaN	NaN	0.262	0.68	NaN	NaN	7.86	23.8	NaN	NaN	0.0	"2.5"	"F0034"	1	1	"PR"	320.861	"deionize"	199.772	1	1	0	989.472	0.0	1090.077	null	1411.568	0.092
12.6	0.036025	29625.0	2971.875	2437.5	NaN	NaN	NaN	0	1	1	0	0	0	0	0	0	0	0	0	1	0	0	0	0	1	1	1	0	1	1	1	0	151.0	0.112	0.302	NaN	NaN	0.267	0.671	NaN	NaN	8.01	23.485	NaN	NaN	0.0	"2.5"	"F0034"	1	1	"PR"	330.902	"deionize"	209.813	1	1	0	989.472	0.0	1090.077	null	1421.609	0.087
12.4	0.034925	29437.5	2971.875	2390.625	NaN	NaN	NaN	0	1	1	0	0	0	0	0	0	0	0	0	1	0	0	0	0	1	1	1	0	1	1	1	0	149.0	0.112	0.297	NaN	NaN	0.267	0.66	NaN	NaN	8.01	23.1	NaN	NaN	0.0	"2.5"	"F0034"	1	1	"PR"	340.939	"deionize"	219.85	1	1	0	989.472	0.0	1090.077	null	1431.646	0.09
12.5	0.03465	29812.5	2971.875	2437.5	NaN	NaN	NaN	0	1	1	0	0	0	0	0	0	0	0	0	1	0	0	0	0	1	1	1	0	1	1	1	0	150.0	0.112	0.302	NaN	NaN	0.267	0.671	NaN	NaN	8.01	23.485	NaN	NaN	0.0	"2.5"	"F0034"	1	1	"PR"	350.98	"deionize"	229.891	1	1	0	989.472	0.0	1090.077	null	1441.687	0.097
11.8	0.03465	30000.0	2953.125	2353.125	NaN	NaN	NaN	0	1	1	0	0	0	0	0	0	0	0	0	1	0	0	0	0	1	1	1	0	1	1	1	0	142.0	0.11	0.293	NaN	NaN	0.262	0.651	NaN	NaN	7.86	22.785	NaN	NaN	0.0	"2.5"	"F0034"	1	1	"PR"	361.017	"deionize"	239.928	1	1	0	989.472	0.0	1090.077	null	1451.724	0.091
12.2	0.03465	30187.5	2953.125	2437.5	NaN	NaN	NaN	0	1	1	0	0	0	0	0	0	0	0	0	1	0	0	0	1	1	1	1	0	1	1	1	0	146.0	0.11	0.302	NaN	NaN	0.262	0.671	NaN	NaN	7.86	23.485	NaN	NaN	0.0	"2.5"	"F0034"	1	1	"PR"	370.96	"deionize-uv"	9.743	1	1	0	989.472	0.0	1090.077	null	1461.667	0.093
14.0	0.03355	30000.0	2971.875	2381.25	NaN	NaN	NaN	0	1	1	0	0	0	0	0	0	0	0	0	1	0	0	0	1	1	1	1	0	1	1	1	0	168.0	0.112	0.296	NaN	NaN	0.267	0.658	NaN	NaN	8.01	23.03	NaN	NaN	0.0	"2.5"	"F0034"	1	1	"PR"	380.998	"deionize-uv"	19.781	1	1	0	989.472	0.0	1090.077	null	1471.705	0.094
12.5	0.033275	30562.5	2943.75	2428.125	NaN	NaN	NaN	0	1	1	0	0	0	0	0	0	0	0	0	1	0	0	0	1	1	1	1	0	1	1	1	0	150.0	0.109	0.301	NaN	NaN	0.26	0.669	NaN	NaN	7.8	23.415	NaN	NaN	0.0	"2.5"	"F0034"	1	1	"PR"	391.036	"deionize-uv"	29.819	1	1	0	989.472	0.0	1090.077	null	1481.743	0.09
12.2	0.032725	29812.5	2962.5	2428.125	NaN	NaN	NaN	0	1	1	0	0	0	0	0	0	0	0	0	1	0	0	0	1	1	1	1	0	1	1	1	0	146.0	0.111	0.301	NaN	NaN	0.264	0.669	NaN	NaN	7.92	23.415	NaN	NaN	0.0	"2.5"	"F0034"	1	1	"PR"	401.074	"deionize-uv"	39.857	1	1	0	989.472	0.0	1090.077	null	1491.781	0.091
12.6	0.03245	29250.0	2943.75	2437.5	NaN	NaN	NaN	0	1	1	0	0	0	0	0	0	0	0	0	1	0	0	0	1	1	1	1	0	1	1	1	0	151.0	0.109	0.302	NaN	NaN	0.26	0.671	NaN	NaN	7.8	23.485	NaN	NaN	0.0	"2.5"	"F0034"	1	1	"PR"	411.11	"deionize-uv"	49.893	1	1	0	989.472	0.0	1090.077	null	1501.817	0.089
12.5	0.03245	29812.5	2971.875	2381.25	NaN	NaN	NaN	0	1	1	0	0	0	0	0	0	0	0	0	1	0	0	0	1	1	1	1	0	1	1	1	0	150.0	0.112	0.296	NaN	NaN	0.267	0.658	NaN	NaN	8.01	23.03	NaN	NaN	0.0	"2.5"	"F0034"	1	1	"PR"	420.948	"deionize-uv"	59.731	1	1	0	989.472	0.0	1090.077	null	1511.655	0.084
12.3	0.032175	29625.0	2962.5	2418.75	NaN	NaN	NaN	0	1	1	0	0	0	0	0	0	0	0	0	1	0	0	0	1	1	1	1	0	1	1	1	0	148.0	0.111	0.3	NaN	NaN	0.264	0.667	NaN	NaN	7.92	23.345	NaN	NaN	0.0	"2.5"	"F0034"	1	1	"PR"	430.989	"deionize-uv"	69.772	1	1	0	989.472	0.0	1090.077	null	1521.696	0.088
12.3	0.031625	29250.0	2962.5	2428.125	NaN	NaN	NaN	0	1	1	0	0	0	0	0	0	0	0	0	1	0	0	0	1	1	1	1	0	1	1	1	0	148.0	0.111	0.301	NaN	NaN	0.264	0.669	NaN	NaN	7.92	23.415	NaN	NaN	0.0	"2.5"	"F0034"	1	1	"PR"	441.03	"deionize-uv"	79.813	1	1	0	989.472	0.0	1090.077	null	1531.737	0.085
12.4	0.03135	30375.0	2953.125	2418.75	NaN	NaN	NaN	0	1	1	0	0	0	0	0	0	0	0	0	1	0	0	0	1	1	1	1	0	1	1	1	0	149.0	0.11	0.3	NaN	NaN	0.262	0.667	NaN	NaN	7.86	23.345	NaN	NaN	0.0	"2.5"	"F0034"	1	1	"PR"	451.071	"deionize-uv"	89.854	1	1	0	989.472	0.0	1090.077	null	1541.778	0.088
12.0	0.030525	29250.0	2971.875	2371.875	NaN	NaN	NaN	0	1	1	0	0	0	0	0	0	0	0	0	1	0	0	0	1	1	1	1	0	1	1	1	0	144.0	0.112	0.295	NaN	NaN	0.267	0.656	NaN	NaN	8.01	22.96	NaN	NaN	0.0	"2.5"	"F0034"	1	1	"PR"	461.108	"deionize-uv"	99.891	1	1	0	989.472	0.0	1090.077	null	1551.815	0.09
12.0	0.03025	29625.0	2981.25	2390.625	NaN	NaN	NaN	0	1	1	0	0	0	0	0	0	0	0	0	1	0	0	0	1	1	1	1	0	1	1	1	0	144.0	0.113	0.297	NaN	NaN	0.269	0.66	NaN	NaN	8.07	23.1	NaN	NaN	0.0	"2.5"	"F0034"	1	1	"PR"	471.157	"deionize-uv"	109.94	1	1	0	989.472	0.0	1090.077	null	1561.864	0.094
11.4	0.03025	29812.5	2953.125	2437.5	NaN	NaN	NaN	0	1	1	0	0	0	0	0	0	0	0	0	1	0	0	0	1	1	1	1	0	1	1	1	0	137.0	0.11	0.302	NaN	NaN	0.262	0.671	NaN	NaN	7.86	23.485	NaN	NaN	0.0	"2.5"	"F0034"	1	1	"PR"	481.192	"deionize-uv"	119.975	1	1	0	989.472	0.0	1090.077	null	1571.899	0.09
11.2	0.029975	26812.5	2943.75	1837.5	NaN	NaN	NaN	0	0	1	0	0	0	0	1	0	0	0	0	1	0	0	0	1	1	1	1	0	1	1	1	0	134.0	0.109	0.242	NaN	NaN	0.26	0.538	NaN	NaN	7.8	18.83	NaN	NaN	0.0	"2.5"	"F0034"	1	1	"PR"	491.161	"drain-di-1"	9.768	1	1	0	989.472	0.0	1090.077	null	1581.868	0.091
12.4	0.0297	25875.0	2953.125	1584.375	NaN	NaN	NaN	0	0	1	0	0	0	0	1	0	0	0	0	1	0	0	0	1	1	1	1	0	1	1	1	0	149.0	0.11	0.216	NaN	NaN	0.262	0.48	NaN	NaN	7.86	16.8	NaN	NaN	0.0	"2.5"	"F0034"	1	1	"PR"	501.198	"drain-di-1"	19.805	1	1	0	989.472	0.0	1090.077	null	1591.905	0.091
11.2	0.02915	24937.5	2971.875	1331.25	NaN	NaN	NaN	0	0	1	0	0	0	0	1	0	0	0	0	1	0	0	0	1	1	1	1	0	1	1	1	0	134.0	0.112	0.191	NaN	NaN	0.267	0.424	NaN	NaN	8.01	14.84	NaN	NaN	0.0	"2.5"	"F0034"	1	1	"PR"	511.235	"drain-di-1"	29.842	1	1	0	989.472	0.0	1090.077	null	1601.942	0.09
11.4	0.0286	25500.0	2943.75	1106.25	NaN	NaN	NaN	0	0	1	0	0	0	0	1	0	0	0	0	1	0	0	0	1	1	1	1	0	1	1	1	0	137.0	0.109	0.169	NaN	NaN	0.26	0.376	NaN	NaN	7.8	13.16	NaN	NaN	0.0	"2.5"	"F0034"	1	1	"PR"	521.077	"drain-di-1"	39.684	1	1	0	989.472	0.0	1090.077	null	1611.784	0.086
11.3	0.0286	25875.0	2971.875	815.625	NaN	NaN	NaN	0	0	1	0	0	0	0	1	0	0	0	0	1	0	0	0	1	1	1	1	0	1	1	1	0	136.0	0.112	0.14	NaN	NaN	0.267	0.311	NaN	NaN	8.01	10.885	NaN	NaN	0.0	"2.5"	"F0034"	1	1	"PR"	531.115	"drain-di-1"	49.722	1	1	0	989.472	0.0	1090.077	null	1621.822	0.085
10.4	0.0286	24937.5	2981.25	581.25	NaN	NaN	NaN	0	0	1	0	0	0	0	1	0	0	0	0	1	0	0	0	1	1	1	1	0	1	1	1	0	125.0	0.113	0.116	NaN	NaN	0.269	0.258	NaN	NaN	8.07	9.03	NaN	NaN	0.0	"2.5"	"F0034"	1	1	"PR"	541.152	"drain-di-1"	59.759	1	1	0	989.472	0.0	1090.077	null	1631.859	0.084
11.5	0.02805	24750.0	2962.5	328.125	NaN	NaN	NaN	0	0	1	0	0	0	0	1	0	0	0	0	1	0	0	0	1	1	1	1	0	1	1	1	0	138.0	0.111	0.091	NaN	NaN	0.264	0.202	NaN	NaN	7.92	7.07	NaN	NaN	0.0	"2.5"	"F0034"	1	1	"PR"	551.19	"drain-di-1"	69.797	1	1	0	989.472	0.0	1090.077	null	1641.897	0.085
11.2	0.028325	24187.5	2943.75	121.875	NaN	NaN	NaN	0	0	1	0	0	0	0	1	0	0	0	0	1	0	0	0	1	1	1	1	0	1	1	1	0	134.0	0.109	0.07	NaN	NaN	0.26	0.156	NaN	NaN	7.8	5.46	NaN	NaN	0.0	"2.5"	"F0034"	1	1	"PR"	561.229	"drain-di-1"	79.836	1	1	0	989.472	0.0	1090.077	null	1651.936	0.088
10.6	0.02805	25500.0	2953.125	-206.25	NaN	NaN	NaN	0	0	1	0	0	0	0	1	0	0	0	0	1	0	0	0	1	1	1	1	0	1	1	1	0	127.0	0.11	0.037	NaN	NaN	0.262	0.082	NaN	NaN	7.86	2.87	NaN	NaN	0.0	"2.5"	"F0034"	1	1	"PR"	571.176	"drip-di-1"	9.546	1	1	0	989.472	0.0	1090.077	null	1661.883	0.088
-12.7	0.02805	24000.0	2793.75	-9.375	NaN	NaN	NaN	1	0	0	0	0	1	1	0	0	0	0	0	1	1	0	0	0	1	1	0	1	1	1	0	1	-152.0	0.094	0.057	NaN	NaN	0.224	0.127	NaN	NaN	6.72	4.445	NaN	NaN	0.0	"2.5"	"F0034"	1	0	"PR"	581.179	"reverse-f"	4.382	1	1	0	989.472	0.0	1090.077	null	1671.886	0.089
-11.9	0.02915	25125.0	2821.875	309.375	NaN	NaN	NaN	1	0	0	0	0	1	1	0	0	0	0	0	1	1	0	0	0	1	1	0	1	1	1	0	1	-143.0	0.097	0.089	NaN	NaN	0.231	0.198	NaN	NaN	6.93	6.93	NaN	NaN	0.0	"2.5"	"F0034"	1	0	"PR"	591.213	"reverse-f"	14.416	1	1	0	989.472	0.0	1090.077	null	1681.92	0.084
-11.8	0.032175	23812.5	2793.75	562.5	NaN	NaN	NaN	1	0	0	0	0	1	1	0	0	0	0	0	1	1	0	0	0	1	1	0	1	1	1	0	1	-142.0	0.094	0.114	NaN	NaN	0.224	0.253	NaN	NaN	6.72	8.855	NaN	NaN	0.0	"2.5"	"F0034"	1	0	"PR"	601.252	"reverse-f"	24.455	1	1	0	989.472	0.0	1090.077	null	1691.959	0.086
-12.0	0.03575	22500.0	2784.375	834.375	NaN	NaN	NaN	1	0	0	0	0	1	1	0	0	0	0	0	1	1	0	0	0	1	1	0	1	1	1	0	1	-144.0	0.093	0.141	NaN	NaN	0.221	0.313	NaN	NaN	6.63	10.955	NaN	NaN	0.0	"2.5"	"F0034"	1	0	"PR"	611.291	"reverse-f"	34.494	1	1	0	989.472	0.0	1090.077	null	1701.998	0.087
-12.3	0.037675	22125.0	2803.125	1143.75	NaN	NaN	NaN	1	0	0	0	0	1	1	0	0	0	0	0	1	1	0	0	0	1	1	0	1	1	1	0	1	-148.0	0.095	0.172	NaN	NaN	0.226	0.382	NaN	NaN	6.78	13.37	NaN	NaN	0.0	"2.5"	"F0034"	1	0	"PR"	621.328	"reverse-f"	44.531	1	1	0	989.472	0.0	1090.077	null	1712.035	0.089
-11.3	0.04125	23437.5	2775.0	1434.375	NaN	NaN	NaN	1	0	0	0	0	1	1	0	0	0	0	0	1	1	0	0	0	1	1	0	1	1	1	0	1	-136.0	0.093	0.201	NaN	NaN	0.221	0.447	NaN	NaN	6.63	15.645	NaN	NaN	0.0	"2.5"	"F0034"	1	0	"PR"	631.364	"reverse-f"	54.567	1	1	0	989.472	0.0	1090.077	null	1722.071	0.087
-15.4	0.044	25312.5	2821.875	1725.0	NaN	NaN	NaN	1	0	0	0	0	1	1	0	0	0	0	0	1	1	0	0	0	1	1	0	1	1	1	0	1	-185.0	0.097	0.23	NaN	NaN	0.231	0.511	NaN	NaN	6.93	17.885	NaN	NaN	0.0	"2.5"	"F0034"	1	0	"PR"	641.198	"reverse-f"	64.401	1	1	0	989.472	0.0	1090.077	null	1731.905	0.084
-12.4	0.045925	24750.0	2765.625	2006.25	NaN	NaN	NaN	1	0	0	0	0	1	1	0	0	0	0	0	1	1	0	0	0	1	1	0	1	1	1	0	1	-149.0	0.092	0.259	NaN	NaN	0.219	0.576	NaN	NaN	6.57	20.16	NaN	NaN	0.0	"2.5"	"F0034"	1	0	"PR"	651.237	"reverse-f"	74.44	1	1	0	989.472	0.0	1090.077	null	1741.944	0.084
-11.9	0.04785	24375.0	2784.375	2268.75	NaN	NaN	NaN	0	0	0	0	0	1	1	0	0	0	0	0	1	0	0	0	0	1	1	0	1	1	1	0	1	-143.0	0.093	0.285	NaN	NaN	0.221	0.633	NaN	NaN	6.63	22.155	NaN	NaN	0.0	"2.5"	"F0034"	1	0	"PR"	661.384	"reverse"	84.587	1	1	0	989.472	0.0	1090.077	null	1752.091	0.086
-12.0	0.04895	25312.5	2784.375	2259.375	NaN	NaN	NaN	0	0	0	0	0	1	1	0	0	0	0	0	1	0	0	0	0	1	1	0	1	1	1	0	1	-144.0	0.093	0.284	NaN	NaN	0.221	0.631	NaN	NaN	6.63	22.085	NaN	NaN	0.0	"2.5"	"F0034"	1	0	"PR"	671.219	"reverse"	94.422	1	1	0	989.472	0.0	1090.077	null	1761.926	0.084
-9.8	0.050325	23625.0	2784.375	2278.125	NaN	NaN	NaN	0	0	0	0	0	1	1	0	0	0	0	0	1	0	0	0	0	1	1	0	1	1	1	0	1	-118.0	0.093	0.286	NaN	NaN	0.221	0.636	NaN	NaN	6.63	22.26	NaN	NaN	0.0	"2.5"	"F0034"	1	0	"PR"	681.259	"reverse"	104.462	1	1	0	989.472	0.0	1090.077	null	1771.966	0.084
-12.6	0.049775	25312.5	2746.875	2259.375	NaN	NaN	NaN	0	0	0	0	0	1	1	0	0	0	0	0	1	0	0	0	0	1	1	0	1	1	1	0	1	-151.0	0.09	0.284	NaN	NaN	0.214	0.631	NaN	NaN	6.42	22.085	NaN	NaN	0.0	"2.5"	"F0034"	1	0	"PR"	691.296	"reverse"	114.499	1	1	0	989.472	0.0	1090.077	null	1782.003	0.084
-12.3	0.0517	23062.5	2793.75	2268.75	NaN	NaN	NaN	0	0	0	0	0	1	1	0	0	0	0	0	1	0	0	0	0	1	1	0	1	1	1	0	1	-148.0	0.094	0.285	NaN	NaN	0.224	0.633	NaN	NaN	6.72	22.155	NaN	NaN	0.0	"2.5"	"F0034"	1	0	"PR"	701.329	"reverse"	124.532	1	1	0	989.472	0.0	1090.077	null	1792.036	0.083
-11.8	0.051425	24750.0	2784.375	2259.375	NaN	NaN	NaN	0	0	0	0	0	1	1	0	0	0	0	0	1	0	0	0	0	1	1	0	1	1	1	0	1	-142.0	0.093	0.284	NaN	NaN	0.221	0.631	NaN	NaN	6.63	22.085	NaN	NaN	0.0	"2.5"	"F0034"	1	0	"PR"	711.375	"reverse"	134.578	1	1	0	989.472	0.0	1090.077	null	1802.082	0.089
-12.3	0.05225	23062.5	2803.125	2278.125	NaN	NaN	NaN	0	0	0	0	0	1	1	0	0	0	0	0	1	0	0	0	0	1	1	0	1	1	1	0	1	-148.0	0.095	0.286	NaN	NaN	0.226	0.636	NaN	NaN	6.78	22.26	NaN	NaN	0.0	"2.5"	"F0034"	1	0	"PR"	721.409	"reverse"	144.612	1	1	0	989.472	0.0	1090.077	null	1812.116	0.084
-0.4	0.05225	1687.5	2971.875	2287.5	NaN	NaN	NaN	0	0	0	0	0	0	0	0	0	0	0	0	0	0	0	0	0	0	0	0	1	0	0	0	1	-5.0	0.112	0.287	NaN	NaN	0.267	0.638	NaN	NaN	8.01	22.33	NaN	NaN	0.0	"2.5"	"F0034"	0	0	"PR"	731.334	"diffuse"	4.505	1	1	1	989.472	0.0	1090.077	null	1822.041	0.084
-0.8	0.0528	1875.0	2962.5	2278.125	NaN	NaN	NaN	0	0	0	0	0	0	0	0	0	0	0	0	0	0	0	0	0	0	0	0	1	0	0	0	1	-10.0	0.111	0.286	NaN	NaN	0.264	0.636	NaN	NaN	7.92	22.26	NaN	NaN	0.0	"2.5"	"F0034"	0	0	"PR"	741.374	"diffuse"	14.545	1	1	1	989.472	0.0	1090.077	null	1832.081	0.093
-1.2	0.0528	375.0	2981.25	2315.625	NaN	NaN	NaN	0	0	0	0	0	0	0	0	0	0	0	0	0	0	0	0	0	0	0	0	1	0	0	0	1	-14.0	0.113	0.29	NaN	NaN	0.269	0.644	NaN	NaN	8.07	22.54	NaN	NaN	0.0	"2.5"	"F0034"	0	0	"PR"	751.409	"diffuse"	24.58	1	1	1	989.472	0.0	1090.077	null	1842.116	0.084
-13.9	0.051975	22500.0	2793.75	2278.125	NaN	NaN	NaN	0	0	0	0	0	1	1	0	0	0	0	0	1	0	0	0	0	1	1	0	1	1	1	0	1	-167.0	0.094	0.286	NaN	NaN	0.224	0.636	NaN	NaN	6.72	22.26	NaN	NaN	0.0	"2.5"	"F0034"	1	0	"PR"	761.331	"wash-en"	4.302	1	1	1	989.472	0.0	1090.077	null	1852.038	0.089
-11.9	0.053075	23625.0	2793.75	2259.375	NaN	NaN	NaN	0	0	0	0	0	1	1	0	0	0	0	0	1	0	0	0	0	1	1	0	1	1	1	0	1	-143.0	0.094	0.284	NaN	NaN	0.224	0.631	NaN	NaN	6.72	22.085	NaN	NaN	0.0	"2.5"	"F0034"	1	0	"PR"	771.368	"wash-en"	14.339	1	1	1	989.472	0.0	1090.077	null	1862.075	0.092
-0.1	0.054175	25875.0	2812.5	2278.125	NaN	NaN	NaN	0	0	0	0	0	1	1	0	0	0	0	0	1	0	0	0	0	0	0	0	1	0	0	0	1	-1.0	0.096	0.286	NaN	NaN	0.229	0.636	NaN	NaN	6.87	22.26	NaN	NaN	0.0	"2.5"	"F0034"	0	0	"PR"	781.498	"wash-sc"	4.31	1	1	1	989.472	0.0	1090.077	null	1872.205	0.087
-0.8	0.054175	375.0	2971.875	2278.125	NaN	NaN	NaN	0	0	0	0	0	0	0	0	0	0	0	0	0	0	0	0	0	0	0	0	1	0	0	0	1	-10.0	0.112	0.286	NaN	NaN	0.267	0.636	NaN	NaN	8.01	22.26	NaN	NaN	0.0	"2.5"	"F0034"	0	0	"PR"	791.331	"diffuse"	4.013	1	1	2	989.472	0.0	1090.077	null	1882.038	0.09
-0.8	0.054175	562.5	2971.875	2278.125	NaN	NaN	NaN	0	0	0	0	0	0	0	0	0	0	0	0	0	0	0	0	0	0	0	0	1	0	0	0	1	-10.0	0.112	0.286	NaN	NaN	0.267	0.636	NaN	NaN	8.01	22.26	NaN	NaN	0.0	"2.5"	"F0034"	0	0	"PR"	801.373	"diffuse"	14.055	1	1	2	989.472	0.0	1090.077	null	1892.08	0.093
-0.7	0.053625	375.0	3009.375	2278.125	NaN	NaN	NaN	0	0	0	0	0	0	0	0	0	0	0	0	0	0	0	0	0	0	0	0	1	0	0	0	1	-8.0	0.116	0.286	NaN	NaN	0.276	0.636	NaN	NaN	8.28	22.26	NaN	NaN	0.0	"2.5"	"F0034"	0	0	"PR"	811.41	"diffuse"	24.092	1	1	2	989.472	0.0	1090.077	null	1902.117	0.09
-11.9	0.05335	22125.0	2775.0	2268.75	NaN	NaN	NaN	0	0	0	0	0	1	1	0	0	0	0	0	1	0	0	0	0	1	1	0	1	1	1	0	1	-143.0	0.093	0.285	NaN	NaN	0.221	0.633	NaN	NaN	6.63	22.155	NaN	NaN	0.0	"2.5"	"F0034"	1	0	"PR"	821.536	"wash-en"	4.106	1	1	2	989.472	0.0	1090.077	null	1912.243	0.086
-12.1	0.0539	22875.0	2784.375	2278.125	NaN	NaN	NaN	0	0	0	0	0	1	1	0	0	0	0	0	1	0	0	0	0	1	1	0	1	1	1	0	1	-145.0	0.093	0.286	NaN	NaN	0.221	0.636	NaN	NaN	6.63	22.26	NaN	NaN	0.0	"2.5"	"F0034"	1	0	"PR"	831.373	"wash-en"	13.943	1	1	2	989.472	0.0	1090.077	null	1922.08	0.093
-0.1	0.0539	24562.5	2793.75	2278.125	NaN	NaN	NaN	0	0	0	0	0	1	1	0	0	0	0	0	1	0	0	0	0	0	0	0	1	0	0	0	1	-1.0	0.094	0.286	NaN	NaN	0.224	0.636	NaN	NaN	6.72	22.26	NaN	NaN	0.0	"2.5"	"F0034"	0	0	"PR"	841.5	"wash-sc"	3.906	1	1	2	989.472	0.0	1090.077	null	1932.207	0.087
-0.4	0.0539	-1125.0	2971.875	2268.75	NaN	NaN	NaN	0	0	0	0	0	0	0	0	0	0	0	0	0	0	0	0	0	0	0	0	1	0	0	0	1	-5.0	0.112	0.285	NaN	NaN	0.267	0.633	NaN	NaN	8.01	22.155	NaN	NaN	0.0	"2.5"	"F0034"	0	0	"PR"	851.536	"diffuse"	3.813	1	1	3	989.472	0.0	1090.077	null	1942.243	0.09
-0.1	0.05445	1500.0	2981.25	2278.125	NaN	NaN	NaN	0	0	0	0	0	0	0	0	0	0	0	0	0	0	0	0	0	0	0	0	1	0	0	0	1	-1.0	0.113	0.286	NaN	NaN	0.269	0.636	NaN	NaN	8.07	22.26	NaN	NaN	0.0	"2.5"	"F0034"	0	0	"PR"	861.578	"diffuse"	13.855	1	1	3	989.472	0.0	1090.077	null	1952.285	0.093
-0.4	0.05445	562.5	2962.5	2240.625	NaN	NaN	NaN	0	0	0	0	0	0	0	0	0	0	0	0	0	0	0	0	0	0	0	0	1	0	0	0	1	-5.0	0.111	0.282	NaN	NaN	0.264	0.627	NaN	NaN	7.92	21.945	NaN	NaN	0.0	"2.5"	"F0034"	0	0	"PR"	871.616	"diffuse"	23.893	1	1	3	989.472	0.0	1090.077	null	1962.323	0.086
-11.6	0.053625	23062.5	2821.875	2259.375	NaN	NaN	NaN	0	0	0	0	0	1	1	0	0	0	0	0	1	0	0	0	0	1	1	0	1	1	1	0	1	-139.0	0.097	0.284	NaN	NaN	0.231	0.631	NaN	NaN	6.93	22.085	NaN	NaN	0.0	"2.5"	"F0034"	1	0	"PR"	881.54	"wash-en"	3.703	1	1	3	989.472	0.0	1090.077	null	1972.247	0.087
-11.6	0.0539	25312.5	2831.25	2259.375	NaN	NaN	NaN	0	0	0	0	0	1	1	0	0	0	0	0	1	0	0	0	0	1	1	0	1	1	1	0	1	-139.0	0.098	0.284	NaN	NaN	0.233	0.631	NaN	NaN	6.99	22.085	NaN	NaN	0.0	"2.5"	"F0034"	1	0	"PR"	891.579	"wash-en"	13.742	1	1	3	989.472	0.0	1090.077	null	1982.286	0.092
0.6	0.053625	24187.5	2803.125	2278.125	NaN	NaN	NaN	0	0	0	0	0	1	1	0	0	0	0	0	1	0	0	0	0	0	0	0	1	0	0	0	1	7.0	0.095	0.286	NaN	NaN	0.226	0.636	NaN	NaN	6.78	22.26	NaN	NaN	0.0	"2.5"	"F0034"	0	0	"PR"	901.505	"wash-sc"	3.505	1	1	3	989.472	0.0	1090.077	null	1992.212	0.09
0.4	0.054175	1312.5	2971.875	2287.5	NaN	NaN	NaN	0	0	0	0	0	0	0	0	0	0	0	0	0	0	0	0	0	0	0	0	1	0	0	0	1	5.0	0.112	0.287	NaN	NaN	0.267	0.638	NaN	NaN	8.01	22.33	NaN	NaN	0.0	"2.5"	"F0034"	0	0	"PR"	911.537	"diffuse"	3.409	1	1	4	989.472	0.0	1090.077	null	2002.244	0.09
-0.1	0.0539	-375.0	2962.5	2278.125	NaN	NaN	NaN	0	0	0	0	0	0	0	0	0	0	0	0	0	0	0	0	0	0	0	0	1	0	0	0	1	-1.0	0.111	0.286	NaN	NaN	0.264	0.636	NaN	NaN	7.92	22.26	NaN	NaN	0.0	"2.5"	"F0034"	0	0	"PR"	921.571	"diffuse"	13.443	1	1	4	989.472	0.0	1090.077	null	2012.278	0.093
-0.4	0.053625	562.5	2971.875	2278.125	NaN	NaN	NaN	0	0	0	0	0	0	0	0	0	0	0	0	0	0	0	0	0	0	0	0	1	0	0	0	1	-5.0	0.112	0.286	NaN	NaN	0.267	0.636	NaN	NaN	8.01	22.26	NaN	NaN	0.0	"2.5"	"F0034"	0	0	"PR"	931.607	"diffuse"	23.479	1	1	4	989.472	0.0	1090.077	null	2022.314	0.09
-11.8	0.0539	22687.5	2775.0	2278.125	NaN	NaN	NaN	0	0	0	0	0	1	1	0	0	0	0	0	1	0	0	0	0	1	1	0	1	1	1	0	1	-142.0	0.093	0.286	NaN	NaN	0.221	0.636	NaN	NaN	6.63	22.26	NaN	NaN	0.0	"2.5"	"F0034"	1	0	"PR"	941.531	"wash-en"	3.302	1	1	4	989.472	0.0	1090.077	null	2032.238	0.086
-12.4	0.05335	23812.5	2784.375	2278.125	NaN	NaN	NaN	0	0	0	0	0	1	1	0	0	0	0	0	1	0	0	0	0	1	1	0	1	1	1	0	1	-149.0	0.093	0.286	NaN	NaN	0.221	0.636	NaN	NaN	6.63	22.26	NaN	NaN	0.0	"2.5"	"F0034"	1	0	"PR"	951.565	"wash-en"	13.336	1	1	4	989.472	0.0	1090.077	null	2042.272	0.092
-0.1	0.054175	23062.5	2831.25	2278.125	NaN	NaN	NaN	0	0	0	0	0	1	1	0	0	0	0	0	1	0	0	0	0	0	0	0	1	0	0	0	1	-1.0	0.098	0.286	NaN	NaN	0.233	0.636	NaN	NaN	6.99	22.26	NaN	NaN	0.0	"2.5"	"F0034"	0	0	"PR"	961.693	"wash-sc"	3.301	1	1	4	989.472	0.0	1090.077	null	2052.4	0.088
0.7	0.0539	-2437.5	2625.0	2278.125	NaN	NaN	NaN	0	0	0	0	1	0	0	0	0	0	0	0	0	0	0	0	0	0	0	0	1	0	0	0	1	8.0	0.078	0.286	NaN	NaN	0.186	0.636	NaN	NaN	5.58	22.26	NaN	NaN	0.0	"2.5"	"F0034"	0	0	"PR"	971.727	"drain-rg"	3.21	1	1	4	989.472	0.0	1090.077	null	2062.434	0.087
0.6	0.054175	-562.5	2306.25	2278.125	NaN	NaN	NaN	0	0	0	0	1	0	0	0	0	0	0	0	0	0	0	0	0	0	0	0	1	0	0	0	1	7.0	0.046	0.286	NaN	NaN	0.11	0.636	NaN	NaN	3.3	22.26	NaN	NaN	0.0	"2.5"	"F0034"	0	0	"PR"	981.559	"drain-rg"	13.042	1	1	4	989.472	0.0	1090.077	null	2072.266	0.086
0.5	0.054175	-937.5	1959.375	2278.125	NaN	NaN	NaN	0	0	0	0	1	0	0	0	0	0	0	0	0	0	0	0	0	0	0	0	1	0	0	0	1	6.0	0.011	0.286	NaN	NaN	0.026	0.636	NaN	NaN	0.78	22.26	NaN	NaN	0.0	"2.5"	"F0034"	0	0	"PR"	991.596	"drain-rg"	23.079	1	1	4	989.472	0.0	1090.077	null	2082.303	0.087
0.1	0.0539	-1125.0	1462.5	2278.125	NaN	NaN	NaN	0	0	0	0	1	0	0	0	0	0	0	0	0	0	0	0	0	0	0	0	1	0	0	0	1	1.0	-0.039	0.286	NaN	NaN	-0.093	0.636	NaN	NaN	-2.79	22.26	NaN	NaN	0.0	"2.5"	"F0034"	0	0	"PR"	1001.629	"drip-rg"	6.42	1	1	4	989.472	0.0	1090.077	null	2092.336	0.086
0.6	0.054175	-375.0	-28.125	2278.125	NaN	NaN	NaN	0	0	0	0	0	0	0	0	0	0	0	0	0	0	0	0	0	0	0	0	1	0	0	0	1	7.0	-0.188	0.286	NaN	NaN	-0.448	0.636	NaN	NaN	-13.44	22.26	NaN	NaN	0.0	"2.5"	"F0034"	0	0	"FR"	0.201	"begin"	0.201	2	1	0	2101.169	0.0	1090.077	null	2101.99	0.106
-0.3	0.0539	23812.5	1940.625	2053.125	NaN	NaN	NaN	0	0	1	0	0	1	0	0	0	0	0	0	1	0	0	0	0	0	0	0	1	0	0	0	1	-4.0	0.009	0.263	NaN	NaN	0.021	0.584	NaN	NaN	0.63	20.44	NaN	NaN	0.0	"2.5"	"F0034"	0	0	"FR"	10.658	"fill-rg-di"	10.457	2	1	0	2101.169	0.0	1090.077	null	2112.447	0.09
0.3	0.052525	23250.0	2287.5	1781.25	NaN	NaN	NaN	0	0	1	0	0	1	0	0	0	0	0	0	1	0	0	0	0	0	0	0	1	0	0	0	1	4.0	0.044	0.236	NaN	NaN	0.105	0.524	NaN	NaN	3.15	18.34	NaN	NaN	0.0	"2.5"	"F0034"	0	0	"FR"	20.695	"fill-rg-di"	20.494	2	1	0	2101.169	0.0	1090.077	null	2122.484	0.093
0.1	0.051975	23062.5	2625.0	1537.5	NaN	NaN	NaN	0	0	1	0	0	1	0	0	0	0	0	0	1	0	0	0	0	0	0	0	1	0	0	0	1	1.0	0.078	0.212	NaN	NaN	0.186	0.471	NaN	NaN	5.58	16.485	NaN	NaN	0.0	"2.5"	"F0034"	0	0	"FR"	30.53	"fill-rg-di"	30.329	2	1	0	2101.169	0.0	1090.077	null	2132.319	0.084
0.3	0.050875	22875.0	2934.375	1265.625	NaN	NaN	NaN	0	0	1	0	0	1	0	0	0	0	0	0	1	0	0	0	0	0	0	0	1	0	0	0	1	4.0	0.108	0.185	NaN	NaN	0.257	0.411	NaN	NaN	7.71	14.385	NaN	NaN	0.0	"2.5"	"F0034"	0	0	"FR"	40.566	"fill-rg-di"	40.365	2	1	0	2101.169	0.0	1090.077	null	2142.355	0.084
0.2	0.049775	24562.5	3243.75	1059.375	NaN	NaN	NaN	0	0	1	0	0	1	0	0	0	0	0	0	1	0	0	0	0	0	0	0	1	0	0	0	1	2.0	0.139	0.164	NaN	NaN	0.331	0.364	NaN	NaN	9.93	12.74	NaN	NaN	0.0	"2.5"	"F0034"	0	0	"FR"	50.604	"fill-rg-di"	50.403	2	1	0	2101.169	0.0	1090.077	null	2152.393	0.085
0.3	0.049775	1875.0	2765.625	993.75	NaN	NaN	NaN	0	0	0	0	1	0	0	0	0	0	0	0	0	0	0	0	0	0	0	0	1	0	0	0	1	4.0	0.092	0.157	NaN	NaN	0.219	0.349	NaN	NaN	6.57	12.215	NaN	NaN	0.0	"2.5"	"F0034"	0	0	"FR"	60.637	"drain-rg"	8.627	2	1	0	2101.169	0.0	1090.077	null	2162.426	0.086
-0.1	0.049775	937.5	2409.375	984.375	NaN	NaN	NaN	0	0	0	0	1	0	0	0	0	0	0	0	0	0	0	0	0	0	0	0	1	0	0	0	1	-1.0	0.056	0.156	NaN	NaN	0.133	0.347	NaN	NaN	3.99	12.145	NaN	NaN	0.0	"2.5"	"F0034"	0	0	"FR"	70.672	"drain-rg"	18.662	2	1	0	2101.169	0.0	1090.077	null	2172.461	0.086
0.3	0.049225	1500.0	2043.75	993.75	NaN	NaN	NaN	0	0	0	0	1	0	0	0	0	0	0	0	0	0	0	0	0	0	0	0	1	0	0	0	1	4.0	0.019	0.157	NaN	NaN	0.045	0.349	NaN	NaN	1.35	12.215	NaN	NaN	0.0	"2.5"	"F0034"	0	0	"FR"	80.715	"drain-rg"	28.705	2	1	0	2101.169	0.0	1090.077	null	2182.504	0.087
0.2	0.049225	1125.0	1612.5	984.375	NaN	NaN	NaN	0	0	0	0	1	0	0	0	0	0	0	0	0	0	0	0	0	0	0	0	1	0	0	0	1	2.0	-0.024	0.156	NaN	NaN	-0.057	0.347	NaN	NaN	-1.71	12.145	NaN	NaN	0.0	"2.5"	"F0034"	0	0	"FR"	90.747	"drip-rg"	4.412	2	1	0	2101.169	0.0	1090.077	null	2192.536	0.084
0.5	0.049775	937.5	0.0	1003.125	NaN	NaN	NaN	0	0	0	0	1	0	0	0	0	0	0	0	0	0	0	0	0	0	0	0	1	0	0	0	1	6.0	-0.185	0.158	NaN	NaN	-0.44	0.351	NaN	NaN	-13.2	12.285	NaN	NaN	0.0	"2.5"	"F0034"	0	0	"FR"	100.782	"drip-rg"	14.447	2	1	0	2101.169	0.0	1090.077	null	2202.571	0.088
0.1	0.049225	24000.0	1856.25	778.125	NaN	NaN	NaN	0	0	1	0	0	1	0	0	0	0	0	0	1	0	0	0	0	0	0	0	1	0	0	0	1	1.0	0.001	0.136	NaN	NaN	0.002	0.302	NaN	NaN	0.06	10.57	NaN	NaN	0.0	"2.5"	"F0034"	0	0	"PR"	8.453	"fill-rg-di"	8.252	2	0	0	2101.169	0.0	2203.374	null	2212.448	0.084
-0.1	0.048125	24375.0	2240.625	525.0	NaN	NaN	NaN	0	0	1	0	0	1	0	0	0	0	0	0	1	0	0	0	0	0	0	0	1	0	0	0	1	-1.0	0.039	0.111	NaN	NaN	0.093	0.247	NaN	NaN	2.79	8.645	NaN	NaN	0.0	"2.5"	"F0034"	0	0	"PR"	18.492	"fill-rg-di"	18.291	2	0	0	2101.169	0.0	2203.374	null	2222.487	0.09
0.3	0.0473	23437.5	2559.375	271.875	NaN	NaN	NaN	0	0	1	0	0	1	0	0	0	0	0	0	1	0	0	0	0	0	0	0	1	0	0	0	1	4.0	0.071	0.085	NaN	NaN	0.169	0.189	NaN	NaN	5.07	6.615	NaN	NaN	0.0	"2.5"	"F0034"	0	0	"PR"	28.53	"fill-rg-di"	28.329	2	0	0	2101.169	0.0	2203.374	null	2232.525	0.084
-0.1	0.0462	562.5	2803.125	121.875	NaN	NaN	NaN	1	0	0	0	0	0	0	0	0	0	0	0	0	1	0	0	0	0	0	0	1	0	0	0	1	-1.0	0.095	0.07	NaN	NaN	0.226	0.156	NaN	NaN	6.78	5.46	NaN	NaN	0.0	"2.5"	"F0034"	0	0	"PR"	38.565	"fill-di-lb"	2.006	2	0	0	2101.169	0.0	2203.374	null	2242.56	0.086
-0.3	0.046475	1500.0	2812.5	412.5	NaN	NaN	NaN	1	0	0	0	0	0	0	0	0	0	0	0	0	1	0	0	0	0	0	0	1	0	0	0	1	-4.0	0.096	0.099	NaN	NaN	0.229	0.22	NaN	NaN	6.87	7.7	NaN	NaN	0.0	"2.5"	"F0034"	0	0	"PR"	48.605	"fill-di-lb"	12.046	2	0	0	2101.169	0.0	2203.374	null	2252.6	0.091
0.5	0.0462	2625.0	2803.125	721.875	NaN	NaN	NaN	1	0	0	0	0	0	0	0	0	0	0	0	0	1	0	0	0	0	0	0	1	0	0	0	1	6.0	0.095	0.13	NaN	NaN	0.226	0.289	NaN	NaN	6.78	10.115	NaN	NaN	0.0	"2.5"	"F0034"	0	0	"PR"	58.636	"fill-di-lb"	22.077	2	0	0	2101.169	0.0	2203.374	null	2262.631	0.087
-0.1	0.045925	3187.5	2812.5	1003.125	NaN	NaN	NaN	1	0	0	0	0	0	0	0	0	0	0	0	0	1	0	0	0	0	0	0	1	0	0	0	1	-1.0	0.096	0.158	NaN	NaN	0.229	0.351	NaN	NaN	6.87	12.285	NaN	NaN	0.0	"2.5"	"F0034"	0	0	"PR"	68.67	"fill-di-lb"	32.111	2	0	0	2101.169	0.0	2203.374	null	2272.665	0.084
0.1	0.04675	1500.0	2803.125	1303.125	NaN	NaN	NaN	1	0	0	0	0	0	0	0	0	0	0	0	0	1	0	0	0	0	0	0	1	0	0	0	1	1.0	0.095	0.188	NaN	NaN	0.226	0.418	NaN	NaN	6.78	14.63	NaN	NaN	0.0	"2.5"	"F0034"	0	0	"PR"	78.508	"fill-di-lb"	41.949	2	0	0	2101.169	0.0	2203.374	null	2282.503	0.085
0.3	0.0462	2062.5	2793.75	1584.375	NaN	NaN	NaN	1	0	0	0	0	0	0	0	0	0	0	0	0	1	0	0	0	0	0	0	1	0	0	0	1	4.0	0.094	0.216	NaN	NaN	0.224	0.48	NaN	NaN	6.72	16.8	NaN	NaN	0.0	"2.5"	"F0034"	0	0	"PR"	88.542	"fill-di-lb"	51.983	2	0	0	2101.169	0.0	2203.374	null	2292.537	0.084
0.4	0.0462	2437.5	2784.375	1875.0	NaN	NaN	NaN	1	0	0	0	0	0	0	0	0	0	0	0	0	1	0	0	0	0	0	0	1	0	0	0	1	5.0	0.093	0.245	NaN	NaN	0.221	0.544	NaN	NaN	6.63	19.04	NaN	NaN	0.0	"2.5"	"F0034"	0	0	"PR"	98.577	"fill-di-lb"	62.018	2	0	0	2101.169	0.0	2203.374	null	2302.572	0.085
0.6	0.0462	3187.5	2784.375	2156.25	NaN	NaN	NaN	1	0	0	0	0	0	0	0	0	0	0	0	0	1	0	0	0	0	0	0	1	0	0	0	1	7.0	0.093	0.274	NaN	NaN	0.221	0.609	NaN	NaN	6.63	21.315	NaN	NaN	0.0	"2.5"	"F0034"	0	0	"PR"	108.613	"fill-di-lb"	72.054	2	0	0	2101.169	0.0	2203.374	null	2312.608	0.087
0.6	0.0462	2437.5	2953.125	2165.625	NaN	NaN	NaN	1	0	0	0	0	0	0	0	0	0	0	0	0	1	0	0	0	0	0	0	1	0	0	0	1	7.0	0.11	0.275	NaN	NaN	0.262	0.611	NaN	NaN	7.86	21.385	NaN	NaN	0.0	"2.5"	"F0034"	0	0	"PR"	118.647	"fill-di"	1.405	2	0	0	2101.169	0.0	2203.374	null	2322.642	0.084
-11.8	0.0451	29812.5	2971.875	2587.5	NaN	NaN	NaN	0	1	1	0	0	0	0	0	0	0	0	0	1	0	0	0	0	1	1	0	1	1	1	0	1	-142.0	0.112	0.317	NaN	NaN	0.267	0.704	NaN	NaN	8.01	24.64	NaN	NaN	0.0	"2.5"	"F0034"	1	0	"PR"	128.697	"deionize"	6.639	2	1	0	2101.169	0.0	2203.374	null	2332.692	0.086
-12.0	0.044275	30000.0	2962.5	2512.5	NaN	NaN	NaN	0	1	1	0	0	0	0	0	0	0	0	0	1	0	0	0	0	1	1	0	1	1	1	0	1	-144.0	0.111	0.309	NaN	NaN	0.264	0.687	NaN	NaN	7.92	24.045	NaN	NaN	0.0	"2.5"	"F0034"	1	0	"PR"	138.731	"deionize"	16.673	2	1	0	2101.169	0.0	2203.374	null	2342.726	0.084
-12.2	0.04345	30000.0	2971.875	2550.0	NaN	NaN	NaN	0	1	1	0	0	0	0	0	0	0	0	0	1	0	0	0	0	1	1	0	1	1	1	0	1	-146.0	0.112	0.313	NaN	NaN	0.267	0.696	NaN	NaN	8.01	24.36	NaN	NaN	0.0	"2.5"	"F0034"	1	0	"PR"	148.77	"deionize"	26.712	2	1	0	2101.169	0.0	2203.374	null	2352.765	0.084
-12.0	0.0429	29625.0	2971.875	2512.5	NaN	NaN	NaN	0	1	1	0	0	0	0	0	0	0	0	0	1	0	0	0	0	1	1	0	1	1	1	0	1	-144.0	0.112	0.309	NaN	NaN	0.267	0.687	NaN	NaN	8.01	24.045	NaN	NaN	0.0	"2.5"	"F0034"	1	0	"PR"	158.605	"deionize"	36.547	2	1	0	2101.169	0.0	2203.374	null	2362.6	0.085
-11.6	0.0418	29812.5	2981.25	2512.5	NaN	NaN	NaN	0	1	1	0	0	0	0	0	0	0	0	0	1	0	0	0	0	1	1	0	1	1	1	0	1	-139.0	0.113	0.309	NaN	NaN	0.269	0.687	NaN	NaN	8.07	24.045	NaN	NaN	0.0	"2.5"	"F0034"	1	0	"PR"	168.64	"deionize"	46.582	2	1	0	2101.169	0.0	2203.374	null	2372.635	0.082
-11.3	0.040975	30000.0	2962.5	2512.5	NaN	NaN	NaN	0	1	1	0	0	0	0	0	0	0	0	0	1	0	0	0	0	1	1	0	1	1	1	0	1	-136.0	0.111	0.309	NaN	NaN	0.264	0.687	NaN	NaN	7.92	24.045	NaN	NaN	0.0	"2.5"	"F0034"	1	0	"PR"	178.679	"deionize"	56.621	2	1	0	2101.169	0.0	2203.374	null	2382.674	0.085
-12.0	0.039875	30187.5	2962.5	2559.375	NaN	NaN	NaN	0	1	1	0	0	0	0	0	0	0	0	0	1	0	0	0	0	1	1	0	1	1	1	0	1	-144.0	0.111	0.314	NaN	NaN	0.264	0.698	NaN	NaN	7.92	24.43	NaN	NaN	0.0	"2.5"	"F0034"	1	0	"PR"	188.716	"deionize"	66.658	2	1	0	2101.169	0.0	2203.374	null	2392.711	0.084
-11.3	0.03905	29250.0	2953.125	2531.25	NaN	NaN	NaN	0	1	1	0	0	0	0	0	0	0	0	0	1	0	0	0	0	1	1	0	1	1	1	0	1	-136.0	0.11	0.311	NaN	NaN	0.262	0.691	NaN	NaN	7.86	24.185	NaN	NaN	0.0	"2.5"	"F0034"	1	0	"PR"	198.751	"deionize"	76.693	2	1	0	2101.169	0.0	2203.374	null	2402.746	0.084
-11.7	0.038225	29437.5	2953.125	2512.5	NaN	NaN	NaN	0	1	1	0	0	0	0	0	0	0	0	0	1	0	0	0	0	1	1	0	1	1	1	0	1	-140.0	0.11	0.309	NaN	NaN	0.262	0.687	NaN	NaN	7.86	24.045	NaN	NaN	0.0	"2.5"	"F0034"	1	0	"PR"	208.793	"deionize"	86.735	2	1	0	2101.169	0.0	2203.374	null	2412.788	0.087
-11.9	0.037125	29250.0	2934.375	2409.375	NaN	NaN	NaN	0	1	1	0	0	0	0	0	0	0	0	0	1	0	0	0	0	1	1	0	1	1	1	0	1	-143.0	0.108	0.299	NaN	NaN	0.257	0.664	NaN	NaN	7.71	23.24	NaN	NaN	0.0	"2.5"	"F0034"	1	0	"PR"	218.83	"deionize"	96.772	2	1	0	2101.169	0.0	2203.374	null	2422.825	0.084
-12.0	0.037125	29625.0	2934.375	2559.375	NaN	NaN	NaN	0	1	1	0	0	0	0	0	0	0	0	0	1	0	0	0	0	1	1	0	1	1	1	0	1	-144.0	0.108	0.314	NaN	NaN	0.257	0.698	NaN	NaN	7.71	24.43	NaN	NaN	0.0	"2.5"	"F0034"	1	0	"PR"	228.864	"deionize"	106.806	2	1	0	2101.169	0.0	2203.374	null	2432.859	0.084
-12.0	0.037125	30000.0	2981.25	2465.625	NaN	NaN	NaN	0	1	1	0	0	0	0	0	0	0	0	0	1	0	0	0	0	1	1	0	1	1	1	0	1	-144.0	0.113	0.305	NaN	NaN	0.269	0.678	NaN	NaN	8.07	23.73	NaN	NaN	0.0	"2.5"	"F0034"	1	0	"PR"	238.703	"deionize"	116.645	2	1	0	2101.169	0.0	2203.374	null	2442.698	0.091
-11.8	0.0363	30375.0	2953.125	2428.125	NaN	NaN	NaN	0	1	1	0	0	0	0	0	0	0	0	0	1	0	0	0	0	1	1	0	1	1	1	0	1	-142.0	0.11	0.301	NaN	NaN	0.262	0.669	NaN	NaN	7.86	23.415	NaN	NaN	0.0	"2.5"	"F0034"	1	0	"PR"	248.739	"deionize"	126.681	2	1	0	2101.169	0.0	2203.374	null	2452.734	0.091
-12.0	0.0363	30000.0	2981.25	2521.875	NaN	NaN	NaN	0	1	1	0	0	0	0	0	0	0	0	0	1	0	0	0	0	1	1	0	1	1	1	0	1	-144.0	0.113	0.31	NaN	NaN	0.269	0.689	NaN	NaN	8.07	24.115	NaN	NaN	0.0	"2.5"	"F0034"	1	0	"PR"	258.778	"deionize"	136.72	2	1	0	2101.169	0.0	2203.374	null	2462.773	0.092
-12.4	0.034925	30000.0	2953.125	2437.5	NaN	NaN	NaN	0	1	1	0	0	0	0	0	0	0	0	0	1	0	0	0	0	1	1	0	1	1	1	0	1	-149.0	0.11	0.302	NaN	NaN	0.262	0.671	NaN	NaN	7.86	23.485	NaN	NaN	0.0	"2.5"	"F0034"	1	0	"PR"	268.816	"deionize"	146.758	2	1	0	2101.169	0.0	2203.374	null	2472.811	0.087
-12.2	0.03465	30000.0	2962.5	2512.5	NaN	NaN	NaN	0	1	1	0	0	0	0	0	0	0	0	0	1	0	0	0	0	1	1	0	1	1	1	0	1	-146.0	0.111	0.309	NaN	NaN	0.264	0.687	NaN	NaN	7.92	24.045	NaN	NaN	0.0	"2.5"	"F0034"	1	0	"PR"	278.854	"deionize"	156.796	2	1	0	2101.169	0.0	2203.374	null	2482.849	0.085
-12.3	0.034375	30000.0	2962.5	2418.75	NaN	NaN	NaN	0	1	1	0	0	0	0	0	0	0	0	0	1	0	0	0	0	1	1	0	1	1	1	0	1	-148.0	0.111	0.3	NaN	NaN	0.264	0.667	NaN	NaN	7.92	23.345	NaN	NaN	0.0	"2.5"	"F0034"	1	0	"PR"	288.895	"deionize"	166.837	2	1	0	2101.169	0.0	2203.374	null	2492.89	0.087
-11.8	0.0341	30000.0	2953.125	2465.625	NaN	NaN	NaN	0	1	1	0	0	0	0	0	0	0	0	0	1	0	0	0	0	1	1	0	1	1	1	0	1	-142.0	0.11	0.305	NaN	NaN	0.262	0.678	NaN	NaN	7.86	23.73	NaN	NaN	0.0	"2.5"	"F0034"	1	0	"PR"	298.928	"deionize"	176.87	2	1	0	2101.169	0.0	2203.374	null	2502.923	0.084
-11.9	0.033275	30000.0	2953.125	2362.5	NaN	NaN	NaN	0	1	1	0	0	0	0	0	0	0	0	0	1	0	0	0	0	1	1	0	1	1	1	0	1	-143.0	0.11	0.294	NaN	NaN	0.262	0.653	NaN	NaN	7.86	22.855	NaN	NaN	0.0	"2.5"	"F0034"	1	0	"PR"	308.765	"deionize"	186.707	2	1	0	2101.169	0.0	2203.374	null	2512.76	0.087
-11.7	0.033	29625.0	2943.75	2465.625	NaN	NaN	NaN	0	1	1	0	0	0	0	0	0	0	0	0	1	0	0	0	0	1	1	0	1	1	1	0	1	-140.0	0.109	0.305	NaN	NaN	0.26	0.678	NaN	NaN	7.8	23.73	NaN	NaN	0.0	"2.5"	"F0034"	1	0	"PR"	318.805	"deionize"	196.747	2	1	0	2101.169	0.0	2203.374	null	2522.8	0.095
-11.5	0.03245	30000.0	2962.5	2390.625	NaN	NaN	NaN	0	1	1	0	0	0	0	0	0	0	0	0	1	0	0	0	0	1	1	0	1	1	1	0	1	-138.0	0.111	0.297	NaN	NaN	0.264	0.66	NaN	NaN	7.92	23.1	NaN	NaN	0.0	"2.5"	"F0034"	1	0	"PR"	328.843	"deionize"	206.785	2	1	0	2101.169	0.0	2203.374	null	2532.838	0.09
-11.3	0.032175	30000.0	2953.125	2400.0	NaN	NaN	NaN	0	1	1	0	0	0	0	0	0	0	0	0	1	0	0	0	0	1	1	0	1	1	1	0	1	-136.0	0.11	0.298	NaN	NaN	0.262	0.662	NaN	NaN	7.86	23.17	NaN	NaN	0.0	"2.5"	"F0034"	1	0	"PR"	338.882	"deionize"	216.824	2	1	0	2101.169	0.0	2203.374	null	2542.877	0.092
-11.4	0.0319	30187.5	2953.125	2418.75	NaN	NaN	NaN	0	1	1	0	0	0	0	0	0	0	0	0	1	0	0	0	0	1	1	0	1	1	1	0	1	-137.0	0.11	0.3	NaN	NaN	0.262	0.667	NaN	NaN	7.86	23.345	NaN	NaN	0.0	"2.5"	"F0034"	1	0	"PR"	348.919	"deionize"	226.861	2	1	0	2101.169	0.0	2203.374	null	2552.914	0.094
-11.5	0.0308	30000.0	2934.375	2493.75	NaN	NaN	NaN	0	1	1	0	0	0	0	0	0	0	0	0	1	0	0	0	0	1	1	0	1	1	1	0	1	-138.0	0.108	0.307	NaN	NaN	0.257	0.682	NaN	NaN	7.71	23.87	NaN	NaN	0.0	"2.5"	"F0034"	1	0	"PR"	358.955	"deionize"	236.897	2	1	0	2101.169	0.0	2203.374	null	2562.95	0.087
-11.1	0.030525	30000.0	2962.5	2400.0	NaN	NaN	NaN	0	1	1	0	0	0	0	0	0	0	0	0	1	0	0	0	1	1	1	0	1	1	1	0	1	-133.0	0.111	0.298	NaN	NaN	0.264	0.662	NaN	NaN	7.92	23.17	NaN	NaN	0.0	"2.5"	"F0034"	1	0	"PR"	368.9	"deionize-uv"	6.732	2	1	0	2101.169	0.0	2203.374	null	2572.895	0.091
-11.0	0.030525	28500.0	2953.125	2418.75	NaN	NaN	NaN	0	1	1	0	0	0	0	0	0	0	0	0	1	0	0	0	1	1	1	0	1	1	1	0	1	-132.0	0.11	0.3	NaN	NaN	0.262	0.667	NaN	NaN	7.86	23.345	NaN	NaN	0.0	"2.5"	"F0034"	1	0	"PR"	378.933	"deionize-uv"	16.765	2	1	0	2101.169	0.0	2203.374	null	2582.928	0.09
-11.0	0.0297	29812.5	2962.5	2493.75	NaN	NaN	NaN	0	1	1	0	0	0	0	0	0	0	0	0	1	0	0	0	1	1	1	0	1	1	1	0	1	-132.0	0.111	0.307	NaN	NaN	0.264	0.682	NaN	NaN	7.92	23.87	NaN	NaN	0.0	"2.5"	"F0034"	1	0	"PR"	388.968	"deionize-uv"	26.8	2	1	0	2101.169	0.0	2203.374	null	2592.963	0.09
-10.7	0.029425	29437.5	2943.75	2409.375	NaN	NaN	NaN	0	1	1	0	0	0	0	0	0	0	0	0	1	0	0	0	1	1	1	0	1	1	1	0	1	-128.0	0.109	0.299	NaN	NaN	0.26	0.664	NaN	NaN	7.8	23.24	NaN	NaN	0.0	"2.5"	"F0034"	1	0	"PR"	399.006	"deionize-uv"	36.838	2	1	0	2101.169	0.0	2203.374	null	2603.001	0.088
-10.6	0.0297	30000.0	2962.5	2390.625	NaN	NaN	NaN	0	1	1	0	0	0	0	0	0	0	0	0	1	0	0	0	1	1	1	0	1	1	1	0	1	-127.0	0.111	0.297	NaN	NaN	0.264	0.66	NaN	NaN	7.92	23.1	NaN	NaN	0.0	"2.5"	"F0034"	1	0	"PR"	409.043	"deionize-uv"	46.875	2	1	0	2101.169	0.0	2203.374	null	2613.038	0.09
-10.6	0.02915	29812.5	2934.375	2390.625	NaN	NaN	NaN	0	1	1	0	0	0	0	0	0	0	0	0	1	0	0	0	1	1	1	0	1	1	1	0	1	-127.0	0.108	0.297	NaN	NaN	0.257	0.66	NaN	NaN	7.71	23.1	NaN	NaN	0.0	"2.5"	"F0034"	1	0	"PR"	419.07	"deionize-uv"	56.902	2	1	0	2101.169	0.0	2203.374	null	2623.065	0.087
-10.5	0.028875	29625.0	2934.375	2400.0	NaN	NaN	NaN	0	1	1	0	0	0	0	0	0	0	0	0	1	0	0	0	1	1	1	0	1	1	1	0	1	-126.0	0.108	0.298	NaN	NaN	0.257	0.662	NaN	NaN	7.71	23.17	NaN	NaN	0.0	"2.5"	"F0034"	1	0	"PR"	428.907	"deionize-uv"	66.739	2	1	0	2101.169	0.0	2203.374	null	2632.902	0.086
-9.8	0.02805	30000.0	2943.75	2456.25	NaN	NaN	NaN	0	1	1	0	0	0	0	0	0	0	0	0	1	0	0	0	1	1	1	0	1	1	1	0	1	-118.0	0.109	0.304	NaN	NaN	0.26	0.676	NaN	NaN	7.8	23.66	NaN	NaN	0.0	"2.5"	"F0034"	1	0	"PR"	438.941	"deionize-uv"	76.773	2	1	0	2101.169	0.0	2203.374	null	2642.936	0.09
-10.6	0.027225	30000.0	2953.125	2493.75	NaN	NaN	NaN	0	1	1	0	0	0	0	0	0	0	0	0	1	0	0	0	1	1	1	0	1	1	1	0	1	-127.0	0.11	0.307	NaN	NaN	0.262	0.682	NaN	NaN	7.86	23.87	NaN	NaN	0.0	"2.5"	"F0034"	1	0	"PR"	448.981	"deionize-uv"	86.813	2	1	0	2101.169	0.0	2203.374	null	2652.976	0.092
-9.9	0.02695	29062.5	2962.5	2503.125	NaN	NaN	NaN	0	1	1	0	0	0	0	0	0	0	0	0	1	0	0	0	1	1	1	0	1	1	1	0	1	-119.0	0.111	0.308	NaN	NaN	0.264	0.684	NaN	NaN	7.92	23.94	NaN	NaN	0.0	"2.5"	"F0034"	1	0	"PR"	459.012	"deionize-uv"	96.844	2	1	0	2101.169	0.0	2203.374	null	2663.007	0.09
-9.5	0.026675	29625.0	2971.875	2381.25	NaN	NaN	NaN	0	1	1	0	0	0	0	0	0	0	0	0	1	0	0	0	1	1	1	0	1	1	1	0	1	-114.0	0.112	0.296	NaN	NaN	0.267	0.658	NaN	NaN	8.01	23.03	NaN	NaN	0.0	"2.5"	"F0034"	1	0	"PR"	469.049	"deionize-uv"	106.881	2	1	0	2101.169	0.0	2203.374	null	2673.044	0.093
-9.3	0.02695	29437.5	2943.75	2437.5	NaN	NaN	NaN	0	1	1	0	0	0	0	0	0	0	0	0	1	0	0	0	1	1	1	0	1	1	1	0	1	-112.0	0.109	0.302	NaN	NaN	0.26	0.671	NaN	NaN	7.8	23.485	NaN	NaN	0.0	"2.5"	"F0034"	1	0	"PR"	479.087	"deionize-uv"	116.919	2	1	0	2101.169	0.0	2203.374	null	2683.082	0.091
-9.5	0.0264	23250.0	2943.75	1912.5	NaN	NaN	NaN	0	0	1	0	0	0	0	1	0	0	0	0	1	0	0	0	1	1	1	0	1	1	1	0	1	-114.0	0.109	0.249	NaN	NaN	0.26	0.553	NaN	NaN	7.8	19.355	NaN	NaN	0.0	"2.5"	"F0034"	1	0	"PR"	489.05	"drain-di-1"	6.751	2	1	0	2101.169	0.0	2203.374	null	2693.045	0.091
-12.0	0.0264	23437.5	2953.125	1659.375	NaN	NaN	NaN	0	0	1	0	0	0	0	1	0	0	0	0	1	0	0	0	1	1	1	0	1	1	1	0	1	-144.0	0.11	0.224	NaN	NaN	0.262	0.498	NaN	NaN	7.86	17.43	NaN	NaN	0.0	"2.5"	"F0034"	1	0	"PR"	499.089	"drain-di-1"	16.79	2	1	0	2101.169	0.0	2203.374	null	2703.084	0.092
-9.1	0.026125	25125.0	2953.125	1425.0	NaN	NaN	NaN	0	0	1	0	0	0	0	1	0	0	0	0	1	0	0	0	1	1	1	0	1	1	1	0	1	-109.0	0.11	0.2	NaN	NaN	0.262	0.444	NaN	NaN	7.86	15.54	NaN	NaN	0.0	"2.5"	"F0034"	1	0	"PR"	509.127	"drain-di-1"	26.828	2	1	0	2101.169	0.0	2203.374	null	2713.122	0.09
-9.4	0.025575	25125.0	2953.125	1153.125	NaN	NaN	NaN	0	0	1	0	0	0	0	1	0	0	0	0	1	0	0	0	1	1	1	0	1	1	1	0	1	-113.0	0.11	0.173	NaN	NaN	0.262	0.384	NaN	NaN	7.86	13.44	NaN	NaN	0.0	"2.5"	"F0034"	1	0	"PR"	519.163	"drain-di-1"	36.864	2	1	0	2101.169	0.0	2203.374	null	2723.158	0.091
-8.3	0.025025	24562.5	2971.875	918.75	NaN	NaN	NaN	0	0	1	0	0	0	0	1	0	0	0	0	1	0	0	0	1	1	1	0	1	1	1	0	1	-100.0	0.112	0.15	NaN	NaN	0.267	0.333	NaN	NaN	8.01	11.655	NaN	NaN	0.0	"2.5"	"F0034"	1	0	"PR"	529.003	"drain-di-1"	46.704	2	1	0	2101.169	0.0	2203.374	null	2732.998	0.085
-10.2	0.0253	26250.0	2962.5	675.0	NaN	NaN	NaN	0	0	1	0	0	0	0	1	0	0	0	0	1	0	0	0	1	1	1	0	1	1	1	0	1	-122.0	0.111	0.126	NaN	NaN	0.264	0.28	NaN	NaN	7.92	9.8	NaN	NaN	0.0	"2.5"	"F0034"	1	0	"PR"	539.036	"drain-di-1"	56.737	2	1	0	2101.169	0.0	2203.374	null	2743.031	0.087
-8.9	0.025025	23812.5	2953.125	421.875	NaN	NaN	NaN	0	0	1	0	0	0	0	1	0	0	0	0	1	0	0	0	1	1	1	0	1	1	1	0	1	-107.0	0.11	0.1	NaN	NaN	0.262	0.222	NaN	NaN	7.86	7.77	NaN	NaN	0.0	"2.5"	"F0034"	1	0	"PR"	549.071	"drain-di-1"	66.772	2	1	0	2101.169	0.0	2203.374	null	2753.066	0.087
-8.7	0.0253	23062.5	2943.75	150.0	NaN	NaN	NaN	0	0	1	0	0	0	0	1	0	0	0	0	1	0	0	0	1	1	1	0	1	1	1	0	1	-104.0	0.109	0.073	NaN	NaN	0.26	0.162	NaN	NaN	7.8	5.67	NaN	NaN	0.0	"2.5"	"F0034"	1	0	"PR"	559.11	"drain-di-1"	76.811	2	1	0	2101.169	0.0	2203.374	null	2763.105	0.087
-8.7	0.025575	24937.5	2934.375	-112.5	NaN	NaN	NaN	0	0	1	0	0	0	0	1	0	0	0	0	1	0	0	0	1	1	1	0	1	1	1	0	1	-104.0	0.108	0.047	NaN	NaN	0.257	0.104	NaN	NaN	7.71	3.64	NaN	NaN	0.0	"2.5"	"F0034"	1	0	"PR"	569.051	"drip-di-1"	6.529	2	1	0	2101.169	0.0	2203.374	null	2773.046	0.084
12.6	0.02475	15375.0	2756.25	-46.875	NaN	NaN	NaN	1	0	0	0	0	1	1	0	0	0	0	0	1	1	0	0	0	1	1	1	0	1	1	1	0	151.0	0.091	0.053	NaN	NaN	0.217	0.118	NaN	NaN	6.51	4.13	NaN	NaN	0.0	"2.5"	"F0034"	1	1	"PR"	579.061	"reverse-f"	1.368	2	1	0	2101.169	0.0	2203.374	null	2783.056	0.084
12.3	0.02585	26062.5	2775.0	178.125	NaN	NaN	NaN	1	0	0	0	0	1	1	0	0	0	0	0	1	1	0	0	0	1	1	1	0	1	1	1	0	148.0	0.093	0.076	NaN	NaN	0.221	0.169	NaN	NaN	6.63	5.915	NaN	NaN	0.0	"2.5"	"F0034"	1	1	"PR"	589.101	"reverse-f"	11.408	2	1	0	2101.169	0.0	2203.374	null	2793.096	0.088
12.6	0.028325	21750.0	2756.25	478.125	NaN	NaN	NaN	1	0	0	0	0	1	1	0	0	0	0	0	1	1	0	0	0	1	1	1	0	1	1	1	0	151.0	0.091	0.106	NaN	NaN	0.217	0.236	NaN	NaN	6.51	8.26	NaN	NaN	0.0	"2.5"	"F0034"	1	1	"PR"	599.132	"reverse-f"	21.439	2	1	0	2101.169	0.0	2203.374	null	2803.127	0.084
13.1	0.031625	24375.0	2793.75	759.375	NaN	NaN	NaN	1	0	0	0	0	1	1	0	0	0	0	0	1	1	0	0	0	1	1	1	0	1	1	1	0	157.0	0.094	0.134	NaN	NaN	0.224	0.298	NaN	NaN	6.72	10.43	NaN	NaN	0.0	"2.5"	"F0034"	1	1	"PR"	609.166	"reverse-f"	31.473	2	1	0	2101.169	0.0	2203.374	null	2813.161	0.086
12.9	0.0341	24937.5	2793.75	1059.375	NaN	NaN	NaN	1	0	0	0	0	1	1	0	0	0	0	0	1	1	0	0	0	1	1	1	0	1	1	1	0	155.0	0.094	0.164	NaN	NaN	0.224	0.364	NaN	NaN	6.72	12.74	NaN	NaN	0.0	"2.5"	"F0034"	1	1	"PR"	619.203	"reverse-f"	41.51	2	1	0	2101.169	0.0	2203.374	null	2823.198	0.087
12.3	0.0374	23625.0	2784.375	1350.0	NaN	NaN	NaN	1	0	0	0	0	1	1	0	0	0	0	0	1	1	0	0	0	1	1	1	0	1	1	1	0	148.0	0.093	0.193	NaN	NaN	0.221	0.429	NaN	NaN	6.63	15.015	NaN	NaN	0.0	"2.5"	"F0034"	1	1	"PR"	629.236	"reverse-f"	51.543	2	1	0	2101.169	0.0	2203.374	null	2833.231	0.083
12.5	0.039325	22312.5	2784.375	1621.875	NaN	NaN	NaN	1	0	0	0	0	1	1	0	0	0	0	0	1	1	0	0	0	1	1	1	0	1	1	1	0	150.0	0.093	0.22	NaN	NaN	0.221	0.489	NaN	NaN	6.63	17.115	NaN	NaN	0.0	"2.5"	"F0034"	1	1	"PR"	639.27	"reverse-f"	61.577	2	1	0	2101.169	0.0	2203.374	null	2843.265	0.086
12.9	0.042625	23062.5	2793.75	1921.875	NaN	NaN	NaN	1	0	0	0	0	1	1	0	0	0	0	0	1	1	0	0	0	1	1	1	0	1	1	1	0	155.0	0.094	0.25	NaN	NaN	0.224	0.556	NaN	NaN	6.72	19.46	NaN	NaN	0.0	"2.5"	"F0034"	1	1	"PR"	649.311	"reverse-f"	71.618	2	1	0	2101.169	0.0	2203.374	null	2853.306	0.087
12.6	0.044275	24937.5	2784.375	2212.5	NaN	NaN	NaN	1	0	0	0	0	1	1	0	0	0	0	0	1	1	0	0	0	1	1	1	0	1	1	1	0	151.0	0.093	0.279	NaN	NaN	0.221	0.62	NaN	NaN	6.63	21.7	NaN	NaN	0.0	"2.5"	"F0034"	1	1	"PR"	659.343	"reverse-f"	81.65	2	1	0	2101.169	0.0	2203.374	null	2863.338	0.087
12.6	0.046475	24000.0	2812.5	2240.625	NaN	NaN	NaN	0	0	0	0	0	1	1	0	0	0	0	0	1	0	0	0	0	1	1	1	0	1	1	1	0	151.0	0.096	0.282	NaN	NaN	0.229	0.627	NaN	NaN	6.87	21.945	NaN	NaN	0.0	"2.5"	"F0034"	1	1	"PR"	669.289	"reverse"	91.596	2	1	0	2101.169	0.0	2203.374	null	2873.284	0.088
12.1	0.04675	24750.0	2803.125	2268.75	NaN	NaN	NaN	0	0	0	0	0	1	1	0	0	0	0	0	1	0	0	0	0	1	1	1	0	1	1	1	0	145.0	0.095	0.285	NaN	NaN	0.226	0.633	NaN	NaN	6.78	22.155	NaN	NaN	0.0	"2.5"	"F0034"	1	1	"PR"	679.323	"reverse"	101.63	2	1	0	2101.169	0.0	2203.374	null	2883.318	0.086
12.4	0.047575	24562.5	2784.375	2278.125	NaN	NaN	NaN	0	0	0	0	0	1	1	0	0	0	0	0	1	0	0	0	0	1	1	1	0	1	1	1	0	149.0	0.093	0.286	NaN	NaN	0.221	0.636	NaN	NaN	6.63	22.26	NaN	NaN	0.0	"2.5"	"F0034"	1	1	"PR"	689.359	"reverse"	111.666	2	1	0	2101.169	0.0	2203.374	null	2893.354	0.086
12.6	0.04895	24187.5	2793.75	2250.0	NaN	NaN	NaN	0	0	0	0	0	1	1	0	0	0	0	0	1	0	0	0	0	1	1	1	0	1	1	1	0	151.0	0.094	0.283	NaN	NaN	0.224	0.629	NaN	NaN	6.72	22.015	NaN	NaN	0.0	"2.5"	"F0034"	1	1	"PR"	699.196	"reverse"	121.503	2	1	0	2101.169	0.0	2203.374	null	2903.191	0.084
12.6	0.049225	23062.5	2784.375	2268.75	NaN	NaN	NaN	0	0	0	0	0	1	1	0	0	0	0	0	1	0	0	0	0	1	1	1	0	1	1	1	0	151.0	0.093	0.285	NaN	NaN	0.221	0.633	NaN	NaN	6.63	22.155	NaN	NaN	0.0	"2.5"	"F0034"	1	1	"PR"	709.23	"reverse"	131.537	2	1	0	2101.169	0.0	2203.374	null	2913.225	0.084
12.6	0.049775	23812.5	2784.375	2268.75	NaN	NaN	NaN	0	0	0	0	0	1	1	0	0	0	0	0	1	0	0	0	0	1	1	1	0	1	1	1	0	151.0	0.093	0.285	NaN	NaN	0.221	0.633	NaN	NaN	6.63	22.155	NaN	NaN	0.0	"2.5"	"F0034"	1	1	"PR"	719.266	"reverse"	141.573	2	1	0	2101.169	0.0	2203.374	null	2923.261	0.084
