cur	ec	mod-ps	rg-ps	di-ps	fw1-ps	fw2-ps	pf-ps	vlv-di-fill	vlv-di-in	vlv-di-out	vlv-rg-fill	vlv-rg-drain	vlv-rg-in	vlv-rg-out	vlv-fw1-in	vlv-fw1-out	vlv-fw2-in	vlv-po	vlv-mod-drain	pmp-sys	pmp-di	pmp-fw1	pmp-fw2	uv	en-anode1	en-cath1	pl-anode1	pl-cath1	en-anode2	en-cath2	pl-anode2	pl-cath2	pw	rg-he	di-he	fw1-he	fw2-he	rg-lev	di-lev	fw1-lev	fw2-lev	rg-vol	di-vol	fw1-vol	fw2-vol	pr-ec	ver	sn	mod-en	mod-pl	proc	proc-time	ph	ph-time	count	cyc	rnd	pr-last	rc-last	fr-last	halt-re	time	exec
0.6	0.039875	19125.0	2831.25	2287.5	NaN	NaN	NaN	0	0	0	0	0	1	1	0	0	0	0	0	1	0	0	0	0	0	0	0	1	0	0	0	1	7.0	0.098	0.287	NaN	NaN	0.233	0.638	NaN	NaN	6.99	22.33	NaN	NaN	0.0	"2.5"	"F0034"	0	0	"PR"	8.249	"prime"	7.428	0	0	0	0.0	0.0	0.0	null	10.063	0.093
0.6	0.040425	21375.0	2775.0	2287.5	NaN	NaN	NaN	0	0	0	0	0	1	1	0	0	0	0	0	1	0	0	0	0	0	0	0	1	0	0	0	1	7.0	0.093	0.287	NaN	NaN	0.221	0.638	NaN	NaN	6.63	22.33	NaN	NaN	0.0	"2.5"	"F0034"	0	0	"PR"	8.45	"prime"	7.629	0	0	0	0.0	0.0	0.0	null	10.264	0.088
0.7	0.039875	19875.0	2840.625	2287.5	NaN	NaN	NaN	0	0	0	0	0	1	1	0	0	0	0	0	1	0	0	0	0	0	0	0	1	0	0	0	1	8.0	0.099	0.287	NaN	NaN	0.236	0.638	NaN	NaN	7.08	22.33	NaN	NaN	0.0	"2.5"	"F0034"	0	0	"PR"	18.285	"prime"	17.464	0	0	0	0.0	0.0	0.0	null	20.099	0.093
0.7	0.04015	20812.5	2793.75	2296.875	NaN	NaN	NaN	0	0	0	0	0	1	1	0	0	0	0	0	1	0	0	0	0	0	0	0	1	0	0	0	1	8.0	0.094	0.288	NaN	NaN	0.224	0.64	NaN	NaN	6.72	22.4	NaN	NaN	0.0	"2.5"	"F0034"	0	0	"PR"	28.318	"prime"	27.497	0	0	0	0.0	0.0	0.0	null	30.132	0.09
-10.3	0.0385	27562.5	2962.5	2625.0	NaN	NaN	NaN	0	1	1	0	0	0	0	0	0	0	0	0	1	0	0	0	0	1	1	0	1	1	1	0	1	-124.0	0.111	0.321	NaN	NaN	0.264	0.713	NaN	NaN	7.92	24.955	NaN	NaN	0.0	"2.5"	"F0034"	1	0	"PR"	38.363	"deionize"	7.03	0	1	0	0.0	0.0	0.0	null	40.177	0.093
-10.6	0.038775	29625.0	2971.875	2587.5	NaN	NaN	NaN	0	1	1	0	0	0	0	0	0	0	0	0	1	0	0	0	0	1	1	0	1	1	1	0	1	-127.0	0.112	0.317	NaN	NaN	0.267	0.704	NaN	NaN	8.01	24.64	NaN	NaN	0.0	"2.5"	"F0034"	1	0	"PR"	48.398	"deionize"	17.065	0	1	0	0.0	0.0	0.0	null	50.212	0.087
-10.3	0.0385	30000.0	2962.5	2625.0	NaN	NaN	NaN	0	1	1	0	0	0	0	0	0	0	0	0	1	0	0	0	0	1	1	0	1	1	1	0	1	-124.0	0.111	0.321	NaN	NaN	0.264	0.713	NaN	NaN	7.92	24.955	NaN	NaN	0.0	"2.5"	"F0034"	1	0	"PR"	58.435	"deionize"	27.102	0	1	0	0.0	0.0	0.0	null	60.249	0.084
-12.8	0.038225	28125.0	2953.125	2587.5	NaN	NaN	NaN	0	1	1	0	0	0	0	0	0	0	0	0	1	0	0	0	0	1	1	0	1	1	1	0	1	-154.0	0.11	0.317	NaN	NaN	0.262	0.704	NaN	NaN	7.86	24.64	NaN	NaN	0.0	"2.5"	"F0034"	1	0	"PR"	68.471	"deionize"	37.138	0	1	0	0.0	0.0	0.0	null	70.285	0.084
-11.7	0.038225	27000.0	2953.125	2596.875	NaN	NaN	NaN	0	1	1	0	0	0	0	0	0	0	0	0	1	0	0	0	0	1	1	0	1	1	1	0	1	-140.0	0.11	0.318	NaN	NaN	0.262	0.707	NaN	NaN	7.86	24.745	NaN	NaN	0.0	"2.5"	"F0034"	1	0	"PR"	78.509	"deionize"	47.176	0	1	0	0.0	0.0	0.0	null	80.323	0.084
-11.8	0.037675	26812.5	2981.25	2587.5	NaN	NaN	NaN	0	1	1	0	0	0	0	0	0	0	0	0	1	0	0	0	0	1	1	0	1	1	1	0	1	-142.0	0.113	0.317	NaN	NaN	0.269	0.704	NaN	NaN	8.07	24.64	NaN	NaN	0.0	"2.5"	"F0034"	1	0	"PR"	88.548	"deionize"	57.215	0	1	0	0.0	0.0	0.0	null	90.362	0.085
-11.9	0.037125	26812.5	2971.875	2625.0	NaN	NaN	NaN	0	1	1	0	0	0	0	0	0	0	0	0	1	0	0	0	0	1	1	0	1	1	1	0	1	-143.0	0.112	0.321	NaN	NaN	0.267	0.713	NaN	NaN	8.01	24.955	NaN	NaN	0.0	"2.5"	"F0034"	1	0	"PR"	98.383	"deionize"	67.05	0	1	0	0.0	0.0	0.0	null	100.197	0.091
-12.4	0.0363	29062.5	2971.875	2596.875	NaN	NaN	NaN	0	1	1	0	0	0	0	0	0	0	0	0	1	0	0	0	0	1	1	0	1	1	1	0	1	-149.0	0.112	0.318	NaN	NaN	0.267	0.707	NaN	NaN	8.01	24.745	NaN	NaN	0.0	"2.5"	"F0034"	1	0	"PR"	108.418	"deionize"	77.085	0	1	0	0.0	0.0	0.0	null	110.232	0.091
-11.7	0.034925	27750.0	2971.875	2606.25	NaN	NaN	NaN	0	1	1	0	0	0	0	0	0	0	0	0	1	0	0	0	0	1	1	0	1	1	1	0	1	-140.0	0.112	0.319	NaN	NaN	0.267	0.709	NaN	NaN	8.01	24.815	NaN	NaN	0.0	"2.5"	"F0034"	1	0	"PR"	118.462	"deionize"	87.129	0	1	0	0.0	0.0	0.0	null	120.276	0.091
-12.0	0.03465	30000.0	2981.25	2625.0	NaN	NaN	NaN	0	1	1	0	0	0	0	0	0	0	0	0	1	0	0	0	0	1	1	0	1	1	1	0	1	-144.0	0.113	0.321	NaN	NaN	0.269	0.713	NaN	NaN	8.07	24.955	NaN	NaN	0.0	"2.5"	"F0034"	1	0	"PR"	128.496	"deionize"	97.163	0	1	0	0.0	0.0	0.0	null	130.31	0.09
-12.6	0.03355	28125.0	2962.5	2578.125	NaN	NaN	NaN	0	1	1	0	0	0	0	0	0	0	0	0	1	0	0	0	0	1	1	0	1	1	1	0	1	-151.0	0.111	0.316	NaN	NaN	0.264	0.702	NaN	NaN	7.92	24.57	NaN	NaN	0.0	"2.5"	"F0034"	1	0	"PR"	138.535	"deionize"	107.202	0	1	0	0.0	0.0	0.0	null	140.349	0.091
-11.5	0.033275	28875.0	2953.125	2578.125	NaN	NaN	NaN	0	1	1	0	0	0	0	0	0	0	0	0	1	0	0	0	0	1	1	0	1	1	1	0	1	-138.0	0.11	0.316	NaN	NaN	0.262	0.702	NaN	NaN	7.86	24.57	NaN	NaN	0.0	"2.5"	"F0034"	1	0	"PR"	148.575	"deionize"	117.242	0	1	0	0.0	0.0	0.0	null	150.389	0.091
-11.7	0.03245	27562.5	2981.25	2550.0	NaN	NaN	NaN	0	1	1	0	0	0	0	0	0	0	0	0	1	0	0	0	0	1	1	0	1	1	1	0	1	-140.0	0.113	0.313	NaN	NaN	0.269	0.696	NaN	NaN	8.07	24.36	NaN	NaN	0.0	"2.5"	"F0034"	1	0	"PR"	158.61	"deionize"	127.277	0	1	0	0.0	0.0	0.0	null	160.424	0.087
-11.3	0.03135	26062.5	2962.5	2587.5	NaN	NaN	NaN	0	1	1	0	0	0	0	0	0	0	0	0	1	0	0	0	0	1	1	0	1	1	1	0	1	-136.0	0.111	0.317	NaN	NaN	0.264	0.704	NaN	NaN	7.92	24.64	NaN	NaN	0.0	"2.5"	"F0034"	1	0	"PR"	168.45	"deionize"	137.117	0	1	0	0.0	0.0	0.0	null	170.264	0.092
-11.9	0.030525	26437.5	2962.5	2587.5	NaN	NaN	NaN	0	1	1	0	0	0	0	0	0	0	0	0	1	0	0	0	0	1	1	0	1	1	1	0	1	-143.0	0.111	0.317	NaN	NaN	0.264	0.704	NaN	NaN	7.92	24.64	NaN	NaN	0.0	"2.5"	"F0034"	1	0	"PR"	178.488	"deionize"	147.155	0	1	0	0.0	0.0	0.0	null	180.302	0.091
-12.1	0.03025	26250.0	2981.25	2671.875	NaN	NaN	NaN	0	1	1	0	0	0	0	0	0	0	0	0	1	0	0	0	0	1	1	0	1	1	1	0	1	-145.0	0.113	0.325	NaN	NaN	0.269	0.722	NaN	NaN	8.07	25.27	NaN	NaN	0.0	"2.5"	"F0034"	1	0	"PR"	188.525	"deionize"	157.192	0	1	0	0.0	0.0	0.0	null	190.339	0.091
-11.6	0.029975	26437.5	2953.125	2606.25	NaN	NaN	NaN	0	1	1	0	0	0	0	0	0	0	0	0	1	0	0	0	0	1	1	0	1	1	1	0	1	-139.0	0.11	0.319	NaN	NaN	0.262	0.709	NaN	NaN	7.86	24.815	NaN	NaN	0.0	"2.5"	"F0034"	1	0	"PR"	198.567	"deionize"	167.234	0	1	0	0.0	0.0	0.0	null	200.381	0.092
-11.4	0.029425	27187.5	2981.25	2662.5	NaN	NaN	NaN	0	1	1	0	0	0	0	0	0	0	0	0	1	0	0	0	0	1	1	0	1	1	1	0	1	-137.0	0.113	0.324	NaN	NaN	0.269	0.72	NaN	NaN	8.07	25.2	NaN	NaN	0.0	"2.5"	"F0034"	1	0	"PR"	208.603	"deionize"	177.27	0	1	0	0.0	0.0	0.0	null	210.417	0.087
-11.3	0.0286	26437.5	2981.25	2596.875	NaN	NaN	NaN	0	1	1	0	0	0	0	0	0	0	0	0	1	0	0	0	0	1	1	0	1	1	1	0	1	-136.0	0.113	0.318	NaN	NaN	0.269	0.707	NaN	NaN	8.07	24.745	NaN	NaN	0.0	"2.5"	"F0034"	1	0	"PR"	218.646	"deionize"	187.313	0	1	0	0.0	0.0	0.0	null	220.46	0.092
-10.8	0.02805	27750.0	2981.25	2550.0	NaN	NaN	NaN	0	1	1	0	0	0	0	0	0	0	0	0	1	0	0	0	0	1	1	0	1	1	1	0	1	-130.0	0.113	0.313	NaN	NaN	0.269	0.696	NaN	NaN	8.07	24.36	NaN	NaN	0.0	"2.5"	"F0034"	1	0	"PR"	228.683	"deionize"	197.35	0	1	0	0.0	0.0	0.0	null	230.497	0.091
-10.7	0.027225	28687.5	2981.25	2587.5	NaN	NaN	NaN	0	1	1	0	0	0	0	0	0	0	0	0	1	0	0	0	0	1	1	0	1	1	1	0	1	-128.0	0.113	0.317	NaN	NaN	0.269	0.704	NaN	NaN	8.07	24.64	NaN	NaN	0.0	"2.5"	"F0034"	1	0	"PR"	238.714	"deionize"	207.381	0	1	0	0.0	0.0	0.0	null	240.528	0.091
-10.6	0.02695	28500.0	2971.875	2606.25	NaN	NaN	NaN	0	1	1	0	0	0	0	0	0	0	0	0	1	0	0	0	0	1	1	0	1	1	1	0	1	-127.0	0.112	0.319	NaN	NaN	0.267	0.709	NaN	NaN	8.01	24.815	NaN	NaN	0.0	"2.5"	"F0034"	1	0	"PR"	248.554	"deionize"	217.221	0	1	0	0.0	0.0	0.0	null	250.368	0.089
-10.7	0.02695	25687.5	2971.875	2578.125	NaN	NaN	NaN	0	1	1	0	0	0	0	0	0	0	0	0	1	0	0	0	0	1	1	0	1	1	1	0	1	-128.0	0.112	0.316	NaN	NaN	0.267	0.702	NaN	NaN	8.01	24.57	NaN	NaN	0.0	"2.5"	"F0034"	1	0	"PR"	258.588	"deionize"	227.255	0	1	0	0.0	0.0	0.0	null	260.402	0.087
-10.2	0.0264	26812.5	2962.5	2540.625	NaN	NaN	NaN	0	1	1	0	0	0	0	0	0	0	0	0	1	0	0	0	0	1	1	0	1	1	1	0	1	-122.0	0.111	0.312	NaN	NaN	0.264	0.693	NaN	NaN	7.92	24.255	NaN	NaN	0.0	"2.5"	"F0034"	1	0	"PR"	268.628	"deionize"	237.295	0	1	0	0.0	0.0	0.0	null	270.442	0.091
-9.8	0.0264	28500.0	2971.875	2625.0	NaN	NaN	NaN	0	1	1	0	0	0	0	0	0	0	0	0	1	0	0	0	1	1	1	0	1	1	1	0	1	-118.0	0.112	0.321	NaN	NaN	0.267	0.713	NaN	NaN	8.01	24.955	NaN	NaN	0.0	"2.5"	"F0034"	1	0	"PR"	278.574	"deionize-uv"	7.133	0	1	0	0.0	0.0	0.0	null	280.388	0.086
-9.9	0.02585	26250.0	2962.5	2662.5	NaN	NaN	NaN	0	1	1	0	0	0	0	0	0	0	0	0	1	0	0	0	1	1	1	0	1	1	1	0	1	-119.0	0.111	0.324	NaN	NaN	0.264	0.72	NaN	NaN	7.92	25.2	NaN	NaN	0.0	"2.5"	"F0034"	1	0	"PR"	288.608	"deionize-uv"	17.167	0	1	0	0.0	0.0	0.0	null	290.422	0.086
-9.7	0.0253	28312.5	2981.25	2606.25	NaN	NaN	NaN	0	1	1	0	0	0	0	0	0	0	0	0	1	0	0	0	1	1	1	0	1	1	1	0	1	-116.0	0.113	0.319	NaN	NaN	0.269	0.709	NaN	NaN	8.07	24.815	NaN	NaN	0.0	"2.5"	"F0034"	1	0	"PR"	298.642	"deionize-uv"	27.201	0	1	0	0.0	0.0	0.0	null	300.456	0.087
-7.5	0.02475	29625.0	2962.5	2587.5	NaN	NaN	NaN	0	1	1	0	0	0	0	0	0	0	0	0	1	0	0	0	1	1	1	0	1	1	1	0	1	-90.0	0.111	0.317	NaN	NaN	0.264	0.704	NaN	NaN	7.92	24.64	NaN	NaN	0.0	"2.5"	"F0034"	1	0	"PR"	308.674	"deionize-uv"	37.233	0	1	0	0.0	0.0	0.0	null	310.488	0.084
-10.1	0.0242	26812.5	2971.875	2550.0	NaN	NaN	NaN	0	1	1	0	0	0	0	0	0	0	0	0	1	0	0	0	1	1	1	0	1	1	1	0	1	-121.0	0.112	0.313	NaN	NaN	0.267	0.696	NaN	NaN	8.01	24.36	NaN	NaN	0.0	"2.5"	"F0034"	1	0	"PR"	318.704	"deionize-uv"	47.263	0	1	0	0.0	0.0	0.0	null	320.518	0.084
-9.8	0.023925	28500.0	2971.875	2625.0	NaN	NaN	NaN	0	1	1	0	0	0	0	0	0	0	0	0	1	0	0	0	1	1	1	0	1	1	1	0	1	-118.0	0.112	0.321	NaN	NaN	0.267	0.713	NaN	NaN	8.01	24.955	NaN	NaN	0.0	"2.5"	"F0034"	1	0	"PR"	328.734	"deionize-uv"	57.293	0	1	0	0.0	0.0	0.0	null	330.548	0.09
-11.7	0.023375	28125.0	2981.25	2643.75	NaN	NaN	NaN	0	1	1	0	0	0	0	0	0	0	0	0	1	0	0	0	1	1	1	0	1	1	1	0	1	-140.0	0.113	0.322	NaN	NaN	0.269	0.716	NaN	NaN	8.07	25.06	NaN	NaN	0.0	"2.5"	"F0034"	1	0	"PR"	338.773	"deionize-uv"	67.332	0	1	0	0.0	0.0	0.0	null	340.587	0.087
-9.2	0.023375	26437.5	2981.25	2587.5	NaN	NaN	NaN	0	1	1	0	0	0	0	0	0	0	0	0	1	0	0	0	1	1	1	0	1	1	1	0	1	-110.0	0.113	0.317	NaN	NaN	0.269	0.704	NaN	NaN	8.07	24.64	NaN	NaN	0.0	"2.5"	"F0034"	1	0	"PR"	348.805	"deionize-uv"	77.364	0	1	0	0.0	0.0	0.0	null	350.619	0.087
-9.1	0.023375	26437.5	2981.25	2550.0	NaN	NaN	NaN	0	1	1	0	0	0	0	0	0	0	0	0	1	0	0	0	1	1	1	0	1	1	1	0	1	-109.0	0.113	0.313	NaN	NaN	0.269	0.696	NaN	NaN	8.07	24.36	NaN	NaN	0.0	"2.5"	"F0034"	1	0	"PR"	358.843	"deionize-uv"	87.402	0	1	0	0.0	0.0	0.0	null	360.657	0.092
-8.8	0.022825	28312.5	2981.25	2559.375	NaN	NaN	NaN	0	1	1	0	0	0	0	0	0	0	0	0	1	0	0	0	1	1	1	0	1	1	1	0	1	-106.0	0.113	0.314	NaN	NaN	0.269	0.698	NaN	NaN	8.07	24.43	NaN	NaN	0.0	"2.5"	"F0034"	1	0	"PR"	368.682	"deionize-uv"	97.241	0	1	0	0.0	0.0	0.0	null	370.496	0.084
-9.0	0.022	30187.5	2981.25	2587.5	NaN	NaN	NaN	0	1	1	0	0	0	0	0	0	0	0	0	1	0	0	0	1	1	1	0	1	1	1	0	1	-108.0	0.113	0.317	NaN	NaN	0.269	0.704	NaN	NaN	8.07	24.64	NaN	NaN	0.0	"2.5"	"F0034"	1	0	"PR"	378.717	"deionize-uv"	107.276	0	1	0	0.0	0.0	0.0	null	380.531	0.084
-9.2	0.021725	29812.5	2971.875	2653.125	NaN	NaN	NaN	0	1	1	0	0	0	0	0	0	0	0	0	1	0	0	0	1	1	1	0	1	1	1	0	1	-110.0	0.112	0.323	NaN	NaN	0.267	0.718	NaN	NaN	8.01	25.13	NaN	NaN	0.0	"2.5"	"F0034"	1	0	"PR"	388.756	"deionize-uv"	117.315	0	1	0	0.0	0.0	0.0	null	390.57	0.086
-9.5	0.021725	29625.0	2971.875	2081.25	NaN	NaN	NaN	0	0	1	0	0	0	0	1	0	0	0	0	1	0	0	0	1	1	1	0	1	1	1	0	1	-114.0	0.112	0.266	NaN	NaN	0.267	0.591	NaN	NaN	8.01	20.685	NaN	NaN	0.0	"2.5"	"F0034"	1	0	"PR"	398.715	"drain-di-1"	7.15	0	1	0	0.0	0.0	0.0	null	400.529	0.087
-8.4	0.021175	27937.5	2981.25	1837.5	NaN	NaN	NaN	0	0	1	0	0	0	0	1	0	0	0	0	1	0	0	0	1	1	1	0	1	1	1	0	1	-101.0	0.113	0.242	NaN	NaN	0.269	0.538	NaN	NaN	8.07	18.83	NaN	NaN	0.0	"2.5"	"F0034"	1	0	"PR"	408.756	"drain-di-1"	17.191	0	1	0	0.0	0.0	0.0	null	410.57	0.087
-8.4	0.02145	27562.5	2962.5	1575.0	NaN	NaN	NaN	0	0	1	0	0	0	0	1	0	0	0	0	1	0	0	0	1	1	1	0	1	1	1	0	1	-101.0	0.111	0.215	NaN	NaN	0.264	0.478	NaN	NaN	7.92	16.73	NaN	NaN	0.0	"2.5"	"F0034"	1	0	"PR"	418.791	"drain-di-1"	27.226	0	1	0	0.0	0.0	0.0	null	420.605	0.084
-8.2	0.020625	26062.5	2981.25	1340.625	NaN	NaN	NaN	0	0	1	0	0	0	0	1	0	0	0	0	1	0	0	0	1	1	1	0	1	1	1	0	1	-98.0	0.113	0.192	NaN	NaN	0.269	0.427	NaN	NaN	8.07	14.945	NaN	NaN	0.0	"2.5"	"F0034"	1	0	"PR"	428.832	"drain-di-1"	37.267	0	1	0	0.0	0.0	0.0	null	430.646	0.087
-9.8	0.021175	27562.5	2962.5	1096.875	NaN	NaN	NaN	0	0	1	0	0	0	0	1	0	0	0	0	1	0	0	0	1	1	1	0	1	1	1	0	1	-118.0	0.111	0.168	NaN	NaN	0.264	0.373	NaN	NaN	7.92	13.055	NaN	NaN	0.0	"2.5"	"F0034"	1	0	"PR"	438.871	"drain-di-1"	47.306	0	1	0	0.0	0.0	0.0	null	440.685	0.087
-9.2	0.020625	24562.5	2971.875	834.375	NaN	NaN	NaN	0	0	1	0	0	0	0	1	0	0	0	0	1	0	0	0	1	1	1	0	1	1	1	0	1	-110.0	0.112	0.141	NaN	NaN	0.267	0.313	NaN	NaN	8.01	10.955	NaN	NaN	0.0	"2.5"	"F0034"	1	0	"PR"	448.908	"drain-di-1"	57.343	0	1	0	0.0	0.0	0.0	null	450.722	0.087
-8.1	0.020625	26812.5	2934.375	571.875	NaN	NaN	NaN	0	0	1	0	0	0	0	1	0	0	0	0	1	0	0	0	1	1	1	0	1	1	1	0	1	-97.0	0.108	0.115	NaN	NaN	0.257	0.256	NaN	NaN	7.71	8.96	NaN	NaN	0.0	"2.5"	"F0034"	1	0	"PR"	458.948	"drain-di-1"	67.383	0	1	0	0.0	0.0	0.0	null	460.762	0.088
-8.4	0.021175	25312.5	2971.875	337.5	NaN	NaN	NaN	0	0	1	0	0	0	0	1	0	0	0	0	1	0	0	0	1	1	1	0	1	1	1	0	1	-101.0	0.112	0.092	NaN	NaN	0.267	0.204	NaN	NaN	8.01	7.14	NaN	NaN	0.0	"2.5"	"F0034"	1	0	"PR"	468.987	"drain-di-1"	77.422	0	1	0	0.0	0.0	0.0	null	470.801	0.087
-8.5	0.020075	27187.5	2971.875	65.625	NaN	NaN	NaN	0	0	1	0	0	0	0	1	0	0	0	0	1	0	0	0	1	1	1	0	1	1	1	0	1	-102.0	0.112	0.065	NaN	NaN	0.267	0.144	NaN	NaN	8.01	5.04	NaN	NaN	0.0	"2.5"	"F0034"	1	0	"PR"	478.932	"drip-di-1"	0.914	0	1	0	0.0	0.0	0.0	null	480.746	0.087
-8.7	0.020625	27375.0	2971.875	-178.125	NaN	NaN	NaN	0	0	1	0	0	0	0	1	0	0	0	0	1	0	0	0	1	1	1	0	1	1	1	0	1	-104.0	0.112	0.04	NaN	NaN	0.267	0.089	NaN	NaN	8.01	3.115	NaN	NaN	0.0	"2.5"	"F0034"	1	0	"PR"	488.972	"drip-di-1"	10.954	0	1	0	0.0	0.0	0.0	null	490.786	0.088
11.0	0.020625	19500.0	2793.75	18.75	NaN	NaN	NaN	1	0	0	0	0	1	1	0	0	0	0	0	1	1	0	0	0	1	1	1	0	1	1	1	0	132.0	0.094	0.06	NaN	NaN	0.224	0.133	NaN	NaN	6.72	4.655	NaN	NaN	0.0	"2.5"	"F0034"	1	1	"PR"	498.97	"reverse-f"	5.784	0	1	0	0.0	0.0	0.0	null	500.784	0.084
12.3	0.022	20062.5	2784.375	375.0	NaN	NaN	NaN	1	0	0	0	0	1	1	0	0	0	0	0	1	1	0	0	0	1	1	1	0	1	1	1	0	148.0	0.093	0.096	NaN	NaN	0.221	0.213	NaN	NaN	6.63	7.455	NaN	NaN	0.0	"2.5"	"F0034"	1	1	"PR"	509.006	"reverse-f"	15.82	0	1	0	0.0	0.0	0.0	null	510.82	0.086
13.5	0.02475	20625.0	2821.875	684.375	NaN	NaN	NaN	1	0	0	0	0	1	1	0	0	0	0	0	1	1	0	0	0	1	1	1	0	1	1	1	0	162.0	0.097	0.126	NaN	NaN	0.231	0.28	NaN	NaN	6.93	9.8	NaN	NaN	0.0	"2.5"	"F0034"	1	1	"PR"	519.043	"reverse-f"	25.857	0	1	0	0.0	0.0	0.0	null	520.857	0.088
12.5	0.028325	21187.5	2803.125	993.75	NaN	NaN	NaN	1	0	0	0	0	1	1	0	0	0	0	0	1	1	0	0	0	1	1	1	0	1	1	1	0	150.0	0.095	0.157	NaN	NaN	0.226	0.349	NaN	NaN	6.78	12.215	NaN	NaN	0.0	"2.5"	"F0034"	1	1	"PR"	528.88	"reverse-f"	35.694	0	1	0	0.0	0.0	0.0	null	530.694	0.084
11.9	0.031625	22687.5	2821.875	1265.625	NaN	NaN	NaN	1	0	0	0	0	1	1	0	0	0	0	0	1	1	0	0	0	1	1	1	0	1	1	1	0	143.0	0.097	0.185	NaN	NaN	0.231	0.411	NaN	NaN	6.93	14.385	NaN	NaN	0.0	"2.5"	"F0034"	1	1	"PR"	538.916	"reverse-f"	45.73	0	1	0	0.0	0.0	0.0	null	540.73	0.086
12.6	0.034925	21000.0	2840.625	1612.5	NaN	NaN	NaN	1	0	0	0	0	1	1	0	0	0	0	0	1	1	0	0	0	1	1	1	0	1	1	1	0	151.0	0.099	0.219	NaN	NaN	0.236	0.487	NaN	NaN	7.08	17.045	NaN	NaN	0.0	"2.5"	"F0034"	1	1	"PR"	548.955	"reverse-f"	55.769	0	1	0	0.0	0.0	0.0	null	550.769	0.088
12.3	0.037675	19875.0	2793.75	1931.25	NaN	NaN	NaN	1	0	0	0	0	1	1	0	0	0	0	0	1	1	0	0	0	1	1	1	0	1	1	1	0	148.0	0.094	0.251	NaN	NaN	0.224	0.558	NaN	NaN	6.72	19.53	NaN	NaN	0.0	"2.5"	"F0034"	1	1	"PR"	558.988	"reverse-f"	65.802	0	1	0	0.0	0.0	0.0	null	560.802	0.084
12.6	0.04015	20625.0	2784.375	2240.625	NaN	NaN	NaN	1	0	0	0	0	1	1	0	0	0	0	0	1	1	0	0	0	1	1	1	0	1	1	1	0	151.0	0.093	0.282	NaN	NaN	0.221	0.627	NaN	NaN	6.63	21.945	NaN	NaN	0.0	"2.5"	"F0034"	1	1	"PR"	569.026	"reverse-f"	75.84	0	1	0	0.0	0.0	0.0	null	570.84	0.084
12.6	0.0418	20062.5	2812.5	2259.375	NaN	NaN	NaN	0	0	0	0	0	1	1	0	0	0	0	0	1	0	0	0	0	1	1	1	0	1	1	1	0	151.0	0.096	0.284	NaN	NaN	0.229	0.631	NaN	NaN	6.87	22.085	NaN	NaN	0.0	"2.5"	"F0034"	1	1	"PR"	578.972	"reverse"	85.786	0	1	0	0.0	0.0	0.0	null	580.786	0.086
12.3	0.04235	20437.5	2803.125	2278.125	NaN	NaN	NaN	0	0	0	0	0	1	1	0	0	0	0	0	1	0	0	0	0	1	1	1	0	1	1	1	0	148.0	0.095	0.286	NaN	NaN	0.226	0.636	NaN	NaN	6.78	22.26	NaN	NaN	0.0	"2.5"	"F0034"	1	1	"PR"	589.003	"reverse"	95.817	0	1	0	0.0	0.0	0.0	null	590.817	0.084
12.7	0.043725	22312.5	2831.25	2250.0	NaN	NaN	NaN	0	0	0	0	0	1	1	0	0	0	0	0	1	0	0	0	0	1	1	1	0	1	1	1	0	152.0	0.098	0.283	NaN	NaN	0.233	0.629	NaN	NaN	6.99	22.015	NaN	NaN	0.0	"2.5"	"F0034"	1	1	"PR"	599.037	"reverse"	105.851	0	1	0	0.0	0.0	0.0	null	600.851	0.087
12.6	0.044825	22125.0	2821.875	2268.75	NaN	NaN	NaN	0	0	0	0	0	1	1	0	0	0	0	0	1	0	0	0	0	1	1	1	0	1	1	1	0	151.0	0.097	0.285	NaN	NaN	0.231	0.633	NaN	NaN	6.93	22.155	NaN	NaN	0.0	"2.5"	"F0034"	1	1	"PR"	609.078	"reverse"	115.892	0	1	0	0.0	0.0	0.0	null	610.892	0.086
11.7	0.045375	21750.0	2803.125	2259.375	NaN	NaN	NaN	0	0	0	0	0	1	1	0	0	0	0	0	1	0	0	0	0	1	1	1	0	1	1	1	0	140.0	0.095	0.284	NaN	NaN	0.226	0.631	NaN	NaN	6.78	22.085	NaN	NaN	0.0	"2.5"	"F0034"	1	1	"PR"	619.114	"reverse"	125.928	0	1	0	0.0	0.0	0.0	null	620.928	0.083
12.3	0.04565	21187.5	2840.625	2296.875	NaN	NaN	NaN	0	0	0	0	0	1	1	0	0	0	0	0	1	0	0	0	0	1	1	1	0	1	1	1	0	148.0	0.099	0.288	NaN	NaN	0.236	0.64	NaN	NaN	7.08	22.4	NaN	NaN	0.0	"2.5"	"F0034"	1	1	"PR"	629.154	"reverse"	135.968	0	1	0	0.0	0.0	0.0	null	630.968	0.085
12.4	0.045925	19125.0	2803.125	2268.75	NaN	NaN	NaN	0	0	0	0	0	1	1	0	0	0	0	0	1	0	0	0	0	1	1	1	0	1	1	1	0	149.0	0.095	0.285	NaN	NaN	0.226	0.633	NaN	NaN	6.78	22.155	NaN	NaN	0.0	"2.5"	"F0034"	1	1	"PR"	638.99	"reverse"	145.804	0	1	0	0.0	0.0	0.0	null	640.804	0.09
3.0	0.0462	-937.5	2990.625	2240.625	NaN	NaN	NaN	0	0	0	0	0	0	0	0	0	0	0	0	0	0	0	0	0	0	0	0	1	0	0	0	1	36.0	0.114	0.282	NaN	NaN	0.271	0.627	NaN	NaN	8.13	21.945	NaN	NaN	0.0	"2.5"	"F0034"	0	0	"PR"	649.108	"diffuse"	5.905	0	1	1	0.0	0.0	0.0	null	650.922	0.084
3.5	0.046475	-187.5	3000.0	2268.75	NaN	NaN	NaN	0	0	0	0	0	0	0	0	0	0	0	0	0	0	0	0	0	0	0	0	1	0	0	0	1	42.0	0.115	0.285	NaN	NaN	0.274	0.633	NaN	NaN	8.22	22.155	NaN	NaN	0.0	"2.5"	"F0034"	0	0	"PR"	659.145	"diffuse"	15.942	0	1	1	0.0	0.0	0.0	null	660.959	0.087
5.1	0.046475	187.5	2990.625	2278.125	NaN	NaN	NaN	0	0	0	0	0	0	0	0	0	0	0	0	0	0	0	0	0	0	0	0	1	0	0	0	1	61.0	0.114	0.286	NaN	NaN	0.271	0.636	NaN	NaN	8.13	22.26	NaN	NaN	0.0	"2.5"	"F0034"	0	0	"PR"	669.182	"diffuse"	25.979	0	1	1	0.0	0.0	0.0	null	670.996	0.084
12.8	0.0462	20437.5	2793.75	2268.75	NaN	NaN	NaN	0	0	0	0	0	1	1	0	0	0	0	0	1	0	0	0	0	1	1	1	0	1	1	1	0	154.0	0.094	0.285	NaN	NaN	0.224	0.633	NaN	NaN	6.72	22.155	NaN	NaN	0.0	"2.5"	"F0034"	1	1	"PR"	679.105	"wash-en"	5.709	0	1	1	0.0	0.0	0.0	null	680.919	0.09
12.8	0.048125	19875.0	2803.125	2250.0	NaN	NaN	NaN	0	0	0	0	0	1	1	0	0	0	0	0	1	0	0	0	0	1	1	1	0	1	1	1	0	154.0	0.095	0.283	NaN	NaN	0.226	0.629	NaN	NaN	6.78	22.015	NaN	NaN	0.0	"2.5"	"F0034"	1	1	"PR"	689.144	"wash-en"	15.748	0	1	1	0.0	0.0	0.0	null	690.958	0.084
2.7	0.0484	21375.0	2821.875	2296.875	NaN	NaN	NaN	0	0	0	0	0	1	1	0	0	0	0	0	1	0	0	0	0	0	0	0	1	0	0	0	1	32.0	0.097	0.288	NaN	NaN	0.231	0.64	NaN	NaN	6.93	22.4	NaN	NaN	0.0	"2.5"	"F0034"	0	0	"PR"	699.073	"wash-sc"	5.512	0	1	1	0.0	0.0	0.0	null	700.887	0.091
4.7	0.048675	-375.0	2981.25	2268.75	NaN	NaN	NaN	0	0	0	0	0	0	0	0	0	0	0	0	0	0	0	0	0	0	0	0	1	0	0	0	1	56.0	0.113	0.285	NaN	NaN	0.269	0.633	NaN	NaN	8.07	22.155	NaN	NaN	0.0	"2.5"	"F0034"	0	0	"PR"	709.106	"diffuse"	5.416	0	1	2	0.0	0.0	0.0	null	710.92	0.087
3.1	0.0495	0.0	2981.25	2259.375	NaN	NaN	NaN	0	0	0	0	0	0	0	0	0	0	0	0	0	0	0	0	0	0	0	0	1	0	0	0	1	37.0	0.113	0.284	NaN	NaN	0.269	0.631	NaN	NaN	8.07	22.085	NaN	NaN	0.0	"2.5"	"F0034"	0	0	"PR"	719.146	"diffuse"	15.456	0	1	2	0.0	0.0	0.0	null	720.96	0.091
2.6	0.049225	375.0	2990.625	2278.125	NaN	NaN	NaN	0	0	0	0	0	0	0	0	0	0	0	0	0	0	0	0	0	0	0	0	1	0	0	0	1	31.0	0.114	0.286	NaN	NaN	0.271	0.636	NaN	NaN	8.13	22.26	NaN	NaN	0.0	"2.5"	"F0034"	0	0	"PR"	729.183	"diffuse"	25.493	0	1	2	0.0	0.0	0.0	null	730.997	0.09
12.6	0.0484	19875.0	2793.75	2287.5	NaN	NaN	NaN	0	0	0	0	0	1	1	0	0	0	0	0	1	0	0	0	0	1	1	1	0	1	1	1	0	151.0	0.094	0.287	NaN	NaN	0.224	0.638	NaN	NaN	6.72	22.33	NaN	NaN	0.0	"2.5"	"F0034"	1	1	"PR"	739.109	"wash-en"	5.31	0	1	2	0.0	0.0	0.0	null	740.923	0.093
12.8	0.049225	20812.5	2793.75	2259.375	NaN	NaN	NaN	0	0	0	0	0	1	1	0	0	0	0	0	1	0	0	0	0	1	1	1	0	1	1	1	0	154.0	0.094	0.284	NaN	NaN	0.224	0.631	NaN	NaN	6.72	22.085	NaN	NaN	0.0	"2.5"	"F0034"	1	1	"PR"	749.146	"wash-en"	15.347	0	1	2	0.0	0.0	0.0	null	750.96	0.091
2.0	0.049225	21375.0	2831.25	2278.125	NaN	NaN	NaN	0	0	0	0	0	1	1	0	0	0	0	0	1	0	0	0	0	0	0	0	1	0	0	0	1	24.0	0.098	0.286	NaN	NaN	0.233	0.636	NaN	NaN	6.99	22.26	NaN	NaN	0.0	"2.5"	"F0034"	0	0	"PR"	759.282	"wash-sc"	5.318	0	1	2	0.0	0.0	0.0	null	761.096	0.087
2.2	0.05005	937.5	2981.25	2278.125	NaN	NaN	NaN	0	0	0	0	0	0	0	0	0	0	0	0	0	0	0	0	0	0	0	0	1	0	0	0	1	26.0	0.113	0.286	NaN	NaN	0.269	0.636	NaN	NaN	8.07	22.26	NaN	NaN	0.0	"2.5"	"F0034"	0	0	"PR"	769.117	"diffuse"	5.018	0	1	3	0.0	0.0	0.0	null	770.931	0.09
2.2	0.049775	1500.0	2981.25	2296.875	NaN	NaN	NaN	0	0	0	0	0	0	0	0	0	0	0	0	0	0	0	0	0	0	0	0	1	0	0	0	1	26.0	0.113	0.288	NaN	NaN	0.269	0.64	NaN	NaN	8.07	22.4	NaN	NaN	0.0	"2.5"	"F0034"	0	0	"PR"	779.158	"diffuse"	15.059	0	1	3	0.0	0.0	0.0	null	780.972	0.092
3.3	0.049775	-375.0	2962.5	2287.5	NaN	NaN	NaN	0	0	0	0	0	0	0	0	0	0	0	0	0	0	0	0	0	0	0	0	1	0	0	0	1	40.0	0.111	0.287	NaN	NaN	0.264	0.638	NaN	NaN	7.92	22.33	NaN	NaN	0.0	"2.5"	"F0034"	0	0	"PR"	789.192	"diffuse"	25.093	0	1	3	0.0	0.0	0.0	null	791.006	0.09
12.3	0.0495	19875.0	2821.875	2268.75	NaN	NaN	NaN	0	0	0	0	0	1	1	0	0	0	0	0	1	0	0	0	0	1	1	1	0	1	1	1	0	148.0	0.097	0.285	NaN	NaN	0.231	0.633	NaN	NaN	6.93	22.155	NaN	NaN	0.0	"2.5"	"F0034"	1	1	"PR"	799.313	"wash-en"	5.105	0	1	3	0.0	0.0	0.0	null	801.127	0.087
12.4	0.04895	19875.0	2793.75	2259.375	NaN	NaN	NaN	0	0	0	0	0	1	1	0	0	0	0	0	1	0	0	0	0	1	1	1	0	1	1	1	0	149.0	0.094	0.284	NaN	NaN	0.224	0.631	NaN	NaN	6.72	22.085	NaN	NaN	0.0	"2.5"	"F0034"	1	1	"PR"	809.351	"wash-en"	15.143	0	1	3	0.0	0.0	0.0	null	811.165	0.092
1.2	0.0495	22875.0	2812.5	2278.125	NaN	NaN	NaN	0	0	0	0	0	1	1	0	0	0	0	0	1	0	0	0	0	0	0	0	1	0	0	0	1	14.0	0.096	0.286	NaN	NaN	0.229	0.636	NaN	NaN	6.87	22.26	NaN	NaN	0.0	"2.5"	"F0034"	0	0	"PR"	819.278	"wash-sc"	4.909	0	1	3	0.0	0.0	0.0	null	821.092	0.087
2.0	0.05005	-375.0	2971.875	2268.75	NaN	NaN	NaN	0	0	0	0	0	0	0	0	0	0	0	0	0	0	0	0	0	0	0	0	1	0	0	0	1	24.0	0.112	0.285	NaN	NaN	0.267	0.633	NaN	NaN	8.01	22.155	NaN	NaN	0.0	"2.5"	"F0034"	0	0	"PR"	829.313	"diffuse"	4.817	0	1	4	0.0	0.0	0.0	null	831.127	0.09
1.8	0.049775	0.0	2981.25	2268.75	NaN	NaN	NaN	0	0	0	0	0	0	0	0	0	0	0	0	0	0	0	0	0	0	0	0	1	0	0	0	1	22.0	0.113	0.285	NaN	NaN	0.269	0.633	NaN	NaN	8.07	22.155	NaN	NaN	0.0	"2.5"	"F0034"	0	0	"PR"	839.353	"diffuse"	14.857	0	1	4	0.0	0.0	0.0	null	841.167	0.091
2.1	0.049775	-375.0	2971.875	2287.5	NaN	NaN	NaN	0	0	0	0	0	0	0	0	0	0	0	0	0	0	0	0	0	0	0	0	1	0	0	0	1	25.0	0.112	0.287	NaN	NaN	0.267	0.638	NaN	NaN	8.01	22.33	NaN	NaN	0.0	"2.5"	"F0034"	0	0	"PR"	849.388	"diffuse"	24.892	0	1	4	0.0	0.0	0.0	null	851.202	0.087
12.6	0.049775	20437.5	2803.125	2259.375	NaN	NaN	NaN	0	0	0	0	0	1	1	0	0	0	0	0	1	0	0	0	0	1	1	1	0	1	1	1	0	151.0	0.095	0.284	NaN	NaN	0.226	0.631	NaN	NaN	6.78	22.085	NaN	NaN	0.0	"2.5"	"F0034"	1	1	"PR"	859.305	"wash-en"	4.701	0	1	4	0.0	0.0	0.0	null	861.119	0.087
12.6	0.05005	20625.0	2784.375	2268.75	NaN	NaN	NaN	0	0	0	0	0	1	1	0	0	0	0	0	1	0	0	0	0	1	1	1	0	1	1	1	0	151.0	0.093	0.285	NaN	NaN	0.221	0.633	NaN	NaN	6.63	22.155	NaN	NaN	0.0	"2.5"	"F0034"	1	1	"PR"	869.345	"wash-en"	14.741	0	1	4	0.0	0.0	0.0	null	871.159	0.088
1.0	0.05005	19875.0	2831.25	2278.125	NaN	NaN	NaN	0	0	0	0	0	1	1	0	0	0	0	0	1	0	0	0	0	0	0	0	1	0	0	0	1	12.0	0.098	0.286	NaN	NaN	0.233	0.636	NaN	NaN	6.99	22.26	NaN	NaN	0.0	"2.5"	"F0034"	0	0	"PR"	879.268	"wash-sc"	4.505	0	1	4	0.0	0.0	0.0	null	881.082	0.088
1.5	0.05005	-3000.0	2634.375	2278.125	NaN	NaN	NaN	0	0	0	0	1	0	0	0	0	0	0	0	0	0	0	0	0	0	0	0	1	0	0	0	1	18.0	0.078	0.286	NaN	NaN	0.186	0.636	NaN	NaN	5.58	22.26	NaN	NaN	0.0	"2.5"	"F0034"	0	0	"PR"	889.305	"drain-rg"	4.414	0	1	4	0.0	0.0	0.0	null	891.119	0.086
1.4	0.050325	-1500.0	2287.5	2278.125	NaN	NaN	NaN	0	0	0	0	1	0	0	0	0	0	0	0	0	0	0	0	0	0	0	0	1	0	0	0	1	17.0	0.044	0.286	NaN	NaN	0.105	0.636	NaN	NaN	3.15	22.26	NaN	NaN	0.0	"2.5"	"F0034"	0	0	"PR"	899.336	"drain-rg"	14.445	0	1	4	0.0	0.0	0.0	null	901.15	0.086
1.5	0.050325	-1500.0	1959.375	2278.125	NaN	NaN	NaN	0	0	0	0	1	0	0	0	0	0	0	0	0	0	0	0	0	0	0	0	1	0	0	0	1	18.0	0.011	0.286	NaN	NaN	0.026	0.636	NaN	NaN	0.78	22.26	NaN	NaN	0.0	"2.5"	"F0034"	0	0	"PR"	909.376	"drain-rg"	24.485	0	1	4	0.0	0.0	0.0	null	911.19	0.09
1.5	0.049775	-2812.5	1396.875	2278.125	NaN	NaN	NaN	0	0	0	0	1	0	0	0	0	0	0	0	0	0	0	0	0	0	0	0	1	0	0	0	1	18.0	-0.045	0.286	NaN	NaN	-0.107	0.636	NaN	NaN	-3.21	22.26	NaN	NaN	0.0	"2.5"	"F0034"	0	0	"PR"	919.408	"drip-rg"	7.824	0	1	4	0.0	0.0	0.0	null	921.222	0.09
0.7	0.049775	18375.0	215.625	2221.875	NaN	NaN	NaN	0	0	1	0	0	1	0	0	0	0	0	0	1	0	0	0	0	0	0	0	1	0	0	0	1	8.0	-0.163	0.28	NaN	NaN	-0.388	0.622	NaN	NaN	-11.64	21.77	NaN	NaN	0.0	"2.5"	"F0034"	0	0	"FR"	2.027	"fill-rg-di"	1.825	1	1	0	928.647	0.0	0.0	null	931.297	0.09
1.3	0.05005	19875.0	2006.25	1978.125	NaN	NaN	NaN	0	0	1	0	0	1	0	0	0	0	0	0	1	0	0	0	0	0	0	0	1	0	0	0	1	16.0	0.016	0.256	NaN	NaN	0.038	0.569	NaN	NaN	1.14	19.915	NaN	NaN	0.0	"2.5"	"F0034"	0	0	"FR"	11.856	"fill-rg-di"	11.654	1	1	0	928.647	0.0	0.0	null	941.126	0.084
1.6	0.049225	19125.0	2371.875	1743.75	NaN	NaN	NaN	0	0	1	0	0	1	0	0	0	0	0	0	1	0	0	0	0	0	0	0	1	0	0	0	1	19.0	0.052	0.232	NaN	NaN	0.124	0.516	NaN	NaN	3.72	18.06	NaN	NaN	0.0	"2.5"	"F0034"	0	0	"FR"	21.895	"fill-rg-di"	21.693	1	1	0	928.647	0.0	0.0	null	951.165	0.086
1.8	0.048675	20437.5	2662.5	1500.0	NaN	NaN	NaN	0	0	1	0	0	1	0	0	0	0	0	0	1	0	0	0	0	0	0	0	1	0	0	0	1	22.0	0.081	0.208	NaN	NaN	0.193	0.462	NaN	NaN	5.79	16.17	NaN	NaN	0.0	"2.5"	"F0034"	0	0	"FR"	31.932	"fill-rg-di"	31.73	1	1	0	928.647	0.0	0.0	null	961.202	0.084
1.7	0.0484	21937.5	2981.25	1228.125	NaN	NaN	NaN	0	0	1	0	0	1	0	0	0	0	0	0	1	0	0	0	0	0	0	0	1	0	0	0	1	20.0	0.113	0.181	NaN	NaN	0.269	0.402	NaN	NaN	8.07	14.07	NaN	NaN	0.0	"2.5"	"F0034"	0	0	"FR"	41.965	"fill-rg-di"	41.763	1	1	0	928.647	0.0	0.0	null	971.235	0.086
1.7	0.047025	-562.5	3056.25	965.625	NaN	NaN	NaN	0	0	0	0	1	0	0	0	0	0	0	0	0	0	0	0	0	0	0	0	1	0	0	0	1	20.0	0.121	0.155	NaN	NaN	0.288	0.344	NaN	NaN	8.64	12.04	NaN	NaN	0.0	"2.5"	"F0034"	0	0	"FR"	52.009	"drain-rg"	0.804	1	1	0	928.647	0.0	0.0	null	981.279	0.087
2.2	0.047025	-2625.0	2596.875	984.375	NaN	NaN	NaN	0	0	0	0	1	0	0	0	0	0	0	0	0	0	0	0	0	0	0	0	1	0	0	0	1	26.0	0.075	0.156	NaN	NaN	0.179	0.347	NaN	NaN	5.37	12.145	NaN	NaN	0.0	"2.5"	"F0034"	0	0	"FR"	62.043	"drain-rg"	10.838	1	1	0	928.647	0.0	0.0	null	991.313	0.086
1.8	0.0473	-4500.0	2343.75	1003.125	NaN	NaN	NaN	0	0	0	0	1	0	0	0	0	0	0	0	0	0	0	0	0	0	0	0	1	0	0	0	1	22.0	0.049	0.158	NaN	NaN	0.117	0.351	NaN	NaN	3.51	12.285	NaN	NaN	0.0	"2.5"	"F0034"	0	0	"FR"	72.078	"drain-rg"	20.873	1	1	0	928.647	0.0	0.0	null	1001.348	0.09
1.4	0.046475	-5812.5	1912.5	984.375	NaN	NaN	NaN	0	0	0	0	1	0	0	0	0	0	0	0	0	0	0	0	0	0	0	0	1	0	0	0	1	17.0	0.006	0.156	NaN	NaN	0.014	0.347	NaN	NaN	0.42	12.145	NaN	NaN	0.0	"2.5"	"F0034"	0	0	"FR"	82.115	"drain-rg"	30.91	1	1	0	928.647	0.0	0.0	null	1011.385	0.094
1.2	0.047025	-6562.5	1490.625	1012.5	NaN	NaN	NaN	0	0	0	0	1	0	0	0	0	0	0	0	0	0	0	0	0	0	0	0	1	0	0	0	1	14.0	-0.036	0.159	NaN	NaN	-0.086	0.353	NaN	NaN	-2.58	12.355	NaN	NaN	0.0	"2.5"	"F0034"	0	0	"FR"	91.946	"drip-rg"	8.027	1	1	0	928.647	0.0	0.0	null	1021.216	0.084
1.3	0.0473	18750.0	421.875	956.25	NaN	NaN	NaN	0	0	1	0	0	1	0	0	0	0	0	0	1	0	0	0	0	0	0	0	1	0	0	0	1	16.0	-0.143	0.154	NaN	NaN	-0.34	0.342	NaN	NaN	-10.2	11.97	NaN	NaN	0.0	"2.5"	"F0034"	0	0	"PR"	2.226	"fill-rg-di"	2.026	1	0	0	928.647	0.0	1028.442	null	1031.29	0.084
1.2	0.0462	20062.5	2025.0	675.0	NaN	NaN	NaN	0	0	1	0	0	1	0	0	0	0	0	0	1	0	0	0	0	0	0	0	1	0	0	0	1	14.0	0.018	0.126	NaN	NaN	0.043	0.28	NaN	NaN	1.29	9.8	NaN	NaN	0.0	"2.5"	"F0034"	0	0	"PR"	12.26	"fill-rg-di"	12.06	1	0	0	928.647	0.0	1028.442	null	1041.324	0.087
1.0	0.0451	19875.0	2371.875	421.875	NaN	NaN	NaN	0	0	1	0	0	1	0	0	0	0	0	0	1	0	0	0	0	0	0	0	1	0	0	0	1	12.0	0.052	0.1	NaN	NaN	0.124	0.222	NaN	NaN	3.72	7.77	NaN	NaN	0.0	"2.5"	"F0034"	0	0	"PR"	22.295	"fill-rg-di"	22.095	1	0	0	928.647	0.0	1028.442	null	1051.359	0.088
1.9	0.043725	20437.5	2690.625	150.0	NaN	NaN	NaN	0	0	1	0	0	1	0	0	0	0	0	0	1	0	0	0	0	0	0	0	1	0	0	0	1	23.0	0.084	0.073	NaN	NaN	0.2	0.162	NaN	NaN	6.0	5.67	NaN	NaN	0.0	"2.5"	"F0034"	0	0	"PR"	32.333	"fill-rg-di"	32.133	1	0	0	928.647	0.0	1028.442	null	1061.397	0.086
1.2	0.04345	1875.0	2728.125	328.125	NaN	NaN	NaN	1	0	0	0	0	0	0	0	0	0	0	0	0	1	0	0	0	0	0	0	1	0	0	0	1	14.0	0.088	0.091	NaN	NaN	0.21	0.202	NaN	NaN	6.3	7.07	NaN	NaN	0.0	"2.5"	"F0034"	0	0	"PR"	42.365	"fill-di-lb"	7.824	1	0	0	928.647	0.0	1028.442	null	1071.429	0.086
1.6	0.043725	1875.0	2737.5	656.25	NaN	NaN	NaN	1	0	0	0	0	0	0	0	0	0	0	0	0	1	0	0	0	0	0	0	1	0	0	0	1	19.0	0.089	0.124	NaN	NaN	0.212	0.276	NaN	NaN	6.36	9.66	NaN	NaN	0.0	"2.5"	"F0034"	0	0	"PR"	52.408	"fill-di-lb"	17.867	1	0	0	928.647	0.0	1028.442	null	1081.472	0.089
1.5	0.043725	187.5	2756.25	965.625	NaN	NaN	NaN	1	0	0	0	0	0	0	0	0	0	0	0	0	1	0	0	0	0	0	0	1	0	0	0	1	18.0	0.091	0.155	NaN	NaN	0.217	0.344	NaN	NaN	6.51	12.04	NaN	NaN	0.0	"2.5"	"F0034"	0	0	"PR"	62.242	"fill-di-lb"	27.701	1	0	0	928.647	0.0	1028.442	null	1091.306	0.084
1.3	0.044	562.5	2737.5	1275.0	NaN	NaN	NaN	1	0	0	0	0	0	0	0	0	0	0	0	0	1	0	0	0	0	0	0	1	0	0	0	1	16.0	0.089	0.185	NaN	NaN	0.212	0.411	NaN	NaN	6.36	14.385	NaN	NaN	0.0	"2.5"	"F0034"	0	0	"PR"	72.279	"fill-di-lb"	37.738	1	0	0	928.647	0.0	1028.442	null	1101.343	0.085
0.8	0.044	750.0	2746.875	1593.75	NaN	NaN	NaN	1	0	0	0	0	0	0	0	0	0	0	0	0	1	0	0	0	0	0	0	1	0	0	0	1	10.0	0.09	0.217	NaN	NaN	0.214	0.482	NaN	NaN	6.42	16.87	NaN	NaN	0.0	"2.5"	"F0034"	0	0	"PR"	82.318	"fill-di-lb"	47.777	1	0	0	928.647	0.0	1028.442	null	1111.382	0.085
1.3	0.044	1500.0	2737.5	1903.125	NaN	NaN	NaN	1	0	0	0	0	0	0	0	0	0	0	0	0	1	0	0	0	0	0	0	1	0	0	0	1	16.0	0.089	0.248	NaN	NaN	0.212	0.551	NaN	NaN	6.36	19.285	NaN	NaN	0.0	"2.5"	"F0034"	0	0	"PR"	92.354	"fill-di-lb"	57.813	1	0	0	928.647	0.0	1028.442	null	1121.418	0.084
0.9	0.044275	1875.0	2737.5	2203.125	NaN	NaN	NaN	1	0	0	0	0	0	0	0	0	0	0	0	0	1	0	0	0	0	0	0	1	0	0	0	1	11.0	0.089	0.278	NaN	NaN	0.212	0.618	NaN	NaN	6.36	21.63	NaN	NaN	0.0	"2.5"	"F0034"	0	0	"PR"	102.385	"fill-di-lb"	67.844	1	0	0	928.647	0.0	1028.442	null	1131.449	0.084
0.8	0.043725	3937.5	2981.25	2118.75	NaN	NaN	NaN	1	0	0	0	0	0	0	0	0	0	0	0	0	1	0	0	0	0	0	0	1	0	0	0	1	10.0	0.113	0.27	NaN	NaN	0.269	0.6	NaN	NaN	8.07	21.0	NaN	NaN	0.0	"2.5"	"F0034"	0	0	"PR"	112.427	"fill-di"	1.404	1	0	0	928.647	0.0	1028.442	null	1141.491	0.084
12.4	0.0429	25687.5	2981.25	2587.5	NaN	NaN	NaN	0	1	1	0	0	0	0	0	0	0	0	0	1	0	0	0	0	1	1	1	0	1	1	1	0	149.0	0.113	0.317	NaN	NaN	0.269	0.704	NaN	NaN	8.07	24.64	NaN	NaN	0.0	"2.5"	"F0034"	1	1	"PR"	122.466	"deionize"	4.822	1	1	0	928.647	0.0	1028.442	null	1151.53	0.085
12.6	0.0418	27562.5	2943.75	2662.5	NaN	NaN	NaN	0	1	1	0	0	0	0	0	0	0	0	0	1	0	0	0	0	1	1	1	0	1	1	1	0	151.0	0.109	0.324	NaN	NaN	0.26	0.72	NaN	NaN	7.8	25.2	NaN	NaN	0.0	"2.5"	"F0034"	1	1	"PR"	132.307	"deionize"	14.663	1	1	0	928.647	0.0	1028.442	null	1161.371	0.087
12.6	0.0418	26437.5	2971.875	2625.0	NaN	NaN	NaN	0	1	1	0	0	0	0	0	0	0	0	0	1	0	0	0	0	1	1	1	0	1	1	1	0	151.0	0.112	0.321	NaN	NaN	0.267	0.713	NaN	NaN	8.01	24.955	NaN	NaN	0.0	"2.5"	"F0034"	1	1	"PR"	142.345	"deionize"	24.701	1	1	0	928.647	0.0	1028.442	null	1171.409	0.084
12.3	0.0407	26812.5	2971.875	2559.375	NaN	NaN	NaN	0	1	1	0	0	0	0	0	0	0	0	0	1	0	0	0	0	1	1	1	0	1	1	1	0	148.0	0.112	0.314	NaN	NaN	0.267	0.698	NaN	NaN	8.01	24.43	NaN	NaN	0.0	"2.5"	"F0034"	1	1	"PR"	152.385	"deionize"	34.741	1	1	0	928.647	0.0	1028.442	null	1181.449	0.084
12.7	0.039875	27750.0	2981.25	2503.125	NaN	NaN	NaN	0	1	1	0	0	0	0	0	0	0	0	0	1	0	0	0	0	1	1	1	0	1	1	1	0	152.0	0.113	0.308	NaN	NaN	0.269	0.684	NaN	NaN	8.07	23.94	NaN	NaN	0.0	"2.5"	"F0034"	1	1	"PR"	162.425	"deionize"	44.781	1	1	0	928.647	0.0	1028.442	null	1191.489	0.084
16.4	0.039325	26062.5	2990.625	2559.375	NaN	NaN	NaN	0	1	1	0	0	0	0	0	0	0	0	0	1	0	0	0	0	1	1	1	0	1	1	1	0	197.0	0.114	0.314	NaN	NaN	0.271	0.698	NaN	NaN	8.13	24.43	NaN	NaN	0.0	"2.5"	"F0034"	1	1	"PR"	172.46	"deionize"	54.816	1	1	0	928.647	0.0	1028.442	null	1201.524	0.084
12.3	0.038225	27937.5	2962.5	2465.625	NaN	NaN	NaN	0	1	1	0	0	0	0	0	0	0	0	0	1	0	0	0	0	1	1	1	0	1	1	1	0	148.0	0.111	0.305	NaN	NaN	0.264	0.678	NaN	NaN	7.92	23.73	NaN	NaN	0.0	"2.5"	"F0034"	1	1	"PR"	182.499	"deionize"	64.855	1	1	0	928.647	0.0	1028.442	null	1211.563	0.085
8.5	0.037675	27562.5	3018.75	2409.375	NaN	NaN	NaN	0	1	1	0	0	0	0	0	0	0	0	0	1	0	0	0	0	1	1	1	0	1	1	1	0	102.0	0.117	0.299	NaN	NaN	0.279	0.664	NaN	NaN	8.37	23.24	NaN	NaN	0.0	"2.5"	"F0034"	1	1	"PR"	192.536	"deionize"	74.892	1	1	0	928.647	0.0	1028.442	null	1221.6	0.084
12.5	0.037125	30000.0	2981.25	2456.25	NaN	NaN	NaN	0	1	1	0	0	0	0	0	0	0	0	0	1	0	0	0	0	1	1	1	0	1	1	1	0	150.0	0.113	0.304	NaN	NaN	0.269	0.676	NaN	NaN	8.07	23.66	NaN	NaN	0.0	"2.5"	"F0034"	1	1	"PR"	202.568	"deionize"	84.924	1	1	0	928.647	0.0	1028.442	null	1231.632	0.084
12.5	0.0363	27562.5	2981.25	2465.625	NaN	NaN	NaN	0	1	1	0	0	0	0	0	0	0	0	0	1	0	0	0	0	1	1	1	0	1	1	1	0	150.0	0.113	0.305	NaN	NaN	0.269	0.678	NaN	NaN	8.07	23.73	NaN	NaN	0.0	"2.5"	"F0034"	1	1	"PR"	212.408	"deionize"	94.764	1	1	0	928.647	0.0	1028.442	null	1241.472	0.093
11.9	0.036025	28312.5	2971.875	2428.125	NaN	NaN	NaN	0	1	1	0	0	0	0	0	0	0	0	0	1	0	0	0	0	1	1	1	0	1	1	1	0	143.0	0.112	0.301	NaN	NaN	0.267	0.669	NaN	NaN	8.01	23.415	NaN	NaN	0.0	"2.5"	"F0034"	1	1	"PR"	222.445	"deionize"	104.801	1	1	0	928.647	0.0	1028.442	null	1251.509	0.09
12.7	0.036025	26062.5	2971.875	2428.125	NaN	NaN	NaN	0	1	1	0	0	0	0	0	0	0	0	0	1	0	0	0	0	1	1	1	0	1	1	1	0	152.0	0.112	0.301	NaN	NaN	0.267	0.669	NaN	NaN	8.01	23.415	NaN	NaN	0.0	"2.5"	"F0034"	1	1	"PR"	232.482	"deionize"	114.838	1	1	0	928.647	0.0	1028.442	null	1261.546	0.087
12.6	0.03575	26062.5	2981.25	2475.0	NaN	NaN	NaN	0	1	1	0	0	0	0	0	0	0	0	0	1	0	0	0	0	1	1	1	0	1	1	1	0	151.0	0.113	0.305	NaN	NaN	0.269	0.678	NaN	NaN	8.07	23.73	NaN	NaN	0.0	"2.5"	"F0034"	1	1	"PR"	242.522	"deionize"	124.878	1	1	0	928.647	0.0	1028.442	null	1271.586	0.084
11.9	0.035475	26250.0	2981.25	2400.0	NaN	NaN	NaN	0	1	1	0	0	0	0	0	0	0	0	0	1	0	0	0	0	1	1	1	0	1	1	1	0	143.0	0.113	0.298	NaN	NaN	0.269	0.662	NaN	NaN	8.07	23.17	NaN	NaN	0.0	"2.5"	"F0034"	1	1	"PR"	252.558	"deionize"	134.914	1	1	0	928.647	0.0	1028.442	null	1281.622	0.084
11.7	0.03465	28125.0	2990.625	2390.625	NaN	NaN	NaN	0	1	1	0	0	0	0	0	0	0	0	0	1	0	0	0	0	1	1	1	0	1	1	1	0	140.0	0.114	0.297	NaN	NaN	0.271	0.66	NaN	NaN	8.13	23.1	NaN	NaN	0.0	"2.5"	"F0034"	1	1	"PR"	262.597	"deionize"	144.953	1	1	0	928.647	0.0	1028.442	null	1291.661	0.086
11.9	0.03465	27562.5	2981.25	2418.75	NaN	NaN	NaN	0	1	1	0	0	0	0	0	0	0	0	0	1	0	0	0	0	1	1	1	0	1	1	1	0	143.0	0.113	0.3	NaN	NaN	0.269	0.667	NaN	NaN	8.07	23.345	NaN	NaN	0.0	"2.5"	"F0034"	1	1	"PR"	272.634	"deionize"	154.99	1	1	0	928.647	0.0	1028.442	null	1301.698	0.087
12.3	0.0341	28875.0	2981.25	2475.0	NaN	NaN	NaN	0	1	1	0	0	0	0	0	0	0	0	0	1	0	0	0	0	1	1	1	0	1	1	1	0	148.0	0.113	0.305	NaN	NaN	0.269	0.678	NaN	NaN	8.07	23.73	NaN	NaN	0.0	"2.5"	"F0034"	1	1	"PR"	282.669	"deionize"	165.025	1	1	0	928.647	0.0	1028.442	null	1311.733	0.087
12.5	0.033275	27375.0	2981.25	2437.5	NaN	NaN	NaN	0	1	1	0	0	0	0	0	0	0	0	0	1	0	0	0	0	1	1	1	0	1	1	1	0	150.0	0.113	0.302	NaN	NaN	0.269	0.671	NaN	NaN	8.07	23.485	NaN	NaN	0.0	"2.5"	"F0034"	1	1	"PR"	292.508	"deionize"	174.864	1	1	0	928.647	0.0	1028.442	null	1321.572	0.093
13.8	0.03355	25312.5	2981.25	2353.125	NaN	NaN	NaN	0	1	1	0	0	0	0	0	0	0	0	0	1	0	0	0	0	1	1	1	0	1	1	1	0	166.0	0.113	0.293	NaN	NaN	0.269	0.651	NaN	NaN	8.07	22.785	NaN	NaN	0.0	"2.5"	"F0034"	1	1	"PR"	302.542	"deionize"	184.898	1	1	0	928.647	0.0	1028.442	null	1331.606	0.087
12.5	0.03245	27375.0	2981.25	2390.625	NaN	NaN	NaN	0	1	1	0	0	0	0	0	0	0	0	0	1	0	0	0	0	1	1	1	0	1	1	1	0	150.0	0.113	0.297	NaN	NaN	0.269	0.66	NaN	NaN	8.07	23.1	NaN	NaN	0.0	"2.5"	"F0034"	1	1	"PR"	312.58	"deionize"	194.936	1	1	0	928.647	0.0	1028.442	null	1341.644	0.09
12.5	0.03245	27562.5	2981.25	2409.375	NaN	NaN	NaN	0	1	1	0	0	0	0	0	0	0	0	0	1	0	0	0	0	1	1	1	0	1	1	1	0	150.0	0.113	0.299	NaN	NaN	0.269	0.664	NaN	NaN	8.07	23.24	NaN	NaN	0.0	"2.5"	"F0034"	1	1	"PR"	322.617	"deionize"	204.973	1	1	0	928.647	0.0	1028.442	null	1351.681	0.091
12.6	0.031625	29625.0	2981.25	2475.0	NaN	NaN	NaN	0	1	1	0	0	0	0	0	0	0	0	0	1	0	0	0	0	1	1	1	0	1	1	1	0	151.0	0.113	0.305	NaN	NaN	0.269	0.678	NaN	NaN	8.07	23.73	NaN	NaN	0.0	"2.5"	"F0034"	1	1	"PR"	332.653	"deionize"	215.009	1	1	0	928.647	0.0	1028.442	null	1361.717	0.087
12.4	0.031625	28687.5	2981.25	2446.875	NaN	NaN	NaN	0	1	1	0	0	0	0	0	0	0	0	0	1	0	0	0	0	1	1	1	0	1	1	1	0	149.0	0.113	0.303	NaN	NaN	0.269	0.673	NaN	NaN	8.07	23.555	NaN	NaN	0.0	"2.5"	"F0034"	1	1	"PR"	342.696	"deionize"	225.052	1	1	0	928.647	0.0	1028.442	null	1371.76	0.093
12.6	0.0308	30000.0	2971.875	2475.0	NaN	NaN	NaN	0	1	1	0	0	0	0	0	0	0	0	0	1	0	0	0	0	1	1	1	0	1	1	1	0	151.0	0.112	0.305	NaN	NaN	0.267	0.678	NaN	NaN	8.01	23.73	NaN	NaN	0.0	"2.5"	"F0034"	1	1	"PR"	352.732	"deionize"	235.088	1	1	0	928.647	0.0	1028.442	null	1381.796	0.084
11.9	0.031075	28312.5	2981.25	2371.875	NaN	NaN	NaN	0	1	1	0	0	0	0	0	0	0	0	0	1	0	0	0	1	1	1	1	0	1	1	1	0	143.0	0.113	0.295	NaN	NaN	0.269	0.656	NaN	NaN	8.07	22.96	NaN	NaN	0.0	"2.5"	"F0034"	1	1	"PR"	362.675	"deionize-uv"	4.927	1	1	0	928.647	0.0	1028.442	null	1391.739	0.09
13.1	0.030525	30000.0	2981.25	2409.375	NaN	NaN	NaN	0	1	1	0	0	0	0	0	0	0	0	0	1	0	0	0	1	1	1	1	0	1	1	1	0	157.0	0.113	0.299	NaN	NaN	0.269	0.664	NaN	NaN	8.07	23.24	NaN	NaN	0.0	"2.5"	"F0034"	1	1	"PR"	372.712	"deionize-uv"	14.964	1	1	0	928.647	0.0	1028.442	null	1401.776	0.092
12.1	0.03025	26062.5	2981.25	2418.75	NaN	NaN	NaN	0	1	1	0	0	0	0	0	0	0	0	0	1	0	0	0	1	1	1	1	0	1	1	1	0	145.0	0.113	0.3	NaN	NaN	0.269	0.667	NaN	NaN	8.07	23.345	NaN	NaN	0.0	"2.5"	"F0034"	1	1	"PR"	382.742	"deionize-uv"	24.994	1	1	0	928.647	0.0	1028.442	null	1411.806	0.09
12.6	0.029425	26812.5	3009.375	2390.625	NaN	NaN	NaN	0	1	1	0	0	0	0	0	0	0	0	0	1	0	0	0	1	1	1	1	0	1	1	1	0	151.0	0.116	0.297	NaN	NaN	0.276	0.66	NaN	NaN	8.28	23.1	NaN	NaN	0.0	"2.5"	"F0034"	1	1	"PR"	392.779	"deionize-uv"	35.031	1	1	0	928.647	0.0	1028.442	null	1421.843	0.09
12.2	0.029425	26812.5	2962.5	2400.0	NaN	NaN	NaN	0	1	1	0	0	0	0	0	0	0	0	0	1	0	0	0	1	1	1	1	0	1	1	1	0	146.0	0.111	0.298	NaN	NaN	0.264	0.662	NaN	NaN	7.92	23.17	NaN	NaN	0.0	"2.5"	"F0034"	1	1	"PR"	402.621	"deionize-uv"	44.873	1	1	0	928.647	0.0	1028.442	null	1431.685	0.087
12.4	0.028325	29812.5	2981.25	2409.375	NaN	NaN	NaN	0	1	1	0	0	0	0	0	0	0	0	0	1	0	0	0	1	1	1	1	0	1	1	1	0	149.0	0.113	0.299	NaN	NaN	0.269	0.664	NaN	NaN	8.07	23.24	NaN	NaN	0.0	"2.5"	"F0034"	1	1	"PR"	412.656	"deionize-uv"	54.908	1	1	0	928.647	0.0	1028.442	null	1441.72	0.091
11.9	0.028325	28875.0	2981.25	2371.875	NaN	NaN	NaN	0	1	1	0	0	0	0	0	0	0	0	0	1	0	0	0	1	1	1	1	0	1	1	1	0	143.0	0.113	0.295	NaN	NaN	0.269	0.656	NaN	NaN	8.07	22.96	NaN	NaN	0.0	"2.5"	"F0034"	1	1	"PR"	422.695	"deionize-uv"	64.947	1	1	0	928.647	0.0	1028.442	null	1451.759	0.092
11.9	0.02805	25875.0	2981.25	2475.0	NaN	NaN	NaN	0	1	1	0	0	0	0	0	0	0	0	0	1	0	0	0	1	1	1	1	0	1	1	1	0	143.0	0.113	0.305	NaN	NaN	0.269	0.678	NaN	NaN	8.07	23.73	NaN	NaN	0.0	"2.5"	"F0034"	1	1	"PR"	432.731	"deionize-uv"	74.983	1	1	0	928.647	0.0	1028.442	null	1461.795	0.09
13.9	0.027775	27187.5	2981.25	2400.0	NaN	NaN	NaN	0	1	1	0	0	0	0	0	0	0	0	0	1	0	0	0	1	1	1	1	0	1	1	1	0	167.0	0.113	0.298	NaN	NaN	0.269	0.662	NaN	NaN	8.07	23.17	NaN	NaN	0.0	"2.5"	"F0034"	1	1	"PR"	442.766	"deionize-uv"	85.018	1	1	0	928.647	0.0	1028.442	null	1471.83	0.09
11.1	0.0275	27937.5	2971.875	2362.5	NaN	NaN	NaN	0	1	1	0	0	0	0	0	0	0	0	0	1	0	0	0	1	1	1	1	0	1	1	1	0	133.0	0.112	0.294	NaN	NaN	0.267	0.653	NaN	NaN	8.01	22.855	NaN	NaN	0.0	"2.5"	"F0034"	1	1	"PR"	452.804	"deionize-uv"	95.056	1	1	0	928.647	0.0	1028.442	null	1481.868	0.094
9.1	0.02695	27375.0	2990.625	2409.375	NaN	NaN	NaN	0	1	1	0	0	0	0	0	0	0	0	0	1	0	0	0	1	1	1	1	0	1	1	1	0	109.0	0.114	0.299	NaN	NaN	0.271	0.664	NaN	NaN	8.13	23.24	NaN	NaN	0.0	"2.5"	"F0034"	1	1	"PR"	462.839	"deionize-uv"	105.091	1	1	0	928.647	0.0	1028.442	null	1491.903	0.087
10.9	0.02695	28875.0	2981.25	2437.5	NaN	NaN	NaN	0	1	1	0	0	0	0	0	0	0	0	0	1	0	0	0	1	1	1	1	0	1	1	1	0	131.0	0.113	0.302	NaN	NaN	0.269	0.671	NaN	NaN	8.07	23.485	NaN	NaN	0.0	"2.5"	"F0034"	1	1	"PR"	472.879	"deionize-uv"	115.131	1	1	0	928.647	0.0	1028.442	null	1501.943	0.09
10.8	0.02585	25687.5	2971.875	1968.75	NaN	NaN	NaN	0	0	1	0	0	0	0	1	0	0	0	0	1	0	0	0	1	1	1	1	0	1	1	1	0	130.0	0.112	0.255	NaN	NaN	0.267	0.567	NaN	NaN	8.01	19.845	NaN	NaN	0.0	"2.5"	"F0034"	1	1	"PR"	482.751	"drip-di-1"	3.923	1	1	0	928.647	0.0	1028.442	null	1511.815	0.087
10.4	0.026125	26625.0	2962.5	1696.875	NaN	NaN	NaN	0	0	1	0	0	0	0	1	0	0	0	0	1	0	0	0	1	1	1	1	0	1	1	1	0	125.0	0.111	0.228	NaN	NaN	0.264	0.507	NaN	NaN	7.92	17.745	NaN	NaN	0.0	"2.5"	"F0034"	1	1	"PR"	492.791	"drip-di-1"	13.963	1	1	0	928.647	0.0	1028.442	null	1521.855	0.087
-11.9	0.026125	20812.5	2859.375	1950.0	NaN	NaN	NaN	1	0	0	0	0	1	1	0	0	0	0	0	1	1	0	0	0	1	1	0	1	1	1	0	1	-143.0	0.101	0.253	NaN	NaN	0.24	0.562	NaN	NaN	7.2	19.67	NaN	NaN	0.0	"2.5"	"F0034"	1	0	"PR"	502.792	"reverse-f"	8.796	1	1	0	928.647	0.0	1028.442	null	1531.856	0.087
-13.9	0.02805	21937.5	2746.875	2240.625	NaN	NaN	NaN	0	0	0	0	0	1	1	0	0	0	0	0	1	0	0	0	0	1	1	0	1	1	1	0	1	-167.0	0.09	0.282	NaN	NaN	0.214	0.627	NaN	NaN	6.42	21.945	NaN	NaN	0.0	"2.5"	"F0034"	1	0	"PR"	512.736	"reverse"	18.74	1	1	0	928.647	0.0	1028.442	null	1541.8	0.084
-12.4	0.030525	21562.5	2821.875	2250.0	NaN	NaN	NaN	0	0	0	0	0	1	1	0	0	0	0	0	1	0	0	0	0	1	1	0	1	1	1	0	1	-149.0	0.097	0.283	NaN	NaN	0.231	0.629	NaN	NaN	6.93	22.015	NaN	NaN	0.0	"2.5"	"F0034"	1	0	"PR"	522.774	"reverse"	28.778	1	1	0	928.647	0.0	1028.442	null	1551.838	0.086
-11.9	0.0341	22312.5	2821.875	2212.5	NaN	NaN	NaN	0	0	0	0	0	1	1	0	0	0	0	0	1	0	0	0	0	1	1	0	1	1	1	0	1	-143.0	0.097	0.279	NaN	NaN	0.231	0.62	NaN	NaN	6.93	21.7	NaN	NaN	0.0	"2.5"	"F0034"	1	0	"PR"	532.814	"reverse"	38.818	1	1	0	928.647	0.0	1028.442	null	1561.878	0.088
-12.0	0.03685	19312.5	2821.875	2221.875	NaN	NaN	NaN	0	0	0	0	0	1	1	0	0	0	0	0	1	0	0	0	0	1	1	0	1	1	1	0	1	-144.0	0.097	0.28	NaN	NaN	0.231	0.622	NaN	NaN	6.93	21.77	NaN	NaN	0.0	"2.5"	"F0034"	1	0	"PR"	542.848	"reverse"	48.852	1	1	0	928.647	0.0	1028.442	null	1571.912	0.086
-11.9	0.0396	20625.0	2821.875	2240.625	NaN	NaN	NaN	0	0	0	0	0	1	1	0	0	0	0	0	1	0	0	0	0	1	1	0	1	1	1	0	1	-143.0	0.097	0.282	NaN	NaN	0.231	0.627	NaN	NaN	6.93	21.945	NaN	NaN	0.0	"2.5"	"F0034"	1	0	"PR"	552.88	"reverse"	58.884	1	1	0	928.647	0.0	1028.442	null	1581.944	0.092
-11.9	0.0418	20437.5	2812.5	2240.625	NaN	NaN	NaN	0	0	0	0	0	1	1	0	0	0	0	0	1	0	0	0	0	1	1	0	1	1	1	0	1	-143.0	0.096	0.282	NaN	NaN	0.229	0.627	NaN	NaN	6.87	21.945	NaN	NaN	0.0	"2.5"	"F0034"	1	0	"PR"	562.92	"reverse"	68.924	1	1	0	928.647	0.0	1028.442	null	1591.984	0.087
-13.9	0.04345	21562.5	2850.0	2212.5	NaN	NaN	NaN	0	0	0	0	0	1	1	0	0	0	0	0	1	0	0	0	0	1	1	0	1	1	1	0	1	-167.0	0.1	0.279	NaN	NaN	0.238	0.62	NaN	NaN	7.14	21.7	NaN	NaN	0.0	"2.5"	"F0034"	1	0	"PR"	572.955	"reverse"	78.959	1	1	0	928.647	0.0	1028.442	null	1602.019	0.091
-12.1	0.044825	22125.0	2784.375	2231.25	NaN	NaN	NaN	0	0	0	0	0	1	1	0	0	0	0	0	1	0	0	0	0	1	1	0	1	1	1	0	1	-145.0	0.093	0.281	NaN	NaN	0.221	0.624	NaN	NaN	6.63	21.84	NaN	NaN	0.0	"2.5"	"F0034"	1	0	"PR"	582.794	"reverse"	88.798	1	1	0	928.647	0.0	1028.442	null	1611.858	0.084
-12.0	0.04565	21750.0	2812.5	2259.375	NaN	NaN	NaN	0	0	0	0	0	1	1	0	0	0	0	0	1	0	0	0	0	1	1	0	1	1	1	0	1	-144.0	0.096	0.284	NaN	NaN	0.229	0.631	NaN	NaN	6.87	22.085	NaN	NaN	0.0	"2.5"	"F0034"	1	0	"PR"	592.832	"reverse"	98.836	1	1	0	928.647	0.0	1028.442	null	1621.896	0.084
-12.1	0.0462	19875.0	2812.5	2221.875	NaN	NaN	NaN	0	0	0	0	0	1	1	0	0	0	0	0	1	0	0	0	0	1	1	0	1	1	1	0	1	-145.0	0.096	0.28	NaN	NaN	0.229	0.622	NaN	NaN	6.87	21.77	NaN	NaN	0.0	"2.5"	"F0034"	1	0	"PR"	602.865	"reverse"	108.869	1	1	0	928.647	0.0	1028.442	null	1631.929	0.084
-12.0	0.0462	20625.0	2850.0	2250.0	NaN	NaN	NaN	0	0	0	0	0	1	1	0	0	0	0	0	1	0	0	0	0	1	1	0	1	1	1	0	1	-144.0	0.1	0.283	NaN	NaN	0.238	0.629	NaN	NaN	7.14	22.015	NaN	NaN	0.0	"2.5"	"F0034"	1	0	"PR"	612.901	"reverse"	118.905	1	1	0	928.647	0.0	1028.442	null	1641.965	0.095
-12.4	0.0462	22125.0	2821.875	2212.5	NaN	NaN	NaN	0	0	0	0	0	1	1	0	0	0	0	0	1	0	0	0	0	1	1	0	1	1	1	0	1	-149.0	0.097	0.279	NaN	NaN	0.231	0.62	NaN	NaN	6.93	21.7	NaN	NaN	0.0	"2.5"	"F0034"	1	0	"PR"	622.936	"reverse"	128.94	1	1	0	928.647	0.0	1028.442	null	1652.0	0.084
-11.5	0.0462	19875.0	2803.125	2156.25	NaN	NaN	NaN	0	0	0	0	0	1	1	0	0	0	0	0	1	0	0	0	0	1	1	0	1	1	1	0	1	-138.0	0.095	0.274	NaN	NaN	0.226	0.609	NaN	NaN	6.78	21.315	NaN	NaN	0.0	"2.5"	"F0034"	1	0	"PR"	632.967	"reverse"	138.971	1	1	0	928.647	0.0	1028.442	null	1662.031	0.084
-11.6	0.0462	19875.0	2803.125	2212.5	NaN	NaN	NaN	0	0	0	0	0	1	1	0	0	0	0	0	1	0	0	0	0	1	1	0	1	1	1	0	1	-139.0	0.095	0.279	NaN	NaN	0.226	0.62	NaN	NaN	6.78	21.7	NaN	NaN	0.0	"2.5"	"F0034"	1	0	"PR"	643.002	"reverse"	149.006	1	1	0	928.647	0.0	1028.442	null	1672.066	0.098
-0.6	0.0473	-750.0	2990.625	2240.625	NaN	NaN	NaN	0	0	0	0	0	0	0	0	0	0	0	0	0	0	0	0	0	0	0	0	1	0	0	0	1	-7.0	0.114	0.282	NaN	NaN	0.271	0.627	NaN	NaN	8.13	21.945	NaN	NaN	0.0	"2.5"	"F0034"	0	0	"PR"	652.929	"diffuse"	8.923	1	1	1	928.647	0.0	1028.442	null	1681.993	0.084
-0.8	0.047025	187.5	3009.375	2250.0	NaN	NaN	NaN	0	0	0	0	0	0	0	0	0	0	0	0	0	0	0	0	0	0	0	0	1	0	0	0	1	-10.0	0.116	0.283	NaN	NaN	0.276	0.629	NaN	NaN	8.28	22.015	NaN	NaN	0.0	"2.5"	"F0034"	0	0	"PR"	662.96	"diffuse"	18.954	1	1	1	928.647	0.0	1028.442	null	1692.024	0.084
-0.8	0.047025	562.5	3000.0	2240.625	NaN	NaN	NaN	0	0	0	0	0	0	0	0	0	0	0	0	0	0	0	0	0	0	0	0	1	0	0	0	1	-10.0	0.115	0.282	NaN	NaN	0.274	0.627	NaN	NaN	8.22	21.945	NaN	NaN	0.0	"2.5"	"F0034"	0	0	"PR"	672.996	"diffuse"	28.99	1	1	1	928.647	0.0	1028.442	null	1702.06	0.085
-12.0	0.0473	19687.5	2784.375	2250.0	NaN	NaN	NaN	0	0	0	0	0	1	1	0	0	0	0	0	1	0	0	0	0	1	1	0	1	1	1	0	1	-144.0	0.093	0.283	NaN	NaN	0.221	0.629	NaN	NaN	6.63	22.015	NaN	NaN	0.0	"2.5"	"F0034"	1	0	"PR"	683.122	"wash-en"	8.922	1	1	1	928.647	0.0	1028.442	null	1712.186	0.087
-12.7	0.0473	21562.5	2831.25	2221.875	NaN	NaN	NaN	0	0	0	0	0	1	1	0	0	0	0	0	1	0	0	0	0	1	1	0	1	1	1	0	1	-152.0	0.098	0.28	NaN	NaN	0.233	0.622	NaN	NaN	6.99	21.77	NaN	NaN	0.0	"2.5"	"F0034"	1	0	"PR"	692.954	"wash-en"	18.754	1	1	1	928.647	0.0	1028.442	null	1722.018	0.085
-0.4	0.04785	20437.5	2821.875	2250.0	NaN	NaN	NaN	0	0	0	0	0	1	1	0	0	0	0	0	1	0	0	0	0	0	0	0	1	0	0	0	1	-5.0	0.097	0.283	NaN	NaN	0.231	0.629	NaN	NaN	6.93	22.015	NaN	NaN	0.0	"2.5"	"F0034"	0	0	"PR"	703.088	"wash-sc"	8.729	1	1	1	928.647	0.0	1028.442	null	1732.152	0.097
-0.4	0.048125	-375.0	3000.0	2240.625	NaN	NaN	NaN	0	0	0	0	0	0	0	0	0	0	0	0	0	0	0	0	0	0	0	0	1	0	0	0	1	-5.0	0.115	0.282	NaN	NaN	0.274	0.627	NaN	NaN	8.22	21.945	NaN	NaN	0.0	"2.5"	"F0034"	0	0	"PR"	713.123	"diffuse"	8.628	1	1	2	928.647	0.0	1028.442	null	1742.187	0.084
-0.4	0.047575	1875.0	3009.375	2240.625	NaN	NaN	NaN	0	0	0	0	0	0	0	0	0	0	0	0	0	0	0	0	0	0	0	0	1	0	0	0	1	-5.0	0.116	0.282	NaN	NaN	0.276	0.627	NaN	NaN	8.28	21.945	NaN	NaN	0.0	"2.5"	"F0034"	0	0	"PR"	723.156	"diffuse"	18.661	1	1	2	928.647	0.0	1028.442	null	1752.22	0.086
-0.5	0.0484	1500.0	3000.0	2240.625	NaN	NaN	NaN	0	0	0	0	0	0	0	0	0	0	0	0	0	0	0	0	0	0	0	0	1	0	0	0	1	-6.0	0.115	0.282	NaN	NaN	0.274	0.627	NaN	NaN	8.22	21.945	NaN	NaN	0.0	"2.5"	"F0034"	0	0	"PR"	732.996	"diffuse"	28.501	1	1	2	928.647	0.0	1028.442	null	1762.06	0.088
-11.6	0.0484	20062.5	2850.0	2221.875	NaN	NaN	NaN	0	0	0	0	0	1	1	0	0	0	0	0	1	0	0	0	0	1	1	0	1	1	1	0	1	-139.0	0.1	0.28	NaN	NaN	0.238	0.622	NaN	NaN	7.14	21.77	NaN	NaN	0.0	"2.5"	"F0034"	1	0	"PR"	743.123	"wash-en"	8.521	1	1	2	928.647	0.0	1028.442	null	1772.187	0.084
-12.7	0.04785	22875.0	2812.5	2221.875	NaN	NaN	NaN	0	0	0	0	0	1	1	0	0	0	0	0	1	0	0	0	0	1	1	0	1	1	1	0	1	-152.0	0.096	0.28	NaN	NaN	0.229	0.622	NaN	NaN	6.87	21.77	NaN	NaN	0.0	"2.5"	"F0034"	1	0	"PR"	753.155	"wash-en"	18.553	1	1	2	928.647	0.0	1028.442	null	1782.219	0.084
-0.2	0.048125	20250.0	2784.375	2240.625	NaN	NaN	NaN	0	0	0	0	0	1	1	0	0	0	0	0	1	0	0	0	0	0	0	0	1	0	0	0	1	-2.0	0.093	0.282	NaN	NaN	0.221	0.627	NaN	NaN	6.63	21.945	NaN	NaN	0.0	"2.5"	"F0034"	0	0	"PR"	763.081	"wash-sc"	8.32	1	1	2	928.647	0.0	1028.442	null	1792.145	0.087
-0.2	0.04785	187.5	3000.0	2240.625	NaN	NaN	NaN	0	0	0	0	0	0	0	0	0	0	0	0	0	0	0	0	0	0	0	0	1	0	0	0	1	-2.0	0.115	0.282	NaN	NaN	0.274	0.627	NaN	NaN	8.22	21.945	NaN	NaN	0.0	"2.5"	"F0034"	0	0	"PR"	773.123	"diffuse"	8.233	1	1	3	928.647	0.0	1028.442	null	1802.187	0.086
-0.1	0.0484	1125.0	3000.0	2240.625	NaN	NaN	NaN	0	0	0	0	0	0	0	0	0	0	0	0	0	0	0	0	0	0	0	0	1	0	0	0	1	-1.0	0.115	0.282	NaN	NaN	0.274	0.627	NaN	NaN	8.22	21.945	NaN	NaN	0.0	"2.5"	"F0034"	0	0	"PR"	783.158	"diffuse"	18.268	1	1	3	928.647	0.0	1028.442	null	1812.222	0.084
-0.4	0.04785	1125.0	2990.625	2240.625	NaN	NaN	NaN	0	0	0	0	0	0	0	0	0	0	0	0	0	0	0	0	0	0	0	0	1	0	0	0	1	-5.0	0.114	0.282	NaN	NaN	0.271	0.627	NaN	NaN	8.13	21.945	NaN	NaN	0.0	"2.5"	"F0034"	0	0	"PR"	793.196	"diffuse"	28.306	1	1	3	928.647	0.0	1028.442	null	1822.26	0.095
-11.9	0.04785	19875.0	2887.5	2231.25	NaN	NaN	NaN	0	0	0	0	0	1	1	0	0	0	0	0	1	0	0	0	0	1	1	0	1	1	1	0	1	-143.0	0.104	0.281	NaN	NaN	0.248	0.624	NaN	NaN	7.44	21.84	NaN	NaN	0.0	"2.5"	"F0034"	1	0	"PR"	803.128	"wash-en"	8.122	1	1	3	928.647	0.0	1028.442	null	1832.192	0.084
-11.9	0.047575	22125.0	2821.875	2231.25	NaN	NaN	NaN	0	0	0	0	0	1	1	0	0	0	0	0	1	0	0	0	0	1	1	0	1	1	1	0	1	-143.0	0.097	0.281	NaN	NaN	0.231	0.624	NaN	NaN	6.93	21.84	NaN	NaN	0.0	"2.5"	"F0034"	1	0	"PR"	813.159	"wash-en"	18.153	1	1	3	928.647	0.0	1028.442	null	1842.223	0.087
0.0	0.04785	20812.5	2831.25	2240.625	NaN	NaN	NaN	0	0	0	0	0	1	1	0	0	0	0	0	1	0	0	0	0	0	0	0	1	0	0	0	1	0.0	0.098	0.282	NaN	NaN	0.233	0.627	NaN	NaN	6.99	21.945	NaN	NaN	0.0	"2.5"	"F0034"	0	0	"PR"	823.082	"wash-sc"	7.916	1	1	3	928.647	0.0	1028.442	null	1852.146	0.09
