cur	ec	mod-ps	rg-ps	di-ps	fw1-ps	fw2-ps	pf-ps	vlv-di-fill	vlv-di-in	vlv-di-out	vlv-rg-fill	vlv-rg-drain	vlv-rg-in	vlv-rg-out	vlv-fw1-in	vlv-fw1-out	vlv-fw2-in	vlv-po	vlv-mod-drain	pmp-sys	pmp-di	pmp-fw1	pmp-fw2	uv	en-anode1	en-cath1	pl-anode1	pl-cath1	en-anode2	en-cath2	pl-anode2	pl-cath2	pw	rg-he	di-he	fw1-he	fw2-he	rg-lev	di-lev	fw1-lev	fw2-lev	rg-vol	di-vol	fw1-vol	fw2-vol	pr-ec	ver	sn	mod-en	mod-pl	proc	proc-time	ph	ph-time	count	cyc	rnd	pr-last	rc-last	fr-last	halt-re	time	exec
0.4	0.044825	28875.0	2793.75	2268.75	NaN	NaN	NaN	0	0	0	0	0	1	1	0	0	0	0	0	1	0	0	0	0	0	0	0	1	0	0	0	1	5.0	0.094	0.285	NaN	NaN	0.224	0.633	NaN	NaN	6.72	22.155	NaN	NaN	0.0	"2.5"	"F0034"	0	0	"PR"	8.242	"prime"	7.426	0	0	0	0.0	0.0	0.0	null	10.033	0.084
0.9	0.04455	26812.5	2803.125	2278.125	NaN	NaN	NaN	0	0	0	0	0	1	1	0	0	0	0	0	1	0	0	0	0	0	0	0	1	0	0	0	1	11.0	0.095	0.286	NaN	NaN	0.226	0.636	NaN	NaN	6.78	22.26	NaN	NaN	0.0	"2.5"	"F0034"	0	0	"PR"	8.443	"prime"	7.627	0	0	0	0.0	0.0	0.0	null	10.234	0.089
1.0	0.04455	28312.5	2765.625	2268.75	NaN	NaN	NaN	0	0	0	0	0	1	1	0	0	0	0	0	1	0	0	0	0	0	0	0	1	0	0	0	1	12.0	0.092	0.285	NaN	NaN	0.219	0.633	NaN	NaN	6.57	22.155	NaN	NaN	0.0	"2.5"	"F0034"	0	0	"PR"	18.279	"prime"	17.463	0	0	0	0.0	0.0	0.0	null	20.07	0.086
1.1	0.044825	30000.0	2746.875	2268.75	NaN	NaN	NaN	0	0	0	0	0	1	1	0	0	0	0	0	1	0	0	0	0	0	0	0	1	0	0	0	1	13.0	0.09	0.285	NaN	NaN	0.214	0.633	NaN	NaN	6.42	22.155	NaN	NaN	0.0	"2.5"	"F0034"	0	0	"PR"	28.31	"prime"	27.494	0	0	0	0.0	0.0	0.0	null	30.101	0.086
-12.1	0.044825	32062.5	2981.25	2578.125	NaN	NaN	NaN	0	1	1	0	0	0	0	0	0	0	0	0	1	0	0	0	0	1	1	0	1	1	1	0	1	-145.0	0.113	0.316	NaN	NaN	0.269	0.702	NaN	NaN	8.07	24.57	NaN	NaN	0.0	"2.5"	"F0034"	1	0	"PR"	38.358	"deionize"	7.035	0	1	0	0.0	0.0	0.0	null	40.149	0.087
-12.6	0.044275	34125.0	2962.5	2540.625	NaN	NaN	NaN	0	1	1	0	0	0	0	0	0	0	0	0	1	0	0	0	0	1	1	0	1	1	1	0	1	-151.0	0.111	0.312	NaN	NaN	0.264	0.693	NaN	NaN	7.92	24.255	NaN	NaN	0.0	"2.5"	"F0034"	1	0	"PR"	48.393	"deionize"	17.07	0	1	0	0.0	0.0	0.0	null	50.184	0.085
-11.5	0.0429	33937.5	2981.25	2540.625	NaN	NaN	NaN	0	1	1	0	0	0	0	0	0	0	0	0	1	0	0	0	0	1	1	0	1	1	1	0	1	-138.0	0.113	0.312	NaN	NaN	0.269	0.693	NaN	NaN	8.07	24.255	NaN	NaN	0.0	"2.5"	"F0034"	1	0	"PR"	58.434	"deionize"	27.111	0	1	0	0.0	0.0	0.0	null	60.225	0.086
-11.8	0.043725	33187.5	2981.25	2503.125	NaN	NaN	NaN	0	1	1	0	0	0	0	0	0	0	0	0	1	0	0	0	0	1	1	0	1	1	1	0	1	-142.0	0.113	0.308	NaN	NaN	0.269	0.684	NaN	NaN	8.07	23.94	NaN	NaN	0.0	"2.5"	"F0034"	1	0	"PR"	68.467	"deionize"	37.144	0	1	0	0.0	0.0	0.0	null	70.258	0.084
-11.8	0.0429	32250.0	2971.875	2512.5	NaN	NaN	NaN	0	1	1	0	0	0	0	0	0	0	0	0	1	0	0	0	0	1	1	0	1	1	1	0	1	-142.0	0.112	0.309	NaN	NaN	0.267	0.687	NaN	NaN	8.01	24.045	NaN	NaN	0.0	"2.5"	"F0034"	1	0	"PR"	78.498	"deionize"	47.175	0	1	0	0.0	0.0	0.0	null	80.289	0.084
-12.4	0.04235	31500.0	2981.25	2578.125	NaN	NaN	NaN	0	1	1	0	0	0	0	0	0	0	0	0	1	0	0	0	0	1	1	0	1	1	1	0	1	-149.0	0.113	0.316	NaN	NaN	0.269	0.702	NaN	NaN	8.07	24.57	NaN	NaN	0.0	"2.5"	"F0034"	1	0	"PR"	88.54	"deionize"	57.217	0	1	0	0.0	0.0	0.0	null	90.331	0.085
-12.2	0.041525	32250.0	2981.25	2625.0	NaN	NaN	NaN	0	1	1	0	0	0	0	0	0	0	0	0	1	0	0	0	0	1	1	0	1	1	1	0	1	-146.0	0.113	0.321	NaN	NaN	0.269	0.713	NaN	NaN	8.07	24.955	NaN	NaN	0.0	"2.5"	"F0034"	1	0	"PR"	98.377	"deionize"	67.054	0	1	0	0.0	0.0	0.0	null	100.168	0.087
-11.9	0.04125	32625.0	2971.875	2550.0	NaN	NaN	NaN	0	1	1	0	0	0	0	0	0	0	0	0	1	0	0	0	0	1	1	0	1	1	1	0	1	-143.0	0.112	0.313	NaN	NaN	0.267	0.696	NaN	NaN	8.01	24.36	NaN	NaN	0.0	"2.5"	"F0034"	1	0	"PR"	108.416	"deionize"	77.093	0	1	0	0.0	0.0	0.0	null	110.207	0.091
-11.8	0.039875	32062.5	2971.875	2521.875	NaN	NaN	NaN	0	1	1	0	0	0	0	0	0	0	0	0	1	0	0	0	0	1	1	0	1	1	1	0	1	-142.0	0.112	0.31	NaN	NaN	0.267	0.689	NaN	NaN	8.01	24.115	NaN	NaN	0.0	"2.5"	"F0034"	1	0	"PR"	118.454	"deionize"	87.131	0	1	0	0.0	0.0	0.0	null	120.245	0.084
-12.6	0.039325	33000.0	2971.875	2493.75	NaN	NaN	NaN	0	1	1	0	0	0	0	0	0	0	0	0	1	0	0	0	0	1	1	0	1	1	1	0	1	-151.0	0.112	0.307	NaN	NaN	0.267	0.682	NaN	NaN	8.01	23.87	NaN	NaN	0.0	"2.5"	"F0034"	1	0	"PR"	128.486	"deionize"	97.163	0	1	0	0.0	0.0	0.0	null	130.277	0.084
-12.0	0.038225	31875.0	2962.5	2568.75	NaN	NaN	NaN	0	1	1	0	0	0	0	0	0	0	0	0	1	0	0	0	0	1	1	0	1	1	1	0	1	-144.0	0.111	0.315	NaN	NaN	0.264	0.7	NaN	NaN	7.92	24.5	NaN	NaN	0.0	"2.5"	"F0034"	1	0	"PR"	138.522	"deionize"	107.199	0	1	0	0.0	0.0	0.0	null	140.313	0.088
-12.2	0.03795	32250.0	2943.75	2437.5	NaN	NaN	NaN	0	1	1	0	0	0	0	0	0	0	0	0	1	0	0	0	0	1	1	0	1	1	1	0	1	-146.0	0.109	0.302	NaN	NaN	0.26	0.671	NaN	NaN	7.8	23.485	NaN	NaN	0.0	"2.5"	"F0034"	1	0	"PR"	148.556	"deionize"	117.233	0	1	0	0.0	0.0	0.0	null	150.347	0.084
-11.9	0.037675	34500.0	2971.875	2531.25	NaN	NaN	NaN	0	1	1	0	0	0	0	0	0	0	0	0	1	0	0	0	0	1	1	0	1	1	1	0	1	-143.0	0.112	0.311	NaN	NaN	0.267	0.691	NaN	NaN	8.01	24.185	NaN	NaN	0.0	"2.5"	"F0034"	1	0	"PR"	158.589	"deionize"	127.266	0	1	0	0.0	0.0	0.0	null	160.38	0.084
-11.9	0.037125	33375.0	2971.875	2437.5	NaN	NaN	NaN	0	1	1	0	0	0	0	0	0	0	0	0	1	0	0	0	0	1	1	0	1	1	1	0	1	-143.0	0.112	0.302	NaN	NaN	0.267	0.671	NaN	NaN	8.01	23.485	NaN	NaN	0.0	"2.5"	"F0034"	1	0	"PR"	168.427	"deionize"	137.104	0	1	0	0.0	0.0	0.0	null	170.218	0.093
-12.0	0.036575	32250.0	2981.25	2409.375	NaN	NaN	NaN	0	1	1	0	0	0	0	0	0	0	0	0	1	0	0	0	0	1	1	0	1	1	1	0	1	-144.0	0.113	0.299	NaN	NaN	0.269	0.664	NaN	NaN	8.07	23.24	NaN	NaN	0.0	"2.5"	"F0034"	1	0	"PR"	178.463	"deionize"	147.14	0	1	0	0.0	0.0	0.0	null	180.254	0.09
-11.8	0.036025	33000.0	2981.25	2390.625	NaN	NaN	NaN	0	1	1	0	0	0	0	0	0	0	0	0	1	0	0	0	0	1	1	0	1	1	1	0	1	-142.0	0.113	0.297	NaN	NaN	0.269	0.66	NaN	NaN	8.07	23.1	NaN	NaN	0.0	"2.5"	"F0034"	1	0	"PR"	188.498	"deionize"	157.175	0	1	0	0.0	0.0	0.0	null	190.289	0.09
-11.6	0.035475	33375.0	2962.5	2456.25	NaN	NaN	NaN	0	1	1	0	0	0	0	0	0	0	0	0	1	0	0	0	0	1	1	0	1	1	1	0	1	-139.0	0.111	0.304	NaN	NaN	0.264	0.676	NaN	NaN	7.92	23.66	NaN	NaN	0.0	"2.5"	"F0034"	1	0	"PR"	198.535	"deionize"	167.212	0	1	0	0.0	0.0	0.0	null	200.326	0.093
-11.6	0.035475	34312.5	2981.25	2418.75	NaN	NaN	NaN	0	1	1	0	0	0	0	0	0	0	0	0	1	0	0	0	0	1	1	0	1	1	1	0	1	-139.0	0.113	0.3	NaN	NaN	0.269	0.667	NaN	NaN	8.07	23.345	NaN	NaN	0.0	"2.5"	"F0034"	1	0	"PR"	208.568	"deionize"	177.245	0	1	0	0.0	0.0	0.0	null	210.359	0.09
-11.3	0.034375	33375.0	2990.625	2465.625	NaN	NaN	NaN	0	1	1	0	0	0	0	0	0	0	0	0	1	0	0	0	0	1	1	0	1	1	1	0	1	-136.0	0.114	0.305	NaN	NaN	0.271	0.678	NaN	NaN	8.13	23.73	NaN	NaN	0.0	"2.5"	"F0034"	1	0	"PR"	218.601	"deionize"	187.278	0	1	0	0.0	0.0	0.0	null	220.392	0.091
-11.2	0.0341	33000.0	2981.25	2400.0	NaN	NaN	NaN	0	1	1	0	0	0	0	0	0	0	0	0	1	0	0	0	0	1	1	0	1	1	1	0	1	-134.0	0.113	0.298	NaN	NaN	0.269	0.662	NaN	NaN	8.07	23.17	NaN	NaN	0.0	"2.5"	"F0034"	1	0	"PR"	228.641	"deionize"	197.318	0	1	0	0.0	0.0	0.0	null	230.432	0.091
-10.8	0.033825	33000.0	2962.5	2437.5	NaN	NaN	NaN	0	1	1	0	0	0	0	0	0	0	0	0	1	0	0	0	0	1	1	0	1	1	1	0	1	-130.0	0.111	0.302	NaN	NaN	0.264	0.671	NaN	NaN	7.92	23.485	NaN	NaN	0.0	"2.5"	"F0034"	1	0	"PR"	238.678	"deionize"	207.355	0	1	0	0.0	0.0	0.0	null	240.469	0.093
-10.6	0.033	34500.0	2971.875	2446.875	NaN	NaN	NaN	0	1	1	0	0	0	0	0	0	0	0	0	1	0	0	0	0	1	1	0	1	1	1	0	1	-127.0	0.112	0.303	NaN	NaN	0.267	0.673	NaN	NaN	8.01	23.555	NaN	NaN	0.0	"2.5"	"F0034"	1	0	"PR"	248.709	"deionize"	217.386	0	1	0	0.0	0.0	0.0	null	250.5	0.084
-10.3	0.033	33000.0	2971.875	2390.625	NaN	NaN	NaN	0	1	1	0	0	0	0	0	0	0	0	0	1	0	0	0	0	1	1	0	1	1	1	0	1	-124.0	0.112	0.297	NaN	NaN	0.267	0.66	NaN	NaN	8.01	23.1	NaN	NaN	0.0	"2.5"	"F0034"	1	0	"PR"	258.547	"deionize"	227.224	0	1	0	0.0	0.0	0.0	null	260.338	0.091
-10.4	0.03245	31500.0	2971.875	2437.5	NaN	NaN	NaN	0	1	1	0	0	0	0	0	0	0	0	0	1	0	0	0	0	1	1	0	1	1	1	0	1	-125.0	0.112	0.302	NaN	NaN	0.267	0.671	NaN	NaN	8.01	23.485	NaN	NaN	0.0	"2.5"	"F0034"	1	0	"PR"	268.582	"deionize"	237.259	0	1	0	0.0	0.0	0.0	null	270.373	0.09
-10.5	0.03245	33562.5	2990.625	2446.875	NaN	NaN	NaN	0	1	1	0	0	0	0	0	0	0	0	0	1	0	0	0	1	1	1	0	1	1	1	0	1	-126.0	0.114	0.303	NaN	NaN	0.271	0.673	NaN	NaN	8.13	23.555	NaN	NaN	0.0	"2.5"	"F0034"	1	0	"PR"	278.726	"deionize-uv"	7.335	0	1	0	0.0	0.0	0.0	null	280.517	0.09
-9.9	0.032175	33000.0	3000.0	2400.0	NaN	NaN	NaN	0	1	1	0	0	0	0	0	0	0	0	0	1	0	0	0	1	1	1	0	1	1	1	0	1	-119.0	0.115	0.298	NaN	NaN	0.274	0.662	NaN	NaN	8.22	23.17	NaN	NaN	0.0	"2.5"	"F0034"	1	0	"PR"	288.564	"deionize-uv"	17.173	0	1	0	0.0	0.0	0.0	null	290.355	0.085
-9.7	0.031075	33937.5	2971.875	2409.375	NaN	NaN	NaN	0	1	1	0	0	0	0	0	0	0	0	0	1	0	0	0	1	1	1	0	1	1	1	0	1	-116.0	0.112	0.299	NaN	NaN	0.267	0.664	NaN	NaN	8.01	23.24	NaN	NaN	0.0	"2.5"	"F0034"	1	0	"PR"	298.606	"deionize-uv"	27.215	0	1	0	0.0	0.0	0.0	null	300.397	0.09
-9.6	0.031075	32812.5	2971.875	2446.875	NaN	NaN	NaN	0	1	1	0	0	0	0	0	0	0	0	0	1	0	0	0	1	1	1	0	1	1	1	0	1	-115.0	0.112	0.303	NaN	NaN	0.267	0.673	NaN	NaN	8.01	23.555	NaN	NaN	0.0	"2.5"	"F0034"	1	0	"PR"	308.646	"deionize-uv"	37.255	0	1	0	0.0	0.0	0.0	null	310.437	0.09
-9.1	0.030525	33750.0	2981.25	2428.125	NaN	NaN	NaN	0	1	1	0	0	0	0	0	0	0	0	0	1	0	0	0	1	1	1	0	1	1	1	0	1	-109.0	0.113	0.301	NaN	NaN	0.269	0.669	NaN	NaN	8.07	23.415	NaN	NaN	0.0	"2.5"	"F0034"	1	0	"PR"	318.686	"deionize-uv"	47.295	0	1	0	0.0	0.0	0.0	null	320.477	0.089
-9.5	0.0308	30750.0	2981.25	2456.25	NaN	NaN	NaN	0	1	1	0	0	0	0	0	0	0	0	0	1	0	0	0	1	1	1	0	1	1	1	0	1	-114.0	0.113	0.304	NaN	NaN	0.269	0.676	NaN	NaN	8.07	23.66	NaN	NaN	0.0	"2.5"	"F0034"	1	0	"PR"	328.722	"deionize-uv"	57.331	0	1	0	0.0	0.0	0.0	null	330.513	0.095
-9.4	0.03025	32250.0	2971.875	2437.5	NaN	NaN	NaN	0	1	1	0	0	0	0	0	0	0	0	0	1	0	0	0	1	1	1	0	1	1	1	0	1	-113.0	0.112	0.302	NaN	NaN	0.267	0.671	NaN	NaN	8.01	23.485	NaN	NaN	0.0	"2.5"	"F0034"	1	0	"PR"	338.758	"deionize-uv"	67.367	0	1	0	0.0	0.0	0.0	null	340.549	0.09
-9.5	0.03025	32812.5	2962.5	2437.5	NaN	NaN	NaN	0	1	1	0	0	0	0	0	0	0	0	0	1	0	0	0	1	1	1	0	1	1	1	0	1	-114.0	0.111	0.302	NaN	NaN	0.264	0.671	NaN	NaN	7.92	23.485	NaN	NaN	0.0	"2.5"	"F0034"	1	0	"PR"	348.793	"deionize-uv"	77.402	0	1	0	0.0	0.0	0.0	null	350.584	0.09
-10.3	0.029425	32250.0	2962.5	2456.25	NaN	NaN	NaN	0	1	1	0	0	0	0	0	0	0	0	0	1	0	0	0	1	1	1	0	1	1	1	0	1	-124.0	0.111	0.304	NaN	NaN	0.264	0.676	NaN	NaN	7.92	23.66	NaN	NaN	0.0	"2.5"	"F0034"	1	0	"PR"	358.834	"deionize-uv"	87.443	0	1	0	0.0	0.0	0.0	null	360.625	0.095
-9.2	0.028875	34312.5	2971.875	2437.5	NaN	NaN	NaN	0	1	1	0	0	0	0	0	0	0	0	0	1	0	0	0	1	1	1	0	1	1	1	0	1	-110.0	0.112	0.302	NaN	NaN	0.267	0.671	NaN	NaN	8.01	23.485	NaN	NaN	0.0	"2.5"	"F0034"	1	0	"PR"	368.67	"deionize-uv"	97.279	0	1	0	0.0	0.0	0.0	null	370.461	0.086
-9.7	0.02915	32625.0	2981.25	2437.5	NaN	NaN	NaN	0	1	1	0	0	0	0	0	0	0	0	0	1	0	0	0	1	1	1	0	1	1	1	0	1	-116.0	0.113	0.302	NaN	NaN	0.269	0.671	NaN	NaN	8.07	23.485	NaN	NaN	0.0	"2.5"	"F0034"	1	0	"PR"	378.706	"deionize-uv"	107.315	0	1	0	0.0	0.0	0.0	null	380.497	0.086
-8.9	0.02915	33937.5	2981.25	2362.5	NaN	NaN	NaN	0	1	1	0	0	0	0	0	0	0	0	0	1	0	0	0	1	1	1	0	1	1	1	0	1	-107.0	0.113	0.294	NaN	NaN	0.269	0.653	NaN	NaN	8.07	22.855	NaN	NaN	0.0	"2.5"	"F0034"	1	0	"PR"	388.744	"deionize-uv"	117.353	0	1	0	0.0	0.0	0.0	null	390.535	0.087
-8.1	0.02805	33937.5	2962.5	1903.125	NaN	NaN	NaN	0	0	1	0	0	0	0	1	0	0	0	0	1	0	0	0	1	1	1	0	1	1	1	0	1	-97.0	0.111	0.248	NaN	NaN	0.264	0.551	NaN	NaN	7.92	19.285	NaN	NaN	0.0	"2.5"	"F0034"	1	0	"PR"	398.715	"drain-di-1"	7.159	0	1	0	0.0	0.0	0.0	null	400.506	0.087
-9.3	0.02915	35437.5	2981.25	1668.75	NaN	NaN	NaN	0	0	1	0	0	0	0	1	0	0	0	0	1	0	0	0	1	1	1	0	1	1	1	0	1	-112.0	0.113	0.225	NaN	NaN	0.269	0.5	NaN	NaN	8.07	17.5	NaN	NaN	0.0	"2.5"	"F0034"	1	0	"PR"	408.755	"drain-di-1"	17.199	0	1	0	0.0	0.0	0.0	null	410.546	0.086
-9.2	0.0286	34687.5	2971.875	1425.0	NaN	NaN	NaN	0	0	1	0	0	0	0	1	0	0	0	0	1	0	0	0	1	1	1	0	1	1	1	0	1	-110.0	0.112	0.2	NaN	NaN	0.267	0.444	NaN	NaN	8.01	15.54	NaN	NaN	0.0	"2.5"	"F0034"	1	0	"PR"	418.792	"drain-di-1"	27.236	0	1	0	0.0	0.0	0.0	null	420.583	0.087
-7.0	0.0275	34500.0	2971.875	1190.625	NaN	NaN	NaN	0	0	1	0	0	0	0	1	0	0	0	0	1	0	0	0	1	1	1	0	1	1	1	0	1	-84.0	0.112	0.177	NaN	NaN	0.267	0.393	NaN	NaN	8.01	13.755	NaN	NaN	0.0	"2.5"	"F0034"	1	0	"PR"	428.834	"drain-di-1"	37.278	0	1	0	0.0	0.0	0.0	null	430.625	0.089
-8.7	0.02805	34125.0	2934.375	946.875	NaN	NaN	NaN	0	0	1	0	0	0	0	1	0	0	0	0	1	0	0	0	1	1	1	0	1	1	1	0	1	-104.0	0.108	0.153	NaN	NaN	0.257	0.34	NaN	NaN	7.71	11.9	NaN	NaN	0.0	"2.5"	"F0034"	1	0	"PR"	438.87	"drain-di-1"	47.314	0	1	0	0.0	0.0	0.0	null	440.661	0.091
-5.5	0.02805	32437.5	2943.75	684.375	NaN	NaN	NaN	0	0	1	0	0	0	0	1	0	0	0	0	1	0	0	0	1	1	1	0	1	1	1	0	1	-66.0	0.109	0.126	NaN	NaN	0.26	0.28	NaN	NaN	7.8	9.8	NaN	NaN	0.0	"2.5"	"F0034"	1	0	"PR"	448.9	"drain-di-1"	57.344	0	1	0	0.0	0.0	0.0	null	450.691	0.091
-9.0	0.02805	33937.5	2981.25	431.25	NaN	NaN	NaN	0	0	1	0	0	0	0	1	0	0	0	0	1	0	0	0	1	1	1	0	1	1	1	0	1	-108.0	0.113	0.101	NaN	NaN	0.269	0.224	NaN	NaN	8.07	7.84	NaN	NaN	0.0	"2.5"	"F0034"	1	0	"PR"	458.94	"drain-di-1"	67.384	0	1	0	0.0	0.0	0.0	null	460.731	0.093
-8.0	0.02695	36000.0	2962.5	215.625	NaN	NaN	NaN	0	0	1	0	0	0	0	1	0	0	0	0	1	0	0	0	1	1	1	0	1	1	1	0	1	-96.0	0.111	0.08	NaN	NaN	0.264	0.178	NaN	NaN	7.92	6.23	NaN	NaN	0.0	"2.5"	"F0034"	1	0	"PR"	468.772	"drain-di-1"	77.216	0	1	0	0.0	0.0	0.0	null	470.563	0.084
-8.5	0.027225	33375.0	2981.25	-56.25	NaN	NaN	NaN	0	0	1	0	0	0	0	1	0	0	0	0	1	0	0	0	1	1	1	0	1	1	1	0	1	-102.0	0.113	0.052	NaN	NaN	0.269	0.116	NaN	NaN	8.07	4.06	NaN	NaN	0.0	"2.5"	"F0034"	1	0	"PR"	478.922	"drip-di-1"	4.329	0	1	0	0.0	0.0	0.0	null	480.713	0.088
-9.5	0.027225	33750.0	2981.25	-37.5	NaN	NaN	NaN	0	0	1	0	0	0	0	1	0	0	0	0	1	0	0	0	1	1	1	0	1	1	1	0	1	-114.0	0.113	0.054	NaN	NaN	0.269	0.12	NaN	NaN	8.07	4.2	NaN	NaN	0.0	"2.5"	"F0034"	1	0	"PR"	488.96	"drip-di-1"	14.367	0	1	0	0.0	0.0	0.0	null	490.751	0.087
12.4	0.02805	27937.5	2803.125	112.5	NaN	NaN	NaN	1	0	0	0	0	1	1	0	0	0	0	0	1	1	0	0	0	1	1	1	0	1	1	1	0	149.0	0.095	0.069	NaN	NaN	0.226	0.153	NaN	NaN	6.78	5.355	NaN	NaN	0.0	"2.5"	"F0034"	1	1	"PR"	498.958	"reverse-f"	9.195	0	1	0	0.0	0.0	0.0	null	500.749	0.084
12.7	0.029975	29812.5	2859.375	412.5	NaN	NaN	NaN	1	0	0	0	0	1	1	0	0	0	0	0	1	1	0	0	0	1	1	1	0	1	1	1	0	152.0	0.101	0.099	NaN	NaN	0.24	0.22	NaN	NaN	7.2	7.7	NaN	NaN	0.0	"2.5"	"F0034"	1	1	"PR"	508.994	"reverse-f"	19.231	0	1	0	0.0	0.0	0.0	null	510.785	0.084
11.9	0.03245	29812.5	2812.5	703.125	NaN	NaN	NaN	1	0	0	0	0	1	1	0	0	0	0	0	1	1	0	0	0	1	1	1	0	1	1	1	0	143.0	0.096	0.128	NaN	NaN	0.229	0.284	NaN	NaN	6.87	9.94	NaN	NaN	0.0	"2.5"	"F0034"	1	1	"PR"	518.83	"reverse-f"	29.067	0	1	0	0.0	0.0	0.0	null	520.621	0.085
11.3	0.034375	30000.0	2831.25	1003.125	NaN	NaN	NaN	1	0	0	0	0	1	1	0	0	0	0	0	1	1	0	0	0	1	1	1	0	1	1	1	0	136.0	0.098	0.158	NaN	NaN	0.233	0.351	NaN	NaN	6.99	12.285	NaN	NaN	0.0	"2.5"	"F0034"	1	1	"PR"	528.867	"reverse-f"	39.104	0	1	0	0.0	0.0	0.0	null	530.658	0.083
12.6	0.03685	30000.0	2821.875	1293.75	NaN	NaN	NaN	1	0	0	0	0	1	1	0	0	0	0	0	1	1	0	0	0	1	1	1	0	1	1	1	0	151.0	0.097	0.187	NaN	NaN	0.231	0.416	NaN	NaN	6.93	14.56	NaN	NaN	0.0	"2.5"	"F0034"	1	1	"PR"	538.901	"reverse-f"	49.138	0	1	0	0.0	0.0	0.0	null	540.692	0.084
12.7	0.038775	30375.0	2821.875	1584.375	NaN	NaN	NaN	1	0	0	0	0	1	1	0	0	0	0	0	1	1	0	0	0	1	1	1	0	1	1	1	0	152.0	0.097	0.216	NaN	NaN	0.231	0.48	NaN	NaN	6.93	16.8	NaN	NaN	0.0	"2.5"	"F0034"	1	1	"PR"	548.941	"reverse-f"	59.178	0	1	0	0.0	0.0	0.0	null	550.732	0.085
11.9	0.04015	29625.0	2793.75	1884.375	NaN	NaN	NaN	1	0	0	0	0	1	1	0	0	0	0	0	1	1	0	0	0	1	1	1	0	1	1	1	0	143.0	0.094	0.246	NaN	NaN	0.224	0.547	NaN	NaN	6.72	19.145	NaN	NaN	0.0	"2.5"	"F0034"	1	1	"PR"	558.973	"reverse-f"	69.21	0	1	0	0.0	0.0	0.0	null	560.764	0.084
12.6	0.042625	30000.0	2821.875	2165.625	NaN	NaN	NaN	1	0	0	0	0	1	1	0	0	0	0	0	1	1	0	0	0	1	1	1	0	1	1	1	0	151.0	0.097	0.275	NaN	NaN	0.231	0.611	NaN	NaN	6.93	21.385	NaN	NaN	0.0	"2.5"	"F0034"	1	1	"PR"	569.004	"reverse-f"	79.241	0	1	0	0.0	0.0	0.0	null	570.795	0.087
12.4	0.04345	29625.0	2850.0	2250.0	NaN	NaN	NaN	0	0	0	0	0	1	1	0	0	0	0	0	1	0	0	0	0	1	1	1	0	1	1	1	0	149.0	0.1	0.283	NaN	NaN	0.238	0.629	NaN	NaN	7.14	22.015	NaN	NaN	0.0	"2.5"	"F0034"	1	1	"PR"	578.953	"reverse"	89.19	0	1	0	0.0	0.0	0.0	null	580.744	0.084
12.5	0.044825	29625.0	2803.125	2240.625	NaN	NaN	NaN	0	0	0	0	0	1	1	0	0	0	0	0	1	0	0	0	0	1	1	1	0	1	1	1	0	150.0	0.095	0.282	NaN	NaN	0.226	0.627	NaN	NaN	6.78	21.945	NaN	NaN	0.0	"2.5"	"F0034"	1	1	"PR"	588.988	"reverse"	99.225	0	1	0	0.0	0.0	0.0	null	590.779	0.083
10.7	0.0451	29812.5	2812.5	2268.75	NaN	NaN	NaN	0	0	0	0	0	1	1	0	0	0	0	0	1	0	0	0	0	1	1	1	0	1	1	1	0	128.0	0.096	0.285	NaN	NaN	0.229	0.633	NaN	NaN	6.87	22.155	NaN	NaN	0.0	"2.5"	"F0034"	1	1	"PR"	599.029	"reverse"	109.266	0	1	0	0.0	0.0	0.0	null	600.82	0.091
12.6	0.0473	30562.5	2803.125	2296.875	NaN	NaN	NaN	0	0	0	0	0	1	1	0	0	0	0	0	1	0	0	0	0	1	1	1	0	1	1	1	0	151.0	0.095	0.288	NaN	NaN	0.226	0.64	NaN	NaN	6.78	22.4	NaN	NaN	0.0	"2.5"	"F0034"	1	1	"PR"	609.065	"reverse"	119.302	0	1	0	0.0	0.0	0.0	null	610.856	0.083
11.1	0.0473	27562.5	2831.25	2250.0	NaN	NaN	NaN	0	0	0	0	0	1	1	0	0	0	0	0	1	0	0	0	0	1	1	1	0	1	1	1	0	133.0	0.098	0.283	NaN	NaN	0.233	0.629	NaN	NaN	6.99	22.015	NaN	NaN	0.0	"2.5"	"F0034"	1	1	"PR"	619.097	"reverse"	129.334	0	1	0	0.0	0.0	0.0	null	620.888	0.086
12.3	0.048125	27187.5	2803.125	2250.0	NaN	NaN	NaN	0	0	0	0	0	1	1	0	0	0	0	0	1	0	0	0	0	1	1	1	0	1	1	1	0	148.0	0.095	0.283	NaN	NaN	0.226	0.629	NaN	NaN	6.78	22.015	NaN	NaN	0.0	"2.5"	"F0034"	1	1	"PR"	629.137	"reverse"	139.374	0	1	0	0.0	0.0	0.0	null	630.928	0.091
12.3	0.048675	29625.0	2793.75	2240.625	NaN	NaN	NaN	0	0	0	0	0	1	1	0	0	0	0	0	1	0	0	0	0	1	1	1	0	1	1	1	0	148.0	0.094	0.282	NaN	NaN	0.224	0.627	NaN	NaN	6.72	21.945	NaN	NaN	0.0	"2.5"	"F0034"	1	1	"PR"	638.972	"reverse"	149.209	0	1	0	0.0	0.0	0.0	null	640.763	0.084
3.4	0.0495	1500.0	2981.25	2268.75	NaN	NaN	NaN	0	0	0	0	0	0	0	0	0	0	0	0	0	0	0	0	0	0	0	0	1	0	0	0	1	41.0	0.113	0.285	NaN	NaN	0.269	0.633	NaN	NaN	8.07	22.155	NaN	NaN	0.0	"2.5"	"F0034"	0	0	"PR"	649.099	"diffuse"	9.325	0	1	1	0.0	0.0	0.0	null	650.89	0.086
3.2	0.049225	1125.0	2990.625	2259.375	NaN	NaN	NaN	0	0	0	0	0	0	0	0	0	0	0	0	0	0	0	0	0	0	0	0	1	0	0	0	1	38.0	0.114	0.284	NaN	NaN	0.271	0.631	NaN	NaN	8.13	22.085	NaN	NaN	0.0	"2.5"	"F0034"	0	0	"PR"	659.14	"diffuse"	19.366	0	1	1	0.0	0.0	0.0	null	660.931	0.088
2.4	0.049775	750.0	3018.75	2268.75	NaN	NaN	NaN	0	0	0	0	0	0	0	0	0	0	0	0	0	0	0	0	0	0	0	0	1	0	0	0	1	29.0	0.117	0.285	NaN	NaN	0.279	0.633	NaN	NaN	8.37	22.155	NaN	NaN	0.0	"2.5"	"F0034"	0	0	"PR"	669.175	"diffuse"	29.401	0	1	1	0.0	0.0	0.0	null	670.966	0.084
12.6	0.049225	30000.0	2850.0	2250.0	NaN	NaN	NaN	0	0	0	0	0	1	1	0	0	0	0	0	1	0	0	0	0	1	1	1	0	1	1	1	0	151.0	0.1	0.283	NaN	NaN	0.238	0.629	NaN	NaN	7.14	22.015	NaN	NaN	0.0	"2.5"	"F0034"	1	1	"PR"	679.104	"wash-en"	9.327	0	1	1	0.0	0.0	0.0	null	680.895	0.084
12.3	0.0506	30187.5	2803.125	2250.0	NaN	NaN	NaN	0	0	0	0	0	1	1	0	0	0	0	0	1	0	0	0	0	1	1	1	0	1	1	1	0	148.0	0.095	0.283	NaN	NaN	0.226	0.629	NaN	NaN	6.78	22.015	NaN	NaN	0.0	"2.5"	"F0034"	1	1	"PR"	689.143	"wash-en"	19.366	0	1	1	0.0	0.0	0.0	null	690.934	0.088
2.3	0.050875	30000.0	2831.25	2278.125	NaN	NaN	NaN	0	0	0	0	0	1	1	0	0	0	0	0	1	0	0	0	0	0	0	0	1	0	0	0	1	28.0	0.098	0.286	NaN	NaN	0.233	0.636	NaN	NaN	6.99	22.26	NaN	NaN	0.0	"2.5"	"F0034"	0	0	"PR"	699.069	"wash-sc"	9.123	0	1	1	0.0	0.0	0.0	null	700.86	0.087
0.7	0.05115	2250.0	2990.625	2268.75	NaN	NaN	NaN	0	0	0	0	0	0	0	0	0	0	0	0	0	0	0	0	0	0	0	0	1	0	0	0	1	8.0	0.114	0.285	NaN	NaN	0.271	0.633	NaN	NaN	8.13	22.155	NaN	NaN	0.0	"2.5"	"F0034"	0	0	"PR"	709.103	"diffuse"	9.031	0	1	2	0.0	0.0	0.0	null	710.894	0.084
3.1	0.05115	1875.0	2981.25	2287.5	NaN	NaN	NaN	0	0	0	0	0	0	0	0	0	0	0	0	0	0	0	0	0	0	0	0	1	0	0	0	1	37.0	0.113	0.287	NaN	NaN	0.269	0.638	NaN	NaN	8.07	22.33	NaN	NaN	0.0	"2.5"	"F0034"	0	0	"PR"	719.14	"diffuse"	19.068	0	1	2	0.0	0.0	0.0	null	720.931	0.087
3.2	0.0506	1125.0	3018.75	2268.75	NaN	NaN	NaN	0	0	0	0	0	0	0	0	0	0	0	0	0	0	0	0	0	0	0	0	1	0	0	0	1	38.0	0.117	0.285	NaN	NaN	0.279	0.633	NaN	NaN	8.37	22.155	NaN	NaN	0.0	"2.5"	"F0034"	0	0	"PR"	729.175	"diffuse"	29.103	0	1	2	0.0	0.0	0.0	null	730.966	0.083
12.3	0.050325	29625.0	2812.5	2240.625	NaN	NaN	NaN	0	0	0	0	0	1	1	0	0	0	0	0	1	0	0	0	0	1	1	1	0	1	1	1	0	148.0	0.096	0.282	NaN	NaN	0.229	0.627	NaN	NaN	6.87	21.945	NaN	NaN	0.0	"2.5"	"F0034"	1	1	"PR"	739.101	"wash-en"	8.922	0	1	2	0.0	0.0	0.0	null	740.892	0.087
12.4	0.0506	28687.5	2840.625	2221.875	NaN	NaN	NaN	0	0	0	0	0	1	1	0	0	0	0	0	1	0	0	0	0	1	1	1	0	1	1	1	0	149.0	0.099	0.28	NaN	NaN	0.236	0.622	NaN	NaN	7.08	21.77	NaN	NaN	0.0	"2.5"	"F0034"	1	1	"PR"	749.141	"wash-en"	18.962	0	1	2	0.0	0.0	0.0	null	750.932	0.094
2.0	0.051425	30000.0	2812.5	2250.0	NaN	NaN	NaN	0	0	0	0	0	1	1	0	0	0	0	0	1	0	0	0	0	0	0	0	1	0	0	0	1	24.0	0.096	0.283	NaN	NaN	0.229	0.629	NaN	NaN	6.87	22.015	NaN	NaN	0.0	"2.5"	"F0034"	0	0	"PR"	759.262	"wash-sc"	8.917	0	1	2	0.0	0.0	0.0	null	761.053	0.087
2.5	0.05115	1687.5	2962.5	2268.75	NaN	NaN	NaN	0	0	0	0	0	0	0	0	0	0	0	0	0	0	0	0	0	0	0	0	1	0	0	0	1	30.0	0.111	0.285	NaN	NaN	0.264	0.633	NaN	NaN	7.92	22.155	NaN	NaN	0.0	"2.5"	"F0034"	0	0	"PR"	769.3	"diffuse"	8.834	0	1	3	0.0	0.0	0.0	null	771.091	0.084
2.7	0.050875	1312.5	2990.625	2287.5	NaN	NaN	NaN	0	0	0	0	0	0	0	0	0	0	0	0	0	0	0	0	0	0	0	0	1	0	0	0	1	32.0	0.114	0.287	NaN	NaN	0.271	0.638	NaN	NaN	8.13	22.33	NaN	NaN	0.0	"2.5"	"F0034"	0	0	"PR"	779.14	"diffuse"	18.674	0	1	3	0.0	0.0	0.0	null	780.931	0.091
2.0	0.050875	1687.5	3000.0	2259.375	NaN	NaN	NaN	0	0	0	0	0	0	0	0	0	0	0	0	0	0	0	0	0	0	0	0	1	0	0	0	1	24.0	0.115	0.284	NaN	NaN	0.274	0.631	NaN	NaN	8.22	22.085	NaN	NaN	0.0	"2.5"	"F0034"	0	0	"PR"	789.179	"diffuse"	28.713	0	1	3	0.0	0.0	0.0	null	790.97	0.089
12.2	0.0506	29812.5	2803.125	2240.625	NaN	NaN	NaN	0	0	0	0	0	1	1	0	0	0	0	0	1	0	0	0	0	1	1	1	0	1	1	1	0	146.0	0.095	0.282	NaN	NaN	0.226	0.627	NaN	NaN	6.78	21.945	NaN	NaN	0.0	"2.5"	"F0034"	1	1	"PR"	799.307	"wash-en"	8.724	0	1	3	0.0	0.0	0.0	null	801.098	0.084
11.9	0.051425	30000.0	2803.125	2259.375	NaN	NaN	NaN	0	0	0	0	0	1	1	0	0	0	0	0	1	0	0	0	0	1	1	1	0	1	1	1	0	143.0	0.095	0.284	NaN	NaN	0.226	0.631	NaN	NaN	6.78	22.085	NaN	NaN	0.0	"2.5"	"F0034"	1	1	"PR"	809.346	"wash-en"	18.763	0	1	3	0.0	0.0	0.0	null	811.137	0.087
1.8	0.05115	29625.0	2821.875	2250.0	NaN	NaN	NaN	0	0	0	0	0	1	1	0	0	0	0	0	1	0	0	0	0	0	0	0	1	0	0	0	1	22.0	0.097	0.283	NaN	NaN	0.231	0.629	NaN	NaN	6.93	22.015	NaN	NaN	0.0	"2.5"	"F0034"	0	0	"PR"	819.275	"wash-sc"	8.524	0	1	3	0.0	0.0	0.0	null	821.066	0.09
2.0	0.051975	1875.0	3009.375	2268.75	NaN	NaN	NaN	0	0	0	0	0	0	0	0	0	0	0	0	0	0	0	0	0	0	0	0	1	0	0	0	1	24.0	0.116	0.285	NaN	NaN	0.276	0.633	NaN	NaN	8.28	22.155	NaN	NaN	0.0	"2.5"	"F0034"	0	0	"PR"	829.308	"diffuse"	8.429	0	1	4	0.0	0.0	0.0	null	831.099	0.09
2.1	0.051425	2250.0	2981.25	2259.375	NaN	NaN	NaN	0	0	0	0	0	0	0	0	0	0	0	0	0	0	0	0	0	0	0	0	1	0	0	0	1	25.0	0.113	0.284	NaN	NaN	0.269	0.631	NaN	NaN	8.07	22.085	NaN	NaN	0.0	"2.5"	"F0034"	0	0	"PR"	839.348	"diffuse"	18.469	0	1	4	0.0	0.0	0.0	null	841.139	0.094
2.3	0.051425	1875.0	3018.75	2259.375	NaN	NaN	NaN	0	0	0	0	0	0	0	0	0	0	0	0	0	0	0	0	0	0	0	0	1	0	0	0	1	28.0	0.117	0.284	NaN	NaN	0.279	0.631	NaN	NaN	8.37	22.085	NaN	NaN	0.0	"2.5"	"F0034"	0	0	"PR"	849.387	"diffuse"	28.508	0	1	4	0.0	0.0	0.0	null	851.178	0.083
12.2	0.0506	28687.5	2821.875	2250.0	NaN	NaN	NaN	0	0	0	0	0	1	1	0	0	0	0	0	1	0	0	0	0	1	1	1	0	1	1	1	0	146.0	0.097	0.283	NaN	NaN	0.231	0.629	NaN	NaN	6.93	22.015	NaN	NaN	0.0	"2.5"	"F0034"	1	1	"PR"	859.315	"wash-en"	8.323	0	1	4	0.0	0.0	0.0	null	861.106	0.091
12.6	0.0506	29437.5	2803.125	2240.625	NaN	NaN	NaN	0	0	0	0	0	1	1	0	0	0	0	0	1	0	0	0	0	1	1	1	0	1	1	1	0	151.0	0.095	0.282	NaN	NaN	0.226	0.627	NaN	NaN	6.78	21.945	NaN	NaN	0.0	"2.5"	"F0034"	1	1	"PR"	869.352	"wash-en"	18.36	0	1	4	0.0	0.0	0.0	null	871.143	0.093
1.3	0.051975	29437.5	2831.25	2287.5	NaN	NaN	NaN	0	0	0	0	0	1	1	0	0	0	0	0	1	0	0	0	0	0	0	0	1	0	0	0	1	16.0	0.098	0.287	NaN	NaN	0.233	0.638	NaN	NaN	6.99	22.33	NaN	NaN	0.0	"2.5"	"F0034"	0	0	"PR"	879.274	"wash-sc"	8.116	0	1	4	0.0	0.0	0.0	null	881.065	0.09
1.3	0.051425	-562.5	2503.125	2250.0	NaN	NaN	NaN	0	0	0	0	1	0	0	0	0	0	0	0	0	0	0	0	0	0	0	0	1	0	0	0	1	16.0	0.065	0.283	NaN	NaN	0.155	0.629	NaN	NaN	4.65	22.015	NaN	NaN	0.0	"2.5"	"F0034"	0	0	"PR"	889.311	"drain-rg"	8.03	0	1	4	0.0	0.0	0.0	null	891.102	0.09
3.5	0.051425	-375.0	2156.25	2259.375	NaN	NaN	NaN	0	0	0	0	1	0	0	0	0	0	0	0	0	0	0	0	0	0	0	0	1	0	0	0	1	42.0	0.031	0.284	NaN	NaN	0.074	0.631	NaN	NaN	2.22	22.085	NaN	NaN	0.0	"2.5"	"F0034"	0	0	"PR"	899.346	"drain-rg"	18.065	0	1	4	0.0	0.0	0.0	null	901.137	0.093
2.0	0.051975	375.0	1781.25	2259.375	NaN	NaN	NaN	0	0	0	0	1	0	0	0	0	0	0	0	0	0	0	0	0	0	0	0	1	0	0	0	1	24.0	-0.007	0.284	NaN	NaN	-0.017	0.631	NaN	NaN	-0.51	22.085	NaN	NaN	0.0	"2.5"	"F0034"	0	0	"PR"	909.383	"drip-rg"	1.404	0	1	4	0.0	0.0	0.0	null	911.174	0.09
2.3	0.05115	375.0	-46.875	2240.625	NaN	NaN	NaN	0	0	0	0	1	0	0	0	0	0	0	0	0	0	0	0	0	0	0	0	1	0	0	0	1	28.0	-0.19	0.282	NaN	NaN	-0.452	0.627	NaN	NaN	-13.56	21.945	NaN	NaN	0.0	"2.5"	"F0034"	0	0	"PR"	919.422	"drip-rg"	11.443	0	1	4	0.0	0.0	0.0	null	921.213	0.088
1.3	0.05115	29812.5	1696.875	2156.25	NaN	NaN	NaN	0	0	1	0	0	1	0	0	0	0	0	0	1	0	0	0	0	0	0	0	1	0	0	0	1	16.0	-0.015	0.274	NaN	NaN	-0.036	0.609	NaN	NaN	-1.08	21.315	NaN	NaN	0.0	"2.5"	"F0034"	0	0	"FR"	5.44	"fill-rg-di"	5.239	1	1	0	925.028	0.0	0.0	null	931.096	0.086
3.2	0.0506	27562.5	2137.5	1903.125	NaN	NaN	NaN	0	0	1	0	0	1	0	0	0	0	0	0	1	0	0	0	0	0	0	0	1	0	0	0	1	38.0	0.029	0.248	NaN	NaN	0.069	0.551	NaN	NaN	2.07	19.285	NaN	NaN	0.0	"2.5"	"F0034"	0	0	"FR"	15.483	"fill-rg-di"	15.282	1	1	0	925.028	0.0	0.0	null	941.139	0.084
1.7	0.04895	30000.0	2446.875	1640.625	NaN	NaN	NaN	0	0	1	0	0	1	0	0	0	0	0	0	1	0	0	0	0	0	0	0	1	0	0	0	1	20.0	0.06	0.222	NaN	NaN	0.143	0.493	NaN	NaN	4.29	17.255	NaN	NaN	0.0	"2.5"	"F0034"	0	0	"FR"	25.52	"fill-rg-di"	25.319	1	1	0	925.028	0.0	0.0	null	951.176	0.09
1.7	0.047575	30562.5	2737.5	1378.125	NaN	NaN	NaN	0	0	1	0	0	1	0	0	0	0	0	0	1	0	0	0	0	0	0	0	1	0	0	0	1	20.0	0.089	0.196	NaN	NaN	0.212	0.436	NaN	NaN	6.36	15.26	NaN	NaN	0.0	"2.5"	"F0034"	0	0	"FR"	35.556	"fill-rg-di"	35.355	1	1	0	925.028	0.0	0.0	null	961.212	0.092
1.4	0.047025	30562.5	3056.25	1143.75	NaN	NaN	NaN	0	0	1	0	0	1	0	0	0	0	0	0	1	0	0	0	0	0	0	0	1	0	0	0	1	17.0	0.121	0.172	NaN	NaN	0.288	0.382	NaN	NaN	8.64	13.37	NaN	NaN	0.0	"2.5"	"F0034"	0	0	"FR"	45.592	"fill-rg-di"	45.391	1	1	0	925.028	0.0	0.0	null	971.248	0.09
0.7	0.046475	375.0	2990.625	956.25	NaN	NaN	NaN	0	0	0	0	1	0	0	0	0	0	0	0	0	0	0	0	0	0	0	0	1	0	0	0	1	8.0	0.114	0.154	NaN	NaN	0.271	0.342	NaN	NaN	8.13	11.97	NaN	NaN	0.0	"2.5"	"F0034"	0	0	"FR"	55.626	"drain-rg"	2.61	1	1	0	925.028	0.0	0.0	null	981.282	0.089
1.9	0.046475	-1125.0	2634.375	956.25	NaN	NaN	NaN	0	0	0	0	1	0	0	0	0	0	0	0	0	0	0	0	0	0	0	0	1	0	0	0	1	23.0	0.078	0.154	NaN	NaN	0.186	0.342	NaN	NaN	5.58	11.97	NaN	NaN	0.0	"2.5"	"F0034"	0	0	"FR"	65.664	"drain-rg"	12.648	1	1	0	925.028	0.0	0.0	null	991.32	0.096
2.0	0.04675	-1875.0	2287.5	956.25	NaN	NaN	NaN	0	0	0	0	1	0	0	0	0	0	0	0	0	0	0	0	0	0	0	0	1	0	0	0	1	24.0	0.044	0.154	NaN	NaN	0.105	0.342	NaN	NaN	3.15	11.97	NaN	NaN	0.0	"2.5"	"F0034"	0	0	"FR"	75.7	"drain-rg"	22.684	1	1	0	925.028	0.0	0.0	null	1001.356	0.09
1.8	0.046475	-1875.0	1931.25	946.875	NaN	NaN	NaN	0	0	0	0	1	0	0	0	0	0	0	0	0	0	0	0	0	0	0	0	1	0	0	0	1	22.0	0.008	0.153	NaN	NaN	0.019	0.34	NaN	NaN	0.57	11.9	NaN	NaN	0.0	"2.5"	"F0034"	0	0	"FR"	85.537	"drain-rg"	32.521	1	1	0	925.028	0.0	0.0	null	1011.193	0.086
1.8	0.046475	-2625.0	1415.625	956.25	NaN	NaN	NaN	0	0	0	0	1	0	0	0	0	0	0	0	0	0	0	0	0	0	0	0	1	0	0	0	1	22.0	-0.043	0.154	NaN	NaN	-0.102	0.342	NaN	NaN	-3.06	11.97	NaN	NaN	0.0	"2.5"	"F0034"	0	0	"FR"	95.572	"drip-rg"	7.226	1	1	0	925.028	0.0	0.0	null	1021.228	0.092
1.1	0.0462	15187.5	37.5	956.25	NaN	NaN	NaN	0	0	1	0	0	1	0	0	0	0	0	0	1	0	0	0	0	0	0	0	1	0	0	0	1	13.0	-0.181	0.154	NaN	NaN	-0.431	0.342	NaN	NaN	-12.93	11.97	NaN	NaN	0.0	"2.5"	"F0034"	0	0	"PR"	1.422	"fill-rg-di"	1.221	1	0	0	925.028	0.0	1029.252	null	1031.293	0.087
