cur	ec	mod-ps	rg-ps	di-ps	fw1-ps	fw2-ps	pf-ps	vlv-di-fill	vlv-di-in	vlv-di-out	vlv-rg-fill	vlv-rg-drain	vlv-rg-in	vlv-rg-out	vlv-fw1-in	vlv-fw1-out	vlv-fw2-in	vlv-po	vlv-mod-drain	pmp-sys	pmp-di	pmp-fw1	pmp-fw2	uv	en-anode1	en-cath1	pl-anode1	pl-cath1	en-anode2	en-cath2	pl-anode2	pl-cath2	pw	rg-he	di-he	fw1-he	fw2-he	rg-lev	di-lev	fw1-lev	fw2-lev	rg-vol	di-vol	fw1-vol	fw2-vol	pr-ec	ver	sn	mod-en	mod-pl	proc	proc-time	ph	ph-time	count	cyc	rnd	pr-last	rc-last	fr-last	halt-re	time	exec
-0.4	0.045925	10687.5	2643.75	3271.875	NaN	NaN	NaN	0	0	1	0	0	1	0	0	0	0	0	0	1	0	0	0	0	0	0	0	1	0	0	0	1	-5.0	0.079	0.375	NaN	NaN	0.188	0.833	NaN	NaN	5.64	29.155	NaN	NaN	0.0	"2.5"	"F0034"	0	0	"PR"	8.25	"fill-rg-di"	8.049	0	0	0	0.0	0.0	0.0	null	10.079	0.087
-0.4	0.045925	10687.5	2643.75	3271.875	NaN	NaN	NaN	0	0	1	0	0	1	0	0	0	0	0	0	1	0	0	0	0	0	0	0	1	0	0	0	1	-5.0	0.079	0.375	NaN	NaN	0.188	0.833	NaN	NaN	5.64	29.155	NaN	NaN	0.0	"2.5"	"F0034"	0	0	"PR"	8.25	"fill-rg-di"	8.049	0	0	0	0.0	0.0	0.0	null	10.079	0.087
-0.1	0.046475	11437.5	2887.5	3075.0	NaN	NaN	NaN	0	0	1	0	0	1	0	0	0	0	0	0	1	0	0	0	0	0	0	0	1	0	0	0	1	-1.0	0.104	0.355	NaN	NaN	0.248	0.789	NaN	NaN	7.44	27.615	NaN	NaN	0.0	"2.5"	"F0034"	0	0	"PR"	18.29	"fill-rg-di"	18.089	0	0	0	0.0	0.0	0.0	null	20.119	0.087
0.1	0.0462	12000.0	3131.25	2896.875	NaN	NaN	NaN	0	0	1	0	0	1	0	0	0	0	0	0	1	0	0	0	0	0	0	0	1	0	0	0	1	1.0	0.128	0.338	NaN	NaN	0.305	0.751	NaN	NaN	9.15	26.285	NaN	NaN	0.0	"2.5"	"F0034"	0	0	"PR"	28.326	"fill-rg-di"	28.125	0	0	0	0.0	0.0	0.0	null	30.155	0.087
-0.1	0.04565	6187.5	3271.875	2925.0	NaN	NaN	NaN	1	0	0	0	0	0	0	0	0	0	0	0	0	1	0	0	0	0	0	0	1	0	0	0	1	-1.0	0.142	0.34	NaN	NaN	0.338	0.756	NaN	NaN	10.14	26.46	NaN	NaN	0.0	"2.5"	"F0034"	0	0	"PR"	38.364	"fill-di"	5.018	0	0	0	0.0	0.0	0.0	null	40.193	0.084
-0.7	0.0462	6375.0	3271.875	3234.375	NaN	NaN	NaN	1	0	0	0	0	0	0	0	0	0	0	0	0	1	0	0	0	0	0	0	1	0	0	0	1	-8.0	0.142	0.371	NaN	NaN	0.338	0.824	NaN	NaN	10.14	28.84	NaN	NaN	0.0	"2.5"	"F0034"	0	0	"PR"	48.405	"fill-di"	15.059	0	0	0	0.0	0.0	0.0	null	50.234	0.091
-0.9	0.045925	13687.5	3178.125	3393.75	NaN	NaN	NaN	0	0	0	0	0	1	1	0	0	0	0	0	1	0	0	0	0	0	0	0	1	0	0	0	1	-11.0	0.133	0.387	NaN	NaN	0.317	0.86	NaN	NaN	9.51	30.1	NaN	NaN	0.0	"2.5"	"F0034"	0	0	"PR"	58.439	"prime"	5.619	0	0	0	0.0	0.0	0.0	null	60.268	0.091
0.1	0.0462	11812.5	3150.0	3393.75	NaN	NaN	NaN	0	0	0	0	0	1	1	0	0	0	0	0	1	0	0	0	0	0	0	0	1	0	0	0	1	1.0	0.13	0.387	NaN	NaN	0.31	0.86	NaN	NaN	9.3	30.1	NaN	NaN	0.0	"2.5"	"F0034"	0	0	"PR"	68.473	"prime"	15.653	0	0	0	0.0	0.0	0.0	null	70.302	0.09
-1.7	0.0462	11625.0	3140.625	3393.75	NaN	NaN	NaN	0	0	0	0	0	1	1	0	0	0	0	0	1	0	0	0	0	0	0	0	1	0	0	0	1	-20.0	0.129	0.387	NaN	NaN	0.307	0.86	NaN	NaN	9.21	30.1	NaN	NaN	0.0	"2.5"	"F0034"	0	0	"PR"	78.511	"prime"	25.691	0	0	0	0.0	0.0	0.0	null	80.34	0.096
-12.0	0.045375	17437.5	3262.5	3600.0	NaN	NaN	NaN	0	1	1	0	0	0	0	0	0	0	0	0	1	0	0	0	0	1	1	0	1	1	1	0	1	-144.0	0.141	0.408	NaN	NaN	0.336	0.907	NaN	NaN	10.08	31.745	NaN	NaN	0.0	"2.5"	"F0034"	1	0	"PR"	88.357	"deionize"	5.03	0	1	0	0.0	0.0	0.0	null	90.186	0.087
-12.0	0.045375	18187.5	3271.875	3562.5	NaN	NaN	NaN	0	1	1	0	0	0	0	0	0	0	0	0	1	0	0	0	0	1	1	0	1	1	1	0	1	-144.0	0.142	0.404	NaN	NaN	0.338	0.898	NaN	NaN	10.14	31.43	NaN	NaN	0.0	"2.5"	"F0034"	1	0	"PR"	98.398	"deionize"	15.071	0	1	0	0.0	0.0	0.0	null	100.227	0.088
-11.2	0.04565	17250.0	3271.875	3581.25	NaN	NaN	NaN	0	1	1	0	0	0	0	0	0	0	0	0	1	0	0	0	0	1	1	0	1	1	1	0	1	-134.0	0.142	0.406	NaN	NaN	0.338	0.902	NaN	NaN	10.14	31.57	NaN	NaN	0.0	"2.5"	"F0034"	1	0	"PR"	108.437	"deionize"	25.11	0	1	0	0.0	0.0	0.0	null	110.266	0.088
-11.7	0.04565	17812.5	3281.25	3600.0	NaN	NaN	NaN	0	1	1	0	0	0	0	0	0	0	0	0	1	0	0	0	0	1	1	0	1	1	1	0	1	-140.0	0.143	0.408	NaN	NaN	0.34	0.907	NaN	NaN	10.2	31.745	NaN	NaN	0.0	"2.5"	"F0034"	1	0	"PR"	118.476	"deionize"	35.149	0	1	0	0.0	0.0	0.0	null	120.305	0.087
-11.9	0.045375	17625.0	3271.875	3600.0	NaN	NaN	NaN	0	1	1	0	0	0	0	0	0	0	0	0	1	0	0	0	0	1	1	0	1	1	1	0	1	-143.0	0.142	0.408	NaN	NaN	0.338	0.907	NaN	NaN	10.14	31.745	NaN	NaN	0.0	"2.5"	"F0034"	1	0	"PR"	128.516	"deionize"	45.189	0	1	0	0.0	0.0	0.0	null	130.345	0.089
-11.9	0.045925	16500.0	3262.5	3646.875	NaN	NaN	NaN	0	1	1	0	0	0	0	0	0	0	0	0	1	0	0	0	0	1	1	0	1	1	1	0	1	-143.0	0.141	0.413	NaN	NaN	0.336	0.918	NaN	NaN	10.08	32.13	NaN	NaN	0.0	"2.5"	"F0034"	1	0	"PR"	138.553	"deionize"	55.226	0	1	0	0.0	0.0	0.0	null	140.382	0.091
-12.3	0.0451	15937.5	3253.125	3590.625	NaN	NaN	NaN	0	1	1	0	0	0	0	0	0	0	0	0	1	0	0	0	0	1	1	0	1	1	1	0	1	-148.0	0.14	0.407	NaN	NaN	0.333	0.904	NaN	NaN	9.99	31.64	NaN	NaN	0.0	"2.5"	"F0034"	1	0	"PR"	148.592	"deionize"	65.265	0	1	0	0.0	0.0	0.0	null	150.421	0.088
-12.0	0.044825	17062.5	3262.5	3562.5	NaN	NaN	NaN	0	1	1	0	0	0	0	0	0	0	0	0	1	0	0	0	0	1	1	0	1	1	1	0	1	-144.0	0.141	0.404	NaN	NaN	0.336	0.898	NaN	NaN	10.08	31.43	NaN	NaN	0.0	"2.5"	"F0034"	1	0	"PR"	158.435	"deionize"	75.108	0	1	0	0.0	0.0	0.0	null	160.264	0.084
-9.7	0.04455	17625.0	3253.125	3628.125	NaN	NaN	NaN	0	1	1	0	0	0	0	0	0	0	0	0	1	0	0	0	0	1	1	0	1	1	1	0	1	-116.0	0.14	0.411	NaN	NaN	0.333	0.913	NaN	NaN	9.99	31.955	NaN	NaN	0.0	"2.5"	"F0034"	1	0	"PR"	168.475	"deionize"	85.148	0	1	0	0.0	0.0	0.0	null	170.304	0.087
-12.7	0.043725	16312.5	3262.5	3637.5	NaN	NaN	NaN	0	1	1	0	0	0	0	0	0	0	0	0	1	0	0	0	0	1	1	0	1	1	1	0	1	-152.0	0.141	0.412	NaN	NaN	0.336	0.916	NaN	NaN	10.08	32.06	NaN	NaN	0.0	"2.5"	"F0034"	1	0	"PR"	178.512	"deionize"	95.185	0	1	0	0.0	0.0	0.0	null	180.341	0.087
-11.9	0.042625	15375.0	3243.75	3600.0	NaN	NaN	NaN	0	1	1	0	0	0	0	0	0	0	0	0	1	0	0	0	0	1	1	0	1	1	1	0	1	-143.0	0.139	0.408	NaN	NaN	0.331	0.907	NaN	NaN	9.93	31.745	NaN	NaN	0.0	"2.5"	"F0034"	1	0	"PR"	188.551	"deionize"	105.224	0	1	0	0.0	0.0	0.0	null	190.38	0.084
-11.9	0.0429	15562.5	3281.25	3600.0	NaN	NaN	NaN	0	1	1	0	0	0	0	0	0	0	0	0	1	0	0	0	0	1	1	0	1	1	1	0	1	-143.0	0.143	0.408	NaN	NaN	0.34	0.907	NaN	NaN	10.2	31.745	NaN	NaN	0.0	"2.5"	"F0034"	1	0	"PR"	198.59	"deionize"	115.263	0	1	0	0.0	0.0	0.0	null	200.419	0.088
-11.7	0.04125	15562.5	3271.875	3600.0	NaN	NaN	NaN	0	1	1	0	0	0	0	0	0	0	0	0	1	0	0	0	0	1	1	0	1	1	1	0	1	-140.0	0.142	0.408	NaN	NaN	0.338	0.907	NaN	NaN	10.14	31.745	NaN	NaN	0.0	"2.5"	"F0034"	1	0	"PR"	208.632	"deionize"	125.305	0	1	0	0.0	0.0	0.0	null	210.461	0.084
-11.3	0.041525	16312.5	3271.875	3581.25	NaN	NaN	NaN	0	1	1	0	0	0	0	0	0	0	0	0	1	0	0	0	0	1	1	0	1	1	1	0	1	-136.0	0.142	0.406	NaN	NaN	0.338	0.902	NaN	NaN	10.14	31.57	NaN	NaN	0.0	"2.5"	"F0034"	1	0	"PR"	218.67	"deionize"	135.343	0	1	0	0.0	0.0	0.0	null	220.499	0.087
-11.7	0.0407	16125.0	3262.5	3600.0	NaN	NaN	NaN	0	1	1	0	0	0	0	0	0	0	0	0	1	0	0	0	0	1	1	0	1	1	1	0	1	-140.0	0.141	0.408	NaN	NaN	0.336	0.907	NaN	NaN	10.08	31.745	NaN	NaN	0.0	"2.5"	"F0034"	1	0	"PR"	228.512	"deionize"	145.185	0	1	0	0.0	0.0	0.0	null	230.341	0.087
-13.0	0.039875	16875.0	3262.5	3600.0	NaN	NaN	NaN	0	1	1	0	0	0	0	0	0	0	0	0	1	0	0	0	0	1	1	0	1	1	1	0	1	-156.0	0.141	0.408	NaN	NaN	0.336	0.907	NaN	NaN	10.08	31.745	NaN	NaN	0.0	"2.5"	"F0034"	1	0	"PR"	238.549	"deionize"	155.222	0	1	0	0.0	0.0	0.0	null	240.378	0.084
-12.4	0.03905	17250.0	3290.625	3600.0	NaN	NaN	NaN	0	1	1	0	0	0	0	0	0	0	0	0	1	0	0	0	0	1	1	0	1	1	1	0	1	-149.0	0.144	0.408	NaN	NaN	0.343	0.907	NaN	NaN	10.29	31.745	NaN	NaN	0.0	"2.5"	"F0034"	1	0	"PR"	248.586	"deionize"	165.259	0	1	0	0.0	0.0	0.0	null	250.415	0.084
-14.2	0.038775	17812.5	3271.875	3618.75	NaN	NaN	NaN	0	1	1	0	0	0	0	0	0	0	0	0	1	0	0	0	0	1	1	0	1	1	1	0	1	-170.0	0.142	0.41	NaN	NaN	0.338	0.911	NaN	NaN	10.14	31.885	NaN	NaN	0.0	"2.5"	"F0034"	1	0	"PR"	258.627	"deionize"	175.3	0	1	0	0.0	0.0	0.0	null	260.456	0.084
-11.9	0.037675	17437.5	3281.25	3618.75	NaN	NaN	NaN	0	1	1	0	0	0	0	0	0	0	0	0	1	0	0	0	0	1	1	0	1	1	1	0	1	-143.0	0.143	0.41	NaN	NaN	0.34	0.911	NaN	NaN	10.2	31.885	NaN	NaN	0.0	"2.5"	"F0034"	1	0	"PR"	268.665	"deionize"	185.338	0	1	0	0.0	0.0	0.0	null	270.494	0.087
-11.9	0.037125	17437.5	3271.875	3600.0	NaN	NaN	NaN	0	1	1	0	0	0	0	0	0	0	0	0	1	0	0	0	0	1	1	0	1	1	1	0	1	-143.0	0.142	0.408	NaN	NaN	0.338	0.907	NaN	NaN	10.14	31.745	NaN	NaN	0.0	"2.5"	"F0034"	1	0	"PR"	278.707	"deionize"	195.38	0	1	0	0.0	0.0	0.0	null	280.536	0.086
-10.8	0.03685	18375.0	3262.5	3600.0	NaN	NaN	NaN	0	1	1	0	0	0	0	0	0	0	0	0	1	0	0	0	0	1	1	0	1	1	1	0	1	-130.0	0.141	0.408	NaN	NaN	0.336	0.907	NaN	NaN	10.08	31.745	NaN	NaN	0.0	"2.5"	"F0034"	1	0	"PR"	288.745	"deionize"	205.418	0	1	0	0.0	0.0	0.0	null	290.574	0.084
-11.0	0.036025	17250.0	3253.125	3609.375	NaN	NaN	NaN	0	1	1	0	0	0	0	0	0	0	0	0	1	0	0	0	0	1	1	0	1	1	1	0	1	-132.0	0.14	0.409	NaN	NaN	0.333	0.909	NaN	NaN	9.99	31.815	NaN	NaN	0.0	"2.5"	"F0034"	1	0	"PR"	298.778	"deionize"	215.451	0	1	0	0.0	0.0	0.0	null	300.607	0.085
-11.3	0.03575	17062.5	3262.5	3581.25	NaN	NaN	NaN	0	1	1	0	0	0	0	0	0	0	0	0	1	0	0	0	0	1	1	0	1	1	1	0	1	-136.0	0.141	0.406	NaN	NaN	0.336	0.902	NaN	NaN	10.08	31.57	NaN	NaN	0.0	"2.5"	"F0034"	1	0	"PR"	308.616	"deionize"	225.289	0	1	0	0.0	0.0	0.0	null	310.445	0.093
-10.9	0.034925	15750.0	3262.5	3637.5	NaN	NaN	NaN	0	1	1	0	0	0	0	0	0	0	0	0	1	0	0	0	0	1	1	0	1	1	1	0	1	-131.0	0.141	0.412	NaN	NaN	0.336	0.916	NaN	NaN	10.08	32.06	NaN	NaN	0.0	"2.5"	"F0034"	1	0	"PR"	318.654	"deionize"	235.327	0	1	0	0.0	0.0	0.0	null	320.483	0.084
-11.0	0.033825	16500.0	3262.5	3543.75	NaN	NaN	NaN	0	1	1	0	0	0	0	0	0	0	0	0	1	0	0	0	0	1	1	0	1	1	1	0	1	-132.0	0.141	0.402	NaN	NaN	0.336	0.893	NaN	NaN	10.08	31.255	NaN	NaN	0.0	"2.5"	"F0034"	1	0	"PR"	328.692	"deionize"	245.365	0	1	0	0.0	0.0	0.0	null	330.521	0.087
-10.2	0.033825	16312.5	3271.875	3656.25	NaN	NaN	NaN	0	1	1	0	0	0	0	0	0	0	0	0	1	0	0	0	0	1	1	0	1	1	1	0	1	-122.0	0.142	0.414	NaN	NaN	0.338	0.92	NaN	NaN	10.14	32.2	NaN	NaN	0.0	"2.5"	"F0034"	1	0	"PR"	338.731	"deionize"	255.404	0	1	0	0.0	0.0	0.0	null	340.56	0.084
-10.1	0.033825	17250.0	3290.625	3637.5	NaN	NaN	NaN	0	1	1	0	0	0	0	0	0	0	0	0	1	0	0	0	0	1	1	0	1	1	1	0	1	-121.0	0.144	0.412	NaN	NaN	0.343	0.916	NaN	NaN	10.29	32.06	NaN	NaN	0.0	"2.5"	"F0034"	1	0	"PR"	348.768	"deionize"	265.441	0	1	0	0.0	0.0	0.0	null	350.597	0.084
-9.6	0.033	15750.0	3262.5	3525.0	NaN	NaN	NaN	0	1	1	0	0	0	0	0	0	0	0	0	1	0	0	0	0	1	1	0	1	1	1	0	1	-115.0	0.141	0.4	NaN	NaN	0.336	0.889	NaN	NaN	10.08	31.115	NaN	NaN	0.0	"2.5"	"F0034"	1	0	"PR"	358.815	"deionize"	275.488	0	1	0	0.0	0.0	0.0	null	360.644	0.086
-9.2	0.032725	15937.5	3281.25	3571.875	NaN	NaN	NaN	0	1	1	0	0	0	0	0	0	0	0	0	1	0	0	0	0	1	1	0	1	1	1	0	1	-110.0	0.143	0.405	NaN	NaN	0.34	0.9	NaN	NaN	10.2	31.5	NaN	NaN	0.0	"2.5"	"F0034"	1	0	"PR"	368.855	"deionize"	285.528	0	1	0	0.0	0.0	0.0	null	370.684	0.084
-9.8	0.0319	16687.5	3290.625	3562.5	NaN	NaN	NaN	0	1	1	0	0	0	0	0	0	0	0	0	1	0	0	0	0	1	1	0	1	1	1	0	1	-118.0	0.144	0.404	NaN	NaN	0.343	0.898	NaN	NaN	10.29	31.43	NaN	NaN	0.0	"2.5"	"F0034"	1	0	"PR"	378.688	"deionize"	295.361	0	1	0	0.0	0.0	0.0	null	380.517	0.091
-11.6	0.03245	17437.5	3281.25	3628.125	NaN	NaN	NaN	0	1	1	0	0	0	0	0	0	0	0	0	1	0	0	0	0	1	1	0	1	1	1	0	1	-139.0	0.143	0.411	NaN	NaN	0.34	0.913	NaN	NaN	10.2	31.955	NaN	NaN	0.0	"2.5"	"F0034"	1	0	"PR"	388.726	"deionize"	305.399	0	1	0	0.0	0.0	0.0	null	390.555	0.09
-9.2	0.03135	18375.0	3271.875	3637.5	NaN	NaN	NaN	0	1	1	0	0	0	0	0	0	0	0	0	1	0	0	0	0	1	1	0	1	1	1	0	1	-110.0	0.142	0.412	NaN	NaN	0.338	0.916	NaN	NaN	10.14	32.06	NaN	NaN	0.0	"2.5"	"F0034"	1	0	"PR"	398.764	"deionize"	315.437	0	1	0	0.0	0.0	0.0	null	400.593	0.091
-10.2	0.031625	18937.5	3253.125	3571.875	NaN	NaN	NaN	0	1	1	0	0	0	0	0	0	0	0	0	1	0	0	0	0	1	1	0	1	1	1	0	1	-122.0	0.14	0.405	NaN	NaN	0.333	0.9	NaN	NaN	9.99	31.5	NaN	NaN	0.0	"2.5"	"F0034"	1	0	"PR"	408.803	"deionize"	325.476	0	1	0	0.0	0.0	0.0	null	410.632	0.09
-9.1	0.031625	17625.0	3271.875	3581.25	NaN	NaN	NaN	0	1	1	0	0	0	0	0	0	0	0	0	1	0	0	0	0	1	1	0	1	1	1	0	1	-109.0	0.142	0.406	NaN	NaN	0.338	0.902	NaN	NaN	10.14	31.57	NaN	NaN	0.0	"2.5"	"F0034"	1	0	"PR"	418.843	"deionize"	335.516	0	1	0	0.0	0.0	0.0	null	420.672	0.084
-8.9	0.030525	18562.5	3262.5	3590.625	NaN	NaN	NaN	0	1	1	0	0	0	0	0	0	0	0	0	1	0	0	0	0	1	1	0	1	1	1	0	1	-107.0	0.141	0.407	NaN	NaN	0.336	0.904	NaN	NaN	10.08	31.64	NaN	NaN	0.0	"2.5"	"F0034"	1	0	"PR"	428.88	"deionize"	345.553	0	1	0	0.0	0.0	0.0	null	430.709	0.087
-9.5	0.030525	17437.5	3281.25	3571.875	NaN	NaN	NaN	0	1	1	0	0	0	0	0	0	0	0	0	1	0	0	0	0	1	1	0	1	1	1	0	1	-114.0	0.143	0.405	NaN	NaN	0.34	0.9	NaN	NaN	10.2	31.5	NaN	NaN	0.0	"2.5"	"F0034"	1	0	"PR"	438.92	"deionize"	355.593	0	1	0	0.0	0.0	0.0	null	440.749	0.086
-8.0	0.029975	17625.0	3262.5	3553.125	NaN	NaN	NaN	0	1	1	0	0	0	0	0	0	0	0	0	1	0	0	0	1	1	1	0	1	1	1	0	1	-96.0	0.141	0.403	NaN	NaN	0.336	0.896	NaN	NaN	10.08	31.36	NaN	NaN	0.0	"2.5"	"F0034"	1	0	"PR"	448.865	"deionize-uv"	5.529	0	1	0	0.0	0.0	0.0	null	450.694	0.087
-8.8	0.03025	17625.0	3271.875	3637.5	NaN	NaN	NaN	0	1	1	0	0	0	0	0	0	0	0	0	1	0	0	0	1	1	1	0	1	1	1	0	1	-106.0	0.142	0.412	NaN	NaN	0.338	0.916	NaN	NaN	10.14	32.06	NaN	NaN	0.0	"2.5"	"F0034"	1	0	"PR"	458.906	"deionize-uv"	15.57	0	1	0	0.0	0.0	0.0	null	460.735	0.092
-8.4	0.029975	17437.5	3281.25	3581.25	NaN	NaN	NaN	0	1	1	0	0	0	0	0	0	0	0	0	1	0	0	0	1	1	1	0	1	1	1	0	1	-101.0	0.143	0.406	NaN	NaN	0.34	0.902	NaN	NaN	10.2	31.57	NaN	NaN	0.0	"2.5"	"F0034"	1	0	"PR"	468.938	"deionize-uv"	25.602	0	1	0	0.0	0.0	0.0	null	470.767	0.09
-8.6	0.029975	16875.0	3253.125	3581.25	NaN	NaN	NaN	0	1	1	0	0	0	0	0	0	0	0	0	1	0	0	0	1	1	1	0	1	1	1	0	1	-103.0	0.14	0.406	NaN	NaN	0.333	0.902	NaN	NaN	9.99	31.57	NaN	NaN	0.0	"2.5"	"F0034"	1	0	"PR"	478.976	"deionize-uv"	35.64	0	1	0	0.0	0.0	0.0	null	480.805	0.084
-8.5	0.029425	15562.5	3262.5	3553.125	NaN	NaN	NaN	0	1	1	0	0	0	0	0	0	0	0	0	1	0	0	0	1	1	1	0	1	1	1	0	1	-102.0	0.141	0.403	NaN	NaN	0.336	0.896	NaN	NaN	10.08	31.36	NaN	NaN	0.0	"2.5"	"F0034"	1	0	"PR"	488.815	"deionize-uv"	45.479	0	1	0	0.0	0.0	0.0	null	490.644	0.091
-8.0	0.02915	16500.0	3262.5	3618.75	NaN	NaN	NaN	0	1	1	0	0	0	0	0	0	0	0	0	1	0	0	0	1	1	1	0	1	1	1	0	1	-96.0	0.141	0.41	NaN	NaN	0.336	0.911	NaN	NaN	10.08	31.885	NaN	NaN	0.0	"2.5"	"F0034"	1	0	"PR"	498.851	"deionize-uv"	55.515	0	1	0	0.0	0.0	0.0	null	500.68	0.09
-7.8	0.028875	30000.0	3262.5	3253.125	NaN	NaN	NaN	0	0	1	0	0	0	0	1	0	0	0	0	1	0	0	0	1	1	1	0	1	1	1	0	1	-94.0	0.141	0.373	NaN	NaN	0.336	0.829	NaN	NaN	10.08	29.015	NaN	NaN	0.0	"2.5"	"F0034"	1	0	"PR"	508.818	"drain-di-1"	5.349	0	1	0	0.0	0.0	0.0	null	510.647	0.092
-8.4	0.02915	41625.0	3271.875	3121.875	NaN	NaN	NaN	0	0	1	0	0	0	0	1	0	0	0	0	1	0	0	0	1	1	1	0	1	1	1	0	1	-101.0	0.142	0.36	NaN	NaN	0.338	0.8	NaN	NaN	10.14	28.0	NaN	NaN	0.0	"2.5"	"F0034"	1	0	"PR"	518.855	"drain-di-1"	15.386	0	1	0	0.0	0.0	0.0	null	520.684	0.091
-7.7	0.02805	51937.5	3271.875	2962.5	NaN	NaN	NaN	0	0	1	0	0	0	0	1	0	0	0	0	1	0	0	0	1	1	1	0	1	1	1	0	1	-92.0	0.142	0.344	NaN	NaN	0.338	0.764	NaN	NaN	10.14	26.74	NaN	NaN	0.0	"2.5"	"F0034"	1	0	"PR"	528.895	"drain-di-1"	25.426	0	1	0	0.0	0.0	0.0	null	530.724	0.092
-7.8	0.028325	58687.5	3262.5	2850.0	NaN	NaN	NaN	0	0	1	0	0	0	0	1	0	0	0	0	1	0	0	0	1	1	1	0	1	1	1	0	1	-94.0	0.141	0.333	NaN	NaN	0.336	0.74	NaN	NaN	10.08	25.9	NaN	NaN	0.0	"2.5"	"F0034"	1	0	"PR"	538.934	"drain-di-1"	35.465	0	1	0	0.0	0.0	0.0	null	540.763	0.091
-7.0	0.028325	60000.0	3262.5	2718.75	NaN	NaN	NaN	0	0	1	0	0	0	0	1	0	0	0	0	1	0	0	0	1	1	1	0	1	1	1	0	1	-84.0	0.141	0.32	NaN	NaN	0.336	0.711	NaN	NaN	10.08	24.885	NaN	NaN	0.0	"2.5"	"F0034"	1	0	"PR"	548.972	"drain-di-1"	45.503	0	1	0	0.0	0.0	0.0	null	550.801	0.091
-7.4	0.0275	58875.0	3271.875	2587.5	NaN	NaN	NaN	0	0	1	0	0	0	0	1	0	0	0	0	1	0	0	0	1	1	1	0	1	1	1	0	1	-89.0	0.142	0.307	NaN	NaN	0.338	0.682	NaN	NaN	10.14	23.87	NaN	NaN	0.0	"2.5"	"F0034"	1	0	"PR"	559.016	"drain-di-1"	55.547	0	1	0	0.0	0.0	0.0	null	560.845	0.096
-7.0	0.0275	57562.5	3262.5	2465.625	NaN	NaN	NaN	0	0	1	0	0	0	0	1	0	0	0	0	1	0	0	0	1	1	1	0	1	1	1	0	1	-84.0	0.141	0.295	NaN	NaN	0.336	0.656	NaN	NaN	10.08	22.96	NaN	NaN	0.0	"2.5"	"F0034"	1	0	"PR"	569.055	"drain-di-1"	65.586	0	1	0	0.0	0.0	0.0	null	570.884	0.088
-6.6	0.0275	59625.0	3290.625	2315.625	NaN	NaN	NaN	0	0	1	0	0	0	0	1	0	0	0	0	1	0	0	0	1	1	1	0	1	1	1	0	1	-79.0	0.144	0.28	NaN	NaN	0.343	0.622	NaN	NaN	10.29	21.77	NaN	NaN	0.0	"2.5"	"F0034"	1	0	"PR"	578.899	"drain-di-1"	75.43	0	1	0	0.0	0.0	0.0	null	580.728	0.089
-7.8	0.02695	57562.5	3271.875	2193.75	NaN	NaN	NaN	0	0	1	0	0	0	0	1	0	0	0	0	1	0	0	0	1	1	1	0	1	1	1	0	1	-94.0	0.142	0.267	NaN	NaN	0.338	0.593	NaN	NaN	10.14	20.755	NaN	NaN	0.0	"2.5"	"F0034"	1	0	"PR"	588.938	"drain-di-1"	85.469	0	1	0	0.0	0.0	0.0	null	590.767	0.087
-7.2	0.02585	56625.0	3253.125	2062.5	NaN	NaN	NaN	0	0	1	0	0	0	0	1	0	0	0	0	1	0	0	0	1	1	1	0	1	1	1	0	1	-86.0	0.14	0.254	NaN	NaN	0.333	0.564	NaN	NaN	9.99	19.74	NaN	NaN	0.0	"2.5"	"F0034"	1	0	"PR"	598.977	"drain-di-1"	95.508	0	1	0	0.0	0.0	0.0	null	600.806	0.087
-8.6	0.026125	56437.5	3262.5	1931.25	NaN	NaN	NaN	0	0	1	0	0	0	0	1	0	0	0	0	1	0	0	0	1	1	1	0	1	1	1	0	1	-103.0	0.141	0.241	NaN	NaN	0.336	0.536	NaN	NaN	10.08	18.76	NaN	NaN	0.0	"2.5"	"F0034"	1	0	"PR"	609.018	"drain-di-1"	105.549	0	1	0	0.0	0.0	0.0	null	610.847	0.092
-7.4	0.02585	54562.5	3271.875	1790.625	NaN	NaN	NaN	0	0	1	0	0	0	0	1	0	0	0	0	1	0	0	0	1	1	1	0	1	1	1	0	1	-89.0	0.142	0.227	NaN	NaN	0.338	0.504	NaN	NaN	10.14	17.64	NaN	NaN	0.0	"2.5"	"F0034"	1	0	"PR"	619.055	"drain-di-1"	115.586	0	1	0	0.0	0.0	0.0	null	620.884	0.094
-7.2	0.0253	55687.5	3271.875	1668.75	NaN	NaN	NaN	0	0	1	0	0	0	0	1	0	0	0	0	1	0	0	0	1	1	1	0	1	1	1	0	1	-86.0	0.142	0.215	NaN	NaN	0.338	0.478	NaN	NaN	10.14	16.73	NaN	NaN	0.0	"2.5"	"F0034"	1	0	"PR"	629.094	"drain-di-1"	125.625	0	1	0	0.0	0.0	0.0	null	630.923	0.092
-7.0	0.025575	56437.5	3262.5	1556.25	NaN	NaN	NaN	0	0	1	0	0	0	0	1	0	0	0	0	1	0	0	0	1	1	1	0	1	1	1	0	1	-84.0	0.141	0.204	NaN	NaN	0.336	0.453	NaN	NaN	10.08	15.855	NaN	NaN	0.0	"2.5"	"F0034"	1	0	"PR"	639.133	"drain-di-1"	135.664	0	1	0	0.0	0.0	0.0	null	640.962	0.088
-6.6	0.025025	56437.5	3271.875	1387.5	NaN	NaN	NaN	0	0	1	0	0	0	0	1	0	0	0	0	1	0	0	0	1	1	1	0	1	1	1	0	1	-79.0	0.142	0.187	NaN	NaN	0.338	0.416	NaN	NaN	10.14	14.56	NaN	NaN	0.0	"2.5"	"F0034"	1	0	"PR"	648.97	"drain-di-1"	145.501	0	1	0	0.0	0.0	0.0	null	650.799	0.084
-7.1	0.0253	56250.0	3271.875	1275.0	NaN	NaN	NaN	0	0	1	0	0	0	0	1	0	0	0	0	1	0	0	0	1	1	1	0	1	1	1	0	1	-85.0	0.142	0.175	NaN	NaN	0.338	0.389	NaN	NaN	10.14	13.615	NaN	NaN	0.0	"2.5"	"F0034"	1	0	"PR"	659.01	"drain-di-1"	155.541	0	1	0	0.0	0.0	0.0	null	660.839	0.088
-6.3	0.025575	57000.0	3253.125	1162.5	NaN	NaN	NaN	0	0	1	0	0	0	0	1	0	0	0	0	1	0	0	0	1	1	1	0	1	1	1	0	1	-76.0	0.14	0.164	NaN	NaN	0.333	0.364	NaN	NaN	9.99	12.74	NaN	NaN	0.0	"2.5"	"F0034"	1	0	"PR"	669.049	"drain-di-1"	165.58	0	1	0	0.0	0.0	0.0	null	670.878	0.087
-6.8	0.02585	56437.5	3253.125	1068.75	NaN	NaN	NaN	0	0	1	0	0	0	0	1	0	0	0	0	1	0	0	0	1	1	1	0	1	1	1	0	1	-82.0	0.14	0.155	NaN	NaN	0.333	0.344	NaN	NaN	9.99	12.04	NaN	NaN	0.0	"2.5"	"F0034"	1	0	"PR"	679.089	"drain-di-1"	175.62	0	1	0	0.0	0.0	0.0	null	680.918	0.092
-6.6	0.0253	56250.0	3271.875	881.25	NaN	NaN	NaN	0	0	1	0	0	0	0	1	0	0	0	0	1	0	0	0	1	1	1	0	1	1	1	0	1	-79.0	0.142	0.136	NaN	NaN	0.338	0.302	NaN	NaN	10.14	10.57	NaN	NaN	0.0	"2.5"	"F0034"	1	0	"PR"	689.13	"drain-di-1"	185.661	0	1	0	0.0	0.0	0.0	null	690.959	0.087
-6.6	0.025575	56250.0	3271.875	731.25	NaN	NaN	NaN	0	0	1	0	0	0	0	1	0	0	0	0	1	0	0	0	1	1	1	0	1	1	1	0	1	-79.0	0.142	0.121	NaN	NaN	0.338	0.269	NaN	NaN	10.14	9.415	NaN	NaN	0.0	"2.5"	"F0034"	1	0	"PR"	699.168	"drain-di-1"	195.699	0	1	0	0.0	0.0	0.0	null	700.997	0.084
-6.6	0.025575	56062.5	3253.125	600.0	NaN	NaN	NaN	0	0	1	0	0	0	0	1	0	0	0	0	1	0	0	0	1	1	1	0	1	1	1	0	1	-79.0	0.14	0.108	NaN	NaN	0.333	0.24	NaN	NaN	9.99	8.4	NaN	NaN	0.0	"2.5"	"F0034"	1	0	"PR"	709.212	"drain-di-1"	205.743	0	1	0	0.0	0.0	0.0	null	711.041	0.097
-7.0	0.025575	55312.5	3271.875	468.75	NaN	NaN	NaN	0	0	1	0	0	0	0	1	0	0	0	0	1	0	0	0	1	1	1	0	1	1	1	0	1	-84.0	0.142	0.095	NaN	NaN	0.338	0.211	NaN	NaN	10.14	7.385	NaN	NaN	0.0	"2.5"	"F0034"	1	0	"PR"	719.053	"drain-di-1"	215.584	0	1	0	0.0	0.0	0.0	null	720.882	0.087
-6.6	0.025575	57187.5	3262.5	328.125	NaN	NaN	NaN	0	0	1	0	0	0	0	1	0	0	0	0	1	0	0	0	1	1	1	0	1	1	1	0	1	-79.0	0.141	0.081	NaN	NaN	0.336	0.18	NaN	NaN	10.08	6.3	NaN	NaN	0.0	"2.5"	"F0034"	1	0	"PR"	729.1	"drain-di-1"	225.631	0	1	0	0.0	0.0	0.0	null	730.929	0.088
-5.8	0.025575	54187.5	3271.875	262.5	NaN	NaN	NaN	0	0	1	0	0	0	0	1	0	0	0	0	1	0	0	0	1	1	1	0	1	1	1	0	1	-70.0	0.142	0.074	NaN	NaN	0.338	0.164	NaN	NaN	10.14	5.74	NaN	NaN	0.0	"2.5"	"F0034"	1	0	"PR"	739.134	"drain-di-1"	235.665	0	1	0	0.0	0.0	0.0	null	740.963	0.084
-6.3	0.025575	56812.5	3262.5	65.625	NaN	NaN	NaN	0	0	1	0	0	0	0	1	0	0	0	0	1	0	0	0	1	1	1	0	1	1	1	0	1	-76.0	0.141	0.055	NaN	NaN	0.336	0.122	NaN	NaN	10.08	4.27	NaN	NaN	0.0	"2.5"	"F0034"	1	0	"PR"	749.086	"drip-di-1"	7.543	0	1	0	0.0	0.0	0.0	null	750.915	0.087
-6.0	0.025575	57187.5	3290.625	-56.25	NaN	NaN	NaN	0	0	1	0	0	0	0	1	0	0	0	0	1	0	0	0	1	1	1	0	1	1	1	0	1	-72.0	0.144	0.042	NaN	NaN	0.343	0.093	NaN	NaN	10.29	3.255	NaN	NaN	0.0	"2.5"	"F0034"	1	0	"PR"	759.125	"drip-di-1"	17.582	0	1	0	0.0	0.0	0.0	null	760.954	0.085
12.2	0.026125	19875.0	3440.625	253.125	NaN	NaN	NaN	1	0	0	0	0	1	1	0	0	0	0	0	1	1	0	0	0	1	1	1	0	1	1	1	0	146.0	0.159	0.073	NaN	NaN	0.379	0.162	NaN	NaN	11.37	5.67	NaN	NaN	0.0	"2.5"	"F0034"	1	1	"PR"	769.131	"reverse-f"	9.403	0	1	0	0.0	0.0	0.0	null	770.96	0.087
12.6	0.02695	17062.5	3525.0	562.5	NaN	NaN	NaN	1	0	0	0	0	1	1	0	0	0	0	0	1	1	0	0	0	1	1	1	0	1	1	1	0	151.0	0.167	0.104	NaN	NaN	0.398	0.231	NaN	NaN	11.94	8.085	NaN	NaN	0.0	"2.5"	"F0034"	1	1	"PR"	779.167	"reverse-f"	19.439	0	1	0	0.0	0.0	0.0	null	780.996	0.085
12.4	0.030525	14625.0	3609.375	890.625	NaN	NaN	NaN	1	0	0	0	0	1	1	0	0	0	0	0	1	1	0	0	0	1	1	1	0	1	1	1	0	149.0	0.176	0.137	NaN	NaN	0.419	0.304	NaN	NaN	12.57	10.64	NaN	NaN	0.0	"2.5"	"F0034"	1	1	"PR"	789.208	"reverse-f"	29.48	0	1	0	0.0	0.0	0.0	null	791.037	0.086
13.7	0.034925	13500.0	3665.625	1218.75	NaN	NaN	NaN	1	0	0	0	0	1	1	0	0	0	0	0	1	1	0	0	0	1	1	1	0	1	1	1	0	164.0	0.182	0.17	NaN	NaN	0.433	0.378	NaN	NaN	12.99	13.23	NaN	NaN	0.0	"2.5"	"F0034"	1	1	"PR"	799.247	"reverse-f"	39.519	0	1	0	0.0	0.0	0.0	null	801.076	0.091
12.9	0.039875	14062.5	3637.5	1546.875	NaN	NaN	NaN	1	0	0	0	0	1	1	0	0	0	0	0	1	1	0	0	0	1	1	1	0	1	1	1	0	155.0	0.179	0.203	NaN	NaN	0.426	0.451	NaN	NaN	12.78	15.785	NaN	NaN	0.0	"2.5"	"F0034"	1	1	"PR"	809.281	"reverse-f"	49.553	0	1	0	0.0	0.0	0.0	null	811.11	0.084
12.3	0.04455	13687.5	3675.0	1828.125	NaN	NaN	NaN	1	0	0	0	0	1	1	0	0	0	0	0	1	1	0	0	0	1	1	1	0	1	1	1	0	148.0	0.182	0.231	NaN	NaN	0.433	0.513	NaN	NaN	12.99	17.955	NaN	NaN	0.0	"2.5"	"F0034"	1	1	"PR"	819.122	"reverse-f"	59.394	0	1	0	0.0	0.0	0.0	null	820.951	0.085
12.7	0.04785	12187.5	3740.625	2156.25	NaN	NaN	NaN	1	0	0	0	0	1	1	0	0	0	0	0	1	1	0	0	0	1	1	1	0	1	1	1	0	152.0	0.189	0.264	NaN	NaN	0.45	0.587	NaN	NaN	13.5	20.545	NaN	NaN	0.0	"2.5"	"F0034"	1	1	"PR"	829.152	"reverse-f"	69.424	0	1	0	0.0	0.0	0.0	null	830.981	0.087
12.3	0.0506	12937.5	3712.5	2493.75	NaN	NaN	NaN	1	0	0	0	0	1	1	0	0	0	0	0	1	1	0	0	0	1	1	1	0	1	1	1	0	148.0	0.186	0.297	NaN	NaN	0.443	0.66	NaN	NaN	13.29	23.1	NaN	NaN	0.0	"2.5"	"F0034"	1	1	"PR"	839.187	"reverse-f"	79.459	0	1	0	0.0	0.0	0.0	null	841.016	0.086
12.6	0.053075	12937.5	3703.125	2784.375	NaN	NaN	NaN	1	0	0	0	0	1	1	0	0	0	0	0	1	1	0	0	0	1	1	1	0	1	1	1	0	151.0	0.185	0.326	NaN	NaN	0.44	0.724	NaN	NaN	13.2	25.34	NaN	NaN	0.0	"2.5"	"F0034"	1	1	"PR"	849.228	"reverse-f"	89.5	0	1	0	0.0	0.0	0.0	null	851.057	0.084
12.9	0.054725	13687.5	3712.5	3131.25	NaN	NaN	NaN	1	0	0	0	0	1	1	0	0	0	0	0	1	1	0	0	0	1	1	1	0	1	1	1	0	155.0	0.186	0.361	NaN	NaN	0.443	0.802	NaN	NaN	13.29	28.07	NaN	NaN	0.0	"2.5"	"F0034"	1	1	"PR"	859.264	"reverse-f"	99.536	0	1	0	0.0	0.0	0.0	null	861.093	0.087
12.3	0.055275	11062.5	3703.125	3384.375	NaN	NaN	NaN	0	0	0	0	0	1	1	0	0	0	0	0	1	0	0	0	0	1	1	1	0	1	1	1	0	148.0	0.185	0.386	NaN	NaN	0.44	0.858	NaN	NaN	13.2	30.03	NaN	NaN	0.0	"2.5"	"F0034"	1	1	"PR"	869.213	"reverse"	109.485	0	1	0	0.0	0.0	0.0	null	871.042	0.086
12.8	0.05555	12187.5	3759.375	3403.125	NaN	NaN	NaN	0	0	0	0	0	1	1	0	0	0	0	0	1	0	0	0	0	1	1	1	0	1	1	1	0	154.0	0.191	0.388	NaN	NaN	0.455	0.862	NaN	NaN	13.65	30.17	NaN	NaN	0.0	"2.5"	"F0034"	1	1	"PR"	879.247	"reverse"	119.519	0	1	0	0.0	0.0	0.0	null	881.076	0.084
12.6	0.054725	13687.5	3759.375	3384.375	NaN	NaN	NaN	0	0	0	0	0	1	1	0	0	0	0	0	1	0	0	0	0	1	1	1	0	1	1	1	0	151.0	0.191	0.386	NaN	NaN	0.455	0.858	NaN	NaN	13.65	30.03	NaN	NaN	0.0	"2.5"	"F0034"	1	1	"PR"	889.282	"reverse"	129.554	0	1	0	0.0	0.0	0.0	null	891.111	0.088
12.4	0.055	13687.5	3759.375	3384.375	NaN	NaN	NaN	0	0	0	0	0	1	1	0	0	0	0	0	1	0	0	0	0	1	1	1	0	1	1	1	0	149.0	0.191	0.386	NaN	NaN	0.455	0.858	NaN	NaN	13.65	30.03	NaN	NaN	0.0	"2.5"	"F0034"	1	1	"PR"	899.324	"reverse"	139.596	0	1	0	0.0	0.0	0.0	null	901.153	0.084
13.0	0.05445	12937.5	3796.875	3384.375	NaN	NaN	NaN	0	0	0	0	0	1	1	0	0	0	0	0	1	0	0	0	0	1	1	1	0	1	1	1	0	156.0	0.195	0.386	NaN	NaN	0.464	0.858	NaN	NaN	13.92	30.03	NaN	NaN	0.0	"2.5"	"F0034"	1	1	"PR"	909.362	"reverse"	149.634	0	1	0	0.0	0.0	0.0	null	911.191	0.084
4.6	0.055275	7125.0	3871.875	3403.125	NaN	NaN	NaN	0	0	0	0	0	0	0	0	0	0	0	0	0	0	0	0	0	0	0	0	1	0	0	0	1	55.0	0.202	0.388	NaN	NaN	0.481	0.862	NaN	NaN	14.43	30.17	NaN	NaN	0.0	"2.5"	"F0034"	0	0	"PR"	919.292	"diffuse"	9.528	0	1	1	0.0	0.0	0.0	null	921.121	0.095
4.2	0.055275	8812.5	3853.125	3403.125	NaN	NaN	NaN	0	0	0	0	0	0	0	0	0	0	0	0	0	0	0	0	0	0	0	0	1	0	0	0	1	50.0	0.2	0.388	NaN	NaN	0.476	0.862	NaN	NaN	14.28	30.17	NaN	NaN	0.0	"2.5"	"F0034"	0	0	"PR"	929.33	"diffuse"	19.566	0	1	1	0.0	0.0	0.0	null	931.159	0.084
4.0	0.055	9750.0	3871.875	3384.375	NaN	NaN	NaN	0	0	0	0	0	0	0	0	0	0	0	0	0	0	0	0	0	0	0	0	1	0	0	0	1	48.0	0.202	0.386	NaN	NaN	0.481	0.858	NaN	NaN	14.43	30.03	NaN	NaN	0.0	"2.5"	"F0034"	0	0	"PR"	939.367	"diffuse"	29.603	0	1	1	0.0	0.0	0.0	null	941.196	0.084
4.6	0.054725	9937.5	3871.875	3431.25	NaN	NaN	NaN	0	0	0	0	0	0	0	0	0	0	0	0	0	0	0	0	0	0	0	0	1	0	0	0	1	55.0	0.202	0.391	NaN	NaN	0.481	0.869	NaN	NaN	14.43	30.415	NaN	NaN	0.0	"2.5"	"F0034"	0	0	"PR"	949.407	"diffuse"	39.643	0	1	1	0.0	0.0	0.0	null	951.236	0.089
4.0	0.05445	10500.0	3890.625	3403.125	NaN	NaN	NaN	0	0	0	0	0	0	0	0	0	0	0	0	0	0	0	0	0	0	0	0	1	0	0	0	1	48.0	0.204	0.388	NaN	NaN	0.486	0.862	NaN	NaN	14.58	30.17	NaN	NaN	0.0	"2.5"	"F0034"	0	0	"PR"	959.442	"diffuse"	49.678	0	1	1	0.0	0.0	0.0	null	961.271	0.086
3.3	0.054725	11437.5	3871.875	3421.875	NaN	NaN	NaN	0	0	0	0	0	0	0	0	0	0	0	0	0	0	0	0	0	0	0	0	1	0	0	0	1	40.0	0.202	0.39	NaN	NaN	0.481	0.867	NaN	NaN	14.43	30.345	NaN	NaN	0.0	"2.5"	"F0034"	0	0	"PR"	969.48	"diffuse"	59.716	0	1	1	0.0	0.0	0.0	null	971.309	0.084
12.5	0.055	12562.5	3796.875	3393.75	NaN	NaN	NaN	0	0	0	0	0	1	1	0	0	0	0	0	1	0	0	0	0	1	1	1	0	1	1	1	0	150.0	0.195	0.387	NaN	NaN	0.464	0.86	NaN	NaN	13.92	30.1	NaN	NaN	0.0	"2.5"	"F0034"	1	1	"PR"	979.418	"wash-en"	9.536	0	1	1	0.0	0.0	0.0	null	981.247	0.085
13.1	0.0561	12000.0	3740.625	3403.125	NaN	NaN	NaN	0	0	0	0	0	1	1	0	0	0	0	0	1	0	0	0	0	1	1	1	0	1	1	1	0	157.0	0.189	0.388	NaN	NaN	0.45	0.862	NaN	NaN	13.5	30.17	NaN	NaN	0.0	"2.5"	"F0034"	1	1	"PR"	989.453	"wash-en"	19.571	0	1	1	0.0	0.0	0.0	null	991.282	0.084
3.3	0.057475	12000.0	3759.375	3384.375	NaN	NaN	NaN	0	0	0	0	0	1	1	0	0	0	0	0	1	0	0	0	0	0	0	0	1	0	0	0	1	40.0	0.191	0.386	NaN	NaN	0.455	0.858	NaN	NaN	13.65	30.03	NaN	NaN	0.0	"2.5"	"F0034"	0	0	"PR"	999.374	"wash-sc"	9.32	0	1	1	0.0	0.0	0.0	null	1001.203	0.09
3.4	0.057475	6000.0	3871.875	3403.125	NaN	NaN	NaN	0	0	0	0	0	0	0	0	0	0	0	0	0	0	0	0	0	0	0	0	1	0	0	0	1	41.0	0.202	0.388	NaN	NaN	0.481	0.862	NaN	NaN	14.43	30.17	NaN	NaN	0.0	"2.5"	"F0034"	0	0	"PR"	1009.415	"diffuse"	9.238	0	1	2	0.0	0.0	0.0	null	1011.244	0.096
3.3	0.0572	7500.0	3871.875	3403.125	NaN	NaN	NaN	0	0	0	0	0	0	0	0	0	0	0	0	0	0	0	0	0	0	0	0	1	0	0	0	1	40.0	0.202	0.388	NaN	NaN	0.481	0.862	NaN	NaN	14.43	30.17	NaN	NaN	0.0	"2.5"	"F0034"	0	0	"PR"	1019.449	"diffuse"	19.272	0	1	2	0.0	0.0	0.0	null	1021.278	0.09
2.8	0.057475	8062.5	3881.25	3403.125	NaN	NaN	NaN	0	0	0	0	0	0	0	0	0	0	0	0	0	0	0	0	0	0	0	0	1	0	0	0	1	34.0	0.203	0.388	NaN	NaN	0.483	0.862	NaN	NaN	14.49	30.17	NaN	NaN	0.0	"2.5"	"F0034"	0	0	"PR"	1029.485	"diffuse"	29.308	0	1	2	0.0	0.0	0.0	null	1031.314	0.089
3.8	0.056925	9000.0	3862.5	3403.125	NaN	NaN	NaN	0	0	0	0	0	0	0	0	0	0	0	0	0	0	0	0	0	0	0	0	1	0	0	0	1	46.0	0.201	0.388	NaN	NaN	0.479	0.862	NaN	NaN	14.37	30.17	NaN	NaN	0.0	"2.5"	"F0034"	0	0	"PR"	1039.525	"diffuse"	39.348	0	1	2	0.0	0.0	0.0	null	1041.354	0.087
3.4	0.0572	9000.0	3871.875	3403.125	NaN	NaN	NaN	0	0	0	0	0	0	0	0	0	0	0	0	0	0	0	0	0	0	0	0	1	0	0	0	1	41.0	0.202	0.388	NaN	NaN	0.481	0.862	NaN	NaN	14.43	30.17	NaN	NaN	0.0	"2.5"	"F0034"	0	0	"PR"	1049.556	"diffuse"	49.379	0	1	2	0.0	0.0	0.0	null	1051.385	0.086
3.3	0.056925	8812.5	3871.875	3403.125	NaN	NaN	NaN	0	0	0	0	0	0	0	0	0	0	0	0	0	0	0	0	0	0	0	0	1	0	0	0	1	40.0	0.202	0.388	NaN	NaN	0.481	0.862	NaN	NaN	14.43	30.17	NaN	NaN	0.0	"2.5"	"F0034"	0	0	"PR"	1059.392	"diffuse"	59.215	0	1	2	0.0	0.0	0.0	null	1061.221	0.091
12.6	0.05665	13687.5	3815.625	3393.75	NaN	NaN	NaN	0	0	0	0	0	1	1	0	0	0	0	0	1	0	0	0	0	1	1	1	0	1	1	1	0	151.0	0.197	0.387	NaN	NaN	0.469	0.86	NaN	NaN	14.07	30.1	NaN	NaN	0.0	"2.5"	"F0034"	1	1	"PR"	1069.523	"wash-en"	9.328	0	1	2	0.0	0.0	0.0	null	1071.352	0.091
12.9	0.057475	12750.0	3712.5	3403.125	NaN	NaN	NaN	0	0	0	0	0	1	1	0	0	0	0	0	1	0	0	0	0	1	1	1	0	1	1	1	0	155.0	0.186	0.388	NaN	NaN	0.443	0.862	NaN	NaN	13.29	30.17	NaN	NaN	0.0	"2.5"	"F0034"	1	1	"PR"	1079.557	"wash-en"	19.362	0	1	2	0.0	0.0	0.0	null	1081.386	0.09
2.0	0.0572	13875.0	3834.375	3403.125	NaN	NaN	NaN	0	0	0	0	0	1	1	0	0	0	0	0	1	0	0	0	0	0	0	0	1	0	0	0	1	24.0	0.198	0.388	NaN	NaN	0.471	0.862	NaN	NaN	14.13	30.17	NaN	NaN	0.0	"2.5"	"F0034"	0	0	"PR"	1089.484	"wash-sc"	9.124	0	1	2	0.0	0.0	0.0	null	1091.313	0.091
2.6	0.056925	6937.5	3909.375	3403.125	NaN	NaN	NaN	0	0	0	0	0	0	0	0	0	0	0	0	0	0	0	0	0	0	0	0	1	0	0	0	1	31.0	0.206	0.388	NaN	NaN	0.49	0.862	NaN	NaN	14.7	30.17	NaN	NaN	0.0	"2.5"	"F0034"	0	0	"PR"	1099.521	"diffuse"	9.031	0	1	3	0.0	0.0	0.0	null	1101.35	0.094
2.7	0.05775	6937.5	3881.25	3403.125	NaN	NaN	NaN	0	0	0	0	0	0	0	0	0	0	0	0	0	0	0	0	0	0	0	0	1	0	0	0	1	32.0	0.203	0.388	NaN	NaN	0.483	0.862	NaN	NaN	14.49	30.17	NaN	NaN	0.0	"2.5"	"F0034"	0	0	"PR"	1109.556	"diffuse"	19.066	0	1	3	0.0	0.0	0.0	null	1111.385	0.09
2.8	0.057475	6562.5	3881.25	3403.125	NaN	NaN	NaN	0	0	0	0	0	0	0	0	0	0	0	0	0	0	0	0	0	0	0	0	1	0	0	0	1	34.0	0.203	0.388	NaN	NaN	0.483	0.862	NaN	NaN	14.49	30.17	NaN	NaN	0.0	"2.5"	"F0034"	0	0	"PR"	1119.594	"diffuse"	29.104	0	1	3	0.0	0.0	0.0	null	1121.423	0.091
2.9	0.05775	7125.0	3881.25	3403.125	NaN	NaN	NaN	0	0	0	0	0	0	0	0	0	0	0	0	0	0	0	0	0	0	0	0	1	0	0	0	1	35.0	0.203	0.388	NaN	NaN	0.483	0.862	NaN	NaN	14.49	30.17	NaN	NaN	0.0	"2.5"	"F0034"	0	0	"PR"	1129.633	"diffuse"	39.143	0	1	3	0.0	0.0	0.0	null	1131.462	0.09
2.1	0.05665	8250.0	3909.375	3403.125	NaN	NaN	NaN	0	0	0	0	0	0	0	0	0	0	0	0	0	0	0	0	0	0	0	0	1	0	0	0	1	25.0	0.206	0.388	NaN	NaN	0.49	0.862	NaN	NaN	14.7	30.17	NaN	NaN	0.0	"2.5"	"F0034"	0	0	"PR"	1139.469	"diffuse"	48.979	0	1	3	0.0	0.0	0.0	null	1141.298	0.086
2.4	0.056925	8625.0	3871.875	3403.125	NaN	NaN	NaN	0	0	0	0	0	0	0	0	0	0	0	0	0	0	0	0	0	0	0	0	1	0	0	0	1	29.0	0.202	0.388	NaN	NaN	0.481	0.862	NaN	NaN	14.43	30.17	NaN	NaN	0.0	"2.5"	"F0034"	0	0	"PR"	1149.508	"diffuse"	59.018	0	1	3	0.0	0.0	0.0	null	1151.337	0.089
12.4	0.056375	12937.5	3750.0	3393.75	NaN	NaN	NaN	0	0	0	0	0	1	1	0	0	0	0	0	1	0	0	0	0	1	1	1	0	1	1	1	0	149.0	0.19	0.387	NaN	NaN	0.452	0.86	NaN	NaN	13.56	30.1	NaN	NaN	0.0	"2.5"	"F0034"	1	1	"PR"	1159.638	"wash-en"	9.126	0	1	3	0.0	0.0	0.0	null	1161.467	0.09
12.2	0.056375	11250.0	3787.5	3365.625	NaN	NaN	NaN	0	0	0	0	0	1	1	0	0	0	0	0	1	0	0	0	0	1	1	1	0	1	1	1	0	146.0	0.194	0.385	NaN	NaN	0.462	0.856	NaN	NaN	13.86	29.96	NaN	NaN	0.0	"2.5"	"F0034"	1	1	"PR"	1169.671	"wash-en"	19.159	0	1	3	0.0	0.0	0.0	null	1171.5	0.09
2.1	0.0561	12937.5	3759.375	3403.125	NaN	NaN	NaN	0	0	0	0	0	1	1	0	0	0	0	0	1	0	0	0	0	0	0	0	1	0	0	0	1	25.0	0.191	0.388	NaN	NaN	0.455	0.862	NaN	NaN	13.65	30.17	NaN	NaN	0.0	"2.5"	"F0034"	0	0	"PR"	1179.606	"wash-sc"	8.932	0	1	3	0.0	0.0	0.0	null	1181.435	0.093
3.5	0.05665	3937.5	3300.0	3393.75	NaN	NaN	NaN	0	0	0	0	1	0	0	0	0	0	0	0	0	0	0	0	0	0	0	0	1	0	0	0	1	42.0	0.145	0.387	NaN	NaN	0.345	0.86	NaN	NaN	10.35	30.1	NaN	NaN	0.0	"2.5"	"F0034"	0	0	"PR"	1189.644	"drain-rg"	8.834	0	1	3	0.0	0.0	0.0	null	1191.473	0.093
2.8	0.05665	5062.5	2962.5	3403.125	NaN	NaN	NaN	0	0	0	0	1	0	0	0	0	0	0	0	0	0	0	0	0	0	0	0	1	0	0	0	1	34.0	0.111	0.388	NaN	NaN	0.264	0.862	NaN	NaN	7.92	30.17	NaN	NaN	0.0	"2.5"	"F0034"	0	0	"PR"	1199.678	"drain-rg"	18.868	0	1	3	0.0	0.0	0.0	null	1201.507	0.091
2.1	0.056375	5062.5	2625.0	3403.125	NaN	NaN	NaN	0	0	0	0	1	0	0	0	0	0	0	0	0	0	0	0	0	0	0	0	1	0	0	0	1	25.0	0.078	0.388	NaN	NaN	0.186	0.862	NaN	NaN	5.58	30.17	NaN	NaN	0.0	"2.5"	"F0034"	0	0	"PR"	1209.721	"drain-rg"	28.911	0	1	3	0.0	0.0	0.0	null	1211.55	0.092
2.1	0.05665	5062.5	2268.75	3403.125	NaN	NaN	NaN	0	0	0	0	1	0	0	0	0	0	0	0	0	0	0	0	0	0	0	0	1	0	0	0	1	25.0	0.042	0.388	NaN	NaN	0.1	0.862	NaN	NaN	3.0	30.17	NaN	NaN	0.0	"2.5"	"F0034"	0	0	"PR"	1219.559	"drain-rg"	38.749	0	1	3	0.0	0.0	0.0	null	1221.388	0.087
2.0	0.0561	5062.5	1921.875	3403.125	NaN	NaN	NaN	0	0	0	0	1	0	0	0	0	0	0	0	0	0	0	0	0	0	0	0	1	0	0	0	1	24.0	0.007	0.388	NaN	NaN	0.017	0.862	NaN	NaN	0.51	30.17	NaN	NaN	0.0	"2.5"	"F0034"	0	0	"PR"	1229.6	"drain-rg"	48.79	0	1	3	0.0	0.0	0.0	null	1231.429	0.088
2.0	0.055825	5250.0	1425.0	3403.125	NaN	NaN	NaN	0	0	0	0	1	0	0	0	0	0	0	0	0	0	0	0	0	0	0	0	1	0	0	0	1	24.0	-0.043	0.388	NaN	NaN	-0.102	0.862	NaN	NaN	-3.06	30.17	NaN	NaN	0.0	"2.5"	"F0034"	0	0	"PR"	1239.637	"drip-rg"	7.629	0	1	3	0.0	0.0	0.0	null	1241.466	0.086
3.5	0.0561	10125.0	150.0	3365.625	NaN	NaN	NaN	0	0	1	0	0	1	0	0	0	0	0	0	1	0	0	0	0	0	0	0	1	0	0	0	1	42.0	-0.17	0.385	NaN	NaN	-0.405	0.856	NaN	NaN	-12.15	29.96	NaN	NaN	0.0	"2.5"	"F0034"	0	0	"PR"	1.825	"fill-rg-di"	1.625	1	0	0	1249.093	0.0	0.0	null	1251.543	0.089
1.7	0.05555	9750.0	1931.25	3168.75	NaN	NaN	NaN	0	0	1	0	0	1	0	0	0	0	0	0	1	0	0	0	0	0	0	0	1	0	0	0	1	20.0	0.008	0.365	NaN	NaN	0.019	0.811	NaN	NaN	0.57	28.385	NaN	NaN	0.0	"2.5"	"F0034"	0	0	"PR"	11.862	"fill-rg-di"	11.662	1	0	0	1249.093	0.0	0.0	null	1261.58	0.091
2.4	0.055825	10875.0	2203.125	2971.875	NaN	NaN	NaN	0	0	1	0	0	1	0	0	0	0	0	0	1	0	0	0	0	0	0	0	1	0	0	0	1	29.0	0.035	0.345	NaN	NaN	0.083	0.767	NaN	NaN	2.49	26.845	NaN	NaN	0.0	"2.5"	"F0034"	0	0	"PR"	21.698	"fill-rg-di"	21.498	1	0	0	1249.093	0.0	0.0	null	1271.416	0.086
2.0	0.055275	11250.0	2475.0	2765.625	NaN	NaN	NaN	0	0	1	0	0	1	0	0	0	0	0	0	1	0	0	0	0	0	0	0	1	0	0	0	1	24.0	0.062	0.325	NaN	NaN	0.148	0.722	NaN	NaN	4.44	25.27	NaN	NaN	0.0	"2.5"	"F0034"	0	0	"PR"	31.738	"fill-rg-di"	31.538	1	0	0	1249.093	0.0	0.0	null	1281.456	0.084
1.8	0.05445	12000.0	2709.375	2559.375	NaN	NaN	NaN	0	0	1	0	0	1	0	0	0	0	0	0	1	0	0	0	0	0	0	0	1	0	0	0	1	22.0	0.086	0.304	NaN	NaN	0.205	0.676	NaN	NaN	6.15	23.66	NaN	NaN	0.0	"2.5"	"F0034"	0	0	"PR"	41.776	"fill-rg-di"	41.576	1	0	0	1249.093	0.0	0.0	null	1291.494	0.084
2.2	0.0539	12187.5	2971.875	2353.125	NaN	NaN	NaN	0	0	1	0	0	1	0	0	0	0	0	0	1	0	0	0	0	0	0	0	1	0	0	0	1	26.0	0.112	0.283	NaN	NaN	0.267	0.629	NaN	NaN	8.01	22.015	NaN	NaN	0.0	"2.5"	"F0034"	0	0	"PR"	51.818	"fill-rg-di"	51.618	1	0	0	1249.093	0.0	0.0	null	1301.536	0.086
1.6	0.0528	12000.0	3215.625	2156.25	NaN	NaN	NaN	0	0	1	0	0	1	0	0	0	0	0	0	1	0	0	0	0	0	0	0	1	0	0	0	1	19.0	0.137	0.264	NaN	NaN	0.326	0.587	NaN	NaN	9.78	20.545	NaN	NaN	0.0	"2.5"	"F0034"	0	0	"PR"	61.857	"fill-rg-di"	61.657	1	0	0	1249.093	0.0	0.0	null	1311.575	0.087
2.0	0.053075	6187.5	3262.5	2353.125	NaN	NaN	NaN	1	0	0	0	0	0	0	0	0	0	0	0	0	1	0	0	0	0	0	0	1	0	0	0	1	24.0	0.141	0.283	NaN	NaN	0.336	0.629	NaN	NaN	10.08	22.015	NaN	NaN	0.0	"2.5"	"F0034"	0	0	"PR"	71.89	"fill-di"	8.027	1	0	0	1249.093	0.0	0.0	null	1321.608	0.087
-0.2	0.052525	5250.0	3253.125	2653.125	NaN	NaN	NaN	1	0	0	0	0	0	0	0	0	0	0	0	0	1	0	0	0	0	0	0	1	0	0	0	1	-2.0	0.14	0.313	NaN	NaN	0.333	0.696	NaN	NaN	9.99	24.36	NaN	NaN	0.0	"2.5"	"F0034"	0	0	"PR"	81.925	"fill-di"	18.062	1	0	0	1249.093	0.0	0.0	null	1331.643	0.089
0.3	0.052525	7125.0	3253.125	2934.375	NaN	NaN	NaN	1	0	0	0	0	0	0	0	0	0	0	0	0	1	0	0	0	0	0	0	1	0	0	0	1	4.0	0.14	0.341	NaN	NaN	0.333	0.758	NaN	NaN	9.99	26.53	NaN	NaN	0.0	"2.5"	"F0034"	0	0	"PR"	91.96	"fill-di"	28.097	1	0	0	1249.093	0.0	0.0	null	1341.678	0.084
2.2	0.053075	7500.0	3253.125	3234.375	NaN	NaN	NaN	1	0	0	0	0	0	0	0	0	0	0	0	0	1	0	0	0	0	0	0	1	0	0	0	1	26.0	0.14	0.371	NaN	NaN	0.333	0.824	NaN	NaN	9.99	28.84	NaN	NaN	0.0	"2.5"	"F0034"	0	0	"PR"	101.797	"fill-di"	37.934	1	0	0	1249.093	0.0	0.0	null	1351.515	0.084
11.9	0.051975	15937.5	3253.125	3600.0	NaN	NaN	NaN	0	1	1	0	0	0	0	0	0	0	0	0	1	0	0	0	0	1	1	1	0	1	1	1	0	143.0	0.14	0.408	NaN	NaN	0.333	0.907	NaN	NaN	9.99	31.745	NaN	NaN	0.0	"2.5"	"F0034"	1	1	"PR"	111.843	"deionize"	4.623	1	1	0	1249.093	0.0	0.0	null	1361.561	0.084
12.4	0.0506	16687.5	3243.75	3637.5	NaN	NaN	NaN	0	1	1	0	0	0	0	0	0	0	0	0	1	0	0	0	0	1	1	1	0	1	1	1	0	149.0	0.139	0.412	NaN	NaN	0.331	0.916	NaN	NaN	9.93	32.06	NaN	NaN	0.0	"2.5"	"F0034"	1	1	"PR"	121.882	"deionize"	14.662	1	1	0	1249.093	0.0	0.0	null	1371.6	0.09
13.0	0.04895	15937.5	3253.125	3571.875	NaN	NaN	NaN	0	1	1	0	0	0	0	0	0	0	0	0	1	0	0	0	0	1	1	1	0	1	1	1	0	156.0	0.14	0.405	NaN	NaN	0.333	0.9	NaN	NaN	9.99	31.5	NaN	NaN	0.0	"2.5"	"F0034"	1	1	"PR"	131.923	"deionize"	24.703	1	1	0	1249.093	0.0	0.0	null	1381.641	0.09
12.9	0.0484	17437.5	3253.125	3562.5	NaN	NaN	NaN	0	1	1	0	0	0	0	0	0	0	0	0	1	0	0	0	0	1	1	1	0	1	1	1	0	155.0	0.14	0.404	NaN	NaN	0.333	0.898	NaN	NaN	9.99	31.43	NaN	NaN	0.0	"2.5"	"F0034"	1	1	"PR"	141.96	"deionize"	34.74	1	1	0	1249.093	0.0	0.0	null	1391.678	0.084
13.9	0.047025	17250.0	3262.5	3609.375	NaN	NaN	NaN	0	1	1	0	0	0	0	0	0	0	0	0	1	0	0	0	0	1	1	1	0	1	1	1	0	167.0	0.141	0.409	NaN	NaN	0.336	0.909	NaN	NaN	10.08	31.815	NaN	NaN	0.0	"2.5"	"F0034"	1	1	"PR"	151.999	"deionize"	44.779	1	1	0	1249.093	0.0	0.0	null	1401.717	0.084
12.9	0.0462	17062.5	3262.5	3618.75	NaN	NaN	NaN	0	1	1	0	0	0	0	0	0	0	0	0	1	0	0	0	0	1	1	1	0	1	1	1	0	155.0	0.141	0.41	NaN	NaN	0.336	0.911	NaN	NaN	10.08	31.885	NaN	NaN	0.0	"2.5"	"F0034"	1	1	"PR"	162.038	"deionize"	54.818	1	1	0	1249.093	0.0	0.0	null	1411.756	0.084
12.6	0.0451	17062.5	3262.5	3562.5	NaN	NaN	NaN	0	1	1	0	0	0	0	0	0	0	0	0	1	0	0	0	0	1	1	1	0	1	1	1	0	151.0	0.141	0.404	NaN	NaN	0.336	0.898	NaN	NaN	10.08	31.43	NaN	NaN	0.0	"2.5"	"F0034"	1	1	"PR"	171.881	"deionize"	64.661	1	1	0	1249.093	0.0	0.0	null	1421.599	0.084
12.5	0.0451	15375.0	3271.875	3628.125	NaN	NaN	NaN	0	1	1	0	0	0	0	0	0	0	0	0	1	0	0	0	0	1	1	1	0	1	1	1	0	150.0	0.142	0.411	NaN	NaN	0.338	0.913	NaN	NaN	10.14	31.955	NaN	NaN	0.0	"2.5"	"F0034"	1	1	"PR"	181.925	"deionize"	74.705	1	1	0	1249.093	0.0	0.0	null	1431.643	0.087
12.7	0.044	17062.5	3262.5	3600.0	NaN	NaN	NaN	0	1	1	0	0	0	0	0	0	0	0	0	1	0	0	0	0	1	1	1	0	1	1	1	0	152.0	0.141	0.408	NaN	NaN	0.336	0.907	NaN	NaN	10.08	31.745	NaN	NaN	0.0	"2.5"	"F0034"	1	1	"PR"	191.96	"deionize"	84.74	1	1	0	1249.093	0.0	0.0	null	1441.678	0.084
12.6	0.04345	17812.5	3271.875	3571.875	NaN	NaN	NaN	0	1	1	0	0	0	0	0	0	0	0	0	1	0	0	0	0	1	1	1	0	1	1	1	0	151.0	0.142	0.405	NaN	NaN	0.338	0.9	NaN	NaN	10.14	31.5	NaN	NaN	0.0	"2.5"	"F0034"	1	1	"PR"	202.009	"deionize"	94.789	1	1	0	1249.093	0.0	0.0	null	1451.727	0.085
11.4	0.0429	17062.5	3262.5	3609.375	NaN	NaN	NaN	0	1	1	0	0	0	0	0	0	0	0	0	1	0	0	0	0	1	1	1	0	1	1	1	0	137.0	0.141	0.409	NaN	NaN	0.336	0.909	NaN	NaN	10.08	31.815	NaN	NaN	0.0	"2.5"	"F0034"	1	1	"PR"	212.046	"deionize"	104.826	1	1	0	1249.093	0.0	0.0	null	1461.764	0.084
11.9	0.042625	15937.5	3234.375	3525.0	NaN	NaN	NaN	0	1	1	0	0	0	0	0	0	0	0	0	1	0	0	0	0	1	1	1	0	1	1	1	0	143.0	0.138	0.4	NaN	NaN	0.329	0.889	NaN	NaN	9.87	31.115	NaN	NaN	0.0	"2.5"	"F0034"	1	1	"PR"	222.086	"deionize"	114.866	1	1	0	1249.093	0.0	0.0	null	1471.804	0.084
12.6	0.04125	17250.0	3253.125	3562.5	NaN	NaN	NaN	0	1	1	0	0	0	0	0	0	0	0	0	1	0	0	0	0	1	1	1	0	1	1	1	0	151.0	0.14	0.404	NaN	NaN	0.333	0.898	NaN	NaN	9.99	31.43	NaN	NaN	0.0	"2.5"	"F0034"	1	1	"PR"	232.126	"deionize"	124.906	1	1	0	1249.093	0.0	0.0	null	1481.844	0.089
12.3	0.04125	16687.5	3253.125	3618.75	NaN	NaN	NaN	0	1	1	0	0	0	0	0	0	0	0	0	1	0	0	0	0	1	1	1	0	1	1	1	0	148.0	0.14	0.41	NaN	NaN	0.333	0.911	NaN	NaN	9.99	31.885	NaN	NaN	0.0	"2.5"	"F0034"	1	1	"PR"	241.961	"deionize"	134.741	1	1	0	1249.093	0.0	0.0	null	1491.679	0.094
19.3	0.04125	16875.0	3253.125	3553.125	NaN	NaN	NaN	0	1	1	0	0	0	0	0	0	0	0	0	1	0	0	0	0	1	1	1	0	1	1	1	0	232.0	0.14	0.403	NaN	NaN	0.333	0.896	NaN	NaN	9.99	31.36	NaN	NaN	0.0	"2.5"	"F0034"	1	1	"PR"	252.0	"deionize"	144.78	1	1	0	1249.093	0.0	0.0	null	1501.718	0.092
12.4	0.04015	16875.0	3253.125	3609.375	NaN	NaN	NaN	0	1	1	0	0	0	0	0	0	0	0	0	1	0	0	0	0	1	1	1	0	1	1	1	0	149.0	0.14	0.409	NaN	NaN	0.333	0.909	NaN	NaN	9.99	31.815	NaN	NaN	0.0	"2.5"	"F0034"	1	1	"PR"	262.04	"deionize"	154.82	1	1	0	1249.093	0.0	0.0	null	1511.758	0.084
13.1	0.039325	17437.5	3243.75	3553.125	NaN	NaN	NaN	0	1	1	0	0	0	0	0	0	0	0	0	1	0	0	0	0	1	1	1	0	1	1	1	0	157.0	0.139	0.403	NaN	NaN	0.331	0.896	NaN	NaN	9.93	31.36	NaN	NaN	0.0	"2.5"	"F0034"	1	1	"PR"	272.08	"deionize"	164.86	1	1	0	1249.093	0.0	0.0	null	1521.798	0.085
12.7	0.038775	17250.0	3253.125	3553.125	NaN	NaN	NaN	0	1	1	0	0	0	0	0	0	0	0	0	1	0	0	0	0	1	1	1	0	1	1	1	0	152.0	0.14	0.403	NaN	NaN	0.333	0.896	NaN	NaN	9.99	31.36	NaN	NaN	0.0	"2.5"	"F0034"	1	1	"PR"	282.121	"deionize"	174.901	1	1	0	1249.093	0.0	0.0	null	1531.839	0.089
12.5	0.037675	17250.0	3262.5	3581.25	NaN	NaN	NaN	0	1	1	0	0	0	0	0	0	0	0	0	1	0	0	0	0	1	1	1	0	1	1	1	0	150.0	0.141	0.406	NaN	NaN	0.336	0.902	NaN	NaN	10.08	31.57	NaN	NaN	0.0	"2.5"	"F0034"	1	1	"PR"	292.159	"deionize"	184.939	1	1	0	1249.093	0.0	0.0	null	1541.877	0.084
12.6	0.03685	17437.5	3253.125	3562.5	NaN	NaN	NaN	0	1	1	0	0	0	0	0	0	0	0	0	1	0	0	0	0	1	1	1	0	1	1	1	0	151.0	0.14	0.404	NaN	NaN	0.333	0.898	NaN	NaN	9.99	31.43	NaN	NaN	0.0	"2.5"	"F0034"	1	1	"PR"	302.199	"deionize"	194.979	1	1	0	1249.093	0.0	0.0	null	1551.917	0.087
12.6	0.0363	17812.5	3253.125	3637.5	NaN	NaN	NaN	0	1	1	0	0	0	0	0	0	0	0	0	1	0	0	0	0	1	1	1	0	1	1	1	0	151.0	0.14	0.412	NaN	NaN	0.333	0.916	NaN	NaN	9.99	32.06	NaN	NaN	0.0	"2.5"	"F0034"	1	1	"PR"	312.037	"deionize"	204.817	1	1	0	1249.093	0.0	0.0	null	1561.755	0.088
12.6	0.035475	17250.0	3253.125	3534.375	NaN	NaN	NaN	0	1	1	0	0	0	0	0	0	0	0	0	1	0	0	0	0	1	1	1	0	1	1	1	0	151.0	0.14	0.401	NaN	NaN	0.333	0.891	NaN	NaN	9.99	31.185	NaN	NaN	0.0	"2.5"	"F0034"	1	1	"PR"	322.077	"deionize"	214.857	1	1	0	1249.093	0.0	0.0	null	1571.795	0.088
12.6	0.034375	16875.0	3253.125	3609.375	NaN	NaN	NaN	0	1	1	0	0	0	0	0	0	0	0	0	1	0	0	0	0	1	1	1	0	1	1	1	0	151.0	0.14	0.409	NaN	NaN	0.333	0.909	NaN	NaN	9.99	31.815	NaN	NaN	0.0	"2.5"	"F0034"	1	1	"PR"	332.119	"deionize"	224.899	1	1	0	1249.093	0.0	0.0	null	1581.837	0.096
11.9	0.03355	17812.5	3253.125	3637.5	NaN	NaN	NaN	0	1	1	0	0	0	0	0	0	0	0	0	1	0	0	0	0	1	1	1	0	1	1	1	0	143.0	0.14	0.412	NaN	NaN	0.333	0.916	NaN	NaN	9.99	32.06	NaN	NaN	0.0	"2.5"	"F0034"	1	1	"PR"	342.153	"deionize"	234.933	1	1	0	1249.093	0.0	0.0	null	1591.871	0.091
12.5	0.033275	18000.0	3234.375	3571.875	NaN	NaN	NaN	0	1	1	0	0	0	0	0	0	0	0	0	1	0	0	0	0	1	1	1	0	1	1	1	0	150.0	0.138	0.405	NaN	NaN	0.329	0.9	NaN	NaN	9.87	31.5	NaN	NaN	0.0	"2.5"	"F0034"	1	1	"PR"	352.188	"deionize"	244.968	1	1	0	1249.093	0.0	0.0	null	1601.906	0.091
11.4	0.03245	18187.5	3262.5	3600.0	NaN	NaN	NaN	0	1	1	0	0	0	0	0	0	0	0	0	1	0	0	0	0	1	1	1	0	1	1	1	0	137.0	0.141	0.408	NaN	NaN	0.336	0.907	NaN	NaN	10.08	31.745	NaN	NaN	0.0	"2.5"	"F0034"	1	1	"PR"	362.23	"deionize"	255.01	1	1	0	1249.093	0.0	0.0	null	1611.948	0.095
11.2	0.0319	18375.0	3253.125	3525.0	NaN	NaN	NaN	0	1	1	0	0	0	0	0	0	0	0	0	1	0	0	0	0	1	1	1	0	1	1	1	0	134.0	0.14	0.4	NaN	NaN	0.333	0.889	NaN	NaN	9.99	31.115	NaN	NaN	0.0	"2.5"	"F0034"	1	1	"PR"	372.27	"deionize"	265.05	1	1	0	1249.093	0.0	0.0	null	1621.988	0.084
11.1	0.03135	19125.0	3253.125	3590.625	NaN	NaN	NaN	0	1	1	0	0	0	0	0	0	0	0	0	1	0	0	0	0	1	1	1	0	1	1	1	0	133.0	0.14	0.407	NaN	NaN	0.333	0.904	NaN	NaN	9.99	31.64	NaN	NaN	0.0	"2.5"	"F0034"	1	1	"PR"	382.314	"deionize"	275.094	1	1	0	1249.093	0.0	0.0	null	1632.032	0.086
11.2	0.030525	18375.0	3262.5	3581.25	NaN	NaN	NaN	0	1	1	0	0	0	0	0	0	0	0	0	1	0	0	0	0	1	1	1	0	1	1	1	0	134.0	0.141	0.406	NaN	NaN	0.336	0.902	NaN	NaN	10.08	31.57	NaN	NaN	0.0	"2.5"	"F0034"	1	1	"PR"	392.153	"deionize"	284.933	1	1	0	1249.093	0.0	0.0	null	1641.871	0.094
10.2	0.030525	17437.5	3253.125	3609.375	NaN	NaN	NaN	0	1	1	0	0	0	0	0	0	0	0	0	1	0	0	0	0	1	1	1	0	1	1	1	0	122.0	0.14	0.409	NaN	NaN	0.333	0.909	NaN	NaN	9.99	31.815	NaN	NaN	0.0	"2.5"	"F0034"	1	1	"PR"	402.195	"deionize"	294.975	1	1	0	1249.093	0.0	0.0	null	1651.913	0.09
11.1	0.03025	18375.0	3253.125	3562.5	NaN	NaN	NaN	0	1	1	0	0	0	0	0	0	0	0	0	1	0	0	0	0	1	1	1	0	1	1	1	0	133.0	0.14	0.404	NaN	NaN	0.333	0.898	NaN	NaN	9.99	31.43	NaN	NaN	0.0	"2.5"	"F0034"	1	1	"PR"	412.234	"deionize"	305.014	1	1	0	1249.093	0.0	0.0	null	1661.952	0.091
10.5	0.029425	17062.5	3253.125	3553.125	NaN	NaN	NaN	0	1	1	0	0	0	0	0	0	0	0	0	1	0	0	0	0	1	1	1	0	1	1	1	0	126.0	0.14	0.403	NaN	NaN	0.333	0.896	NaN	NaN	9.99	31.36	NaN	NaN	0.0	"2.5"	"F0034"	1	1	"PR"	422.279	"deionize"	315.059	1	1	0	1249.093	0.0	0.0	null	1671.997	0.094
10.1	0.02915	17437.5	3253.125	3534.375	NaN	NaN	NaN	0	1	1	0	0	0	0	0	0	0	0	0	1	0	0	0	0	1	1	1	0	1	1	1	0	121.0	0.14	0.401	NaN	NaN	0.333	0.891	NaN	NaN	9.99	31.185	NaN	NaN	0.0	"2.5"	"F0034"	1	1	"PR"	432.321	"deionize"	325.101	1	1	0	1249.093	0.0	0.0	null	1682.039	0.093
10.2	0.028875	16312.5	3253.125	3571.875	NaN	NaN	NaN	0	1	1	0	0	0	0	0	0	0	0	0	1	0	0	0	0	1	1	1	0	1	1	1	0	122.0	0.14	0.405	NaN	NaN	0.333	0.9	NaN	NaN	9.99	31.5	NaN	NaN	0.0	"2.5"	"F0034"	1	1	"PR"	442.361	"deionize"	335.141	1	1	0	1249.093	0.0	0.0	null	1692.079	0.089
9.7	0.0286	15937.5	3253.125	3543.75	NaN	NaN	NaN	0	1	1	0	0	0	0	0	0	0	0	0	1	0	0	0	0	1	1	1	0	1	1	1	0	116.0	0.14	0.402	NaN	NaN	0.333	0.893	NaN	NaN	9.99	31.255	NaN	NaN	0.0	"2.5"	"F0034"	1	1	"PR"	452.202	"deionize"	344.982	1	1	0	1249.093	0.0	0.0	null	1701.92	0.088
10.1	0.0286	16500.0	3253.125	3581.25	NaN	NaN	NaN	0	1	1	0	0	0	0	0	0	0	0	0	1	0	0	0	0	1	1	1	0	1	1	1	0	121.0	0.14	0.406	NaN	NaN	0.333	0.902	NaN	NaN	9.99	31.57	NaN	NaN	0.0	"2.5"	"F0034"	1	1	"PR"	462.243	"deionize"	355.023	1	1	0	1249.093	0.0	0.0	null	1711.961	0.09
9.7	0.02805	16312.5	3253.125	3600.0	NaN	NaN	NaN	0	1	1	0	0	0	0	0	0	0	0	0	1	0	0	0	1	1	1	1	0	1	1	1	0	116.0	0.14	0.408	NaN	NaN	0.333	0.907	NaN	NaN	9.99	31.745	NaN	NaN	0.0	"2.5"	"F0034"	1	1	"PR"	472.385	"deionize-uv"	5.121	1	1	0	1249.093	0.0	0.0	null	1722.103	0.09
9.3	0.02805	16687.5	3290.625	3562.5	NaN	NaN	NaN	0	1	1	0	0	0	0	0	0	0	0	0	1	0	0	0	1	1	1	1	0	1	1	1	0	112.0	0.144	0.404	NaN	NaN	0.343	0.898	NaN	NaN	10.29	31.43	NaN	NaN	0.0	"2.5"	"F0034"	1	1	"PR"	482.228	"deionize-uv"	14.964	1	1	0	1249.093	0.0	0.0	null	1731.946	0.091
9.4	0.02805	16312.5	3253.125	3562.5	NaN	NaN	NaN	0	1	1	0	0	0	0	0	0	0	0	0	1	0	0	0	1	1	1	1	0	1	1	1	0	113.0	0.14	0.404	NaN	NaN	0.333	0.898	NaN	NaN	9.99	31.43	NaN	NaN	0.0	"2.5"	"F0034"	1	1	"PR"	492.259	"deionize-uv"	24.995	1	1	0	1249.093	0.0	0.0	null	1741.977	0.086
9.3	0.027225	18375.0	3271.875	3590.625	NaN	NaN	NaN	0	1	1	0	0	0	0	0	0	0	0	0	1	0	0	0	1	1	1	1	0	1	1	1	0	112.0	0.142	0.407	NaN	NaN	0.338	0.904	NaN	NaN	10.14	31.64	NaN	NaN	0.0	"2.5"	"F0034"	1	1	"PR"	502.291	"deionize-uv"	35.027	1	1	0	1249.093	0.0	0.0	null	1752.009	0.087
9.1	0.02695	18375.0	3253.125	3562.5	NaN	NaN	NaN	0	1	1	0	0	0	0	0	0	0	0	0	1	0	0	0	1	1	1	1	0	1	1	1	0	109.0	0.14	0.404	NaN	NaN	0.333	0.898	NaN	NaN	9.99	31.43	NaN	NaN	0.0	"2.5"	"F0034"	1	1	"PR"	512.331	"deionize-uv"	45.067	1	1	0	1249.093	0.0	0.0	null	1762.049	0.096
10.8	0.026675	15937.5	3253.125	3571.875	NaN	NaN	NaN	0	1	1	0	0	0	0	0	0	0	0	0	1	0	0	0	1	1	1	1	0	1	1	1	0	130.0	0.14	0.405	NaN	NaN	0.333	0.9	NaN	NaN	9.99	31.5	NaN	NaN	0.0	"2.5"	"F0034"	1	1	"PR"	522.365	"deionize-uv"	55.101	1	1	0	1249.093	0.0	0.0	null	1772.083	0.09
8.7	0.02695	30562.5	3262.5	3271.875	NaN	NaN	NaN	0	0	1	0	0	0	0	1	0	0	0	0	1	0	0	0	1	1	1	1	0	1	1	1	0	104.0	0.141	0.375	NaN	NaN	0.336	0.833	NaN	NaN	10.08	29.155	NaN	NaN	0.0	"2.5"	"F0034"	1	1	"PR"	532.437	"drip-di-1"	4.124	1	1	0	1249.093	0.0	0.0	null	1782.155	0.088
8.9	0.026125	43312.5	3234.375	3112.5	NaN	NaN	NaN	0	0	1	0	0	0	0	1	0	0	0	0	1	0	0	0	1	1	1	1	0	1	1	1	0	107.0	0.138	0.359	NaN	NaN	0.329	0.798	NaN	NaN	9.87	27.93	NaN	NaN	0.0	"2.5"	"F0034"	1	1	"PR"	542.478	"drip-di-1"	14.165	1	1	0	1249.093	0.0	0.0	null	1792.196	0.091
-12.0	0.026675	18562.5	3271.875	3225.0	NaN	NaN	NaN	1	0	0	0	0	1	1	0	0	0	0	0	1	1	0	0	0	1	1	0	1	1	1	0	1	-144.0	0.142	0.37	NaN	NaN	0.338	0.822	NaN	NaN	10.14	28.77	NaN	NaN	0.0	"2.5"	"F0034"	1	0	"PR"	552.475	"reverse-f"	5.98	1	1	0	1249.093	0.0	0.0	null	1802.193	0.091
-11.9	0.026675	13687.5	3393.75	3421.875	NaN	NaN	NaN	0	0	0	0	0	1	1	0	0	0	0	0	1	0	0	0	0	1	1	0	1	1	1	0	1	-143.0	0.154	0.39	NaN	NaN	0.367	0.867	NaN	NaN	11.01	30.345	NaN	NaN	0.0	"2.5"	"F0034"	1	0	"PR"	562.422	"reverse"	15.927	1	1	0	1249.093	0.0	0.0	null	1812.14	0.092
-11.7	0.0297	13687.5	3450.0	3393.75	NaN	NaN	NaN	0	0	0	0	0	1	1	0	0	0	0	0	1	0	0	0	0	1	1	0	1	1	1	0	1	-140.0	0.16	0.387	NaN	NaN	0.381	0.86	NaN	NaN	11.43	30.1	NaN	NaN	0.0	"2.5"	"F0034"	1	0	"PR"	572.458	"reverse"	25.963	1	1	0	1249.093	0.0	0.0	null	1822.176	0.091
-11.8	0.033825	13500.0	3421.875	3403.125	NaN	NaN	NaN	0	0	0	0	0	1	1	0	0	0	0	0	1	0	0	0	0	1	1	0	1	1	1	0	1	-142.0	0.157	0.388	NaN	NaN	0.374	0.862	NaN	NaN	11.22	30.17	NaN	NaN	0.0	"2.5"	"F0034"	1	0	"PR"	582.493	"reverse"	35.998	1	1	0	1249.093	0.0	0.0	null	1832.211	0.087
-12.0	0.038775	13312.5	3506.25	3412.5	NaN	NaN	NaN	0	0	0	0	0	1	1	0	0	0	0	0	1	0	0	0	0	1	1	0	1	1	1	0	1	-144.0	0.166	0.389	NaN	NaN	0.395	0.864	NaN	NaN	11.85	30.24	NaN	NaN	0.0	"2.5"	"F0034"	1	0	"PR"	592.536	"reverse"	46.041	1	1	0	1249.093	0.0	0.0	null	1842.254	0.091
-11.5	0.044	12562.5	3459.375	3403.125	NaN	NaN	NaN	0	0	0	0	0	1	1	0	0	0	0	0	1	0	0	0	0	1	1	0	1	1	1	0	1	-138.0	0.161	0.388	NaN	NaN	0.383	0.862	NaN	NaN	11.49	30.17	NaN	NaN	0.0	"2.5"	"F0034"	1	0	"PR"	602.372	"reverse"	55.877	1	1	0	1249.093	0.0	0.0	null	1852.09	0.087
-11.7	0.048125	11812.5	3487.5	3403.125	NaN	NaN	NaN	0	0	0	0	0	1	1	0	0	0	0	0	1	0	0	0	0	1	1	0	1	1	1	0	1	-140.0	0.164	0.388	NaN	NaN	0.39	0.862	NaN	NaN	11.7	30.17	NaN	NaN	0.0	"2.5"	"F0034"	1	0	"PR"	612.406	"reverse"	65.911	1	1	0	1249.093	0.0	0.0	null	1862.124	0.088
-12.6	0.051975	10875.0	3478.125	3403.125	NaN	NaN	NaN	0	0	0	0	0	1	1	0	0	0	0	0	1	0	0	0	0	1	1	0	1	1	1	0	1	-151.0	0.163	0.388	NaN	NaN	0.388	0.862	NaN	NaN	11.64	30.17	NaN	NaN	0.0	"2.5"	"F0034"	1	0	"PR"	622.443	"reverse"	75.948	1	1	0	1249.093	0.0	0.0	null	1872.161	0.087
-12.0	0.054175	13125.0	3515.625	3393.75	NaN	NaN	NaN	0	0	0	0	0	1	1	0	0	0	0	0	1	0	0	0	0	1	1	0	1	1	1	0	1	-144.0	0.167	0.387	NaN	NaN	0.398	0.86	NaN	NaN	11.94	30.1	NaN	NaN	0.0	"2.5"	"F0034"	1	0	"PR"	632.474	"reverse"	85.979	1	1	0	1249.093	0.0	0.0	null	1882.192	0.087
-12.1	0.056375	12937.5	3506.25	3403.125	NaN	NaN	NaN	0	0	0	0	0	1	1	0	0	0	0	0	1	0	0	0	0	1	1	0	1	1	1	0	1	-145.0	0.166	0.388	NaN	NaN	0.395	0.862	NaN	NaN	11.85	30.17	NaN	NaN	0.0	"2.5"	"F0034"	1	0	"PR"	642.512	"reverse"	96.017	1	1	0	1249.093	0.0	0.0	null	1892.23	0.088
-11.9	0.05665	12937.5	3440.625	3421.875	NaN	NaN	NaN	0	0	0	0	0	1	1	0	0	0	0	0	1	0	0	0	0	1	1	0	1	1	1	0	1	-143.0	0.159	0.39	NaN	NaN	0.379	0.867	NaN	NaN	11.37	30.345	NaN	NaN	0.0	"2.5"	"F0034"	1	0	"PR"	652.547	"reverse"	106.052	1	1	0	1249.093	0.0	0.0	null	1902.265	0.084
-12.0	0.0572	10875.0	3487.5	3403.125	NaN	NaN	NaN	0	0	0	0	0	1	1	0	0	0	0	0	1	0	0	0	0	1	1	0	1	1	1	0	1	-144.0	0.164	0.388	NaN	NaN	0.39	0.862	NaN	NaN	11.7	30.17	NaN	NaN	0.0	"2.5"	"F0034"	1	0	"PR"	662.582	"reverse"	116.087	1	1	0	1249.093	0.0	0.0	null	1912.3	0.086
-11.8	0.057475	11437.5	3506.25	3403.125	NaN	NaN	NaN	0	0	0	0	0	1	1	0	0	0	0	0	1	0	0	0	0	1	1	0	1	1	1	0	1	-142.0	0.166	0.388	NaN	NaN	0.395	0.862	NaN	NaN	11.85	30.17	NaN	NaN	0.0	"2.5"	"F0034"	1	0	"PR"	672.619	"reverse"	126.124	1	1	0	1249.093	0.0	0.0	null	1922.337	0.086
-11.3	0.05775	12187.5	3553.125	3393.75	NaN	NaN	NaN	0	0	0	0	0	1	1	0	0	0	0	0	1	0	0	0	0	1	1	0	1	1	1	0	1	-136.0	0.17	0.387	NaN	NaN	0.405	0.86	NaN	NaN	12.15	30.1	NaN	NaN	0.0	"2.5"	"F0034"	1	0	"PR"	682.458	"reverse"	135.963	1	1	0	1249.093	0.0	0.0	null	1932.176	0.084
-11.7	0.05665	13687.5	3496.875	3403.125	NaN	NaN	NaN	0	0	0	0	0	1	1	0	0	0	0	0	1	0	0	0	0	1	1	0	1	1	1	0	1	-140.0	0.165	0.388	NaN	NaN	0.393	0.862	NaN	NaN	11.79	30.17	NaN	NaN	0.0	"2.5"	"F0034"	1	0	"PR"	692.492	"reverse"	145.997	1	1	0	1249.093	0.0	0.0	null	1942.21	0.084
-0.7	0.057475	5625.0	3646.875	3403.125	NaN	NaN	NaN	0	0	0	0	0	0	0	0	0	0	0	0	0	0	0	0	0	0	0	0	1	0	0	0	1	-8.0	0.18	0.388	NaN	NaN	0.429	0.862	NaN	NaN	12.87	30.17	NaN	NaN	0.0	"2.5"	"F0034"	0	0	"PR"	702.621	"diffuse"	6.113	1	1	1	1249.093	0.0	0.0	null	1952.339	0.089
-1.0	0.05665	7500.0	3637.5	3421.875	NaN	NaN	NaN	0	0	0	0	0	0	0	0	0	0	0	0	0	0	0	0	0	0	0	0	1	0	0	0	1	-12.0	0.179	0.39	NaN	NaN	0.426	0.867	NaN	NaN	12.78	30.345	NaN	NaN	0.0	"2.5"	"F0034"	0	0	"PR"	712.656	"diffuse"	16.148	1	1	1	1249.093	0.0	0.0	null	1962.374	0.086
-1.3	0.05775	9000.0	3637.5	3403.125	NaN	NaN	NaN	0	0	0	0	0	0	0	0	0	0	0	0	0	0	0	0	0	0	0	0	1	0	0	0	1	-16.0	0.179	0.388	NaN	NaN	0.426	0.862	NaN	NaN	12.78	30.17	NaN	NaN	0.0	"2.5"	"F0034"	0	0	"PR"	722.693	"diffuse"	26.185	1	1	1	1249.093	0.0	0.0	null	1972.411	0.084
-1.1	0.05665	8625.0	3637.5	3421.875	NaN	NaN	NaN	0	0	0	0	0	0	0	0	0	0	0	0	0	0	0	0	0	0	0	0	1	0	0	0	1	-13.0	0.179	0.39	NaN	NaN	0.426	0.867	NaN	NaN	12.78	30.345	NaN	NaN	0.0	"2.5"	"F0034"	0	0	"PR"	732.535	"diffuse"	36.027	1	1	1	1249.093	0.0	0.0	null	1982.253	0.087
-1.2	0.05665	10500.0	3646.875	3403.125	NaN	NaN	NaN	0	0	0	0	0	0	0	0	0	0	0	0	0	0	0	0	0	0	0	0	1	0	0	0	1	-14.0	0.18	0.388	NaN	NaN	0.429	0.862	NaN	NaN	12.87	30.17	NaN	NaN	0.0	"2.5"	"F0034"	0	0	"PR"	742.57	"diffuse"	46.062	1	1	1	1249.093	0.0	0.0	null	1992.288	0.084
-1.8	0.057475	10312.5	3646.875	3403.125	NaN	NaN	NaN	0	0	0	0	0	0	0	0	0	0	0	0	0	0	0	0	0	0	0	0	1	0	0	0	1	-22.0	0.18	0.388	NaN	NaN	0.429	0.862	NaN	NaN	12.87	30.17	NaN	NaN	0.0	"2.5"	"F0034"	0	0	"PR"	752.609	"diffuse"	56.101	1	1	1	1249.093	0.0	0.0	null	2002.327	0.089
-12.4	0.05665	12375.0	3515.625	3393.75	NaN	NaN	NaN	0	0	0	0	0	1	1	0	0	0	0	0	1	0	0	0	0	1	1	0	1	1	1	0	1	-149.0	0.167	0.387	NaN	NaN	0.398	0.86	NaN	NaN	11.94	30.1	NaN	NaN	0.0	"2.5"	"F0034"	1	0	"PR"	762.736	"wash-en"	6.112	1	1	1	1249.093	0.0	0.0	null	2012.454	0.087
-12.0	0.056925	12937.5	3525.0	3403.125	NaN	NaN	NaN	0	0	0	0	0	1	1	0	0	0	0	0	1	0	0	0	0	1	1	0	1	1	1	0	1	-144.0	0.167	0.388	NaN	NaN	0.398	0.862	NaN	NaN	11.94	30.17	NaN	NaN	0.0	"2.5"	"F0034"	1	0	"PR"	772.575	"wash-en"	15.951	1	1	1	1249.093	0.0	0.0	null	2022.293	0.084
-0.2	0.058025	11437.5	3553.125	3412.5	NaN	NaN	NaN	0	0	0	0	0	1	1	0	0	0	0	0	1	0	0	0	0	0	0	0	1	0	0	0	1	-2.0	0.17	0.389	NaN	NaN	0.405	0.864	NaN	NaN	12.15	30.24	NaN	NaN	0.0	"2.5"	"F0034"	0	0	"PR"	782.703	"wash-sc"	5.912	1	1	1	1249.093	0.0	0.0	null	2032.421	0.084
-1.0	0.058025	4312.5	3646.875	3412.5	NaN	NaN	NaN	0	0	0	0	0	0	0	0	0	0	0	0	0	0	0	0	0	0	0	0	1	0	0	0	1	-12.0	0.18	0.389	NaN	NaN	0.429	0.864	NaN	NaN	12.87	30.24	NaN	NaN	0.0	"2.5"	"F0034"	0	0	"PR"	792.74	"diffuse"	5.818	1	1	2	1249.093	0.0	0.0	null	2042.458	0.084
-0.6	0.0583	6375.0	3646.875	3403.125	NaN	NaN	NaN	0	0	0	0	0	0	0	0	0	0	0	0	0	0	0	0	0	0	0	0	1	0	0	0	1	-7.0	0.18	0.388	NaN	NaN	0.429	0.862	NaN	NaN	12.87	30.17	NaN	NaN	0.0	"2.5"	"F0034"	0	0	"PR"	802.774	"diffuse"	15.852	1	1	2	1249.093	0.0	0.0	null	2052.492	0.084
-0.8	0.058025	7500.0	3637.5	3440.625	NaN	NaN	NaN	0	0	0	0	0	0	0	0	0	0	0	0	0	0	0	0	0	0	0	0	1	0	0	0	1	-10.0	0.179	0.392	NaN	NaN	0.426	0.871	NaN	NaN	12.78	30.485	NaN	NaN	0.0	"2.5"	"F0034"	0	0	"PR"	812.612	"diffuse"	25.69	1	1	2	1249.093	0.0	0.0	null	2062.33	0.092
-0.8	0.05775	9187.5	3646.875	3412.5	NaN	NaN	NaN	0	0	0	0	0	0	0	0	0	0	0	0	0	0	0	0	0	0	0	0	1	0	0	0	1	-10.0	0.18	0.389	NaN	NaN	0.429	0.864	NaN	NaN	12.87	30.24	NaN	NaN	0.0	"2.5"	"F0034"	0	0	"PR"	822.649	"diffuse"	35.727	1	1	2	1249.093	0.0	0.0	null	2072.367	0.084
-0.8	0.0583	7500.0	3637.5	3412.5	NaN	NaN	NaN	0	0	0	0	0	0	0	0	0	0	0	0	0	0	0	0	0	0	0	0	1	0	0	0	1	-10.0	0.179	0.389	NaN	NaN	0.426	0.864	NaN	NaN	12.78	30.24	NaN	NaN	0.0	"2.5"	"F0034"	0	0	"PR"	832.685	"diffuse"	45.763	1	1	2	1249.093	0.0	0.0	null	2082.403	0.084
0.1	0.058025	9562.5	3646.875	3412.5	NaN	NaN	NaN	0	0	0	0	0	0	0	0	0	0	0	0	0	0	0	0	0	0	0	0	1	0	0	0	1	1.0	0.18	0.389	NaN	NaN	0.429	0.864	NaN	NaN	12.87	30.24	NaN	NaN	0.0	"2.5"	"F0034"	0	0	"PR"	842.728	"diffuse"	55.806	1	1	2	1249.093	0.0	0.0	null	2092.446	0.088
-12.2	0.0572	12187.5	3525.0	3393.75	NaN	NaN	NaN	0	0	0	0	0	1	1	0	0	0	0	0	1	0	0	0	0	1	1	0	1	1	1	0	1	-146.0	0.167	0.387	NaN	NaN	0.398	0.86	NaN	NaN	11.94	30.1	NaN	NaN	0.0	"2.5"	"F0034"	1	0	"PR"	852.655	"wash-en"	5.712	1	1	2	1249.093	0.0	0.0	null	2102.373	0.09
-9.9	0.0572	13312.5	3515.625	3403.125	NaN	NaN	NaN	0	0	0	0	0	1	1	0	0	0	0	0	1	0	0	0	0	1	1	0	1	1	1	0	1	-119.0	0.167	0.388	NaN	NaN	0.398	0.862	NaN	NaN	11.94	30.17	NaN	NaN	0.0	"2.5"	"F0034"	1	0	"PR"	862.691	"wash-en"	15.748	1	1	2	1249.093	0.0	0.0	null	2112.409	0.087
-0.1	0.05775	11437.5	3571.875	3412.5	NaN	NaN	NaN	0	0	0	0	0	1	1	0	0	0	0	0	1	0	0	0	0	0	0	0	1	0	0	0	1	-1.0	0.172	0.389	NaN	NaN	0.41	0.864	NaN	NaN	12.3	30.24	NaN	NaN	0.0	"2.5"	"F0034"	0	0	"PR"	872.82	"wash-sc"	5.711	1	1	2	1249.093	0.0	0.0	null	2122.538	0.09
0.0	0.058025	4312.5	3637.5	3412.5	NaN	NaN	NaN	0	0	0	0	0	0	0	0	0	0	0	0	0	0	0	0	0	0	0	0	1	0	0	0	1	0.0	0.179	0.389	NaN	NaN	0.426	0.864	NaN	NaN	12.78	30.24	NaN	NaN	0.0	"2.5"	"F0034"	0	0	"PR"	882.858	"diffuse"	5.618	1	1	3	1249.093	0.0	0.0	null	2132.576	0.084
-0.1	0.05775	5812.5	3646.875	3384.375	NaN	NaN	NaN	0	0	0	0	0	0	0	0	0	0	0	0	0	0	0	0	0	0	0	0	1	0	0	0	1	-1.0	0.18	0.386	NaN	NaN	0.429	0.858	NaN	NaN	12.87	30.03	NaN	NaN	0.0	"2.5"	"F0034"	0	0	"PR"	892.695	"diffuse"	15.455	1	1	3	1249.093	0.0	0.0	null	2142.413	0.09
-0.6	0.058025	6375.0	3646.875	3403.125	NaN	NaN	NaN	0	0	0	0	0	0	0	0	0	0	0	0	0	0	0	0	0	0	0	0	1	0	0	0	1	-7.0	0.18	0.388	NaN	NaN	0.429	0.862	NaN	NaN	12.87	30.17	NaN	NaN	0.0	"2.5"	"F0034"	0	0	"PR"	902.737	"diffuse"	25.497	1	1	3	1249.093	0.0	0.0	null	2152.455	0.094
-0.1	0.058025	7500.0	3637.5	3440.625	NaN	NaN	NaN	0	0	0	0	0	0	0	0	0	0	0	0	0	0	0	0	0	0	0	0	1	0	0	0	1	-1.0	0.179	0.392	NaN	NaN	0.426	0.871	NaN	NaN	12.78	30.485	NaN	NaN	0.0	"2.5"	"F0034"	0	0	"PR"	912.772	"diffuse"	35.532	1	1	3	1249.093	0.0	0.0	null	2162.49	0.09
0.3	0.058575	7687.5	3637.5	3412.5	NaN	NaN	NaN	0	0	0	0	0	0	0	0	0	0	0	0	0	0	0	0	0	0	0	0	1	0	0	0	1	4.0	0.179	0.389	NaN	NaN	0.426	0.864	NaN	NaN	12.78	30.24	NaN	NaN	0.0	"2.5"	"F0034"	0	0	"PR"	922.812	"diffuse"	45.572	1	1	3	1249.093	0.0	0.0	null	2172.53	0.093
0.2	0.057475	9375.0	3646.875	3412.5	NaN	NaN	NaN	0	0	0	0	0	0	0	0	0	0	0	0	0	0	0	0	0	0	0	0	1	0	0	0	1	2.0	0.18	0.389	NaN	NaN	0.429	0.864	NaN	NaN	12.87	30.24	NaN	NaN	0.0	"2.5"	"F0034"	0	0	"PR"	932.847	"diffuse"	55.607	1	1	3	1249.093	0.0	0.0	null	2182.565	0.084
-12.0	0.057475	13500.0	3562.5	3403.125	NaN	NaN	NaN	0	0	0	0	0	1	1	0	0	0	0	0	1	0	0	0	0	1	1	0	1	1	1	0	1	-144.0	0.171	0.388	NaN	NaN	0.407	0.862	NaN	NaN	12.21	30.17	NaN	NaN	0.0	"2.5"	"F0034"	1	0	"PR"	942.771	"wash-en"	5.51	1	1	3	1249.093	0.0	0.0	null	2192.489	0.09
-12.7	0.05775	12187.5	3562.5	3403.125	NaN	NaN	NaN	0	0	0	0	0	1	1	0	0	0	0	0	1	0	0	0	0	1	1	0	1	1	1	0	1	-152.0	0.171	0.388	NaN	NaN	0.407	0.862	NaN	NaN	12.21	30.17	NaN	NaN	0.0	"2.5"	"F0034"	1	0	"PR"	952.808	"wash-en"	15.547	1	1	3	1249.093	0.0	0.0	null	2202.526	0.089
0.6	0.05775	11812.5	3534.375	3412.5	NaN	NaN	NaN	0	0	0	0	0	1	1	0	0	0	0	0	1	0	0	0	0	0	0	0	1	0	0	0	1	7.0	0.168	0.389	NaN	NaN	0.4	0.864	NaN	NaN	12.0	30.24	NaN	NaN	0.0	"2.5"	"F0034"	0	0	"PR"	962.937	"wash-sc"	5.512	1	1	3	1249.093	0.0	0.0	null	2212.655	0.085
0.3	0.056925	2812.5	3243.75	3412.5	NaN	NaN	NaN	0	0	0	0	1	0	0	0	0	0	0	0	0	0	0	0	0	0	0	0	1	0	0	0	1	4.0	0.139	0.389	NaN	NaN	0.331	0.864	NaN	NaN	9.93	30.24	NaN	NaN	0.0	"2.5"	"F0034"	0	0	"PR"	972.973	"drain-rg"	5.419	1	1	3	1249.093	0.0	0.0	null	2222.691	0.085
0.4	0.057475	4312.5	2896.875	3412.5	NaN	NaN	NaN	0	0	0	0	1	0	0	0	0	0	0	0	0	0	0	0	0	0	0	0	1	0	0	0	1	5.0	0.105	0.389	NaN	NaN	0.25	0.864	NaN	NaN	7.5	30.24	NaN	NaN	0.0	"2.5"	"F0034"	0	0	"PR"	982.813	"drain-rg"	15.259	1	1	3	1249.093	0.0	0.0	null	2232.531	0.091
0.1	0.057475	4687.5	2531.25	3403.125	NaN	NaN	NaN	0	0	0	0	1	0	0	0	0	0	0	0	0	0	0	0	0	0	0	0	1	0	0	0	1	1.0	0.068	0.388	NaN	NaN	0.162	0.862	NaN	NaN	4.86	30.17	NaN	NaN	0.0	"2.5"	"F0034"	0	0	"PR"	992.852	"drain-rg"	25.298	1	1	3	1249.093	0.0	0.0	null	2242.57	0.087
0.6	0.05775	4125.0	2203.125	3431.25	NaN	NaN	NaN	0	0	0	0	1	0	0	0	0	0	0	0	0	0	0	0	0	0	0	0	1	0	0	0	1	7.0	0.035	0.391	NaN	NaN	0.083	0.869	NaN	NaN	2.49	30.415	NaN	NaN	0.0	"2.5"	"F0034"	0	0	"PR"	1002.884	"drain-rg"	35.33	1	1	3	1249.093	0.0	0.0	null	2252.602	0.09
-0.3	0.057475	4125.0	1809.375	3403.125	NaN	NaN	NaN	0	0	0	0	1	0	0	0	0	0	0	0	0	0	0	0	0	0	0	0	1	0	0	0	1	-4.0	-0.004	0.388	NaN	NaN	-0.01	0.862	NaN	NaN	-0.3	30.17	NaN	NaN	0.0	"2.5"	"F0034"	0	0	"PR"	1012.922	"drip-rg"	0.402	1	1	3	1249.093	0.0	0.0	null	2262.64	0.143
0.3	0.0572	3937.5	1087.5	3412.5	NaN	NaN	NaN	0	0	0	0	1	0	0	0	0	0	0	0	0	0	0	0	0	0	0	0	1	0	0	0	1	4.0	-0.076	0.389	NaN	NaN	-0.181	0.864	NaN	NaN	-5.43	30.24	NaN	NaN	0.0	"2.5"	"F0034"	0	0	"PR"	1022.959	"drip-rg"	10.439	1	1	3	1249.093	0.0	0.0	null	2272.677	0.089
0.0	0.05775	9937.5	1884.375	3346.875	NaN	NaN	NaN	0	0	1	0	0	1	0	0	0	0	0	0	1	0	0	0	0	0	0	0	1	0	0	0	1	0.0	0.003	0.383	NaN	NaN	0.007	0.851	NaN	NaN	0.21	29.785	NaN	NaN	0.0	"2.5"	"F0034"	0	0	"PR"	4.642	"fill-rg-di"	4.441	2	0	0	2277.494	0.0	0.0	null	2282.762	0.084
0.4	0.05775	9750.0	2006.25	3131.25	NaN	NaN	NaN	0	0	1	0	0	1	0	0	0	0	0	0	1	0	0	0	0	0	0	0	1	0	0	0	1	5.0	0.016	0.361	NaN	NaN	0.038	0.802	NaN	NaN	1.14	28.07	NaN	NaN	0.0	"2.5"	"F0034"	0	0	"PR"	14.477	"fill-rg-di"	14.276	2	0	0	2277.494	0.0	0.0	null	2292.597	0.091
-0.4	0.05665	11250.0	2296.875	2925.0	NaN	NaN	NaN	0	0	1	0	0	1	0	0	0	0	0	0	1	0	0	0	0	0	0	0	1	0	0	0	1	-5.0	0.045	0.34	NaN	NaN	0.107	0.756	NaN	NaN	3.21	26.46	NaN	NaN	0.0	"2.5"	"F0034"	0	0	"PR"	24.522	"fill-rg-di"	24.321	2	0	0	2277.494	0.0	0.0	null	2302.642	0.092
-0.2	0.055825	10875.0	2550.0	2746.875	NaN	NaN	NaN	0	0	1	0	0	1	0	0	0	0	0	0	1	0	0	0	0	0	0	0	1	0	0	0	1	-2.0	0.07	0.323	NaN	NaN	0.167	0.718	NaN	NaN	5.01	25.13	NaN	NaN	0.0	"2.5"	"F0034"	0	0	"PR"	34.558	"fill-rg-di"	34.357	2	0	0	2277.494	0.0	0.0	null	2312.678	0.091
-0.1	0.05445	10875.0	2803.125	2521.875	NaN	NaN	NaN	0	0	1	0	0	1	0	0	0	0	0	0	1	0	0	0	0	0	0	0	1	0	0	0	1	-1.0	0.095	0.3	NaN	NaN	0.226	0.667	NaN	NaN	6.78	23.345	NaN	NaN	0.0	"2.5"	"F0034"	0	0	"PR"	44.596	"fill-rg-di"	44.395	2	0	0	2277.494	0.0	0.0	null	2322.716	0.091
0.2	0.05225	11437.5	3046.875	2306.25	NaN	NaN	NaN	0	0	1	0	0	1	0	0	0	0	0	0	1	0	0	0	0	0	0	0	1	0	0	0	1	2.0	0.12	0.279	NaN	NaN	0.286	0.62	NaN	NaN	8.58	21.7	NaN	NaN	0.0	"2.5"	"F0034"	0	0	"PR"	54.633	"fill-rg-di"	54.432	2	0	0	2277.494	0.0	0.0	null	2332.753	0.091
0.4	0.051425	4500.0	3271.875	2165.625	NaN	NaN	NaN	1	0	0	0	0	0	0	0	0	0	0	0	0	1	0	0	0	0	0	0	1	0	0	0	1	5.0	0.142	0.265	NaN	NaN	0.338	0.589	NaN	NaN	10.14	20.615	NaN	NaN	0.0	"2.5"	"F0034"	0	0	"PR"	64.67	"fill-di"	1.204	2	0	0	2277.494	0.0	0.0	null	2342.79	0.087
0.1	0.05225	5250.0	3243.75	2446.875	NaN	NaN	NaN	1	0	0	0	0	0	0	0	0	0	0	0	0	1	0	0	0	0	0	0	1	0	0	0	1	1.0	0.139	0.293	NaN	NaN	0.331	0.651	NaN	NaN	9.93	22.785	NaN	NaN	0.0	"2.5"	"F0034"	0	0	"PR"	74.71	"fill-di"	11.244	2	0	0	2277.494	0.0	0.0	null	2352.83	0.093
0.4	0.051975	6562.5	3262.5	2746.875	NaN	NaN	NaN	1	0	0	0	0	0	0	0	0	0	0	0	0	1	0	0	0	0	0	0	1	0	0	0	1	5.0	0.141	0.323	NaN	NaN	0.336	0.718	NaN	NaN	10.08	25.13	NaN	NaN	0.0	"2.5"	"F0034"	0	0	"PR"	84.548	"fill-di"	21.082	2	0	0	2277.494	0.0	0.0	null	2362.668	0.086
0.6	0.051975	6562.5	3243.75	3028.125	NaN	NaN	NaN	1	0	0	0	0	0	0	0	0	0	0	0	0	1	0	0	0	0	0	0	1	0	0	0	1	7.0	0.139	0.351	NaN	NaN	0.331	0.78	NaN	NaN	9.93	27.3	NaN	NaN	0.0	"2.5"	"F0034"	0	0	"PR"	94.582	"fill-di"	31.116	2	0	0	2277.494	0.0	0.0	null	2372.702	0.087
-0.1	0.051975	7125.0	3262.5	3328.125	NaN	NaN	NaN	1	0	0	0	0	0	0	0	0	0	0	0	0	1	0	0	0	0	0	0	1	0	0	0	1	-1.0	0.141	0.381	NaN	NaN	0.336	0.847	NaN	NaN	10.08	29.645	NaN	NaN	0.0	"2.5"	"F0034"	0	0	"PR"	104.622	"fill-di"	41.156	2	0	0	2277.494	0.0	0.0	null	2382.742	0.093
-12.2	0.050325	17812.5	3262.5	3581.25	NaN	NaN	NaN	0	1	1	0	0	0	0	0	0	0	0	0	1	0	0	0	0	1	1	0	1	1	1	0	1	-146.0	0.141	0.406	NaN	NaN	0.336	0.902	NaN	NaN	10.08	31.57	NaN	NaN	0.0	"2.5"	"F0034"	1	0	"PR"	114.67	"deionize"	8.643	2	1	0	2277.494	0.0	0.0	null	2392.79	0.091
-12.1	0.04895	17250.0	3281.25	3571.875	NaN	NaN	NaN	0	1	1	0	0	0	0	0	0	0	0	0	1	0	0	0	0	1	1	0	1	1	1	0	1	-145.0	0.143	0.405	NaN	NaN	0.34	0.9	NaN	NaN	10.2	31.5	NaN	NaN	0.0	"2.5"	"F0034"	1	0	"PR"	124.713	"deionize"	18.686	2	1	0	2277.494	0.0	0.0	null	2402.833	0.093
-11.9	0.0473	17437.5	3253.125	3581.25	NaN	NaN	NaN	0	1	1	0	0	0	0	0	0	0	0	0	1	0	0	0	0	1	1	0	1	1	1	0	1	-143.0	0.14	0.406	NaN	NaN	0.333	0.902	NaN	NaN	9.99	31.57	NaN	NaN	0.0	"2.5"	"F0034"	1	0	"PR"	134.747	"deionize"	28.72	2	1	0	2277.494	0.0	0.0	null	2412.867	0.091
-12.2	0.045925	18187.5	3271.875	3590.625	NaN	NaN	NaN	0	1	1	0	0	0	0	0	0	0	0	0	1	0	0	0	0	1	1	0	1	1	1	0	1	-146.0	0.142	0.407	NaN	NaN	0.338	0.904	NaN	NaN	10.14	31.64	NaN	NaN	0.0	"2.5"	"F0034"	1	0	"PR"	144.786	"deionize"	38.759	2	1	0	2277.494	0.0	0.0	null	2422.906	0.091
-11.9	0.044	17062.5	3253.125	3543.75	NaN	NaN	NaN	0	1	1	0	0	0	0	0	0	0	0	0	1	0	0	0	0	1	1	0	1	1	1	0	1	-143.0	0.14	0.402	NaN	NaN	0.333	0.893	NaN	NaN	9.99	31.255	NaN	NaN	0.0	"2.5"	"F0034"	1	0	"PR"	154.622	"deionize"	48.595	2	1	0	2277.494	0.0	0.0	null	2432.742	0.088
-11.6	0.043175	15937.5	3253.125	3581.25	NaN	NaN	NaN	0	1	1	0	0	0	0	0	0	0	0	0	1	0	0	0	0	1	1	0	1	1	1	0	1	-139.0	0.14	0.406	NaN	NaN	0.333	0.902	NaN	NaN	9.99	31.57	NaN	NaN	0.0	"2.5"	"F0034"	1	0	"PR"	164.66	"deionize"	58.633	2	1	0	2277.494	0.0	0.0	null	2442.78	0.085
-12.2	0.0418	16687.5	3253.125	3553.125	NaN	NaN	NaN	0	1	1	0	0	0	0	0	0	0	0	0	1	0	0	0	0	1	1	0	1	1	1	0	1	-146.0	0.14	0.403	NaN	NaN	0.333	0.896	NaN	NaN	9.99	31.36	NaN	NaN	0.0	"2.5"	"F0034"	1	0	"PR"	174.701	"deionize"	68.674	2	1	0	2277.494	0.0	0.0	null	2452.821	0.088
-11.7	0.040975	17437.5	3262.5	3562.5	NaN	NaN	NaN	0	1	1	0	0	0	0	0	0	0	0	0	1	0	0	0	0	1	1	0	1	1	1	0	1	-140.0	0.141	0.404	NaN	NaN	0.336	0.898	NaN	NaN	10.08	31.43	NaN	NaN	0.0	"2.5"	"F0034"	1	0	"PR"	184.742	"deionize"	78.715	2	1	0	2277.494	0.0	0.0	null	2462.862	0.087
-11.5	0.040425	17437.5	3253.125	3600.0	NaN	NaN	NaN	0	1	1	0	0	0	0	0	0	0	0	0	1	0	0	0	0	1	1	0	1	1	1	0	1	-138.0	0.14	0.408	NaN	NaN	0.333	0.907	NaN	NaN	9.99	31.745	NaN	NaN	0.0	"2.5"	"F0034"	1	0	"PR"	194.776	"deionize"	88.749	2	1	0	2277.494	0.0	0.0	null	2472.896	0.087
-12.0	0.039875	16125.0	3262.5	3600.0	NaN	NaN	NaN	0	1	1	0	0	0	0	0	0	0	0	0	1	0	0	0	0	1	1	0	1	1	1	0	1	-144.0	0.141	0.408	NaN	NaN	0.336	0.907	NaN	NaN	10.08	31.745	NaN	NaN	0.0	"2.5"	"F0034"	1	0	"PR"	204.818	"deionize"	98.791	2	1	0	2277.494	0.0	0.0	null	2482.938	0.093
-12.2	0.039325	16687.5	3253.125	3600.0	NaN	NaN	NaN	0	1	1	0	0	0	0	0	0	0	0	0	1	0	0	0	0	1	1	0	1	1	1	0	1	-146.0	0.14	0.408	NaN	NaN	0.333	0.907	NaN	NaN	9.99	31.745	NaN	NaN	0.0	"2.5"	"F0034"	1	0	"PR"	214.857	"deionize"	108.83	2	1	0	2277.494	0.0	0.0	null	2492.977	0.091
-12.1	0.038775	16125.0	3253.125	3562.5	NaN	NaN	NaN	0	1	1	0	0	0	0	0	0	0	0	0	1	0	0	0	0	1	1	0	1	1	1	0	1	-145.0	0.14	0.404	NaN	NaN	0.333	0.898	NaN	NaN	9.99	31.43	NaN	NaN	0.0	"2.5"	"F0034"	1	0	"PR"	224.696	"deionize"	118.669	2	1	0	2277.494	0.0	0.0	null	2502.816	0.084
-12.0	0.03905	16875.0	3253.125	3562.5	NaN	NaN	NaN	0	1	1	0	0	0	0	0	0	0	0	0	1	0	0	0	0	1	1	0	1	1	1	0	1	-144.0	0.14	0.404	NaN	NaN	0.333	0.898	NaN	NaN	9.99	31.43	NaN	NaN	0.0	"2.5"	"F0034"	1	0	"PR"	234.736	"deionize"	128.709	2	1	0	2277.494	0.0	0.0	null	2512.856	0.084
-11.9	0.0385	16687.5	3262.5	3581.25	NaN	NaN	NaN	0	1	1	0	0	0	0	0	0	0	0	0	1	0	0	0	0	1	1	0	1	1	1	0	1	-143.0	0.141	0.406	NaN	NaN	0.336	0.902	NaN	NaN	10.08	31.57	NaN	NaN	0.0	"2.5"	"F0034"	1	0	"PR"	244.775	"deionize"	138.748	2	1	0	2277.494	0.0	0.0	null	2522.895	0.084
-11.3	0.037125	17062.5	3262.5	3665.625	NaN	NaN	NaN	0	1	1	0	0	0	0	0	0	0	0	0	1	0	0	0	0	1	1	0	1	1	1	0	1	-136.0	0.141	0.415	NaN	NaN	0.336	0.922	NaN	NaN	10.08	32.27	NaN	NaN	0.0	"2.5"	"F0034"	1	0	"PR"	254.813	"deionize"	148.786	2	1	0	2277.494	0.0	0.0	null	2532.933	0.089
-12.5	0.03685	19125.0	3253.125	3562.5	NaN	NaN	NaN	0	1	1	0	0	0	0	0	0	0	0	0	1	0	0	0	0	1	1	0	1	1	1	0	1	-150.0	0.14	0.404	NaN	NaN	0.333	0.898	NaN	NaN	9.99	31.43	NaN	NaN	0.0	"2.5"	"F0034"	1	0	"PR"	264.849	"deionize"	158.822	2	1	0	2277.494	0.0	0.0	null	2542.969	0.087
-11.7	0.03685	18562.5	3262.5	3609.375	NaN	NaN	NaN	0	1	1	0	0	0	0	0	0	0	0	0	1	0	0	0	0	1	1	0	1	1	1	0	1	-140.0	0.141	0.409	NaN	NaN	0.336	0.909	NaN	NaN	10.08	31.815	NaN	NaN	0.0	"2.5"	"F0034"	1	0	"PR"	274.888	"deionize"	168.861	2	1	0	2277.494	0.0	0.0	null	2553.008	0.087
-11.8	0.03575	18000.0	3262.5	3618.75	NaN	NaN	NaN	0	1	1	0	0	0	0	0	0	0	0	0	1	0	0	0	0	1	1	0	1	1	1	0	1	-142.0	0.141	0.41	NaN	NaN	0.336	0.911	NaN	NaN	10.08	31.885	NaN	NaN	0.0	"2.5"	"F0034"	1	0	"PR"	284.929	"deionize"	178.902	2	1	0	2277.494	0.0	0.0	null	2563.049	0.088
-11.3	0.03465	17062.5	3271.875	3609.375	NaN	NaN	NaN	0	1	1	0	0	0	0	0	0	0	0	0	1	0	0	0	0	1	1	0	1	1	1	0	1	-136.0	0.142	0.409	NaN	NaN	0.338	0.909	NaN	NaN	10.14	31.815	NaN	NaN	0.0	"2.5"	"F0034"	1	0	"PR"	294.971	"deionize"	188.944	2	1	0	2277.494	0.0	0.0	null	2573.091	0.087
-11.3	0.03465	17437.5	3262.5	3600.0	NaN	NaN	NaN	0	1	1	0	0	0	0	0	0	0	0	0	1	0	0	0	0	1	1	0	1	1	1	0	1	-136.0	0.141	0.408	NaN	NaN	0.336	0.907	NaN	NaN	10.08	31.745	NaN	NaN	0.0	"2.5"	"F0034"	1	0	"PR"	304.812	"deionize"	198.785	2	1	0	2277.494	0.0	0.0	null	2582.932	0.089
-9.3	0.0341	17062.5	3253.125	3590.625	NaN	NaN	NaN	0	1	1	0	0	0	0	0	0	0	0	0	1	0	0	0	0	1	1	0	1	1	1	0	1	-112.0	0.14	0.407	NaN	NaN	0.333	0.904	NaN	NaN	9.99	31.64	NaN	NaN	0.0	"2.5"	"F0034"	1	0	"PR"	314.852	"deionize"	208.825	2	1	0	2277.494	0.0	0.0	null	2592.972	0.084
-10.0	0.03355	17812.5	3262.5	3571.875	NaN	NaN	NaN	0	1	1	0	0	0	0	0	0	0	0	0	1	0	0	0	0	1	1	0	1	1	1	0	1	-120.0	0.141	0.405	NaN	NaN	0.336	0.9	NaN	NaN	10.08	31.5	NaN	NaN	0.0	"2.5"	"F0034"	1	0	"PR"	324.892	"deionize"	218.865	2	1	0	2277.494	0.0	0.0	null	2603.012	0.084
-10.6	0.03245	17062.5	3262.5	3600.0	NaN	NaN	NaN	0	1	1	0	0	0	0	0	0	0	0	0	1	0	0	0	0	1	1	0	1	1	1	0	1	-127.0	0.141	0.408	NaN	NaN	0.336	0.907	NaN	NaN	10.08	31.745	NaN	NaN	0.0	"2.5"	"F0034"	1	0	"PR"	334.933	"deionize"	228.906	2	1	0	2277.494	0.0	0.0	null	2613.053	0.084
-9.9	0.0319	17437.5	3243.75	3600.0	NaN	NaN	NaN	0	1	1	0	0	0	0	0	0	0	0	0	1	0	0	0	0	1	1	0	1	1	1	0	1	-119.0	0.139	0.408	NaN	NaN	0.331	0.907	NaN	NaN	9.93	31.745	NaN	NaN	0.0	"2.5"	"F0034"	1	0	"PR"	344.969	"deionize"	238.942	2	1	0	2277.494	0.0	0.0	null	2623.089	0.084
-10.0	0.032175	18187.5	3271.875	3637.5	NaN	NaN	NaN	0	1	1	0	0	0	0	0	0	0	0	0	1	0	0	0	0	1	1	0	1	1	1	0	1	-120.0	0.142	0.412	NaN	NaN	0.338	0.916	NaN	NaN	10.14	32.06	NaN	NaN	0.0	"2.5"	"F0034"	1	0	"PR"	355.009	"deionize"	248.982	2	1	0	2277.494	0.0	0.0	null	2633.129	0.085
-9.5	0.031625	18562.5	3253.125	3543.75	NaN	NaN	NaN	0	1	1	0	0	0	0	0	0	0	0	0	1	0	0	0	0	1	1	0	1	1	1	0	1	-114.0	0.14	0.402	NaN	NaN	0.333	0.893	NaN	NaN	9.99	31.255	NaN	NaN	0.0	"2.5"	"F0034"	1	0	"PR"	365.047	"deionize"	259.02	2	1	0	2277.494	0.0	0.0	null	2643.167	0.087
-9.5	0.03135	17812.5	3253.125	3600.0	NaN	NaN	NaN	0	1	1	0	0	0	0	0	0	0	0	0	1	0	0	0	0	1	1	0	1	1	1	0	1	-114.0	0.14	0.408	NaN	NaN	0.333	0.907	NaN	NaN	9.99	31.745	NaN	NaN	0.0	"2.5"	"F0034"	1	0	"PR"	374.884	"deionize"	268.857	2	1	0	2277.494	0.0	0.0	null	2653.004	0.084
-9.2	0.03025	17625.0	3262.5	3562.5	NaN	NaN	NaN	0	1	1	0	0	0	0	0	0	0	0	0	1	0	0	0	0	1	1	0	1	1	1	0	1	-110.0	0.141	0.404	NaN	NaN	0.336	0.898	NaN	NaN	10.08	31.43	NaN	NaN	0.0	"2.5"	"F0034"	1	0	"PR"	384.922	"deionize"	278.895	2	1	0	2277.494	0.0	0.0	null	2663.042	0.089
-8.4	0.029975	15187.5	3271.875	3600.0	NaN	NaN	NaN	0	1	1	0	0	0	0	0	0	0	0	0	1	0	0	0	0	1	1	0	1	1	1	0	1	-101.0	0.142	0.408	NaN	NaN	0.338	0.907	NaN	NaN	10.14	31.745	NaN	NaN	0.0	"2.5"	"F0034"	1	0	"PR"	394.958	"deionize"	288.931	2	1	0	2277.494	0.0	0.0	null	2673.078	0.084
-9.1	0.029975	15937.5	3262.5	3590.625	NaN	NaN	NaN	0	1	1	0	0	0	0	0	0	0	0	0	1	0	0	0	0	1	1	0	1	1	1	0	1	-109.0	0.141	0.407	NaN	NaN	0.336	0.904	NaN	NaN	10.08	31.64	NaN	NaN	0.0	"2.5"	"F0034"	1	0	"PR"	404.999	"deionize"	298.972	2	1	0	2277.494	0.0	0.0	null	2683.119	0.087
-9.0	0.0297	15187.5	3262.5	3562.5	NaN	NaN	NaN	0	1	1	0	0	0	0	0	0	0	0	0	1	0	0	0	0	1	1	0	1	1	1	0	1	-108.0	0.141	0.404	NaN	NaN	0.336	0.898	NaN	NaN	10.08	31.43	NaN	NaN	0.0	"2.5"	"F0034"	1	0	"PR"	415.039	"deionize"	309.012	2	1	0	2277.494	0.0	0.0	null	2693.159	0.087
-8.6	0.02915	17062.5	3253.125	3571.875	NaN	NaN	NaN	0	1	1	0	0	0	0	0	0	0	0	0	1	0	0	0	0	1	1	0	1	1	1	0	1	-103.0	0.14	0.405	NaN	NaN	0.333	0.9	NaN	NaN	9.99	31.5	NaN	NaN	0.0	"2.5"	"F0034"	1	0	"PR"	425.077	"deionize"	319.05	2	1	0	2277.494	0.0	0.0	null	2703.197	0.087
-8.1	0.02915	17062.5	3262.5	3581.25	NaN	NaN	NaN	0	1	1	0	0	0	0	0	0	0	0	0	1	0	0	0	0	1	1	0	1	1	1	0	1	-97.0	0.141	0.406	NaN	NaN	0.336	0.902	NaN	NaN	10.08	31.57	NaN	NaN	0.0	"2.5"	"F0034"	1	0	"PR"	435.116	"deionize"	329.089	2	1	0	2277.494	0.0	0.0	null	2713.236	0.086
-8.4	0.02915	17625.0	3253.125	3600.0	NaN	NaN	NaN	0	1	1	0	0	0	0	0	0	0	0	0	1	0	0	0	0	1	1	0	1	1	1	0	1	-101.0	0.14	0.408	NaN	NaN	0.333	0.907	NaN	NaN	9.99	31.745	NaN	NaN	0.0	"2.5"	"F0034"	1	0	"PR"	444.953	"deionize"	338.926	2	1	0	2277.494	0.0	0.0	null	2723.073	0.091
-8.5	0.028875	17062.5	3262.5	3571.875	NaN	NaN	NaN	0	1	1	0	0	0	0	0	0	0	0	0	1	0	0	0	0	1	1	0	1	1	1	0	1	-102.0	0.141	0.405	NaN	NaN	0.336	0.9	NaN	NaN	10.08	31.5	NaN	NaN	0.0	"2.5"	"F0034"	1	0	"PR"	454.994	"deionize"	348.967	2	1	0	2277.494	0.0	0.0	null	2733.114	0.091
-7.8	0.028325	17625.0	3262.5	3628.125	NaN	NaN	NaN	0	1	1	0	0	0	0	0	0	0	0	0	1	0	0	0	0	1	1	0	1	1	1	0	1	-94.0	0.141	0.411	NaN	NaN	0.336	0.913	NaN	NaN	10.08	31.955	NaN	NaN	0.0	"2.5"	"F0034"	1	0	"PR"	465.034	"deionize"	359.007	2	1	0	2277.494	0.0	0.0	null	2743.154	0.087
-8.0	0.0286	16312.5	3290.625	3590.625	NaN	NaN	NaN	0	1	1	0	0	0	0	0	0	0	0	0	1	0	0	0	1	1	1	0	1	1	1	0	1	-96.0	0.144	0.407	NaN	NaN	0.343	0.904	NaN	NaN	10.29	31.64	NaN	NaN	0.0	"2.5"	"F0034"	1	0	"PR"	475.176	"deionize-uv"	9.137	2	1	0	2277.494	0.0	0.0	null	2753.296	0.084
-7.7	0.027775	16875.0	3262.5	3600.0	NaN	NaN	NaN	0	1	1	0	0	0	0	0	0	0	0	0	1	0	0	0	1	1	1	0	1	1	1	0	1	-92.0	0.141	0.408	NaN	NaN	0.336	0.907	NaN	NaN	10.08	31.745	NaN	NaN	0.0	"2.5"	"F0034"	1	0	"PR"	485.011	"deionize-uv"	18.972	2	1	0	2277.494	0.0	0.0	null	2763.131	0.09
-8.2	0.0275	17625.0	3234.375	3609.375	NaN	NaN	NaN	0	1	1	0	0	0	0	0	0	0	0	0	1	0	0	0	1	1	1	0	1	1	1	0	1	-98.0	0.138	0.409	NaN	NaN	0.329	0.909	NaN	NaN	9.87	31.815	NaN	NaN	0.0	"2.5"	"F0034"	1	0	"PR"	495.05	"deionize-uv"	29.011	2	1	0	2277.494	0.0	0.0	null	2773.17	0.09
-7.8	0.0275	17812.5	3271.875	3618.75	NaN	NaN	NaN	0	1	1	0	0	0	0	0	0	0	0	0	1	0	0	0	1	1	1	0	1	1	1	0	1	-94.0	0.142	0.41	NaN	NaN	0.338	0.911	NaN	NaN	10.14	31.885	NaN	NaN	0.0	"2.5"	"F0034"	1	0	"PR"	505.089	"deionize-uv"	39.05	2	1	0	2277.494	0.0	0.0	null	2783.209	0.09
-7.8	0.02695	18187.5	3262.5	3618.75	NaN	NaN	NaN	0	1	1	0	0	0	0	0	0	0	0	0	1	0	0	0	1	1	1	0	1	1	1	0	1	-94.0	0.141	0.41	NaN	NaN	0.336	0.911	NaN	NaN	10.08	31.885	NaN	NaN	0.0	"2.5"	"F0034"	1	0	"PR"	515.128	"deionize-uv"	49.089	2	1	0	2277.494	0.0	0.0	null	2793.248	0.087
-7.9	0.026675	18187.5	3225.0	3562.5	NaN	NaN	NaN	0	1	1	0	0	0	0	0	0	0	0	0	1	0	0	0	1	1	1	0	1	1	1	0	1	-95.0	0.138	0.404	NaN	NaN	0.329	0.898	NaN	NaN	9.87	31.43	NaN	NaN	0.0	"2.5"	"F0034"	1	0	"PR"	525.162	"deionize-uv"	59.123	2	1	0	2277.494	0.0	0.0	null	2803.282	0.084
-7.8	0.02585	37125.0	3253.125	3215.625	NaN	NaN	NaN	0	0	1	0	0	0	0	1	0	0	0	0	1	0	0	0	1	1	1	0	1	1	1	0	1	-94.0	0.14	0.37	NaN	NaN	0.333	0.822	NaN	NaN	9.99	28.77	NaN	NaN	0.0	"2.5"	"F0034"	1	0	"PR"	535.131	"drain-di-1"	8.966	2	1	0	2277.494	0.0	0.0	null	2813.251	0.088
-7.3	0.02695	48187.5	3281.25	3056.25	NaN	NaN	NaN	0	0	1	0	0	0	0	1	0	0	0	0	1	0	0	0	1	1	1	0	1	1	1	0	1	-88.0	0.143	0.354	NaN	NaN	0.34	0.787	NaN	NaN	10.2	27.545	NaN	NaN	0.0	"2.5"	"F0034"	1	0	"PR"	545.167	"drain-di-1"	19.002	2	1	0	2277.494	0.0	0.0	null	2823.287	0.091
-7.4	0.02695	56062.5	3253.125	2906.25	NaN	NaN	NaN	0	0	1	0	0	0	0	1	0	0	0	0	1	0	0	0	1	1	1	0	1	1	1	0	1	-89.0	0.14	0.339	NaN	NaN	0.333	0.753	NaN	NaN	9.99	26.355	NaN	NaN	0.0	"2.5"	"F0034"	1	0	"PR"	555.211	"drain-di-1"	29.046	2	1	0	2277.494	0.0	0.0	null	2833.331	0.089
-7.2	0.0264	61125.0	3253.125	2784.375	NaN	NaN	NaN	0	0	1	0	0	0	0	1	0	0	0	0	1	0	0	0	1	1	1	0	1	1	1	0	1	-86.0	0.14	0.326	NaN	NaN	0.333	0.724	NaN	NaN	9.99	25.34	NaN	NaN	0.0	"2.5"	"F0034"	1	0	"PR"	565.251	"drain-di-1"	39.086	2	1	0	2277.494	0.0	0.0	null	2843.371	0.084
-7.0	0.025575	60937.5	3253.125	2653.125	NaN	NaN	NaN	0	0	1	0	0	0	0	1	0	0	0	0	1	0	0	0	1	1	1	0	1	1	1	0	1	-84.0	0.14	0.313	NaN	NaN	0.333	0.696	NaN	NaN	9.99	24.36	NaN	NaN	0.0	"2.5"	"F0034"	1	0	"PR"	575.288	"drain-di-1"	49.123	2	1	0	2277.494	0.0	0.0	null	2853.408	0.084
-7.0	0.025025	59250.0	3262.5	2521.875	NaN	NaN	NaN	0	0	1	0	0	0	0	1	0	0	0	0	1	0	0	0	1	1	1	0	1	1	1	0	1	-84.0	0.141	0.3	NaN	NaN	0.336	0.667	NaN	NaN	10.08	23.345	NaN	NaN	0.0	"2.5"	"F0034"	1	0	"PR"	585.13	"drain-di-1"	58.965	2	1	0	2277.494	0.0	0.0	null	2863.25	0.092
-7.3	0.0253	59062.5	3253.125	2390.625	NaN	NaN	NaN	0	0	1	0	0	0	0	1	0	0	0	0	1	0	0	0	1	1	1	0	1	1	1	0	1	-88.0	0.14	0.287	NaN	NaN	0.333	0.638	NaN	NaN	9.99	22.33	NaN	NaN	0.0	"2.5"	"F0034"	1	0	"PR"	595.167	"drain-di-1"	69.002	2	1	0	2277.494	0.0	0.0	null	2873.287	0.091
-6.4	0.024475	58500.0	3253.125	2268.75	NaN	NaN	NaN	0	0	1	0	0	0	0	1	0	0	0	0	1	0	0	0	1	1	1	0	1	1	1	0	1	-77.0	0.14	0.275	NaN	NaN	0.333	0.611	NaN	NaN	9.99	21.385	NaN	NaN	0.0	"2.5"	"F0034"	1	0	"PR"	605.209	"drain-di-1"	79.044	2	1	0	2277.494	0.0	0.0	null	2883.329	0.092
-6.4	0.02475	58687.5	3271.875	2146.875	NaN	NaN	NaN	0	0	1	0	0	0	0	1	0	0	0	0	1	0	0	0	1	1	1	0	1	1	1	0	1	-77.0	0.142	0.263	NaN	NaN	0.338	0.584	NaN	NaN	10.14	20.44	NaN	NaN	0.0	"2.5"	"F0034"	1	0	"PR"	615.248	"drain-di-1"	89.083	2	1	0	2277.494	0.0	0.0	null	2893.368	0.091
-6.7	0.024475	57187.5	3243.75	2006.25	NaN	NaN	NaN	0	0	1	0	0	0	0	1	0	0	0	0	1	0	0	0	1	1	1	0	1	1	1	0	1	-80.0	0.139	0.249	NaN	NaN	0.331	0.553	NaN	NaN	9.93	19.355	NaN	NaN	0.0	"2.5"	"F0034"	1	0	"PR"	625.289	"drain-di-1"	99.124	2	1	0	2277.494	0.0	0.0	null	2903.409	0.091
-6.1	0.0242	57187.5	3253.125	1875.0	NaN	NaN	NaN	0	0	1	0	0	0	0	1	0	0	0	0	1	0	0	0	1	1	1	0	1	1	1	0	1	-73.0	0.14	0.235	NaN	NaN	0.333	0.522	NaN	NaN	9.99	18.27	NaN	NaN	0.0	"2.5"	"F0034"	1	0	"PR"	635.33	"drain-di-1"	109.165	2	1	0	2277.494	0.0	0.0	null	2913.45	0.091
-8.3	0.0242	57937.5	3262.5	1734.375	NaN	NaN	NaN	0	0	1	0	0	0	0	1	0	0	0	0	1	0	0	0	1	1	1	0	1	1	1	0	1	-100.0	0.141	0.221	NaN	NaN	0.336	0.491	NaN	NaN	10.08	17.185	NaN	NaN	0.0	"2.5"	"F0034"	1	0	"PR"	645.367	"drain-di-1"	119.202	2	1	0	2277.494	0.0	0.0	null	2923.487	0.091
-7.1	0.023375	57187.5	3253.125	1593.75	NaN	NaN	NaN	0	0	1	0	0	0	0	1	0	0	0	0	1	0	0	0	1	1	1	0	1	1	1	0	1	-85.0	0.14	0.207	NaN	NaN	0.333	0.46	NaN	NaN	9.99	16.1	NaN	NaN	0.0	"2.5"	"F0034"	1	0	"PR"	655.207	"drain-di-1"	129.042	2	1	0	2277.494	0.0	0.0	null	2933.327	0.093
-6.2	0.023375	56437.5	3262.5	1462.5	NaN	NaN	NaN	0	0	1	0	0	0	0	1	0	0	0	0	1	0	0	0	1	1	1	0	1	1	1	0	1	-74.0	0.141	0.194	NaN	NaN	0.336	0.431	NaN	NaN	10.08	15.085	NaN	NaN	0.0	"2.5"	"F0034"	1	0	"PR"	665.241	"drain-di-1"	139.076	2	1	0	2277.494	0.0	0.0	null	2943.361	0.091
-4.9	0.02365	54000.0	3271.875	1340.625	NaN	NaN	NaN	0	0	1	0	0	0	0	1	0	0	0	0	1	0	0	0	1	1	1	0	1	1	1	0	1	-59.0	0.142	0.182	NaN	NaN	0.338	0.404	NaN	NaN	10.14	14.14	NaN	NaN	0.0	"2.5"	"F0034"	1	0	"PR"	675.277	"drain-di-1"	149.112	2	1	0	2277.494	0.0	0.0	null	2953.397	0.091
-6.4	0.02365	55125.0	3253.125	1162.5	NaN	NaN	NaN	0	0	1	0	0	0	0	1	0	0	0	0	1	0	0	0	1	1	1	0	1	1	1	0	1	-77.0	0.14	0.164	NaN	NaN	0.333	0.364	NaN	NaN	9.99	12.74	NaN	NaN	0.0	"2.5"	"F0034"	1	0	"PR"	685.317	"drain-di-1"	159.152	2	1	0	2277.494	0.0	0.0	null	2963.437	0.094
-6.3	0.02365	55500.0	3262.5	1068.75	NaN	NaN	NaN	0	0	1	0	0	0	0	1	0	0	0	0	1	0	0	0	1	1	1	0	1	1	1	0	1	-76.0	0.141	0.155	NaN	NaN	0.336	0.344	NaN	NaN	10.08	12.04	NaN	NaN	0.0	"2.5"	"F0034"	1	0	"PR"	695.355	"drain-di-1"	169.19	2	1	0	2277.494	0.0	0.0	null	2973.475	0.091
-6.4	0.02365	56250.0	3253.125	928.125	NaN	NaN	NaN	0	0	1	0	0	0	0	1	0	0	0	0	1	0	0	0	1	1	1	0	1	1	1	0	1	-77.0	0.14	0.141	NaN	NaN	0.333	0.313	NaN	NaN	9.99	10.955	NaN	NaN	0.0	"2.5"	"F0034"	1	0	"PR"	705.394	"drain-di-1"	179.229	2	1	0	2277.494	0.0	0.0	null	2983.514	0.091
-5.2	0.02365	54375.0	3253.125	796.875	NaN	NaN	NaN	0	0	1	0	0	0	0	1	0	0	0	0	1	0	0	0	1	1	1	0	1	1	1	0	1	-62.0	0.14	0.128	NaN	NaN	0.333	0.284	NaN	NaN	9.99	9.94	NaN	NaN	0.0	"2.5"	"F0034"	1	0	"PR"	715.437	"drain-di-1"	189.272	2	1	0	2277.494	0.0	0.0	null	2993.557	0.088
-6.3	0.023375	55875.0	3271.875	656.25	NaN	NaN	NaN	0	0	1	0	0	0	0	1	0	0	0	0	1	0	0	0	1	1	1	0	1	1	1	0	1	-76.0	0.142	0.114	NaN	NaN	0.338	0.253	NaN	NaN	10.14	8.855	NaN	NaN	0.0	"2.5"	"F0034"	1	0	"PR"	725.276	"drain-di-1"	199.111	2	1	0	2277.494	0.0	0.0	null	3003.396	0.087
-5.5	0.023925	55312.5	3253.125	525.0	NaN	NaN	NaN	0	0	1	0	0	0	0	1	0	0	0	0	1	0	0	0	1	1	1	0	1	1	1	0	1	-66.0	0.14	0.101	NaN	NaN	0.333	0.224	NaN	NaN	9.99	7.84	NaN	NaN	0.0	"2.5"	"F0034"	1	0	"PR"	735.315	"drain-di-1"	209.15	2	1	0	2277.494	0.0	0.0	null	3013.435	0.09
-7.0	0.023375	54562.5	3253.125	403.125	NaN	NaN	NaN	0	0	1	0	0	0	0	1	0	0	0	0	1	0	0	0	1	1	1	0	1	1	1	0	1	-84.0	0.14	0.088	NaN	NaN	0.333	0.196	NaN	NaN	9.99	6.86	NaN	NaN	0.0	"2.5"	"F0034"	1	0	"PR"	745.355	"drain-di-1"	219.19	2	1	0	2277.494	0.0	0.0	null	3023.475	0.086
-6.8	0.023375	55687.5	3271.875	271.875	NaN	NaN	NaN	0	0	1	0	0	0	0	1	0	0	0	0	1	0	0	0	1	1	1	0	1	1	1	0	1	-82.0	0.142	0.075	NaN	NaN	0.338	0.167	NaN	NaN	10.14	5.845	NaN	NaN	0.0	"2.5"	"F0034"	1	0	"PR"	755.396	"drain-di-1"	229.231	2	1	0	2277.494	0.0	0.0	null	3033.516	0.091
-5.7	0.024475	56812.5	3253.125	93.75	NaN	NaN	NaN	0	0	1	0	0	0	0	1	0	0	0	0	1	0	0	0	1	1	1	0	1	1	1	0	1	-68.0	0.14	0.057	NaN	NaN	0.333	0.127	NaN	NaN	9.99	4.445	NaN	NaN	0.0	"2.5"	"F0034"	1	0	"PR"	765.347	"drip-di-1"	3.526	2	1	0	2277.494	0.0	0.0	null	3043.467	0.087
-6.2	0.024475	56437.5	3262.5	-56.25	NaN	NaN	NaN	0	0	1	0	0	0	0	1	0	0	0	0	1	0	0	0	1	1	1	0	1	1	1	0	1	-74.0	0.141	0.042	NaN	NaN	0.336	0.093	NaN	NaN	10.08	3.255	NaN	NaN	0.0	"2.5"	"F0034"	1	0	"PR"	775.386	"drip-di-1"	13.565	2	1	0	2277.494	0.0	0.0	null	3053.506	0.088
12.0	0.024475	21000.0	3281.25	93.75	NaN	NaN	NaN	1	0	0	0	0	1	1	0	0	0	0	0	1	1	0	0	0	1	1	1	0	1	1	1	0	144.0	0.143	0.057	NaN	NaN	0.34	0.127	NaN	NaN	10.2	4.445	NaN	NaN	0.0	"2.5"	"F0034"	1	1	"PR"	785.39	"reverse-f"	5.384	2	1	0	2277.494	0.0	0.0	null	3063.51	0.087
12.3	0.0253	17625.0	3496.875	431.25	NaN	NaN	NaN	1	0	0	0	0	1	1	0	0	0	0	0	1	1	0	0	0	1	1	1	0	1	1	1	0	148.0	0.165	0.091	NaN	NaN	0.393	0.202	NaN	NaN	11.79	7.07	NaN	NaN	0.0	"2.5"	"F0034"	1	1	"PR"	795.43	"reverse-f"	15.424	2	1	0	2277.494	0.0	0.0	null	3073.55	0.085
12.7	0.027775	14625.0	3590.625	703.125	NaN	NaN	NaN	1	0	0	0	0	1	1	0	0	0	0	0	1	1	0	0	0	1	1	1	0	1	1	1	0	152.0	0.174	0.118	NaN	NaN	0.414	0.262	NaN	NaN	12.42	9.17	NaN	NaN	0.0	"2.5"	"F0034"	1	1	"PR"	805.468	"reverse-f"	25.462	2	1	0	2277.494	0.0	0.0	null	3083.588	0.086
12.6	0.03245	14437.5	3609.375	1021.875	NaN	NaN	NaN	1	0	0	0	0	1	1	0	0	0	0	0	1	1	0	0	0	1	1	1	0	1	1	1	0	151.0	0.176	0.15	NaN	NaN	0.419	0.333	NaN	NaN	12.57	11.655	NaN	NaN	0.0	"2.5"	"F0034"	1	1	"PR"	815.504	"reverse-f"	35.498	2	1	0	2277.494	0.0	0.0	null	3093.624	0.092
12.6	0.036575	12937.5	3618.75	1303.125	NaN	NaN	NaN	1	0	0	0	0	1	1	0	0	0	0	0	1	1	0	0	0	1	1	1	0	1	1	1	0	151.0	0.177	0.178	NaN	NaN	0.421	0.396	NaN	NaN	12.63	13.86	NaN	NaN	0.0	"2.5"	"F0034"	1	1	"PR"	825.544	"reverse-f"	45.538	2	1	0	2277.494	0.0	0.0	null	3103.664	0.087
12.5	0.04235	11625.0	3675.0	1603.125	NaN	NaN	NaN	1	0	0	0	0	1	1	0	0	0	0	0	1	1	0	0	0	1	1	1	0	1	1	1	0	150.0	0.182	0.208	NaN	NaN	0.433	0.462	NaN	NaN	12.99	16.17	NaN	NaN	0.0	"2.5"	"F0034"	1	1	"PR"	835.579	"reverse-f"	55.573	2	1	0	2277.494	0.0	0.0	null	3113.699	0.087
12.3	0.046475	11250.0	3693.75	1912.5	NaN	NaN	NaN	1	0	0	0	0	1	1	0	0	0	0	0	1	1	0	0	0	1	1	1	0	1	1	1	0	148.0	0.184	0.239	NaN	NaN	0.438	0.531	NaN	NaN	13.14	18.585	NaN	NaN	0.0	"2.5"	"F0034"	1	1	"PR"	845.417	"reverse-f"	65.411	2	1	0	2277.494	0.0	0.0	null	3123.537	0.086
13.1	0.049775	12000.0	3712.5	2221.875	NaN	NaN	NaN	1	0	0	0	0	1	1	0	0	0	0	0	1	1	0	0	0	1	1	1	0	1	1	1	0	157.0	0.186	0.27	NaN	NaN	0.443	0.6	NaN	NaN	13.29	21.0	NaN	NaN	0.0	"2.5"	"F0034"	1	1	"PR"	855.455	"reverse-f"	75.449	2	1	0	2277.494	0.0	0.0	null	3133.575	0.084
12.4	0.053075	12000.0	3675.0	2503.125	NaN	NaN	NaN	1	0	0	0	0	1	1	0	0	0	0	0	1	1	0	0	0	1	1	1	0	1	1	1	0	149.0	0.182	0.298	NaN	NaN	0.433	0.662	NaN	NaN	12.99	23.17	NaN	NaN	0.0	"2.5"	"F0034"	1	1	"PR"	865.491	"reverse-f"	85.485	2	1	0	2277.494	0.0	0.0	null	3143.611	0.087
12.5	0.055275	13687.5	3721.875	2821.875	NaN	NaN	NaN	1	0	0	0	0	1	1	0	0	0	0	0	1	1	0	0	0	1	1	1	0	1	1	1	0	150.0	0.187	0.33	NaN	NaN	0.445	0.733	NaN	NaN	13.35	25.655	NaN	NaN	0.0	"2.5"	"F0034"	1	1	"PR"	875.529	"reverse-f"	95.523	2	1	0	2277.494	0.0	0.0	null	3153.649	0.088
12.9	0.05665	13125.0	3703.125	3121.875	NaN	NaN	NaN	1	0	0	0	0	1	1	0	0	0	0	0	1	1	0	0	0	1	1	1	0	1	1	1	0	155.0	0.185	0.36	NaN	NaN	0.44	0.8	NaN	NaN	13.2	28.0	NaN	NaN	0.0	"2.5"	"F0034"	1	1	"PR"	885.563	"reverse-f"	105.557	2	1	0	2277.494	0.0	0.0	null	3163.683	0.084
12.6	0.056925	12000.0	3731.25	3384.375	NaN	NaN	NaN	0	0	0	0	0	1	1	0	0	0	0	0	1	0	0	0	0	1	1	1	0	1	1	1	0	151.0	0.188	0.386	NaN	NaN	0.448	0.858	NaN	NaN	13.44	30.03	NaN	NaN	0.0	"2.5"	"F0034"	1	1	"PR"	895.512	"reverse"	115.506	2	1	0	2277.494	0.0	0.0	null	3173.632	0.088
12.5	0.05665	13687.5	3759.375	3365.625	NaN	NaN	NaN	0	0	0	0	0	1	1	0	0	0	0	0	1	0	0	0	0	1	1	1	0	1	1	1	0	150.0	0.191	0.385	NaN	NaN	0.455	0.856	NaN	NaN	13.65	29.96	NaN	NaN	0.0	"2.5"	"F0034"	1	1	"PR"	905.547	"reverse"	125.541	2	1	0	2277.494	0.0	0.0	null	3183.667	0.084
12.6	0.057475	13125.0	3731.25	3375.0	NaN	NaN	NaN	0	0	0	0	0	1	1	0	0	0	0	0	1	0	0	0	0	1	1	1	0	1	1	1	0	151.0	0.188	0.386	NaN	NaN	0.448	0.858	NaN	NaN	13.44	30.03	NaN	NaN	0.0	"2.5"	"F0034"	1	1	"PR"	915.583	"reverse"	135.577	2	1	0	2277.494	0.0	0.0	null	3193.703	0.084
13.3	0.05665	12562.5	3759.375	3365.625	NaN	NaN	NaN	0	0	0	0	0	1	1	0	0	0	0	0	1	0	0	0	0	1	1	1	0	1	1	1	0	160.0	0.191	0.385	NaN	NaN	0.455	0.856	NaN	NaN	13.65	29.96	NaN	NaN	0.0	"2.5"	"F0034"	1	1	"PR"	925.622	"reverse"	145.616	2	1	0	2277.494	0.0	0.0	null	3203.742	0.089
4.3	0.05665	7500.0	3853.125	3384.375	NaN	NaN	NaN	0	0	0	0	0	0	0	0	0	0	0	0	0	0	0	0	0	0	0	0	1	0	0	0	1	52.0	0.2	0.386	NaN	NaN	0.476	0.858	NaN	NaN	14.28	30.03	NaN	NaN	0.0	"2.5"	"F0034"	0	0	"PR"	935.544	"diffuse"	5.507	2	1	1	2277.494	0.0	0.0	null	3213.664	0.084
4.3	0.0572	7500.0	3862.5	3384.375	NaN	NaN	NaN	0	0	0	0	0	0	0	0	0	0	0	0	0	0	0	0	0	0	0	0	1	0	0	0	1	52.0	0.201	0.386	NaN	NaN	0.479	0.858	NaN	NaN	14.37	30.03	NaN	NaN	0.0	"2.5"	"F0034"	0	0	"PR"	945.577	"diffuse"	15.54	2	1	1	2277.494	0.0	0.0	null	3223.697	0.084
4.6	0.0572	8625.0	3825.0	3375.0	NaN	NaN	NaN	0	0	0	0	0	0	0	0	0	0	0	0	0	0	0	0	0	0	0	0	1	0	0	0	1	55.0	0.198	0.386	NaN	NaN	0.471	0.858	NaN	NaN	14.13	30.03	NaN	NaN	0.0	"2.5"	"F0034"	0	0	"PR"	955.615	"diffuse"	25.578	2	1	1	2277.494	0.0	0.0	null	3233.735	0.085
4.3	0.0572	9375.0	3853.125	3393.75	NaN	NaN	NaN	0	0	0	0	0	0	0	0	0	0	0	0	0	0	0	0	0	0	0	0	1	0	0	0	1	52.0	0.2	0.387	NaN	NaN	0.476	0.86	NaN	NaN	14.28	30.1	NaN	NaN	0.0	"2.5"	"F0034"	0	0	"PR"	965.653	"diffuse"	35.616	2	1	1	2277.494	0.0	0.0	null	3243.773	0.087
4.8	0.05665	11625.0	3862.5	3412.5	NaN	NaN	NaN	0	0	0	0	0	0	0	0	0	0	0	0	0	0	0	0	0	0	0	0	1	0	0	0	1	58.0	0.201	0.389	NaN	NaN	0.479	0.864	NaN	NaN	14.37	30.24	NaN	NaN	0.0	"2.5"	"F0034"	0	0	"PR"	975.687	"diffuse"	45.65	2	1	1	2277.494	0.0	0.0	null	3253.807	0.084
4.1	0.056925	10687.5	3853.125	3384.375	NaN	NaN	NaN	0	0	0	0	0	0	0	0	0	0	0	0	0	0	0	0	0	0	0	0	1	0	0	0	1	49.0	0.2	0.386	NaN	NaN	0.476	0.858	NaN	NaN	14.28	30.03	NaN	NaN	0.0	"2.5"	"F0034"	0	0	"PR"	985.727	"diffuse"	55.69	2	1	1	2277.494	0.0	0.0	null	3263.847	0.088
13.2	0.056375	13687.5	3778.125	3375.0	NaN	NaN	NaN	0	0	0	0	0	1	1	0	0	0	0	0	1	0	0	0	0	1	1	1	0	1	1	1	0	158.0	0.193	0.386	NaN	NaN	0.46	0.858	NaN	NaN	13.8	30.03	NaN	NaN	0.0	"2.5"	"F0034"	1	1	"PR"	995.645	"wash-en"	5.503	2	1	1	2277.494	0.0	0.0	null	3273.765	0.084
12.6	0.057475	10312.5	3731.25	3365.625	NaN	NaN	NaN	0	0	0	0	0	1	1	0	0	0	0	0	1	0	0	0	0	1	1	1	0	1	1	1	0	151.0	0.188	0.385	NaN	NaN	0.448	0.856	NaN	NaN	13.44	29.96	NaN	NaN	0.0	"2.5"	"F0034"	1	1	"PR"	1005.677	"wash-en"	15.535	2	1	1	2277.494	0.0	0.0	null	3283.797	0.084
3.2	0.058575	13125.0	3815.625	3393.75	NaN	NaN	NaN	0	0	0	0	0	1	1	0	0	0	0	0	1	0	0	0	0	0	0	0	1	0	0	0	1	38.0	0.197	0.387	NaN	NaN	0.469	0.86	NaN	NaN	14.07	30.1	NaN	NaN	0.0	"2.5"	"F0034"	0	0	"PR"	1015.606	"wash-sc"	5.312	2	1	1	2277.494	0.0	0.0	null	3293.726	0.086
3.5	0.05885	6375.0	3871.875	3375.0	NaN	NaN	NaN	0	0	0	0	0	0	0	0	0	0	0	0	0	0	0	0	0	0	0	0	1	0	0	0	1	42.0	0.202	0.386	NaN	NaN	0.481	0.858	NaN	NaN	14.43	30.03	NaN	NaN	0.0	"2.5"	"F0034"	0	0	"PR"	1025.644	"diffuse"	5.218	2	1	2	2277.494	0.0	0.0	null	3303.764	0.084
3.5	0.05885	6187.5	3871.875	3384.375	NaN	NaN	NaN	0	0	0	0	0	0	0	0	0	0	0	0	0	0	0	0	0	0	0	0	1	0	0	0	1	42.0	0.202	0.386	NaN	NaN	0.481	0.858	NaN	NaN	14.43	30.03	NaN	NaN	0.0	"2.5"	"F0034"	0	0	"PR"	1035.679	"diffuse"	15.253	2	1	2	2277.494	0.0	0.0	null	3313.799	0.084
3.2	0.059125	7500.0	3909.375	3393.75	NaN	NaN	NaN	0	0	0	0	0	0	0	0	0	0	0	0	0	0	0	0	0	0	0	0	1	0	0	0	1	38.0	0.206	0.387	NaN	NaN	0.49	0.86	NaN	NaN	14.7	30.1	NaN	NaN	0.0	"2.5"	"F0034"	0	0	"PR"	1045.715	"diffuse"	25.289	2	1	2	2277.494	0.0	0.0	null	3323.835	0.089
2.8	0.05885	9000.0	3862.5	3393.75	NaN	NaN	NaN	0	0	0	0	0	0	0	0	0	0	0	0	0	0	0	0	0	0	0	0	1	0	0	0	1	34.0	0.201	0.387	NaN	NaN	0.479	0.86	NaN	NaN	14.37	30.1	NaN	NaN	0.0	"2.5"	"F0034"	0	0	"PR"	1055.748	"diffuse"	35.322	2	1	2	2277.494	0.0	0.0	null	3333.868	0.084
3.5	0.0594	9750.0	3890.625	3384.375	NaN	NaN	NaN	0	0	0	0	0	0	0	0	0	0	0	0	0	0	0	0	0	0	0	0	1	0	0	0	1	42.0	0.204	0.386	NaN	NaN	0.486	0.858	NaN	NaN	14.58	30.03	NaN	NaN	0.0	"2.5"	"F0034"	0	0	"PR"	1065.784	"diffuse"	45.358	2	1	2	2277.494	0.0	0.0	null	3343.904	0.084
2.6	0.05885	9375.0	3871.875	3375.0	NaN	NaN	NaN	0	0	0	0	0	0	0	0	0	0	0	0	0	0	0	0	0	0	0	0	1	0	0	0	1	31.0	0.202	0.386	NaN	NaN	0.481	0.858	NaN	NaN	14.43	30.03	NaN	NaN	0.0	"2.5"	"F0034"	0	0	"PR"	1075.822	"diffuse"	55.396	2	1	2	2277.494	0.0	0.0	null	3353.942	0.086
12.1	0.058025	12375.0	3778.125	3365.625	NaN	NaN	NaN	0	0	0	0	0	1	1	0	0	0	0	0	1	0	0	0	0	1	1	1	0	1	1	1	0	145.0	0.193	0.385	NaN	NaN	0.46	0.856	NaN	NaN	13.8	29.96	NaN	NaN	0.0	"2.5"	"F0034"	1	1	"PR"	1085.75	"wash-en"	5.313	2	1	2	2277.494	0.0	0.0	null	3363.87	0.084
12.6	0.05885	13125.0	3731.25	3365.625	NaN	NaN	NaN	0	0	0	0	0	1	1	0	0	0	0	0	1	0	0	0	0	1	1	1	0	1	1	1	0	151.0	0.188	0.385	NaN	NaN	0.448	0.856	NaN	NaN	13.44	29.96	NaN	NaN	0.0	"2.5"	"F0034"	1	1	"PR"	1095.783	"wash-en"	15.346	2	1	2	2277.494	0.0	0.0	null	3373.903	0.087
2.6	0.0594	12000.0	3759.375	3393.75	NaN	NaN	NaN	0	0	0	0	0	1	1	0	0	0	0	0	1	0	0	0	0	0	0	0	1	0	0	0	1	31.0	0.191	0.387	NaN	NaN	0.455	0.86	NaN	NaN	13.65	30.1	NaN	NaN	0.0	"2.5"	"F0034"	0	0	"PR"	1105.715	"wash-sc"	5.115	2	1	2	2277.494	0.0	0.0	null	3383.835	0.093
