cur	ec	mod-ps	rg-ps	di-ps	fw1-ps	fw2-ps	pf-ps	vlv-di-fill	vlv-di-in	vlv-di-out	vlv-rg-fill	vlv-rg-drain	vlv-rg-in	vlv-rg-out	vlv-fw1-in	vlv-fw1-out	vlv-fw2-in	vlv-po	vlv-mod-drain	pmp-sys	pmp-di	pmp-fw1	pmp-fw2	uv	en-anode1	en-cath1	pl-anode1	pl-cath1	en-anode2	en-cath2	pl-anode2	pl-cath2	pw	rg-he	di-he	fw1-he	fw2-he	rg-lev	di-lev	fw1-lev	fw2-lev	rg-vol	di-vol	fw1-vol	fw2-vol	pr-ec	ver	sn	mod-en	mod-pl	proc	proc-time	ph	ph-time	count	cyc	rnd	pr-last	rc-last	fr-last	halt-re	time	exec
2.9	0.06105	23062.5	2812.5	2296.875	NaN	NaN	NaN	0	0	0	0	0	1	1	0	0	0	0	0	1	0	0	0	0	0	0	0	1	0	0	0	1	35.0	0.096	0.288	NaN	NaN	0.229	0.64	NaN	NaN	6.87	22.4	NaN	NaN	0.0	"2.5"	"F0034"	0	0	"PR"	8.246	"prime"	7.426	0	0	0	0.0	0.0	0.0	null	10.046	0.089
3.2	0.06105	22125.0	2821.875	2278.125	NaN	NaN	NaN	0	0	0	0	0	1	1	0	0	0	0	0	1	0	0	0	0	0	0	0	1	0	0	0	1	38.0	0.097	0.286	NaN	NaN	0.231	0.636	NaN	NaN	6.93	22.26	NaN	NaN	0.0	"2.5"	"F0034"	0	0	"PR"	8.447	"prime"	7.627	0	0	0	0.0	0.0	0.0	null	10.247	0.087
4.6	0.061325	21750.0	2859.375	2306.25	NaN	NaN	NaN	0	0	0	0	0	1	1	0	0	0	0	0	1	0	0	0	0	0	0	0	1	0	0	0	1	55.0	0.101	0.289	NaN	NaN	0.24	0.642	NaN	NaN	7.2	22.47	NaN	NaN	0.0	"2.5"	"F0034"	0	0	"PR"	18.281	"prime"	17.461	0	0	0	0.0	0.0	0.0	null	20.081	0.09
2.6	0.06105	22125.0	2821.875	2287.5	NaN	NaN	NaN	0	0	0	0	0	1	1	0	0	0	0	0	1	0	0	0	0	0	0	0	1	0	0	0	1	31.0	0.097	0.287	NaN	NaN	0.231	0.638	NaN	NaN	6.93	22.33	NaN	NaN	0.0	"2.5"	"F0034"	0	0	"PR"	28.317	"prime"	27.497	0	0	0	0.0	0.0	0.0	null	30.117	0.092
-12.3	0.05995	27000.0	2981.25	2587.5	NaN	NaN	NaN	0	1	1	0	0	0	0	0	0	0	0	0	1	0	0	0	0	1	1	0	1	1	1	0	1	-148.0	0.113	0.317	NaN	NaN	0.269	0.704	NaN	NaN	8.07	24.64	NaN	NaN	0.0	"2.5"	"F0034"	1	0	"PR"	38.365	"deionize"	7.036	0	1	0	0.0	0.0	0.0	null	40.165	0.09
-11.8	0.05885	26062.5	2981.25	2643.75	NaN	NaN	NaN	0	1	1	0	0	0	0	0	0	0	0	0	1	0	0	0	0	1	1	0	1	1	1	0	1	-142.0	0.113	0.322	NaN	NaN	0.269	0.716	NaN	NaN	8.07	25.06	NaN	NaN	0.0	"2.5"	"F0034"	1	0	"PR"	48.403	"deionize"	17.074	0	1	0	0.0	0.0	0.0	null	50.203	0.09
-11.9	0.05665	28500.0	2990.625	2578.125	NaN	NaN	NaN	0	1	1	0	0	0	0	0	0	0	0	0	1	0	0	0	0	1	1	0	1	1	1	0	1	-143.0	0.114	0.316	NaN	NaN	0.271	0.702	NaN	NaN	8.13	24.57	NaN	NaN	0.0	"2.5"	"F0034"	1	0	"PR"	58.442	"deionize"	27.113	0	1	0	0.0	0.0	0.0	null	60.242	0.085
-11.0	0.055275	27000.0	2981.25	2568.75	NaN	NaN	NaN	0	1	1	0	0	0	0	0	0	0	0	0	1	0	0	0	0	1	1	0	1	1	1	0	1	-132.0	0.113	0.315	NaN	NaN	0.269	0.7	NaN	NaN	8.07	24.5	NaN	NaN	0.0	"2.5"	"F0034"	1	0	"PR"	68.479	"deionize"	37.15	0	1	0	0.0	0.0	0.0	null	70.279	0.084
-12.0	0.05335	27562.5	2981.25	2606.25	NaN	NaN	NaN	0	1	1	0	0	0	0	0	0	0	0	0	1	0	0	0	0	1	1	0	1	1	1	0	1	-144.0	0.113	0.319	NaN	NaN	0.269	0.709	NaN	NaN	8.07	24.815	NaN	NaN	0.0	"2.5"	"F0034"	1	0	"PR"	78.521	"deionize"	47.192	0	1	0	0.0	0.0	0.0	null	80.321	0.09
-11.7	0.051425	29625.0	2990.625	2587.5	NaN	NaN	NaN	0	1	1	0	0	0	0	0	0	0	0	0	1	0	0	0	0	1	1	0	1	1	1	0	1	-140.0	0.114	0.317	NaN	NaN	0.271	0.704	NaN	NaN	8.13	24.64	NaN	NaN	0.0	"2.5"	"F0034"	1	0	"PR"	88.355	"deionize"	57.026	0	1	0	0.0	0.0	0.0	null	90.155	0.091
-11.4	0.049775	28687.5	3009.375	2587.5	NaN	NaN	NaN	0	1	1	0	0	0	0	0	0	0	0	0	1	0	0	0	0	1	1	0	1	1	1	0	1	-137.0	0.116	0.317	NaN	NaN	0.276	0.704	NaN	NaN	8.28	24.64	NaN	NaN	0.0	"2.5"	"F0034"	1	0	"PR"	98.39	"deionize"	67.061	0	1	0	0.0	0.0	0.0	null	100.19	0.09
-12.0	0.047575	29250.0	3018.75	2503.125	NaN	NaN	NaN	0	1	1	0	0	0	0	0	0	0	0	0	1	0	0	0	0	1	1	0	1	1	1	0	1	-144.0	0.117	0.308	NaN	NaN	0.279	0.684	NaN	NaN	8.37	23.94	NaN	NaN	0.0	"2.5"	"F0034"	1	0	"PR"	108.435	"deionize"	77.106	0	1	0	0.0	0.0	0.0	null	110.235	0.094
-10.6	0.04455	29250.0	3000.0	2475.0	NaN	NaN	NaN	0	1	1	0	0	0	0	0	0	0	0	0	1	0	0	0	0	1	1	0	1	1	1	0	1	-127.0	0.115	0.305	NaN	NaN	0.274	0.678	NaN	NaN	8.22	23.73	NaN	NaN	0.0	"2.5"	"F0034"	1	0	"PR"	118.472	"deionize"	87.143	0	1	0	0.0	0.0	0.0	null	120.272	0.09
-12.0	0.04345	29625.0	2990.625	2512.5	NaN	NaN	NaN	0	1	1	0	0	0	0	0	0	0	0	0	1	0	0	0	0	1	1	0	1	1	1	0	1	-144.0	0.114	0.309	NaN	NaN	0.271	0.687	NaN	NaN	8.13	24.045	NaN	NaN	0.0	"2.5"	"F0034"	1	0	"PR"	128.508	"deionize"	97.179	0	1	0	0.0	0.0	0.0	null	130.308	0.092
-13.3	0.042625	26062.5	3009.375	2465.625	NaN	NaN	NaN	0	1	1	0	0	0	0	0	0	0	0	0	1	0	0	0	0	1	1	0	1	1	1	0	1	-160.0	0.116	0.305	NaN	NaN	0.276	0.678	NaN	NaN	8.28	23.73	NaN	NaN	0.0	"2.5"	"F0034"	1	0	"PR"	138.545	"deionize"	107.216	0	1	0	0.0	0.0	0.0	null	140.345	0.092
-11.5	0.04125	28500.0	2990.625	2465.625	NaN	NaN	NaN	0	1	1	0	0	0	0	0	0	0	0	0	1	0	0	0	0	1	1	0	1	1	1	0	1	-138.0	0.114	0.305	NaN	NaN	0.271	0.678	NaN	NaN	8.13	23.73	NaN	NaN	0.0	"2.5"	"F0034"	1	0	"PR"	148.58	"deionize"	117.251	0	1	0	0.0	0.0	0.0	null	150.38	0.09
-11.4	0.040425	26062.5	2990.625	2428.125	NaN	NaN	NaN	0	1	1	0	0	0	0	0	0	0	0	0	1	0	0	0	0	1	1	0	1	1	1	0	1	-137.0	0.114	0.301	NaN	NaN	0.271	0.669	NaN	NaN	8.13	23.415	NaN	NaN	0.0	"2.5"	"F0034"	1	0	"PR"	158.419	"deionize"	127.09	0	1	0	0.0	0.0	0.0	null	160.219	0.087
-9.6	0.03905	27375.0	3009.375	2418.75	NaN	NaN	NaN	0	1	1	0	0	0	0	0	0	0	0	0	1	0	0	0	0	1	1	0	1	1	1	0	1	-115.0	0.116	0.3	NaN	NaN	0.276	0.667	NaN	NaN	8.28	23.345	NaN	NaN	0.0	"2.5"	"F0034"	1	0	"PR"	168.459	"deionize"	137.13	0	1	0	0.0	0.0	0.0	null	170.259	0.088
-11.3	0.038775	26250.0	3009.375	2531.25	NaN	NaN	NaN	0	1	1	0	0	0	0	0	0	0	0	0	1	0	0	0	0	1	1	0	1	1	1	0	1	-136.0	0.116	0.311	NaN	NaN	0.276	0.691	NaN	NaN	8.28	24.185	NaN	NaN	0.0	"2.5"	"F0034"	1	0	"PR"	178.497	"deionize"	147.168	0	1	0	0.0	0.0	0.0	null	180.297	0.091
-11.4	0.03795	27562.5	2990.625	2428.125	NaN	NaN	NaN	0	1	1	0	0	0	0	0	0	0	0	0	1	0	0	0	0	1	1	0	1	1	1	0	1	-137.0	0.114	0.301	NaN	NaN	0.271	0.669	NaN	NaN	8.13	23.415	NaN	NaN	0.0	"2.5"	"F0034"	1	0	"PR"	188.536	"deionize"	157.207	0	1	0	0.0	0.0	0.0	null	190.336	0.091
-9.1	0.037125	28500.0	2990.625	2465.625	NaN	NaN	NaN	0	1	1	0	0	0	0	0	0	0	0	0	1	0	0	0	0	1	1	0	1	1	1	0	1	-109.0	0.114	0.305	NaN	NaN	0.271	0.678	NaN	NaN	8.13	23.73	NaN	NaN	0.0	"2.5"	"F0034"	1	0	"PR"	198.573	"deionize"	167.244	0	1	0	0.0	0.0	0.0	null	200.373	0.087
-10.6	0.03685	30000.0	3000.0	2493.75	NaN	NaN	NaN	0	1	1	0	0	0	0	0	0	0	0	0	1	0	0	0	0	1	1	0	1	1	1	0	1	-127.0	0.115	0.307	NaN	NaN	0.274	0.682	NaN	NaN	8.22	23.87	NaN	NaN	0.0	"2.5"	"F0034"	1	0	"PR"	208.608	"deionize"	177.279	0	1	0	0.0	0.0	0.0	null	210.408	0.092
-10.0	0.0363	30000.0	3009.375	2428.125	NaN	NaN	NaN	0	1	1	0	0	0	0	0	0	0	0	0	1	0	0	0	0	1	1	0	1	1	1	0	1	-120.0	0.116	0.301	NaN	NaN	0.276	0.669	NaN	NaN	8.28	23.415	NaN	NaN	0.0	"2.5"	"F0034"	1	0	"PR"	218.646	"deionize"	187.317	0	1	0	0.0	0.0	0.0	null	220.446	0.09
-10.6	0.0363	27187.5	2981.25	2503.125	NaN	NaN	NaN	0	1	1	0	0	0	0	0	0	0	0	0	1	0	0	0	0	1	1	0	1	1	1	0	1	-127.0	0.113	0.308	NaN	NaN	0.269	0.684	NaN	NaN	8.07	23.94	NaN	NaN	0.0	"2.5"	"F0034"	1	0	"PR"	228.68	"deionize"	197.351	0	1	0	0.0	0.0	0.0	null	230.48	0.094
-10.5	0.034925	27375.0	3000.0	2409.375	NaN	NaN	NaN	0	1	1	0	0	0	0	0	0	0	0	0	1	0	0	0	0	1	1	0	1	1	1	0	1	-126.0	0.115	0.299	NaN	NaN	0.274	0.664	NaN	NaN	8.22	23.24	NaN	NaN	0.0	"2.5"	"F0034"	1	0	"PR"	238.52	"deionize"	207.191	0	1	0	0.0	0.0	0.0	null	240.32	0.086
-10.2	0.034925	27562.5	3000.0	2484.375	NaN	NaN	NaN	0	1	1	0	0	0	0	0	0	0	0	0	1	0	0	0	0	1	1	0	1	1	1	0	1	-122.0	0.115	0.306	NaN	NaN	0.274	0.68	NaN	NaN	8.22	23.8	NaN	NaN	0.0	"2.5"	"F0034"	1	0	"PR"	248.556	"deionize"	217.227	0	1	0	0.0	0.0	0.0	null	250.356	0.087
-10.2	0.03465	30000.0	2990.625	2400.0	NaN	NaN	NaN	0	1	1	0	0	0	0	0	0	0	0	0	1	0	0	0	0	1	1	0	1	1	1	0	1	-122.0	0.114	0.298	NaN	NaN	0.271	0.662	NaN	NaN	8.13	23.17	NaN	NaN	0.0	"2.5"	"F0034"	1	0	"PR"	258.593	"deionize"	227.264	0	1	0	0.0	0.0	0.0	null	260.393	0.086
-8.6	0.03465	30187.5	3000.0	2456.25	NaN	NaN	NaN	0	1	1	0	0	0	0	0	0	0	0	0	1	0	0	0	0	1	1	0	1	1	1	0	1	-103.0	0.115	0.304	NaN	NaN	0.274	0.676	NaN	NaN	8.22	23.66	NaN	NaN	0.0	"2.5"	"F0034"	1	0	"PR"	268.631	"deionize"	237.302	0	1	0	0.0	0.0	0.0	null	270.431	0.089
-9.6	0.033825	29250.0	3000.0	2400.0	NaN	NaN	NaN	0	1	1	0	0	0	0	0	0	0	0	0	1	0	0	0	1	1	1	0	1	1	1	0	1	-115.0	0.115	0.298	NaN	NaN	0.274	0.662	NaN	NaN	8.22	23.17	NaN	NaN	0.0	"2.5"	"F0034"	1	0	"PR"	278.576	"deionize-uv"	7.134	0	1	0	0.0	0.0	0.0	null	280.376	0.084
-9.5	0.03355	28500.0	2990.625	2456.25	NaN	NaN	NaN	0	1	1	0	0	0	0	0	0	0	0	0	1	0	0	0	1	1	1	0	1	1	1	0	1	-114.0	0.114	0.304	NaN	NaN	0.271	0.676	NaN	NaN	8.13	23.66	NaN	NaN	0.0	"2.5"	"F0034"	1	0	"PR"	288.612	"deionize-uv"	17.17	0	1	0	0.0	0.0	0.0	null	290.412	0.083
-9.4	0.033	28875.0	3000.0	2493.75	NaN	NaN	NaN	0	1	1	0	0	0	0	0	0	0	0	0	1	0	0	0	1	1	1	0	1	1	1	0	1	-113.0	0.115	0.307	NaN	NaN	0.274	0.682	NaN	NaN	8.22	23.87	NaN	NaN	0.0	"2.5"	"F0034"	1	0	"PR"	298.653	"deionize-uv"	27.211	0	1	0	0.0	0.0	0.0	null	300.453	0.086
-10.2	0.03245	28687.5	2981.25	2428.125	NaN	NaN	NaN	0	1	1	0	0	0	0	0	0	0	0	0	1	0	0	0	1	1	1	0	1	1	1	0	1	-122.0	0.113	0.301	NaN	NaN	0.269	0.669	NaN	NaN	8.07	23.415	NaN	NaN	0.0	"2.5"	"F0034"	1	0	"PR"	308.691	"deionize-uv"	37.249	0	1	0	0.0	0.0	0.0	null	310.491	0.086
-9.6	0.03245	29062.5	2990.625	2418.75	NaN	NaN	NaN	0	1	1	0	0	0	0	0	0	0	0	0	1	0	0	0	1	1	1	0	1	1	1	0	1	-115.0	0.114	0.3	NaN	NaN	0.271	0.667	NaN	NaN	8.13	23.345	NaN	NaN	0.0	"2.5"	"F0034"	1	0	"PR"	318.729	"deionize-uv"	47.287	0	1	0	0.0	0.0	0.0	null	320.529	0.092
-9.8	0.0319	26250.0	2990.625	2409.375	NaN	NaN	NaN	0	1	1	0	0	0	0	0	0	0	0	0	1	0	0	0	1	1	1	0	1	1	1	0	1	-118.0	0.114	0.299	NaN	NaN	0.271	0.664	NaN	NaN	8.13	23.24	NaN	NaN	0.0	"2.5"	"F0034"	1	0	"PR"	328.763	"deionize-uv"	57.321	0	1	0	0.0	0.0	0.0	null	330.563	0.091
-9.3	0.031625	26062.5	2990.625	2437.5	NaN	NaN	NaN	0	1	1	0	0	0	0	0	0	0	0	0	1	0	0	0	1	1	1	0	1	1	1	0	1	-112.0	0.114	0.302	NaN	NaN	0.271	0.671	NaN	NaN	8.13	23.485	NaN	NaN	0.0	"2.5"	"F0034"	1	0	"PR"	338.802	"deionize-uv"	67.36	0	1	0	0.0	0.0	0.0	null	340.602	0.09
-9.1	0.03135	26812.5	3000.0	2475.0	NaN	NaN	NaN	0	1	1	0	0	0	0	0	0	0	0	0	1	0	0	0	1	1	1	0	1	1	1	0	1	-109.0	0.115	0.305	NaN	NaN	0.274	0.678	NaN	NaN	8.22	23.73	NaN	NaN	0.0	"2.5"	"F0034"	1	0	"PR"	348.64	"deionize-uv"	77.198	0	1	0	0.0	0.0	0.0	null	350.44	0.085
-9.2	0.031075	30000.0	3000.0	2465.625	NaN	NaN	NaN	0	1	1	0	0	0	0	0	0	0	0	0	1	0	0	0	1	1	1	0	1	1	1	0	1	-110.0	0.115	0.305	NaN	NaN	0.274	0.678	NaN	NaN	8.22	23.73	NaN	NaN	0.0	"2.5"	"F0034"	1	0	"PR"	358.672	"deionize-uv"	87.23	0	1	0	0.0	0.0	0.0	null	360.472	0.084
-9.2	0.0308	28312.5	2981.25	2512.5	NaN	NaN	NaN	0	1	1	0	0	0	0	0	0	0	0	0	1	0	0	0	1	1	1	0	1	1	1	0	1	-110.0	0.113	0.309	NaN	NaN	0.269	0.687	NaN	NaN	8.07	24.045	NaN	NaN	0.0	"2.5"	"F0034"	1	0	"PR"	368.708	"deionize-uv"	97.266	0	1	0	0.0	0.0	0.0	null	370.508	0.084
-9.3	0.030525	29625.0	3000.0	2475.0	NaN	NaN	NaN	0	1	1	0	0	0	0	0	0	0	0	0	1	0	0	0	1	1	1	0	1	1	1	0	1	-112.0	0.115	0.305	NaN	NaN	0.274	0.678	NaN	NaN	8.22	23.73	NaN	NaN	0.0	"2.5"	"F0034"	1	0	"PR"	378.751	"deionize-uv"	107.309	0	1	0	0.0	0.0	0.0	null	380.551	0.086
-8.5	0.029975	28125.0	3000.0	2465.625	NaN	NaN	NaN	0	1	1	0	0	0	0	0	0	0	0	0	1	0	0	0	1	1	1	0	1	1	1	0	1	-102.0	0.115	0.305	NaN	NaN	0.274	0.678	NaN	NaN	8.22	23.73	NaN	NaN	0.0	"2.5"	"F0034"	1	0	"PR"	388.783	"deionize-uv"	117.341	0	1	0	0.0	0.0	0.0	null	390.583	0.087
-8.8	0.029425	19500.0	2990.625	1940.625	NaN	NaN	NaN	0	0	1	0	0	0	0	1	0	0	0	0	1	0	0	0	1	1	1	0	1	1	1	0	1	-106.0	0.114	0.252	NaN	NaN	0.271	0.56	NaN	NaN	8.13	19.6	NaN	NaN	0.0	"2.5"	"F0034"	1	0	"PR"	398.745	"drain-di-1"	7.152	0	1	0	0.0	0.0	0.0	null	400.545	0.084
-8.7	0.0297	19875.0	2990.625	1696.875	NaN	NaN	NaN	0	0	1	0	0	0	0	1	0	0	0	0	1	0	0	0	1	1	1	0	1	1	1	0	1	-104.0	0.114	0.228	NaN	NaN	0.271	0.507	NaN	NaN	8.13	17.745	NaN	NaN	0.0	"2.5"	"F0034"	1	0	"PR"	408.782	"drain-di-1"	17.189	0	1	0	0.0	0.0	0.0	null	410.582	0.087
-8.8	0.02915	18375.0	2990.625	1425.0	NaN	NaN	NaN	0	0	1	0	0	0	0	1	0	0	0	0	1	0	0	0	1	1	1	0	1	1	1	0	1	-106.0	0.114	0.2	NaN	NaN	0.271	0.444	NaN	NaN	8.13	15.54	NaN	NaN	0.0	"2.5"	"F0034"	1	0	"PR"	418.823	"drain-di-1"	27.23	0	1	0	0.0	0.0	0.0	null	420.623	0.089
-9.3	0.02915	19875.0	3000.0	1171.875	NaN	NaN	NaN	0	0	1	0	0	0	0	1	0	0	0	0	1	0	0	0	1	1	1	0	1	1	1	0	1	-112.0	0.115	0.175	NaN	NaN	0.274	0.389	NaN	NaN	8.22	13.615	NaN	NaN	0.0	"2.5"	"F0034"	1	0	"PR"	428.861	"drain-di-1"	37.268	0	1	0	0.0	0.0	0.0	null	430.661	0.086
-8.1	0.028875	22687.5	2981.25	918.75	NaN	NaN	NaN	0	0	1	0	0	0	0	1	0	0	0	0	1	0	0	0	1	1	1	0	1	1	1	0	1	-97.0	0.113	0.15	NaN	NaN	0.269	0.333	NaN	NaN	8.07	11.655	NaN	NaN	0.0	"2.5"	"F0034"	1	0	"PR"	438.894	"drain-di-1"	47.301	0	1	0	0.0	0.0	0.0	null	440.694	0.087
-9.6	0.028875	22125.0	2990.625	684.375	NaN	NaN	NaN	0	0	1	0	0	0	0	1	0	0	0	0	1	0	0	0	1	1	1	0	1	1	1	0	1	-115.0	0.114	0.126	NaN	NaN	0.271	0.28	NaN	NaN	8.13	9.8	NaN	NaN	0.0	"2.5"	"F0034"	1	0	"PR"	448.734	"drain-di-1"	57.141	0	1	0	0.0	0.0	0.0	null	450.534	0.086
-8.5	0.028875	20437.5	2990.625	412.5	NaN	NaN	NaN	0	0	1	0	0	0	0	1	0	0	0	0	1	0	0	0	1	1	1	0	1	1	1	0	1	-102.0	0.114	0.099	NaN	NaN	0.271	0.22	NaN	NaN	8.13	7.7	NaN	NaN	0.0	"2.5"	"F0034"	1	0	"PR"	458.768	"drain-di-1"	67.175	0	1	0	0.0	0.0	0.0	null	460.568	0.084
-8.0	0.028875	20062.5	3000.0	159.375	NaN	NaN	NaN	0	0	1	0	0	0	0	1	0	0	0	0	1	0	0	0	1	1	1	0	1	1	1	0	1	-96.0	0.115	0.074	NaN	NaN	0.274	0.164	NaN	NaN	8.22	5.74	NaN	NaN	0.0	"2.5"	"F0034"	1	0	"PR"	468.807	"drain-di-1"	77.214	0	1	0	0.0	0.0	0.0	null	470.607	0.087
-8.3	0.028325	20812.5	3000.0	-131.25	NaN	NaN	NaN	0	0	1	0	0	0	0	1	0	0	0	0	1	0	0	0	1	1	1	0	1	1	1	0	1	-100.0	0.115	0.045	NaN	NaN	0.274	0.1	NaN	NaN	8.22	3.5	NaN	NaN	0.0	"2.5"	"F0034"	1	0	"PR"	478.961	"drip-di-1"	7.542	0	1	0	0.0	0.0	0.0	null	480.761	0.087
12.3	0.028875	21562.5	2840.625	-18.75	NaN	NaN	NaN	1	0	0	0	0	1	1	0	0	0	0	0	1	1	0	0	0	1	1	1	0	1	1	1	0	148.0	0.099	0.056	NaN	NaN	0.236	0.124	NaN	NaN	7.08	4.34	NaN	NaN	0.0	"2.5"	"F0034"	1	1	"PR"	488.959	"reverse-f"	2.373	0	1	0	0.0	0.0	0.0	null	490.759	0.084
12.0	0.029975	22500.0	2850.0	206.25	NaN	NaN	NaN	1	0	0	0	0	1	1	0	0	0	0	0	1	1	0	0	0	1	1	1	0	1	1	1	0	144.0	0.1	0.079	NaN	NaN	0.238	0.176	NaN	NaN	7.14	6.16	NaN	NaN	0.0	"2.5"	"F0034"	1	1	"PR"	498.791	"reverse-f"	12.205	0	1	0	0.0	0.0	0.0	null	500.591	0.084
12.4	0.032725	23250.0	2850.0	525.0	NaN	NaN	NaN	1	0	0	0	0	1	1	0	0	0	0	0	1	1	0	0	0	1	1	1	0	1	1	1	0	149.0	0.1	0.111	NaN	NaN	0.238	0.247	NaN	NaN	7.14	8.645	NaN	NaN	0.0	"2.5"	"F0034"	1	1	"PR"	508.831	"reverse-f"	22.245	0	1	0	0.0	0.0	0.0	null	510.631	0.086
12.6	0.0374	20437.5	2821.875	834.375	NaN	NaN	NaN	1	0	0	0	0	1	1	0	0	0	0	0	1	1	0	0	0	1	1	1	0	1	1	1	0	151.0	0.097	0.141	NaN	NaN	0.231	0.313	NaN	NaN	6.93	10.955	NaN	NaN	0.0	"2.5"	"F0034"	1	1	"PR"	518.864	"reverse-f"	32.278	0	1	0	0.0	0.0	0.0	null	520.664	0.086
12.6	0.041525	20812.5	2812.5	1125.0	NaN	NaN	NaN	1	0	0	0	0	1	1	0	0	0	0	0	1	1	0	0	0	1	1	1	0	1	1	1	0	151.0	0.096	0.171	NaN	NaN	0.229	0.38	NaN	NaN	6.87	13.3	NaN	NaN	0.0	"2.5"	"F0034"	1	1	"PR"	528.901	"reverse-f"	42.315	0	1	0	0.0	0.0	0.0	null	530.701	0.087
12.6	0.0451	22125.0	2803.125	1462.5	NaN	NaN	NaN	1	0	0	0	0	1	1	0	0	0	0	0	1	1	0	0	0	1	1	1	0	1	1	1	0	151.0	0.095	0.204	NaN	NaN	0.226	0.453	NaN	NaN	6.78	15.855	NaN	NaN	0.0	"2.5"	"F0034"	1	1	"PR"	538.942	"reverse-f"	52.356	0	1	0	0.0	0.0	0.0	null	540.742	0.084
12.5	0.0484	21000.0	2803.125	1762.5	NaN	NaN	NaN	1	0	0	0	0	1	1	0	0	0	0	0	1	1	0	0	0	1	1	1	0	1	1	1	0	150.0	0.095	0.234	NaN	NaN	0.226	0.52	NaN	NaN	6.78	18.2	NaN	NaN	0.0	"2.5"	"F0034"	1	1	"PR"	548.972	"reverse-f"	62.386	0	1	0	0.0	0.0	0.0	null	550.772	0.084
12.6	0.05115	21187.5	2831.25	2053.125	NaN	NaN	NaN	1	0	0	0	0	1	1	0	0	0	0	0	1	1	0	0	0	1	1	1	0	1	1	1	0	151.0	0.098	0.263	NaN	NaN	0.233	0.584	NaN	NaN	6.99	20.44	NaN	NaN	0.0	"2.5"	"F0034"	1	1	"PR"	559.009	"reverse-f"	72.423	0	1	0	0.0	0.0	0.0	null	560.809	0.086
11.9	0.0539	23062.5	2821.875	2268.75	NaN	NaN	NaN	0	0	0	0	0	1	1	0	0	0	0	0	1	0	0	0	0	1	1	1	0	1	1	1	0	143.0	0.097	0.285	NaN	NaN	0.231	0.633	NaN	NaN	6.93	22.155	NaN	NaN	0.0	"2.5"	"F0034"	1	1	"PR"	568.955	"reverse"	82.369	0	1	0	0.0	0.0	0.0	null	570.755	0.084
12.6	0.055275	18937.5	2821.875	2278.125	NaN	NaN	NaN	0	0	0	0	0	1	1	0	0	0	0	0	1	0	0	0	0	1	1	1	0	1	1	1	0	151.0	0.097	0.286	NaN	NaN	0.231	0.636	NaN	NaN	6.93	22.26	NaN	NaN	0.0	"2.5"	"F0034"	1	1	"PR"	578.984	"reverse"	92.398	0	1	0	0.0	0.0	0.0	null	580.784	0.087
12.5	0.05665	20250.0	2878.125	2268.75	NaN	NaN	NaN	0	0	0	0	0	1	1	0	0	0	0	0	1	0	0	0	0	1	1	1	0	1	1	1	0	150.0	0.103	0.285	NaN	NaN	0.245	0.633	NaN	NaN	7.35	22.155	NaN	NaN	0.0	"2.5"	"F0034"	1	1	"PR"	589.024	"reverse"	102.438	0	1	0	0.0	0.0	0.0	null	590.824	0.085
12.1	0.05775	19875.0	2859.375	2240.625	NaN	NaN	NaN	0	0	0	0	0	1	1	0	0	0	0	0	1	0	0	0	0	1	1	1	0	1	1	1	0	145.0	0.101	0.282	NaN	NaN	0.24	0.627	NaN	NaN	7.2	21.945	NaN	NaN	0.0	"2.5"	"F0034"	1	1	"PR"	599.058	"reverse"	112.472	0	1	0	0.0	0.0	0.0	null	600.858	0.084
12.6	0.05885	21937.5	2784.375	2259.375	NaN	NaN	NaN	0	0	0	0	0	1	1	0	0	0	0	0	1	0	0	0	0	1	1	1	0	1	1	1	0	151.0	0.093	0.284	NaN	NaN	0.221	0.631	NaN	NaN	6.63	22.085	NaN	NaN	0.0	"2.5"	"F0034"	1	1	"PR"	609.092	"reverse"	122.506	0	1	0	0.0	0.0	0.0	null	610.892	0.084
12.9	0.059675	23062.5	2821.875	2287.5	NaN	NaN	NaN	0	0	0	0	0	1	1	0	0	0	0	0	1	0	0	0	0	1	1	1	0	1	1	1	0	155.0	0.097	0.287	NaN	NaN	0.231	0.638	NaN	NaN	6.93	22.33	NaN	NaN	0.0	"2.5"	"F0034"	1	1	"PR"	618.932	"reverse"	132.346	0	1	0	0.0	0.0	0.0	null	620.732	0.092
12.6	0.05995	23625.0	2840.625	2306.25	NaN	NaN	NaN	0	0	0	0	0	1	1	0	0	0	0	0	1	0	0	0	0	1	1	1	0	1	1	1	0	151.0	0.099	0.289	NaN	NaN	0.236	0.642	NaN	NaN	7.08	22.47	NaN	NaN	0.0	"2.5"	"F0034"	1	1	"PR"	628.969	"reverse"	142.383	0	1	0	0.0	0.0	0.0	null	630.769	0.09
4.8	0.060775	-187.5	3000.0	2306.25	NaN	NaN	NaN	0	0	0	0	0	0	0	0	0	0	0	0	0	0	0	0	0	0	0	0	1	0	0	0	1	58.0	0.115	0.289	NaN	NaN	0.274	0.642	NaN	NaN	8.22	22.47	NaN	NaN	0.0	"2.5"	"F0034"	0	0	"PR"	639.095	"diffuse"	2.501	0	1	1	0.0	0.0	0.0	null	640.895	0.084
4.8	0.060775	562.5	3018.75	2278.125	NaN	NaN	NaN	0	0	0	0	0	0	0	0	0	0	0	0	0	0	0	0	0	0	0	0	1	0	0	0	1	58.0	0.117	0.286	NaN	NaN	0.279	0.636	NaN	NaN	8.37	22.26	NaN	NaN	0.0	"2.5"	"F0034"	0	0	"PR"	649.135	"diffuse"	12.541	0	1	1	0.0	0.0	0.0	null	650.935	0.088
5.5	0.0605	-562.5	3018.75	2278.125	NaN	NaN	NaN	0	0	0	0	0	0	0	0	0	0	0	0	0	0	0	0	0	0	0	0	1	0	0	0	1	66.0	0.117	0.286	NaN	NaN	0.279	0.636	NaN	NaN	8.37	22.26	NaN	NaN	0.0	"2.5"	"F0034"	0	0	"PR"	658.965	"diffuse"	22.371	0	1	1	0.0	0.0	0.0	null	660.765	0.087
12.6	0.0605	21375.0	2765.625	2278.125	NaN	NaN	NaN	0	0	0	0	0	1	1	0	0	0	0	0	1	0	0	0	0	1	1	1	0	1	1	1	0	151.0	0.092	0.286	NaN	NaN	0.219	0.636	NaN	NaN	6.57	22.26	NaN	NaN	0.0	"2.5"	"F0034"	1	1	"PR"	669.09	"wash-en"	2.296	0	1	1	0.0	0.0	0.0	null	670.89	0.087
12.6	0.0616	22875.0	2840.625	2259.375	NaN	NaN	NaN	0	0	0	0	0	1	1	0	0	0	0	0	1	0	0	0	0	1	1	1	0	1	1	1	0	151.0	0.099	0.284	NaN	NaN	0.236	0.631	NaN	NaN	7.08	22.085	NaN	NaN	0.0	"2.5"	"F0034"	1	1	"PR"	679.129	"wash-en"	12.335	0	1	1	0.0	0.0	0.0	null	680.929	0.089
3.8	0.062425	23062.5	2868.75	2287.5	NaN	NaN	NaN	0	0	0	0	0	1	1	0	0	0	0	0	1	0	0	0	0	0	0	0	1	0	0	0	1	46.0	0.102	0.287	NaN	NaN	0.243	0.638	NaN	NaN	7.29	22.33	NaN	NaN	0.0	"2.5"	"F0034"	0	0	"PR"	689.051	"wash-sc"	2.096	0	1	1	0.0	0.0	0.0	null	690.851	0.09
4.0	0.06435	-1125.0	3000.0	2296.875	NaN	NaN	NaN	0	0	0	0	0	0	0	0	0	0	0	0	0	0	0	0	0	0	0	0	1	0	0	0	1	48.0	0.115	0.288	NaN	NaN	0.274	0.64	NaN	NaN	8.22	22.4	NaN	NaN	0.0	"2.5"	"F0034"	0	0	"PR"	699.085	"diffuse"	2.007	0	1	2	0.0	0.0	0.0	null	700.885	0.089
4.2	0.063525	-1125.0	3009.375	2278.125	NaN	NaN	NaN	0	0	0	0	0	0	0	0	0	0	0	0	0	0	0	0	0	0	0	0	1	0	0	0	1	50.0	0.116	0.286	NaN	NaN	0.276	0.636	NaN	NaN	8.28	22.26	NaN	NaN	0.0	"2.5"	"F0034"	0	0	"PR"	709.123	"diffuse"	12.045	0	1	2	0.0	0.0	0.0	null	710.923	0.092
4.3	0.064075	375.0	3009.375	2278.125	NaN	NaN	NaN	0	0	0	0	0	0	0	0	0	0	0	0	0	0	0	0	0	0	0	0	1	0	0	0	1	52.0	0.116	0.286	NaN	NaN	0.276	0.636	NaN	NaN	8.28	22.26	NaN	NaN	0.0	"2.5"	"F0034"	0	0	"PR"	719.158	"diffuse"	22.08	0	1	2	0.0	0.0	0.0	null	720.958	0.087
12.6	0.0638	20250.0	2803.125	2240.625	NaN	NaN	NaN	0	0	0	0	0	1	1	0	0	0	0	0	1	0	0	0	0	1	1	1	0	1	1	1	0	151.0	0.095	0.282	NaN	NaN	0.226	0.627	NaN	NaN	6.78	21.945	NaN	NaN	0.0	"2.5"	"F0034"	1	1	"PR"	729.086	"wash-en"	1.898	0	1	2	0.0	0.0	0.0	null	730.886	0.09
12.4	0.06435	22125.0	2821.875	2259.375	NaN	NaN	NaN	0	0	0	0	0	1	1	0	0	0	0	0	1	0	0	0	0	1	1	1	0	1	1	1	0	149.0	0.097	0.284	NaN	NaN	0.231	0.631	NaN	NaN	6.93	22.085	NaN	NaN	0.0	"2.5"	"F0034"	1	1	"PR"	739.121	"wash-en"	11.933	0	1	2	0.0	0.0	0.0	null	740.921	0.092
3.5	0.064625	22125.0	2831.25	2268.75	NaN	NaN	NaN	0	0	0	0	0	1	1	0	0	0	0	0	1	0	0	0	0	0	0	0	1	0	0	0	1	42.0	0.098	0.285	NaN	NaN	0.233	0.633	NaN	NaN	6.99	22.155	NaN	NaN	0.0	"2.5"	"F0034"	0	0	"PR"	749.249	"wash-sc"	1.899	0	1	2	0.0	0.0	0.0	null	751.049	0.09
3.6	0.064625	-1500.0	3009.375	2278.125	NaN	NaN	NaN	0	0	0	0	0	0	0	0	0	0	0	0	0	0	0	0	0	0	0	0	1	0	0	0	1	43.0	0.116	0.286	NaN	NaN	0.276	0.636	NaN	NaN	8.28	22.26	NaN	NaN	0.0	"2.5"	"F0034"	0	0	"PR"	759.086	"diffuse"	1.607	0	1	3	0.0	0.0	0.0	null	760.886	0.09
3.8	0.065175	-1125.0	3009.375	2278.125	NaN	NaN	NaN	0	0	0	0	0	0	0	0	0	0	0	0	0	0	0	0	0	0	0	0	1	0	0	0	1	46.0	0.116	0.286	NaN	NaN	0.276	0.636	NaN	NaN	8.28	22.26	NaN	NaN	0.0	"2.5"	"F0034"	0	0	"PR"	769.123	"diffuse"	11.644	0	1	3	0.0	0.0	0.0	null	770.923	0.092
4.3	0.064625	375.0	3009.375	2278.125	NaN	NaN	NaN	0	0	0	0	0	0	0	0	0	0	0	0	0	0	0	0	0	0	0	0	1	0	0	0	1	52.0	0.116	0.286	NaN	NaN	0.276	0.636	NaN	NaN	8.28	22.26	NaN	NaN	0.0	"2.5"	"F0034"	0	0	"PR"	779.155	"diffuse"	21.676	0	1	3	0.0	0.0	0.0	null	780.955	0.09
13.3	0.064625	21562.5	2878.125	2268.75	NaN	NaN	NaN	0	0	0	0	0	1	1	0	0	0	0	0	1	0	0	0	0	1	1	1	0	1	1	1	0	160.0	0.103	0.285	NaN	NaN	0.245	0.633	NaN	NaN	7.35	22.155	NaN	NaN	0.0	"2.5"	"F0034"	1	1	"PR"	789.279	"wash-en"	1.696	0	1	3	0.0	0.0	0.0	null	791.079	0.087
12.9	0.065175	21562.5	2793.75	2259.375	NaN	NaN	NaN	0	0	0	0	0	1	1	0	0	0	0	0	1	0	0	0	0	1	1	1	0	1	1	1	0	155.0	0.094	0.284	NaN	NaN	0.224	0.631	NaN	NaN	6.72	22.085	NaN	NaN	0.0	"2.5"	"F0034"	1	1	"PR"	799.111	"wash-en"	11.528	0	1	3	0.0	0.0	0.0	null	800.911	0.087
2.8	0.066	21562.5	2859.375	2278.125	NaN	NaN	NaN	0	0	0	0	0	1	1	0	0	0	0	0	1	0	0	0	0	0	0	0	1	0	0	0	1	34.0	0.101	0.286	NaN	NaN	0.24	0.636	NaN	NaN	7.2	22.26	NaN	NaN	0.0	"2.5"	"F0034"	0	0	"PR"	809.239	"wash-sc"	1.496	0	1	3	0.0	0.0	0.0	null	811.039	0.088
2.8	0.066275	-750.0	3009.375	2315.625	NaN	NaN	NaN	0	0	0	0	0	0	0	0	0	0	0	0	0	0	0	0	0	0	0	0	1	0	0	0	1	34.0	0.116	0.29	NaN	NaN	0.276	0.644	NaN	NaN	8.28	22.54	NaN	NaN	0.0	"2.5"	"F0034"	0	0	"PR"	819.274	"diffuse"	1.405	0	1	4	0.0	0.0	0.0	null	821.074	0.09
3.5	0.065725	750.0	3009.375	2278.125	NaN	NaN	NaN	0	0	0	0	0	0	0	0	0	0	0	0	0	0	0	0	0	0	0	0	1	0	0	0	1	42.0	0.116	0.286	NaN	NaN	0.276	0.636	NaN	NaN	8.28	22.26	NaN	NaN	0.0	"2.5"	"F0034"	0	0	"PR"	829.31	"diffuse"	11.441	0	1	4	0.0	0.0	0.0	null	831.11	0.09
4.2	0.065725	-562.5	3009.375	2278.125	NaN	NaN	NaN	0	0	0	0	0	0	0	0	0	0	0	0	0	0	0	0	0	0	0	0	1	0	0	0	1	50.0	0.116	0.286	NaN	NaN	0.276	0.636	NaN	NaN	8.28	22.26	NaN	NaN	0.0	"2.5"	"F0034"	0	0	"PR"	839.344	"diffuse"	21.475	0	1	4	0.0	0.0	0.0	null	841.144	0.09
12.4	0.064625	21187.5	2821.875	2268.75	NaN	NaN	NaN	0	0	0	0	0	1	1	0	0	0	0	0	1	0	0	0	0	1	1	1	0	1	1	1	0	149.0	0.097	0.285	NaN	NaN	0.231	0.633	NaN	NaN	6.93	22.155	NaN	NaN	0.0	"2.5"	"F0034"	1	1	"PR"	849.271	"wash-en"	1.296	0	1	4	0.0	0.0	0.0	null	851.071	0.09
12.6	0.065175	20062.5	2859.375	2278.125	NaN	NaN	NaN	0	0	0	0	0	1	1	0	0	0	0	0	1	0	0	0	0	1	1	1	0	1	1	1	0	151.0	0.101	0.286	NaN	NaN	0.24	0.636	NaN	NaN	7.2	22.26	NaN	NaN	0.0	"2.5"	"F0034"	1	1	"PR"	859.309	"wash-en"	11.334	0	1	4	0.0	0.0	0.0	null	861.109	0.091
2.1	0.066825	22125.0	2859.375	2278.125	NaN	NaN	NaN	0	0	0	0	0	1	1	0	0	0	0	0	1	0	0	0	0	0	0	0	1	0	0	0	1	25.0	0.101	0.286	NaN	NaN	0.24	0.636	NaN	NaN	7.2	22.26	NaN	NaN	0.0	"2.5"	"F0034"	0	0	"PR"	869.231	"wash-sc"	1.091	0	1	4	0.0	0.0	0.0	null	871.031	0.089
2.8	0.066825	-5062.5	2793.75	2278.125	NaN	NaN	NaN	0	0	0	0	1	0	0	0	0	0	0	0	0	0	0	0	0	0	0	0	1	0	0	0	1	34.0	0.094	0.286	NaN	NaN	0.224	0.636	NaN	NaN	6.72	22.26	NaN	NaN	0.0	"2.5"	"F0034"	0	0	"PR"	879.266	"drain-rg"	1.003	0	1	4	0.0	0.0	0.0	null	881.066	0.086
3.0	0.066	-2625.0	2418.75	2287.5	NaN	NaN	NaN	0	0	0	0	1	0	0	0	0	0	0	0	0	0	0	0	0	0	0	0	1	0	0	0	1	36.0	0.057	0.287	NaN	NaN	0.136	0.638	NaN	NaN	4.08	22.33	NaN	NaN	0.0	"2.5"	"F0034"	0	0	"PR"	889.302	"drain-rg"	11.039	0	1	4	0.0	0.0	0.0	null	891.102	0.086
2.8	0.0671	-2625.0	2081.25	2287.5	NaN	NaN	NaN	0	0	0	0	1	0	0	0	0	0	0	0	0	0	0	0	0	0	0	0	1	0	0	0	1	34.0	0.023	0.287	NaN	NaN	0.055	0.638	NaN	NaN	1.65	22.33	NaN	NaN	0.0	"2.5"	"F0034"	0	0	"PR"	899.339	"drain-rg"	21.076	0	1	4	0.0	0.0	0.0	null	901.139	0.087
3.4	0.066825	-2062.5	1650.0	2278.125	NaN	NaN	NaN	0	0	0	0	1	0	0	0	0	0	0	0	0	0	0	0	0	0	0	0	1	0	0	0	1	41.0	-0.02	0.286	NaN	NaN	-0.048	0.636	NaN	NaN	-1.44	22.26	NaN	NaN	0.0	"2.5"	"F0034"	0	0	"PR"	909.375	"drip-rg"	4.014	0	1	4	0.0	0.0	0.0	null	911.175	0.09
3.0	0.06655	-2062.5	0.0	2287.5	NaN	NaN	NaN	0	0	0	0	1	0	0	0	0	0	0	0	0	0	0	0	0	0	0	0	1	0	0	0	1	36.0	-0.185	0.287	NaN	NaN	-0.44	0.638	NaN	NaN	-13.2	22.33	NaN	NaN	0.0	"2.5"	"F0034"	0	0	"PR"	919.416	"drip-rg"	14.055	0	1	4	0.0	0.0	0.0	null	921.216	0.091
3.5	0.065725	21375.0	1846.875	2090.625	NaN	NaN	NaN	0	0	1	0	0	1	0	0	0	0	0	0	1	0	0	0	0	0	0	0	1	0	0	0	1	42.0	-0.0	0.267	NaN	NaN	-0.0	0.593	NaN	NaN	-0.0	20.755	NaN	NaN	0.0	"2.5"	"F0034"	0	0	"FR"	8.046	"fill-rg-di"	7.846	1	1	0	922.422	0.0	0.0	null	931.092	0.084
1.3	0.065725	23625.0	2240.625	1837.5	NaN	NaN	NaN	0	0	1	0	0	1	0	0	0	0	0	0	1	0	0	0	0	0	0	0	1	0	0	0	1	16.0	0.039	0.242	NaN	NaN	0.093	0.538	NaN	NaN	2.79	18.83	NaN	NaN	0.0	"2.5"	"F0034"	0	0	"FR"	18.087	"fill-rg-di"	17.887	1	1	0	922.422	0.0	0.0	null	941.133	0.088
2.5	0.0627	21187.5	2568.75	1575.0	NaN	NaN	NaN	0	0	1	0	0	1	0	0	0	0	0	0	1	0	0	0	0	0	0	0	1	0	0	0	1	30.0	0.072	0.215	NaN	NaN	0.171	0.478	NaN	NaN	5.13	16.73	NaN	NaN	0.0	"2.5"	"F0034"	0	0	"FR"	28.12	"fill-rg-di"	27.92	1	1	0	922.422	0.0	0.0	null	951.166	0.087
2.6	0.06105	20250.0	2859.375	1331.25	NaN	NaN	NaN	0	0	1	0	0	1	0	0	0	0	0	0	1	0	0	0	0	0	0	0	1	0	0	0	1	31.0	0.101	0.191	NaN	NaN	0.24	0.424	NaN	NaN	7.2	14.84	NaN	NaN	0.0	"2.5"	"F0034"	0	0	"FR"	38.157	"fill-rg-di"	37.957	1	1	0	922.422	0.0	0.0	null	961.203	0.084
3.3	0.059675	21187.5	3168.75	1068.75	NaN	NaN	NaN	0	0	1	0	0	1	0	0	0	0	0	0	1	0	0	0	0	0	0	0	1	0	0	0	1	40.0	0.132	0.165	NaN	NaN	0.314	0.367	NaN	NaN	9.42	12.845	NaN	NaN	0.0	"2.5"	"F0034"	0	0	"FR"	48.197	"fill-rg-di"	47.997	1	1	0	922.422	0.0	0.0	null	971.243	0.086
2.5	0.058575	375.0	2859.375	956.25	NaN	NaN	NaN	0	0	0	0	1	0	0	0	0	0	0	0	0	0	0	0	0	0	0	0	1	0	0	0	1	30.0	0.101	0.154	NaN	NaN	0.24	0.342	NaN	NaN	7.2	11.97	NaN	NaN	0.0	"2.5"	"F0034"	0	0	"FR"	58.231	"drain-rg"	6.221	1	1	0	922.422	0.0	0.0	null	981.277	0.086
2.6	0.058025	1125.0	2512.5	975.0	NaN	NaN	NaN	0	0	0	0	1	0	0	0	0	0	0	0	0	0	0	0	0	0	0	0	1	0	0	0	1	31.0	0.066	0.155	NaN	NaN	0.157	0.344	NaN	NaN	4.71	12.04	NaN	NaN	0.0	"2.5"	"F0034"	0	0	"FR"	68.268	"drain-rg"	16.258	1	1	0	922.422	0.0	0.0	null	991.314	0.087
2.5	0.058025	1125.0	2146.875	975.0	NaN	NaN	NaN	0	0	0	0	1	0	0	0	0	0	0	0	0	0	0	0	0	0	0	0	1	0	0	0	1	30.0	0.03	0.155	NaN	NaN	0.071	0.344	NaN	NaN	2.13	12.04	NaN	NaN	0.0	"2.5"	"F0034"	0	0	"FR"	78.101	"drain-rg"	26.091	1	1	0	922.422	0.0	0.0	null	1001.147	0.087
2.9	0.05775	562.5	1771.875	984.375	NaN	NaN	NaN	0	0	0	0	1	0	0	0	0	0	0	0	0	0	0	0	0	0	0	0	1	0	0	0	1	35.0	-0.008	0.156	NaN	NaN	-0.019	0.347	NaN	NaN	-0.57	12.145	NaN	NaN	0.0	"2.5"	"F0034"	0	0	"FR"	88.138	"drip-rg"	1.805	1	1	0	922.422	0.0	0.0	null	1011.184	0.084
2.5	0.05775	750.0	-18.75	993.75	NaN	NaN	NaN	0	0	0	0	1	0	0	0	0	0	0	0	0	0	0	0	0	0	0	0	1	0	0	0	1	30.0	-0.187	0.157	NaN	NaN	-0.445	0.349	NaN	NaN	-13.35	12.215	NaN	NaN	0.0	"2.5"	"F0034"	0	0	"FR"	98.181	"drip-rg"	11.848	1	1	0	922.422	0.0	0.0	null	1021.227	0.086
2.6	0.057475	18562.5	1725.0	825.0	NaN	NaN	NaN	0	0	1	0	0	1	0	0	0	0	0	0	1	0	0	0	0	0	0	0	1	0	0	0	1	31.0	-0.013	0.141	NaN	NaN	-0.031	0.313	NaN	NaN	-0.93	10.955	NaN	NaN	0.0	"2.5"	"F0034"	0	0	"PR"	6.042	"fill-rg-di"	5.841	1	0	0	922.422	0.0	1024.637	null	1031.302	0.084
2.7	0.055825	19500.0	2175.0	581.25	NaN	NaN	NaN	0	0	1	0	0	1	0	0	0	0	0	0	1	0	0	0	0	0	0	0	1	0	0	0	1	32.0	0.033	0.116	NaN	NaN	0.079	0.258	NaN	NaN	2.37	9.03	NaN	NaN	0.0	"2.5"	"F0034"	0	0	"PR"	16.08	"fill-rg-di"	15.879	1	0	0	922.422	0.0	1024.637	null	1041.34	0.088
2.5	0.053625	21562.5	2475.0	309.375	NaN	NaN	NaN	0	0	1	0	0	1	0	0	0	0	0	0	1	0	0	0	0	0	0	0	1	0	0	0	1	30.0	0.062	0.089	NaN	NaN	0.148	0.198	NaN	NaN	4.44	6.93	NaN	NaN	0.0	"2.5"	"F0034"	0	0	"PR"	26.114	"fill-rg-di"	25.913	1	0	0	922.422	0.0	1024.637	null	1051.374	0.087
2.5	0.051425	10875.0	2690.625	56.25	NaN	NaN	NaN	1	0	0	0	0	0	0	0	0	0	0	0	0	1	0	0	0	0	0	0	1	0	0	0	1	30.0	0.084	0.064	NaN	NaN	0.2	0.142	NaN	NaN	6.0	4.97	NaN	NaN	0.0	"2.5"	"F0034"	0	0	"PR"	35.953	"fill-di-lb"	0.401	1	0	0	922.422	0.0	1024.637	null	1061.213	0.157
2.5	0.050875	1500.0	2765.625	393.75	NaN	NaN	NaN	1	0	0	0	0	0	0	0	0	0	0	0	0	1	0	0	0	0	0	0	1	0	0	0	1	30.0	0.092	0.097	NaN	NaN	0.219	0.216	NaN	NaN	6.57	7.56	NaN	NaN	0.0	"2.5"	"F0034"	0	0	"PR"	45.99	"fill-di-lb"	10.438	1	0	0	922.422	0.0	1024.637	null	1071.25	0.086
2.5	0.050875	1875.0	2765.625	712.5	NaN	NaN	NaN	1	0	0	0	0	0	0	0	0	0	0	0	0	1	0	0	0	0	0	0	1	0	0	0	1	30.0	0.092	0.129	NaN	NaN	0.219	0.287	NaN	NaN	6.57	10.045	NaN	NaN	0.0	"2.5"	"F0034"	0	0	"PR"	56.026	"fill-di-lb"	20.474	1	0	0	922.422	0.0	1024.637	null	1081.286	0.086
2.1	0.050875	1500.0	2784.375	993.75	NaN	NaN	NaN	1	0	0	0	0	0	0	0	0	0	0	0	0	1	0	0	0	0	0	0	1	0	0	0	1	25.0	0.093	0.157	NaN	NaN	0.221	0.349	NaN	NaN	6.63	12.215	NaN	NaN	0.0	"2.5"	"F0034"	0	0	"PR"	66.067	"fill-di-lb"	30.515	1	0	0	922.422	0.0	1024.637	null	1091.327	0.086
2.8	0.050875	375.0	2775.0	1340.625	NaN	NaN	NaN	1	0	0	0	0	0	0	0	0	0	0	0	0	1	0	0	0	0	0	0	1	0	0	0	1	34.0	0.093	0.192	NaN	NaN	0.221	0.427	NaN	NaN	6.63	14.945	NaN	NaN	0.0	"2.5"	"F0034"	0	0	"PR"	76.099	"fill-di-lb"	40.547	1	0	0	922.422	0.0	1024.637	null	1101.359	0.084
2.5	0.050875	1125.0	2765.625	1631.25	NaN	NaN	NaN	1	0	0	0	0	0	0	0	0	0	0	0	0	1	0	0	0	0	0	0	1	0	0	0	1	30.0	0.092	0.221	NaN	NaN	0.219	0.491	NaN	NaN	6.57	17.185	NaN	NaN	0.0	"2.5"	"F0034"	0	0	"PR"	86.132	"fill-di-lb"	50.58	1	0	0	922.422	0.0	1024.637	null	1111.392	0.093
2.3	0.050875	1312.5	2765.625	1921.875	NaN	NaN	NaN	1	0	0	0	0	0	0	0	0	0	0	0	0	1	0	0	0	0	0	0	1	0	0	0	1	28.0	0.092	0.25	NaN	NaN	0.219	0.556	NaN	NaN	6.57	19.46	NaN	NaN	0.0	"2.5"	"F0034"	0	0	"PR"	96.173	"fill-di-lb"	60.621	1	0	0	922.422	0.0	1024.637	null	1121.433	0.088
2.3	0.050875	2812.5	2765.625	2231.25	NaN	NaN	NaN	1	0	0	0	0	0	0	0	0	0	0	0	0	1	0	0	0	0	0	0	1	0	0	0	1	28.0	0.092	0.281	NaN	NaN	0.219	0.624	NaN	NaN	6.57	21.84	NaN	NaN	0.0	"2.5"	"F0034"	0	0	"PR"	106.205	"fill-di-lb"	70.653	1	0	0	922.422	0.0	1024.637	null	1131.465	0.084
2.4	0.0506	1875.0	2943.75	2250.0	NaN	NaN	NaN	1	0	0	0	0	0	0	0	0	0	0	0	0	1	0	0	0	0	0	0	1	0	0	0	1	29.0	0.109	0.283	NaN	NaN	0.26	0.629	NaN	NaN	7.8	22.015	NaN	NaN	0.0	"2.5"	"F0034"	0	0	"PR"	116.04	"fill-di"	3.613	1	0	0	922.422	0.0	1024.637	null	1141.3	0.09
12.4	0.0484	29625.0	2925.0	2578.125	NaN	NaN	NaN	0	1	1	0	0	0	0	0	0	0	0	0	1	0	0	0	0	1	1	1	0	1	1	1	0	149.0	0.107	0.316	NaN	NaN	0.255	0.702	NaN	NaN	7.65	24.57	NaN	NaN	0.0	"2.5"	"F0034"	1	1	"PR"	126.09	"deionize"	9.649	1	1	0	922.422	0.0	1024.637	null	1151.35	0.084
12.4	0.0473	27562.5	2943.75	2550.0	NaN	NaN	NaN	0	1	1	0	0	0	0	0	0	0	0	0	1	0	0	0	0	1	1	1	0	1	1	1	0	149.0	0.109	0.313	NaN	NaN	0.26	0.696	NaN	NaN	7.8	24.36	NaN	NaN	0.0	"2.5"	"F0034"	1	1	"PR"	136.125	"deionize"	19.684	1	1	0	922.422	0.0	1024.637	null	1161.385	0.084
13.2	0.0462	27750.0	2915.625	2559.375	NaN	NaN	NaN	0	1	1	0	0	0	0	0	0	0	0	0	1	0	0	0	0	1	1	1	0	1	1	1	0	158.0	0.107	0.314	NaN	NaN	0.255	0.698	NaN	NaN	7.65	24.43	NaN	NaN	0.0	"2.5"	"F0034"	1	1	"PR"	146.161	"deionize"	29.72	1	1	0	922.422	0.0	1024.637	null	1171.421	0.093
12.9	0.04455	26437.5	2925.0	2550.0	NaN	NaN	NaN	0	1	1	0	0	0	0	0	0	0	0	0	1	0	0	0	0	1	1	1	0	1	1	1	0	155.0	0.107	0.313	NaN	NaN	0.255	0.696	NaN	NaN	7.65	24.36	NaN	NaN	0.0	"2.5"	"F0034"	1	1	"PR"	156.2	"deionize"	39.759	1	1	0	922.422	0.0	1024.637	null	1181.46	0.087
12.3	0.043725	29437.5	2943.75	2512.5	NaN	NaN	NaN	0	1	1	0	0	0	0	0	0	0	0	0	1	0	0	0	0	1	1	1	0	1	1	1	0	148.0	0.109	0.309	NaN	NaN	0.26	0.687	NaN	NaN	7.8	24.045	NaN	NaN	0.0	"2.5"	"F0034"	1	1	"PR"	166.232	"deionize"	49.791	1	1	0	922.422	0.0	1024.637	null	1191.492	0.084
12.5	0.0418	29250.0	2906.25	2521.875	NaN	NaN	NaN	0	1	1	0	0	0	0	0	0	0	0	0	1	0	0	0	0	1	1	1	0	1	1	1	0	150.0	0.106	0.31	NaN	NaN	0.252	0.689	NaN	NaN	7.56	24.115	NaN	NaN	0.0	"2.5"	"F0034"	1	1	"PR"	176.273	"deionize"	59.832	1	1	0	922.422	0.0	1024.637	null	1201.533	0.095
13.4	0.0418	28875.0	2934.375	2531.25	NaN	NaN	NaN	0	1	1	0	0	0	0	0	0	0	0	0	1	0	0	0	0	1	1	1	0	1	1	1	0	161.0	0.108	0.311	NaN	NaN	0.257	0.691	NaN	NaN	7.71	24.185	NaN	NaN	0.0	"2.5"	"F0034"	1	1	"PR"	186.31	"deionize"	69.869	1	1	0	922.422	0.0	1024.637	null	1211.57	0.084
12.1	0.04125	30187.5	2934.375	2512.5	NaN	NaN	NaN	0	1	1	0	0	0	0	0	0	0	0	0	1	0	0	0	0	1	1	1	0	1	1	1	0	145.0	0.108	0.309	NaN	NaN	0.257	0.687	NaN	NaN	7.71	24.045	NaN	NaN	0.0	"2.5"	"F0034"	1	1	"PR"	196.146	"deionize"	79.705	1	1	0	922.422	0.0	1024.637	null	1221.406	0.091
13.1	0.0407	29250.0	2962.5	2400.0	NaN	NaN	NaN	0	1	1	0	0	0	0	0	0	0	0	0	1	0	0	0	0	1	1	1	0	1	1	1	0	157.0	0.111	0.298	NaN	NaN	0.264	0.662	NaN	NaN	7.92	23.17	NaN	NaN	0.0	"2.5"	"F0034"	1	1	"PR"	206.187	"deionize"	89.746	1	1	0	922.422	0.0	1024.637	null	1231.447	0.088
12.6	0.0407	29250.0	2934.375	2446.875	NaN	NaN	NaN	0	1	1	0	0	0	0	0	0	0	0	0	1	0	0	0	0	1	1	1	0	1	1	1	0	151.0	0.108	0.303	NaN	NaN	0.257	0.673	NaN	NaN	7.71	23.555	NaN	NaN	0.0	"2.5"	"F0034"	1	1	"PR"	216.223	"deionize"	99.782	1	1	0	922.422	0.0	1024.637	null	1241.483	0.087
12.8	0.039325	30000.0	2925.0	2409.375	NaN	NaN	NaN	0	1	1	0	0	0	0	0	0	0	0	0	1	0	0	0	0	1	1	1	0	1	1	1	0	154.0	0.107	0.299	NaN	NaN	0.255	0.664	NaN	NaN	7.65	23.24	NaN	NaN	0.0	"2.5"	"F0034"	1	1	"PR"	226.265	"deionize"	109.824	1	1	0	922.422	0.0	1024.637	null	1251.525	0.094
13.0	0.038775	26250.0	2934.375	2371.875	NaN	NaN	NaN	0	1	1	0	0	0	0	0	0	0	0	0	1	0	0	0	0	1	1	1	0	1	1	1	0	156.0	0.108	0.295	NaN	NaN	0.257	0.656	NaN	NaN	7.71	22.96	NaN	NaN	0.0	"2.5"	"F0034"	1	1	"PR"	236.301	"deionize"	119.86	1	1	0	922.422	0.0	1024.637	null	1261.561	0.087
12.3	0.039325	28312.5	2934.375	2465.625	NaN	NaN	NaN	0	1	1	0	0	0	0	0	0	0	0	0	1	0	0	0	0	1	1	1	0	1	1	1	0	148.0	0.108	0.305	NaN	NaN	0.257	0.678	NaN	NaN	7.71	23.73	NaN	NaN	0.0	"2.5"	"F0034"	1	1	"PR"	246.337	"deionize"	129.896	1	1	0	922.422	0.0	1024.637	null	1271.597	0.087
11.7	0.038225	27375.0	2934.375	2390.625	NaN	NaN	NaN	0	1	1	0	0	0	0	0	0	0	0	0	1	0	0	0	0	1	1	1	0	1	1	1	0	140.0	0.108	0.297	NaN	NaN	0.257	0.66	NaN	NaN	7.71	23.1	NaN	NaN	0.0	"2.5"	"F0034"	1	1	"PR"	256.379	"deionize"	139.938	1	1	0	922.422	0.0	1024.637	null	1281.639	0.087
12.6	0.0385	29250.0	2934.375	2437.5	NaN	NaN	NaN	0	1	1	0	0	0	0	0	0	0	0	0	1	0	0	0	0	1	1	1	0	1	1	1	0	151.0	0.108	0.302	NaN	NaN	0.257	0.671	NaN	NaN	7.71	23.485	NaN	NaN	0.0	"2.5"	"F0034"	1	1	"PR"	266.211	"deionize"	149.77	1	1	0	922.422	0.0	1024.637	null	1291.471	0.087
12.6	0.038225	29812.5	2934.375	2437.5	NaN	NaN	NaN	0	1	1	0	0	0	0	0	0	0	0	0	1	0	0	0	0	1	1	1	0	1	1	1	0	151.0	0.108	0.302	NaN	NaN	0.257	0.671	NaN	NaN	7.71	23.485	NaN	NaN	0.0	"2.5"	"F0034"	1	1	"PR"	276.246	"deionize"	159.805	1	1	0	922.422	0.0	1024.637	null	1301.506	0.093
11.4	0.037675	30187.5	2934.375	2400.0	NaN	NaN	NaN	0	1	1	0	0	0	0	0	0	0	0	0	1	0	0	0	0	1	1	1	0	1	1	1	0	137.0	0.108	0.298	NaN	NaN	0.257	0.662	NaN	NaN	7.71	23.17	NaN	NaN	0.0	"2.5"	"F0034"	1	1	"PR"	286.287	"deionize"	169.846	1	1	0	922.422	0.0	1024.637	null	1311.547	0.087
12.4	0.037125	29250.0	2934.375	2456.25	NaN	NaN	NaN	0	1	1	0	0	0	0	0	0	0	0	0	1	0	0	0	0	1	1	1	0	1	1	1	0	149.0	0.108	0.304	NaN	NaN	0.257	0.676	NaN	NaN	7.71	23.66	NaN	NaN	0.0	"2.5"	"F0034"	1	1	"PR"	296.326	"deionize"	179.885	1	1	0	922.422	0.0	1024.637	null	1321.586	0.1
12.7	0.037125	28125.0	2934.375	2400.0	NaN	NaN	NaN	0	1	1	0	0	0	0	0	0	0	0	0	1	0	0	0	0	1	1	1	0	1	1	1	0	152.0	0.108	0.298	NaN	NaN	0.257	0.662	NaN	NaN	7.71	23.17	NaN	NaN	0.0	"2.5"	"F0034"	1	1	"PR"	306.367	"deionize"	189.926	1	1	0	922.422	0.0	1024.637	null	1331.627	0.09
12.3	0.03685	29812.5	2962.5	2390.625	NaN	NaN	NaN	0	1	1	0	0	0	0	0	0	0	0	0	1	0	0	0	0	1	1	1	0	1	1	1	0	148.0	0.111	0.297	NaN	NaN	0.264	0.66	NaN	NaN	7.92	23.1	NaN	NaN	0.0	"2.5"	"F0034"	1	1	"PR"	316.401	"deionize"	199.96	1	1	0	922.422	0.0	1024.637	null	1341.661	0.091
16.3	0.03685	26062.5	2925.0	2418.75	NaN	NaN	NaN	0	1	1	0	0	0	0	0	0	0	0	0	1	0	0	0	0	1	1	1	0	1	1	1	0	196.0	0.107	0.3	NaN	NaN	0.255	0.667	NaN	NaN	7.65	23.345	NaN	NaN	0.0	"2.5"	"F0034"	1	1	"PR"	326.435	"deionize"	209.994	1	1	0	922.422	0.0	1024.637	null	1351.695	0.1
13.6	0.036575	26437.5	2943.75	2409.375	NaN	NaN	NaN	0	1	1	0	0	0	0	0	0	0	0	0	1	0	0	0	0	1	1	1	0	1	1	1	0	163.0	0.109	0.299	NaN	NaN	0.26	0.664	NaN	NaN	7.8	23.24	NaN	NaN	0.0	"2.5"	"F0034"	1	1	"PR"	336.473	"deionize"	220.032	1	1	0	922.422	0.0	1024.637	null	1361.733	0.091
13.0	0.036025	28312.5	2934.375	2390.625	NaN	NaN	NaN	0	1	1	0	0	0	0	0	0	0	0	0	1	0	0	0	0	1	1	1	0	1	1	1	0	156.0	0.108	0.297	NaN	NaN	0.257	0.66	NaN	NaN	7.71	23.1	NaN	NaN	0.0	"2.5"	"F0034"	1	1	"PR"	346.312	"deionize"	229.871	1	1	0	922.422	0.0	1024.637	null	1371.572	0.091
12.3	0.03575	29062.5	2943.75	2390.625	NaN	NaN	NaN	0	1	1	0	0	0	0	0	0	0	0	0	1	0	0	0	0	1	1	1	0	1	1	1	0	148.0	0.109	0.297	NaN	NaN	0.26	0.66	NaN	NaN	7.8	23.1	NaN	NaN	0.0	"2.5"	"F0034"	1	1	"PR"	356.348	"deionize"	239.907	1	1	0	922.422	0.0	1024.637	null	1381.608	0.092
12.4	0.035475	26437.5	2915.625	2475.0	NaN	NaN	NaN	0	1	1	0	0	0	0	0	0	0	0	0	1	0	0	0	1	1	1	1	0	1	1	1	0	149.0	0.107	0.305	NaN	NaN	0.255	0.678	NaN	NaN	7.65	23.73	NaN	NaN	0.0	"2.5"	"F0034"	1	1	"PR"	366.492	"deionize-uv"	9.943	1	1	0	922.422	0.0	1024.637	null	1391.752	0.09
11.9	0.034925	26812.5	2943.75	2437.5	NaN	NaN	NaN	0	1	1	0	0	0	0	0	0	0	0	0	1	0	0	0	1	1	1	1	0	1	1	1	0	143.0	0.109	0.302	NaN	NaN	0.26	0.671	NaN	NaN	7.8	23.485	NaN	NaN	0.0	"2.5"	"F0034"	1	1	"PR"	376.521	"deionize-uv"	19.972	1	1	0	922.422	0.0	1024.637	null	1401.781	0.09
12.3	0.034925	26250.0	2934.375	2409.375	NaN	NaN	NaN	0	1	1	0	0	0	0	0	0	0	0	0	1	0	0	0	1	1	1	1	0	1	1	1	0	148.0	0.108	0.299	NaN	NaN	0.257	0.664	NaN	NaN	7.71	23.24	NaN	NaN	0.0	"2.5"	"F0034"	1	1	"PR"	386.358	"deionize-uv"	29.809	1	1	0	922.422	0.0	1024.637	null	1411.618	0.088
12.2	0.033825	26437.5	2915.625	2418.75	NaN	NaN	NaN	0	1	1	0	0	0	0	0	0	0	0	0	1	0	0	0	1	1	1	1	0	1	1	1	0	146.0	0.107	0.3	NaN	NaN	0.255	0.667	NaN	NaN	7.65	23.345	NaN	NaN	0.0	"2.5"	"F0034"	1	1	"PR"	396.394	"deionize-uv"	39.845	1	1	0	922.422	0.0	1024.637	null	1421.654	0.086
11.6	0.033825	28500.0	2934.375	2362.5	NaN	NaN	NaN	0	1	1	0	0	0	0	0	0	0	0	0	1	0	0	0	1	1	1	1	0	1	1	1	0	139.0	0.108	0.294	NaN	NaN	0.257	0.653	NaN	NaN	7.71	22.855	NaN	NaN	0.0	"2.5"	"F0034"	1	1	"PR"	406.429	"deionize-uv"	49.88	1	1	0	922.422	0.0	1024.637	null	1431.689	0.09
12.6	0.03355	29437.5	2934.375	2381.25	NaN	NaN	NaN	0	1	1	0	0	0	0	0	0	0	0	0	1	0	0	0	1	1	1	1	0	1	1	1	0	151.0	0.108	0.296	NaN	NaN	0.257	0.658	NaN	NaN	7.71	23.03	NaN	NaN	0.0	"2.5"	"F0034"	1	1	"PR"	416.468	"deionize-uv"	59.919	1	1	0	922.422	0.0	1024.637	null	1441.728	0.103
12.6	0.033275	28687.5	2934.375	2400.0	NaN	NaN	NaN	0	1	1	0	0	0	0	0	0	0	0	0	1	0	0	0	1	1	1	1	0	1	1	1	0	151.0	0.108	0.298	NaN	NaN	0.257	0.662	NaN	NaN	7.71	23.17	NaN	NaN	0.0	"2.5"	"F0034"	1	1	"PR"	426.504	"deionize-uv"	69.955	1	1	0	922.422	0.0	1024.637	null	1451.764	0.09
12.6	0.033	26437.5	2934.375	2362.5	NaN	NaN	NaN	0	1	1	0	0	0	0	0	0	0	0	0	1	0	0	0	1	1	1	1	0	1	1	1	0	151.0	0.108	0.294	NaN	NaN	0.257	0.653	NaN	NaN	7.71	22.855	NaN	NaN	0.0	"2.5"	"F0034"	1	1	"PR"	436.539	"deionize-uv"	79.99	1	1	0	922.422	0.0	1024.637	null	1461.799	0.09
11.9	0.032725	27375.0	2934.375	2390.625	NaN	NaN	NaN	0	1	1	0	0	0	0	0	0	0	0	0	1	0	0	0	1	1	1	1	0	1	1	1	0	143.0	0.108	0.297	NaN	NaN	0.257	0.66	NaN	NaN	7.71	23.1	NaN	NaN	0.0	"2.5"	"F0034"	1	1	"PR"	446.58	"deionize-uv"	90.031	1	1	0	922.422	0.0	1024.637	null	1471.84	0.091
12.8	0.032175	30000.0	2934.375	2409.375	NaN	NaN	NaN	0	1	1	0	0	0	0	0	0	0	0	0	1	0	0	0	1	1	1	1	0	1	1	1	0	154.0	0.108	0.299	NaN	NaN	0.257	0.664	NaN	NaN	7.71	23.24	NaN	NaN	0.0	"2.5"	"F0034"	1	1	"PR"	456.61	"deionize-uv"	100.061	1	1	0	922.422	0.0	1024.637	null	1481.87	0.087
12.4	0.032175	29812.5	2896.875	2400.0	NaN	NaN	NaN	0	1	1	0	0	0	0	0	0	0	0	0	1	0	0	0	1	1	1	1	0	1	1	1	0	149.0	0.105	0.298	NaN	NaN	0.25	0.662	NaN	NaN	7.5	23.17	NaN	NaN	0.0	"2.5"	"F0034"	1	1	"PR"	466.445	"deionize-uv"	109.896	1	1	0	922.422	0.0	1024.637	null	1491.705	0.086
12.6	0.0319	29062.5	2934.375	2437.5	NaN	NaN	NaN	0	1	1	0	0	0	0	0	0	0	0	0	1	0	0	0	1	1	1	1	0	1	1	1	0	151.0	0.108	0.302	NaN	NaN	0.257	0.671	NaN	NaN	7.71	23.485	NaN	NaN	0.0	"2.5"	"F0034"	1	1	"PR"	476.484	"deionize-uv"	119.935	1	1	0	922.422	0.0	1024.637	null	1501.744	0.086
11.9	0.03135	21375.0	2934.375	1818.75	NaN	NaN	NaN	0	0	1	0	0	0	0	1	0	0	0	0	1	0	0	0	1	1	1	1	0	1	1	1	0	143.0	0.108	0.24	NaN	NaN	0.257	0.533	NaN	NaN	7.71	18.655	NaN	NaN	0.0	"2.5"	"F0034"	1	1	"PR"	486.448	"drain-di-1"	9.763	1	1	0	922.422	0.0	1024.637	null	1511.708	0.086
12.3	0.0308	21375.0	2934.375	1603.125	NaN	NaN	NaN	0	0	1	0	0	0	0	1	0	0	0	0	1	0	0	0	1	1	1	1	0	1	1	1	0	148.0	0.108	0.218	NaN	NaN	0.257	0.484	NaN	NaN	7.71	16.94	NaN	NaN	0.0	"2.5"	"F0034"	1	1	"PR"	496.488	"drain-di-1"	19.803	1	1	0	922.422	0.0	1024.637	null	1521.748	0.087
12.6	0.0308	21375.0	2934.375	1312.5	NaN	NaN	NaN	0	0	1	0	0	0	0	1	0	0	0	0	1	0	0	0	1	1	1	1	0	1	1	1	0	151.0	0.108	0.189	NaN	NaN	0.257	0.42	NaN	NaN	7.71	14.7	NaN	NaN	0.0	"2.5"	"F0034"	1	1	"PR"	506.524	"drain-di-1"	29.839	1	1	0	922.422	0.0	1024.637	null	1531.784	0.087
11.2	0.03025	20625.0	2934.375	1040.625	NaN	NaN	NaN	0	0	1	0	0	0	0	1	0	0	0	0	1	0	0	0	1	1	1	1	0	1	1	1	0	134.0	0.108	0.162	NaN	NaN	0.257	0.36	NaN	NaN	7.71	12.6	NaN	NaN	0.0	"2.5"	"F0034"	1	1	"PR"	516.561	"drain-di-1"	39.876	1	1	0	922.422	0.0	1024.637	null	1541.821	0.086
13.6	0.03025	19687.5	2943.75	796.875	NaN	NaN	NaN	0	0	1	0	0	0	0	1	0	0	0	0	1	0	0	0	1	1	1	1	0	1	1	1	0	163.0	0.109	0.138	NaN	NaN	0.26	0.307	NaN	NaN	7.8	10.745	NaN	NaN	0.0	"2.5"	"F0034"	1	1	"PR"	526.6	"drain-di-1"	49.915	1	1	0	922.422	0.0	1024.637	null	1551.86	0.087
11.5	0.029975	20625.0	2915.625	562.5	NaN	NaN	NaN	0	0	1	0	0	0	0	1	0	0	0	0	1	0	0	0	1	1	1	1	0	1	1	1	0	138.0	0.107	0.114	NaN	NaN	0.255	0.253	NaN	NaN	7.65	8.855	NaN	NaN	0.0	"2.5"	"F0034"	1	1	"PR"	536.636	"drain-di-1"	59.951	1	1	0	922.422	0.0	1024.637	null	1561.896	0.087
12.5	0.02915	20437.5	2934.375	290.625	NaN	NaN	NaN	0	0	1	0	0	0	0	1	0	0	0	0	1	0	0	0	1	1	1	1	0	1	1	1	0	150.0	0.108	0.087	NaN	NaN	0.257	0.193	NaN	NaN	7.71	6.755	NaN	NaN	0.0	"2.5"	"F0034"	1	1	"PR"	546.674	"drain-di-1"	69.989	1	1	0	922.422	0.0	1024.637	null	1571.934	0.088
11.9	0.02915	18375.0	2934.375	18.75	NaN	NaN	NaN	0	0	1	0	0	0	0	1	0	0	0	0	1	0	0	0	1	1	1	1	0	1	1	1	0	143.0	0.108	0.06	NaN	NaN	0.257	0.133	NaN	NaN	7.71	4.655	NaN	NaN	0.0	"2.5"	"F0034"	1	1	"PR"	556.622	"drip-di-1"	1.314	1	1	0	922.422	0.0	1024.637	null	1581.882	0.087
11.6	0.0297	18937.5	2915.625	-93.75	NaN	NaN	NaN	0	0	1	0	0	0	0	1	0	0	0	0	1	0	0	0	1	1	1	1	0	1	1	1	0	139.0	0.107	0.049	NaN	NaN	0.255	0.109	NaN	NaN	7.65	3.815	NaN	NaN	0.0	"2.5"	"F0034"	1	1	"PR"	566.662	"drip-di-1"	11.354	1	1	0	922.422	0.0	1024.637	null	1591.922	0.089
-11.7	0.02915	23250.0	2746.875	-28.125	NaN	NaN	NaN	1	0	0	0	0	1	1	0	0	0	0	0	1	1	0	0	0	1	1	0	1	1	1	0	1	-140.0	0.09	0.055	NaN	NaN	0.214	0.122	NaN	NaN	6.42	4.27	NaN	NaN	0.0	"2.5"	"F0034"	1	0	"PR"	576.671	"reverse-f"	6.194	1	1	0	922.422	0.0	1024.637	null	1601.931	0.089
-11.6	0.030525	20250.0	2746.875	328.125	NaN	NaN	NaN	1	0	0	0	0	1	1	0	0	0	0	0	1	1	0	0	0	1	1	0	1	1	1	0	1	-139.0	0.09	0.091	NaN	NaN	0.214	0.202	NaN	NaN	6.42	7.07	NaN	NaN	0.0	"2.5"	"F0034"	1	0	"PR"	586.706	"reverse-f"	16.229	1	1	0	922.422	0.0	1024.637	null	1611.966	0.086
-11.8	0.0341	19500.0	2756.25	646.875	NaN	NaN	NaN	1	0	0	0	0	1	1	0	0	0	0	0	1	1	0	0	0	1	1	0	1	1	1	0	1	-142.0	0.091	0.123	NaN	NaN	0.217	0.273	NaN	NaN	6.51	9.555	NaN	NaN	0.0	"2.5"	"F0034"	1	0	"PR"	596.741	"reverse-f"	26.264	1	1	0	922.422	0.0	1024.637	null	1622.001	0.086
-12.0	0.03685	20437.5	2765.625	956.25	NaN	NaN	NaN	1	0	0	0	0	1	1	0	0	0	0	0	1	1	0	0	0	1	1	0	1	1	1	0	1	-144.0	0.092	0.154	NaN	NaN	0.219	0.342	NaN	NaN	6.57	11.97	NaN	NaN	0.0	"2.5"	"F0034"	1	0	"PR"	606.78	"reverse-f"	36.303	1	1	0	922.422	0.0	1024.637	null	1632.04	0.088
-11.9	0.040425	22125.0	2737.5	1256.25	NaN	NaN	NaN	1	0	0	0	0	1	1	0	0	0	0	0	1	1	0	0	0	1	1	0	1	1	1	0	1	-143.0	0.089	0.184	NaN	NaN	0.212	0.409	NaN	NaN	6.36	14.315	NaN	NaN	0.0	"2.5"	"F0034"	1	0	"PR"	616.612	"reverse-f"	46.135	1	1	0	922.422	0.0	1024.637	null	1641.872	0.084
-11.5	0.04345	22125.0	2756.25	1546.875	NaN	NaN	NaN	1	0	0	0	0	1	1	0	0	0	0	0	1	1	0	0	0	1	1	0	1	1	1	0	1	-138.0	0.091	0.213	NaN	NaN	0.217	0.473	NaN	NaN	6.51	16.555	NaN	NaN	0.0	"2.5"	"F0034"	1	0	"PR"	626.647	"reverse-f"	56.17	1	1	0	922.422	0.0	1024.637	null	1651.907	0.084
-11.9	0.04565	22125.0	2793.75	1865.625	NaN	NaN	NaN	1	0	0	0	0	1	1	0	0	0	0	0	1	1	0	0	0	1	1	0	1	1	1	0	1	-143.0	0.094	0.245	NaN	NaN	0.224	0.544	NaN	NaN	6.72	19.04	NaN	NaN	0.0	"2.5"	"F0034"	1	0	"PR"	636.687	"reverse-f"	66.21	1	1	0	922.422	0.0	1024.637	null	1661.947	0.084
-11.7	0.04785	19500.0	2737.5	2118.75	NaN	NaN	NaN	1	0	0	0	0	1	1	0	0	0	0	0	1	1	0	0	0	1	1	0	1	1	1	0	1	-140.0	0.089	0.27	NaN	NaN	0.212	0.6	NaN	NaN	6.36	21.0	NaN	NaN	0.0	"2.5"	"F0034"	1	0	"PR"	646.723	"reverse-f"	76.246	1	1	0	922.422	0.0	1024.637	null	1671.983	0.084
-10.9	0.049775	22687.5	2775.0	2250.0	NaN	NaN	NaN	0	0	0	0	0	1	1	0	0	0	0	0	1	0	0	0	0	1	1	0	1	1	1	0	1	-131.0	0.093	0.283	NaN	NaN	0.221	0.629	NaN	NaN	6.63	22.015	NaN	NaN	0.0	"2.5"	"F0034"	1	0	"PR"	656.671	"reverse"	86.194	1	1	0	922.422	0.0	1024.637	null	1681.931	0.088
-11.8	0.050875	19312.5	2746.875	2278.125	NaN	NaN	NaN	0	0	0	0	0	1	1	0	0	0	0	0	1	0	0	0	0	1	1	0	1	1	1	0	1	-142.0	0.09	0.286	NaN	NaN	0.214	0.636	NaN	NaN	6.42	22.26	NaN	NaN	0.0	"2.5"	"F0034"	1	0	"PR"	666.706	"reverse"	96.229	1	1	0	922.422	0.0	1024.637	null	1691.966	0.084
-12.0	0.05115	19875.0	2756.25	2268.75	NaN	NaN	NaN	0	0	0	0	0	1	1	0	0	0	0	0	1	0	0	0	0	1	1	0	1	1	1	0	1	-144.0	0.091	0.285	NaN	NaN	0.217	0.633	NaN	NaN	6.51	22.155	NaN	NaN	0.0	"2.5"	"F0034"	1	0	"PR"	676.741	"reverse"	106.264	1	1	0	922.422	0.0	1024.637	null	1702.001	0.084
-11.7	0.050875	19875.0	2746.875	2278.125	NaN	NaN	NaN	0	0	0	0	0	1	1	0	0	0	0	0	1	0	0	0	0	1	1	0	1	1	1	0	1	-140.0	0.09	0.286	NaN	NaN	0.214	0.636	NaN	NaN	6.42	22.26	NaN	NaN	0.0	"2.5"	"F0034"	1	0	"PR"	686.783	"reverse"	116.306	1	1	0	922.422	0.0	1024.637	null	1712.043	0.084
-11.7	0.052525	20437.5	2746.875	2278.125	NaN	NaN	NaN	0	0	0	0	0	1	1	0	0	0	0	0	1	0	0	0	0	1	1	0	1	1	1	0	1	-140.0	0.09	0.286	NaN	NaN	0.214	0.636	NaN	NaN	6.42	22.26	NaN	NaN	0.0	"2.5"	"F0034"	1	0	"PR"	696.819	"reverse"	126.342	1	1	0	922.422	0.0	1024.637	null	1722.079	0.084
-11.2	0.053075	20062.5	2765.625	2259.375	NaN	NaN	NaN	0	0	0	0	0	1	1	0	0	0	0	0	1	0	0	0	0	1	1	0	1	1	1	0	1	-134.0	0.092	0.284	NaN	NaN	0.219	0.631	NaN	NaN	6.57	22.085	NaN	NaN	0.0	"2.5"	"F0034"	1	0	"PR"	706.856	"reverse"	136.379	1	1	0	922.422	0.0	1024.637	null	1732.116	0.088
-11.5	0.05335	22875.0	2746.875	2278.125	NaN	NaN	NaN	0	0	0	0	0	1	1	0	0	0	0	0	1	0	0	0	0	1	1	0	1	1	1	0	1	-138.0	0.09	0.286	NaN	NaN	0.214	0.636	NaN	NaN	6.42	22.26	NaN	NaN	0.0	"2.5"	"F0034"	1	0	"PR"	716.89	"reverse"	146.413	1	1	0	922.422	0.0	1024.637	null	1742.15	0.085
-0.8	0.053625	937.5	2925.0	2287.5	NaN	NaN	NaN	0	0	0	0	0	0	0	0	0	0	0	0	0	0	0	0	0	0	0	0	1	0	0	0	1	-10.0	0.107	0.287	NaN	NaN	0.255	0.638	NaN	NaN	7.65	22.33	NaN	NaN	0.0	"2.5"	"F0034"	0	0	"PR"	726.811	"diffuse"	6.309	1	1	1	922.422	0.0	1024.637	null	1752.071	0.084
0.3	0.05335	1500.0	2934.375	2287.5	NaN	NaN	NaN	0	0	0	0	0	0	0	0	0	0	0	0	0	0	0	0	0	0	0	0	1	0	0	0	1	4.0	0.108	0.287	NaN	NaN	0.257	0.638	NaN	NaN	7.71	22.33	NaN	NaN	0.0	"2.5"	"F0034"	0	0	"PR"	736.847	"diffuse"	16.345	1	1	1	922.422	0.0	1024.637	null	1762.107	0.087
-0.8	0.053625	-937.5	2943.75	2296.875	NaN	NaN	NaN	0	0	0	0	0	0	0	0	0	0	0	0	0	0	0	0	0	0	0	0	1	0	0	0	1	-10.0	0.109	0.288	NaN	NaN	0.26	0.64	NaN	NaN	7.8	22.4	NaN	NaN	0.0	"2.5"	"F0034"	0	0	"PR"	746.886	"diffuse"	26.384	1	1	1	922.422	0.0	1024.637	null	1772.146	0.084
-12.2	0.053625	23062.5	2737.5	2287.5	NaN	NaN	NaN	0	0	0	0	0	1	1	0	0	0	0	0	1	0	0	0	0	1	1	0	1	1	1	0	1	-146.0	0.089	0.287	NaN	NaN	0.212	0.638	NaN	NaN	6.36	22.33	NaN	NaN	0.0	"2.5"	"F0034"	1	0	"PR"	756.813	"wash-en"	6.114	1	1	1	922.422	0.0	1024.637	null	1782.073	0.084
-11.8	0.05335	22125.0	2709.375	2240.625	NaN	NaN	NaN	0	0	0	0	0	1	1	0	0	0	0	0	1	0	0	0	0	1	1	0	1	1	1	0	1	-142.0	0.086	0.282	NaN	NaN	0.205	0.627	NaN	NaN	6.15	21.945	NaN	NaN	0.0	"2.5"	"F0034"	1	0	"PR"	766.851	"wash-en"	16.152	1	1	1	922.422	0.0	1024.637	null	1792.111	0.087
0.1	0.05445	19875.0	2775.0	2278.125	NaN	NaN	NaN	0	0	0	0	0	1	1	0	0	0	0	0	1	0	0	0	0	0	0	0	1	0	0	0	1	1.0	0.093	0.286	NaN	NaN	0.221	0.636	NaN	NaN	6.63	22.26	NaN	NaN	0.0	"2.5"	"F0034"	0	0	"PR"	776.981	"wash-sc"	6.115	1	1	1	922.422	0.0	1024.637	null	1802.241	0.085
-0.3	0.054725	937.5	2934.375	2287.5	NaN	NaN	NaN	0	0	0	0	0	0	0	0	0	0	0	0	0	0	0	0	0	0	0	0	1	0	0	0	1	-4.0	0.108	0.287	NaN	NaN	0.257	0.638	NaN	NaN	7.71	22.33	NaN	NaN	0.0	"2.5"	"F0034"	0	0	"PR"	786.816	"diffuse"	5.821	1	1	2	922.422	0.0	1024.637	null	1812.076	0.087
-0.5	0.055	187.5	2934.375	2296.875	NaN	NaN	NaN	0	0	0	0	0	0	0	0	0	0	0	0	0	0	0	0	0	0	0	0	1	0	0	0	1	-6.0	0.108	0.288	NaN	NaN	0.257	0.64	NaN	NaN	7.71	22.4	NaN	NaN	0.0	"2.5"	"F0034"	0	0	"PR"	796.85	"diffuse"	15.855	1	1	2	922.422	0.0	1024.637	null	1822.11	0.09
-0.8	0.055275	0.0	2906.25	2296.875	NaN	NaN	NaN	0	0	0	0	0	0	0	0	0	0	0	0	0	0	0	0	0	0	0	0	1	0	0	0	1	-10.0	0.106	0.288	NaN	NaN	0.252	0.64	NaN	NaN	7.56	22.4	NaN	NaN	0.0	"2.5"	"F0034"	0	0	"PR"	806.889	"diffuse"	25.894	1	1	2	922.422	0.0	1024.637	null	1832.149	0.087
-11.9	0.054175	23812.5	2746.875	2287.5	NaN	NaN	NaN	0	0	0	0	0	1	1	0	0	0	0	0	1	0	0	0	0	1	1	0	1	1	1	0	1	-143.0	0.09	0.287	NaN	NaN	0.214	0.638	NaN	NaN	6.42	22.33	NaN	NaN	0.0	"2.5"	"F0034"	1	0	"PR"	817.017	"wash-en"	5.913	1	1	2	922.422	0.0	1024.637	null	1842.277	0.084
-10.7	0.054175	23250.0	2746.875	2287.5	NaN	NaN	NaN	0	0	0	0	0	1	1	0	0	0	0	0	1	0	0	0	0	1	1	0	1	1	1	0	1	-128.0	0.09	0.287	NaN	NaN	0.214	0.638	NaN	NaN	6.42	22.33	NaN	NaN	0.0	"2.5"	"F0034"	1	0	"PR"	826.858	"wash-en"	15.754	1	1	2	922.422	0.0	1024.637	null	1852.118	0.089
0.7	0.05445	21375.0	2812.5	2296.875	NaN	NaN	NaN	0	0	0	0	0	1	1	0	0	0	0	0	1	0	0	0	0	0	0	0	1	0	0	0	1	8.0	0.096	0.288	NaN	NaN	0.229	0.64	NaN	NaN	6.87	22.4	NaN	NaN	0.0	"2.5"	"F0034"	0	0	"PR"	836.987	"wash-sc"	5.711	1	1	2	922.422	0.0	1024.637	null	1862.247	0.085
-0.3	0.054725	375.0	2934.375	2287.5	NaN	NaN	NaN	0	0	0	0	0	0	0	0	0	0	0	0	0	0	0	0	0	0	0	0	1	0	0	0	1	-4.0	0.108	0.287	NaN	NaN	0.257	0.638	NaN	NaN	7.71	22.33	NaN	NaN	0.0	"2.5"	"F0034"	0	0	"PR"	847.021	"diffuse"	5.619	1	1	3	922.422	0.0	1024.637	null	1872.281	0.084
0.4	0.055275	1125.0	2934.375	2287.5	NaN	NaN	NaN	0	0	0	0	0	0	0	0	0	0	0	0	0	0	0	0	0	0	0	0	1	0	0	0	1	5.0	0.108	0.287	NaN	NaN	0.257	0.638	NaN	NaN	7.71	22.33	NaN	NaN	0.0	"2.5"	"F0034"	0	0	"PR"	857.057	"diffuse"	15.655	1	1	3	922.422	0.0	1024.637	null	1882.317	0.088
0.2	0.055275	1125.0	2934.375	2287.5	NaN	NaN	NaN	0	0	0	0	0	0	0	0	0	0	0	0	0	0	0	0	0	0	0	0	1	0	0	0	1	2.0	0.108	0.287	NaN	NaN	0.257	0.638	NaN	NaN	7.71	22.33	NaN	NaN	0.0	"2.5"	"F0034"	0	0	"PR"	866.893	"diffuse"	25.491	1	1	3	922.422	0.0	1024.637	null	1892.153	0.087
-12.2	0.054725	21937.5	2793.75	2287.5	NaN	NaN	NaN	0	0	0	0	0	1	1	0	0	0	0	0	1	0	0	0	0	1	1	0	1	1	1	0	1	-146.0	0.094	0.287	NaN	NaN	0.224	0.638	NaN	NaN	6.72	22.33	NaN	NaN	0.0	"2.5"	"F0034"	1	0	"PR"	877.015	"wash-en"	5.507	1	1	3	922.422	0.0	1024.637	null	1902.275	0.087
-12.0	0.054175	22125.0	2746.875	2268.75	NaN	NaN	NaN	0	0	0	0	0	1	1	0	0	0	0	0	1	0	0	0	0	1	1	0	1	1	1	0	1	-144.0	0.09	0.285	NaN	NaN	0.214	0.633	NaN	NaN	6.42	22.155	NaN	NaN	0.0	"2.5"	"F0034"	1	0	"PR"	887.053	"wash-en"	15.545	1	1	3	922.422	0.0	1024.637	null	1912.313	0.084
0.6	0.055	21375.0	2775.0	2296.875	NaN	NaN	NaN	0	0	0	0	0	1	1	0	0	0	0	0	1	0	0	0	0	0	0	0	1	0	0	0	1	7.0	0.093	0.288	NaN	NaN	0.221	0.64	NaN	NaN	6.63	22.4	NaN	NaN	0.0	"2.5"	"F0034"	0	0	"PR"	896.981	"wash-sc"	5.309	1	1	3	922.422	0.0	1024.637	null	1922.241	0.092
0.6	0.054725	-375.0	2934.375	2278.125	NaN	NaN	NaN	0	0	0	0	0	0	0	0	0	0	0	0	0	0	0	0	0	0	0	0	1	0	0	0	1	7.0	0.108	0.286	NaN	NaN	0.257	0.636	NaN	NaN	7.71	22.26	NaN	NaN	0.0	"2.5"	"F0034"	0	0	"PR"	907.015	"diffuse"	5.217	1	1	4	922.422	0.0	1024.637	null	1932.275	0.087
-0.1	0.055275	0.0	2934.375	2287.5	NaN	NaN	NaN	0	0	0	0	0	0	0	0	0	0	0	0	0	0	0	0	0	0	0	0	1	0	0	0	1	-1.0	0.108	0.287	NaN	NaN	0.257	0.638	NaN	NaN	7.71	22.33	NaN	NaN	0.0	"2.5"	"F0034"	0	0	"PR"	917.048	"diffuse"	15.25	1	1	4	922.422	0.0	1024.637	null	1942.308	0.091
1.5	0.055275	-375.0	2934.375	2287.5	NaN	NaN	NaN	0	0	0	0	0	0	0	0	0	0	0	0	0	0	0	0	0	0	0	0	1	0	0	0	1	18.0	0.108	0.287	NaN	NaN	0.257	0.638	NaN	NaN	7.71	22.33	NaN	NaN	0.0	"2.5"	"F0034"	0	0	"PR"	927.088	"diffuse"	25.29	1	1	4	922.422	0.0	1024.637	null	1952.348	0.087
-12.4	0.054725	18375.0	2765.625	2287.5	NaN	NaN	NaN	0	0	0	0	0	1	1	0	0	0	0	0	1	0	0	0	0	1	1	0	1	1	1	0	1	-149.0	0.092	0.287	NaN	NaN	0.219	0.638	NaN	NaN	6.57	22.33	NaN	NaN	0.0	"2.5"	"F0034"	1	0	"PR"	937.011	"wash-en"	5.108	1	1	4	922.422	0.0	1024.637	null	1962.271	0.09
-11.3	0.05445	21562.5	2746.875	2268.75	NaN	NaN	NaN	0	0	0	0	0	1	1	0	0	0	0	0	1	0	0	0	0	1	1	0	1	1	1	0	1	-136.0	0.09	0.285	NaN	NaN	0.214	0.633	NaN	NaN	6.42	22.155	NaN	NaN	0.0	"2.5"	"F0034"	1	0	"PR"	947.05	"wash-en"	15.147	1	1	4	922.422	0.0	1024.637	null	1972.31	0.088
1.0	0.054725	22125.0	2784.375	2278.125	NaN	NaN	NaN	0	0	0	0	0	1	1	0	0	0	0	0	1	0	0	0	0	0	0	0	1	0	0	0	1	12.0	0.093	0.286	NaN	NaN	0.221	0.636	NaN	NaN	6.63	22.26	NaN	NaN	0.0	"2.5"	"F0034"	0	0	"PR"	957.179	"wash-sc"	5.108	1	1	4	922.422	0.0	1024.637	null	1982.439	0.091
0.6	0.055	-2250.0	2578.125	2296.875	NaN	NaN	NaN	0	0	0	0	1	0	0	0	0	0	0	0	0	0	0	0	0	0	0	0	1	0	0	0	1	7.0	0.073	0.288	NaN	NaN	0.174	0.64	NaN	NaN	5.22	22.4	NaN	NaN	0.0	"2.5"	"F0034"	0	0	"PR"	967.016	"drain-rg"	4.819	1	1	4	922.422	0.0	1024.637	null	1992.276	0.091
2.3	0.054175	-2062.5	2221.875	2287.5	NaN	NaN	NaN	0	0	0	0	1	0	0	0	0	0	0	0	0	0	0	0	0	0	0	0	1	0	0	0	1	28.0	0.037	0.287	NaN	NaN	0.088	0.638	NaN	NaN	2.64	22.33	NaN	NaN	0.0	"2.5"	"F0034"	0	0	"PR"	977.055	"drain-rg"	14.858	1	1	4	922.422	0.0	1024.637	null	2002.315	0.091
0.5	0.054175	-1875.0	1846.875	2296.875	NaN	NaN	NaN	0	0	0	0	1	0	0	0	0	0	0	0	0	0	0	0	0	0	0	0	1	0	0	0	1	6.0	-0.0	0.288	NaN	NaN	-0.0	0.64	NaN	NaN	-0.0	22.4	NaN	NaN	0.0	"2.5"	"F0034"	0	0	"PR"	987.091	"drain-rg"	24.894	1	1	4	922.422	0.0	1024.637	null	2012.351	0.087
0.9	0.055275	-2250.0	1153.125	2287.5	NaN	NaN	NaN	0	0	0	0	1	0	0	0	0	0	0	0	0	0	0	0	0	0	0	0	1	0	0	0	1	11.0	-0.07	0.287	NaN	NaN	-0.167	0.638	NaN	NaN	-5.01	22.33	NaN	NaN	0.0	"2.5"	"F0034"	0	0	"PR"	997.123	"drip-rg"	9.831	1	1	4	922.422	0.0	1024.637	null	2022.383	0.09
0.3	0.054725	20812.5	1500.0	2184.375	NaN	NaN	NaN	0	0	1	0	0	1	0	0	0	0	0	0	1	0	0	0	0	0	0	0	1	0	0	0	1	4.0	-0.035	0.276	NaN	NaN	-0.083	0.613	NaN	NaN	-2.49	21.455	NaN	NaN	0.0	"2.5"	"F0034"	0	0	"FR"	4.033	"fill-rg-di"	3.833	2	1	0	2027.803	0.0	1024.637	null	2032.46	0.09
0.1	0.054175	21937.5	2062.5	1959.375	NaN	NaN	NaN	0	0	1	0	0	1	0	0	0	0	0	0	1	0	0	0	0	0	0	0	1	0	0	0	1	1.0	0.021	0.254	NaN	NaN	0.05	0.564	NaN	NaN	1.5	19.74	NaN	NaN	0.0	"2.5"	"F0034"	0	0	"FR"	14.068	"fill-rg-di"	13.868	2	1	0	2027.803	0.0	1024.637	null	2042.495	0.091
-0.1	0.053625	22125.0	2390.625	1734.375	NaN	NaN	NaN	0	0	1	0	0	1	0	0	0	0	0	0	1	0	0	0	0	0	0	0	1	0	0	0	1	-1.0	0.054	0.231	NaN	NaN	0.129	0.513	NaN	NaN	3.87	17.955	NaN	NaN	0.0	"2.5"	"F0034"	0	0	"FR"	23.908	"fill-rg-di"	23.708	2	1	0	2027.803	0.0	1024.637	null	2052.335	0.086
0.5	0.053075	20812.5	2737.5	1462.5	NaN	NaN	NaN	0	0	1	0	0	1	0	0	0	0	0	0	1	0	0	0	0	0	0	0	1	0	0	0	1	6.0	0.089	0.204	NaN	NaN	0.212	0.453	NaN	NaN	6.36	15.855	NaN	NaN	0.0	"2.5"	"F0034"	0	0	"FR"	33.939	"fill-rg-di"	33.739	2	1	0	2027.803	0.0	1024.637	null	2062.366	0.086
0.5	0.050875	19875.0	3018.75	1190.625	NaN	NaN	NaN	0	0	1	0	0	1	0	0	0	0	0	0	1	0	0	0	0	0	0	0	1	0	0	0	1	6.0	0.117	0.177	NaN	NaN	0.279	0.393	NaN	NaN	8.37	13.755	NaN	NaN	0.0	"2.5"	"F0034"	0	0	"FR"	43.974	"fill-rg-di"	43.774	2	1	0	2027.803	0.0	1024.637	null	2072.401	0.083
0.6	0.05005	-375.0	2971.875	1003.125	NaN	NaN	NaN	0	0	0	0	1	0	0	0	0	0	0	0	0	0	0	0	0	0	0	0	1	0	0	0	1	7.0	0.112	0.158	NaN	NaN	0.267	0.351	NaN	NaN	8.01	12.285	NaN	NaN	0.0	"2.5"	"F0034"	0	0	"FR"	54.016	"drain-rg"	2.609	2	1	0	2027.803	0.0	1024.637	null	2082.443	0.091
0.8	0.050325	-375.0	2625.0	1003.125	NaN	NaN	NaN	0	0	0	0	1	0	0	0	0	0	0	0	0	0	0	0	0	0	0	0	1	0	0	0	1	10.0	0.078	0.158	NaN	NaN	0.186	0.351	NaN	NaN	5.58	12.285	NaN	NaN	0.0	"2.5"	"F0034"	0	0	"FR"	64.048	"drain-rg"	12.641	2	1	0	2027.803	0.0	1024.637	null	2092.475	0.09
0.6	0.0506	-1687.5	2259.375	1031.25	NaN	NaN	NaN	0	0	0	0	1	0	0	0	0	0	0	0	0	0	0	0	0	0	0	0	1	0	0	0	1	7.0	0.041	0.161	NaN	NaN	0.098	0.358	NaN	NaN	2.94	12.53	NaN	NaN	0.0	"2.5"	"F0034"	0	0	"FR"	74.087	"drain-rg"	22.68	2	1	0	2027.803	0.0	1024.637	null	2102.514	0.092
1.1	0.050325	-2437.5	1893.75	1003.125	NaN	NaN	NaN	0	0	0	0	1	0	0	0	0	0	0	0	0	0	0	0	0	0	0	0	1	0	0	0	1	13.0	0.004	0.158	NaN	NaN	0.01	0.351	NaN	NaN	0.3	12.285	NaN	NaN	0.0	"2.5"	"F0034"	0	0	"FR"	84.129	"drain-rg"	32.722	2	1	0	2027.803	0.0	1024.637	null	2112.556	0.089
0.3	0.049775	-2437.5	1340.625	993.75	NaN	NaN	NaN	0	0	0	0	1	0	0	0	0	0	0	0	0	0	0	0	0	0	0	0	1	0	0	0	1	4.0	-0.051	0.157	NaN	NaN	-0.121	0.349	NaN	NaN	-3.63	12.215	NaN	NaN	0.0	"2.5"	"F0034"	0	0	"FR"	94.164	"drip-rg"	8.832	2	1	0	2027.803	0.0	1024.637	null	2122.591	0.09
