cur	ec	mod-ps	rg-ps	di-ps	fw1-ps	fw2-ps	pf-ps	vlv-di-fill	vlv-di-in	vlv-di-out	vlv-rg-fill	vlv-rg-drain	vlv-rg-in	vlv-rg-out	vlv-fw1-in	vlv-fw1-out	vlv-fw2-in	vlv-po	vlv-mod-drain	pmp-sys	pmp-di	pmp-fw1	pmp-fw2	uv	en-anode1	en-cath1	pl-anode1	pl-cath1	en-anode2	en-cath2	pl-anode2	pl-cath2	pw	rg-he	di-he	fw1-he	fw2-he	rg-lev	di-lev	fw1-lev	fw2-lev	rg-vol	di-vol	fw1-vol	fw2-vol	pr-ec	ver	sn	mod-en	mod-pl	proc	proc-time	ph	ph-time	count	cyc	rnd	pr-last	rc-last	fr-last	halt-re	time	exec
1.1	0.045375	28125.0	2812.5	2287.5	NaN	NaN	NaN	0	0	0	0	0	1	1	0	0	0	0	0	1	0	0	0	0	0	0	0	1	0	0	0	1	13.0	0.096	0.287	NaN	NaN	0.229	0.638	NaN	NaN	6.87	22.33	NaN	NaN	0.0	"2.5"	"F0034"	0	0	"PR"	8.247	"prime"	6.223	0	0	0	0.0	0.0	0.0	null	10.04	0.084
1.1	0.045375	28125.0	2812.5	2287.5	NaN	NaN	NaN	0	0	0	0	0	1	1	0	0	0	0	0	1	0	0	0	0	0	0	0	1	0	0	0	1	13.0	0.096	0.287	NaN	NaN	0.229	0.638	NaN	NaN	6.87	22.33	NaN	NaN	0.0	"2.5"	"F0034"	0	0	"PR"	8.247	"prime"	6.223	0	0	0	0.0	0.0	0.0	null	10.04	0.084
1.3	0.045925	30000.0	2840.625	2296.875	NaN	NaN	NaN	0	0	0	0	0	1	1	0	0	0	0	0	1	0	0	0	0	0	0	0	1	0	0	0	1	16.0	0.099	0.288	NaN	NaN	0.236	0.64	NaN	NaN	7.08	22.4	NaN	NaN	0.0	"2.5"	"F0034"	0	0	"PR"	18.284	"prime"	16.26	0	0	0	0.0	0.0	0.0	null	20.077	0.088
0.5	0.0462	28500.0	2793.75	2287.5	NaN	NaN	NaN	0	0	0	0	0	1	1	0	0	0	0	0	1	0	0	0	0	0	0	0	1	0	0	0	1	6.0	0.094	0.287	NaN	NaN	0.224	0.638	NaN	NaN	6.72	22.33	NaN	NaN	0.0	"2.5"	"F0034"	0	0	"PR"	28.319	"prime"	26.295	0	0	0	0.0	0.0	0.0	null	30.112	0.083
-11.3	0.0451	31875.0	2981.25	2531.25	NaN	NaN	NaN	0	1	1	0	0	0	0	0	0	0	0	0	1	0	0	0	0	1	1	0	1	1	1	0	1	-136.0	0.113	0.311	NaN	NaN	0.269	0.691	NaN	NaN	8.07	24.185	NaN	NaN	0.0	"2.5"	"F0034"	1	0	"PR"	38.36	"deionize"	5.827	0	1	0	0.0	0.0	0.0	null	40.153	0.087
-11.4	0.044825	31875.0	2971.875	2587.5	NaN	NaN	NaN	0	1	1	0	0	0	0	0	0	0	0	0	1	0	0	0	0	1	1	0	1	1	1	0	1	-137.0	0.112	0.317	NaN	NaN	0.267	0.704	NaN	NaN	8.01	24.64	NaN	NaN	0.0	"2.5"	"F0034"	1	0	"PR"	48.402	"deionize"	15.869	0	1	0	0.0	0.0	0.0	null	50.195	0.088
-11.7	0.044	30000.0	2990.625	2568.75	NaN	NaN	NaN	0	1	1	0	0	0	0	0	0	0	0	0	1	0	0	0	0	1	1	0	1	1	1	0	1	-140.0	0.114	0.315	NaN	NaN	0.271	0.7	NaN	NaN	8.13	24.5	NaN	NaN	0.0	"2.5"	"F0034"	1	0	"PR"	58.434	"deionize"	25.901	0	1	0	0.0	0.0	0.0	null	60.227	0.09
-12.0	0.043175	30750.0	2990.625	2493.75	NaN	NaN	NaN	0	1	1	0	0	0	0	0	0	0	0	0	1	0	0	0	0	1	1	0	1	1	1	0	1	-144.0	0.114	0.307	NaN	NaN	0.271	0.682	NaN	NaN	8.13	23.87	NaN	NaN	0.0	"2.5"	"F0034"	1	0	"PR"	68.472	"deionize"	35.939	0	1	0	0.0	0.0	0.0	null	70.265	0.087
-12.8	0.0429	30187.5	2971.875	2568.75	NaN	NaN	NaN	0	1	1	0	0	0	0	0	0	0	0	0	1	0	0	0	0	1	1	0	1	1	1	0	1	-154.0	0.112	0.315	NaN	NaN	0.267	0.7	NaN	NaN	8.01	24.5	NaN	NaN	0.0	"2.5"	"F0034"	1	0	"PR"	78.513	"deionize"	45.98	0	1	0	0.0	0.0	0.0	null	80.306	0.087
-11.6	0.0418	30562.5	2981.25	2596.875	NaN	NaN	NaN	0	1	1	0	0	0	0	0	0	0	0	0	1	0	0	0	0	1	1	0	1	1	1	0	1	-139.0	0.113	0.318	NaN	NaN	0.269	0.707	NaN	NaN	8.07	24.745	NaN	NaN	0.0	"2.5"	"F0034"	1	0	"PR"	88.352	"deionize"	55.819	0	1	0	0.0	0.0	0.0	null	90.145	0.084
-11.3	0.0418	29437.5	2981.25	2446.875	NaN	NaN	NaN	0	1	1	0	0	0	0	0	0	0	0	0	1	0	0	0	0	1	1	0	1	1	1	0	1	-136.0	0.113	0.303	NaN	NaN	0.269	0.673	NaN	NaN	8.07	23.555	NaN	NaN	0.0	"2.5"	"F0034"	1	0	"PR"	98.396	"deionize"	65.863	0	1	0	0.0	0.0	0.0	null	100.189	0.086
-12.3	0.040425	31500.0	2981.25	2550.0	NaN	NaN	NaN	0	1	1	0	0	0	0	0	0	0	0	0	1	0	0	0	0	1	1	0	1	1	1	0	1	-148.0	0.113	0.313	NaN	NaN	0.269	0.696	NaN	NaN	8.07	24.36	NaN	NaN	0.0	"2.5"	"F0034"	1	0	"PR"	108.43	"deionize"	75.897	0	1	0	0.0	0.0	0.0	null	110.223	0.084
-11.7	0.039325	31500.0	2990.625	2531.25	NaN	NaN	NaN	0	1	1	0	0	0	0	0	0	0	0	0	1	0	0	0	0	1	1	0	1	1	1	0	1	-140.0	0.114	0.311	NaN	NaN	0.271	0.691	NaN	NaN	8.13	24.185	NaN	NaN	0.0	"2.5"	"F0034"	1	0	"PR"	118.467	"deionize"	85.934	0	1	0	0.0	0.0	0.0	null	120.26	0.084
-11.6	0.039325	31500.0	2981.25	2550.0	NaN	NaN	NaN	0	1	1	0	0	0	0	0	0	0	0	0	1	0	0	0	0	1	1	0	1	1	1	0	1	-139.0	0.113	0.313	NaN	NaN	0.269	0.696	NaN	NaN	8.07	24.36	NaN	NaN	0.0	"2.5"	"F0034"	1	0	"PR"	128.506	"deionize"	95.973	0	1	0	0.0	0.0	0.0	null	130.299	0.087
-11.6	0.038225	31312.5	2971.875	2512.5	NaN	NaN	NaN	0	1	1	0	0	0	0	0	0	0	0	0	1	0	0	0	0	1	1	0	1	1	1	0	1	-139.0	0.112	0.309	NaN	NaN	0.267	0.687	NaN	NaN	8.01	24.045	NaN	NaN	0.0	"2.5"	"F0034"	1	0	"PR"	138.543	"deionize"	106.01	0	1	0	0.0	0.0	0.0	null	140.336	0.087
-12.0	0.037675	32250.0	2981.25	2493.75	NaN	NaN	NaN	0	1	1	0	0	0	0	0	0	0	0	0	1	0	0	0	0	1	1	0	1	1	1	0	1	-144.0	0.113	0.307	NaN	NaN	0.269	0.682	NaN	NaN	8.07	23.87	NaN	NaN	0.0	"2.5"	"F0034"	1	0	"PR"	148.58	"deionize"	116.047	0	1	0	0.0	0.0	0.0	null	150.373	0.088
-12.0	0.0374	30562.5	2981.25	2503.125	NaN	NaN	NaN	0	1	1	0	0	0	0	0	0	0	0	0	1	0	0	0	0	1	1	0	1	1	1	0	1	-144.0	0.113	0.308	NaN	NaN	0.269	0.684	NaN	NaN	8.07	23.94	NaN	NaN	0.0	"2.5"	"F0034"	1	0	"PR"	158.617	"deionize"	126.084	0	1	0	0.0	0.0	0.0	null	160.41	0.087
-12.3	0.0363	30750.0	2971.875	2493.75	NaN	NaN	NaN	0	1	1	0	0	0	0	0	0	0	0	0	1	0	0	0	0	1	1	0	1	1	1	0	1	-148.0	0.112	0.307	NaN	NaN	0.267	0.682	NaN	NaN	8.01	23.87	NaN	NaN	0.0	"2.5"	"F0034"	1	0	"PR"	168.45	"deionize"	135.917	0	1	0	0.0	0.0	0.0	null	170.243	0.084
-13.8	0.036025	29250.0	2981.25	2531.25	NaN	NaN	NaN	0	1	1	0	0	0	0	0	0	0	0	0	1	0	0	0	0	1	1	0	1	1	1	0	1	-166.0	0.113	0.311	NaN	NaN	0.269	0.691	NaN	NaN	8.07	24.185	NaN	NaN	0.0	"2.5"	"F0034"	1	0	"PR"	178.492	"deionize"	145.959	0	1	0	0.0	0.0	0.0	null	180.285	0.086
-13.6	0.0352	30937.5	2981.25	2475.0	NaN	NaN	NaN	0	1	1	0	0	0	0	0	0	0	0	0	1	0	0	0	0	1	1	0	1	1	1	0	1	-163.0	0.113	0.305	NaN	NaN	0.269	0.678	NaN	NaN	8.07	23.73	NaN	NaN	0.0	"2.5"	"F0034"	1	0	"PR"	188.529	"deionize"	155.996	0	1	0	0.0	0.0	0.0	null	190.322	0.087
-11.5	0.034925	32062.5	2981.25	2512.5	NaN	NaN	NaN	0	1	1	0	0	0	0	0	0	0	0	0	1	0	0	0	0	1	1	0	1	1	1	0	1	-138.0	0.113	0.309	NaN	NaN	0.269	0.687	NaN	NaN	8.07	24.045	NaN	NaN	0.0	"2.5"	"F0034"	1	0	"PR"	198.565	"deionize"	166.032	0	1	0	0.0	0.0	0.0	null	200.358	0.084
-11.9	0.033825	31500.0	2990.625	2465.625	NaN	NaN	NaN	0	1	1	0	0	0	0	0	0	0	0	0	1	0	0	0	0	1	1	0	1	1	1	0	1	-143.0	0.114	0.305	NaN	NaN	0.271	0.678	NaN	NaN	8.13	23.73	NaN	NaN	0.0	"2.5"	"F0034"	1	0	"PR"	208.605	"deionize"	176.072	0	1	0	0.0	0.0	0.0	null	210.398	0.088
-11.3	0.034375	31312.5	2971.875	2475.0	NaN	NaN	NaN	0	1	1	0	0	0	0	0	0	0	0	0	1	0	0	0	0	1	1	0	1	1	1	0	1	-136.0	0.112	0.305	NaN	NaN	0.267	0.678	NaN	NaN	8.01	23.73	NaN	NaN	0.0	"2.5"	"F0034"	1	0	"PR"	218.642	"deionize"	186.109	0	1	0	0.0	0.0	0.0	null	220.435	0.084
-11.0	0.033825	30937.5	2981.25	2465.625	NaN	NaN	NaN	0	1	1	0	0	0	0	0	0	0	0	0	1	0	0	0	0	1	1	0	1	1	1	0	1	-132.0	0.113	0.305	NaN	NaN	0.269	0.678	NaN	NaN	8.07	23.73	NaN	NaN	0.0	"2.5"	"F0034"	1	0	"PR"	228.678	"deionize"	196.145	0	1	0	0.0	0.0	0.0	null	230.471	0.088
-9.2	0.032175	30000.0	2981.25	2437.5	NaN	NaN	NaN	0	1	1	0	0	0	0	0	0	0	0	0	1	0	0	0	0	1	1	0	1	1	1	0	1	-110.0	0.113	0.302	NaN	NaN	0.269	0.671	NaN	NaN	8.07	23.485	NaN	NaN	0.0	"2.5"	"F0034"	1	0	"PR"	238.713	"deionize"	206.18	0	1	0	0.0	0.0	0.0	null	240.506	0.084
-9.9	0.0319	30750.0	2981.25	2390.625	NaN	NaN	NaN	0	1	1	0	0	0	0	0	0	0	0	0	1	0	0	0	0	1	1	0	1	1	1	0	1	-119.0	0.113	0.297	NaN	NaN	0.269	0.66	NaN	NaN	8.07	23.1	NaN	NaN	0.0	"2.5"	"F0034"	1	0	"PR"	248.547	"deionize"	216.014	0	1	0	0.0	0.0	0.0	null	250.34	0.087
-10.3	0.03135	31312.5	2981.25	2456.25	NaN	NaN	NaN	0	1	1	0	0	0	0	0	0	0	0	0	1	0	0	0	0	1	1	0	1	1	1	0	1	-124.0	0.113	0.304	NaN	NaN	0.269	0.676	NaN	NaN	8.07	23.66	NaN	NaN	0.0	"2.5"	"F0034"	1	0	"PR"	258.591	"deionize"	226.058	0	1	0	0.0	0.0	0.0	null	260.384	0.087
-10.3	0.031625	30187.5	2981.25	2437.5	NaN	NaN	NaN	0	1	1	0	0	0	0	0	0	0	0	0	1	0	0	0	0	1	1	0	1	1	1	0	1	-124.0	0.113	0.302	NaN	NaN	0.269	0.671	NaN	NaN	8.07	23.485	NaN	NaN	0.0	"2.5"	"F0034"	1	0	"PR"	268.631	"deionize"	236.098	0	1	0	0.0	0.0	0.0	null	270.424	0.09
-13.1	0.031075	32250.0	2981.25	2446.875	NaN	NaN	NaN	0	1	1	0	0	0	0	0	0	0	0	0	1	0	0	0	1	1	1	0	1	1	1	0	1	-157.0	0.113	0.303	NaN	NaN	0.269	0.673	NaN	NaN	8.07	23.555	NaN	NaN	0.0	"2.5"	"F0034"	1	0	"PR"	278.579	"deionize-uv"	5.934	0	1	0	0.0	0.0	0.0	null	280.372	0.092
-9.8	0.030525	30000.0	2971.875	2493.75	NaN	NaN	NaN	0	1	1	0	0	0	0	0	0	0	0	0	1	0	0	0	1	1	1	0	1	1	1	0	1	-118.0	0.112	0.307	NaN	NaN	0.267	0.682	NaN	NaN	8.01	23.87	NaN	NaN	0.0	"2.5"	"F0034"	1	0	"PR"	288.615	"deionize-uv"	15.97	0	1	0	0.0	0.0	0.0	null	290.408	0.087
-9.0	0.030525	30937.5	2971.875	2493.75	NaN	NaN	NaN	0	1	1	0	0	0	0	0	0	0	0	0	1	0	0	0	1	1	1	0	1	1	1	0	1	-108.0	0.112	0.307	NaN	NaN	0.267	0.682	NaN	NaN	8.01	23.87	NaN	NaN	0.0	"2.5"	"F0034"	1	0	"PR"	298.649	"deionize-uv"	26.004	0	1	0	0.0	0.0	0.0	null	300.442	0.084
-9.6	0.03025	30562.5	2981.25	2409.375	NaN	NaN	NaN	0	1	1	0	0	0	0	0	0	0	0	0	1	0	0	0	1	1	1	0	1	1	1	0	1	-115.0	0.113	0.299	NaN	NaN	0.269	0.664	NaN	NaN	8.07	23.24	NaN	NaN	0.0	"2.5"	"F0034"	1	0	"PR"	308.688	"deionize-uv"	36.043	0	1	0	0.0	0.0	0.0	null	310.481	0.088
-8.6	0.0297	31687.5	2990.625	2446.875	NaN	NaN	NaN	0	1	1	0	0	0	0	0	0	0	0	0	1	0	0	0	1	1	1	0	1	1	1	0	1	-103.0	0.114	0.303	NaN	NaN	0.271	0.673	NaN	NaN	8.13	23.555	NaN	NaN	0.0	"2.5"	"F0034"	1	0	"PR"	318.723	"deionize-uv"	46.078	0	1	0	0.0	0.0	0.0	null	320.516	0.086
-9.5	0.02915	29250.0	2981.25	2465.625	NaN	NaN	NaN	0	1	1	0	0	0	0	0	0	0	0	0	1	0	0	0	1	1	1	0	1	1	1	0	1	-114.0	0.113	0.305	NaN	NaN	0.269	0.678	NaN	NaN	8.07	23.73	NaN	NaN	0.0	"2.5"	"F0034"	1	0	"PR"	328.758	"deionize-uv"	56.113	0	1	0	0.0	0.0	0.0	null	330.551	0.083
-9.8	0.02915	30375.0	2971.875	2465.625	NaN	NaN	NaN	0	1	1	0	0	0	0	0	0	0	0	0	1	0	0	0	1	1	1	0	1	1	1	0	1	-118.0	0.112	0.305	NaN	NaN	0.267	0.678	NaN	NaN	8.01	23.73	NaN	NaN	0.0	"2.5"	"F0034"	1	0	"PR"	338.796	"deionize-uv"	66.151	0	1	0	0.0	0.0	0.0	null	340.589	0.087
-9.4	0.028875	29437.5	2990.625	2428.125	NaN	NaN	NaN	0	1	1	0	0	0	0	0	0	0	0	0	1	0	0	0	1	1	1	0	1	1	1	0	1	-113.0	0.114	0.301	NaN	NaN	0.271	0.669	NaN	NaN	8.13	23.415	NaN	NaN	0.0	"2.5"	"F0034"	1	0	"PR"	348.635	"deionize-uv"	75.99	0	1	0	0.0	0.0	0.0	null	350.428	0.09
-9.5	0.0286	29625.0	3000.0	2400.0	NaN	NaN	NaN	0	1	1	0	0	0	0	0	0	0	0	0	1	0	0	0	1	1	1	0	1	1	1	0	1	-114.0	0.115	0.298	NaN	NaN	0.274	0.662	NaN	NaN	8.22	23.17	NaN	NaN	0.0	"2.5"	"F0034"	1	0	"PR"	358.673	"deionize-uv"	86.028	0	1	0	0.0	0.0	0.0	null	360.466	0.088
-8.6	0.028325	30000.0	2981.25	2390.625	NaN	NaN	NaN	0	1	1	0	0	0	0	0	0	0	0	0	1	0	0	0	1	1	1	0	1	1	1	0	1	-103.0	0.113	0.297	NaN	NaN	0.269	0.66	NaN	NaN	8.07	23.1	NaN	NaN	0.0	"2.5"	"F0034"	1	0	"PR"	368.712	"deionize-uv"	96.067	0	1	0	0.0	0.0	0.0	null	370.505	0.09
-8.4	0.027775	29812.5	2971.875	2418.75	NaN	NaN	NaN	0	1	1	0	0	0	0	0	0	0	0	0	1	0	0	0	1	1	1	0	1	1	1	0	1	-101.0	0.112	0.3	NaN	NaN	0.267	0.667	NaN	NaN	8.01	23.345	NaN	NaN	0.0	"2.5"	"F0034"	1	0	"PR"	378.751	"deionize-uv"	106.106	0	1	0	0.0	0.0	0.0	null	380.544	0.09
-9.8	0.027775	31500.0	2971.875	2428.125	NaN	NaN	NaN	0	1	1	0	0	0	0	0	0	0	0	0	1	0	0	0	1	1	1	0	1	1	1	0	1	-118.0	0.112	0.301	NaN	NaN	0.267	0.669	NaN	NaN	8.01	23.415	NaN	NaN	0.0	"2.5"	"F0034"	1	0	"PR"	388.789	"deionize-uv"	116.144	0	1	0	0.0	0.0	0.0	null	390.582	0.089
-9.2	0.027225	30187.5	2981.25	1950.0	NaN	NaN	NaN	0	0	1	0	0	0	0	1	0	0	0	0	1	0	0	0	1	1	1	0	1	1	1	0	1	-110.0	0.113	0.253	NaN	NaN	0.269	0.562	NaN	NaN	8.07	19.67	NaN	NaN	0.0	"2.5"	"F0034"	1	0	"PR"	398.751	"drain-di-1"	5.949	0	1	0	0.0	0.0	0.0	null	400.544	0.087
-7.3	0.02695	30000.0	2981.25	1696.875	NaN	NaN	NaN	0	0	1	0	0	0	0	1	0	0	0	0	1	0	0	0	1	1	1	0	1	1	1	0	1	-88.0	0.113	0.228	NaN	NaN	0.269	0.507	NaN	NaN	8.07	17.745	NaN	NaN	0.0	"2.5"	"F0034"	1	0	"PR"	408.789	"drain-di-1"	15.987	0	1	0	0.0	0.0	0.0	null	410.582	0.09
-8.1	0.0264	30187.5	2971.875	1462.5	NaN	NaN	NaN	0	0	1	0	0	0	0	1	0	0	0	0	1	0	0	0	1	1	1	0	1	1	1	0	1	-97.0	0.112	0.204	NaN	NaN	0.267	0.453	NaN	NaN	8.01	15.855	NaN	NaN	0.0	"2.5"	"F0034"	1	0	"PR"	418.824	"drain-di-1"	26.022	0	1	0	0.0	0.0	0.0	null	420.617	0.094
-8.4	0.026675	30000.0	2962.5	1200.0	NaN	NaN	NaN	0	0	1	0	0	0	0	1	0	0	0	0	1	0	0	0	1	1	1	0	1	1	1	0	1	-101.0	0.111	0.178	NaN	NaN	0.264	0.396	NaN	NaN	7.92	13.86	NaN	NaN	0.0	"2.5"	"F0034"	1	0	"PR"	428.861	"drain-di-1"	36.059	0	1	0	0.0	0.0	0.0	null	430.654	0.087
-8.4	0.0264	30000.0	2981.25	965.625	NaN	NaN	NaN	0	0	1	0	0	0	0	1	0	0	0	0	1	0	0	0	1	1	1	0	1	1	1	0	1	-101.0	0.113	0.155	NaN	NaN	0.269	0.344	NaN	NaN	8.07	12.04	NaN	NaN	0.0	"2.5"	"F0034"	1	0	"PR"	438.9	"drain-di-1"	46.098	0	1	0	0.0	0.0	0.0	null	440.693	0.088
-10.0	0.0264	30000.0	2981.25	721.875	NaN	NaN	NaN	0	0	1	0	0	0	0	1	0	0	0	0	1	0	0	0	1	1	1	0	1	1	1	0	1	-120.0	0.113	0.13	NaN	NaN	0.269	0.289	NaN	NaN	8.07	10.115	NaN	NaN	0.0	"2.5"	"F0034"	1	0	"PR"	448.939	"drain-di-1"	56.137	0	1	0	0.0	0.0	0.0	null	450.732	0.087
-8.4	0.0264	29625.0	2971.875	431.25	NaN	NaN	NaN	0	0	1	0	0	0	0	1	0	0	0	0	1	0	0	0	1	1	1	0	1	1	1	0	1	-101.0	0.112	0.101	NaN	NaN	0.267	0.224	NaN	NaN	8.01	7.84	NaN	NaN	0.0	"2.5"	"F0034"	1	0	"PR"	458.777	"drain-di-1"	65.975	0	1	0	0.0	0.0	0.0	null	460.57	0.088
-8.4	0.026125	29625.0	2981.25	196.875	NaN	NaN	NaN	0	0	1	0	0	0	0	1	0	0	0	0	1	0	0	0	1	1	1	0	1	1	1	0	1	-101.0	0.113	0.078	NaN	NaN	0.269	0.173	NaN	NaN	8.07	6.055	NaN	NaN	0.0	"2.5"	"F0034"	1	0	"PR"	468.817	"drain-di-1"	76.015	0	1	0	0.0	0.0	0.0	null	470.61	0.087
-8.6	0.0264	30187.5	2971.875	-46.875	NaN	NaN	NaN	0	0	1	0	0	0	0	1	0	0	0	0	1	0	0	0	1	1	1	0	1	1	1	0	1	-103.0	0.112	0.053	NaN	NaN	0.267	0.118	NaN	NaN	8.01	4.13	NaN	NaN	0.0	"2.5"	"F0034"	1	0	"PR"	478.957	"drip-di-1"	4.319	0	1	0	0.0	0.0	0.0	null	480.75	0.088
-7.8	0.025575	30000.0	2971.875	-28.125	NaN	NaN	NaN	0	0	1	0	0	0	0	1	0	0	0	0	1	0	0	0	1	1	1	0	1	1	1	0	1	-94.0	0.112	0.055	NaN	NaN	0.267	0.122	NaN	NaN	8.01	4.27	NaN	NaN	0.0	"2.5"	"F0034"	1	0	"PR"	488.798	"drip-di-1"	14.16	0	1	0	0.0	0.0	0.0	null	490.591	0.085
15.7	0.026675	29250.0	2793.75	93.75	NaN	NaN	NaN	1	0	0	0	0	1	1	0	0	0	0	0	1	1	0	0	0	1	1	1	0	1	1	1	0	188.0	0.094	0.067	NaN	NaN	0.224	0.149	NaN	NaN	6.72	5.215	NaN	NaN	0.0	"2.5"	"F0034"	1	1	"PR"	498.999	"reverse-f"	9.197	0	1	0	0.0	0.0	0.0	null	500.792	0.091
12.6	0.028325	25687.5	2812.5	412.5	NaN	NaN	NaN	1	0	0	0	0	1	1	0	0	0	0	0	1	1	0	0	0	1	1	1	0	1	1	1	0	151.0	0.096	0.099	NaN	NaN	0.229	0.22	NaN	NaN	6.87	7.7	NaN	NaN	0.0	"2.5"	"F0034"	1	1	"PR"	508.832	"reverse-f"	19.03	0	1	0	0.0	0.0	0.0	null	510.625	0.09
12.3	0.031075	29812.5	2803.125	712.5	NaN	NaN	NaN	1	0	0	0	0	1	1	0	0	0	0	0	1	1	0	0	0	1	1	1	0	1	1	1	0	148.0	0.095	0.129	NaN	NaN	0.226	0.287	NaN	NaN	6.78	10.045	NaN	NaN	0.0	"2.5"	"F0034"	1	1	"PR"	518.863	"reverse-f"	29.061	0	1	0	0.0	0.0	0.0	null	520.656	0.087
12.7	0.0341	29250.0	2831.25	993.75	NaN	NaN	NaN	1	0	0	0	0	1	1	0	0	0	0	0	1	1	0	0	0	1	1	1	0	1	1	1	0	152.0	0.098	0.157	NaN	NaN	0.233	0.349	NaN	NaN	6.99	12.215	NaN	NaN	0.0	"2.5"	"F0034"	1	1	"PR"	528.902	"reverse-f"	39.1	0	1	0	0.0	0.0	0.0	null	530.695	0.09
11.1	0.036575	26437.5	2859.375	1265.625	NaN	NaN	NaN	1	0	0	0	0	1	1	0	0	0	0	0	1	1	0	0	0	1	1	1	0	1	1	1	0	133.0	0.101	0.185	NaN	NaN	0.24	0.411	NaN	NaN	7.2	14.385	NaN	NaN	0.0	"2.5"	"F0034"	1	1	"PR"	538.936	"reverse-f"	49.134	0	1	0	0.0	0.0	0.0	null	540.729	0.094
12.3	0.039325	26062.5	2831.25	1575.0	NaN	NaN	NaN	1	0	0	0	0	1	1	0	0	0	0	0	1	1	0	0	0	1	1	1	0	1	1	1	0	148.0	0.098	0.215	NaN	NaN	0.233	0.478	NaN	NaN	6.99	16.73	NaN	NaN	0.0	"2.5"	"F0034"	1	1	"PR"	548.973	"reverse-f"	59.171	0	1	0	0.0	0.0	0.0	null	550.766	0.09
13.0	0.041525	27375.0	2821.875	1865.625	NaN	NaN	NaN	1	0	0	0	0	1	1	0	0	0	0	0	1	1	0	0	0	1	1	1	0	1	1	1	0	156.0	0.097	0.245	NaN	NaN	0.231	0.544	NaN	NaN	6.93	19.04	NaN	NaN	0.0	"2.5"	"F0034"	1	1	"PR"	559.011	"reverse-f"	69.209	0	1	0	0.0	0.0	0.0	null	560.804	0.09
12.9	0.0429	29437.5	2821.875	2128.125	NaN	NaN	NaN	1	0	0	0	0	1	1	0	0	0	0	0	1	1	0	0	0	1	1	1	0	1	1	1	0	155.0	0.097	0.271	NaN	NaN	0.231	0.602	NaN	NaN	6.93	21.07	NaN	NaN	0.0	"2.5"	"F0034"	1	1	"PR"	569.047	"reverse-f"	79.245	0	1	0	0.0	0.0	0.0	null	570.84	0.09
12.4	0.045375	26625.0	2850.0	2278.125	NaN	NaN	NaN	0	0	0	0	0	1	1	0	0	0	0	0	1	0	0	0	0	1	1	1	0	1	1	1	0	149.0	0.1	0.286	NaN	NaN	0.238	0.636	NaN	NaN	7.14	22.26	NaN	NaN	0.0	"2.5"	"F0034"	1	1	"PR"	578.995	"reverse"	89.193	0	1	0	0.0	0.0	0.0	null	580.788	0.092
12.3	0.0462	29062.5	2812.5	2268.75	NaN	NaN	NaN	0	0	0	0	0	1	1	0	0	0	0	0	1	0	0	0	0	1	1	1	0	1	1	1	0	148.0	0.096	0.285	NaN	NaN	0.229	0.633	NaN	NaN	6.87	22.155	NaN	NaN	0.0	"2.5"	"F0034"	1	1	"PR"	589.029	"reverse"	99.227	0	1	0	0.0	0.0	0.0	null	590.822	0.09
12.8	0.047025	29625.0	2821.875	2259.375	NaN	NaN	NaN	0	0	0	0	0	1	1	0	0	0	0	0	1	0	0	0	0	1	1	1	0	1	1	1	0	154.0	0.097	0.284	NaN	NaN	0.231	0.631	NaN	NaN	6.93	22.085	NaN	NaN	0.0	"2.5"	"F0034"	1	1	"PR"	599.061	"reverse"	109.259	0	1	0	0.0	0.0	0.0	null	600.854	0.09
13.0	0.04785	28500.0	2831.25	2259.375	NaN	NaN	NaN	0	0	0	0	0	1	1	0	0	0	0	0	1	0	0	0	0	1	1	1	0	1	1	1	0	156.0	0.098	0.284	NaN	NaN	0.233	0.631	NaN	NaN	6.99	22.085	NaN	NaN	0.0	"2.5"	"F0034"	1	1	"PR"	609.102	"reverse"	119.3	0	1	0	0.0	0.0	0.0	null	610.895	0.09
12.8	0.04895	29812.5	2821.875	2250.0	NaN	NaN	NaN	0	0	0	0	0	1	1	0	0	0	0	0	1	0	0	0	0	1	1	1	0	1	1	1	0	154.0	0.097	0.283	NaN	NaN	0.231	0.629	NaN	NaN	6.93	22.015	NaN	NaN	0.0	"2.5"	"F0034"	1	1	"PR"	618.942	"reverse"	129.14	0	1	0	0.0	0.0	0.0	null	620.735	0.083
12.9	0.049775	29250.0	2793.75	2259.375	NaN	NaN	NaN	0	0	0	0	0	1	1	0	0	0	0	0	1	0	0	0	0	1	1	1	0	1	1	1	0	155.0	0.094	0.284	NaN	NaN	0.224	0.631	NaN	NaN	6.72	22.085	NaN	NaN	0.0	"2.5"	"F0034"	1	1	"PR"	628.983	"reverse"	139.181	0	1	0	0.0	0.0	0.0	null	630.776	0.092
12.6	0.049775	26062.5	2812.5	2287.5	NaN	NaN	NaN	0	0	0	0	0	1	1	0	0	0	0	0	1	0	0	0	0	1	1	1	0	1	1	1	0	151.0	0.096	0.287	NaN	NaN	0.229	0.638	NaN	NaN	6.87	22.33	NaN	NaN	0.0	"2.5"	"F0034"	1	1	"PR"	639.018	"reverse"	149.216	0	1	0	0.0	0.0	0.0	null	640.811	0.086
2.5	0.050325	2625.0	3018.75	2278.125	NaN	NaN	NaN	0	0	0	0	0	0	0	0	0	0	0	0	0	0	0	0	0	0	0	0	1	0	0	0	1	30.0	0.117	0.286	NaN	NaN	0.279	0.636	NaN	NaN	8.37	22.26	NaN	NaN	0.0	"2.5"	"F0034"	0	0	"PR"	649.144	"diffuse"	9.323	0	1	1	0.0	0.0	0.0	null	650.937	0.09
3.4	0.050875	2250.0	3000.0	2278.125	NaN	NaN	NaN	0	0	0	0	0	0	0	0	0	0	0	0	0	0	0	0	0	0	0	0	1	0	0	0	1	41.0	0.115	0.286	NaN	NaN	0.274	0.636	NaN	NaN	8.22	22.26	NaN	NaN	0.0	"2.5"	"F0034"	0	0	"PR"	658.981	"diffuse"	19.16	0	1	1	0.0	0.0	0.0	null	660.774	0.088
4.3	0.05005	562.5	2990.625	2278.125	NaN	NaN	NaN	0	0	0	0	0	0	0	0	0	0	0	0	0	0	0	0	0	0	0	0	1	0	0	0	1	52.0	0.114	0.286	NaN	NaN	0.271	0.636	NaN	NaN	8.13	22.26	NaN	NaN	0.0	"2.5"	"F0034"	0	0	"PR"	669.013	"diffuse"	29.192	0	1	1	0.0	0.0	0.0	null	670.806	0.084
12.7	0.050325	26062.5	2831.25	2268.75	NaN	NaN	NaN	0	0	0	0	0	1	1	0	0	0	0	0	1	0	0	0	0	1	1	1	0	1	1	1	0	152.0	0.098	0.285	NaN	NaN	0.233	0.633	NaN	NaN	6.99	22.155	NaN	NaN	0.0	"2.5"	"F0034"	1	1	"PR"	679.135	"wash-en"	9.119	0	1	1	0.0	0.0	0.0	null	680.928	0.086
13.3	0.051425	27000.0	2821.875	2240.625	NaN	NaN	NaN	0	0	0	0	0	1	1	0	0	0	0	0	1	0	0	0	0	1	1	1	0	1	1	1	0	160.0	0.097	0.282	NaN	NaN	0.231	0.627	NaN	NaN	6.93	21.945	NaN	NaN	0.0	"2.5"	"F0034"	1	1	"PR"	689.17	"wash-en"	19.154	0	1	1	0.0	0.0	0.0	null	690.963	0.086
3.3	0.051975	30000.0	2821.875	2278.125	NaN	NaN	NaN	0	0	0	0	0	1	1	0	0	0	0	0	1	0	0	0	0	0	0	0	1	0	0	0	1	40.0	0.097	0.286	NaN	NaN	0.231	0.636	NaN	NaN	6.93	22.26	NaN	NaN	0.0	"2.5"	"F0034"	0	0	"PR"	699.104	"wash-sc"	8.929	0	1	1	0.0	0.0	0.0	null	700.897	0.085
2.8	0.05225	0.0	2990.625	2268.75	NaN	NaN	NaN	0	0	0	0	0	0	0	0	0	0	0	0	0	0	0	0	0	0	0	0	1	0	0	0	1	34.0	0.114	0.285	NaN	NaN	0.271	0.633	NaN	NaN	8.13	22.155	NaN	NaN	0.0	"2.5"	"F0034"	0	0	"PR"	709.138	"diffuse"	8.831	0	1	2	0.0	0.0	0.0	null	710.931	0.086
3.3	0.05225	375.0	2990.625	2278.125	NaN	NaN	NaN	0	0	0	0	0	0	0	0	0	0	0	0	0	0	0	0	0	0	0	0	1	0	0	0	1	40.0	0.114	0.286	NaN	NaN	0.271	0.636	NaN	NaN	8.13	22.26	NaN	NaN	0.0	"2.5"	"F0034"	0	0	"PR"	719.177	"diffuse"	18.87	0	1	2	0.0	0.0	0.0	null	720.97	0.088
3.4	0.05225	1687.5	3000.0	2278.125	NaN	NaN	NaN	0	0	0	0	0	0	0	0	0	0	0	0	0	0	0	0	0	0	0	0	1	0	0	0	1	41.0	0.115	0.286	NaN	NaN	0.274	0.636	NaN	NaN	8.22	22.26	NaN	NaN	0.0	"2.5"	"F0034"	0	0	"PR"	729.217	"diffuse"	28.91	0	1	2	0.0	0.0	0.0	null	731.01	0.086
12.4	0.051975	29812.5	2821.875	2278.125	NaN	NaN	NaN	0	0	0	0	0	1	1	0	0	0	0	0	1	0	0	0	0	1	1	1	0	1	1	1	0	149.0	0.097	0.286	NaN	NaN	0.231	0.636	NaN	NaN	6.93	22.26	NaN	NaN	0.0	"2.5"	"F0034"	1	1	"PR"	739.143	"wash-en"	8.722	0	1	2	0.0	0.0	0.0	null	740.936	0.084
12.3	0.051975	27937.5	2831.25	2268.75	NaN	NaN	NaN	0	0	0	0	0	1	1	0	0	0	0	0	1	0	0	0	0	1	1	1	0	1	1	1	0	148.0	0.098	0.285	NaN	NaN	0.233	0.633	NaN	NaN	6.99	22.155	NaN	NaN	0.0	"2.5"	"F0034"	1	1	"PR"	749.179	"wash-en"	18.758	0	1	2	0.0	0.0	0.0	null	750.972	0.084
1.1	0.05225	27562.5	2840.625	2240.625	NaN	NaN	NaN	0	0	0	0	0	1	1	0	0	0	0	0	1	0	0	0	0	0	0	0	1	0	0	0	1	13.0	0.099	0.282	NaN	NaN	0.236	0.627	NaN	NaN	7.08	21.945	NaN	NaN	0.0	"2.5"	"F0034"	0	0	"PR"	759.109	"wash-sc"	8.524	0	1	2	0.0	0.0	0.0	null	760.902	0.084
2.1	0.053075	2250.0	2990.625	2250.0	NaN	NaN	NaN	0	0	0	0	0	0	0	0	0	0	0	0	0	0	0	0	0	0	0	0	1	0	0	0	1	25.0	0.114	0.283	NaN	NaN	0.271	0.629	NaN	NaN	8.13	22.015	NaN	NaN	0.0	"2.5"	"F0034"	0	0	"PR"	769.142	"diffuse"	8.427	0	1	3	0.0	0.0	0.0	null	770.935	0.086
2.8	0.053075	1125.0	2981.25	2278.125	NaN	NaN	NaN	0	0	0	0	0	0	0	0	0	0	0	0	0	0	0	0	0	0	0	0	1	0	0	0	1	34.0	0.113	0.286	NaN	NaN	0.269	0.636	NaN	NaN	8.07	22.26	NaN	NaN	0.0	"2.5"	"F0034"	0	0	"PR"	779.181	"diffuse"	18.466	0	1	3	0.0	0.0	0.0	null	780.974	0.087
2.0	0.053075	937.5	2981.25	2306.25	NaN	NaN	NaN	0	0	0	0	0	0	0	0	0	0	0	0	0	0	0	0	0	0	0	0	1	0	0	0	1	24.0	0.113	0.289	NaN	NaN	0.269	0.642	NaN	NaN	8.07	22.47	NaN	NaN	0.0	"2.5"	"F0034"	0	0	"PR"	789.216	"diffuse"	28.501	0	1	3	0.0	0.0	0.0	null	791.009	0.083
12.8	0.051975	25875.0	2821.875	2268.75	NaN	NaN	NaN	0	0	0	0	0	1	1	0	0	0	0	0	1	0	0	0	0	1	1	1	0	1	1	1	0	154.0	0.097	0.285	NaN	NaN	0.231	0.633	NaN	NaN	6.93	22.155	NaN	NaN	0.0	"2.5"	"F0034"	1	1	"PR"	799.338	"wash-en"	8.517	0	1	3	0.0	0.0	0.0	null	801.131	0.086
14.3	0.052525	28125.0	2812.5	2268.75	NaN	NaN	NaN	0	0	0	0	0	1	1	0	0	0	0	0	1	0	0	0	0	1	1	1	0	1	1	1	0	172.0	0.096	0.285	NaN	NaN	0.229	0.633	NaN	NaN	6.87	22.155	NaN	NaN	0.0	"2.5"	"F0034"	1	1	"PR"	809.173	"wash-en"	18.352	0	1	3	0.0	0.0	0.0	null	810.966	0.083
1.8	0.0528	28875.0	2821.875	2287.5	NaN	NaN	NaN	0	0	0	0	0	1	1	0	0	0	0	0	1	0	0	0	0	0	0	0	1	0	0	0	1	22.0	0.097	0.287	NaN	NaN	0.231	0.638	NaN	NaN	6.93	22.33	NaN	NaN	0.0	"2.5"	"F0034"	0	0	"PR"	819.305	"wash-sc"	8.323	0	1	3	0.0	0.0	0.0	null	821.098	0.084
2.4	0.0528	937.5	2990.625	2278.125	NaN	NaN	NaN	0	0	0	0	0	0	0	0	0	0	0	0	0	0	0	0	0	0	0	0	1	0	0	0	1	29.0	0.114	0.286	NaN	NaN	0.271	0.636	NaN	NaN	8.13	22.26	NaN	NaN	0.0	"2.5"	"F0034"	0	0	"PR"	829.341	"diffuse"	8.23	0	1	4	0.0	0.0	0.0	null	831.134	0.083
2.4	0.053075	1125.0	2990.625	2278.125	NaN	NaN	NaN	0	0	0	0	0	0	0	0	0	0	0	0	0	0	0	0	0	0	0	0	1	0	0	0	1	29.0	0.114	0.286	NaN	NaN	0.271	0.636	NaN	NaN	8.13	22.26	NaN	NaN	0.0	"2.5"	"F0034"	0	0	"PR"	839.376	"diffuse"	18.265	0	1	4	0.0	0.0	0.0	null	841.169	0.084
2.6	0.053075	1312.5	2990.625	2278.125	NaN	NaN	NaN	0	0	0	0	0	0	0	0	0	0	0	0	0	0	0	0	0	0	0	0	1	0	0	0	1	31.0	0.114	0.286	NaN	NaN	0.271	0.636	NaN	NaN	8.13	22.26	NaN	NaN	0.0	"2.5"	"F0034"	0	0	"PR"	849.213	"diffuse"	28.102	0	1	4	0.0	0.0	0.0	null	851.006	0.086
13.8	0.051975	26250.0	2812.5	2259.375	NaN	NaN	NaN	0	0	0	0	0	1	1	0	0	0	0	0	1	0	0	0	0	1	1	1	0	1	1	1	0	166.0	0.096	0.284	NaN	NaN	0.229	0.631	NaN	NaN	6.87	22.085	NaN	NaN	0.0	"2.5"	"F0034"	1	1	"PR"	859.347	"wash-en"	8.127	0	1	4	0.0	0.0	0.0	null	861.14	0.083
12.3	0.052525	26812.5	2821.875	2250.0	NaN	NaN	NaN	0	0	0	0	0	1	1	0	0	0	0	0	1	0	0	0	0	1	1	1	0	1	1	1	0	148.0	0.097	0.283	NaN	NaN	0.231	0.629	NaN	NaN	6.93	22.015	NaN	NaN	0.0	"2.5"	"F0034"	1	1	"PR"	869.385	"wash-en"	18.165	0	1	4	0.0	0.0	0.0	null	871.178	0.088
1.7	0.053075	28875.0	2793.75	2278.125	NaN	NaN	NaN	0	0	0	0	0	1	1	0	0	0	0	0	1	0	0	0	0	0	0	0	1	0	0	0	1	20.0	0.094	0.286	NaN	NaN	0.224	0.636	NaN	NaN	6.72	22.26	NaN	NaN	0.0	"2.5"	"F0034"	0	0	"PR"	879.312	"wash-sc"	7.919	0	1	4	0.0	0.0	0.0	null	881.105	0.087
1.3	0.0528	-375.0	2493.75	2278.125	NaN	NaN	NaN	0	0	0	0	1	0	0	0	0	0	0	0	0	0	0	0	0	0	0	0	1	0	0	0	1	16.0	0.064	0.286	NaN	NaN	0.152	0.636	NaN	NaN	4.56	22.26	NaN	NaN	0.0	"2.5"	"F0034"	0	0	"PR"	889.343	"drain-rg"	7.822	0	1	4	0.0	0.0	0.0	null	891.136	0.083
4.6	0.052525	-750.0	2118.75	2278.125	NaN	NaN	NaN	0	0	0	0	1	0	0	0	0	0	0	0	0	0	0	0	0	0	0	0	1	0	0	0	1	55.0	0.027	0.286	NaN	NaN	0.064	0.636	NaN	NaN	1.92	22.26	NaN	NaN	0.0	"2.5"	"F0034"	0	0	"PR"	899.38	"drain-rg"	17.859	0	1	4	0.0	0.0	0.0	null	901.173	0.087
2.0	0.052525	-562.5	1762.5	2278.125	NaN	NaN	NaN	0	0	0	0	1	0	0	0	0	0	0	0	0	0	0	0	0	0	0	0	1	0	0	0	1	24.0	-0.009	0.286	NaN	NaN	-0.021	0.636	NaN	NaN	-0.63	22.26	NaN	NaN	0.0	"2.5"	"F0034"	0	0	"PR"	909.418	"drip-rg"	1.204	0	1	4	0.0	0.0	0.0	null	911.211	0.086
2.0	0.053075	-562.5	-18.75	2250.0	NaN	NaN	NaN	0	0	0	0	1	0	0	0	0	0	0	0	0	0	0	0	0	0	0	0	1	0	0	0	1	24.0	-0.187	0.283	NaN	NaN	-0.445	0.629	NaN	NaN	-13.35	22.015	NaN	NaN	0.0	"2.5"	"F0034"	0	0	"PR"	919.458	"drip-rg"	11.244	0	1	4	0.0	0.0	0.0	null	921.251	0.084
2.7	0.0528	27750.0	1650.0	2156.25	NaN	NaN	NaN	0	0	1	0	0	1	0	0	0	0	0	0	1	0	0	0	0	0	0	0	1	0	0	0	1	32.0	-0.02	0.274	NaN	NaN	-0.048	0.609	NaN	NaN	-1.44	21.315	NaN	NaN	0.0	"2.5"	"F0034"	0	0	"FR"	5.235	"fill-rg-di"	5.035	1	1	0	925.265	0.0	0.0	null	931.128	0.087
1.7	0.052525	28687.5	2128.125	1903.125	NaN	NaN	NaN	0	0	1	0	0	1	0	0	0	0	0	0	1	0	0	0	0	0	0	0	1	0	0	0	1	20.0	0.028	0.248	NaN	NaN	0.067	0.551	NaN	NaN	2.01	19.285	NaN	NaN	0.0	"2.5"	"F0034"	0	0	"FR"	15.274	"fill-rg-di"	15.074	1	1	0	925.265	0.0	0.0	null	941.167	0.088
1.7	0.050875	26625.0	2446.875	1650.0	NaN	NaN	NaN	0	0	1	0	0	1	0	0	0	0	0	0	1	0	0	0	0	0	0	0	1	0	0	0	1	20.0	0.06	0.223	NaN	NaN	0.143	0.496	NaN	NaN	4.29	17.36	NaN	NaN	0.0	"2.5"	"F0034"	0	0	"FR"	25.31	"fill-rg-di"	25.11	1	1	0	925.265	0.0	0.0	null	951.203	0.084
1.8	0.049775	28687.5	2737.5	1378.125	NaN	NaN	NaN	0	0	1	0	0	1	0	0	0	0	0	0	1	0	0	0	0	0	0	0	1	0	0	0	1	22.0	0.089	0.196	NaN	NaN	0.212	0.436	NaN	NaN	6.36	15.26	NaN	NaN	0.0	"2.5"	"F0034"	0	0	"FR"	35.346	"fill-rg-di"	35.146	1	1	0	925.265	0.0	0.0	null	961.239	0.086
0.8	0.0484	27562.5	3056.25	1153.125	NaN	NaN	NaN	0	0	1	0	0	1	0	0	0	0	0	0	1	0	0	0	0	0	0	0	1	0	0	0	1	10.0	0.121	0.173	NaN	NaN	0.288	0.384	NaN	NaN	8.64	13.44	NaN	NaN	0.0	"2.5"	"F0034"	0	0	"FR"	45.391	"fill-rg-di"	45.191	1	1	0	925.265	0.0	0.0	null	971.284	0.088
1.5	0.048125	-3000.0	2915.625	975.0	NaN	NaN	NaN	0	0	0	0	1	0	0	0	0	0	0	0	0	0	0	0	0	0	0	0	1	0	0	0	1	18.0	0.107	0.155	NaN	NaN	0.255	0.344	NaN	NaN	7.65	12.04	NaN	NaN	0.0	"2.5"	"F0034"	0	0	"FR"	55.425	"drain-rg"	3.208	1	1	0	925.265	0.0	0.0	null	981.318	0.084
1.6	0.0484	-6562.5	2540.625	975.0	NaN	NaN	NaN	0	0	0	0	1	0	0	0	0	0	0	0	0	0	0	0	0	0	0	0	1	0	0	0	1	19.0	0.069	0.155	NaN	NaN	0.164	0.344	NaN	NaN	4.92	12.04	NaN	NaN	0.0	"2.5"	"F0034"	0	0	"FR"	65.465	"drain-rg"	13.248	1	1	0	925.265	0.0	0.0	null	991.358	0.084
0.8	0.047575	-7125.0	2193.75	965.625	NaN	NaN	NaN	0	0	0	0	1	0	0	0	0	0	0	0	0	0	0	0	0	0	0	0	1	0	0	0	1	10.0	0.034	0.155	NaN	NaN	0.081	0.344	NaN	NaN	2.43	12.04	NaN	NaN	0.0	"2.5"	"F0034"	0	0	"FR"	75.303	"drain-rg"	23.086	1	1	0	925.265	0.0	0.0	null	1001.196	0.091
1.3	0.048125	-6937.5	1846.875	965.625	NaN	NaN	NaN	0	0	0	0	1	0	0	0	0	0	0	0	0	0	0	0	0	0	0	0	1	0	0	0	1	16.0	-0.0	0.155	NaN	NaN	-0.0	0.344	NaN	NaN	-0.0	12.04	NaN	NaN	0.0	"2.5"	"F0034"	0	0	"FR"	85.336	"drain-rg"	33.119	1	1	0	925.265	0.0	0.0	null	1011.229	0.09
1.8	0.047575	-8250.0	1190.625	975.0	NaN	NaN	NaN	0	0	0	0	1	0	0	0	0	0	0	0	0	0	0	0	0	0	0	0	1	0	0	0	1	22.0	-0.066	0.155	NaN	NaN	-0.157	0.344	NaN	NaN	-4.71	12.04	NaN	NaN	0.0	"2.5"	"F0034"	0	0	"FR"	95.369	"drip-rg"	9.43	1	1	0	925.265	0.0	0.0	null	1021.262	0.091
1.8	0.0484	25500.0	1003.125	909.375	NaN	NaN	NaN	0	0	1	0	0	1	0	0	0	0	0	0	1	0	0	0	0	0	0	0	1	0	0	0	1	22.0	-0.085	0.149	NaN	NaN	-0.202	0.331	NaN	NaN	-6.06	11.585	NaN	NaN	0.0	"2.5"	"F0034"	0	0	"PR"	3.637	"fill-rg-di"	3.436	1	0	0	925.265	0.0	1027.088	null	1031.346	0.084
1.4	0.04785	26625.0	2043.75	637.5	NaN	NaN	NaN	0	0	1	0	0	1	0	0	0	0	0	0	1	0	0	0	0	0	0	0	1	0	0	0	1	17.0	0.019	0.122	NaN	NaN	0.045	0.271	NaN	NaN	1.35	9.485	NaN	NaN	0.0	"2.5"	"F0034"	0	0	"PR"	13.676	"fill-rg-di"	13.475	1	0	0	925.265	0.0	1027.088	null	1041.385	0.086
1.8	0.047025	26062.5	2390.625	393.75	NaN	NaN	NaN	0	0	1	0	0	1	0	0	0	0	0	0	1	0	0	0	0	0	0	0	1	0	0	0	1	22.0	0.054	0.097	NaN	NaN	0.129	0.216	NaN	NaN	3.87	7.56	NaN	NaN	0.0	"2.5"	"F0034"	0	0	"PR"	23.712	"fill-rg-di"	23.511	1	0	0	925.265	0.0	1027.088	null	1051.421	0.084
2.1	0.0462	26437.5	2671.875	140.625	NaN	NaN	NaN	0	0	1	0	0	1	0	0	0	0	0	0	1	0	0	0	0	0	0	0	1	0	0	0	1	25.0	0.082	0.072	NaN	NaN	0.195	0.16	NaN	NaN	5.85	5.6	NaN	NaN	0.0	"2.5"	"F0034"	0	0	"PR"	33.551	"fill-rg-di"	33.35	1	0	0	925.265	0.0	1027.088	null	1061.26	0.091
3.1	0.04565	1125.0	2756.25	300.0	NaN	NaN	NaN	1	0	0	0	0	0	0	0	0	0	0	0	0	1	0	0	0	0	0	0	1	0	0	0	1	37.0	0.091	0.088	NaN	NaN	0.217	0.196	NaN	NaN	6.51	6.86	NaN	NaN	0.0	"2.5"	"F0034"	0	0	"PR"	43.589	"fill-di-lb"	7.63	1	0	0	925.265	0.0	1027.088	null	1071.298	0.09
1.3	0.04565	937.5	2775.0	600.0	NaN	NaN	NaN	1	0	0	0	0	0	0	0	0	0	0	0	0	1	0	0	0	0	0	0	1	0	0	0	1	16.0	0.093	0.118	NaN	NaN	0.221	0.262	NaN	NaN	6.63	9.17	NaN	NaN	0.0	"2.5"	"F0034"	0	0	"PR"	53.628	"fill-di-lb"	17.669	1	0	0	925.265	0.0	1027.088	null	1081.337	0.09
1.5	0.0462	562.5	2756.25	909.375	NaN	NaN	NaN	1	0	0	0	0	0	0	0	0	0	0	0	0	1	0	0	0	0	0	0	1	0	0	0	1	18.0	0.091	0.149	NaN	NaN	0.217	0.331	NaN	NaN	6.51	11.585	NaN	NaN	0.0	"2.5"	"F0034"	0	0	"PR"	63.667	"fill-di-lb"	27.708	1	0	0	925.265	0.0	1027.088	null	1091.376	0.092
2.0	0.04565	1125.0	2765.625	1190.625	NaN	NaN	NaN	1	0	0	0	0	0	0	0	0	0	0	0	0	1	0	0	0	0	0	0	1	0	0	0	1	24.0	0.092	0.177	NaN	NaN	0.219	0.393	NaN	NaN	6.57	13.755	NaN	NaN	0.0	"2.5"	"F0034"	0	0	"PR"	73.702	"fill-di-lb"	37.743	1	0	0	925.265	0.0	1027.088	null	1101.411	0.09
1.7	0.0462	-1125.0	2765.625	1490.625	NaN	NaN	NaN	1	0	0	0	0	0	0	0	0	0	0	0	0	1	0	0	0	0	0	0	1	0	0	0	1	20.0	0.092	0.207	NaN	NaN	0.219	0.46	NaN	NaN	6.57	16.1	NaN	NaN	0.0	"2.5"	"F0034"	0	0	"PR"	83.736	"fill-di-lb"	47.777	1	0	0	925.265	0.0	1027.088	null	1111.445	0.087
3.7	0.045925	187.5	2756.25	1781.25	NaN	NaN	NaN	1	0	0	0	0	0	0	0	0	0	0	0	0	1	0	0	0	0	0	0	1	0	0	0	1	44.0	0.091	0.236	NaN	NaN	0.217	0.524	NaN	NaN	6.51	18.34	NaN	NaN	0.0	"2.5"	"F0034"	0	0	"PR"	93.777	"fill-di-lb"	57.818	1	0	0	925.265	0.0	1027.088	null	1121.486	0.092
1.4	0.04565	-750.0	2765.625	2109.375	NaN	NaN	NaN	1	0	0	0	0	0	0	0	0	0	0	0	0	1	0	0	0	0	0	0	1	0	0	0	1	17.0	0.092	0.269	NaN	NaN	0.219	0.598	NaN	NaN	6.57	20.93	NaN	NaN	0.0	"2.5"	"F0034"	0	0	"PR"	103.61	"fill-di-lb"	67.651	1	0	0	925.265	0.0	1027.088	null	1131.319	0.083
1.8	0.0462	28125.0	2878.125	2184.375	NaN	NaN	NaN	0	0	1	0	0	1	0	0	0	0	0	0	1	0	0	0	0	0	0	0	1	0	0	0	1	22.0	0.103	0.276	NaN	NaN	0.245	0.613	NaN	NaN	7.35	21.455	NaN	NaN	0.0	"2.5"	"F0034"	0	0	"PR"	113.646	"fill-rg-di"	3.814	1	0	0	925.265	0.0	1027.088	null	1141.355	0.091
12.3	0.0451	30750.0	2943.75	2475.0	NaN	NaN	NaN	0	1	1	0	0	0	0	0	0	0	0	0	1	0	0	0	0	1	1	1	0	1	1	1	0	148.0	0.109	0.305	NaN	NaN	0.26	0.678	NaN	NaN	7.8	23.73	NaN	NaN	0.0	"2.5"	"F0034"	1	1	"PR"	123.691	"deionize"	2.413	1	1	0	925.265	0.0	1027.088	null	1151.4	0.091
12.7	0.04565	31312.5	2934.375	2550.0	NaN	NaN	NaN	0	1	1	0	0	0	0	0	0	0	0	0	1	0	0	0	0	1	1	1	0	1	1	1	0	152.0	0.108	0.313	NaN	NaN	0.257	0.696	NaN	NaN	7.71	24.36	NaN	NaN	0.0	"2.5"	"F0034"	1	1	"PR"	133.73	"deionize"	12.452	1	1	0	925.265	0.0	1027.088	null	1161.439	0.091
12.5	0.04455	31125.0	2953.125	2578.125	NaN	NaN	NaN	0	1	1	0	0	0	0	0	0	0	0	0	1	0	0	0	0	1	1	1	0	1	1	1	0	150.0	0.11	0.316	NaN	NaN	0.262	0.702	NaN	NaN	7.86	24.57	NaN	NaN	0.0	"2.5"	"F0034"	1	1	"PR"	143.77	"deionize"	22.492	1	1	0	925.265	0.0	1027.088	null	1171.479	0.093
12.3	0.043175	31125.0	2953.125	2550.0	NaN	NaN	NaN	0	1	1	0	0	0	0	0	0	0	0	0	1	0	0	0	0	1	1	1	0	1	1	1	0	148.0	0.11	0.313	NaN	NaN	0.262	0.696	NaN	NaN	7.86	24.36	NaN	NaN	0.0	"2.5"	"F0034"	1	1	"PR"	153.806	"deionize"	32.528	1	1	0	925.265	0.0	1027.088	null	1181.515	0.09
12.3	0.04235	32062.5	2953.125	2615.625	NaN	NaN	NaN	0	1	1	0	0	0	0	0	0	0	0	0	1	0	0	0	0	1	1	1	0	1	1	1	0	148.0	0.11	0.32	NaN	NaN	0.262	0.711	NaN	NaN	7.86	24.885	NaN	NaN	0.0	"2.5"	"F0034"	1	1	"PR"	163.844	"deionize"	42.566	1	1	0	925.265	0.0	1027.088	null	1191.553	0.088
12.3	0.04125	32062.5	2953.125	2456.25	NaN	NaN	NaN	0	1	1	0	0	0	0	0	0	0	0	0	1	0	0	0	0	1	1	1	0	1	1	1	0	148.0	0.11	0.304	NaN	NaN	0.262	0.676	NaN	NaN	7.86	23.66	NaN	NaN	0.0	"2.5"	"F0034"	1	1	"PR"	173.886	"deionize"	52.608	1	1	0	925.265	0.0	1027.088	null	1201.595	0.09
11.9	0.039875	30937.5	2943.75	2531.25	NaN	NaN	NaN	0	1	1	0	0	0	0	0	0	0	0	0	1	0	0	0	0	1	1	1	0	1	1	1	0	143.0	0.109	0.311	NaN	NaN	0.26	0.691	NaN	NaN	7.8	24.185	NaN	NaN	0.0	"2.5"	"F0034"	1	1	"PR"	183.72	"deionize"	62.442	1	1	0	925.265	0.0	1027.088	null	1211.429	0.087
13.0	0.039875	30562.5	2962.5	2521.875	NaN	NaN	NaN	0	1	1	0	0	0	0	0	0	0	0	0	1	0	0	0	0	1	1	1	0	1	1	1	0	156.0	0.111	0.31	NaN	NaN	0.264	0.689	NaN	NaN	7.92	24.115	NaN	NaN	0.0	"2.5"	"F0034"	1	1	"PR"	193.758	"deionize"	72.48	1	1	0	925.265	0.0	1027.088	null	1221.467	0.087
12.6	0.0385	30750.0	2943.75	2521.875	NaN	NaN	NaN	0	1	1	0	0	0	0	0	0	0	0	0	1	0	0	0	0	1	1	1	0	1	1	1	0	151.0	0.109	0.31	NaN	NaN	0.26	0.689	NaN	NaN	7.8	24.115	NaN	NaN	0.0	"2.5"	"F0034"	1	1	"PR"	203.797	"deionize"	82.519	1	1	0	925.265	0.0	1027.088	null	1231.506	0.087
12.6	0.038775	30000.0	2971.875	2456.25	NaN	NaN	NaN	0	1	1	0	0	0	0	0	0	0	0	0	1	0	0	0	0	1	1	1	0	1	1	1	0	151.0	0.112	0.304	NaN	NaN	0.267	0.676	NaN	NaN	8.01	23.66	NaN	NaN	0.0	"2.5"	"F0034"	1	1	"PR"	213.836	"deionize"	92.558	1	1	0	925.265	0.0	1027.088	null	1241.545	0.087
12.3	0.0374	32625.0	2943.75	2446.875	NaN	NaN	NaN	0	1	1	0	0	0	0	0	0	0	0	0	1	0	0	0	0	1	1	1	0	1	1	1	0	148.0	0.109	0.303	NaN	NaN	0.26	0.673	NaN	NaN	7.8	23.555	NaN	NaN	0.0	"2.5"	"F0034"	1	1	"PR"	223.879	"deionize"	102.601	1	1	0	925.265	0.0	1027.088	null	1251.588	0.093
12.6	0.03795	32062.5	2962.5	2503.125	NaN	NaN	NaN	0	1	1	0	0	0	0	0	0	0	0	0	1	0	0	0	0	1	1	1	0	1	1	1	0	151.0	0.111	0.308	NaN	NaN	0.264	0.684	NaN	NaN	7.92	23.94	NaN	NaN	0.0	"2.5"	"F0034"	1	1	"PR"	233.912	"deionize"	112.634	1	1	0	925.265	0.0	1027.088	null	1261.621	0.09
12.8	0.037125	31687.5	2962.5	2437.5	NaN	NaN	NaN	0	1	1	0	0	0	0	0	0	0	0	0	1	0	0	0	0	1	1	1	0	1	1	1	0	154.0	0.111	0.302	NaN	NaN	0.264	0.671	NaN	NaN	7.92	23.485	NaN	NaN	0.0	"2.5"	"F0034"	1	1	"PR"	243.948	"deionize"	122.67	1	1	0	925.265	0.0	1027.088	null	1271.657	0.09
10.0	0.036025	30937.5	2943.75	2484.375	NaN	NaN	NaN	0	1	1	0	0	0	0	0	0	0	0	0	1	0	0	0	0	1	1	1	0	1	1	1	0	120.0	0.109	0.306	NaN	NaN	0.26	0.68	NaN	NaN	7.8	23.8	NaN	NaN	0.0	"2.5"	"F0034"	1	1	"PR"	253.791	"deionize"	132.513	1	1	0	925.265	0.0	1027.088	null	1281.5	0.084
12.3	0.036575	32625.0	2962.5	2437.5	NaN	NaN	NaN	0	1	1	0	0	0	0	0	0	0	0	0	1	0	0	0	0	1	1	1	0	1	1	1	0	148.0	0.111	0.302	NaN	NaN	0.264	0.671	NaN	NaN	7.92	23.485	NaN	NaN	0.0	"2.5"	"F0034"	1	1	"PR"	263.826	"deionize"	142.548	1	1	0	925.265	0.0	1027.088	null	1291.535	0.084
12.5	0.036025	30750.0	2934.375	2437.5	NaN	NaN	NaN	0	1	1	0	0	0	0	0	0	0	0	0	1	0	0	0	0	1	1	1	0	1	1	1	0	150.0	0.108	0.302	NaN	NaN	0.257	0.671	NaN	NaN	7.71	23.485	NaN	NaN	0.0	"2.5"	"F0034"	1	1	"PR"	273.87	"deionize"	152.592	1	1	0	925.265	0.0	1027.088	null	1301.579	0.088
13.6	0.0352	31125.0	2990.625	2446.875	NaN	NaN	NaN	0	1	1	0	0	0	0	0	0	0	0	0	1	0	0	0	0	1	1	1	0	1	1	1	0	163.0	0.114	0.303	NaN	NaN	0.271	0.673	NaN	NaN	8.13	23.555	NaN	NaN	0.0	"2.5"	"F0034"	1	1	"PR"	283.906	"deionize"	162.628	1	1	0	925.265	0.0	1027.088	null	1311.615	0.087
12.4	0.034925	32250.0	2962.5	2390.625	NaN	NaN	NaN	0	1	1	0	0	0	0	0	0	0	0	0	1	0	0	0	0	1	1	1	0	1	1	1	0	149.0	0.111	0.297	NaN	NaN	0.264	0.66	NaN	NaN	7.92	23.1	NaN	NaN	0.0	"2.5"	"F0034"	1	1	"PR"	293.943	"deionize"	172.665	1	1	0	925.265	0.0	1027.088	null	1321.652	0.087
12.1	0.034925	32437.5	2971.875	2437.5	NaN	NaN	NaN	0	1	1	0	0	0	0	0	0	0	0	0	1	0	0	0	0	1	1	1	0	1	1	1	0	145.0	0.112	0.302	NaN	NaN	0.267	0.671	NaN	NaN	8.01	23.485	NaN	NaN	0.0	"2.5"	"F0034"	1	1	"PR"	303.984	"deionize"	182.706	1	1	0	925.265	0.0	1027.088	null	1331.693	0.085
12.7	0.0341	30000.0	2971.875	2409.375	NaN	NaN	NaN	0	1	1	0	0	0	0	0	0	0	0	0	1	0	0	0	0	1	1	1	0	1	1	1	0	152.0	0.112	0.299	NaN	NaN	0.267	0.664	NaN	NaN	8.01	23.24	NaN	NaN	0.0	"2.5"	"F0034"	1	1	"PR"	314.02	"deionize"	192.742	1	1	0	925.265	0.0	1027.088	null	1341.729	0.086
11.9	0.034375	32437.5	2934.375	2381.25	NaN	NaN	NaN	0	1	1	0	0	0	0	0	0	0	0	0	1	0	0	0	0	1	1	1	0	1	1	1	0	143.0	0.108	0.296	NaN	NaN	0.257	0.658	NaN	NaN	7.71	23.03	NaN	NaN	0.0	"2.5"	"F0034"	1	1	"PR"	323.864	"deionize"	202.586	1	1	0	925.265	0.0	1027.088	null	1351.573	0.085
12.3	0.033825	33187.5	2962.5	2400.0	NaN	NaN	NaN	0	1	1	0	0	0	0	0	0	0	0	0	1	0	0	0	0	1	1	1	0	1	1	1	0	148.0	0.111	0.298	NaN	NaN	0.264	0.662	NaN	NaN	7.92	23.17	NaN	NaN	0.0	"2.5"	"F0034"	1	1	"PR"	333.904	"deionize"	212.626	1	1	0	925.265	0.0	1027.088	null	1361.613	0.086
12.7	0.033275	32437.5	2953.125	2446.875	NaN	NaN	NaN	0	1	1	0	0	0	0	0	0	0	0	0	1	0	0	0	0	1	1	1	0	1	1	1	0	152.0	0.11	0.303	NaN	NaN	0.262	0.673	NaN	NaN	7.86	23.555	NaN	NaN	0.0	"2.5"	"F0034"	1	1	"PR"	343.941	"deionize"	222.663	1	1	0	925.265	0.0	1027.088	null	1371.65	0.084
12.8	0.032725	31500.0	2953.125	2446.875	NaN	NaN	NaN	0	1	1	0	0	0	0	0	0	0	0	0	1	0	0	0	0	1	1	1	0	1	1	1	0	154.0	0.11	0.303	NaN	NaN	0.262	0.673	NaN	NaN	7.86	23.555	NaN	NaN	0.0	"2.5"	"F0034"	1	1	"PR"	353.98	"deionize"	232.702	1	1	0	925.265	0.0	1027.088	null	1381.689	0.088
12.6	0.03245	32250.0	2953.125	2437.5	NaN	NaN	NaN	0	1	1	0	0	0	0	0	0	0	0	0	1	0	0	0	1	1	1	1	0	1	1	1	0	151.0	0.11	0.302	NaN	NaN	0.262	0.671	NaN	NaN	7.86	23.485	NaN	NaN	0.0	"2.5"	"F0034"	1	1	"PR"	363.922	"deionize-uv"	2.516	1	1	0	925.265	0.0	1027.088	null	1391.631	0.086
12.8	0.032175	30000.0	2953.125	2409.375	NaN	NaN	NaN	0	1	1	0	0	0	0	0	0	0	0	0	1	0	0	0	1	1	1	1	0	1	1	1	0	154.0	0.11	0.299	NaN	NaN	0.262	0.664	NaN	NaN	7.86	23.24	NaN	NaN	0.0	"2.5"	"F0034"	1	1	"PR"	373.96	"deionize-uv"	12.554	1	1	0	925.265	0.0	1027.088	null	1401.669	0.084
12.6	0.031625	30562.5	2971.875	2390.625	NaN	NaN	NaN	0	1	1	0	0	0	0	0	0	0	0	0	1	0	0	0	1	1	1	1	0	1	1	1	0	151.0	0.112	0.297	NaN	NaN	0.267	0.66	NaN	NaN	8.01	23.1	NaN	NaN	0.0	"2.5"	"F0034"	1	1	"PR"	383.998	"deionize-uv"	22.592	1	1	0	925.265	0.0	1027.088	null	1411.707	0.083
12.3	0.0308	29812.5	2953.125	2418.75	NaN	NaN	NaN	0	1	1	0	0	0	0	0	0	0	0	0	1	0	0	0	1	1	1	1	0	1	1	1	0	148.0	0.11	0.3	NaN	NaN	0.262	0.667	NaN	NaN	7.86	23.345	NaN	NaN	0.0	"2.5"	"F0034"	1	1	"PR"	394.036	"deionize-uv"	32.63	1	1	0	925.265	0.0	1027.088	null	1421.745	0.083
12.3	0.030525	30562.5	2943.75	2390.625	NaN	NaN	NaN	0	1	1	0	0	0	0	0	0	0	0	0	1	0	0	0	1	1	1	1	0	1	1	1	0	148.0	0.109	0.297	NaN	NaN	0.26	0.66	NaN	NaN	7.8	23.1	NaN	NaN	0.0	"2.5"	"F0034"	1	1	"PR"	404.074	"deionize-uv"	42.668	1	1	0	925.265	0.0	1027.088	null	1431.783	0.086
12.2	0.03025	32062.5	2971.875	2390.625	NaN	NaN	NaN	0	1	1	0	0	0	0	0	0	0	0	0	1	0	0	0	1	1	1	1	0	1	1	1	0	146.0	0.112	0.297	NaN	NaN	0.267	0.66	NaN	NaN	8.01	23.1	NaN	NaN	0.0	"2.5"	"F0034"	1	1	"PR"	414.107	"deionize-uv"	52.701	1	1	0	925.265	0.0	1027.088	null	1441.816	0.084
11.9	0.029425	31500.0	2953.125	2428.125	NaN	NaN	NaN	0	1	1	0	0	0	0	0	0	0	0	0	1	0	0	0	1	1	1	1	0	1	1	1	0	143.0	0.11	0.301	NaN	NaN	0.262	0.669	NaN	NaN	7.86	23.415	NaN	NaN	0.0	"2.5"	"F0034"	1	1	"PR"	424.139	"deionize-uv"	62.733	1	1	0	925.265	0.0	1027.088	null	1451.848	0.083
11.5	0.0297	30937.5	2943.75	2437.5	NaN	NaN	NaN	0	1	1	0	0	0	0	0	0	0	0	0	1	0	0	0	1	1	1	1	0	1	1	1	0	138.0	0.109	0.302	NaN	NaN	0.26	0.671	NaN	NaN	7.8	23.485	NaN	NaN	0.0	"2.5"	"F0034"	1	1	"PR"	434.179	"deionize-uv"	72.773	1	1	0	925.265	0.0	1027.088	null	1461.888	0.088
13.1	0.02915	31500.0	2943.75	2446.875	NaN	NaN	NaN	0	1	1	0	0	0	0	0	0	0	0	0	1	0	0	0	1	1	1	1	0	1	1	1	0	157.0	0.109	0.303	NaN	NaN	0.26	0.673	NaN	NaN	7.8	23.555	NaN	NaN	0.0	"2.5"	"F0034"	1	1	"PR"	444.009	"deionize-uv"	82.603	1	1	0	925.265	0.0	1027.088	null	1471.718	0.085
10.4	0.0286	30562.5	2971.875	2371.875	NaN	NaN	NaN	0	1	1	0	0	0	0	0	0	0	0	0	1	0	0	0	1	1	1	1	0	1	1	1	0	125.0	0.112	0.295	NaN	NaN	0.267	0.656	NaN	NaN	8.01	22.96	NaN	NaN	0.0	"2.5"	"F0034"	1	1	"PR"	454.041	"deionize-uv"	92.635	1	1	0	925.265	0.0	1027.088	null	1481.75	0.084
10.8	0.0286	29250.0	2934.375	2418.75	NaN	NaN	NaN	0	1	1	0	0	0	0	0	0	0	0	0	1	0	0	0	1	1	1	1	0	1	1	1	0	130.0	0.108	0.3	NaN	NaN	0.257	0.667	NaN	NaN	7.71	23.345	NaN	NaN	0.0	"2.5"	"F0034"	1	1	"PR"	464.077	"deionize-uv"	102.671	1	1	0	925.265	0.0	1027.088	null	1491.786	0.086
10.4	0.02805	32062.5	2934.375	2418.75	NaN	NaN	NaN	0	1	1	0	0	0	0	0	0	0	0	0	1	0	0	0	1	1	1	1	0	1	1	1	0	125.0	0.108	0.3	NaN	NaN	0.257	0.667	NaN	NaN	7.71	23.345	NaN	NaN	0.0	"2.5"	"F0034"	1	1	"PR"	474.11	"deionize-uv"	112.704	1	1	0	925.265	0.0	1027.088	null	1501.819	0.084
8.4	0.027775	30000.0	2953.125	2006.25	NaN	NaN	NaN	0	0	1	0	0	0	0	1	0	0	0	0	1	0	0	0	1	1	1	1	0	1	1	1	0	101.0	0.11	0.259	NaN	NaN	0.262	0.576	NaN	NaN	7.86	20.16	NaN	NaN	0.0	"2.5"	"F0034"	1	1	"PR"	484.079	"drain-di-1"	2.541	1	1	0	925.265	0.0	1027.088	null	1511.788	0.086
10.6	0.02805	29250.0	2943.75	1781.25	NaN	NaN	NaN	0	0	1	0	0	0	0	1	0	0	0	0	1	0	0	0	1	1	1	1	0	1	1	1	0	127.0	0.109	0.236	NaN	NaN	0.26	0.524	NaN	NaN	7.8	18.34	NaN	NaN	0.0	"2.5"	"F0034"	1	1	"PR"	494.114	"drain-di-1"	12.576	1	1	0	925.265	0.0	1027.088	null	1521.823	0.087
9.9	0.02695	29250.0	2934.375	1537.5	NaN	NaN	NaN	0	0	1	0	0	0	0	1	0	0	0	0	1	0	0	0	1	1	1	1	0	1	1	1	0	119.0	0.108	0.212	NaN	NaN	0.257	0.471	NaN	NaN	7.71	16.485	NaN	NaN	0.0	"2.5"	"F0034"	1	1	"PR"	504.153	"drain-di-1"	22.615	1	1	0	925.265	0.0	1027.088	null	1531.862	0.084
10.2	0.027225	29812.5	2981.25	1275.0	NaN	NaN	NaN	0	0	1	0	0	0	0	1	0	0	0	0	1	0	0	0	1	1	1	1	0	1	1	1	0	122.0	0.113	0.185	NaN	NaN	0.269	0.411	NaN	NaN	8.07	14.385	NaN	NaN	0.0	"2.5"	"F0034"	1	1	"PR"	514.192	"drain-di-1"	32.654	1	1	0	925.265	0.0	1027.088	null	1541.901	0.087
10.8	0.02695	30187.5	2971.875	1021.875	NaN	NaN	NaN	0	0	1	0	0	0	0	1	0	0	0	0	1	0	0	0	1	1	1	1	0	1	1	1	0	130.0	0.112	0.16	NaN	NaN	0.267	0.356	NaN	NaN	8.01	12.46	NaN	NaN	0.0	"2.5"	"F0034"	1	1	"PR"	524.228	"drain-di-1"	42.69	1	1	0	925.265	0.0	1027.088	null	1551.937	0.084
8.9	0.026675	30750.0	2962.5	759.375	NaN	NaN	NaN	0	0	1	0	0	0	0	1	0	0	0	0	1	0	0	0	1	1	1	1	0	1	1	1	0	107.0	0.111	0.134	NaN	NaN	0.264	0.298	NaN	NaN	7.92	10.43	NaN	NaN	0.0	"2.5"	"F0034"	1	1	"PR"	534.268	"drain-di-1"	52.73	1	1	0	925.265	0.0	1027.088	null	1561.977	0.088
9.7	0.026675	29062.5	2953.125	534.375	NaN	NaN	NaN	0	0	1	0	0	0	0	1	0	0	0	0	1	0	0	0	1	1	1	1	0	1	1	1	0	116.0	0.11	0.111	NaN	NaN	0.262	0.247	NaN	NaN	7.86	8.645	NaN	NaN	0.0	"2.5"	"F0034"	1	1	"PR"	544.3	"drain-di-1"	62.762	1	1	0	925.265	0.0	1027.088	null	1572.009	0.084
9.4	0.02585	29625.0	2971.875	318.75	NaN	NaN	NaN	0	0	1	0	0	0	0	1	0	0	0	0	1	0	0	0	1	1	1	1	0	1	1	1	0	113.0	0.112	0.09	NaN	NaN	0.267	0.2	NaN	NaN	8.01	7.0	NaN	NaN	0.0	"2.5"	"F0034"	1	1	"PR"	554.337	"drain-di-1"	72.799	1	1	0	925.265	0.0	1027.088	null	1582.046	0.084
10.6	0.02585	30000.0	2943.75	18.75	NaN	NaN	NaN	0	0	1	0	0	0	0	1	0	0	0	0	1	0	0	0	1	1	1	1	0	1	1	1	0	127.0	0.109	0.06	NaN	NaN	0.26	0.133	NaN	NaN	7.8	4.655	NaN	NaN	0.0	"2.5"	"F0034"	1	1	"PR"	564.287	"drip-di-1"	2.116	1	1	0	925.265	0.0	1027.088	null	1591.996	0.085
9.9	0.026125	30187.5	2971.875	-46.875	NaN	NaN	NaN	0	0	1	0	0	0	0	1	0	0	0	0	1	0	0	0	1	1	1	1	0	1	1	1	0	119.0	0.112	0.053	NaN	NaN	0.267	0.118	NaN	NaN	8.01	4.13	NaN	NaN	0.0	"2.5"	"F0034"	1	1	"PR"	574.327	"drip-di-1"	12.156	1	1	0	925.265	0.0	1027.088	null	1602.036	0.084
-12.5	0.026125	27000.0	2812.5	56.25	NaN	NaN	NaN	1	0	0	0	0	1	1	0	0	0	0	0	1	1	0	0	0	1	1	0	1	1	1	0	1	-150.0	0.096	0.064	NaN	NaN	0.229	0.142	NaN	NaN	6.87	4.97	NaN	NaN	0.0	"2.5"	"F0034"	1	0	"PR"	584.319	"reverse-f"	6.981	1	1	0	925.265	0.0	1027.088	null	1612.028	0.084
-11.5	0.02805	27562.5	2765.625	328.125	NaN	NaN	NaN	1	0	0	0	0	1	1	0	0	0	0	0	1	1	0	0	0	1	1	0	1	1	1	0	1	-138.0	0.092	0.091	NaN	NaN	0.219	0.202	NaN	NaN	6.57	7.07	NaN	NaN	0.0	"2.5"	"F0034"	1	0	"PR"	594.358	"reverse-f"	17.02	1	1	0	925.265	0.0	1027.088	null	1622.067	0.083
-12.2	0.03135	29250.0	2803.125	646.875	NaN	NaN	NaN	1	0	0	0	0	1	1	0	0	0	0	0	1	1	0	0	0	1	1	0	1	1	1	0	1	-146.0	0.095	0.123	NaN	NaN	0.226	0.273	NaN	NaN	6.78	9.555	NaN	NaN	0.0	"2.5"	"F0034"	1	0	"PR"	604.393	"reverse-f"	27.055	1	1	0	925.265	0.0	1027.088	null	1632.102	0.084
-12.0	0.033825	25875.0	2821.875	946.875	NaN	NaN	NaN	1	0	0	0	0	1	1	0	0	0	0	0	1	1	0	0	0	1	1	0	1	1	1	0	1	-144.0	0.097	0.153	NaN	NaN	0.231	0.34	NaN	NaN	6.93	11.9	NaN	NaN	0.0	"2.5"	"F0034"	1	0	"PR"	614.227	"reverse-f"	36.889	1	1	0	925.265	0.0	1027.088	null	1641.936	0.087
-11.9	0.037125	26812.5	2793.75	1228.125	NaN	NaN	NaN	1	0	0	0	0	1	1	0	0	0	0	0	1	1	0	0	0	1	1	0	1	1	1	0	1	-143.0	0.094	0.181	NaN	NaN	0.224	0.402	NaN	NaN	6.72	14.07	NaN	NaN	0.0	"2.5"	"F0034"	1	0	"PR"	624.27	"reverse-f"	46.932	1	1	0	925.265	0.0	1027.088	null	1651.979	0.091
-12.0	0.0396	26062.5	2812.5	1556.25	NaN	NaN	NaN	1	0	0	0	0	1	1	0	0	0	0	0	1	1	0	0	0	1	1	0	1	1	1	0	1	-144.0	0.096	0.214	NaN	NaN	0.229	0.476	NaN	NaN	6.87	16.66	NaN	NaN	0.0	"2.5"	"F0034"	1	0	"PR"	634.306	"reverse-f"	56.968	1	1	0	925.265	0.0	1027.088	null	1662.015	0.087
-11.7	0.0418	27187.5	2812.5	1837.5	NaN	NaN	NaN	1	0	0	0	0	1	1	0	0	0	0	0	1	1	0	0	0	1	1	0	1	1	1	0	1	-140.0	0.096	0.242	NaN	NaN	0.229	0.538	NaN	NaN	6.87	18.83	NaN	NaN	0.0	"2.5"	"F0034"	1	0	"PR"	644.34	"reverse-f"	67.002	1	1	0	925.265	0.0	1027.088	null	1672.049	0.09
-12.0	0.044	28687.5	2793.75	2118.75	NaN	NaN	NaN	1	0	0	0	0	1	1	0	0	0	0	0	1	1	0	0	0	1	1	0	1	1	1	0	1	-144.0	0.094	0.27	NaN	NaN	0.224	0.6	NaN	NaN	6.72	21.0	NaN	NaN	0.0	"2.5"	"F0034"	1	0	"PR"	654.379	"reverse-f"	77.041	1	1	0	925.265	0.0	1027.088	null	1682.088	0.09
-15.6	0.04565	27750.0	2775.0	2315.625	NaN	NaN	NaN	0	0	0	0	0	1	1	0	0	0	0	0	1	0	0	0	0	1	1	0	1	1	1	0	1	-187.0	0.093	0.29	NaN	NaN	0.221	0.644	NaN	NaN	6.63	22.54	NaN	NaN	0.0	"2.5"	"F0034"	1	0	"PR"	664.317	"reverse"	86.979	1	1	0	925.265	0.0	1027.088	null	1692.026	0.09
-11.3	0.046475	28312.5	2784.375	2278.125	NaN	NaN	NaN	0	0	0	0	0	1	1	0	0	0	0	0	1	0	0	0	0	1	1	0	1	1	1	0	1	-136.0	0.093	0.286	NaN	NaN	0.221	0.636	NaN	NaN	6.63	22.26	NaN	NaN	0.0	"2.5"	"F0034"	1	0	"PR"	674.354	"reverse"	97.016	1	1	0	925.265	0.0	1027.088	null	1702.063	0.087
-11.3	0.04785	28125.0	2784.375	2268.75	NaN	NaN	NaN	0	0	0	0	0	1	1	0	0	0	0	0	1	0	0	0	0	1	1	0	1	1	1	0	1	-136.0	0.093	0.285	NaN	NaN	0.221	0.633	NaN	NaN	6.63	22.155	NaN	NaN	0.0	"2.5"	"F0034"	1	0	"PR"	684.392	"reverse"	107.054	1	1	0	925.265	0.0	1027.088	null	1712.101	0.09
-11.8	0.04895	28500.0	2784.375	2278.125	NaN	NaN	NaN	0	0	0	0	0	1	1	0	0	0	0	0	1	0	0	0	0	1	1	0	1	1	1	0	1	-142.0	0.093	0.286	NaN	NaN	0.221	0.636	NaN	NaN	6.63	22.26	NaN	NaN	0.0	"2.5"	"F0034"	1	0	"PR"	694.422	"reverse"	117.084	1	1	0	925.265	0.0	1027.088	null	1722.131	0.09
-12.0	0.049775	27375.0	2793.75	2278.125	NaN	NaN	NaN	0	0	0	0	0	1	1	0	0	0	0	0	1	0	0	0	0	1	1	0	1	1	1	0	1	-144.0	0.094	0.286	NaN	NaN	0.224	0.636	NaN	NaN	6.72	22.26	NaN	NaN	0.0	"2.5"	"F0034"	1	0	"PR"	704.462	"reverse"	127.124	1	1	0	925.265	0.0	1027.088	null	1732.171	0.092
-11.2	0.05005	27937.5	2793.75	2259.375	NaN	NaN	NaN	0	0	0	0	0	1	1	0	0	0	0	0	1	0	0	0	0	1	1	0	1	1	1	0	1	-134.0	0.094	0.284	NaN	NaN	0.224	0.631	NaN	NaN	6.72	22.085	NaN	NaN	0.0	"2.5"	"F0034"	1	0	"PR"	714.5	"reverse"	137.162	1	1	0	925.265	0.0	1027.088	null	1742.209	0.09
-11.8	0.050875	27562.5	2821.875	2278.125	NaN	NaN	NaN	0	0	0	0	0	1	1	0	0	0	0	0	1	0	0	0	0	1	1	0	1	1	1	0	1	-142.0	0.097	0.286	NaN	NaN	0.231	0.636	NaN	NaN	6.93	22.26	NaN	NaN	0.0	"2.5"	"F0034"	1	0	"PR"	724.333	"reverse"	146.995	1	1	0	925.265	0.0	1027.088	null	1752.042	0.09
-1.2	0.051425	375.0	2953.125	2278.125	NaN	NaN	NaN	0	0	0	0	0	0	0	0	0	0	0	0	0	0	0	0	0	0	0	0	1	0	0	0	1	-14.0	0.11	0.286	NaN	NaN	0.262	0.636	NaN	NaN	7.86	22.26	NaN	NaN	0.0	"2.5"	"F0034"	0	0	"PR"	734.464	"diffuse"	7.119	1	1	1	925.265	0.0	1027.088	null	1762.173	0.092
-1.7	0.0517	750.0	2953.125	2278.125	NaN	NaN	NaN	0	0	0	0	0	0	0	0	0	0	0	0	0	0	0	0	0	0	0	0	1	0	0	0	1	-20.0	0.11	0.286	NaN	NaN	0.262	0.636	NaN	NaN	7.86	22.26	NaN	NaN	0.0	"2.5"	"F0034"	0	0	"PR"	744.502	"diffuse"	17.157	1	1	1	925.265	0.0	1027.088	null	1772.211	0.09
-1.6	0.050875	1312.5	2962.5	2287.5	NaN	NaN	NaN	0	0	0	0	0	0	0	0	0	0	0	0	0	0	0	0	0	0	0	0	1	0	0	0	1	-19.0	0.111	0.287	NaN	NaN	0.264	0.638	NaN	NaN	7.92	22.33	NaN	NaN	0.0	"2.5"	"F0034"	0	0	"PR"	754.539	"diffuse"	27.194	1	1	1	925.265	0.0	1027.088	null	1782.248	0.09
-11.8	0.050875	27562.5	2775.0	2240.625	NaN	NaN	NaN	0	0	0	0	0	1	1	0	0	0	0	0	1	0	0	0	0	1	1	0	1	1	1	0	1	-142.0	0.093	0.282	NaN	NaN	0.221	0.627	NaN	NaN	6.63	21.945	NaN	NaN	0.0	"2.5"	"F0034"	1	0	"PR"	764.471	"wash-en"	7.122	1	1	1	925.265	0.0	1027.088	null	1792.18	0.092
-11.9	0.051975	26625.0	2784.375	2278.125	NaN	NaN	NaN	0	0	0	0	0	1	1	0	0	0	0	0	1	0	0	0	0	1	1	0	1	1	1	0	1	-143.0	0.093	0.286	NaN	NaN	0.221	0.636	NaN	NaN	6.63	22.26	NaN	NaN	0.0	"2.5"	"F0034"	1	0	"PR"	774.505	"wash-en"	17.156	1	1	1	925.265	0.0	1027.088	null	1802.214	0.09
-1.2	0.052525	26250.0	2812.5	2278.125	NaN	NaN	NaN	0	0	0	0	0	1	1	0	0	0	0	0	1	0	0	0	0	0	0	0	1	0	0	0	1	-14.0	0.096	0.286	NaN	NaN	0.229	0.636	NaN	NaN	6.87	22.26	NaN	NaN	0.0	"2.5"	"F0034"	0	0	"PR"	784.428	"wash-sc"	6.913	1	1	1	925.265	0.0	1027.088	null	1812.137	0.087
-0.8	0.053075	187.5	2962.5	2287.5	NaN	NaN	NaN	0	0	0	0	0	0	0	0	0	0	0	0	0	0	0	0	0	0	0	0	1	0	0	0	1	-10.0	0.111	0.287	NaN	NaN	0.264	0.638	NaN	NaN	7.92	22.33	NaN	NaN	0.0	"2.5"	"F0034"	0	0	"PR"	794.468	"diffuse"	6.828	1	1	2	925.265	0.0	1027.088	null	1822.177	0.093
-0.9	0.053075	937.5	2962.5	2278.125	NaN	NaN	NaN	0	0	0	0	0	0	0	0	0	0	0	0	0	0	0	0	0	0	0	0	1	0	0	0	1	-11.0	0.111	0.286	NaN	NaN	0.264	0.636	NaN	NaN	7.92	22.26	NaN	NaN	0.0	"2.5"	"F0034"	0	0	"PR"	804.504	"diffuse"	16.864	1	1	2	925.265	0.0	1027.088	null	1832.213	0.09
-1.2	0.05335	2250.0	2953.125	2278.125	NaN	NaN	NaN	0	0	0	0	0	0	0	0	0	0	0	0	0	0	0	0	0	0	0	0	1	0	0	0	1	-14.0	0.11	0.286	NaN	NaN	0.262	0.636	NaN	NaN	7.86	22.26	NaN	NaN	0.0	"2.5"	"F0034"	0	0	"PR"	814.537	"diffuse"	26.897	1	1	2	925.265	0.0	1027.088	null	1842.246	0.09
-12.2	0.05225	27562.5	2775.0	2278.125	NaN	NaN	NaN	0	0	0	0	0	1	1	0	0	0	0	0	1	0	0	0	0	1	1	0	1	1	1	0	1	-146.0	0.093	0.286	NaN	NaN	0.221	0.636	NaN	NaN	6.63	22.26	NaN	NaN	0.0	"2.5"	"F0034"	1	0	"PR"	824.471	"wash-en"	6.721	1	1	2	925.265	0.0	1027.088	null	1852.18	0.088
-12.0	0.053075	26625.0	2821.875	2268.75	NaN	NaN	NaN	0	0	0	0	0	1	1	0	0	0	0	0	1	0	0	0	0	1	1	0	1	1	1	0	1	-144.0	0.097	0.285	NaN	NaN	0.231	0.633	NaN	NaN	6.93	22.155	NaN	NaN	0.0	"2.5"	"F0034"	1	0	"PR"	834.508	"wash-en"	16.758	1	1	2	925.265	0.0	1027.088	null	1862.217	0.086
0.6	0.0528	28875.0	2775.0	2278.125	NaN	NaN	NaN	0	0	0	0	0	1	1	0	0	0	0	0	1	0	0	0	0	0	0	0	1	0	0	0	1	7.0	0.093	0.286	NaN	NaN	0.221	0.636	NaN	NaN	6.63	22.26	NaN	NaN	0.0	"2.5"	"F0034"	0	0	"PR"	844.631	"wash-sc"	6.713	1	1	2	925.265	0.0	1027.088	null	1872.34	0.09
-0.7	0.0528	1875.0	2962.5	2315.625	NaN	NaN	NaN	0	0	0	0	0	0	0	0	0	0	0	0	0	0	0	0	0	0	0	0	1	0	0	0	1	-8.0	0.111	0.29	NaN	NaN	0.264	0.644	NaN	NaN	7.92	22.54	NaN	NaN	0.0	"2.5"	"F0034"	0	0	"PR"	854.471	"diffuse"	6.428	1	1	3	925.265	0.0	1027.088	null	1882.18	0.089
-0.4	0.053075	375.0	2953.125	2287.5	NaN	NaN	NaN	0	0	0	0	0	0	0	0	0	0	0	0	0	0	0	0	0	0	0	0	1	0	0	0	1	-5.0	0.11	0.287	NaN	NaN	0.262	0.638	NaN	NaN	7.86	22.33	NaN	NaN	0.0	"2.5"	"F0034"	0	0	"PR"	864.506	"diffuse"	16.463	1	1	3	925.265	0.0	1027.088	null	1892.215	0.086
-0.8	0.05225	2812.5	2962.5	2259.375	NaN	NaN	NaN	0	0	0	0	0	0	0	0	0	0	0	0	0	0	0	0	0	0	0	0	1	0	0	0	1	-10.0	0.111	0.284	NaN	NaN	0.264	0.631	NaN	NaN	7.92	22.085	NaN	NaN	0.0	"2.5"	"F0034"	0	0	"PR"	874.537	"diffuse"	26.494	1	1	3	925.265	0.0	1027.088	null	1902.246	0.086
-12.1	0.05225	25500.0	2746.875	2268.75	NaN	NaN	NaN	0	0	0	0	0	1	1	0	0	0	0	0	1	0	0	0	0	1	1	0	1	1	1	0	1	-145.0	0.09	0.285	NaN	NaN	0.214	0.633	NaN	NaN	6.42	22.155	NaN	NaN	0.0	"2.5"	"F0034"	1	0	"PR"	884.668	"wash-en"	6.518	1	1	3	925.265	0.0	1027.088	null	1912.377	0.092
-11.9	0.053075	27562.5	2784.375	2268.75	NaN	NaN	NaN	0	0	0	0	0	1	1	0	0	0	0	0	1	0	0	0	0	1	1	0	1	1	1	0	1	-143.0	0.093	0.285	NaN	NaN	0.221	0.633	NaN	NaN	6.63	22.155	NaN	NaN	0.0	"2.5"	"F0034"	1	0	"PR"	894.703	"wash-en"	16.553	1	1	3	925.265	0.0	1027.088	null	1922.412	0.09
-0.1	0.0528	27562.5	2859.375	2278.125	NaN	NaN	NaN	0	0	0	0	0	1	1	0	0	0	0	0	1	0	0	0	0	0	0	0	1	0	0	0	1	-1.0	0.101	0.286	NaN	NaN	0.24	0.636	NaN	NaN	7.2	22.26	NaN	NaN	0.0	"2.5"	"F0034"	0	0	"PR"	904.626	"wash-sc"	6.312	1	1	3	925.265	0.0	1027.088	null	1932.335	0.085
-0.1	0.0528	750.0	2953.125	2287.5	NaN	NaN	NaN	0	0	0	0	0	0	0	0	0	0	0	0	0	0	0	0	0	0	0	0	1	0	0	0	1	-1.0	0.11	0.287	NaN	NaN	0.262	0.638	NaN	NaN	7.86	22.33	NaN	NaN	0.0	"2.5"	"F0034"	0	0	"PR"	914.658	"diffuse"	6.223	1	1	4	925.265	0.0	1027.088	null	1942.367	0.087
-0.1	0.052525	1875.0	2962.5	2287.5	NaN	NaN	NaN	0	0	0	0	0	0	0	0	0	0	0	0	0	0	0	0	0	0	0	0	1	0	0	0	1	-1.0	0.111	0.287	NaN	NaN	0.264	0.638	NaN	NaN	7.92	22.33	NaN	NaN	0.0	"2.5"	"F0034"	0	0	"PR"	924.691	"diffuse"	16.256	1	1	4	925.265	0.0	1027.088	null	1952.4	0.086
-0.7	0.053075	375.0	2953.125	2287.5	NaN	NaN	NaN	0	0	0	0	0	0	0	0	0	0	0	0	0	0	0	0	0	0	0	0	1	0	0	0	1	-8.0	0.11	0.287	NaN	NaN	0.262	0.638	NaN	NaN	7.86	22.33	NaN	NaN	0.0	"2.5"	"F0034"	0	0	"PR"	934.728	"diffuse"	26.293	1	1	4	925.265	0.0	1027.088	null	1962.437	0.09
-12.3	0.052525	27562.5	2793.75	2278.125	NaN	NaN	NaN	0	0	0	0	0	1	1	0	0	0	0	0	1	0	0	0	0	1	1	0	1	1	1	0	1	-148.0	0.094	0.286	NaN	NaN	0.224	0.636	NaN	NaN	6.72	22.26	NaN	NaN	0.0	"2.5"	"F0034"	1	0	"PR"	944.651	"wash-en"	6.109	1	1	4	925.265	0.0	1027.088	null	1972.36	0.086
-11.7	0.05225	26437.5	2775.0	2259.375	NaN	NaN	NaN	0	0	0	0	0	1	1	0	0	0	0	0	1	0	0	0	0	1	1	0	1	1	1	0	1	-140.0	0.093	0.284	NaN	NaN	0.221	0.631	NaN	NaN	6.63	22.085	NaN	NaN	0.0	"2.5"	"F0034"	1	0	"PR"	954.689	"wash-en"	16.147	1	1	4	925.265	0.0	1027.088	null	1982.398	0.087
-0.1	0.0528	28687.5	2784.375	2306.25	NaN	NaN	NaN	0	0	0	0	0	1	1	0	0	0	0	0	1	0	0	0	0	0	0	0	1	0	0	0	1	-1.0	0.093	0.289	NaN	NaN	0.221	0.642	NaN	NaN	6.63	22.47	NaN	NaN	0.0	"2.5"	"F0034"	0	0	"PR"	964.613	"wash-sc"	5.911	1	1	4	925.265	0.0	1027.088	null	1992.322	0.084
0.4	0.053075	-187.5	2512.5	2287.5	NaN	NaN	NaN	0	0	0	0	1	0	0	0	0	0	0	0	0	0	0	0	0	0	0	0	1	0	0	0	1	5.0	0.066	0.287	NaN	NaN	0.157	0.638	NaN	NaN	4.71	22.33	NaN	NaN	0.0	"2.5"	"F0034"	0	0	"PR"	974.65	"drain-rg"	5.821	1	1	4	925.265	0.0	1027.088	null	2002.359	0.086
-0.1	0.052525	-187.5	2175.0	2296.875	NaN	NaN	NaN	0	0	0	0	1	0	0	0	0	0	0	0	0	0	0	0	0	0	0	0	1	0	0	0	1	-1.0	0.033	0.288	NaN	NaN	0.079	0.64	NaN	NaN	2.37	22.4	NaN	NaN	0.0	"2.5"	"F0034"	0	0	"PR"	984.688	"drain-rg"	15.859	1	1	4	925.265	0.0	1027.088	null	2012.397	0.084
-0.1	0.0528	-937.5	1846.875	2278.125	NaN	NaN	NaN	0	0	0	0	1	0	0	0	0	0	0	0	0	0	0	0	0	0	0	0	1	0	0	0	1	-1.0	-0.0	0.286	NaN	NaN	-0.0	0.636	NaN	NaN	-0.0	22.26	NaN	NaN	0.0	"2.5"	"F0034"	0	0	"PR"	994.723	"drain-rg"	25.894	1	1	4	925.265	0.0	1027.088	null	2022.432	0.084
-0.2	0.05225	-562.5	918.75	2287.5	NaN	NaN	NaN	0	0	0	0	1	0	0	0	0	0	0	0	0	0	0	0	0	0	0	0	1	0	0	0	1	-2.0	-0.093	0.287	NaN	NaN	-0.221	0.638	NaN	NaN	-6.63	22.33	NaN	NaN	0.0	"2.5"	"F0034"	0	0	"PR"	1004.757	"drip-rg"	9.833	1	1	4	925.265	0.0	1027.088	null	2032.466	0.083
0.3	0.05225	26250.0	1415.625	2203.125	NaN	NaN	NaN	0	0	1	0	0	1	0	0	0	0	0	0	1	0	0	0	0	0	0	0	1	0	0	0	1	4.0	-0.043	0.278	NaN	NaN	-0.102	0.618	NaN	NaN	-3.06	21.63	NaN	NaN	0.0	"2.5"	"F0034"	0	0	"FR"	4.031	"fill-rg-di"	3.83	2	1	0	2037.886	0.0	1027.088	null	2042.545	0.084
2.2	0.051975	27562.5	2090.625	1968.75	NaN	NaN	NaN	0	0	1	0	0	1	0	0	0	0	0	0	1	0	0	0	0	0	0	0	1	0	0	0	1	26.0	0.024	0.255	NaN	NaN	0.057	0.567	NaN	NaN	1.71	19.845	NaN	NaN	0.0	"2.5"	"F0034"	0	0	"FR"	13.872	"fill-rg-di"	13.671	2	1	0	2037.886	0.0	1027.088	null	2052.386	0.088
-0.1	0.050875	27375.0	2400.0	1696.875	NaN	NaN	NaN	0	0	1	0	0	1	0	0	0	0	0	0	1	0	0	0	0	0	0	0	1	0	0	0	1	-1.0	0.055	0.228	NaN	NaN	0.131	0.507	NaN	NaN	3.93	17.745	NaN	NaN	0.0	"2.5"	"F0034"	0	0	"FR"	23.903	"fill-rg-di"	23.702	2	1	0	2037.886	0.0	1027.088	null	2062.417	0.084
-0.1	0.0495	26812.5	2709.375	1434.375	NaN	NaN	NaN	0	0	1	0	0	1	0	0	0	0	0	0	1	0	0	0	0	0	0	0	1	0	0	0	1	-1.0	0.086	0.201	NaN	NaN	0.205	0.447	NaN	NaN	6.15	15.645	NaN	NaN	0.0	"2.5"	"F0034"	0	0	"FR"	33.941	"fill-rg-di"	33.74	2	1	0	2037.886	0.0	1027.088	null	2072.455	0.084
1.3	0.0484	28500.0	3018.75	1190.625	NaN	NaN	NaN	0	0	1	0	0	1	0	0	0	0	0	0	1	0	0	0	0	0	0	0	1	0	0	0	1	16.0	0.117	0.177	NaN	NaN	0.279	0.393	NaN	NaN	8.37	13.755	NaN	NaN	0.0	"2.5"	"F0034"	0	0	"FR"	43.979	"fill-rg-di"	43.778	2	1	0	2037.886	0.0	1027.088	null	2082.493	0.086
