cur	ec	mod-ps	rg-ps	di-ps	fw1-ps	fw2-ps	pf-ps	vlv-di-fill	vlv-di-in	vlv-di-out	vlv-rg-fill	vlv-rg-drain	vlv-rg-in	vlv-rg-out	vlv-fw1-in	vlv-fw1-out	vlv-fw2-in	vlv-po	vlv-mod-drain	pmp-sys	pmp-di	pmp-fw1	pmp-fw2	uv	en-anode1	en-cath1	pl-anode1	pl-cath1	en-anode2	en-cath2	pl-anode2	pl-cath2	pw	rg-he	di-he	fw1-he	fw2-he	rg-lev	di-lev	fw1-lev	fw2-lev	rg-vol	di-vol	fw1-vol	fw2-vol	pr-ec	ver	sn	mod-en	mod-pl	proc	proc-time	ph	ph-time	count	cyc	rnd	pr-last	rc-last	fr-last	halt-re	time	exec
0.3	0.050875	29625.0	2850.0	2287.5	NaN	NaN	NaN	0	0	0	0	0	1	1	0	0	0	0	0	1	0	0	0	0	0	0	0	1	0	0	0	1	4.0	0.1	0.287	NaN	NaN	0.238	0.638	NaN	NaN	7.14	22.33	NaN	NaN	0.0	"2.5"	"F0034"	0	0	"PR"	8.246	"prime"	7.427	0	0	0	0.0	0.0	0.0	null	10.036	0.086
0.3	0.050875	29625.0	2850.0	2287.5	NaN	NaN	NaN	0	0	0	0	0	1	1	0	0	0	0	0	1	0	0	0	0	0	0	0	1	0	0	0	1	4.0	0.1	0.287	NaN	NaN	0.238	0.638	NaN	NaN	7.14	22.33	NaN	NaN	0.0	"2.5"	"F0034"	0	0	"PR"	8.246	"prime"	7.427	0	0	0	0.0	0.0	0.0	null	10.036	0.086
5.0	0.050875	28875.0	2793.75	2306.25	NaN	NaN	NaN	0	0	0	0	0	1	1	0	0	0	0	0	1	0	0	0	0	0	0	0	1	0	0	0	1	60.0	0.094	0.289	NaN	NaN	0.224	0.642	NaN	NaN	6.72	22.47	NaN	NaN	0.0	"2.5"	"F0034"	0	0	"PR"	18.288	"prime"	17.469	0	0	0	0.0	0.0	0.0	null	20.078	0.087
2.7	0.050325	30562.5	2803.125	2287.5	NaN	NaN	NaN	0	0	0	0	0	1	1	0	0	0	0	0	1	0	0	0	0	0	0	0	1	0	0	0	1	32.0	0.095	0.287	NaN	NaN	0.226	0.638	NaN	NaN	6.78	22.33	NaN	NaN	0.0	"2.5"	"F0034"	0	0	"PR"	28.327	"prime"	27.508	0	0	0	0.0	0.0	0.0	null	30.117	0.086
-11.9	0.05005	32250.0	2981.25	2550.0	NaN	NaN	NaN	0	1	1	0	0	0	0	0	0	0	0	0	1	0	0	0	0	1	1	0	1	1	1	0	1	-143.0	0.113	0.313	NaN	NaN	0.269	0.696	NaN	NaN	8.07	24.36	NaN	NaN	0.0	"2.5"	"F0034"	1	0	"PR"	38.369	"deionize"	7.032	0	1	0	0.0	0.0	0.0	null	40.159	0.097
-11.9	0.0495	32625.0	2981.25	2568.75	NaN	NaN	NaN	0	1	1	0	0	0	0	0	0	0	0	0	1	0	0	0	0	1	1	0	1	1	1	0	1	-143.0	0.113	0.315	NaN	NaN	0.269	0.7	NaN	NaN	8.07	24.5	NaN	NaN	0.0	"2.5"	"F0034"	1	0	"PR"	48.41	"deionize"	17.073	0	1	0	0.0	0.0	0.0	null	50.2	0.09
-11.5	0.0473	31875.0	2981.25	2578.125	NaN	NaN	NaN	0	1	1	0	0	0	0	0	0	0	0	0	1	0	0	0	0	1	1	0	1	1	1	0	1	-138.0	0.113	0.316	NaN	NaN	0.269	0.702	NaN	NaN	8.07	24.57	NaN	NaN	0.0	"2.5"	"F0034"	1	0	"PR"	58.445	"deionize"	27.108	0	1	0	0.0	0.0	0.0	null	60.235	0.091
-11.7	0.04675	33000.0	2971.875	2578.125	NaN	NaN	NaN	0	1	1	0	0	0	0	0	0	0	0	0	1	0	0	0	0	1	1	0	1	1	1	0	1	-140.0	0.112	0.316	NaN	NaN	0.267	0.702	NaN	NaN	8.01	24.57	NaN	NaN	0.0	"2.5"	"F0034"	1	0	"PR"	68.485	"deionize"	37.148	0	1	0	0.0	0.0	0.0	null	70.275	0.096
-11.6	0.04565	29250.0	2981.25	2550.0	NaN	NaN	NaN	0	1	1	0	0	0	0	0	0	0	0	0	1	0	0	0	0	1	1	0	1	1	1	0	1	-139.0	0.113	0.313	NaN	NaN	0.269	0.696	NaN	NaN	8.07	24.36	NaN	NaN	0.0	"2.5"	"F0034"	1	0	"PR"	78.52	"deionize"	47.183	0	1	0	0.0	0.0	0.0	null	80.31	0.091
-9.1	0.044	30187.5	2971.875	2568.75	NaN	NaN	NaN	0	1	1	0	0	0	0	0	0	0	0	0	1	0	0	0	0	1	1	0	1	1	1	0	1	-109.0	0.112	0.315	NaN	NaN	0.267	0.7	NaN	NaN	8.01	24.5	NaN	NaN	0.0	"2.5"	"F0034"	1	0	"PR"	88.357	"deionize"	57.02	0	1	0	0.0	0.0	0.0	null	90.147	0.084
-11.5	0.042625	29437.5	2981.25	2521.875	NaN	NaN	NaN	0	1	1	0	0	0	0	0	0	0	0	0	1	0	0	0	0	1	1	0	1	1	1	0	1	-138.0	0.113	0.31	NaN	NaN	0.269	0.689	NaN	NaN	8.07	24.115	NaN	NaN	0.0	"2.5"	"F0034"	1	0	"PR"	98.399	"deionize"	67.062	0	1	0	0.0	0.0	0.0	null	100.189	0.091
-11.9	0.041525	31125.0	2971.875	2540.625	NaN	NaN	NaN	0	1	1	0	0	0	0	0	0	0	0	0	1	0	0	0	0	1	1	0	1	1	1	0	1	-143.0	0.112	0.312	NaN	NaN	0.267	0.693	NaN	NaN	8.01	24.255	NaN	NaN	0.0	"2.5"	"F0034"	1	0	"PR"	108.434	"deionize"	77.097	0	1	0	0.0	0.0	0.0	null	110.224	0.087
-11.9	0.040425	30750.0	3000.0	2559.375	NaN	NaN	NaN	0	1	1	0	0	0	0	0	0	0	0	0	1	0	0	0	0	1	1	0	1	1	1	0	1	-143.0	0.115	0.314	NaN	NaN	0.274	0.698	NaN	NaN	8.22	24.43	NaN	NaN	0.0	"2.5"	"F0034"	1	0	"PR"	118.475	"deionize"	87.138	0	1	0	0.0	0.0	0.0	null	120.265	0.089
-12.0	0.03905	31500.0	2971.875	2559.375	NaN	NaN	NaN	0	1	1	0	0	0	0	0	0	0	0	0	1	0	0	0	0	1	1	0	1	1	1	0	1	-144.0	0.112	0.314	NaN	NaN	0.267	0.698	NaN	NaN	8.01	24.43	NaN	NaN	0.0	"2.5"	"F0034"	1	0	"PR"	128.513	"deionize"	97.176	0	1	0	0.0	0.0	0.0	null	130.303	0.09
-11.9	0.038775	31125.0	2971.875	2475.0	NaN	NaN	NaN	0	1	1	0	0	0	0	0	0	0	0	0	1	0	0	0	0	1	1	0	1	1	1	0	1	-143.0	0.112	0.305	NaN	NaN	0.267	0.678	NaN	NaN	8.01	23.73	NaN	NaN	0.0	"2.5"	"F0034"	1	0	"PR"	138.551	"deionize"	107.214	0	1	0	0.0	0.0	0.0	null	140.341	0.087
-11.3	0.037675	31875.0	2971.875	2428.125	NaN	NaN	NaN	0	1	1	0	0	0	0	0	0	0	0	0	1	0	0	0	0	1	1	0	1	1	1	0	1	-136.0	0.112	0.301	NaN	NaN	0.267	0.669	NaN	NaN	8.01	23.415	NaN	NaN	0.0	"2.5"	"F0034"	1	0	"PR"	148.591	"deionize"	117.254	0	1	0	0.0	0.0	0.0	null	150.381	0.092
-10.6	0.0363	32437.5	2981.25	2437.5	NaN	NaN	NaN	0	1	1	0	0	0	0	0	0	0	0	0	1	0	0	0	0	1	1	0	1	1	1	0	1	-127.0	0.113	0.302	NaN	NaN	0.269	0.671	NaN	NaN	8.07	23.485	NaN	NaN	0.0	"2.5"	"F0034"	1	0	"PR"	158.429	"deionize"	127.092	0	1	0	0.0	0.0	0.0	null	160.219	0.087
-11.3	0.0363	31500.0	2971.875	2437.5	NaN	NaN	NaN	0	1	1	0	0	0	0	0	0	0	0	0	1	0	0	0	0	1	1	0	1	1	1	0	1	-136.0	0.112	0.302	NaN	NaN	0.267	0.671	NaN	NaN	8.01	23.485	NaN	NaN	0.0	"2.5"	"F0034"	1	0	"PR"	168.467	"deionize"	137.13	0	1	0	0.0	0.0	0.0	null	170.257	0.088
-11.4	0.0352	31500.0	2971.875	2428.125	NaN	NaN	NaN	0	1	1	0	0	0	0	0	0	0	0	0	1	0	0	0	0	1	1	0	1	1	1	0	1	-137.0	0.112	0.301	NaN	NaN	0.267	0.669	NaN	NaN	8.01	23.415	NaN	NaN	0.0	"2.5"	"F0034"	1	0	"PR"	178.507	"deionize"	147.17	0	1	0	0.0	0.0	0.0	null	180.297	0.084
-10.5	0.034925	30000.0	2981.25	2400.0	NaN	NaN	NaN	0	1	1	0	0	0	0	0	0	0	0	0	1	0	0	0	0	1	1	0	1	1	1	0	1	-126.0	0.113	0.298	NaN	NaN	0.269	0.662	NaN	NaN	8.07	23.17	NaN	NaN	0.0	"2.5"	"F0034"	1	0	"PR"	188.542	"deionize"	157.205	0	1	0	0.0	0.0	0.0	null	190.332	0.089
-10.6	0.034925	30000.0	2981.25	2503.125	NaN	NaN	NaN	0	1	1	0	0	0	0	0	0	0	0	0	1	0	0	0	0	1	1	0	1	1	1	0	1	-127.0	0.113	0.308	NaN	NaN	0.269	0.684	NaN	NaN	8.07	23.94	NaN	NaN	0.0	"2.5"	"F0034"	1	0	"PR"	198.583	"deionize"	167.246	0	1	0	0.0	0.0	0.0	null	200.373	0.089
-8.5	0.033825	30937.5	2990.625	2437.5	NaN	NaN	NaN	0	1	1	0	0	0	0	0	0	0	0	0	1	0	0	0	0	1	1	0	1	1	1	0	1	-102.0	0.114	0.302	NaN	NaN	0.271	0.671	NaN	NaN	8.13	23.485	NaN	NaN	0.0	"2.5"	"F0034"	1	0	"PR"	208.614	"deionize"	177.277	0	1	0	0.0	0.0	0.0	null	210.404	0.087
-9.5	0.033825	32437.5	2981.25	2437.5	NaN	NaN	NaN	0	1	1	0	0	0	0	0	0	0	0	0	1	0	0	0	0	1	1	0	1	1	1	0	1	-114.0	0.113	0.302	NaN	NaN	0.269	0.671	NaN	NaN	8.07	23.485	NaN	NaN	0.0	"2.5"	"F0034"	1	0	"PR"	218.649	"deionize"	187.312	0	1	0	0.0	0.0	0.0	null	220.439	0.091
-10.0	0.033	30937.5	2943.75	2475.0	NaN	NaN	NaN	0	1	1	0	0	0	0	0	0	0	0	0	1	0	0	0	0	1	1	0	1	1	1	0	1	-120.0	0.109	0.305	NaN	NaN	0.26	0.678	NaN	NaN	7.8	23.73	NaN	NaN	0.0	"2.5"	"F0034"	1	0	"PR"	228.487	"deionize"	197.15	0	1	0	0.0	0.0	0.0	null	230.277	0.088
-10.1	0.03355	31875.0	2981.25	2446.875	NaN	NaN	NaN	0	1	1	0	0	0	0	0	0	0	0	0	1	0	0	0	0	1	1	0	1	1	1	0	1	-121.0	0.113	0.303	NaN	NaN	0.269	0.673	NaN	NaN	8.07	23.555	NaN	NaN	0.0	"2.5"	"F0034"	1	0	"PR"	238.527	"deionize"	207.19	0	1	0	0.0	0.0	0.0	null	240.317	0.084
-8.7	0.0319	31875.0	2981.25	2475.0	NaN	NaN	NaN	0	1	1	0	0	0	0	0	0	0	0	0	1	0	0	0	0	1	1	0	1	1	1	0	1	-104.0	0.113	0.305	NaN	NaN	0.269	0.678	NaN	NaN	8.07	23.73	NaN	NaN	0.0	"2.5"	"F0034"	1	0	"PR"	248.567	"deionize"	217.23	0	1	0	0.0	0.0	0.0	null	250.357	0.091
-9.5	0.03245	30937.5	2971.875	2465.625	NaN	NaN	NaN	0	1	1	0	0	0	0	0	0	0	0	0	1	0	0	0	0	1	1	0	1	1	1	0	1	-114.0	0.112	0.305	NaN	NaN	0.267	0.678	NaN	NaN	8.01	23.73	NaN	NaN	0.0	"2.5"	"F0034"	1	0	"PR"	258.603	"deionize"	227.266	0	1	0	0.0	0.0	0.0	null	260.393	0.084
-9.7	0.031625	32250.0	2981.25	2428.125	NaN	NaN	NaN	0	1	1	0	0	0	0	0	0	0	0	0	1	0	0	0	0	1	1	0	1	1	1	0	1	-116.0	0.113	0.301	NaN	NaN	0.269	0.669	NaN	NaN	8.07	23.415	NaN	NaN	0.0	"2.5"	"F0034"	1	0	"PR"	268.636	"deionize"	237.299	0	1	0	0.0	0.0	0.0	null	270.426	0.084
-9.3	0.031625	29437.5	2971.875	2475.0	NaN	NaN	NaN	0	1	1	0	0	0	0	0	0	0	0	0	1	0	0	0	1	1	1	0	1	1	1	0	1	-112.0	0.112	0.305	NaN	NaN	0.267	0.678	NaN	NaN	8.01	23.73	NaN	NaN	0.0	"2.5"	"F0034"	1	0	"PR"	278.583	"deionize-uv"	7.137	0	1	0	0.0	0.0	0.0	null	280.373	0.089
-9.4	0.03135	31687.5	2981.25	2371.875	NaN	NaN	NaN	0	1	1	0	0	0	0	0	0	0	0	0	1	0	0	0	1	1	1	0	1	1	1	0	1	-113.0	0.113	0.295	NaN	NaN	0.269	0.656	NaN	NaN	8.07	22.96	NaN	NaN	0.0	"2.5"	"F0034"	1	0	"PR"	288.618	"deionize-uv"	17.172	0	1	0	0.0	0.0	0.0	null	290.408	0.084
-9.2	0.031075	32437.5	2971.875	2371.875	NaN	NaN	NaN	0	1	1	0	0	0	0	0	0	0	0	0	1	0	0	0	1	1	1	0	1	1	1	0	1	-110.0	0.112	0.295	NaN	NaN	0.267	0.656	NaN	NaN	8.01	22.96	NaN	NaN	0.0	"2.5"	"F0034"	1	0	"PR"	298.651	"deionize-uv"	27.205	0	1	0	0.0	0.0	0.0	null	300.441	0.084
-8.9	0.031075	31500.0	2990.625	2484.375	NaN	NaN	NaN	0	1	1	0	0	0	0	0	0	0	0	0	1	0	0	0	1	1	1	0	1	1	1	0	1	-107.0	0.114	0.306	NaN	NaN	0.271	0.68	NaN	NaN	8.13	23.8	NaN	NaN	0.0	"2.5"	"F0034"	1	0	"PR"	308.689	"deionize-uv"	37.243	0	1	0	0.0	0.0	0.0	null	310.479	0.088
-8.8	0.030525	29625.0	2971.875	2465.625	NaN	NaN	NaN	0	1	1	0	0	0	0	0	0	0	0	0	1	0	0	0	1	1	1	0	1	1	1	0	1	-106.0	0.112	0.305	NaN	NaN	0.267	0.678	NaN	NaN	8.01	23.73	NaN	NaN	0.0	"2.5"	"F0034"	1	0	"PR"	318.723	"deionize-uv"	47.277	0	1	0	0.0	0.0	0.0	null	320.513	0.084
-9.7	0.029975	32812.5	2971.875	2390.625	NaN	NaN	NaN	0	1	1	0	0	0	0	0	0	0	0	0	1	0	0	0	1	1	1	0	1	1	1	0	1	-116.0	0.112	0.297	NaN	NaN	0.267	0.66	NaN	NaN	8.01	23.1	NaN	NaN	0.0	"2.5"	"F0034"	1	0	"PR"	328.756	"deionize-uv"	57.31	0	1	0	0.0	0.0	0.0	null	330.546	0.084
-9.2	0.03025	31125.0	3000.0	2484.375	NaN	NaN	NaN	0	1	1	0	0	0	0	0	0	0	0	0	1	0	0	0	1	1	1	0	1	1	1	0	1	-110.0	0.115	0.306	NaN	NaN	0.274	0.68	NaN	NaN	8.22	23.8	NaN	NaN	0.0	"2.5"	"F0034"	1	0	"PR"	338.797	"deionize-uv"	67.351	0	1	0	0.0	0.0	0.0	null	340.587	0.084
-8.8	0.02915	32250.0	2962.5	2531.25	NaN	NaN	NaN	0	1	1	0	0	0	0	0	0	0	0	0	1	0	0	0	1	1	1	0	1	1	1	0	1	-106.0	0.111	0.311	NaN	NaN	0.264	0.691	NaN	NaN	7.92	24.185	NaN	NaN	0.0	"2.5"	"F0034"	1	0	"PR"	348.63	"deionize-uv"	77.184	0	1	0	0.0	0.0	0.0	null	350.42	0.09
-9.3	0.029425	31125.0	2971.875	2484.375	NaN	NaN	NaN	0	1	1	0	0	0	0	0	0	0	0	0	1	0	0	0	1	1	1	0	1	1	1	0	1	-112.0	0.112	0.306	NaN	NaN	0.267	0.68	NaN	NaN	8.01	23.8	NaN	NaN	0.0	"2.5"	"F0034"	1	0	"PR"	358.668	"deionize-uv"	87.222	0	1	0	0.0	0.0	0.0	null	360.458	0.092
-10.2	0.02915	29812.5	2981.25	2390.625	NaN	NaN	NaN	0	1	1	0	0	0	0	0	0	0	0	0	1	0	0	0	1	1	1	0	1	1	1	0	1	-122.0	0.113	0.297	NaN	NaN	0.269	0.66	NaN	NaN	8.07	23.1	NaN	NaN	0.0	"2.5"	"F0034"	1	0	"PR"	368.705	"deionize-uv"	97.259	0	1	0	0.0	0.0	0.0	null	370.495	0.086
-8.0	0.028875	29437.5	2962.5	2512.5	NaN	NaN	NaN	0	1	1	0	0	0	0	0	0	0	0	0	1	0	0	0	1	1	1	0	1	1	1	0	1	-96.0	0.111	0.309	NaN	NaN	0.264	0.687	NaN	NaN	7.92	24.045	NaN	NaN	0.0	"2.5"	"F0034"	1	0	"PR"	378.74	"deionize-uv"	107.294	0	1	0	0.0	0.0	0.0	null	380.53	0.084
-9.1	0.02805	31687.5	2971.875	2409.375	NaN	NaN	NaN	0	1	1	0	0	0	0	0	0	0	0	0	1	0	0	0	1	1	1	0	1	1	1	0	1	-109.0	0.112	0.299	NaN	NaN	0.267	0.664	NaN	NaN	8.01	23.24	NaN	NaN	0.0	"2.5"	"F0034"	1	0	"PR"	388.777	"deionize-uv"	117.331	0	1	0	0.0	0.0	0.0	null	390.567	0.086
-7.9	0.02805	30000.0	2971.875	1931.25	NaN	NaN	NaN	0	0	1	0	0	0	0	1	0	0	0	0	1	0	0	0	1	1	1	0	1	1	1	0	1	-95.0	0.112	0.251	NaN	NaN	0.267	0.558	NaN	NaN	8.01	19.53	NaN	NaN	0.0	"2.5"	"F0034"	1	0	"PR"	398.739	"drain-di-1"	7.15	0	1	0	0.0	0.0	0.0	null	400.529	0.09
-8.8	0.027775	29812.5	2981.25	1696.875	NaN	NaN	NaN	0	0	1	0	0	0	0	1	0	0	0	0	1	0	0	0	1	1	1	0	1	1	1	0	1	-106.0	0.113	0.228	NaN	NaN	0.269	0.507	NaN	NaN	8.07	17.745	NaN	NaN	0.0	"2.5"	"F0034"	1	0	"PR"	408.776	"drain-di-1"	17.187	0	1	0	0.0	0.0	0.0	null	410.566	0.093
-8.7	0.0275	30750.0	2981.25	1453.125	NaN	NaN	NaN	0	0	1	0	0	0	0	1	0	0	0	0	1	0	0	0	1	1	1	0	1	1	1	0	1	-104.0	0.113	0.203	NaN	NaN	0.269	0.451	NaN	NaN	8.07	15.785	NaN	NaN	0.0	"2.5"	"F0034"	1	0	"PR"	418.814	"drain-di-1"	27.225	0	1	0	0.0	0.0	0.0	null	420.604	0.084
-8.0	0.027225	30000.0	2981.25	1200.0	NaN	NaN	NaN	0	0	1	0	0	0	0	1	0	0	0	0	1	0	0	0	1	1	1	0	1	1	1	0	1	-96.0	0.113	0.178	NaN	NaN	0.269	0.396	NaN	NaN	8.07	13.86	NaN	NaN	0.0	"2.5"	"F0034"	1	0	"PR"	428.849	"drain-di-1"	37.26	0	1	0	0.0	0.0	0.0	null	430.639	0.084
-11.8	0.027775	30000.0	2971.875	946.875	NaN	NaN	NaN	0	0	1	0	0	0	0	1	0	0	0	0	1	0	0	0	1	1	1	0	1	1	1	0	1	-142.0	0.112	0.153	NaN	NaN	0.267	0.34	NaN	NaN	8.01	11.9	NaN	NaN	0.0	"2.5"	"F0034"	1	0	"PR"	438.887	"drain-di-1"	47.298	0	1	0	0.0	0.0	0.0	null	440.677	0.085
-8.0	0.027225	29812.5	2971.875	721.875	NaN	NaN	NaN	0	0	1	0	0	0	0	1	0	0	0	0	1	0	0	0	1	1	1	0	1	1	1	0	1	-96.0	0.112	0.13	NaN	NaN	0.267	0.289	NaN	NaN	8.01	10.115	NaN	NaN	0.0	"2.5"	"F0034"	1	0	"PR"	448.926	"drain-di-1"	57.337	0	1	0	0.0	0.0	0.0	null	450.716	0.084
-8.4	0.027225	29437.5	2981.25	440.625	NaN	NaN	NaN	0	0	1	0	0	0	0	1	0	0	0	0	1	0	0	0	1	1	1	0	1	1	1	0	1	-101.0	0.113	0.102	NaN	NaN	0.269	0.227	NaN	NaN	8.07	7.945	NaN	NaN	0.0	"2.5"	"F0034"	1	0	"PR"	458.762	"drain-di-1"	67.173	0	1	0	0.0	0.0	0.0	null	460.552	0.091
-7.7	0.027775	29062.5	2971.875	206.25	NaN	NaN	NaN	0	0	1	0	0	0	0	1	0	0	0	0	1	0	0	0	1	1	1	0	1	1	1	0	1	-92.0	0.112	0.079	NaN	NaN	0.267	0.176	NaN	NaN	8.01	6.16	NaN	NaN	0.0	"2.5"	"F0034"	1	0	"PR"	468.802	"drain-di-1"	77.213	0	1	0	0.0	0.0	0.0	null	470.592	0.087
-7.8	0.02695	30187.5	2962.5	-56.25	NaN	NaN	NaN	0	0	1	0	0	0	0	1	0	0	0	0	1	0	0	0	1	1	1	0	1	1	1	0	1	-94.0	0.111	0.052	NaN	NaN	0.264	0.116	NaN	NaN	7.92	4.06	NaN	NaN	0.0	"2.5"	"F0034"	1	0	"PR"	478.951	"drip-di-1"	4.73	0	1	0	0.0	0.0	0.0	null	480.741	0.084
-8.1	0.02695	30000.0	2971.875	-28.125	NaN	NaN	NaN	0	0	1	0	0	0	0	1	0	0	0	0	1	0	0	0	1	1	1	0	1	1	1	0	1	-97.0	0.112	0.055	NaN	NaN	0.267	0.122	NaN	NaN	8.01	4.27	NaN	NaN	0.0	"2.5"	"F0034"	1	0	"PR"	488.789	"drip-di-1"	14.568	0	1	0	0.0	0.0	0.0	null	490.579	0.09
12.5	0.027775	29250.0	2784.375	121.875	NaN	NaN	NaN	1	0	0	0	0	1	1	0	0	0	0	0	1	1	0	0	0	1	1	1	0	1	1	1	0	150.0	0.093	0.07	NaN	NaN	0.221	0.156	NaN	NaN	6.63	5.46	NaN	NaN	0.0	"2.5"	"F0034"	1	1	"PR"	498.792	"reverse-f"	9.401	0	1	0	0.0	0.0	0.0	null	500.582	0.087
12.4	0.03025	26625.0	2821.875	440.625	NaN	NaN	NaN	1	0	0	0	0	1	1	0	0	0	0	0	1	1	0	0	0	1	1	1	0	1	1	1	0	149.0	0.097	0.102	NaN	NaN	0.231	0.227	NaN	NaN	6.93	7.945	NaN	NaN	0.0	"2.5"	"F0034"	1	1	"PR"	508.826	"reverse-f"	19.435	0	1	0	0.0	0.0	0.0	null	510.616	0.09
11.8	0.033825	27562.5	2859.375	721.875	NaN	NaN	NaN	1	0	0	0	0	1	1	0	0	0	0	0	1	1	0	0	0	1	1	1	0	1	1	1	0	142.0	0.101	0.13	NaN	NaN	0.24	0.289	NaN	NaN	7.2	10.115	NaN	NaN	0.0	"2.5"	"F0034"	1	1	"PR"	518.86	"reverse-f"	29.469	0	1	0	0.0	0.0	0.0	null	520.65	0.091
12.6	0.036025	30187.5	2803.125	1021.875	NaN	NaN	NaN	1	0	0	0	0	1	1	0	0	0	0	0	1	1	0	0	0	1	1	1	0	1	1	1	0	151.0	0.095	0.16	NaN	NaN	0.226	0.356	NaN	NaN	6.78	12.46	NaN	NaN	0.0	"2.5"	"F0034"	1	1	"PR"	528.896	"reverse-f"	39.505	0	1	0	0.0	0.0	0.0	null	530.686	0.09
12.5	0.038775	26250.0	2821.875	1321.875	NaN	NaN	NaN	1	0	0	0	0	1	1	0	0	0	0	0	1	1	0	0	0	1	1	1	0	1	1	1	0	150.0	0.097	0.19	NaN	NaN	0.231	0.422	NaN	NaN	6.93	14.77	NaN	NaN	0.0	"2.5"	"F0034"	1	1	"PR"	538.929	"reverse-f"	49.538	0	1	0	0.0	0.0	0.0	null	540.719	0.09
12.4	0.040975	27937.5	2859.375	1621.875	NaN	NaN	NaN	1	0	0	0	0	1	1	0	0	0	0	0	1	1	0	0	0	1	1	1	0	1	1	1	0	149.0	0.101	0.22	NaN	NaN	0.24	0.489	NaN	NaN	7.2	17.115	NaN	NaN	0.0	"2.5"	"F0034"	1	1	"PR"	548.963	"reverse-f"	59.572	0	1	0	0.0	0.0	0.0	null	550.753	0.09
13.3	0.0429	28687.5	2793.75	1912.5	NaN	NaN	NaN	1	0	0	0	0	1	1	0	0	0	0	0	1	1	0	0	0	1	1	1	0	1	1	1	0	160.0	0.094	0.249	NaN	NaN	0.224	0.553	NaN	NaN	6.72	19.355	NaN	NaN	0.0	"2.5"	"F0034"	1	1	"PR"	558.998	"reverse-f"	69.607	0	1	0	0.0	0.0	0.0	null	560.788	0.09
12.5	0.0451	25500.0	2821.875	2203.125	NaN	NaN	NaN	1	0	0	0	0	1	1	0	0	0	0	0	1	1	0	0	0	1	1	1	0	1	1	1	0	150.0	0.097	0.278	NaN	NaN	0.231	0.618	NaN	NaN	6.93	21.63	NaN	NaN	0.0	"2.5"	"F0034"	1	1	"PR"	569.027	"reverse-f"	79.636	0	1	0	0.0	0.0	0.0	null	570.817	0.09
14.1	0.0473	30000.0	2840.625	2278.125	NaN	NaN	NaN	0	0	0	0	0	1	1	0	0	0	0	0	1	0	0	0	0	1	1	1	0	1	1	1	0	169.0	0.099	0.286	NaN	NaN	0.236	0.636	NaN	NaN	7.08	22.26	NaN	NaN	0.0	"2.5"	"F0034"	1	1	"PR"	578.974	"reverse"	89.583	0	1	0	0.0	0.0	0.0	null	580.764	0.089
12.6	0.0484	28500.0	2821.875	2259.375	NaN	NaN	NaN	0	0	0	0	0	1	1	0	0	0	0	0	1	0	0	0	0	1	1	1	0	1	1	1	0	151.0	0.097	0.284	NaN	NaN	0.231	0.631	NaN	NaN	6.93	22.085	NaN	NaN	0.0	"2.5"	"F0034"	1	1	"PR"	589.01	"reverse"	99.619	0	1	0	0.0	0.0	0.0	null	590.8	0.09
13.3	0.049775	26625.0	2859.375	2268.75	NaN	NaN	NaN	0	0	0	0	0	1	1	0	0	0	0	0	1	0	0	0	0	1	1	1	0	1	1	1	0	160.0	0.101	0.285	NaN	NaN	0.24	0.633	NaN	NaN	7.2	22.155	NaN	NaN	0.0	"2.5"	"F0034"	1	1	"PR"	599.048	"reverse"	109.657	0	1	0	0.0	0.0	0.0	null	600.838	0.09
12.5	0.050875	27562.5	2850.0	2259.375	NaN	NaN	NaN	0	0	0	0	0	1	1	0	0	0	0	0	1	0	0	0	0	1	1	1	0	1	1	1	0	150.0	0.1	0.284	NaN	NaN	0.238	0.631	NaN	NaN	7.14	22.085	NaN	NaN	0.0	"2.5"	"F0034"	1	1	"PR"	609.089	"reverse"	119.698	0	1	0	0.0	0.0	0.0	null	610.879	0.091
13.8	0.051425	27187.5	2803.125	2268.75	NaN	NaN	NaN	0	0	0	0	0	1	1	0	0	0	0	0	1	0	0	0	0	1	1	1	0	1	1	1	0	166.0	0.095	0.285	NaN	NaN	0.226	0.633	NaN	NaN	6.78	22.155	NaN	NaN	0.0	"2.5"	"F0034"	1	1	"PR"	619.122	"reverse"	129.731	0	1	0	0.0	0.0	0.0	null	620.912	0.087
13.3	0.052525	28500.0	2821.875	2278.125	NaN	NaN	NaN	0	0	0	0	0	1	1	0	0	0	0	0	1	0	0	0	0	1	1	1	0	1	1	1	0	160.0	0.097	0.286	NaN	NaN	0.231	0.636	NaN	NaN	6.93	22.26	NaN	NaN	0.0	"2.5"	"F0034"	1	1	"PR"	628.953	"reverse"	139.562	0	1	0	0.0	0.0	0.0	null	630.743	0.086
12.3	0.053075	27562.5	2831.25	2268.75	NaN	NaN	NaN	0	0	0	0	0	1	1	0	0	0	0	0	1	0	0	0	0	1	1	1	0	1	1	1	0	148.0	0.098	0.285	NaN	NaN	0.233	0.633	NaN	NaN	6.99	22.155	NaN	NaN	0.0	"2.5"	"F0034"	1	1	"PR"	638.991	"reverse"	149.6	0	1	0	0.0	0.0	0.0	null	640.781	0.087
4.4	0.0528	1125.0	2990.625	2278.125	NaN	NaN	NaN	0	0	0	0	0	0	0	0	0	0	0	0	0	0	0	0	0	0	0	0	1	0	0	0	1	53.0	0.114	0.286	NaN	NaN	0.271	0.636	NaN	NaN	8.13	22.26	NaN	NaN	0.0	"2.5"	"F0034"	0	0	"PR"	649.119	"diffuse"	9.527	0	1	1	0.0	0.0	0.0	null	650.909	0.09
4.2	0.053075	2437.5	2981.25	2278.125	NaN	NaN	NaN	0	0	0	0	0	0	0	0	0	0	0	0	0	0	0	0	0	0	0	0	1	0	0	0	1	50.0	0.113	0.286	NaN	NaN	0.269	0.636	NaN	NaN	8.07	22.26	NaN	NaN	0.0	"2.5"	"F0034"	0	0	"PR"	659.153	"diffuse"	19.561	0	1	1	0.0	0.0	0.0	null	660.943	0.09
3.9	0.05335	1875.0	2990.625	2268.75	NaN	NaN	NaN	0	0	0	0	0	0	0	0	0	0	0	0	0	0	0	0	0	0	0	0	1	0	0	0	1	47.0	0.114	0.285	NaN	NaN	0.271	0.633	NaN	NaN	8.13	22.155	NaN	NaN	0.0	"2.5"	"F0034"	0	0	"PR"	668.992	"diffuse"	29.4	0	1	1	0.0	0.0	0.0	null	670.782	0.087
12.6	0.0539	26625.0	2840.625	2268.75	NaN	NaN	NaN	0	0	0	0	0	1	1	0	0	0	0	0	1	0	0	0	0	1	1	1	0	1	1	1	0	151.0	0.099	0.285	NaN	NaN	0.236	0.633	NaN	NaN	7.08	22.155	NaN	NaN	0.0	"2.5"	"F0034"	1	1	"PR"	679.12	"wash-en"	9.525	0	1	1	0.0	0.0	0.0	null	680.91	0.09
11.7	0.054175	28125.0	2821.875	2268.75	NaN	NaN	NaN	0	0	0	0	0	1	1	0	0	0	0	0	1	0	0	0	0	1	1	1	0	1	1	1	0	140.0	0.097	0.285	NaN	NaN	0.231	0.633	NaN	NaN	6.93	22.155	NaN	NaN	0.0	"2.5"	"F0034"	1	1	"PR"	689.155	"wash-en"	19.56	0	1	1	0.0	0.0	0.0	null	690.945	0.09
3.7	0.055825	28500.0	2821.875	2278.125	NaN	NaN	NaN	0	0	0	0	0	1	1	0	0	0	0	0	1	0	0	0	0	0	0	0	1	0	0	0	1	44.0	0.097	0.286	NaN	NaN	0.231	0.636	NaN	NaN	6.93	22.26	NaN	NaN	0.0	"2.5"	"F0034"	0	0	"PR"	699.088	"wash-sc"	9.331	0	1	1	0.0	0.0	0.0	null	700.878	0.091
3.6	0.055825	750.0	2981.25	2268.75	NaN	NaN	NaN	0	0	0	0	0	0	0	0	0	0	0	0	0	0	0	0	0	0	0	0	1	0	0	0	1	43.0	0.113	0.285	NaN	NaN	0.269	0.633	NaN	NaN	8.07	22.155	NaN	NaN	0.0	"2.5"	"F0034"	0	0	"PR"	709.121	"diffuse"	9.23	0	1	2	0.0	0.0	0.0	null	710.911	0.086
4.2	0.055275	2062.5	2990.625	2278.125	NaN	NaN	NaN	0	0	0	0	0	0	0	0	0	0	0	0	0	0	0	0	0	0	0	0	1	0	0	0	1	50.0	0.114	0.286	NaN	NaN	0.271	0.636	NaN	NaN	8.13	22.26	NaN	NaN	0.0	"2.5"	"F0034"	0	0	"PR"	719.157	"diffuse"	19.266	0	1	2	0.0	0.0	0.0	null	720.947	0.086
4.3	0.055275	2812.5	2981.25	2287.5	NaN	NaN	NaN	0	0	0	0	0	0	0	0	0	0	0	0	0	0	0	0	0	0	0	0	1	0	0	0	1	52.0	0.113	0.287	NaN	NaN	0.269	0.638	NaN	NaN	8.07	22.33	NaN	NaN	0.0	"2.5"	"F0034"	0	0	"PR"	729.19	"diffuse"	29.299	0	1	2	0.0	0.0	0.0	null	730.98	0.084
12.4	0.055275	27750.0	2803.125	2278.125	NaN	NaN	NaN	0	0	0	0	0	1	1	0	0	0	0	0	1	0	0	0	0	1	1	1	0	1	1	1	0	149.0	0.095	0.286	NaN	NaN	0.226	0.636	NaN	NaN	6.78	22.26	NaN	NaN	0.0	"2.5"	"F0034"	1	1	"PR"	739.115	"wash-en"	9.122	0	1	2	0.0	0.0	0.0	null	740.905	0.084
12.2	0.0561	29625.0	2831.25	2268.75	NaN	NaN	NaN	0	0	0	0	0	1	1	0	0	0	0	0	1	0	0	0	0	1	1	1	0	1	1	1	0	146.0	0.098	0.285	NaN	NaN	0.233	0.633	NaN	NaN	6.99	22.155	NaN	NaN	0.0	"2.5"	"F0034"	1	1	"PR"	749.15	"wash-en"	19.157	0	1	2	0.0	0.0	0.0	null	750.94	0.086
1.9	0.0561	28125.0	2840.625	2278.125	NaN	NaN	NaN	0	0	0	0	0	1	1	0	0	0	0	0	1	0	0	0	0	0	0	0	1	0	0	0	1	23.0	0.099	0.286	NaN	NaN	0.236	0.636	NaN	NaN	7.08	22.26	NaN	NaN	0.0	"2.5"	"F0034"	0	0	"PR"	759.08	"wash-sc"	8.926	0	1	2	0.0	0.0	0.0	null	760.87	0.087
3.0	0.05665	1500.0	2981.25	2278.125	NaN	NaN	NaN	0	0	0	0	0	0	0	0	0	0	0	0	0	0	0	0	0	0	0	0	1	0	0	0	1	36.0	0.113	0.286	NaN	NaN	0.269	0.636	NaN	NaN	8.07	22.26	NaN	NaN	0.0	"2.5"	"F0034"	0	0	"PR"	769.112	"diffuse"	8.828	0	1	3	0.0	0.0	0.0	null	770.902	0.084
2.8	0.05665	750.0	2990.625	2287.5	NaN	NaN	NaN	0	0	0	0	0	0	0	0	0	0	0	0	0	0	0	0	0	0	0	0	1	0	0	0	1	34.0	0.114	0.287	NaN	NaN	0.271	0.638	NaN	NaN	8.13	22.33	NaN	NaN	0.0	"2.5"	"F0034"	0	0	"PR"	779.144	"diffuse"	18.86	0	1	3	0.0	0.0	0.0	null	780.934	0.084
1.5	0.056375	1125.0	2981.25	2278.125	NaN	NaN	NaN	0	0	0	0	0	0	0	0	0	0	0	0	0	0	0	0	0	0	0	0	1	0	0	0	1	18.0	0.113	0.286	NaN	NaN	0.269	0.636	NaN	NaN	8.07	22.26	NaN	NaN	0.0	"2.5"	"F0034"	0	0	"PR"	789.187	"diffuse"	28.903	0	1	3	0.0	0.0	0.0	null	790.977	0.085
12.4	0.056375	29062.5	2803.125	2250.0	NaN	NaN	NaN	0	0	0	0	0	1	1	0	0	0	0	0	1	0	0	0	0	1	1	1	0	1	1	1	0	149.0	0.095	0.283	NaN	NaN	0.226	0.629	NaN	NaN	6.78	22.015	NaN	NaN	0.0	"2.5"	"F0034"	1	1	"PR"	799.31	"wash-en"	8.919	0	1	3	0.0	0.0	0.0	null	801.1	0.086
12.7	0.0561	25312.5	2784.375	2278.125	NaN	NaN	NaN	0	0	0	0	0	1	1	0	0	0	0	0	1	0	0	0	0	1	1	1	0	1	1	1	0	152.0	0.093	0.286	NaN	NaN	0.221	0.636	NaN	NaN	6.63	22.26	NaN	NaN	0.0	"2.5"	"F0034"	1	1	"PR"	809.142	"wash-en"	18.751	0	1	3	0.0	0.0	0.0	null	810.932	0.085
2.4	0.0572	27375.0	2821.875	2278.125	NaN	NaN	NaN	0	0	0	0	0	1	1	0	0	0	0	0	1	0	0	0	0	0	0	0	1	0	0	0	1	29.0	0.097	0.286	NaN	NaN	0.231	0.636	NaN	NaN	6.93	22.26	NaN	NaN	0.0	"2.5"	"F0034"	0	0	"PR"	819.276	"wash-sc"	8.728	0	1	3	0.0	0.0	0.0	null	821.066	0.085
1.9	0.056375	1875.0	2990.625	2268.75	NaN	NaN	NaN	0	0	0	0	0	0	0	0	0	0	0	0	0	0	0	0	0	0	0	0	1	0	0	0	1	23.0	0.114	0.285	NaN	NaN	0.271	0.633	NaN	NaN	8.13	22.155	NaN	NaN	0.0	"2.5"	"F0034"	0	0	"PR"	829.312	"diffuse"	8.631	0	1	4	0.0	0.0	0.0	null	831.102	0.086
2.7	0.05665	1875.0	2990.625	2278.125	NaN	NaN	NaN	0	0	0	0	0	0	0	0	0	0	0	0	0	0	0	0	0	0	0	0	1	0	0	0	1	32.0	0.114	0.286	NaN	NaN	0.271	0.636	NaN	NaN	8.13	22.26	NaN	NaN	0.0	"2.5"	"F0034"	0	0	"PR"	839.347	"diffuse"	18.666	0	1	4	0.0	0.0	0.0	null	841.137	0.087
2.7	0.0572	937.5	2981.25	2287.5	NaN	NaN	NaN	0	0	0	0	0	0	0	0	0	0	0	0	0	0	0	0	0	0	0	0	1	0	0	0	1	32.0	0.113	0.287	NaN	NaN	0.269	0.638	NaN	NaN	8.07	22.33	NaN	NaN	0.0	"2.5"	"F0034"	0	0	"PR"	849.386	"diffuse"	28.705	0	1	4	0.0	0.0	0.0	null	851.176	0.087
12.9	0.056375	26437.5	2831.25	2268.75	NaN	NaN	NaN	0	0	0	0	0	1	1	0	0	0	0	0	1	0	0	0	0	1	1	1	0	1	1	1	0	155.0	0.098	0.285	NaN	NaN	0.233	0.633	NaN	NaN	6.99	22.155	NaN	NaN	0.0	"2.5"	"F0034"	1	1	"PR"	859.306	"wash-en"	8.516	0	1	4	0.0	0.0	0.0	null	861.096	0.084
11.9	0.056925	27562.5	2840.625	2268.75	NaN	NaN	NaN	0	0	0	0	0	1	1	0	0	0	0	0	1	0	0	0	0	1	1	1	0	1	1	1	0	143.0	0.099	0.285	NaN	NaN	0.236	0.633	NaN	NaN	7.08	22.155	NaN	NaN	0.0	"2.5"	"F0034"	1	1	"PR"	869.34	"wash-en"	18.55	0	1	4	0.0	0.0	0.0	null	871.13	0.084
2.0	0.056925	26437.5	2821.875	2278.125	NaN	NaN	NaN	0	0	0	0	0	1	1	0	0	0	0	0	1	0	0	0	0	0	0	0	1	0	0	0	1	24.0	0.097	0.286	NaN	NaN	0.231	0.636	NaN	NaN	6.93	22.26	NaN	NaN	0.0	"2.5"	"F0034"	0	0	"PR"	879.265	"wash-sc"	8.319	0	1	4	0.0	0.0	0.0	null	881.055	0.088
0.3	0.057475	-1500.0	2512.5	2287.5	NaN	NaN	NaN	0	0	0	0	1	0	0	0	0	0	0	0	0	0	0	0	0	0	0	0	1	0	0	0	1	4.0	0.066	0.287	NaN	NaN	0.157	0.638	NaN	NaN	4.71	22.33	NaN	NaN	0.0	"2.5"	"F0034"	0	0	"PR"	889.301	"drain-rg"	8.227	0	1	4	0.0	0.0	0.0	null	891.091	0.084
1.6	0.0572	-937.5	2212.5	2278.125	NaN	NaN	NaN	0	0	0	0	1	0	0	0	0	0	0	0	0	0	0	0	0	0	0	0	1	0	0	0	1	19.0	0.036	0.286	NaN	NaN	0.086	0.636	NaN	NaN	2.58	22.26	NaN	NaN	0.0	"2.5"	"F0034"	0	0	"PR"	899.331	"drain-rg"	18.257	0	1	4	0.0	0.0	0.0	null	901.121	0.083
1.8	0.056925	-1125.0	1753.125	2278.125	NaN	NaN	NaN	0	0	0	0	1	0	0	0	0	0	0	0	0	0	0	0	0	0	0	0	1	0	0	0	1	22.0	-0.01	0.286	NaN	NaN	-0.024	0.636	NaN	NaN	-0.72	22.26	NaN	NaN	0.0	"2.5"	"F0034"	0	0	"PR"	909.374	"drip-rg"	1.405	0	1	4	0.0	0.0	0.0	null	911.164	0.085
1.8	0.057475	-937.5	-18.75	2278.125	NaN	NaN	NaN	0	0	0	0	1	0	0	0	0	0	0	0	0	0	0	0	0	0	0	0	1	0	0	0	1	22.0	-0.187	0.286	NaN	NaN	-0.445	0.636	NaN	NaN	-13.35	22.26	NaN	NaN	0.0	"2.5"	"F0034"	0	0	"PR"	919.406	"drip-rg"	11.437	0	1	4	0.0	0.0	0.0	null	921.196	0.084
2.4	0.0572	26437.5	1659.375	2146.875	NaN	NaN	NaN	0	0	1	0	0	1	0	0	0	0	0	0	1	0	0	0	0	0	0	0	1	0	0	0	1	29.0	-0.019	0.273	NaN	NaN	-0.045	0.607	NaN	NaN	-1.35	21.245	NaN	NaN	0.0	"2.5"	"F0034"	0	0	"FR"	5.446	"fill-rg-di"	5.245	1	1	0	925.01	0.0	0.0	null	931.076	0.092
2.1	0.055825	24937.5	2128.125	1912.5	NaN	NaN	NaN	0	0	1	0	0	1	0	0	0	0	0	0	1	0	0	0	0	0	0	0	1	0	0	0	1	25.0	0.028	0.249	NaN	NaN	0.067	0.553	NaN	NaN	2.01	19.355	NaN	NaN	0.0	"2.5"	"F0034"	0	0	"FR"	15.48	"fill-rg-di"	15.279	1	1	0	925.01	0.0	0.0	null	941.11	0.084
2.5	0.054175	27562.5	2418.75	1696.875	NaN	NaN	NaN	0	0	1	0	0	1	0	0	0	0	0	0	1	0	0	0	0	0	0	0	1	0	0	0	1	30.0	0.057	0.228	NaN	NaN	0.136	0.507	NaN	NaN	4.08	17.745	NaN	NaN	0.0	"2.5"	"F0034"	0	0	"FR"	25.518	"fill-rg-di"	25.317	1	1	0	925.01	0.0	0.0	null	951.148	0.084
1.3	0.053075	26062.5	2737.5	1406.25	NaN	NaN	NaN	0	0	1	0	0	1	0	0	0	0	0	0	1	0	0	0	0	0	0	0	1	0	0	0	1	16.0	0.089	0.199	NaN	NaN	0.212	0.442	NaN	NaN	6.36	15.47	NaN	NaN	0.0	"2.5"	"F0034"	0	0	"FR"	35.557	"fill-rg-di"	35.356	1	1	0	925.01	0.0	0.0	null	961.187	0.084
2.1	0.051425	29250.0	3056.25	1153.125	NaN	NaN	NaN	0	0	1	0	0	1	0	0	0	0	0	0	1	0	0	0	0	0	0	0	1	0	0	0	1	25.0	0.121	0.173	NaN	NaN	0.288	0.384	NaN	NaN	8.64	13.44	NaN	NaN	0.0	"2.5"	"F0034"	0	0	"FR"	45.595	"fill-rg-di"	45.394	1	1	0	925.01	0.0	0.0	null	971.225	0.087
2.6	0.0506	1312.5	2962.5	965.625	NaN	NaN	NaN	0	0	0	0	1	0	0	0	0	0	0	0	0	0	0	0	0	0	0	0	1	0	0	0	1	31.0	0.111	0.155	NaN	NaN	0.264	0.344	NaN	NaN	7.92	12.04	NaN	NaN	0.0	"2.5"	"F0034"	0	0	"FR"	55.638	"drain-rg"	2.61	1	1	0	925.01	0.0	0.0	null	981.268	0.086
1.9	0.050325	1875.0	2606.25	975.0	NaN	NaN	NaN	0	0	0	0	1	0	0	0	0	0	0	0	0	0	0	0	0	0	0	0	1	0	0	0	1	23.0	0.076	0.155	NaN	NaN	0.181	0.344	NaN	NaN	5.43	12.04	NaN	NaN	0.0	"2.5"	"F0034"	0	0	"FR"	65.669	"drain-rg"	12.641	1	1	0	925.01	0.0	0.0	null	991.299	0.084
2.1	0.05005	1125.0	2259.375	975.0	NaN	NaN	NaN	0	0	0	0	1	0	0	0	0	0	0	0	0	0	0	0	0	0	0	0	1	0	0	0	1	25.0	0.041	0.155	NaN	NaN	0.098	0.344	NaN	NaN	2.94	12.04	NaN	NaN	0.0	"2.5"	"F0034"	0	0	"FR"	75.705	"drain-rg"	22.677	1	1	0	925.01	0.0	0.0	null	1001.335	0.086
1.4	0.05005	937.5	1921.875	975.0	NaN	NaN	NaN	0	0	0	0	1	0	0	0	0	0	0	0	0	0	0	0	0	0	0	0	1	0	0	0	1	17.0	0.007	0.155	NaN	NaN	0.017	0.344	NaN	NaN	0.51	12.04	NaN	NaN	0.0	"2.5"	"F0034"	0	0	"FR"	85.544	"drain-rg"	32.516	1	1	0	925.01	0.0	0.0	null	1011.174	0.089
2.1	0.0506	1312.5	1378.125	965.625	NaN	NaN	NaN	0	0	0	0	1	0	0	0	0	0	0	0	0	0	0	0	0	0	0	0	1	0	0	0	1	25.0	-0.047	0.155	NaN	NaN	-0.112	0.344	NaN	NaN	-3.36	12.04	NaN	NaN	0.0	"2.5"	"F0034"	0	0	"FR"	95.582	"drip-rg"	8.231	1	1	0	925.01	0.0	0.0	null	1021.212	0.087
2.4	0.0506	25500.0	1087.5	928.125	NaN	NaN	NaN	0	0	1	0	0	1	0	0	0	0	0	0	1	0	0	0	0	0	0	0	1	0	0	0	1	29.0	-0.076	0.151	NaN	NaN	-0.181	0.336	NaN	NaN	-5.43	11.76	NaN	NaN	0.0	"2.5"	"F0034"	0	0	"PR"	2.426	"fill-rg-di"	2.226	1	0	0	925.01	0.0	1028.238	null	1031.299	0.087
2.0	0.05005	26812.5	2015.625	693.75	NaN	NaN	NaN	0	0	1	0	0	1	0	0	0	0	0	0	1	0	0	0	0	0	0	0	1	0	0	0	1	24.0	0.017	0.127	NaN	NaN	0.04	0.282	NaN	NaN	1.2	9.87	NaN	NaN	0.0	"2.5"	"F0034"	0	0	"PR"	12.466	"fill-rg-di"	12.266	1	0	0	925.01	0.0	1028.238	null	1041.339	0.084
2.3	0.0495	27562.5	2353.125	412.5	NaN	NaN	NaN	0	0	1	0	0	1	0	0	0	0	0	0	1	0	0	0	0	0	0	0	1	0	0	0	1	28.0	0.05	0.099	NaN	NaN	0.119	0.22	NaN	NaN	3.57	7.7	NaN	NaN	0.0	"2.5"	"F0034"	0	0	"PR"	22.506	"fill-rg-di"	22.306	1	0	0	925.01	0.0	1028.238	null	1051.379	0.085
0.6	0.048125	26812.5	2653.125	140.625	NaN	NaN	NaN	0	0	1	0	0	1	0	0	0	0	0	0	1	0	0	0	0	0	0	0	1	0	0	0	1	7.0	0.08	0.072	NaN	NaN	0.19	0.16	NaN	NaN	5.7	5.6	NaN	NaN	0.0	"2.5"	"F0034"	0	0	"PR"	32.546	"fill-rg-di"	32.346	1	0	0	925.01	0.0	1028.238	null	1061.419	0.084
0.6	0.04785	1500.0	2737.5	318.75	NaN	NaN	NaN	1	0	0	0	0	0	0	0	0	0	0	0	0	1	0	0	0	0	0	0	1	0	0	0	1	7.0	0.089	0.09	NaN	NaN	0.212	0.2	NaN	NaN	6.36	7.0	NaN	NaN	0.0	"2.5"	"F0034"	0	0	"PR"	42.382	"fill-di-lb"	7.427	1	0	0	925.01	0.0	1028.238	null	1071.255	0.091
1.0	0.0473	1500.0	2718.75	618.75	NaN	NaN	NaN	1	0	0	0	0	0	0	0	0	0	0	0	0	1	0	0	0	0	0	0	1	0	0	0	1	12.0	0.087	0.12	NaN	NaN	0.207	0.267	NaN	NaN	6.21	9.345	NaN	NaN	0.0	"2.5"	"F0034"	0	0	"PR"	52.421	"fill-di-lb"	17.466	1	0	0	925.01	0.0	1028.238	null	1081.294	0.09
2.1	0.0473	2250.0	2728.125	918.75	NaN	NaN	NaN	1	0	0	0	0	0	0	0	0	0	0	0	0	1	0	0	0	0	0	0	1	0	0	0	1	25.0	0.088	0.15	NaN	NaN	0.21	0.333	NaN	NaN	6.3	11.655	NaN	NaN	0.0	"2.5"	"F0034"	0	0	"PR"	62.456	"fill-di-lb"	27.501	1	0	0	925.01	0.0	1028.238	null	1091.329	0.087
1.7	0.047025	1687.5	2746.875	1218.75	NaN	NaN	NaN	1	0	0	0	0	0	0	0	0	0	0	0	0	1	0	0	0	0	0	0	1	0	0	0	1	20.0	0.09	0.18	NaN	NaN	0.214	0.4	NaN	NaN	6.42	14.0	NaN	NaN	0.0	"2.5"	"F0034"	0	0	"PR"	72.495	"fill-di-lb"	37.54	1	0	0	925.01	0.0	1028.238	null	1101.368	0.093
3.4	0.047575	3187.5	2718.75	1500.0	NaN	NaN	NaN	1	0	0	0	0	0	0	0	0	0	0	0	0	1	0	0	0	0	0	0	1	0	0	0	1	41.0	0.087	0.208	NaN	NaN	0.207	0.462	NaN	NaN	6.21	16.17	NaN	NaN	0.0	"2.5"	"F0034"	0	0	"PR"	82.529	"fill-di-lb"	47.574	1	0	0	925.01	0.0	1028.238	null	1111.402	0.09
2.4	0.0473	1312.5	2709.375	1809.375	NaN	NaN	NaN	1	0	0	0	0	0	0	0	0	0	0	0	0	1	0	0	0	0	0	0	1	0	0	0	1	29.0	0.086	0.239	NaN	NaN	0.205	0.531	NaN	NaN	6.15	18.585	NaN	NaN	0.0	"2.5"	"F0034"	0	0	"PR"	92.562	"fill-di-lb"	57.607	1	0	0	925.01	0.0	1028.238	null	1121.435	0.09
2.1	0.0473	3375.0	2709.375	2109.375	NaN	NaN	NaN	1	0	0	0	0	0	0	0	0	0	0	0	0	1	0	0	0	0	0	0	1	0	0	0	1	25.0	0.086	0.269	NaN	NaN	0.205	0.598	NaN	NaN	6.15	20.93	NaN	NaN	0.0	"2.5"	"F0034"	0	0	"PR"	102.607	"fill-di-lb"	67.652	1	0	0	925.01	0.0	1028.238	null	1131.48	0.086
2.3	0.047025	27375.0	2868.75	2156.25	NaN	NaN	NaN	0	0	1	0	0	1	0	0	0	0	0	0	1	0	0	0	0	0	0	0	1	0	0	0	1	28.0	0.102	0.274	NaN	NaN	0.243	0.609	NaN	NaN	7.29	21.315	NaN	NaN	0.0	"2.5"	"F0034"	0	0	"PR"	112.44	"fill-rg-di"	5.017	1	0	0	925.01	0.0	1028.238	null	1141.313	0.091
12.3	0.04675	30562.5	2981.25	2625.0	NaN	NaN	NaN	0	1	1	0	0	0	0	0	0	0	0	0	1	0	0	0	0	1	1	1	0	1	1	1	0	148.0	0.113	0.321	NaN	NaN	0.269	0.713	NaN	NaN	8.07	24.955	NaN	NaN	0.0	"2.5"	"F0034"	1	1	"PR"	122.488	"deionize"	1.015	1	1	0	925.01	0.0	1028.238	null	1151.361	0.089
12.3	0.04675	29812.5	2962.5	2512.5	NaN	NaN	NaN	0	1	1	0	0	0	0	0	0	0	0	0	1	0	0	0	0	1	1	1	0	1	1	1	0	148.0	0.111	0.309	NaN	NaN	0.264	0.687	NaN	NaN	7.92	24.045	NaN	NaN	0.0	"2.5"	"F0034"	1	1	"PR"	132.522	"deionize"	11.049	1	1	0	925.01	0.0	1028.238	null	1161.395	0.09
11.9	0.04565	29812.5	2953.125	2550.0	NaN	NaN	NaN	0	1	1	0	0	0	0	0	0	0	0	0	1	0	0	0	0	1	1	1	0	1	1	1	0	143.0	0.11	0.313	NaN	NaN	0.262	0.696	NaN	NaN	7.86	24.36	NaN	NaN	0.0	"2.5"	"F0034"	1	1	"PR"	142.558	"deionize"	21.085	1	1	0	925.01	0.0	1028.238	null	1171.431	0.091
11.6	0.044825	29437.5	2934.375	2550.0	NaN	NaN	NaN	0	1	1	0	0	0	0	0	0	0	0	0	1	0	0	0	0	1	1	1	0	1	1	1	0	139.0	0.108	0.313	NaN	NaN	0.257	0.696	NaN	NaN	7.71	24.36	NaN	NaN	0.0	"2.5"	"F0034"	1	1	"PR"	152.598	"deionize"	31.125	1	1	0	925.01	0.0	1028.238	null	1181.471	0.09
12.6	0.043725	30750.0	2925.0	2578.125	NaN	NaN	NaN	0	1	1	0	0	0	0	0	0	0	0	0	1	0	0	0	0	1	1	1	0	1	1	1	0	151.0	0.107	0.316	NaN	NaN	0.255	0.702	NaN	NaN	7.65	24.57	NaN	NaN	0.0	"2.5"	"F0034"	1	1	"PR"	162.636	"deionize"	41.163	1	1	0	925.01	0.0	1028.238	null	1191.509	0.088
12.4	0.0429	32250.0	2971.875	2484.375	NaN	NaN	NaN	0	1	1	0	0	0	0	0	0	0	0	0	1	0	0	0	0	1	1	1	0	1	1	1	0	149.0	0.112	0.306	NaN	NaN	0.267	0.68	NaN	NaN	8.01	23.8	NaN	NaN	0.0	"2.5"	"F0034"	1	1	"PR"	172.671	"deionize"	51.198	1	1	0	925.01	0.0	1028.238	null	1201.544	0.088
13.0	0.0418	32250.0	2943.75	2531.25	NaN	NaN	NaN	0	1	1	0	0	0	0	0	0	0	0	0	1	0	0	0	0	1	1	1	0	1	1	1	0	156.0	0.109	0.311	NaN	NaN	0.26	0.691	NaN	NaN	7.8	24.185	NaN	NaN	0.0	"2.5"	"F0034"	1	1	"PR"	182.51	"deionize"	61.037	1	1	0	925.01	0.0	1028.238	null	1211.383	0.088
11.9	0.040425	29812.5	2953.125	2512.5	NaN	NaN	NaN	0	1	1	0	0	0	0	0	0	0	0	0	1	0	0	0	0	1	1	1	0	1	1	1	0	143.0	0.11	0.309	NaN	NaN	0.262	0.687	NaN	NaN	7.86	24.045	NaN	NaN	0.0	"2.5"	"F0034"	1	1	"PR"	192.545	"deionize"	71.072	1	1	0	925.01	0.0	1028.238	null	1221.418	0.087
13.3	0.040425	31312.5	2953.125	2587.5	NaN	NaN	NaN	0	1	1	0	0	0	0	0	0	0	0	0	1	0	0	0	0	1	1	1	0	1	1	1	0	160.0	0.11	0.317	NaN	NaN	0.262	0.704	NaN	NaN	7.86	24.64	NaN	NaN	0.0	"2.5"	"F0034"	1	1	"PR"	202.586	"deionize"	81.113	1	1	0	925.01	0.0	1028.238	null	1231.459	0.089
13.4	0.039325	30000.0	2953.125	2512.5	NaN	NaN	NaN	0	1	1	0	0	0	0	0	0	0	0	0	1	0	0	0	0	1	1	1	0	1	1	1	0	161.0	0.11	0.309	NaN	NaN	0.262	0.687	NaN	NaN	7.86	24.045	NaN	NaN	0.0	"2.5"	"F0034"	1	1	"PR"	212.623	"deionize"	91.15	1	1	0	925.01	0.0	1028.238	null	1241.496	0.091
12.8	0.039325	30187.5	2962.5	2475.0	NaN	NaN	NaN	0	1	1	0	0	0	0	0	0	0	0	0	1	0	0	0	0	1	1	1	0	1	1	1	0	154.0	0.111	0.305	NaN	NaN	0.264	0.678	NaN	NaN	7.92	23.73	NaN	NaN	0.0	"2.5"	"F0034"	1	1	"PR"	222.661	"deionize"	101.188	1	1	0	925.01	0.0	1028.238	null	1251.534	0.09
12.3	0.0385	29250.0	2934.375	2493.75	NaN	NaN	NaN	0	1	1	0	0	0	0	0	0	0	0	0	1	0	0	0	0	1	1	1	0	1	1	1	0	148.0	0.108	0.307	NaN	NaN	0.257	0.682	NaN	NaN	7.71	23.87	NaN	NaN	0.0	"2.5"	"F0034"	1	1	"PR"	232.702	"deionize"	111.229	1	1	0	925.01	0.0	1028.238	null	1261.575	0.089
12.3	0.037675	30000.0	2943.75	2409.375	NaN	NaN	NaN	0	1	1	0	0	0	0	0	0	0	0	0	1	0	0	0	0	1	1	1	0	1	1	1	0	148.0	0.109	0.299	NaN	NaN	0.26	0.664	NaN	NaN	7.8	23.24	NaN	NaN	0.0	"2.5"	"F0034"	1	1	"PR"	242.74	"deionize"	121.267	1	1	0	925.01	0.0	1028.238	null	1271.613	0.091
12.6	0.03795	31500.0	2934.375	2418.75	NaN	NaN	NaN	0	1	1	0	0	0	0	0	0	0	0	0	1	0	0	0	0	1	1	1	0	1	1	1	0	151.0	0.108	0.3	NaN	NaN	0.257	0.667	NaN	NaN	7.71	23.345	NaN	NaN	0.0	"2.5"	"F0034"	1	1	"PR"	252.78	"deionize"	131.307	1	1	0	925.01	0.0	1028.238	null	1281.653	0.092
12.8	0.0374	30750.0	2943.75	2465.625	NaN	NaN	NaN	0	1	1	0	0	0	0	0	0	0	0	0	1	0	0	0	0	1	1	1	0	1	1	1	0	154.0	0.109	0.305	NaN	NaN	0.26	0.678	NaN	NaN	7.8	23.73	NaN	NaN	0.0	"2.5"	"F0034"	1	1	"PR"	262.619	"deionize"	141.146	1	1	0	925.01	0.0	1028.238	null	1291.492	0.087
12.3	0.037125	31500.0	2971.875	2456.25	NaN	NaN	NaN	0	1	1	0	0	0	0	0	0	0	0	0	1	0	0	0	0	1	1	1	0	1	1	1	0	148.0	0.112	0.304	NaN	NaN	0.267	0.676	NaN	NaN	8.01	23.66	NaN	NaN	0.0	"2.5"	"F0034"	1	1	"PR"	272.658	"deionize"	151.185	1	1	0	925.01	0.0	1028.238	null	1301.531	0.084
12.6	0.03685	29812.5	2943.75	2437.5	NaN	NaN	NaN	0	1	1	0	0	0	0	0	0	0	0	0	1	0	0	0	0	1	1	1	0	1	1	1	0	151.0	0.109	0.302	NaN	NaN	0.26	0.671	NaN	NaN	7.8	23.485	NaN	NaN	0.0	"2.5"	"F0034"	1	1	"PR"	282.701	"deionize"	161.228	1	1	0	925.01	0.0	1028.238	null	1311.574	0.086
8.4	0.0363	30937.5	2943.75	2437.5	NaN	NaN	NaN	0	1	1	0	0	0	0	0	0	0	0	0	1	0	0	0	0	1	1	1	0	1	1	1	0	101.0	0.109	0.302	NaN	NaN	0.26	0.671	NaN	NaN	7.8	23.485	NaN	NaN	0.0	"2.5"	"F0034"	1	1	"PR"	292.739	"deionize"	171.266	1	1	0	925.01	0.0	1028.238	null	1321.612	0.087
13.0	0.036025	30187.5	2934.375	2409.375	NaN	NaN	NaN	0	1	1	0	0	0	0	0	0	0	0	0	1	0	0	0	0	1	1	1	0	1	1	1	0	156.0	0.108	0.299	NaN	NaN	0.257	0.664	NaN	NaN	7.71	23.24	NaN	NaN	0.0	"2.5"	"F0034"	1	1	"PR"	302.783	"deionize"	181.31	1	1	0	925.01	0.0	1028.238	null	1331.656	0.094
12.6	0.036025	29250.0	2943.75	2493.75	NaN	NaN	NaN	0	1	1	0	0	0	0	0	0	0	0	0	1	0	0	0	0	1	1	1	0	1	1	1	0	151.0	0.109	0.307	NaN	NaN	0.26	0.682	NaN	NaN	7.8	23.87	NaN	NaN	0.0	"2.5"	"F0034"	1	1	"PR"	312.822	"deionize"	191.349	1	1	0	925.01	0.0	1028.238	null	1341.695	0.091
12.5	0.034925	31125.0	2971.875	2409.375	NaN	NaN	NaN	0	1	1	0	0	0	0	0	0	0	0	0	1	0	0	0	0	1	1	1	0	1	1	1	0	150.0	0.112	0.299	NaN	NaN	0.267	0.664	NaN	NaN	8.01	23.24	NaN	NaN	0.0	"2.5"	"F0034"	1	1	"PR"	322.861	"deionize"	201.388	1	1	0	925.01	0.0	1028.238	null	1351.734	0.09
12.6	0.034925	30750.0	2971.875	2465.625	NaN	NaN	NaN	0	1	1	0	0	0	0	0	0	0	0	0	1	0	0	0	0	1	1	1	0	1	1	1	0	151.0	0.112	0.305	NaN	NaN	0.267	0.678	NaN	NaN	8.01	23.73	NaN	NaN	0.0	"2.5"	"F0034"	1	1	"PR"	332.702	"deionize"	211.229	1	1	0	925.01	0.0	1028.238	null	1361.575	0.086
13.2	0.033825	30375.0	2953.125	2437.5	NaN	NaN	NaN	0	1	1	0	0	0	0	0	0	0	0	0	1	0	0	0	0	1	1	1	0	1	1	1	0	158.0	0.11	0.302	NaN	NaN	0.262	0.671	NaN	NaN	7.86	23.485	NaN	NaN	0.0	"2.5"	"F0034"	1	1	"PR"	342.736	"deionize"	221.263	1	1	0	925.01	0.0	1028.238	null	1371.609	0.087
12.4	0.034375	32062.5	2925.0	2409.375	NaN	NaN	NaN	0	1	1	0	0	0	0	0	0	0	0	0	1	0	0	0	0	1	1	1	0	1	1	1	0	149.0	0.107	0.299	NaN	NaN	0.255	0.664	NaN	NaN	7.65	23.24	NaN	NaN	0.0	"2.5"	"F0034"	1	1	"PR"	352.771	"deionize"	231.298	1	1	0	925.01	0.0	1028.238	null	1381.644	0.084
13.0	0.033275	30187.5	2943.75	2418.75	NaN	NaN	NaN	0	1	1	0	0	0	0	0	0	0	0	0	1	0	0	0	1	1	1	1	0	1	1	1	0	156.0	0.109	0.3	NaN	NaN	0.26	0.667	NaN	NaN	7.8	23.345	NaN	NaN	0.0	"2.5"	"F0034"	1	1	"PR"	362.719	"deionize-uv"	1.113	1	1	0	925.01	0.0	1028.238	null	1391.592	0.083
12.3	0.03355	32812.5	2943.75	2353.125	NaN	NaN	NaN	0	1	1	0	0	0	0	0	0	0	0	0	1	0	0	0	1	1	1	1	0	1	1	1	0	148.0	0.109	0.293	NaN	NaN	0.26	0.651	NaN	NaN	7.8	22.785	NaN	NaN	0.0	"2.5"	"F0034"	1	1	"PR"	372.753	"deionize-uv"	11.147	1	1	0	925.01	0.0	1028.238	null	1401.626	0.086
12.6	0.033	30750.0	2943.75	2437.5	NaN	NaN	NaN	0	1	1	0	0	0	0	0	0	0	0	0	1	0	0	0	1	1	1	1	0	1	1	1	0	151.0	0.109	0.302	NaN	NaN	0.26	0.671	NaN	NaN	7.8	23.485	NaN	NaN	0.0	"2.5"	"F0034"	1	1	"PR"	382.791	"deionize-uv"	21.185	1	1	0	925.01	0.0	1028.238	null	1411.664	0.085
12.6	0.03245	29625.0	2943.75	2446.875	NaN	NaN	NaN	0	1	1	0	0	0	0	0	0	0	0	0	1	0	0	0	1	1	1	1	0	1	1	1	0	151.0	0.109	0.303	NaN	NaN	0.26	0.673	NaN	NaN	7.8	23.555	NaN	NaN	0.0	"2.5"	"F0034"	1	1	"PR"	392.825	"deionize-uv"	31.219	1	1	0	925.01	0.0	1028.238	null	1421.698	0.086
12.5	0.032175	30000.0	2953.125	2409.375	NaN	NaN	NaN	0	1	1	0	0	0	0	0	0	0	0	0	1	0	0	0	1	1	1	1	0	1	1	1	0	150.0	0.11	0.299	NaN	NaN	0.262	0.664	NaN	NaN	7.86	23.24	NaN	NaN	0.0	"2.5"	"F0034"	1	1	"PR"	402.862	"deionize-uv"	41.256	1	1	0	925.01	0.0	1028.238	null	1431.735	0.084
12.4	0.0319	30000.0	2953.125	2475.0	NaN	NaN	NaN	0	1	1	0	0	0	0	0	0	0	0	0	1	0	0	0	1	1	1	1	0	1	1	1	0	149.0	0.11	0.305	NaN	NaN	0.262	0.678	NaN	NaN	7.86	23.73	NaN	NaN	0.0	"2.5"	"F0034"	1	1	"PR"	412.9	"deionize-uv"	51.294	1	1	0	925.01	0.0	1028.238	null	1441.773	0.088
11.9	0.03135	32062.5	2953.125	2400.0	NaN	NaN	NaN	0	1	1	0	0	0	0	0	0	0	0	0	1	0	0	0	1	1	1	1	0	1	1	1	0	143.0	0.11	0.298	NaN	NaN	0.262	0.662	NaN	NaN	7.86	23.17	NaN	NaN	0.0	"2.5"	"F0034"	1	1	"PR"	422.935	"deionize-uv"	61.329	1	1	0	925.01	0.0	1028.238	null	1451.808	0.093
11.9	0.03025	30000.0	2934.375	2409.375	NaN	NaN	NaN	0	1	1	0	0	0	0	0	0	0	0	0	1	0	0	0	1	1	1	1	0	1	1	1	0	143.0	0.108	0.299	NaN	NaN	0.257	0.664	NaN	NaN	7.71	23.24	NaN	NaN	0.0	"2.5"	"F0034"	1	1	"PR"	432.969	"deionize-uv"	71.363	1	1	0	925.01	0.0	1028.238	null	1461.842	0.087
12.0	0.03025	29625.0	2943.75	2446.875	NaN	NaN	NaN	0	1	1	0	0	0	0	0	0	0	0	0	1	0	0	0	1	1	1	1	0	1	1	1	0	144.0	0.109	0.303	NaN	NaN	0.26	0.673	NaN	NaN	7.8	23.555	NaN	NaN	0.0	"2.5"	"F0034"	1	1	"PR"	443.006	"deionize-uv"	81.4	1	1	0	925.01	0.0	1028.238	null	1471.879	0.087
12.3	0.03025	31500.0	2934.375	2343.75	NaN	NaN	NaN	0	1	1	0	0	0	0	0	0	0	0	0	1	0	0	0	1	1	1	1	0	1	1	1	0	148.0	0.108	0.292	NaN	NaN	0.257	0.649	NaN	NaN	7.71	22.715	NaN	NaN	0.0	"2.5"	"F0034"	1	1	"PR"	452.838	"deionize-uv"	91.232	1	1	0	925.01	0.0	1028.238	null	1481.711	0.086
11.1	0.0297	33562.5	2943.75	2400.0	NaN	NaN	NaN	0	1	1	0	0	0	0	0	0	0	0	0	1	0	0	0	1	1	1	1	0	1	1	1	0	133.0	0.109	0.298	NaN	NaN	0.26	0.662	NaN	NaN	7.8	23.17	NaN	NaN	0.0	"2.5"	"F0034"	1	1	"PR"	462.874	"deionize-uv"	101.268	1	1	0	925.01	0.0	1028.238	null	1491.747	0.086
10.7	0.029425	32250.0	2953.125	2371.875	NaN	NaN	NaN	0	1	1	0	0	0	0	0	0	0	0	0	1	0	0	0	1	1	1	1	0	1	1	1	0	128.0	0.11	0.295	NaN	NaN	0.262	0.656	NaN	NaN	7.86	22.96	NaN	NaN	0.0	"2.5"	"F0034"	1	1	"PR"	472.914	"deionize-uv"	111.308	1	1	0	925.01	0.0	1028.238	null	1501.787	0.084
11.6	0.028875	35437.5	2943.75	2043.75	NaN	NaN	NaN	0	0	1	0	0	0	0	1	0	0	0	0	1	0	0	0	1	1	1	1	0	1	1	1	0	139.0	0.109	0.262	NaN	NaN	0.26	0.582	NaN	NaN	7.8	20.37	NaN	NaN	0.0	"2.5"	"F0034"	1	1	"PR"	482.877	"drain-di-1"	1.134	1	1	0	925.01	0.0	1028.238	null	1511.75	0.084
10.9	0.02915	29437.5	2943.75	1809.375	NaN	NaN	NaN	0	0	1	0	0	0	0	1	0	0	0	0	1	0	0	0	1	1	1	1	0	1	1	1	0	131.0	0.109	0.239	NaN	NaN	0.26	0.531	NaN	NaN	7.8	18.585	NaN	NaN	0.0	"2.5"	"F0034"	1	1	"PR"	492.915	"drain-di-1"	11.172	1	1	0	925.01	0.0	1028.238	null	1521.788	0.087
10.8	0.02805	30000.0	2943.75	1575.0	NaN	NaN	NaN	0	0	1	0	0	0	0	1	0	0	0	0	1	0	0	0	1	1	1	1	0	1	1	1	0	130.0	0.109	0.215	NaN	NaN	0.26	0.478	NaN	NaN	7.8	16.73	NaN	NaN	0.0	"2.5"	"F0034"	1	1	"PR"	502.951	"drain-di-1"	21.208	1	1	0	925.01	0.0	1028.238	null	1531.824	0.087
10.8	0.02805	30000.0	2953.125	1321.875	NaN	NaN	NaN	0	0	1	0	0	0	0	1	0	0	0	0	1	0	0	0	1	1	1	1	0	1	1	1	0	130.0	0.11	0.19	NaN	NaN	0.262	0.422	NaN	NaN	7.86	14.77	NaN	NaN	0.0	"2.5"	"F0034"	1	1	"PR"	512.992	"drain-di-1"	31.249	1	1	0	925.01	0.0	1028.238	null	1541.865	0.089
9.4	0.02805	30000.0	2953.125	1078.125	NaN	NaN	NaN	0	0	1	0	0	0	0	1	0	0	0	0	1	0	0	0	1	1	1	1	0	1	1	1	0	113.0	0.11	0.166	NaN	NaN	0.262	0.369	NaN	NaN	7.86	12.915	NaN	NaN	0.0	"2.5"	"F0034"	1	1	"PR"	523.028	"drain-di-1"	41.285	1	1	0	925.01	0.0	1028.238	null	1551.901	0.087
10.9	0.0275	29250.0	2943.75	834.375	NaN	NaN	NaN	0	0	1	0	0	0	0	1	0	0	0	0	1	0	0	0	1	1	1	1	0	1	1	1	0	131.0	0.109	0.141	NaN	NaN	0.26	0.313	NaN	NaN	7.8	10.955	NaN	NaN	0.0	"2.5"	"F0034"	1	1	"PR"	533.064	"drain-di-1"	51.321	1	1	0	925.01	0.0	1028.238	null	1561.937	0.087
11.1	0.02805	29062.5	2934.375	590.625	NaN	NaN	NaN	0	0	1	0	0	0	0	1	0	0	0	0	1	0	0	0	1	1	1	1	0	1	1	1	0	133.0	0.108	0.117	NaN	NaN	0.257	0.26	NaN	NaN	7.71	9.1	NaN	NaN	0.0	"2.5"	"F0034"	1	1	"PR"	543.102	"drain-di-1"	61.359	1	1	0	925.01	0.0	1028.238	null	1571.975	0.086
9.8	0.027225	29812.5	2971.875	328.125	NaN	NaN	NaN	0	0	1	0	0	0	0	1	0	0	0	0	1	0	0	0	1	1	1	1	0	1	1	1	0	118.0	0.112	0.091	NaN	NaN	0.267	0.202	NaN	NaN	8.01	7.07	NaN	NaN	0.0	"2.5"	"F0034"	1	1	"PR"	552.939	"drain-di-1"	71.196	1	1	0	925.01	0.0	1028.238	null	1581.812	0.089
10.3	0.02695	29625.0	2953.125	75.0	NaN	NaN	NaN	0	0	1	0	0	0	0	1	0	0	0	0	1	0	0	0	1	1	1	1	0	1	1	1	0	124.0	0.11	0.066	NaN	NaN	0.262	0.147	NaN	NaN	7.86	5.145	NaN	NaN	0.0	"2.5"	"F0034"	1	1	"PR"	562.976	"drain-di-1"	81.233	1	1	0	925.01	0.0	1028.238	null	1591.849	0.087
10.5	0.026675	29250.0	2943.75	-178.125	NaN	NaN	NaN	0	0	1	0	0	0	0	1	0	0	0	0	1	0	0	0	1	1	1	1	0	1	1	1	0	126.0	0.109	0.04	NaN	NaN	0.26	0.089	NaN	NaN	7.8	3.115	NaN	NaN	0.0	"2.5"	"F0034"	1	1	"PR"	573.125	"drip-di-1"	9.546	1	1	0	925.01	0.0	1028.238	null	1601.998	0.084
-11.0	0.02695	26437.5	2746.875	-18.75	NaN	NaN	NaN	1	0	0	0	0	1	1	0	0	0	0	0	1	1	0	0	0	1	1	0	1	1	1	0	1	-132.0	0.09	0.056	NaN	NaN	0.214	0.124	NaN	NaN	6.42	4.34	NaN	NaN	0.0	"2.5"	"F0034"	1	0	"PR"	583.128	"reverse-f"	4.381	1	1	0	925.01	0.0	1028.238	null	1612.001	0.087
-11.6	0.0286	30187.5	2821.875	253.125	NaN	NaN	NaN	1	0	0	0	0	1	1	0	0	0	0	0	1	1	0	0	0	1	1	0	1	1	1	0	1	-139.0	0.097	0.083	NaN	NaN	0.231	0.184	NaN	NaN	6.93	6.44	NaN	NaN	0.0	"2.5"	"F0034"	1	0	"PR"	593.161	"reverse-f"	14.414	1	1	0	925.01	0.0	1028.238	null	1622.034	0.086
-11.7	0.03135	29250.0	2821.875	553.125	NaN	NaN	NaN	1	0	0	0	0	1	1	0	0	0	0	0	1	1	0	0	0	1	1	0	1	1	1	0	1	-140.0	0.097	0.113	NaN	NaN	0.231	0.251	NaN	NaN	6.93	8.785	NaN	NaN	0.0	"2.5"	"F0034"	1	0	"PR"	603.0	"reverse-f"	24.253	1	1	0	925.01	0.0	1028.238	null	1631.873	0.093
-12.7	0.034925	29250.0	2784.375	853.125	NaN	NaN	NaN	1	0	0	0	0	1	1	0	0	0	0	0	1	1	0	0	0	1	1	0	1	1	1	0	1	-152.0	0.093	0.143	NaN	NaN	0.221	0.318	NaN	NaN	6.63	11.13	NaN	NaN	0.0	"2.5"	"F0034"	1	0	"PR"	613.033	"reverse-f"	34.286	1	1	0	925.01	0.0	1028.238	null	1641.906	0.09
-11.9	0.03685	25875.0	2784.375	1153.125	NaN	NaN	NaN	1	0	0	0	0	1	1	0	0	0	0	0	1	1	0	0	0	1	1	0	1	1	1	0	1	-143.0	0.093	0.173	NaN	NaN	0.221	0.384	NaN	NaN	6.63	13.44	NaN	NaN	0.0	"2.5"	"F0034"	1	0	"PR"	623.066	"reverse-f"	44.319	1	1	0	925.01	0.0	1028.238	null	1651.939	0.09
-11.9	0.039875	26812.5	2793.75	1462.5	NaN	NaN	NaN	1	0	0	0	0	1	1	0	0	0	0	0	1	1	0	0	0	1	1	0	1	1	1	0	1	-143.0	0.094	0.204	NaN	NaN	0.224	0.453	NaN	NaN	6.72	15.855	NaN	NaN	0.0	"2.5"	"F0034"	1	0	"PR"	633.106	"reverse-f"	54.359	1	1	0	925.01	0.0	1028.238	null	1661.979	0.085
-13.5	0.042075	27562.5	2803.125	1743.75	NaN	NaN	NaN	1	0	0	0	0	1	1	0	0	0	0	0	1	1	0	0	0	1	1	0	1	1	1	0	1	-162.0	0.095	0.232	NaN	NaN	0.226	0.516	NaN	NaN	6.78	18.06	NaN	NaN	0.0	"2.5"	"F0034"	1	0	"PR"	643.141	"reverse-f"	64.394	1	1	0	925.01	0.0	1028.238	null	1672.014	0.086
-11.3	0.044	30000.0	2793.75	2043.75	NaN	NaN	NaN	1	0	0	0	0	1	1	0	0	0	0	0	1	1	0	0	0	1	1	0	1	1	1	0	1	-136.0	0.094	0.262	NaN	NaN	0.224	0.582	NaN	NaN	6.72	20.37	NaN	NaN	0.0	"2.5"	"F0034"	1	0	"PR"	653.18	"reverse-f"	74.433	1	1	0	925.01	0.0	1028.238	null	1682.053	0.087
-11.7	0.046475	27375.0	2784.375	2250.0	NaN	NaN	NaN	0	0	0	0	0	1	1	0	0	0	0	0	1	0	0	0	0	1	1	0	1	1	1	0	1	-140.0	0.093	0.283	NaN	NaN	0.221	0.629	NaN	NaN	6.63	22.015	NaN	NaN	0.0	"2.5"	"F0034"	1	0	"PR"	663.126	"reverse"	84.379	1	1	0	925.01	0.0	1028.238	null	1691.999	0.09
-12.0	0.047575	28312.5	2784.375	2250.0	NaN	NaN	NaN	0	0	0	0	0	1	1	0	0	0	0	0	1	0	0	0	0	1	1	0	1	1	1	0	1	-144.0	0.093	0.283	NaN	NaN	0.221	0.629	NaN	NaN	6.63	22.015	NaN	NaN	0.0	"2.5"	"F0034"	1	0	"PR"	673.161	"reverse"	94.414	1	1	0	925.01	0.0	1028.238	null	1702.034	0.087
-12.0	0.0484	27937.5	2793.75	2240.625	NaN	NaN	NaN	0	0	0	0	0	1	1	0	0	0	0	0	1	0	0	0	0	1	1	0	1	1	1	0	1	-144.0	0.094	0.282	NaN	NaN	0.224	0.627	NaN	NaN	6.72	21.945	NaN	NaN	0.0	"2.5"	"F0034"	1	0	"PR"	683.201	"reverse"	104.454	1	1	0	925.01	0.0	1028.238	null	1712.074	0.088
-11.3	0.04895	27000.0	2756.25	2268.75	NaN	NaN	NaN	0	0	0	0	0	1	1	0	0	0	0	0	1	0	0	0	0	1	1	0	1	1	1	0	1	-136.0	0.091	0.285	NaN	NaN	0.217	0.633	NaN	NaN	6.51	22.155	NaN	NaN	0.0	"2.5"	"F0034"	1	0	"PR"	693.234	"reverse"	114.487	1	1	0	925.01	0.0	1028.238	null	1722.107	0.084
-12.2	0.050875	26625.0	2775.0	2250.0	NaN	NaN	NaN	0	0	0	0	0	1	1	0	0	0	0	0	1	0	0	0	0	1	1	0	1	1	1	0	1	-146.0	0.093	0.283	NaN	NaN	0.221	0.629	NaN	NaN	6.63	22.015	NaN	NaN	0.0	"2.5"	"F0034"	1	0	"PR"	703.27	"reverse"	124.523	1	1	0	925.01	0.0	1028.238	null	1732.143	0.084
-11.9	0.05115	26437.5	2784.375	2259.375	NaN	NaN	NaN	0	0	0	0	0	1	1	0	0	0	0	0	1	0	0	0	0	1	1	0	1	1	1	0	1	-143.0	0.093	0.284	NaN	NaN	0.221	0.631	NaN	NaN	6.63	22.085	NaN	NaN	0.0	"2.5"	"F0034"	1	0	"PR"	713.311	"reverse"	134.564	1	1	0	925.01	0.0	1028.238	null	1742.184	0.084
-11.9	0.0517	27750.0	2784.375	2250.0	NaN	NaN	NaN	0	0	0	0	0	1	1	0	0	0	0	0	1	0	0	0	0	1	1	0	1	1	1	0	1	-143.0	0.093	0.283	NaN	NaN	0.221	0.629	NaN	NaN	6.63	22.015	NaN	NaN	0.0	"2.5"	"F0034"	1	0	"PR"	723.143	"reverse"	144.396	1	1	0	925.01	0.0	1028.238	null	1752.016	0.09
