cur	ec	mod-ps	rg-ps	di-ps	fw1-ps	fw2-ps	pf-ps	vlv-di-fill	vlv-di-in	vlv-di-out	vlv-rg-fill	vlv-rg-drain	vlv-rg-in	vlv-rg-out	vlv-fw1-in	vlv-fw1-out	vlv-fw2-in	vlv-po	vlv-mod-drain	pmp-sys	pmp-di	pmp-fw1	pmp-fw2	uv	en-anode1	en-cath1	pl-anode1	pl-cath1	en-anode2	en-cath2	pl-anode2	pl-cath2	pw	rg-he	di-he	fw1-he	fw2-he	rg-lev	di-lev	fw1-lev	fw2-lev	rg-vol	di-vol	fw1-vol	fw2-vol	pr-ec	ver	sn	mod-en	mod-pl	proc	proc-time	ph	ph-time	count	cyc	rnd	pr-last	rc-last	fr-last	halt-re	time	exec
2.1	0.0528	20250.0	2850.0	2325.0	NaN	NaN	NaN	0	0	0	0	0	1	1	0	0	0	0	0	1	0	0	0	0	0	0	0	1	0	0	0	1	25.0	0.1	0.291	NaN	NaN	0.238	0.647	NaN	NaN	7.14	22.645	NaN	NaN	0.0	"2.5"	"F0034"	0	0	"PR"	8.248	"prime"	7.429	0	0	0	0.0	0.0	0.0	null	10.055	0.089
1.4	0.0528	21000.0	2812.5	2315.625	NaN	NaN	NaN	0	0	0	0	0	1	1	0	0	0	0	0	1	0	0	0	0	0	0	0	1	0	0	0	1	17.0	0.096	0.29	NaN	NaN	0.229	0.644	NaN	NaN	6.87	22.54	NaN	NaN	0.0	"2.5"	"F0034"	0	0	"PR"	8.448	"prime"	7.629	0	0	0	0.0	0.0	0.0	null	10.255	0.086
-0.1	0.053075	18562.5	2784.375	2315.625	NaN	NaN	NaN	0	0	0	0	0	1	1	0	0	0	0	0	1	0	0	0	0	0	0	0	1	0	0	0	1	-1.0	0.093	0.29	NaN	NaN	0.221	0.644	NaN	NaN	6.63	22.54	NaN	NaN	0.0	"2.5"	"F0034"	0	0	"PR"	18.281	"prime"	17.462	0	0	0	0.0	0.0	0.0	null	20.088	0.09
2.6	0.053075	18937.5	2859.375	2306.25	NaN	NaN	NaN	0	0	0	0	0	1	1	0	0	0	0	0	1	0	0	0	0	0	0	0	1	0	0	0	1	31.0	0.101	0.289	NaN	NaN	0.24	0.642	NaN	NaN	7.2	22.47	NaN	NaN	0.0	"2.5"	"F0034"	0	0	"PR"	28.321	"prime"	27.502	0	0	0	0.0	0.0	0.0	null	30.128	0.087
-11.8	0.051975	26062.5	2981.25	2625.0	NaN	NaN	NaN	0	1	1	0	0	0	0	0	0	0	0	0	1	0	0	0	0	1	1	0	1	1	1	0	1	-142.0	0.113	0.321	NaN	NaN	0.269	0.713	NaN	NaN	8.07	24.955	NaN	NaN	0.0	"2.5"	"F0034"	1	0	"PR"	38.359	"deionize"	7.028	0	1	0	0.0	0.0	0.0	null	40.166	0.09
-11.3	0.050325	27187.5	2981.25	2587.5	NaN	NaN	NaN	0	1	1	0	0	0	0	0	0	0	0	0	1	0	0	0	0	1	1	0	1	1	1	0	1	-136.0	0.113	0.317	NaN	NaN	0.269	0.704	NaN	NaN	8.07	24.64	NaN	NaN	0.0	"2.5"	"F0034"	1	0	"PR"	48.392	"deionize"	17.061	0	1	0	0.0	0.0	0.0	null	50.199	0.09
-11.3	0.0495	26437.5	2981.25	2596.875	NaN	NaN	NaN	0	1	1	0	0	0	0	0	0	0	0	0	1	0	0	0	0	1	1	0	1	1	1	0	1	-136.0	0.113	0.318	NaN	NaN	0.269	0.707	NaN	NaN	8.07	24.745	NaN	NaN	0.0	"2.5"	"F0034"	1	0	"PR"	58.427	"deionize"	27.096	0	1	0	0.0	0.0	0.0	null	60.234	0.091
-11.7	0.0473	24750.0	2981.25	2643.75	NaN	NaN	NaN	0	1	1	0	0	0	0	0	0	0	0	0	1	0	0	0	0	1	1	0	1	1	1	0	1	-140.0	0.113	0.322	NaN	NaN	0.269	0.716	NaN	NaN	8.07	25.06	NaN	NaN	0.0	"2.5"	"F0034"	1	0	"PR"	68.46	"deionize"	37.129	0	1	0	0.0	0.0	0.0	null	70.267	0.089
-12.1	0.0462	26812.5	3009.375	2540.625	NaN	NaN	NaN	0	1	1	0	0	0	0	0	0	0	0	0	1	0	0	0	0	1	1	0	1	1	1	0	1	-145.0	0.116	0.312	NaN	NaN	0.276	0.693	NaN	NaN	8.28	24.255	NaN	NaN	0.0	"2.5"	"F0034"	1	0	"PR"	78.509	"deionize"	47.178	0	1	0	0.0	0.0	0.0	null	80.316	0.088
-11.9	0.044275	25500.0	2981.25	2465.625	NaN	NaN	NaN	0	1	1	0	0	0	0	0	0	0	0	0	1	0	0	0	0	1	1	0	1	1	1	0	1	-143.0	0.113	0.305	NaN	NaN	0.269	0.678	NaN	NaN	8.07	23.73	NaN	NaN	0.0	"2.5"	"F0034"	1	0	"PR"	88.346	"deionize"	57.015	0	1	0	0.0	0.0	0.0	null	90.153	0.09
-12.3	0.0418	26812.5	2971.875	2521.875	NaN	NaN	NaN	0	1	1	0	0	0	0	0	0	0	0	0	1	0	0	0	0	1	1	0	1	1	1	0	1	-148.0	0.112	0.31	NaN	NaN	0.267	0.689	NaN	NaN	8.01	24.115	NaN	NaN	0.0	"2.5"	"F0034"	1	0	"PR"	98.378	"deionize"	67.047	0	1	0	0.0	0.0	0.0	null	100.185	0.087
-11.9	0.04015	25687.5	2981.25	2484.375	NaN	NaN	NaN	0	1	1	0	0	0	0	0	0	0	0	0	1	0	0	0	0	1	1	0	1	1	1	0	1	-143.0	0.113	0.306	NaN	NaN	0.269	0.68	NaN	NaN	8.07	23.8	NaN	NaN	0.0	"2.5"	"F0034"	1	0	"PR"	108.42	"deionize"	77.089	0	1	0	0.0	0.0	0.0	null	110.227	0.092
-12.2	0.0385	27000.0	2971.875	2493.75	NaN	NaN	NaN	0	1	1	0	0	0	0	0	0	0	0	0	1	0	0	0	0	1	1	0	1	1	1	0	1	-146.0	0.112	0.307	NaN	NaN	0.267	0.682	NaN	NaN	8.01	23.87	NaN	NaN	0.0	"2.5"	"F0034"	1	0	"PR"	118.454	"deionize"	87.123	0	1	0	0.0	0.0	0.0	null	120.261	0.09
-9.2	0.036575	26625.0	2971.875	2437.5	NaN	NaN	NaN	0	1	1	0	0	0	0	0	0	0	0	0	1	0	0	0	0	1	1	0	1	1	1	0	1	-110.0	0.112	0.302	NaN	NaN	0.267	0.671	NaN	NaN	8.01	23.485	NaN	NaN	0.0	"2.5"	"F0034"	1	0	"PR"	128.491	"deionize"	97.16	0	1	0	0.0	0.0	0.0	null	130.298	0.09
-12.1	0.03575	27000.0	2971.875	2484.375	NaN	NaN	NaN	0	1	1	0	0	0	0	0	0	0	0	0	1	0	0	0	0	1	1	0	1	1	1	0	1	-145.0	0.112	0.306	NaN	NaN	0.267	0.68	NaN	NaN	8.01	23.8	NaN	NaN	0.0	"2.5"	"F0034"	1	0	"PR"	138.532	"deionize"	107.201	0	1	0	0.0	0.0	0.0	null	140.339	0.091
-12.0	0.034925	24562.5	2971.875	2493.75	NaN	NaN	NaN	0	1	1	0	0	0	0	0	0	0	0	0	1	0	0	0	0	1	1	0	1	1	1	0	1	-144.0	0.112	0.307	NaN	NaN	0.267	0.682	NaN	NaN	8.01	23.87	NaN	NaN	0.0	"2.5"	"F0034"	1	0	"PR"	148.567	"deionize"	117.236	0	1	0	0.0	0.0	0.0	null	150.374	0.087
-11.9	0.033825	26062.5	2971.875	2484.375	NaN	NaN	NaN	0	1	1	0	0	0	0	0	0	0	0	0	1	0	0	0	0	1	1	0	1	1	1	0	1	-143.0	0.112	0.306	NaN	NaN	0.267	0.68	NaN	NaN	8.01	23.8	NaN	NaN	0.0	"2.5"	"F0034"	1	0	"PR"	158.602	"deionize"	127.271	0	1	0	0.0	0.0	0.0	null	160.409	0.091
-12.8	0.032725	26812.5	2971.875	2456.25	NaN	NaN	NaN	0	1	1	0	0	0	0	0	0	0	0	0	1	0	0	0	0	1	1	0	1	1	1	0	1	-154.0	0.112	0.304	NaN	NaN	0.267	0.676	NaN	NaN	8.01	23.66	NaN	NaN	0.0	"2.5"	"F0034"	1	0	"PR"	168.438	"deionize"	137.107	0	1	0	0.0	0.0	0.0	null	170.245	0.086
-11.3	0.03245	26250.0	2981.25	2390.625	NaN	NaN	NaN	0	1	1	0	0	0	0	0	0	0	0	0	1	0	0	0	0	1	1	0	1	1	1	0	1	-136.0	0.113	0.297	NaN	NaN	0.269	0.66	NaN	NaN	8.07	23.1	NaN	NaN	0.0	"2.5"	"F0034"	1	0	"PR"	178.473	"deionize"	147.142	0	1	0	0.0	0.0	0.0	null	180.28	0.084
-12.4	0.031625	25687.5	2971.875	2503.125	NaN	NaN	NaN	0	1	1	0	0	0	0	0	0	0	0	0	1	0	0	0	0	1	1	0	1	1	1	0	1	-149.0	0.112	0.308	NaN	NaN	0.267	0.684	NaN	NaN	8.01	23.94	NaN	NaN	0.0	"2.5"	"F0034"	1	0	"PR"	188.513	"deionize"	157.182	0	1	0	0.0	0.0	0.0	null	190.32	0.093
-11.1	0.030525	24562.5	2981.25	2493.75	NaN	NaN	NaN	0	1	1	0	0	0	0	0	0	0	0	0	1	0	0	0	0	1	1	0	1	1	1	0	1	-133.0	0.113	0.307	NaN	NaN	0.269	0.682	NaN	NaN	8.07	23.87	NaN	NaN	0.0	"2.5"	"F0034"	1	0	"PR"	198.549	"deionize"	167.218	0	1	0	0.0	0.0	0.0	null	200.356	0.09
-11.1	0.03025	25500.0	2981.25	2428.125	NaN	NaN	NaN	0	1	1	0	0	0	0	0	0	0	0	0	1	0	0	0	0	1	1	0	1	1	1	0	1	-133.0	0.113	0.301	NaN	NaN	0.269	0.669	NaN	NaN	8.07	23.415	NaN	NaN	0.0	"2.5"	"F0034"	1	0	"PR"	208.585	"deionize"	177.254	0	1	0	0.0	0.0	0.0	null	210.392	0.089
-10.6	0.02915	24562.5	2981.25	2465.625	NaN	NaN	NaN	0	1	1	0	0	0	0	0	0	0	0	0	1	0	0	0	0	1	1	0	1	1	1	0	1	-127.0	0.113	0.305	NaN	NaN	0.269	0.678	NaN	NaN	8.07	23.73	NaN	NaN	0.0	"2.5"	"F0034"	1	0	"PR"	218.621	"deionize"	187.29	0	1	0	0.0	0.0	0.0	null	220.428	0.091
-10.6	0.02915	27375.0	2981.25	2456.25	NaN	NaN	NaN	0	1	1	0	0	0	0	0	0	0	0	0	1	0	0	0	0	1	1	0	1	1	1	0	1	-127.0	0.113	0.304	NaN	NaN	0.269	0.676	NaN	NaN	8.07	23.66	NaN	NaN	0.0	"2.5"	"F0034"	1	0	"PR"	228.652	"deionize"	197.321	0	1	0	0.0	0.0	0.0	null	230.459	0.09
-10.6	0.028325	24187.5	2962.5	2493.75	NaN	NaN	NaN	0	1	1	0	0	0	0	0	0	0	0	0	1	0	0	0	0	1	1	0	1	1	1	0	1	-127.0	0.111	0.307	NaN	NaN	0.264	0.682	NaN	NaN	7.92	23.87	NaN	NaN	0.0	"2.5"	"F0034"	1	0	"PR"	238.486	"deionize"	207.155	0	1	0	0.0	0.0	0.0	null	240.293	0.084
-10.2	0.02805	23625.0	2971.875	2418.75	NaN	NaN	NaN	0	1	1	0	0	0	0	0	0	0	0	0	1	0	0	0	0	1	1	0	1	1	1	0	1	-122.0	0.112	0.3	NaN	NaN	0.267	0.667	NaN	NaN	8.01	23.345	NaN	NaN	0.0	"2.5"	"F0034"	1	0	"PR"	248.524	"deionize"	217.193	0	1	0	0.0	0.0	0.0	null	250.331	0.087
-10.2	0.027225	26625.0	2981.25	2596.875	NaN	NaN	NaN	0	1	1	0	0	0	0	0	0	0	0	0	1	0	0	0	0	1	1	0	1	1	1	0	1	-122.0	0.113	0.318	NaN	NaN	0.269	0.707	NaN	NaN	8.07	24.745	NaN	NaN	0.0	"2.5"	"F0034"	1	0	"PR"	258.556	"deionize"	227.225	0	1	0	0.0	0.0	0.0	null	260.363	0.086
-10.0	0.0275	26812.5	2971.875	2465.625	NaN	NaN	NaN	0	1	1	0	0	0	0	0	0	0	0	0	1	0	0	0	0	1	1	0	1	1	1	0	1	-120.0	0.112	0.305	NaN	NaN	0.267	0.678	NaN	NaN	8.01	23.73	NaN	NaN	0.0	"2.5"	"F0034"	1	0	"PR"	268.589	"deionize"	237.258	0	1	0	0.0	0.0	0.0	null	270.396	0.086
-10.4	0.026675	26062.5	2981.25	2418.75	NaN	NaN	NaN	0	1	1	0	0	0	0	0	0	0	0	0	1	0	0	0	1	1	1	0	1	1	1	0	1	-125.0	0.113	0.3	NaN	NaN	0.269	0.667	NaN	NaN	8.07	23.345	NaN	NaN	0.0	"2.5"	"F0034"	1	0	"PR"	278.538	"deionize-uv"	7.135	0	1	0	0.0	0.0	0.0	null	280.345	0.083
-10.2	0.026675	25312.5	2953.125	2446.875	NaN	NaN	NaN	0	1	1	0	0	0	0	0	0	0	0	0	1	0	0	0	1	1	1	0	1	1	1	0	1	-122.0	0.11	0.303	NaN	NaN	0.262	0.673	NaN	NaN	7.86	23.555	NaN	NaN	0.0	"2.5"	"F0034"	1	0	"PR"	288.578	"deionize-uv"	17.175	0	1	0	0.0	0.0	0.0	null	290.385	0.083
-9.1	0.02585	24562.5	2971.875	2456.25	NaN	NaN	NaN	0	1	1	0	0	0	0	0	0	0	0	0	1	0	0	0	1	1	1	0	1	1	1	0	1	-109.0	0.112	0.304	NaN	NaN	0.267	0.676	NaN	NaN	8.01	23.66	NaN	NaN	0.0	"2.5"	"F0034"	1	0	"PR"	298.62	"deionize-uv"	27.217	0	1	0	0.0	0.0	0.0	null	300.427	0.087
-9.4	0.025575	26062.5	2971.875	2475.0	NaN	NaN	NaN	0	1	1	0	0	0	0	0	0	0	0	0	1	0	0	0	1	1	1	0	1	1	1	0	1	-113.0	0.112	0.305	NaN	NaN	0.267	0.678	NaN	NaN	8.01	23.73	NaN	NaN	0.0	"2.5"	"F0034"	1	0	"PR"	308.656	"deionize-uv"	37.253	0	1	0	0.0	0.0	0.0	null	310.463	0.086
-9.3	0.02475	25125.0	2981.25	2418.75	NaN	NaN	NaN	0	1	1	0	0	0	0	0	0	0	0	0	1	0	0	0	1	1	1	0	1	1	1	0	1	-112.0	0.113	0.3	NaN	NaN	0.269	0.667	NaN	NaN	8.07	23.345	NaN	NaN	0.0	"2.5"	"F0034"	1	0	"PR"	318.695	"deionize-uv"	47.292	0	1	0	0.0	0.0	0.0	null	320.502	0.086
-8.8	0.025575	25312.5	2981.25	2484.375	NaN	NaN	NaN	0	1	1	0	0	0	0	0	0	0	0	0	1	0	0	0	1	1	1	0	1	1	1	0	1	-106.0	0.113	0.306	NaN	NaN	0.269	0.68	NaN	NaN	8.07	23.8	NaN	NaN	0.0	"2.5"	"F0034"	1	0	"PR"	328.735	"deionize-uv"	57.332	0	1	0	0.0	0.0	0.0	null	330.542	0.086
-8.0	0.024475	25687.5	2971.875	2446.875	NaN	NaN	NaN	0	1	1	0	0	0	0	0	0	0	0	0	1	0	0	0	1	1	1	0	1	1	1	0	1	-96.0	0.112	0.303	NaN	NaN	0.267	0.673	NaN	NaN	8.01	23.555	NaN	NaN	0.0	"2.5"	"F0034"	1	0	"PR"	338.776	"deionize-uv"	67.373	0	1	0	0.0	0.0	0.0	null	340.583	0.084
-8.6	0.023375	24375.0	2981.25	2428.125	NaN	NaN	NaN	0	1	1	0	0	0	0	0	0	0	0	0	1	0	0	0	1	1	1	0	1	1	1	0	1	-103.0	0.113	0.301	NaN	NaN	0.269	0.669	NaN	NaN	8.07	23.415	NaN	NaN	0.0	"2.5"	"F0034"	1	0	"PR"	348.617	"deionize-uv"	77.214	0	1	0	0.0	0.0	0.0	null	350.424	0.085
-9.2	0.023375	25312.5	2971.875	2409.375	NaN	NaN	NaN	0	1	1	0	0	0	0	0	0	0	0	0	1	0	0	0	1	1	1	0	1	1	1	0	1	-110.0	0.112	0.299	NaN	NaN	0.267	0.664	NaN	NaN	8.01	23.24	NaN	NaN	0.0	"2.5"	"F0034"	1	0	"PR"	358.655	"deionize-uv"	87.252	0	1	0	0.0	0.0	0.0	null	360.462	0.083
-6.9	0.023375	24375.0	2962.5	2437.5	NaN	NaN	NaN	0	1	1	0	0	0	0	0	0	0	0	0	1	0	0	0	1	1	1	0	1	1	1	0	1	-83.0	0.111	0.302	NaN	NaN	0.264	0.671	NaN	NaN	7.92	23.485	NaN	NaN	0.0	"2.5"	"F0034"	1	0	"PR"	368.697	"deionize-uv"	97.294	0	1	0	0.0	0.0	0.0	null	370.504	0.083
-8.5	0.02365	25312.5	2962.5	2446.875	NaN	NaN	NaN	0	1	1	0	0	0	0	0	0	0	0	0	1	0	0	0	1	1	1	0	1	1	1	0	1	-102.0	0.111	0.303	NaN	NaN	0.264	0.673	NaN	NaN	7.92	23.555	NaN	NaN	0.0	"2.5"	"F0034"	1	0	"PR"	378.734	"deionize-uv"	107.331	0	1	0	0.0	0.0	0.0	null	380.541	0.086
-8.7	0.023375	25687.5	2981.25	2503.125	NaN	NaN	NaN	0	1	1	0	0	0	0	0	0	0	0	0	1	0	0	0	1	1	1	0	1	1	1	0	1	-104.0	0.113	0.308	NaN	NaN	0.269	0.684	NaN	NaN	8.07	23.94	NaN	NaN	0.0	"2.5"	"F0034"	1	0	"PR"	388.771	"deionize-uv"	117.368	0	1	0	0.0	0.0	0.0	null	390.578	0.083
-7.8	0.02255	30187.5	2971.875	1987.5	NaN	NaN	NaN	0	0	1	0	0	0	0	1	0	0	0	0	1	0	0	0	1	1	1	0	1	1	1	0	1	-94.0	0.112	0.257	NaN	NaN	0.267	0.571	NaN	NaN	8.01	19.985	NaN	NaN	0.0	"2.5"	"F0034"	1	0	"PR"	398.729	"drain-di-1"	7.149	0	1	0	0.0	0.0	0.0	null	400.536	0.084
-8.4	0.02255	30000.0	2971.875	1734.375	NaN	NaN	NaN	0	0	1	0	0	0	0	1	0	0	0	0	1	0	0	0	1	1	1	0	1	1	1	0	1	-101.0	0.112	0.231	NaN	NaN	0.267	0.513	NaN	NaN	8.01	17.955	NaN	NaN	0.0	"2.5"	"F0034"	1	0	"PR"	408.763	"drain-di-1"	17.183	0	1	0	0.0	0.0	0.0	null	410.57	0.084
-8.7	0.022275	28125.0	2981.25	1481.25	NaN	NaN	NaN	0	0	1	0	0	0	0	1	0	0	0	0	1	0	0	0	1	1	1	0	1	1	1	0	1	-104.0	0.113	0.206	NaN	NaN	0.269	0.458	NaN	NaN	8.07	16.03	NaN	NaN	0.0	"2.5"	"F0034"	1	0	"PR"	418.799	"drain-di-1"	27.219	0	1	0	0.0	0.0	0.0	null	420.606	0.089
-8.3	0.022	29062.5	2971.875	1265.625	NaN	NaN	NaN	0	0	1	0	0	0	0	1	0	0	0	0	1	0	0	0	1	1	1	0	1	1	1	0	1	-100.0	0.112	0.185	NaN	NaN	0.267	0.411	NaN	NaN	8.01	14.385	NaN	NaN	0.0	"2.5"	"F0034"	1	0	"PR"	428.838	"drain-di-1"	37.258	0	1	0	0.0	0.0	0.0	null	430.645	0.084
-8.0	0.021175	30750.0	2971.875	956.25	NaN	NaN	NaN	0	0	1	0	0	0	0	1	0	0	0	0	1	0	0	0	1	1	1	0	1	1	1	0	1	-96.0	0.112	0.154	NaN	NaN	0.267	0.342	NaN	NaN	8.01	11.97	NaN	NaN	0.0	"2.5"	"F0034"	1	0	"PR"	438.869	"drain-di-1"	47.289	0	1	0	0.0	0.0	0.0	null	440.676	0.083
-8.4	0.021725	30000.0	2962.5	712.5	NaN	NaN	NaN	0	0	1	0	0	0	0	1	0	0	0	0	1	0	0	0	1	1	1	0	1	1	1	0	1	-101.0	0.111	0.129	NaN	NaN	0.264	0.287	NaN	NaN	7.92	10.045	NaN	NaN	0.0	"2.5"	"F0034"	1	0	"PR"	448.708	"drain-di-1"	57.128	0	1	0	0.0	0.0	0.0	null	450.515	0.085
-8.0	0.02145	29625.0	2990.625	459.375	NaN	NaN	NaN	0	0	1	0	0	0	0	1	0	0	0	0	1	0	0	0	1	1	1	0	1	1	1	0	1	-96.0	0.114	0.104	NaN	NaN	0.271	0.231	NaN	NaN	8.13	8.085	NaN	NaN	0.0	"2.5"	"F0034"	1	0	"PR"	458.743	"drain-di-1"	67.163	0	1	0	0.0	0.0	0.0	null	460.55	0.084
-6.6	0.021175	29625.0	2971.875	196.875	NaN	NaN	NaN	0	0	1	0	0	0	0	1	0	0	0	0	1	0	0	0	1	1	1	0	1	1	1	0	1	-79.0	0.112	0.078	NaN	NaN	0.267	0.173	NaN	NaN	8.01	6.055	NaN	NaN	0.0	"2.5"	"F0034"	1	0	"PR"	468.773	"drain-di-1"	77.193	0	1	0	0.0	0.0	0.0	null	470.58	0.086
-6.3	0.022	27937.5	2981.25	-56.25	NaN	NaN	NaN	0	0	1	0	0	0	0	1	0	0	0	0	1	0	0	0	1	1	1	0	1	1	1	0	1	-76.0	0.113	0.052	NaN	NaN	0.269	0.116	NaN	NaN	8.07	4.06	NaN	NaN	0.0	"2.5"	"F0034"	1	0	"PR"	478.92	"drip-di-1"	4.125	0	1	0	0.0	0.0	0.0	null	480.727	0.086
-8.3	0.02145	30562.5	2981.25	-18.75	NaN	NaN	NaN	0	0	1	0	0	0	0	1	0	0	0	0	1	0	0	0	1	1	1	0	1	1	1	0	1	-100.0	0.113	0.056	NaN	NaN	0.269	0.124	NaN	NaN	8.07	4.34	NaN	NaN	0.0	"2.5"	"F0034"	1	0	"PR"	488.955	"drip-di-1"	14.16	0	1	0	0.0	0.0	0.0	null	490.762	0.084
13.0	0.022275	19500.0	2775.0	112.5	NaN	NaN	NaN	1	0	0	0	0	1	1	0	0	0	0	0	1	1	0	0	0	1	1	1	0	1	1	1	0	156.0	0.093	0.069	NaN	NaN	0.221	0.153	NaN	NaN	6.63	5.355	NaN	NaN	0.0	"2.5"	"F0034"	1	1	"PR"	498.952	"reverse-f"	8.994	0	1	0	0.0	0.0	0.0	null	500.759	0.083
12.6	0.025575	19875.0	2868.75	431.25	NaN	NaN	NaN	1	0	0	0	0	1	1	0	0	0	0	0	1	1	0	0	0	1	1	1	0	1	1	1	0	151.0	0.102	0.101	NaN	NaN	0.243	0.224	NaN	NaN	7.29	7.84	NaN	NaN	0.0	"2.5"	"F0034"	1	1	"PR"	508.787	"reverse-f"	18.829	0	1	0	0.0	0.0	0.0	null	510.594	0.09
13.0	0.0286	19125.0	2859.375	768.75	NaN	NaN	NaN	1	0	0	0	0	1	1	0	0	0	0	0	1	1	0	0	0	1	1	1	0	1	1	1	0	156.0	0.101	0.135	NaN	NaN	0.24	0.3	NaN	NaN	7.2	10.5	NaN	NaN	0.0	"2.5"	"F0034"	1	1	"PR"	518.827	"reverse-f"	28.869	0	1	0	0.0	0.0	0.0	null	520.634	0.087
13.3	0.03355	20812.5	2831.25	1068.75	NaN	NaN	NaN	1	0	0	0	0	1	1	0	0	0	0	0	1	1	0	0	0	1	1	1	0	1	1	1	0	160.0	0.098	0.165	NaN	NaN	0.233	0.367	NaN	NaN	6.99	12.845	NaN	NaN	0.0	"2.5"	"F0034"	1	1	"PR"	528.868	"reverse-f"	38.91	0	1	0	0.0	0.0	0.0	null	530.675	0.083
12.2	0.03795	19875.0	2831.25	1396.875	NaN	NaN	NaN	1	0	0	0	0	1	1	0	0	0	0	0	1	1	0	0	0	1	1	1	0	1	1	1	0	146.0	0.098	0.198	NaN	NaN	0.233	0.44	NaN	NaN	6.99	15.4	NaN	NaN	0.0	"2.5"	"F0034"	1	1	"PR"	538.907	"reverse-f"	48.949	0	1	0	0.0	0.0	0.0	null	540.714	0.088
12.0	0.042075	18000.0	2784.375	1715.625	NaN	NaN	NaN	1	0	0	0	0	1	1	0	0	0	0	0	1	1	0	0	0	1	1	1	0	1	1	1	0	144.0	0.093	0.23	NaN	NaN	0.221	0.511	NaN	NaN	6.63	17.885	NaN	NaN	0.0	"2.5"	"F0034"	1	1	"PR"	548.944	"reverse-f"	58.986	0	1	0	0.0	0.0	0.0	null	550.751	0.086
12.7	0.045925	19875.0	2840.625	2034.375	NaN	NaN	NaN	1	0	0	0	0	1	1	0	0	0	0	0	1	1	0	0	0	1	1	1	0	1	1	1	0	152.0	0.099	0.261	NaN	NaN	0.236	0.58	NaN	NaN	7.08	20.3	NaN	NaN	0.0	"2.5"	"F0034"	1	1	"PR"	558.986	"reverse-f"	69.028	0	1	0	0.0	0.0	0.0	null	560.793	0.083
12.6	0.04785	19875.0	2859.375	2250.0	NaN	NaN	NaN	0	0	0	0	0	1	1	0	0	0	0	0	1	0	0	0	0	1	1	1	0	1	1	1	0	151.0	0.101	0.283	NaN	NaN	0.24	0.629	NaN	NaN	7.2	22.015	NaN	NaN	0.0	"2.5"	"F0034"	1	1	"PR"	568.929	"reverse"	78.971	0	1	0	0.0	0.0	0.0	null	570.736	0.084
12.3	0.050325	19687.5	2859.375	2259.375	NaN	NaN	NaN	0	0	0	0	0	1	1	0	0	0	0	0	1	0	0	0	0	1	1	1	0	1	1	1	0	148.0	0.101	0.284	NaN	NaN	0.24	0.631	NaN	NaN	7.2	22.085	NaN	NaN	0.0	"2.5"	"F0034"	1	1	"PR"	578.964	"reverse"	89.006	0	1	0	0.0	0.0	0.0	null	580.771	0.083
11.9	0.050875	17625.0	2859.375	2278.125	NaN	NaN	NaN	0	0	0	0	0	1	1	0	0	0	0	0	1	0	0	0	0	1	1	1	0	1	1	1	0	143.0	0.101	0.286	NaN	NaN	0.24	0.636	NaN	NaN	7.2	22.26	NaN	NaN	0.0	"2.5"	"F0034"	1	1	"PR"	589.001	"reverse"	99.043	0	1	0	0.0	0.0	0.0	null	590.808	0.087
12.6	0.051975	18187.5	2784.375	2259.375	NaN	NaN	NaN	0	0	0	0	0	1	1	0	0	0	0	0	1	0	0	0	0	1	1	1	0	1	1	1	0	151.0	0.093	0.284	NaN	NaN	0.221	0.631	NaN	NaN	6.63	22.085	NaN	NaN	0.0	"2.5"	"F0034"	1	1	"PR"	599.041	"reverse"	109.083	0	1	0	0.0	0.0	0.0	null	600.848	0.083
12.8	0.052525	18375.0	2803.125	2259.375	NaN	NaN	NaN	0	0	0	0	0	1	1	0	0	0	0	0	1	0	0	0	0	1	1	1	0	1	1	1	0	154.0	0.095	0.284	NaN	NaN	0.226	0.631	NaN	NaN	6.78	22.085	NaN	NaN	0.0	"2.5"	"F0034"	1	1	"PR"	608.879	"reverse"	118.921	0	1	0	0.0	0.0	0.0	null	610.686	0.09
12.2	0.05335	18375.0	2840.625	2268.75	NaN	NaN	NaN	0	0	0	0	0	1	1	0	0	0	0	0	1	0	0	0	0	1	1	1	0	1	1	1	0	146.0	0.099	0.285	NaN	NaN	0.236	0.633	NaN	NaN	7.08	22.155	NaN	NaN	0.0	"2.5"	"F0034"	1	1	"PR"	618.917	"reverse"	128.959	0	1	0	0.0	0.0	0.0	null	620.724	0.092
13.0	0.05335	18375.0	2784.375	2268.75	NaN	NaN	NaN	0	0	0	0	0	1	1	0	0	0	0	0	1	0	0	0	0	1	1	1	0	1	1	1	0	156.0	0.093	0.285	NaN	NaN	0.221	0.633	NaN	NaN	6.63	22.155	NaN	NaN	0.0	"2.5"	"F0034"	1	1	"PR"	628.956	"reverse"	138.998	0	1	0	0.0	0.0	0.0	null	630.763	0.089
12.6	0.05445	18375.0	2840.625	2268.75	NaN	NaN	NaN	0	0	0	0	0	1	1	0	0	0	0	0	1	0	0	0	0	1	1	1	0	1	1	1	0	151.0	0.099	0.285	NaN	NaN	0.236	0.633	NaN	NaN	7.08	22.155	NaN	NaN	0.0	"2.5"	"F0034"	1	1	"PR"	638.995	"reverse"	149.037	0	1	0	0.0	0.0	0.0	null	640.802	0.086
4.1	0.055275	1500.0	3018.75	2278.125	NaN	NaN	NaN	0	0	0	0	0	0	0	0	0	0	0	0	0	0	0	0	0	0	0	0	1	0	0	0	1	49.0	0.117	0.286	NaN	NaN	0.279	0.636	NaN	NaN	8.37	22.26	NaN	NaN	0.0	"2.5"	"F0034"	0	0	"PR"	648.926	"diffuse"	8.926	0	1	1	0.0	0.0	0.0	null	650.733	0.091
4.1	0.055275	1500.0	3000.0	2268.75	NaN	NaN	NaN	0	0	0	0	0	0	0	0	0	0	0	0	0	0	0	0	0	0	0	0	1	0	0	0	1	49.0	0.115	0.285	NaN	NaN	0.274	0.633	NaN	NaN	8.22	22.155	NaN	NaN	0.0	"2.5"	"F0034"	0	0	"PR"	658.967	"diffuse"	18.967	0	1	1	0.0	0.0	0.0	null	660.774	0.089
4.8	0.055275	2250.0	3018.75	2278.125	NaN	NaN	NaN	0	0	0	0	0	0	0	0	0	0	0	0	0	0	0	0	0	0	0	0	1	0	0	0	1	58.0	0.117	0.286	NaN	NaN	0.279	0.636	NaN	NaN	8.37	22.26	NaN	NaN	0.0	"2.5"	"F0034"	0	0	"PR"	669.007	"diffuse"	29.007	0	1	1	0.0	0.0	0.0	null	670.814	0.091
12.5	0.055275	19125.0	2850.0	2259.375	NaN	NaN	NaN	0	0	0	0	0	1	1	0	0	0	0	0	1	0	0	0	0	1	1	1	0	1	1	1	0	150.0	0.1	0.284	NaN	NaN	0.238	0.631	NaN	NaN	7.14	22.085	NaN	NaN	0.0	"2.5"	"F0034"	1	1	"PR"	679.135	"wash-en"	9.124	0	1	1	0.0	0.0	0.0	null	680.942	0.084
12.8	0.0572	18375.0	2793.75	2259.375	NaN	NaN	NaN	0	0	0	0	0	1	1	0	0	0	0	0	1	0	0	0	0	1	1	1	0	1	1	1	0	154.0	0.094	0.284	NaN	NaN	0.224	0.631	NaN	NaN	6.72	22.085	NaN	NaN	0.0	"2.5"	"F0034"	1	1	"PR"	688.973	"wash-en"	18.962	0	1	1	0.0	0.0	0.0	null	690.78	0.089
3.3	0.05885	20250.0	2859.375	2278.125	NaN	NaN	NaN	0	0	0	0	0	1	1	0	0	0	0	0	1	0	0	0	0	0	0	0	1	0	0	0	1	40.0	0.101	0.286	NaN	NaN	0.24	0.636	NaN	NaN	7.2	22.26	NaN	NaN	0.0	"2.5"	"F0034"	0	0	"PR"	699.102	"wash-sc"	8.924	0	1	1	0.0	0.0	0.0	null	700.909	0.092
3.6	0.059125	937.5	3000.0	2278.125	NaN	NaN	NaN	0	0	0	0	0	0	0	0	0	0	0	0	0	0	0	0	0	0	0	0	1	0	0	0	1	43.0	0.115	0.286	NaN	NaN	0.274	0.636	NaN	NaN	8.22	22.26	NaN	NaN	0.0	"2.5"	"F0034"	0	0	"PR"	709.139	"diffuse"	8.833	0	1	2	0.0	0.0	0.0	null	710.946	0.089
3.5	0.0594	375.0	3009.375	2278.125	NaN	NaN	NaN	0	0	0	0	0	0	0	0	0	0	0	0	0	0	0	0	0	0	0	0	1	0	0	0	1	42.0	0.116	0.286	NaN	NaN	0.276	0.636	NaN	NaN	8.28	22.26	NaN	NaN	0.0	"2.5"	"F0034"	0	0	"PR"	719.179	"diffuse"	18.873	0	1	2	0.0	0.0	0.0	null	720.986	0.086
3.5	0.05885	937.5	3009.375	2306.25	NaN	NaN	NaN	0	0	0	0	0	0	0	0	0	0	0	0	0	0	0	0	0	0	0	0	1	0	0	0	1	42.0	0.116	0.289	NaN	NaN	0.276	0.642	NaN	NaN	8.28	22.47	NaN	NaN	0.0	"2.5"	"F0034"	0	0	"PR"	729.014	"diffuse"	28.708	0	1	2	0.0	0.0	0.0	null	730.821	0.089
12.7	0.0583	19687.5	2784.375	2268.75	NaN	NaN	NaN	0	0	0	0	0	1	1	0	0	0	0	0	1	0	0	0	0	1	1	1	0	1	1	1	0	152.0	0.093	0.285	NaN	NaN	0.221	0.633	NaN	NaN	6.63	22.155	NaN	NaN	0.0	"2.5"	"F0034"	1	1	"PR"	739.142	"wash-en"	8.723	0	1	2	0.0	0.0	0.0	null	740.949	0.09
12.9	0.059125	19125.0	2821.875	2268.75	NaN	NaN	NaN	0	0	0	0	0	1	1	0	0	0	0	0	1	0	0	0	0	1	1	1	0	1	1	1	0	155.0	0.097	0.285	NaN	NaN	0.231	0.633	NaN	NaN	6.93	22.155	NaN	NaN	0.0	"2.5"	"F0034"	1	1	"PR"	749.181	"wash-en"	18.762	0	1	2	0.0	0.0	0.0	null	750.988	0.086
2.6	0.05995	19500.0	2821.875	2278.125	NaN	NaN	NaN	0	0	0	0	0	1	1	0	0	0	0	0	1	0	0	0	0	0	0	0	1	0	0	0	1	31.0	0.097	0.286	NaN	NaN	0.231	0.636	NaN	NaN	6.93	22.26	NaN	NaN	0.0	"2.5"	"F0034"	0	0	"PR"	759.112	"wash-sc"	8.526	0	1	2	0.0	0.0	0.0	null	760.919	0.088
2.8	0.060775	1875.0	3000.0	2278.125	NaN	NaN	NaN	0	0	0	0	0	0	0	0	0	0	0	0	0	0	0	0	0	0	0	0	1	0	0	0	1	34.0	0.115	0.286	NaN	NaN	0.274	0.636	NaN	NaN	8.22	22.26	NaN	NaN	0.0	"2.5"	"F0034"	0	0	"PR"	769.144	"diffuse"	8.428	0	1	3	0.0	0.0	0.0	null	770.951	0.089
3.2	0.06105	2250.0	3000.0	2278.125	NaN	NaN	NaN	0	0	0	0	0	0	0	0	0	0	0	0	0	0	0	0	0	0	0	0	1	0	0	0	1	38.0	0.115	0.286	NaN	NaN	0.274	0.636	NaN	NaN	8.22	22.26	NaN	NaN	0.0	"2.5"	"F0034"	0	0	"PR"	779.185	"diffuse"	18.469	0	1	3	0.0	0.0	0.0	null	780.992	0.089
3.2	0.0605	2062.5	3009.375	2278.125	NaN	NaN	NaN	0	0	0	0	0	0	0	0	0	0	0	0	0	0	0	0	0	0	0	0	1	0	0	0	1	38.0	0.116	0.286	NaN	NaN	0.276	0.636	NaN	NaN	8.28	22.26	NaN	NaN	0.0	"2.5"	"F0034"	0	0	"PR"	789.226	"diffuse"	28.51	0	1	3	0.0	0.0	0.0	null	791.033	0.091
12.6	0.059675	18937.5	2831.25	2268.75	NaN	NaN	NaN	0	0	0	0	0	1	1	0	0	0	0	0	1	0	0	0	0	1	1	1	0	1	1	1	0	151.0	0.098	0.285	NaN	NaN	0.233	0.633	NaN	NaN	6.99	22.155	NaN	NaN	0.0	"2.5"	"F0034"	1	1	"PR"	799.153	"wash-en"	8.322	0	1	3	0.0	0.0	0.0	null	800.96	0.086
12.6	0.05995	19687.5	2784.375	2278.125	NaN	NaN	NaN	0	0	0	0	0	1	1	0	0	0	0	0	1	0	0	0	0	1	1	1	0	1	1	1	0	151.0	0.093	0.286	NaN	NaN	0.221	0.636	NaN	NaN	6.63	22.26	NaN	NaN	0.0	"2.5"	"F0034"	1	1	"PR"	809.191	"wash-en"	18.36	0	1	3	0.0	0.0	0.0	null	810.998	0.09
2.5	0.06105	19875.0	2859.375	2278.125	NaN	NaN	NaN	0	0	0	0	0	1	1	0	0	0	0	0	1	0	0	0	0	0	0	0	1	0	0	0	1	30.0	0.101	0.286	NaN	NaN	0.24	0.636	NaN	NaN	7.2	22.26	NaN	NaN	0.0	"2.5"	"F0034"	0	0	"PR"	819.123	"wash-sc"	8.125	0	1	3	0.0	0.0	0.0	null	820.93	0.087
2.6	0.061325	2250.0	2990.625	2287.5	NaN	NaN	NaN	0	0	0	0	0	0	0	0	0	0	0	0	0	0	0	0	0	0	0	0	1	0	0	0	1	31.0	0.114	0.287	NaN	NaN	0.271	0.638	NaN	NaN	8.13	22.33	NaN	NaN	0.0	"2.5"	"F0034"	0	0	"PR"	829.164	"diffuse"	8.034	0	1	4	0.0	0.0	0.0	null	830.971	0.086
3.2	0.06105	2812.5	3009.375	2278.125	NaN	NaN	NaN	0	0	0	0	0	0	0	0	0	0	0	0	0	0	0	0	0	0	0	0	1	0	0	0	1	38.0	0.116	0.286	NaN	NaN	0.276	0.636	NaN	NaN	8.28	22.26	NaN	NaN	0.0	"2.5"	"F0034"	0	0	"PR"	839.205	"diffuse"	18.075	0	1	4	0.0	0.0	0.0	null	841.012	0.087
2.8	0.06105	937.5	3000.0	2287.5	NaN	NaN	NaN	0	0	0	0	0	0	0	0	0	0	0	0	0	0	0	0	0	0	0	0	1	0	0	0	1	34.0	0.115	0.287	NaN	NaN	0.274	0.638	NaN	NaN	8.22	22.33	NaN	NaN	0.0	"2.5"	"F0034"	0	0	"PR"	849.243	"diffuse"	28.113	0	1	4	0.0	0.0	0.0	null	851.05	0.086
13.0	0.060225	20250.0	2793.75	2268.75	NaN	NaN	NaN	0	0	0	0	0	1	1	0	0	0	0	0	1	0	0	0	0	1	1	1	0	1	1	1	0	156.0	0.094	0.285	NaN	NaN	0.224	0.633	NaN	NaN	6.72	22.155	NaN	NaN	0.0	"2.5"	"F0034"	1	1	"PR"	859.17	"wash-en"	7.92	0	1	4	0.0	0.0	0.0	null	860.977	0.083
14.1	0.06105	20812.5	2831.25	2259.375	NaN	NaN	NaN	0	0	0	0	0	1	1	0	0	0	0	0	1	0	0	0	0	1	1	1	0	1	1	1	0	169.0	0.098	0.284	NaN	NaN	0.233	0.631	NaN	NaN	6.99	22.085	NaN	NaN	0.0	"2.5"	"F0034"	1	1	"PR"	869.209	"wash-en"	17.959	0	1	4	0.0	0.0	0.0	null	871.016	0.087
1.6	0.0616	19500.0	2831.25	2278.125	NaN	NaN	NaN	0	0	0	0	0	1	1	0	0	0	0	0	1	0	0	0	0	0	0	0	1	0	0	0	1	19.0	0.098	0.286	NaN	NaN	0.233	0.636	NaN	NaN	6.99	22.26	NaN	NaN	0.0	"2.5"	"F0034"	0	0	"PR"	879.336	"wash-sc"	7.919	0	1	4	0.0	0.0	0.0	null	881.143	0.09
1.2	0.062425	-1500.0	2540.625	2278.125	NaN	NaN	NaN	0	0	0	0	1	0	0	0	0	0	0	0	0	0	0	0	0	0	0	0	1	0	0	0	1	14.0	0.069	0.286	NaN	NaN	0.164	0.636	NaN	NaN	4.92	22.26	NaN	NaN	0.0	"2.5"	"F0034"	0	0	"PR"	889.175	"drain-rg"	7.632	0	1	4	0.0	0.0	0.0	null	890.982	0.086
1.9	0.06215	-1125.0	2156.25	2287.5	NaN	NaN	NaN	0	0	0	0	1	0	0	0	0	0	0	0	0	0	0	0	0	0	0	0	1	0	0	0	1	23.0	0.031	0.287	NaN	NaN	0.074	0.638	NaN	NaN	2.22	22.33	NaN	NaN	0.0	"2.5"	"F0034"	0	0	"PR"	899.216	"drain-rg"	17.673	0	1	4	0.0	0.0	0.0	null	901.023	0.087
1.9	0.06215	-1125.0	1809.375	2287.5	NaN	NaN	NaN	0	0	0	0	1	0	0	0	0	0	0	0	0	0	0	0	0	0	0	0	1	0	0	0	1	23.0	-0.004	0.287	NaN	NaN	-0.01	0.638	NaN	NaN	-0.3	22.33	NaN	NaN	0.0	"2.5"	"F0034"	0	0	"PR"	909.253	"drip-rg"	0.201	0	1	4	0.0	0.0	0.0	null	911.06	0.088
2.7	0.06215	-1125.0	646.875	2278.125	NaN	NaN	NaN	0	0	0	0	1	0	0	0	0	0	0	0	0	0	0	0	0	0	0	0	1	0	0	0	1	32.0	-0.12	0.286	NaN	NaN	-0.286	0.636	NaN	NaN	-8.58	22.26	NaN	NaN	0.0	"2.5"	"F0034"	0	0	"PR"	919.29	"drip-rg"	10.238	0	1	4	0.0	0.0	0.0	null	921.097	0.083
1.8	0.06215	17812.5	2353.125	2193.75	NaN	NaN	NaN	0	0	1	0	0	1	0	0	0	0	0	0	1	0	0	0	0	0	0	0	1	0	0	0	1	22.0	0.05	0.277	NaN	NaN	0.119	0.616	NaN	NaN	3.57	21.56	NaN	NaN	0.0	"2.5"	"F0034"	0	0	"FR"	4.433	"fill-rg-di"	4.232	1	1	0	926.117	0.0	0.0	null	931.171	0.086
0.6	0.06105	18562.5	2128.125	1931.25	NaN	NaN	NaN	0	0	1	0	0	1	0	0	0	0	0	0	1	0	0	0	0	0	0	0	1	0	0	0	1	7.0	0.028	0.251	NaN	NaN	0.067	0.558	NaN	NaN	2.01	19.53	NaN	NaN	0.0	"2.5"	"F0034"	0	0	"FR"	14.471	"fill-rg-di"	14.27	1	1	0	926.117	0.0	0.0	null	941.209	0.087
1.9	0.060225	19500.0	2428.125	1668.75	NaN	NaN	NaN	0	0	1	0	0	1	0	0	0	0	0	0	1	0	0	0	0	0	0	0	1	0	0	0	1	23.0	0.058	0.225	NaN	NaN	0.138	0.5	NaN	NaN	4.14	17.5	NaN	NaN	0.0	"2.5"	"F0034"	0	0	"FR"	24.309	"fill-rg-di"	24.108	1	1	0	926.117	0.0	0.0	null	951.047	0.083
2.9	0.059125	19312.5	2718.75	1378.125	NaN	NaN	NaN	0	0	1	0	0	1	0	0	0	0	0	0	1	0	0	0	0	0	0	0	1	0	0	0	1	35.0	0.087	0.196	NaN	NaN	0.207	0.436	NaN	NaN	6.21	15.26	NaN	NaN	0.0	"2.5"	"F0034"	0	0	"FR"	34.345	"fill-rg-di"	34.144	1	1	0	926.117	0.0	0.0	null	961.083	0.086
1.9	0.05775	20062.5	3093.75	1153.125	NaN	NaN	NaN	0	0	1	0	0	1	0	0	0	0	0	0	1	0	0	0	0	0	0	0	1	0	0	0	1	23.0	0.124	0.173	NaN	NaN	0.295	0.384	NaN	NaN	8.85	13.44	NaN	NaN	0.0	"2.5"	"F0034"	0	0	"FR"	44.388	"fill-rg-di"	44.187	1	1	0	926.117	0.0	0.0	null	971.126	0.085
2.3	0.055825	1312.5	2934.375	993.75	NaN	NaN	NaN	0	0	0	0	1	0	0	0	0	0	0	0	0	0	0	0	0	0	0	0	1	0	0	0	1	28.0	0.108	0.157	NaN	NaN	0.257	0.349	NaN	NaN	7.71	12.215	NaN	NaN	0.0	"2.5"	"F0034"	0	0	"FR"	54.425	"drain-rg"	3.814	1	1	0	926.117	0.0	0.0	null	981.163	0.083
2.2	0.0561	937.5	2578.125	975.0	NaN	NaN	NaN	0	0	0	0	1	0	0	0	0	0	0	0	0	0	0	0	0	0	0	0	1	0	0	0	1	26.0	0.073	0.155	NaN	NaN	0.174	0.344	NaN	NaN	5.22	12.04	NaN	NaN	0.0	"2.5"	"F0034"	0	0	"FR"	64.465	"drain-rg"	13.854	1	1	0	926.117	0.0	0.0	null	991.203	0.083
2.5	0.055825	-187.5	2231.25	984.375	NaN	NaN	NaN	0	0	0	0	1	0	0	0	0	0	0	0	0	0	0	0	0	0	0	0	1	0	0	0	1	30.0	0.038	0.156	NaN	NaN	0.09	0.347	NaN	NaN	2.7	12.145	NaN	NaN	0.0	"2.5"	"F0034"	0	0	"FR"	74.501	"drain-rg"	23.89	1	1	0	926.117	0.0	0.0	null	1001.239	0.086
1.5	0.055825	375.0	1875.0	984.375	NaN	NaN	NaN	0	0	0	0	1	0	0	0	0	0	0	0	0	0	0	0	0	0	0	0	1	0	0	0	1	18.0	0.003	0.156	NaN	NaN	0.007	0.347	NaN	NaN	0.21	12.145	NaN	NaN	0.0	"2.5"	"F0034"	0	0	"FR"	84.54	"drain-rg"	33.929	1	1	0	926.117	0.0	0.0	null	1011.278	0.086
2.8	0.0561	375.0	1209.375	984.375	NaN	NaN	NaN	0	0	0	0	1	0	0	0	0	0	0	0	0	0	0	0	0	0	0	0	1	0	0	0	1	34.0	-0.064	0.156	NaN	NaN	-0.152	0.347	NaN	NaN	-4.56	12.145	NaN	NaN	0.0	"2.5"	"F0034"	0	0	"FR"	94.379	"drip-rg"	8.635	1	1	0	926.117	0.0	0.0	null	1021.117	0.088
2.2	0.05555	18562.5	2203.125	909.375	NaN	NaN	NaN	0	0	1	0	0	1	0	0	0	0	0	0	1	0	0	0	0	0	0	0	1	0	0	0	1	26.0	0.035	0.149	NaN	NaN	0.083	0.331	NaN	NaN	2.49	11.585	NaN	NaN	0.0	"2.5"	"F0034"	0	0	"PR"	2.827	"fill-rg-di"	2.627	1	0	0	926.117	0.0	1027.741	null	1031.189	0.084
2.0	0.054175	19687.5	2062.5	665.625	NaN	NaN	NaN	0	0	1	0	0	1	0	0	0	0	0	0	1	0	0	0	0	0	0	0	1	0	0	0	1	24.0	0.021	0.125	NaN	NaN	0.05	0.278	NaN	NaN	1.5	9.73	NaN	NaN	0.0	"2.5"	"F0034"	0	0	"PR"	12.861	"fill-rg-di"	12.661	1	0	0	926.117	0.0	1027.741	null	1041.223	0.086
1.7	0.051975	20625.0	2381.25	393.75	NaN	NaN	NaN	0	0	1	0	0	1	0	0	0	0	0	0	1	0	0	0	0	0	0	0	1	0	0	0	1	20.0	0.053	0.097	NaN	NaN	0.126	0.216	NaN	NaN	3.78	7.56	NaN	NaN	0.0	"2.5"	"F0034"	0	0	"PR"	22.895	"fill-rg-di"	22.695	1	0	0	926.117	0.0	1027.741	null	1051.257	0.084
1.1	0.0495	19875.0	2700.0	159.375	NaN	NaN	NaN	0	0	1	0	0	1	0	0	0	0	0	0	1	0	0	0	0	0	0	0	1	0	0	0	1	13.0	0.085	0.074	NaN	NaN	0.202	0.164	NaN	NaN	6.06	5.74	NaN	NaN	0.0	"2.5"	"F0034"	0	0	"PR"	32.928	"fill-rg-di"	32.728	1	0	0	926.117	0.0	1027.741	null	1061.29	0.084
3.2	0.0484	3562.5	2775.0	290.625	NaN	NaN	NaN	1	0	0	0	0	0	0	0	0	0	0	0	0	1	0	0	0	0	0	0	1	0	0	0	1	38.0	0.093	0.087	NaN	NaN	0.221	0.193	NaN	NaN	6.63	6.755	NaN	NaN	0.0	"2.5"	"F0034"	0	0	"PR"	42.969	"fill-di-lb"	7.429	1	0	0	926.117	0.0	1027.741	null	1071.331	0.084
1.7	0.04895	2250.0	2765.625	609.375	NaN	NaN	NaN	1	0	0	0	0	0	0	0	0	0	0	0	0	1	0	0	0	0	0	0	1	0	0	0	1	20.0	0.092	0.119	NaN	NaN	0.219	0.264	NaN	NaN	6.57	9.24	NaN	NaN	0.0	"2.5"	"F0034"	0	0	"PR"	52.808	"fill-di-lb"	17.268	1	0	0	926.117	0.0	1027.741	null	1081.17	0.089
2.0	0.0484	1875.0	2765.625	946.875	NaN	NaN	NaN	1	0	0	0	0	0	0	0	0	0	0	0	0	1	0	0	0	0	0	0	1	0	0	0	1	24.0	0.092	0.153	NaN	NaN	0.219	0.34	NaN	NaN	6.57	11.9	NaN	NaN	0.0	"2.5"	"F0034"	0	0	"PR"	62.848	"fill-di-lb"	27.308	1	0	0	926.117	0.0	1027.741	null	1091.21	0.091
1.5	0.04895	1687.5	2765.625	1265.625	NaN	NaN	NaN	1	0	0	0	0	0	0	0	0	0	0	0	0	1	0	0	0	0	0	0	1	0	0	0	1	18.0	0.092	0.185	NaN	NaN	0.219	0.411	NaN	NaN	6.57	14.385	NaN	NaN	0.0	"2.5"	"F0034"	0	0	"PR"	72.884	"fill-di-lb"	37.344	1	0	0	926.117	0.0	1027.741	null	1101.246	0.089
4.2	0.048125	1875.0	2784.375	1575.0	NaN	NaN	NaN	1	0	0	0	0	0	0	0	0	0	0	0	0	1	0	0	0	0	0	0	1	0	0	0	1	50.0	0.093	0.215	NaN	NaN	0.221	0.478	NaN	NaN	6.63	16.73	NaN	NaN	0.0	"2.5"	"F0034"	0	0	"PR"	82.923	"fill-di-lb"	47.383	1	0	0	926.117	0.0	1027.741	null	1111.285	0.083
1.8	0.0484	2437.5	2775.0	1893.75	NaN	NaN	NaN	1	0	0	0	0	0	0	0	0	0	0	0	0	1	0	0	0	0	0	0	1	0	0	0	1	22.0	0.093	0.247	NaN	NaN	0.221	0.549	NaN	NaN	6.63	19.215	NaN	NaN	0.0	"2.5"	"F0034"	0	0	"PR"	92.962	"fill-di-lb"	57.422	1	0	0	926.117	0.0	1027.741	null	1121.324	0.085
1.9	0.04895	1875.0	2775.0	2231.25	NaN	NaN	NaN	1	0	0	0	0	0	0	0	0	0	0	0	0	1	0	0	0	0	0	0	1	0	0	0	1	23.0	0.093	0.281	NaN	NaN	0.221	0.624	NaN	NaN	6.63	21.84	NaN	NaN	0.0	"2.5"	"F0034"	0	0	"PR"	103.002	"fill-di-lb"	67.462	1	0	0	926.117	0.0	1027.741	null	1131.364	0.084
1.8	0.048125	3562.5	2934.375	2175.0	NaN	NaN	NaN	1	0	0	0	0	0	0	0	0	0	0	0	0	1	0	0	0	0	0	0	1	0	0	0	1	22.0	0.108	0.276	NaN	NaN	0.257	0.613	NaN	NaN	7.71	21.455	NaN	NaN	0.0	"2.5"	"F0034"	0	0	"PR"	113.034	"fill-di"	2.409	1	0	0	926.117	0.0	1027.741	null	1141.396	0.086
13.0	0.0473	24000.0	2943.75	2521.875	NaN	NaN	NaN	0	1	1	0	0	0	0	0	0	0	0	0	1	0	0	0	0	1	1	1	0	1	1	1	0	156.0	0.109	0.31	NaN	NaN	0.26	0.689	NaN	NaN	7.8	24.115	NaN	NaN	0.0	"2.5"	"F0034"	1	1	"PR"	122.883	"deionize"	7.839	1	1	0	926.117	0.0	1027.741	null	1151.245	0.09
12.5	0.04565	24937.5	2934.375	2550.0	NaN	NaN	NaN	0	1	1	0	0	0	0	0	0	0	0	0	1	0	0	0	0	1	1	1	0	1	1	1	0	150.0	0.108	0.313	NaN	NaN	0.257	0.696	NaN	NaN	7.71	24.36	NaN	NaN	0.0	"2.5"	"F0034"	1	1	"PR"	132.921	"deionize"	17.877	1	1	0	926.117	0.0	1027.741	null	1161.283	0.087
13.3	0.0451	24750.0	2962.5	2568.75	NaN	NaN	NaN	0	1	1	0	0	0	0	0	0	0	0	0	1	0	0	0	0	1	1	1	0	1	1	1	0	160.0	0.111	0.315	NaN	NaN	0.264	0.7	NaN	NaN	7.92	24.5	NaN	NaN	0.0	"2.5"	"F0034"	1	1	"PR"	142.959	"deionize"	27.915	1	1	0	926.117	0.0	1027.741	null	1171.321	0.093
12.6	0.04345	27562.5	2953.125	2578.125	NaN	NaN	NaN	0	1	1	0	0	0	0	0	0	0	0	0	1	0	0	0	0	1	1	1	0	1	1	1	0	151.0	0.11	0.316	NaN	NaN	0.262	0.702	NaN	NaN	7.86	24.57	NaN	NaN	0.0	"2.5"	"F0034"	1	1	"PR"	152.99	"deionize"	37.946	1	1	0	926.117	0.0	1027.741	null	1181.352	0.09
12.6	0.0429	24375.0	2943.75	2587.5	NaN	NaN	NaN	0	1	1	0	0	0	0	0	0	0	0	0	1	0	0	0	0	1	1	1	0	1	1	1	0	151.0	0.109	0.317	NaN	NaN	0.26	0.704	NaN	NaN	7.8	24.64	NaN	NaN	0.0	"2.5"	"F0034"	1	1	"PR"	163.025	"deionize"	47.981	1	1	0	926.117	0.0	1027.741	null	1191.387	0.087
12.6	0.042075	24750.0	2943.75	2475.0	NaN	NaN	NaN	0	1	1	0	0	0	0	0	0	0	0	0	1	0	0	0	0	1	1	1	0	1	1	1	0	151.0	0.109	0.305	NaN	NaN	0.26	0.678	NaN	NaN	7.8	23.73	NaN	NaN	0.0	"2.5"	"F0034"	1	1	"PR"	173.066	"deionize"	58.022	1	1	0	926.117	0.0	1027.741	null	1201.428	0.092
13.1	0.04235	25312.5	2971.875	2568.75	NaN	NaN	NaN	0	1	1	0	0	0	0	0	0	0	0	0	1	0	0	0	0	1	1	1	0	1	1	1	0	157.0	0.112	0.315	NaN	NaN	0.267	0.7	NaN	NaN	8.01	24.5	NaN	NaN	0.0	"2.5"	"F0034"	1	1	"PR"	183.102	"deionize"	68.058	1	1	0	926.117	0.0	1027.741	null	1211.464	0.084
13.8	0.0418	26250.0	2962.5	2446.875	NaN	NaN	NaN	0	1	1	0	0	0	0	0	0	0	0	0	1	0	0	0	0	1	1	1	0	1	1	1	0	166.0	0.111	0.303	NaN	NaN	0.264	0.673	NaN	NaN	7.92	23.555	NaN	NaN	0.0	"2.5"	"F0034"	1	1	"PR"	193.135	"deionize"	78.091	1	1	0	926.117	0.0	1027.741	null	1221.497	0.084
12.4	0.040425	26062.5	2953.125	2559.375	NaN	NaN	NaN	0	1	1	0	0	0	0	0	0	0	0	0	1	0	0	0	0	1	1	1	0	1	1	1	0	149.0	0.11	0.314	NaN	NaN	0.262	0.698	NaN	NaN	7.86	24.43	NaN	NaN	0.0	"2.5"	"F0034"	1	1	"PR"	202.973	"deionize"	87.929	1	1	0	926.117	0.0	1027.741	null	1231.335	0.094
13.3	0.040425	27562.5	2934.375	2475.0	NaN	NaN	NaN	0	1	1	0	0	0	0	0	0	0	0	0	1	0	0	0	0	1	1	1	0	1	1	1	0	160.0	0.108	0.305	NaN	NaN	0.257	0.678	NaN	NaN	7.71	23.73	NaN	NaN	0.0	"2.5"	"F0034"	1	1	"PR"	213.007	"deionize"	97.963	1	1	0	926.117	0.0	1027.741	null	1241.369	0.09
13.9	0.040425	26062.5	2943.75	2512.5	NaN	NaN	NaN	0	1	1	0	0	0	0	0	0	0	0	0	1	0	0	0	0	1	1	1	0	1	1	1	0	167.0	0.109	0.309	NaN	NaN	0.26	0.687	NaN	NaN	7.8	24.045	NaN	NaN	0.0	"2.5"	"F0034"	1	1	"PR"	223.044	"deionize"	108.0	1	1	0	926.117	0.0	1027.741	null	1251.406	0.091
9.6	0.040425	25312.5	2953.125	2428.125	NaN	NaN	NaN	0	1	1	0	0	0	0	0	0	0	0	0	1	0	0	0	0	1	1	1	0	1	1	1	0	115.0	0.11	0.301	NaN	NaN	0.262	0.669	NaN	NaN	7.86	23.415	NaN	NaN	0.0	"2.5"	"F0034"	1	1	"PR"	233.081	"deionize"	118.037	1	1	0	926.117	0.0	1027.741	null	1261.443	0.094
12.6	0.039875	25125.0	2962.5	2409.375	NaN	NaN	NaN	0	1	1	0	0	0	0	0	0	0	0	0	1	0	0	0	0	1	1	1	0	1	1	1	0	151.0	0.111	0.299	NaN	NaN	0.264	0.664	NaN	NaN	7.92	23.24	NaN	NaN	0.0	"2.5"	"F0034"	1	1	"PR"	243.112	"deionize"	128.068	1	1	0	926.117	0.0	1027.741	null	1271.474	0.09
10.2	0.039325	27375.0	2943.75	2390.625	NaN	NaN	NaN	0	1	1	0	0	0	0	0	0	0	0	0	1	0	0	0	0	1	1	1	0	1	1	1	0	122.0	0.109	0.297	NaN	NaN	0.26	0.66	NaN	NaN	7.8	23.1	NaN	NaN	0.0	"2.5"	"F0034"	1	1	"PR"	253.148	"deionize"	138.104	1	1	0	926.117	0.0	1027.741	null	1281.51	0.092
12.4	0.039325	27187.5	2943.75	2446.875	NaN	NaN	NaN	0	1	1	0	0	0	0	0	0	0	0	0	1	0	0	0	0	1	1	1	0	1	1	1	0	149.0	0.109	0.303	NaN	NaN	0.26	0.673	NaN	NaN	7.8	23.555	NaN	NaN	0.0	"2.5"	"F0034"	1	1	"PR"	263.188	"deionize"	148.144	1	1	0	926.117	0.0	1027.741	null	1291.55	0.09
11.5	0.03905	24562.5	2943.75	2390.625	NaN	NaN	NaN	0	1	1	0	0	0	0	0	0	0	0	0	1	0	0	0	0	1	1	1	0	1	1	1	0	138.0	0.109	0.297	NaN	NaN	0.26	0.66	NaN	NaN	7.8	23.1	NaN	NaN	0.0	"2.5"	"F0034"	1	1	"PR"	273.021	"deionize"	157.977	1	1	0	926.117	0.0	1027.741	null	1301.383	0.086
12.7	0.038225	26437.5	2943.75	2437.5	NaN	NaN	NaN	0	1	1	0	0	0	0	0	0	0	0	0	1	0	0	0	0	1	1	1	0	1	1	1	0	152.0	0.109	0.302	NaN	NaN	0.26	0.671	NaN	NaN	7.8	23.485	NaN	NaN	0.0	"2.5"	"F0034"	1	1	"PR"	283.06	"deionize"	168.016	1	1	0	926.117	0.0	1027.741	null	1311.422	0.089
12.6	0.038225	25125.0	2971.875	2418.75	NaN	NaN	NaN	0	1	1	0	0	0	0	0	0	0	0	0	1	0	0	0	0	1	1	1	0	1	1	1	0	151.0	0.112	0.3	NaN	NaN	0.267	0.667	NaN	NaN	8.01	23.345	NaN	NaN	0.0	"2.5"	"F0034"	1	1	"PR"	293.098	"deionize"	178.054	1	1	0	926.117	0.0	1027.741	null	1321.46	0.09
12.3	0.03795	25312.5	2953.125	2465.625	NaN	NaN	NaN	0	1	1	0	0	0	0	0	0	0	0	0	1	0	0	0	0	1	1	1	0	1	1	1	0	148.0	0.11	0.305	NaN	NaN	0.262	0.678	NaN	NaN	7.86	23.73	NaN	NaN	0.0	"2.5"	"F0034"	1	1	"PR"	303.136	"deionize"	188.092	1	1	0	926.117	0.0	1027.741	null	1331.498	0.091
11.9	0.037125	25312.5	2943.75	2418.75	NaN	NaN	NaN	0	1	1	0	0	0	0	0	0	0	0	0	1	0	0	0	0	1	1	1	0	1	1	1	0	143.0	0.109	0.3	NaN	NaN	0.26	0.667	NaN	NaN	7.8	23.345	NaN	NaN	0.0	"2.5"	"F0034"	1	1	"PR"	313.174	"deionize"	198.13	1	1	0	926.117	0.0	1027.741	null	1341.536	0.091
12.6	0.036575	26812.5	2925.0	2437.5	NaN	NaN	NaN	0	1	1	0	0	0	0	0	0	0	0	0	1	0	0	0	0	1	1	1	0	1	1	1	0	151.0	0.107	0.302	NaN	NaN	0.255	0.671	NaN	NaN	7.65	23.485	NaN	NaN	0.0	"2.5"	"F0034"	1	1	"PR"	323.207	"deionize"	208.163	1	1	0	926.117	0.0	1027.741	null	1351.569	0.09
12.6	0.0363	26812.5	2943.75	2353.125	NaN	NaN	NaN	0	1	1	0	0	0	0	0	0	0	0	0	1	0	0	0	0	1	1	1	0	1	1	1	0	151.0	0.109	0.293	NaN	NaN	0.26	0.651	NaN	NaN	7.8	22.785	NaN	NaN	0.0	"2.5"	"F0034"	1	1	"PR"	333.245	"deionize"	218.201	1	1	0	926.117	0.0	1027.741	null	1361.607	0.092
12.4	0.036025	27000.0	2943.75	2437.5	NaN	NaN	NaN	0	1	1	0	0	0	0	0	0	0	0	0	1	0	0	0	0	1	1	1	0	1	1	1	0	149.0	0.109	0.302	NaN	NaN	0.26	0.671	NaN	NaN	7.8	23.485	NaN	NaN	0.0	"2.5"	"F0034"	1	1	"PR"	343.283	"deionize"	228.239	1	1	0	926.117	0.0	1027.741	null	1371.645	0.09
13.0	0.036025	24187.5	2962.5	2362.5	NaN	NaN	NaN	0	1	1	0	0	0	0	0	0	0	0	0	1	0	0	0	0	1	1	1	0	1	1	1	0	156.0	0.111	0.294	NaN	NaN	0.264	0.653	NaN	NaN	7.92	22.855	NaN	NaN	0.0	"2.5"	"F0034"	1	1	"PR"	353.116	"deionize"	238.072	1	1	0	926.117	0.0	1027.741	null	1381.478	0.084
12.6	0.035475	26812.5	2981.25	2325.0	NaN	NaN	NaN	0	1	1	0	0	0	0	0	0	0	0	0	1	0	0	0	1	1	1	1	0	1	1	1	0	151.0	0.113	0.291	NaN	NaN	0.269	0.647	NaN	NaN	8.07	22.645	NaN	NaN	0.0	"2.5"	"F0034"	1	1	"PR"	363.266	"deionize-uv"	8.142	1	1	0	926.117	0.0	1027.741	null	1391.628	0.09
12.4	0.0352	26625.0	2943.75	2418.75	NaN	NaN	NaN	0	1	1	0	0	0	0	0	0	0	0	0	1	0	0	0	1	1	1	1	0	1	1	1	0	149.0	0.109	0.3	NaN	NaN	0.26	0.667	NaN	NaN	7.8	23.345	NaN	NaN	0.0	"2.5"	"F0034"	1	1	"PR"	373.304	"deionize-uv"	18.18	1	1	0	926.117	0.0	1027.741	null	1401.666	0.089
12.4	0.034375	26812.5	2953.125	2400.0	NaN	NaN	NaN	0	1	1	0	0	0	0	0	0	0	0	0	1	0	0	0	1	1	1	1	0	1	1	1	0	149.0	0.11	0.298	NaN	NaN	0.262	0.662	NaN	NaN	7.86	23.17	NaN	NaN	0.0	"2.5"	"F0034"	1	1	"PR"	383.144	"deionize-uv"	28.02	1	1	0	926.117	0.0	1027.741	null	1411.506	0.083
13.2	0.03465	27562.5	2943.75	2437.5	NaN	NaN	NaN	0	1	1	0	0	0	0	0	0	0	0	0	1	0	0	0	1	1	1	1	0	1	1	1	0	158.0	0.109	0.302	NaN	NaN	0.26	0.671	NaN	NaN	7.8	23.485	NaN	NaN	0.0	"2.5"	"F0034"	1	1	"PR"	393.182	"deionize-uv"	38.058	1	1	0	926.117	0.0	1027.741	null	1421.544	0.083
14.0	0.0341	26437.5	2953.125	2400.0	NaN	NaN	NaN	0	1	1	0	0	0	0	0	0	0	0	0	1	0	0	0	1	1	1	1	0	1	1	1	0	168.0	0.11	0.298	NaN	NaN	0.262	0.662	NaN	NaN	7.86	23.17	NaN	NaN	0.0	"2.5"	"F0034"	1	1	"PR"	403.22	"deionize-uv"	48.096	1	1	0	926.117	0.0	1027.741	null	1431.582	0.086
12.6	0.033825	27750.0	2962.5	2475.0	NaN	NaN	NaN	0	1	1	0	0	0	0	0	0	0	0	0	1	0	0	0	1	1	1	1	0	1	1	1	0	151.0	0.111	0.305	NaN	NaN	0.264	0.678	NaN	NaN	7.92	23.73	NaN	NaN	0.0	"2.5"	"F0034"	1	1	"PR"	413.261	"deionize-uv"	58.137	1	1	0	926.117	0.0	1027.741	null	1441.623	0.088
13.1	0.032725	24187.5	2925.0	2362.5	NaN	NaN	NaN	0	1	1	0	0	0	0	0	0	0	0	0	1	0	0	0	1	1	1	1	0	1	1	1	0	157.0	0.107	0.294	NaN	NaN	0.255	0.653	NaN	NaN	7.65	22.855	NaN	NaN	0.0	"2.5"	"F0034"	1	1	"PR"	423.295	"deionize-uv"	68.171	1	1	0	926.117	0.0	1027.741	null	1451.657	0.09
12.6	0.033	24750.0	2953.125	2428.125	NaN	NaN	NaN	0	1	1	0	0	0	0	0	0	0	0	0	1	0	0	0	1	1	1	1	0	1	1	1	0	151.0	0.11	0.301	NaN	NaN	0.262	0.669	NaN	NaN	7.86	23.415	NaN	NaN	0.0	"2.5"	"F0034"	1	1	"PR"	433.333	"deionize-uv"	78.209	1	1	0	926.117	0.0	1027.741	null	1461.695	0.083
12.5	0.032175	25500.0	2934.375	2484.375	NaN	NaN	NaN	0	1	1	0	0	0	0	0	0	0	0	0	1	0	0	0	1	1	1	1	0	1	1	1	0	150.0	0.108	0.306	NaN	NaN	0.257	0.68	NaN	NaN	7.71	23.8	NaN	NaN	0.0	"2.5"	"F0034"	1	1	"PR"	443.372	"deionize-uv"	88.248	1	1	0	926.117	0.0	1027.741	null	1471.734	0.087
12.3	0.03245	24562.5	2943.75	2381.25	NaN	NaN	NaN	0	1	1	0	0	0	0	0	0	0	0	0	1	0	0	0	1	1	1	1	0	1	1	1	0	148.0	0.109	0.296	NaN	NaN	0.26	0.658	NaN	NaN	7.8	23.03	NaN	NaN	0.0	"2.5"	"F0034"	1	1	"PR"	453.213	"deionize-uv"	98.089	1	1	0	926.117	0.0	1027.741	null	1481.575	0.086
11.8	0.03135	24562.5	2953.125	2428.125	NaN	NaN	NaN	0	1	1	0	0	0	0	0	0	0	0	0	1	0	0	0	1	1	1	1	0	1	1	1	0	142.0	0.11	0.301	NaN	NaN	0.262	0.669	NaN	NaN	7.86	23.415	NaN	NaN	0.0	"2.5"	"F0034"	1	1	"PR"	463.253	"deionize-uv"	108.129	1	1	0	926.117	0.0	1027.741	null	1491.615	0.087
12.5	0.031075	25312.5	2943.75	2437.5	NaN	NaN	NaN	0	1	1	0	0	0	0	0	0	0	0	0	1	0	0	0	1	1	1	1	0	1	1	1	0	150.0	0.109	0.302	NaN	NaN	0.26	0.671	NaN	NaN	7.8	23.485	NaN	NaN	0.0	"2.5"	"F0034"	1	1	"PR"	473.289	"deionize-uv"	118.165	1	1	0	926.117	0.0	1027.741	null	1501.651	0.083
12.1	0.0308	30000.0	2943.75	1931.25	NaN	NaN	NaN	0	0	1	0	0	0	0	1	0	0	0	0	1	0	0	0	1	1	1	1	0	1	1	1	0	145.0	0.109	0.251	NaN	NaN	0.26	0.558	NaN	NaN	7.8	19.53	NaN	NaN	0.0	"2.5"	"F0034"	1	1	"PR"	483.249	"drain-di-1"	7.954	1	1	0	926.117	0.0	1027.741	null	1511.611	0.085
11.6	0.03025	30187.5	2934.375	1659.375	NaN	NaN	NaN	0	0	1	0	0	0	0	1	0	0	0	0	1	0	0	0	1	1	1	1	0	1	1	1	0	139.0	0.108	0.224	NaN	NaN	0.257	0.498	NaN	NaN	7.71	17.43	NaN	NaN	0.0	"2.5"	"F0034"	1	1	"PR"	493.283	"drain-di-1"	17.988	1	1	0	926.117	0.0	1027.741	null	1521.645	0.084
12.2	0.029975	29625.0	2943.75	1425.0	NaN	NaN	NaN	0	0	1	0	0	0	0	1	0	0	0	0	1	0	0	0	1	1	1	1	0	1	1	1	0	146.0	0.109	0.2	NaN	NaN	0.26	0.444	NaN	NaN	7.8	15.54	NaN	NaN	0.0	"2.5"	"F0034"	1	1	"PR"	503.315	"drain-di-1"	28.02	1	1	0	926.117	0.0	1027.741	null	1531.677	0.086
12.6	0.0297	29625.0	2953.125	1181.25	NaN	NaN	NaN	0	0	1	0	0	0	0	1	0	0	0	0	1	0	0	0	1	1	1	1	0	1	1	1	0	151.0	0.11	0.176	NaN	NaN	0.262	0.391	NaN	NaN	7.86	13.685	NaN	NaN	0.0	"2.5"	"F0034"	1	1	"PR"	513.351	"drain-di-1"	38.056	1	1	0	926.117	0.0	1027.741	null	1541.713	0.088
11.9	0.02915	30000.0	2943.75	928.125	NaN	NaN	NaN	0	0	1	0	0	0	0	1	0	0	0	0	1	0	0	0	1	1	1	1	0	1	1	1	0	143.0	0.109	0.151	NaN	NaN	0.26	0.336	NaN	NaN	7.8	11.76	NaN	NaN	0.0	"2.5"	"F0034"	1	1	"PR"	523.386	"drain-di-1"	48.091	1	1	0	926.117	0.0	1027.741	null	1551.748	0.086
11.7	0.028875	29437.5	2943.75	665.625	NaN	NaN	NaN	0	0	1	0	0	0	0	1	0	0	0	0	1	0	0	0	1	1	1	1	0	1	1	1	0	140.0	0.109	0.125	NaN	NaN	0.26	0.278	NaN	NaN	7.8	9.73	NaN	NaN	0.0	"2.5"	"F0034"	1	1	"PR"	533.417	"drain-di-1"	58.122	1	1	0	926.117	0.0	1027.741	null	1561.779	0.084
11.5	0.02915	30375.0	2943.75	412.5	NaN	NaN	NaN	0	0	1	0	0	0	0	1	0	0	0	0	1	0	0	0	1	1	1	1	0	1	1	1	0	138.0	0.109	0.099	NaN	NaN	0.26	0.22	NaN	NaN	7.8	7.7	NaN	NaN	0.0	"2.5"	"F0034"	1	1	"PR"	543.453	"drain-di-1"	68.158	1	1	0	926.117	0.0	1027.741	null	1571.815	0.095
11.4	0.0286	30375.0	2943.75	131.25	NaN	NaN	NaN	0	0	1	0	0	0	0	1	0	0	0	0	1	0	0	0	1	1	1	1	0	1	1	1	0	137.0	0.109	0.071	NaN	NaN	0.26	0.158	NaN	NaN	7.8	5.53	NaN	NaN	0.0	"2.5"	"F0034"	1	1	"PR"	553.486	"drain-di-1"	78.191	1	1	0	926.117	0.0	1027.741	null	1581.848	0.084
11.2	0.02915	30000.0	2953.125	-93.75	NaN	NaN	NaN	0	0	1	0	0	0	0	1	0	0	0	0	1	0	0	0	1	1	1	1	0	1	1	1	0	134.0	0.11	0.049	NaN	NaN	0.262	0.109	NaN	NaN	7.86	3.815	NaN	NaN	0.0	"2.5"	"F0034"	1	1	"PR"	563.425	"drip-di-1"	5.925	1	1	0	926.117	0.0	1027.741	null	1591.787	0.084
-11.7	0.02915	7687.5	2981.25	-9.375	NaN	NaN	NaN	1	0	0	0	0	1	1	0	0	0	0	0	1	1	0	0	0	1	1	0	1	1	1	0	1	-140.0	0.113	0.057	NaN	NaN	0.269	0.127	NaN	NaN	8.07	4.445	NaN	NaN	0.0	"2.5"	"F0034"	1	0	"PR"	573.424	"reverse-f"	0.766	1	1	0	926.117	0.0	1027.741	null	1601.786	0.083
-11.9	0.02915	19125.0	2859.375	178.125	NaN	NaN	NaN	1	0	0	0	0	1	1	0	0	0	0	0	1	1	0	0	0	1	1	0	1	1	1	0	1	-143.0	0.101	0.076	NaN	NaN	0.24	0.169	NaN	NaN	7.2	5.915	NaN	NaN	0.0	"2.5"	"F0034"	1	0	"PR"	583.467	"reverse-f"	10.809	1	1	0	926.117	0.0	1027.741	null	1611.829	0.089
-12.2	0.03135	19125.0	2821.875	496.875	NaN	NaN	NaN	1	0	0	0	0	1	1	0	0	0	0	0	1	1	0	0	0	1	1	0	1	1	1	0	1	-146.0	0.097	0.108	NaN	NaN	0.231	0.24	NaN	NaN	6.93	8.4	NaN	NaN	0.0	"2.5"	"F0034"	1	0	"PR"	593.507	"reverse-f"	20.849	1	1	0	926.117	0.0	1027.741	null	1621.869	0.086
-11.6	0.0352	19125.0	2756.25	787.5	NaN	NaN	NaN	1	0	0	0	0	1	1	0	0	0	0	0	1	1	0	0	0	1	1	0	1	1	1	0	1	-139.0	0.091	0.137	NaN	NaN	0.217	0.304	NaN	NaN	6.51	10.64	NaN	NaN	0.0	"2.5"	"F0034"	1	0	"PR"	603.345	"reverse-f"	30.687	1	1	0	926.117	0.0	1027.741	null	1631.707	0.09
-13.6	0.0385	20062.5	2831.25	1125.0	NaN	NaN	NaN	1	0	0	0	0	1	1	0	0	0	0	0	1	1	0	0	0	1	1	0	1	1	1	0	1	-163.0	0.098	0.171	NaN	NaN	0.233	0.38	NaN	NaN	6.99	13.3	NaN	NaN	0.0	"2.5"	"F0034"	1	0	"PR"	613.382	"reverse-f"	40.724	1	1	0	926.117	0.0	1027.741	null	1641.744	0.086
-12.0	0.0418	20437.5	2821.875	1443.75	NaN	NaN	NaN	1	0	0	0	0	1	1	0	0	0	0	0	1	1	0	0	0	1	1	0	1	1	1	0	1	-144.0	0.097	0.202	NaN	NaN	0.231	0.449	NaN	NaN	6.93	15.715	NaN	NaN	0.0	"2.5"	"F0034"	1	0	"PR"	623.42	"reverse-f"	50.762	1	1	0	926.117	0.0	1027.741	null	1651.782	0.089
-12.2	0.0451	19687.5	2793.75	1753.125	NaN	NaN	NaN	1	0	0	0	0	1	1	0	0	0	0	0	1	1	0	0	0	1	1	0	1	1	1	0	1	-146.0	0.094	0.233	NaN	NaN	0.224	0.518	NaN	NaN	6.72	18.13	NaN	NaN	0.0	"2.5"	"F0034"	1	0	"PR"	633.459	"reverse-f"	60.801	1	1	0	926.117	0.0	1027.741	null	1661.821	0.092
-11.5	0.0473	19125.0	2784.375	2071.875	NaN	NaN	NaN	1	0	0	0	0	1	1	0	0	0	0	0	1	1	0	0	0	1	1	0	1	1	1	0	1	-138.0	0.093	0.265	NaN	NaN	0.221	0.589	NaN	NaN	6.63	20.615	NaN	NaN	0.0	"2.5"	"F0034"	1	0	"PR"	643.493	"reverse-f"	70.835	1	1	0	926.117	0.0	1027.741	null	1671.855	0.083
-12.1	0.049775	19687.5	2803.125	2278.125	NaN	NaN	NaN	0	0	0	0	0	1	1	0	0	0	0	0	1	0	0	0	0	1	1	0	1	1	1	0	1	-145.0	0.095	0.286	NaN	NaN	0.226	0.636	NaN	NaN	6.78	22.26	NaN	NaN	0.0	"2.5"	"F0034"	1	0	"PR"	653.437	"reverse"	80.779	1	1	0	926.117	0.0	1027.741	null	1681.799	0.089
-11.9	0.050325	20437.5	2812.5	2278.125	NaN	NaN	NaN	0	0	0	0	0	1	1	0	0	0	0	0	1	0	0	0	0	1	1	0	1	1	1	0	1	-143.0	0.096	0.286	NaN	NaN	0.229	0.636	NaN	NaN	6.87	22.26	NaN	NaN	0.0	"2.5"	"F0034"	1	0	"PR"	663.478	"reverse"	90.82	1	1	0	926.117	0.0	1027.741	null	1691.84	0.09
-12.0	0.050875	20625.0	2821.875	2259.375	NaN	NaN	NaN	0	0	0	0	0	1	1	0	0	0	0	0	1	0	0	0	0	1	1	0	1	1	1	0	1	-144.0	0.097	0.284	NaN	NaN	0.231	0.631	NaN	NaN	6.93	22.085	NaN	NaN	0.0	"2.5"	"F0034"	1	0	"PR"	673.516	"reverse"	100.858	1	1	0	926.117	0.0	1027.741	null	1701.878	0.089
-11.9	0.050875	17625.0	2821.875	2268.75	NaN	NaN	NaN	0	0	0	0	0	1	1	0	0	0	0	0	1	0	0	0	0	1	1	0	1	1	1	0	1	-143.0	0.097	0.285	NaN	NaN	0.231	0.633	NaN	NaN	6.93	22.155	NaN	NaN	0.0	"2.5"	"F0034"	1	0	"PR"	683.552	"reverse"	110.894	1	1	0	926.117	0.0	1027.741	null	1711.914	0.091
-11.8	0.051425	16875.0	2765.625	2268.75	NaN	NaN	NaN	0	0	0	0	0	1	1	0	0	0	0	0	1	0	0	0	0	1	1	0	1	1	1	0	1	-142.0	0.092	0.285	NaN	NaN	0.219	0.633	NaN	NaN	6.57	22.155	NaN	NaN	0.0	"2.5"	"F0034"	1	0	"PR"	693.594	"reverse"	120.936	1	1	0	926.117	0.0	1027.741	null	1721.956	0.083
-12.6	0.051975	18937.5	2784.375	2268.75	NaN	NaN	NaN	0	0	0	0	0	1	1	0	0	0	0	0	1	0	0	0	0	1	1	0	1	1	1	0	1	-151.0	0.093	0.285	NaN	NaN	0.221	0.633	NaN	NaN	6.63	22.155	NaN	NaN	0.0	"2.5"	"F0034"	1	0	"PR"	703.635	"reverse"	130.977	1	1	0	926.117	0.0	1027.741	null	1731.997	0.085
-11.8	0.05225	17437.5	2831.25	2268.75	NaN	NaN	NaN	0	0	0	0	0	1	1	0	0	0	0	0	1	0	0	0	0	1	1	0	1	1	1	0	1	-142.0	0.098	0.285	NaN	NaN	0.233	0.633	NaN	NaN	6.99	22.155	NaN	NaN	0.0	"2.5"	"F0034"	1	0	"PR"	713.472	"reverse"	140.814	1	1	0	926.117	0.0	1027.741	null	1741.834	0.087
-0.1	0.052525	-375.0	2990.625	2287.5	NaN	NaN	NaN	0	0	0	0	0	0	0	0	0	0	0	0	0	0	0	0	0	0	0	0	1	0	0	0	1	-1.0	0.114	0.287	NaN	NaN	0.271	0.638	NaN	NaN	8.13	22.33	NaN	NaN	0.0	"2.5"	"F0034"	0	0	"PR"	723.6	"diffuse"	0.896	1	1	1	926.117	0.0	1027.741	null	1751.962	0.089
-1.9	0.053075	1875.0	2971.875	2287.5	NaN	NaN	NaN	0	0	0	0	0	0	0	0	0	0	0	0	0	0	0	0	0	0	0	0	1	0	0	0	1	-23.0	0.112	0.287	NaN	NaN	0.267	0.638	NaN	NaN	8.01	22.33	NaN	NaN	0.0	"2.5"	"F0034"	0	0	"PR"	733.638	"diffuse"	10.934	1	1	1	926.117	0.0	1027.741	null	1762.0	0.089
-1.6	0.0528	2437.5	2981.25	2296.875	NaN	NaN	NaN	0	0	0	0	0	0	0	0	0	0	0	0	0	0	0	0	0	0	0	0	1	0	0	0	1	-19.0	0.113	0.288	NaN	NaN	0.269	0.64	NaN	NaN	8.07	22.4	NaN	NaN	0.0	"2.5"	"F0034"	0	0	"PR"	743.68	"diffuse"	20.976	1	1	1	926.117	0.0	1027.741	null	1772.042	0.085
-11.9	0.052525	10125.0	2887.5	2268.75	NaN	NaN	NaN	0	0	0	0	0	1	1	0	0	0	0	0	1	0	0	0	0	1	1	0	1	1	1	0	1	-143.0	0.104	0.285	NaN	NaN	0.248	0.633	NaN	NaN	7.44	22.155	NaN	NaN	0.0	"2.5"	"F0034"	1	0	"PR"	753.611	"wash-en"	0.898	1	1	1	926.117	0.0	1027.741	null	1781.973	0.09
-11.8	0.052525	17437.5	2812.5	2287.5	NaN	NaN	NaN	0	0	0	0	0	1	1	0	0	0	0	0	1	0	0	0	0	1	1	0	1	1	1	0	1	-142.0	0.096	0.287	NaN	NaN	0.229	0.638	NaN	NaN	6.87	22.33	NaN	NaN	0.0	"2.5"	"F0034"	1	0	"PR"	763.649	"wash-en"	10.936	1	1	1	926.117	0.0	1027.741	null	1792.011	0.088
0.1	0.0539	18375.0	2812.5	2287.5	NaN	NaN	NaN	0	0	0	0	0	1	1	0	0	0	0	0	1	0	0	0	0	0	0	0	1	0	0	0	1	1.0	0.096	0.287	NaN	NaN	0.229	0.638	NaN	NaN	6.87	22.33	NaN	NaN	0.0	"2.5"	"F0034"	0	0	"PR"	773.569	"wash-sc"	0.687	1	1	1	926.117	0.0	1027.741	null	1801.931	0.088
-0.8	0.053625	-1500.0	2981.25	2287.5	NaN	NaN	NaN	0	0	0	0	0	0	0	0	0	0	0	0	0	0	0	0	0	0	0	0	1	0	0	0	1	-10.0	0.113	0.287	NaN	NaN	0.269	0.638	NaN	NaN	8.07	22.33	NaN	NaN	0.0	"2.5"	"F0034"	0	0	"PR"	783.604	"diffuse"	0.603	1	1	2	926.117	0.0	1027.741	null	1811.966	0.089
-0.8	0.0539	750.0	2971.875	2278.125	NaN	NaN	NaN	0	0	0	0	0	0	0	0	0	0	0	0	0	0	0	0	0	0	0	0	1	0	0	0	1	-10.0	0.112	0.286	NaN	NaN	0.267	0.636	NaN	NaN	8.01	22.26	NaN	NaN	0.0	"2.5"	"F0034"	0	0	"PR"	793.642	"diffuse"	10.641	1	1	2	926.117	0.0	1027.741	null	1822.004	0.09
-0.4	0.054175	1125.0	2981.25	2296.875	NaN	NaN	NaN	0	0	0	0	0	0	0	0	0	0	0	0	0	0	0	0	0	0	0	0	1	0	0	0	1	-5.0	0.113	0.288	NaN	NaN	0.269	0.64	NaN	NaN	8.07	22.4	NaN	NaN	0.0	"2.5"	"F0034"	0	0	"PR"	803.681	"diffuse"	20.68	1	1	2	926.117	0.0	1027.741	null	1832.043	0.089
-13.1	0.0539	-5250.0	2925.0	2325.0	NaN	NaN	NaN	0	0	0	0	0	1	1	0	0	0	0	0	1	0	0	0	0	1	1	0	1	1	1	0	1	-157.0	0.107	0.291	NaN	NaN	0.255	0.647	NaN	NaN	7.65	22.645	NaN	NaN	0.0	"2.5"	"F0034"	1	0	"PR"	813.609	"wash-en"	0.493	1	1	2	926.117	0.0	1027.741	null	1841.971	0.291
-11.3	0.053075	17812.5	2775.0	2268.75	NaN	NaN	NaN	0	0	0	0	0	1	1	0	0	0	0	0	1	0	0	0	0	1	1	0	1	1	1	0	1	-136.0	0.093	0.285	NaN	NaN	0.221	0.633	NaN	NaN	6.63	22.155	NaN	NaN	0.0	"2.5"	"F0034"	1	0	"PR"	823.649	"wash-en"	10.533	1	1	2	926.117	0.0	1027.741	null	1852.011	0.092
-11.7	0.0539	17812.5	2775.0	2250.0	NaN	NaN	NaN	0	0	0	0	0	1	1	0	0	0	0	0	1	0	0	0	0	0	0	0	1	0	0	0	1	-140.0	0.093	0.283	NaN	NaN	0.221	0.629	NaN	NaN	6.63	22.015	NaN	NaN	0.0	"2.5"	"F0034"	0	0	"PR"	833.491	"wash-sc"	0.201	1	1	2	926.117	0.0	1027.741	null	1861.853	0.09
-0.5	0.053075	19875.0	2859.375	2287.5	NaN	NaN	NaN	0	0	0	0	0	0	0	0	0	0	0	0	0	0	0	0	0	0	0	0	1	0	0	0	1	-6.0	0.101	0.287	NaN	NaN	0.24	0.638	NaN	NaN	7.2	22.33	NaN	NaN	0.0	"2.5"	"F0034"	0	0	"PR"	843.616	"diffuse"	0.2	1	1	3	926.117	0.0	1027.741	null	1871.978	0.101
-1.8	0.054175	1125.0	2981.25	2278.125	NaN	NaN	NaN	0	0	0	0	0	0	0	0	0	0	0	0	0	0	0	0	0	0	0	0	1	0	0	0	1	-22.0	0.113	0.286	NaN	NaN	0.269	0.636	NaN	NaN	8.07	22.26	NaN	NaN	0.0	"2.5"	"F0034"	0	0	"PR"	853.657	"diffuse"	10.241	1	1	3	926.117	0.0	1027.741	null	1882.019	0.085
-0.1	0.054175	375.0	2981.25	2278.125	NaN	NaN	NaN	0	0	0	0	0	0	0	0	0	0	0	0	0	0	0	0	0	0	0	0	1	0	0	0	1	-1.0	0.113	0.286	NaN	NaN	0.269	0.636	NaN	NaN	8.07	22.26	NaN	NaN	0.0	"2.5"	"F0034"	0	0	"PR"	863.693	"diffuse"	20.277	1	1	3	926.117	0.0	1027.741	null	1892.055	0.086
-0.8	0.054175	375.0	2981.25	2278.125	NaN	NaN	NaN	0	0	0	0	0	1	1	0	0	0	0	0	1	0	0	0	0	1	1	0	1	1	1	0	1	-10.0	0.113	0.286	NaN	NaN	0.269	0.636	NaN	NaN	8.07	22.26	NaN	NaN	0.0	"2.5"	"F0034"	1	0	"PR"	873.731	"wash-en"	0.2	1	1	3	926.117	0.0	1027.741	null	1902.093	0.096
-11.4	0.054175	19875.0	2803.125	2250.0	NaN	NaN	NaN	0	0	0	0	0	1	1	0	0	0	0	0	1	0	0	0	0	1	1	0	1	1	1	0	1	-137.0	0.095	0.283	NaN	NaN	0.226	0.629	NaN	NaN	6.78	22.015	NaN	NaN	0.0	"2.5"	"F0034"	1	0	"PR"	883.661	"wash-en"	10.13	1	1	3	926.117	0.0	1027.741	null	1912.023	0.088
-12.5	0.053075	18750.0	2821.875	2268.75	NaN	NaN	NaN	0	0	0	0	0	1	1	0	0	0	0	0	1	0	0	0	0	1	1	0	1	1	1	0	1	-150.0	0.097	0.285	NaN	NaN	0.231	0.633	NaN	NaN	6.93	22.155	NaN	NaN	0.0	"2.5"	"F0034"	1	0	"PR"	893.695	"wash-en"	20.164	1	1	3	926.117	0.0	1027.741	null	1922.057	0.086
-1.6	0.053625	20812.5	2784.375	2250.0	NaN	NaN	NaN	0	0	0	0	0	1	1	0	0	0	0	0	1	0	0	0	0	0	0	0	1	0	0	0	1	-19.0	0.093	0.283	NaN	NaN	0.221	0.629	NaN	NaN	6.63	22.015	NaN	NaN	0.0	"2.5"	"F0034"	0	0	"PR"	903.818	"wash-sc"	10.123	1	1	3	926.117	0.0	1027.741	null	1932.18	0.1
0.6	0.053625	1125.0	2981.25	2287.5	NaN	NaN	NaN	0	0	0	0	0	0	0	0	0	0	0	0	0	0	0	0	0	0	0	0	1	0	0	0	1	7.0	0.113	0.287	NaN	NaN	0.269	0.638	NaN	NaN	8.07	22.33	NaN	NaN	0.0	"2.5"	"F0034"	0	0	"PR"	913.662	"diffuse"	9.844	1	1	4	926.117	0.0	1027.741	null	1942.024	0.085
1.1	0.0539	1687.5	2981.25	2306.25	NaN	NaN	NaN	0	0	0	0	0	0	0	0	0	0	0	0	0	0	0	0	0	0	0	0	1	0	0	0	1	13.0	0.113	0.289	NaN	NaN	0.269	0.642	NaN	NaN	8.07	22.47	NaN	NaN	0.0	"2.5"	"F0034"	0	0	"PR"	923.699	"diffuse"	19.881	1	1	4	926.117	0.0	1027.741	null	1952.061	0.083
-0.2	0.054175	1687.5	2981.25	2306.25	NaN	NaN	NaN	0	0	0	0	0	0	0	0	0	0	0	0	0	0	0	0	0	0	0	0	1	0	0	0	1	-2.0	0.113	0.289	NaN	NaN	0.269	0.642	NaN	NaN	8.07	22.47	NaN	NaN	0.0	"2.5"	"F0034"	0	0	"PR"	933.738	"diffuse"	29.92	1	1	4	926.117	0.0	1027.741	null	1962.1	0.098
-9.8	0.05335	17812.5	2784.375	2278.125	NaN	NaN	NaN	0	0	0	0	0	1	1	0	0	0	0	0	1	0	0	0	0	1	1	0	1	1	1	0	1	-118.0	0.093	0.286	NaN	NaN	0.221	0.636	NaN	NaN	6.63	22.26	NaN	NaN	0.0	"2.5"	"F0034"	1	0	"PR"	943.871	"wash-en"	9.932	1	1	4	926.117	0.0	1027.741	null	1972.233	0.091
-11.6	0.05335	18750.0	2812.5	2259.375	NaN	NaN	NaN	0	0	0	0	0	1	1	0	0	0	0	0	1	0	0	0	0	1	1	0	1	1	1	0	1	-139.0	0.096	0.284	NaN	NaN	0.229	0.631	NaN	NaN	6.87	22.085	NaN	NaN	0.0	"2.5"	"F0034"	1	0	"PR"	953.703	"wash-en"	19.764	1	1	4	926.117	0.0	1027.741	null	1982.065	0.085
-0.1	0.054175	18937.5	2831.25	2278.125	NaN	NaN	NaN	0	0	0	0	0	1	1	0	0	0	0	0	1	0	0	0	0	0	0	0	1	0	0	0	1	-1.0	0.098	0.286	NaN	NaN	0.233	0.636	NaN	NaN	6.99	22.26	NaN	NaN	0.0	"2.5"	"F0034"	0	0	"PR"	963.827	"wash-sc"	9.722	1	1	4	926.117	0.0	1027.741	null	1992.189	0.086
0.6	0.05335	-1875.0	2428.125	2287.5	NaN	NaN	NaN	0	0	0	0	1	0	0	0	0	0	0	0	0	0	0	0	0	0	0	0	1	0	0	0	1	7.0	0.058	0.287	NaN	NaN	0.138	0.638	NaN	NaN	4.14	22.33	NaN	NaN	0.0	"2.5"	"F0034"	0	0	"PR"	973.865	"drain-rg"	9.636	1	1	4	926.117	0.0	1027.741	null	2002.227	0.087
-0.1	0.05335	-1312.5	2109.375	2278.125	NaN	NaN	NaN	0	0	0	0	1	0	0	0	0	0	0	0	0	0	0	0	0	0	0	0	1	0	0	0	1	-1.0	0.026	0.286	NaN	NaN	0.062	0.636	NaN	NaN	1.86	22.26	NaN	NaN	0.0	"2.5"	"F0034"	0	0	"PR"	983.905	"drain-rg"	19.676	1	1	4	926.117	0.0	1027.741	null	2012.267	0.086
1.4	0.0539	-1125.0	1696.875	2278.125	NaN	NaN	NaN	0	0	0	0	1	0	0	0	0	0	0	0	0	0	0	0	0	0	0	0	1	0	0	0	1	17.0	-0.015	0.286	NaN	NaN	-0.036	0.636	NaN	NaN	-1.08	22.26	NaN	NaN	0.0	"2.5"	"F0034"	0	0	"PR"	993.743	"drip-rg"	3.012	1	1	4	926.117	0.0	1027.741	null	2022.105	0.083
0.3	0.054175	-1500.0	0.0	2278.125	NaN	NaN	NaN	0	0	0	0	1	0	0	0	0	0	0	0	0	0	0	0	0	0	0	0	1	0	0	0	1	4.0	-0.185	0.286	NaN	NaN	-0.44	0.636	NaN	NaN	-13.2	22.26	NaN	NaN	0.0	"2.5"	"F0034"	0	0	"PR"	1003.783	"drip-rg"	13.052	1	1	4	926.117	0.0	1027.741	null	2032.145	0.083
-0.1	0.0539	18187.5	1809.375	2146.875	NaN	NaN	NaN	0	0	1	0	0	1	0	0	0	0	0	0	1	0	0	0	0	0	0	0	1	0	0	0	1	-1.0	-0.004	0.273	NaN	NaN	-0.01	0.607	NaN	NaN	-0.3	21.245	NaN	NaN	0.0	"2.5"	"F0034"	0	0	"FR"	7.25	"fill-rg-di"	7.049	2	1	0	2034.354	0.0	1027.741	null	2042.227	0.085
-0.4	0.053075	19125.0	2221.875	1884.375	NaN	NaN	NaN	0	0	1	0	0	1	0	0	0	0	0	0	1	0	0	0	0	0	0	0	1	0	0	0	1	-5.0	0.037	0.246	NaN	NaN	0.088	0.547	NaN	NaN	2.64	19.145	NaN	NaN	0.0	"2.5"	"F0034"	0	0	"FR"	17.286	"fill-rg-di"	17.085	2	1	0	2034.354	0.0	1027.741	null	2052.263	0.083
0.6	0.052525	19500.0	2512.5	1584.375	NaN	NaN	NaN	0	0	1	0	0	1	0	0	0	0	0	0	1	0	0	0	0	0	0	0	1	0	0	0	1	7.0	0.066	0.216	NaN	NaN	0.157	0.48	NaN	NaN	4.71	16.8	NaN	NaN	0.0	"2.5"	"F0034"	0	0	"FR"	27.326	"fill-rg-di"	27.125	2	1	0	2034.354	0.0	1027.741	null	2062.303	0.086
-0.1	0.0517	21000.0	2859.375	1331.25	NaN	NaN	NaN	0	0	1	0	0	1	0	0	0	0	0	0	1	0	0	0	0	0	0	0	1	0	0	0	1	-1.0	0.101	0.191	NaN	NaN	0.24	0.424	NaN	NaN	7.2	14.84	NaN	NaN	0.0	"2.5"	"F0034"	0	0	"FR"	37.363	"fill-rg-di"	37.162	2	1	0	2034.354	0.0	1027.741	null	2072.34	0.086
0.6	0.050875	19875.0	3178.125	1106.25	NaN	NaN	NaN	0	0	1	0	0	1	0	0	0	0	0	0	1	0	0	0	0	0	0	0	1	0	0	0	1	7.0	0.133	0.169	NaN	NaN	0.317	0.376	NaN	NaN	9.51	13.16	NaN	NaN	0.0	"2.5"	"F0034"	0	0	"FR"	47.199	"fill-rg-di"	46.998	2	1	0	2034.354	0.0	1027.741	null	2082.176	0.083
-0.4	0.05005	2250.0	2831.25	993.75	NaN	NaN	NaN	0	0	0	0	1	0	0	0	0	0	0	0	0	0	0	0	0	0	0	0	1	0	0	0	1	-5.0	0.098	0.157	NaN	NaN	0.233	0.349	NaN	NaN	6.99	12.215	NaN	NaN	0.0	"2.5"	"F0034"	0	0	"FR"	57.241	"drain-rg"	6.43	2	1	0	2034.354	0.0	1027.741	null	2092.218	0.087
0.2	0.050875	1125.0	2465.625	993.75	NaN	NaN	NaN	0	0	0	0	1	0	0	0	0	0	0	0	0	0	0	0	0	0	0	0	1	0	0	0	1	2.0	0.062	0.157	NaN	NaN	0.148	0.349	NaN	NaN	4.44	12.215	NaN	NaN	0.0	"2.5"	"F0034"	0	0	"FR"	67.277	"drain-rg"	16.466	2	1	0	2034.354	0.0	1027.741	null	2102.254	0.084
-0.8	0.05005	1500.0	2118.75	984.375	NaN	NaN	NaN	0	0	0	0	1	0	0	0	0	0	0	0	0	0	0	0	0	0	0	0	1	0	0	0	1	-10.0	0.027	0.156	NaN	NaN	0.064	0.347	NaN	NaN	1.92	12.145	NaN	NaN	0.0	"2.5"	"F0034"	0	0	"FR"	77.314	"drain-rg"	26.503	2	1	0	2034.354	0.0	1027.741	null	2112.291	0.086
2.2	0.049775	2250.0	1771.875	993.75	NaN	NaN	NaN	0	0	0	0	1	0	0	0	0	0	0	0	0	0	0	0	0	0	0	0	1	0	0	0	1	26.0	-0.008	0.157	NaN	NaN	-0.019	0.349	NaN	NaN	-0.57	12.215	NaN	NaN	0.0	"2.5"	"F0034"	0	0	"FR"	87.357	"drip-rg"	2.008	2	1	0	2034.354	0.0	1027.741	null	2122.334	0.084
1.9	0.0506	1125.0	-18.75	975.0	NaN	NaN	NaN	0	0	0	0	1	0	0	0	0	0	0	0	0	0	0	0	0	0	0	0	1	0	0	0	1	23.0	-0.187	0.155	NaN	NaN	-0.445	0.344	NaN	NaN	-13.35	12.04	NaN	NaN	0.0	"2.5"	"F0034"	0	0	"FR"	97.397	"drip-rg"	12.048	2	1	0	2034.354	0.0	1027.741	null	2132.374	0.081
1.1	0.049775	18000.0	1725.0	834.375	NaN	NaN	NaN	0	0	1	0	0	1	0	0	0	0	0	0	1	0	0	0	0	0	0	0	1	0	0	0	1	13.0	-0.013	0.141	NaN	NaN	-0.031	0.313	NaN	NaN	-0.93	10.955	NaN	NaN	0.0	"2.5"	"F0034"	0	0	"PR"	6.04	"fill-rg-di"	5.839	2	0	0	2034.354	0.0	2135.587	null	2142.253	0.086
0.1	0.0484	18937.5	2165.625	581.25	NaN	NaN	NaN	0	0	1	0	0	1	0	0	0	0	0	0	1	0	0	0	0	0	0	0	1	0	0	0	1	1.0	0.032	0.116	NaN	NaN	0.076	0.258	NaN	NaN	2.28	9.03	NaN	NaN	0.0	"2.5"	"F0034"	0	0	"PR"	16.073	"fill-rg-di"	15.872	2	0	0	2034.354	0.0	2135.587	null	2152.286	0.083
1.0	0.0473	19125.0	2484.375	328.125	NaN	NaN	NaN	0	0	1	0	0	1	0	0	0	0	0	0	1	0	0	0	0	0	0	0	1	0	0	0	1	12.0	0.063	0.091	NaN	NaN	0.15	0.202	NaN	NaN	4.5	7.07	NaN	NaN	0.0	"2.5"	"F0034"	0	0	"PR"	26.116	"fill-rg-di"	25.915	2	0	0	2034.354	0.0	2135.587	null	2162.329	0.085
-0.1	0.045375	1875.0	2775.0	131.25	NaN	NaN	NaN	1	0	0	0	0	0	0	0	0	0	0	0	0	1	0	0	0	0	0	0	1	0	0	0	1	-1.0	0.093	0.071	NaN	NaN	0.221	0.158	NaN	NaN	6.63	5.53	NaN	NaN	0.0	"2.5"	"F0034"	0	0	"PR"	36.155	"fill-di-lb"	1.204	2	0	0	2034.354	0.0	2135.587	null	2172.368	0.083
-0.5	0.045375	1125.0	2775.0	450.0	NaN	NaN	NaN	1	0	0	0	0	0	0	0	0	0	0	0	0	1	0	0	0	0	0	0	1	0	0	0	1	-6.0	0.093	0.103	NaN	NaN	0.221	0.229	NaN	NaN	6.63	8.015	NaN	NaN	0.0	"2.5"	"F0034"	0	0	"PR"	46.195	"fill-di-lb"	11.244	2	0	0	2034.354	0.0	2135.587	null	2182.408	0.086
-0.1	0.04565	1500.0	2765.625	759.375	NaN	NaN	NaN	1	0	0	0	0	0	0	0	0	0	0	0	0	1	0	0	0	0	0	0	1	0	0	0	1	-1.0	0.092	0.134	NaN	NaN	0.219	0.298	NaN	NaN	6.57	10.43	NaN	NaN	0.0	"2.5"	"F0034"	0	0	"PR"	56.235	"fill-di-lb"	21.284	2	0	0	2034.354	0.0	2135.587	null	2192.448	0.083
0.6	0.0462	1687.5	2765.625	1068.75	NaN	NaN	NaN	1	0	0	0	0	0	0	0	0	0	0	0	0	1	0	0	0	0	0	0	1	0	0	0	1	7.0	0.092	0.165	NaN	NaN	0.219	0.367	NaN	NaN	6.57	12.845	NaN	NaN	0.0	"2.5"	"F0034"	0	0	"PR"	66.073	"fill-di-lb"	31.122	2	0	0	2034.354	0.0	2135.587	null	2202.286	0.09
0.6	0.045925	2250.0	2756.25	1396.875	NaN	NaN	NaN	1	0	0	0	0	0	0	0	0	0	0	0	0	1	0	0	0	0	0	0	1	0	0	0	1	7.0	0.091	0.198	NaN	NaN	0.217	0.44	NaN	NaN	6.51	15.4	NaN	NaN	0.0	"2.5"	"F0034"	0	0	"PR"	76.113	"fill-di-lb"	41.162	2	0	0	2034.354	0.0	2135.587	null	2212.326	0.092
0.3	0.04565	2250.0	2746.875	1706.25	NaN	NaN	NaN	1	0	0	0	0	0	0	0	0	0	0	0	0	1	0	0	0	0	0	0	1	0	0	0	1	4.0	0.09	0.229	NaN	NaN	0.214	0.509	NaN	NaN	6.42	17.815	NaN	NaN	0.0	"2.5"	"F0034"	0	0	"PR"	86.15	"fill-di-lb"	51.199	2	0	0	2034.354	0.0	2135.587	null	2222.363	0.086
-1.8	0.045375	3000.0	2775.0	2015.625	NaN	NaN	NaN	1	0	0	0	0	0	0	0	0	0	0	0	0	1	0	0	0	0	0	0	1	0	0	0	1	-22.0	0.093	0.26	NaN	NaN	0.221	0.578	NaN	NaN	6.63	20.23	NaN	NaN	0.0	"2.5"	"F0034"	0	0	"PR"	96.188	"fill-di-lb"	61.237	2	0	0	2034.354	0.0	2135.587	null	2232.401	0.09
