cur	ec	mod-ps	rg-ps	di-ps	fw1-ps	fw2-ps	pf-ps	vlv-di-fill	vlv-di-in	vlv-di-out	vlv-rg-fill	vlv-rg-drain	vlv-rg-in	vlv-rg-out	vlv-fw1-in	vlv-fw1-out	vlv-fw2-in	vlv-po	vlv-mod-drain	pmp-sys	pmp-di	pmp-fw1	pmp-fw2	uv	en-anode1	en-cath1	pl-anode1	pl-cath1	en-anode2	en-cath2	pl-anode2	pl-cath2	pw	rg-he	di-he	fw1-he	fw2-he	rg-lev	di-lev	fw1-lev	fw2-lev	rg-vol	di-vol	fw1-vol	fw2-vol	pr-ec	ver	sn	mod-en	mod-pl	proc	proc-time	ph	ph-time	count	cyc	rnd	pr-last	rc-last	fr-last	halt-re	time	exec
-0.4	0.04235	19125.0	2793.75	2278.125	NaN	NaN	NaN	0	0	0	0	0	1	1	0	0	0	0	0	1	0	0	0	0	0	0	0	1	0	0	0	1	-5.0	0.094	0.286	NaN	NaN	0.224	0.636	NaN	NaN	6.72	22.26	NaN	NaN	0.0	"2.5"	"F0034"	0	0	"PR"	8.246	"prime"	7.426	0	0	0	0.0	0.0	0.0	null	10.032	0.086
-0.4	0.04235	19125.0	2793.75	2278.125	NaN	NaN	NaN	0	0	0	0	0	1	1	0	0	0	0	0	1	0	0	0	0	0	0	0	1	0	0	0	1	-5.0	0.094	0.286	NaN	NaN	0.224	0.636	NaN	NaN	6.72	22.26	NaN	NaN	0.0	"2.5"	"F0034"	0	0	"PR"	8.246	"prime"	7.426	0	0	0	0.0	0.0	0.0	null	10.032	0.086
0.3	0.042075	20437.5	2803.125	2250.0	NaN	NaN	NaN	0	0	0	0	0	1	1	0	0	0	0	0	1	0	0	0	0	0	0	0	1	0	0	0	1	4.0	0.095	0.283	NaN	NaN	0.226	0.629	NaN	NaN	6.78	22.015	NaN	NaN	0.0	"2.5"	"F0034"	0	0	"PR"	18.282	"prime"	17.462	0	0	0	0.0	0.0	0.0	null	20.068	0.088
-0.1	0.04235	20625.0	2784.375	2278.125	NaN	NaN	NaN	0	0	0	0	0	1	1	0	0	0	0	0	1	0	0	0	0	0	0	0	1	0	0	0	1	-1.0	0.093	0.286	NaN	NaN	0.221	0.636	NaN	NaN	6.63	22.26	NaN	NaN	0.0	"2.5"	"F0034"	0	0	"PR"	28.315	"prime"	27.495	0	0	0	0.0	0.0	0.0	null	30.101	0.083
-11.0	0.041525	25500.0	2962.5	2531.25	NaN	NaN	NaN	0	1	1	0	0	0	0	0	0	0	0	0	1	0	0	0	0	1	1	0	1	1	1	0	1	-132.0	0.111	0.311	NaN	NaN	0.264	0.691	NaN	NaN	7.92	24.185	NaN	NaN	0.0	"2.5"	"F0034"	1	0	"PR"	38.353	"deionize"	7.028	0	1	0	0.0	0.0	0.0	null	40.139	0.084
-11.4	0.041525	27562.5	2981.25	2596.875	NaN	NaN	NaN	0	1	1	0	0	0	0	0	0	0	0	0	1	0	0	0	0	1	1	0	1	1	1	0	1	-137.0	0.113	0.318	NaN	NaN	0.269	0.707	NaN	NaN	8.07	24.745	NaN	NaN	0.0	"2.5"	"F0034"	1	0	"PR"	48.397	"deionize"	17.072	0	1	0	0.0	0.0	0.0	null	50.183	0.093
-9.8	0.040425	25500.0	2971.875	2540.625	NaN	NaN	NaN	0	1	1	0	0	0	0	0	0	0	0	0	1	0	0	0	0	1	1	0	1	1	1	0	1	-118.0	0.112	0.312	NaN	NaN	0.267	0.693	NaN	NaN	8.01	24.255	NaN	NaN	0.0	"2.5"	"F0034"	1	0	"PR"	58.432	"deionize"	27.107	0	1	0	0.0	0.0	0.0	null	60.218	0.091
-10.6	0.040425	24750.0	2971.875	2578.125	NaN	NaN	NaN	0	1	1	0	0	0	0	0	0	0	0	0	1	0	0	0	0	1	1	0	1	1	1	0	1	-127.0	0.112	0.316	NaN	NaN	0.267	0.702	NaN	NaN	8.01	24.57	NaN	NaN	0.0	"2.5"	"F0034"	1	0	"PR"	68.47	"deionize"	37.145	0	1	0	0.0	0.0	0.0	null	70.256	0.091
-11.9	0.040425	26062.5	2962.5	2484.375	NaN	NaN	NaN	0	1	1	0	0	0	0	0	0	0	0	0	1	0	0	0	0	1	1	0	1	1	1	0	1	-143.0	0.111	0.306	NaN	NaN	0.264	0.68	NaN	NaN	7.92	23.8	NaN	NaN	0.0	"2.5"	"F0034"	1	0	"PR"	78.509	"deionize"	47.184	0	1	0	0.0	0.0	0.0	null	80.295	0.091
-12.0	0.038775	26812.5	2953.125	2512.5	NaN	NaN	NaN	0	1	1	0	0	0	0	0	0	0	0	0	1	0	0	0	0	1	1	0	1	1	1	0	1	-144.0	0.11	0.309	NaN	NaN	0.262	0.687	NaN	NaN	7.86	24.045	NaN	NaN	0.0	"2.5"	"F0034"	1	0	"PR"	88.346	"deionize"	57.021	0	1	0	0.0	0.0	0.0	null	90.132	0.084
-11.7	0.037675	26250.0	2962.5	2437.5	NaN	NaN	NaN	0	1	1	0	0	0	0	0	0	0	0	0	1	0	0	0	0	1	1	0	1	1	1	0	1	-140.0	0.111	0.302	NaN	NaN	0.264	0.671	NaN	NaN	7.92	23.485	NaN	NaN	0.0	"2.5"	"F0034"	1	0	"PR"	98.386	"deionize"	67.061	0	1	0	0.0	0.0	0.0	null	100.172	0.086
-12.3	0.037125	27562.5	2962.5	2456.25	NaN	NaN	NaN	0	1	1	0	0	0	0	0	0	0	0	0	1	0	0	0	0	1	1	0	1	1	1	0	1	-148.0	0.111	0.304	NaN	NaN	0.264	0.676	NaN	NaN	7.92	23.66	NaN	NaN	0.0	"2.5"	"F0034"	1	0	"PR"	108.424	"deionize"	77.099	0	1	0	0.0	0.0	0.0	null	110.21	0.087
-15.7	0.0363	26250.0	2971.875	2400.0	NaN	NaN	NaN	0	1	1	0	0	0	0	0	0	0	0	0	1	0	0	0	0	1	1	0	1	1	1	0	1	-188.0	0.112	0.298	NaN	NaN	0.267	0.662	NaN	NaN	8.01	23.17	NaN	NaN	0.0	"2.5"	"F0034"	1	0	"PR"	118.464	"deionize"	87.139	0	1	0	0.0	0.0	0.0	null	120.25	0.087
-12.3	0.036025	26250.0	2981.25	2437.5	NaN	NaN	NaN	0	1	1	0	0	0	0	0	0	0	0	0	1	0	0	0	0	1	1	0	1	1	1	0	1	-148.0	0.113	0.302	NaN	NaN	0.269	0.671	NaN	NaN	8.07	23.485	NaN	NaN	0.0	"2.5"	"F0034"	1	0	"PR"	128.504	"deionize"	97.179	0	1	0	0.0	0.0	0.0	null	130.29	0.087
-12.0	0.034925	27375.0	2953.125	2400.0	NaN	NaN	NaN	0	1	1	0	0	0	0	0	0	0	0	0	1	0	0	0	0	1	1	0	1	1	1	0	1	-144.0	0.11	0.298	NaN	NaN	0.262	0.662	NaN	NaN	7.86	23.17	NaN	NaN	0.0	"2.5"	"F0034"	1	0	"PR"	138.538	"deionize"	107.213	0	1	0	0.0	0.0	0.0	null	140.324	0.087
-11.3	0.034925	25125.0	2934.375	2437.5	NaN	NaN	NaN	0	1	1	0	0	0	0	0	0	0	0	0	1	0	0	0	0	1	1	0	1	1	1	0	1	-136.0	0.108	0.302	NaN	NaN	0.257	0.671	NaN	NaN	7.71	23.485	NaN	NaN	0.0	"2.5"	"F0034"	1	0	"PR"	148.575	"deionize"	117.25	0	1	0	0.0	0.0	0.0	null	150.361	0.087
-11.6	0.033825	26812.5	2962.5	2465.625	NaN	NaN	NaN	0	1	1	0	0	0	0	0	0	0	0	0	1	0	0	0	0	1	1	0	1	1	1	0	1	-139.0	0.111	0.305	NaN	NaN	0.264	0.678	NaN	NaN	7.92	23.73	NaN	NaN	0.0	"2.5"	"F0034"	1	0	"PR"	158.616	"deionize"	127.291	0	1	0	0.0	0.0	0.0	null	160.402	0.087
-12.2	0.033	26062.5	2962.5	2371.875	NaN	NaN	NaN	0	1	1	0	0	0	0	0	0	0	0	0	1	0	0	0	0	1	1	0	1	1	1	0	1	-146.0	0.111	0.295	NaN	NaN	0.264	0.656	NaN	NaN	7.92	22.96	NaN	NaN	0.0	"2.5"	"F0034"	1	0	"PR"	168.448	"deionize"	137.123	0	1	0	0.0	0.0	0.0	null	170.234	0.084
-12.0	0.032725	25500.0	2943.75	2418.75	NaN	NaN	NaN	0	1	1	0	0	0	0	0	0	0	0	0	1	0	0	0	0	1	1	0	1	1	1	0	1	-144.0	0.109	0.3	NaN	NaN	0.26	0.667	NaN	NaN	7.8	23.345	NaN	NaN	0.0	"2.5"	"F0034"	1	0	"PR"	178.488	"deionize"	147.163	0	1	0	0.0	0.0	0.0	null	180.274	0.088
-11.8	0.03245	26062.5	2971.875	2409.375	NaN	NaN	NaN	0	1	1	0	0	0	0	0	0	0	0	0	1	0	0	0	0	1	1	0	1	1	1	0	1	-142.0	0.112	0.299	NaN	NaN	0.267	0.664	NaN	NaN	8.01	23.24	NaN	NaN	0.0	"2.5"	"F0034"	1	0	"PR"	188.525	"deionize"	157.2	0	1	0	0.0	0.0	0.0	null	190.311	0.084
-12.2	0.031625	27375.0	2962.5	2428.125	NaN	NaN	NaN	0	1	1	0	0	0	0	0	0	0	0	0	1	0	0	0	0	1	1	0	1	1	1	0	1	-146.0	0.111	0.301	NaN	NaN	0.264	0.669	NaN	NaN	7.92	23.415	NaN	NaN	0.0	"2.5"	"F0034"	1	0	"PR"	198.56	"deionize"	167.235	0	1	0	0.0	0.0	0.0	null	200.346	0.084
-12.0	0.03135	27750.0	2962.5	2390.625	NaN	NaN	NaN	0	1	1	0	0	0	0	0	0	0	0	0	1	0	0	0	0	1	1	0	1	1	1	0	1	-144.0	0.111	0.297	NaN	NaN	0.264	0.66	NaN	NaN	7.92	23.1	NaN	NaN	0.0	"2.5"	"F0034"	1	0	"PR"	208.602	"deionize"	177.277	0	1	0	0.0	0.0	0.0	null	210.388	0.088
-11.7	0.0308	26812.5	2953.125	2446.875	NaN	NaN	NaN	0	1	1	0	0	0	0	0	0	0	0	0	1	0	0	0	0	1	1	0	1	1	1	0	1	-140.0	0.11	0.303	NaN	NaN	0.262	0.673	NaN	NaN	7.86	23.555	NaN	NaN	0.0	"2.5"	"F0034"	1	0	"PR"	218.635	"deionize"	187.31	0	1	0	0.0	0.0	0.0	null	220.421	0.085
-12.0	0.03025	24750.0	2971.875	2409.375	NaN	NaN	NaN	0	1	1	0	0	0	0	0	0	0	0	0	1	0	0	0	0	1	1	0	1	1	1	0	1	-144.0	0.112	0.299	NaN	NaN	0.267	0.664	NaN	NaN	8.01	23.24	NaN	NaN	0.0	"2.5"	"F0034"	1	0	"PR"	228.672	"deionize"	197.347	0	1	0	0.0	0.0	0.0	null	230.458	0.087
-11.7	0.0297	25312.5	2953.125	2390.625	NaN	NaN	NaN	0	1	1	0	0	0	0	0	0	0	0	0	1	0	0	0	0	1	1	0	1	1	1	0	1	-140.0	0.11	0.297	NaN	NaN	0.262	0.66	NaN	NaN	7.86	23.1	NaN	NaN	0.0	"2.5"	"F0034"	1	0	"PR"	238.71	"deionize"	207.385	0	1	0	0.0	0.0	0.0	null	240.496	0.087
-12.5	0.02915	25125.0	2953.125	2428.125	NaN	NaN	NaN	0	1	1	0	0	0	0	0	0	0	0	0	1	0	0	0	0	1	1	0	1	1	1	0	1	-150.0	0.11	0.301	NaN	NaN	0.262	0.669	NaN	NaN	7.86	23.415	NaN	NaN	0.0	"2.5"	"F0034"	1	0	"PR"	248.549	"deionize"	217.224	0	1	0	0.0	0.0	0.0	null	250.335	0.084
-12.0	0.028325	26625.0	2971.875	2446.875	NaN	NaN	NaN	0	1	1	0	0	0	0	0	0	0	0	0	1	0	0	0	0	1	1	0	1	1	1	0	1	-144.0	0.112	0.303	NaN	NaN	0.267	0.673	NaN	NaN	8.01	23.555	NaN	NaN	0.0	"2.5"	"F0034"	1	0	"PR"	258.585	"deionize"	227.26	0	1	0	0.0	0.0	0.0	null	260.371	0.088
-12.0	0.027775	26812.5	2962.5	2428.125	NaN	NaN	NaN	0	1	1	0	0	0	0	0	0	0	0	0	1	0	0	0	0	1	1	0	1	1	1	0	1	-144.0	0.111	0.301	NaN	NaN	0.264	0.669	NaN	NaN	7.92	23.415	NaN	NaN	0.0	"2.5"	"F0034"	1	0	"PR"	268.622	"deionize"	237.297	0	1	0	0.0	0.0	0.0	null	270.408	0.084
-11.9	0.02805	26062.5	2962.5	2428.125	NaN	NaN	NaN	0	1	1	0	0	0	0	0	0	0	0	0	1	0	0	0	1	1	1	0	1	1	1	0	1	-143.0	0.111	0.301	NaN	NaN	0.264	0.669	NaN	NaN	7.92	23.415	NaN	NaN	0.0	"2.5"	"F0034"	1	0	"PR"	278.764	"deionize-uv"	7.334	0	1	0	0.0	0.0	0.0	null	280.55	0.086
-11.3	0.02695	26062.5	2962.5	2418.75	NaN	NaN	NaN	0	1	1	0	0	0	0	0	0	0	0	0	1	0	0	0	1	1	1	0	1	1	1	0	1	-136.0	0.111	0.3	NaN	NaN	0.264	0.667	NaN	NaN	7.92	23.345	NaN	NaN	0.0	"2.5"	"F0034"	1	0	"PR"	288.606	"deionize-uv"	17.176	0	1	0	0.0	0.0	0.0	null	290.392	0.084
-11.0	0.026125	28687.5	2953.125	2456.25	NaN	NaN	NaN	0	1	1	0	0	0	0	0	0	0	0	0	1	0	0	0	1	1	1	0	1	1	1	0	1	-132.0	0.11	0.304	NaN	NaN	0.262	0.676	NaN	NaN	7.86	23.66	NaN	NaN	0.0	"2.5"	"F0034"	1	0	"PR"	298.639	"deionize-uv"	27.209	0	1	0	0.0	0.0	0.0	null	300.425	0.083
-13.3	0.0253	25312.5	2981.25	2381.25	NaN	NaN	NaN	0	1	1	0	0	0	0	0	0	0	0	0	1	0	0	0	1	1	1	0	1	1	1	0	1	-160.0	0.113	0.296	NaN	NaN	0.269	0.658	NaN	NaN	8.07	23.03	NaN	NaN	0.0	"2.5"	"F0034"	1	0	"PR"	308.674	"deionize-uv"	37.244	0	1	0	0.0	0.0	0.0	null	310.46	0.084
-10.6	0.025575	24750.0	2981.25	2418.75	NaN	NaN	NaN	0	1	1	0	0	0	0	0	0	0	0	0	1	0	0	0	1	1	1	0	1	1	1	0	1	-127.0	0.113	0.3	NaN	NaN	0.269	0.667	NaN	NaN	8.07	23.345	NaN	NaN	0.0	"2.5"	"F0034"	1	0	"PR"	318.709	"deionize-uv"	47.279	0	1	0	0.0	0.0	0.0	null	320.495	0.084
-9.5	0.025575	25500.0	2953.125	2400.0	NaN	NaN	NaN	0	1	1	0	0	0	0	0	0	0	0	0	1	0	0	0	1	1	1	0	1	1	1	0	1	-114.0	0.11	0.298	NaN	NaN	0.262	0.662	NaN	NaN	7.86	23.17	NaN	NaN	0.0	"2.5"	"F0034"	1	0	"PR"	328.747	"deionize-uv"	57.317	0	1	0	0.0	0.0	0.0	null	330.533	0.084
-10.2	0.024475	26812.5	2971.875	2390.625	NaN	NaN	NaN	0	1	1	0	0	0	0	0	0	0	0	0	1	0	0	0	1	1	1	0	1	1	1	0	1	-122.0	0.112	0.297	NaN	NaN	0.267	0.66	NaN	NaN	8.01	23.1	NaN	NaN	0.0	"2.5"	"F0034"	1	0	"PR"	338.783	"deionize-uv"	67.353	0	1	0	0.0	0.0	0.0	null	340.569	0.085
-9.8	0.024475	27562.5	2925.0	2400.0	NaN	NaN	NaN	0	1	1	0	0	0	0	0	0	0	0	0	1	0	0	0	1	1	1	0	1	1	1	0	1	-118.0	0.107	0.298	NaN	NaN	0.255	0.662	NaN	NaN	7.65	23.17	NaN	NaN	0.0	"2.5"	"F0034"	1	0	"PR"	348.818	"deionize-uv"	77.388	0	1	0	0.0	0.0	0.0	null	350.604	0.084
-9.8	0.024475	24562.5	2962.5	2465.625	NaN	NaN	NaN	0	1	1	0	0	0	0	0	0	0	0	0	1	0	0	0	1	1	1	0	1	1	1	0	1	-118.0	0.111	0.305	NaN	NaN	0.264	0.678	NaN	NaN	7.92	23.73	NaN	NaN	0.0	"2.5"	"F0034"	1	0	"PR"	358.85	"deionize-uv"	87.42	0	1	0	0.0	0.0	0.0	null	360.636	0.084
-10.2	0.023925	26062.5	2962.5	2390.625	NaN	NaN	NaN	0	1	1	0	0	0	0	0	0	0	0	0	1	0	0	0	1	1	1	0	1	1	1	0	1	-122.0	0.111	0.297	NaN	NaN	0.264	0.66	NaN	NaN	7.92	23.1	NaN	NaN	0.0	"2.5"	"F0034"	1	0	"PR"	368.688	"deionize-uv"	97.258	0	1	0	0.0	0.0	0.0	null	370.474	0.091
-9.8	0.0231	26812.5	2943.75	2390.625	NaN	NaN	NaN	0	1	1	0	0	0	0	0	0	0	0	0	1	0	0	0	1	1	1	0	1	1	1	0	1	-118.0	0.109	0.297	NaN	NaN	0.26	0.66	NaN	NaN	7.8	23.1	NaN	NaN	0.0	"2.5"	"F0034"	1	0	"PR"	378.725	"deionize-uv"	107.295	0	1	0	0.0	0.0	0.0	null	380.511	0.09
-9.6	0.0231	27187.5	2962.5	2371.875	NaN	NaN	NaN	0	1	1	0	0	0	0	0	0	0	0	0	1	0	0	0	1	1	1	0	1	1	1	0	1	-115.0	0.111	0.295	NaN	NaN	0.264	0.656	NaN	NaN	7.92	22.96	NaN	NaN	0.0	"2.5"	"F0034"	1	0	"PR"	388.761	"deionize-uv"	117.331	0	1	0	0.0	0.0	0.0	null	390.547	0.084
-9.6	0.022275	36750.0	2962.5	1950.0	NaN	NaN	NaN	0	0	1	0	0	0	0	1	0	0	0	0	1	0	0	0	1	1	1	0	1	1	1	0	1	-115.0	0.111	0.253	NaN	NaN	0.264	0.562	NaN	NaN	7.92	19.67	NaN	NaN	0.0	"2.5"	"F0034"	1	0	"PR"	398.726	"drain-di-1"	7.156	0	1	0	0.0	0.0	0.0	null	400.512	0.09
-9.5	0.0231	36937.5	2962.5	1696.875	NaN	NaN	NaN	0	0	1	0	0	0	0	1	0	0	0	0	1	0	0	0	1	1	1	0	1	1	1	0	1	-114.0	0.111	0.228	NaN	NaN	0.264	0.507	NaN	NaN	7.92	17.745	NaN	NaN	0.0	"2.5"	"F0034"	1	0	"PR"	408.763	"drain-di-1"	17.193	0	1	0	0.0	0.0	0.0	null	410.549	0.09
-9.5	0.021725	37125.0	2971.875	1462.5	NaN	NaN	NaN	0	0	1	0	0	0	0	1	0	0	0	0	1	0	0	0	1	1	1	0	1	1	1	0	1	-114.0	0.112	0.204	NaN	NaN	0.267	0.453	NaN	NaN	8.01	15.855	NaN	NaN	0.0	"2.5"	"F0034"	1	0	"PR"	418.803	"drain-di-1"	27.233	0	1	0	0.0	0.0	0.0	null	420.589	0.088
-8.4	0.022	33937.5	2962.5	1200.0	NaN	NaN	NaN	0	0	1	0	0	0	0	1	0	0	0	0	1	0	0	0	1	1	1	0	1	1	1	0	1	-101.0	0.111	0.178	NaN	NaN	0.264	0.396	NaN	NaN	7.92	13.86	NaN	NaN	0.0	"2.5"	"F0034"	1	0	"PR"	428.836	"drain-di-1"	37.266	0	1	0	0.0	0.0	0.0	null	430.622	0.087
-8.8	0.021175	35437.5	2990.625	975.0	NaN	NaN	NaN	0	0	1	0	0	0	0	1	0	0	0	0	1	0	0	0	1	1	1	0	1	1	1	0	1	-106.0	0.114	0.155	NaN	NaN	0.271	0.344	NaN	NaN	8.13	12.04	NaN	NaN	0.0	"2.5"	"F0034"	1	0	"PR"	438.868	"drain-di-1"	47.298	0	1	0	0.0	0.0	0.0	null	440.654	0.087
-9.0	0.02145	35812.5	2962.5	731.25	NaN	NaN	NaN	0	0	1	0	0	0	0	1	0	0	0	0	1	0	0	0	1	1	1	0	1	1	1	0	1	-108.0	0.111	0.131	NaN	NaN	0.264	0.291	NaN	NaN	7.92	10.185	NaN	NaN	0.0	"2.5"	"F0034"	1	0	"PR"	448.911	"drain-di-1"	57.341	0	1	0	0.0	0.0	0.0	null	450.697	0.087
-9.2	0.021175	35250.0	2962.5	478.125	NaN	NaN	NaN	0	0	1	0	0	0	0	1	0	0	0	0	1	0	0	0	1	1	1	0	1	1	1	0	1	-110.0	0.111	0.106	NaN	NaN	0.264	0.236	NaN	NaN	7.92	8.26	NaN	NaN	0.0	"2.5"	"F0034"	1	0	"PR"	458.949	"drain-di-1"	67.379	0	1	0	0.0	0.0	0.0	null	460.735	0.084
-8.2	0.021175	35812.5	2934.375	253.125	NaN	NaN	NaN	0	0	1	0	0	0	0	1	0	0	0	0	1	0	0	0	1	1	1	0	1	1	1	0	1	-98.0	0.108	0.083	NaN	NaN	0.257	0.184	NaN	NaN	7.71	6.44	NaN	NaN	0.0	"2.5"	"F0034"	1	0	"PR"	468.788	"drain-di-1"	77.218	0	1	0	0.0	0.0	0.0	null	470.574	0.092
-8.3	0.020075	35437.5	2971.875	-9.375	NaN	NaN	NaN	0	0	1	0	0	0	0	1	0	0	0	0	1	0	0	0	1	1	1	0	1	1	1	0	1	-100.0	0.112	0.057	NaN	NaN	0.267	0.127	NaN	NaN	8.01	4.445	NaN	NaN	0.0	"2.5"	"F0034"	1	0	"PR"	478.931	"drip-di-1"	2.916	0	1	0	0.0	0.0	0.0	null	480.717	0.084
-8.8	0.0209	35625.0	2953.125	-234.375	NaN	NaN	NaN	0	0	1	0	0	0	0	1	0	0	0	0	1	0	0	0	1	1	1	0	1	1	1	0	1	-106.0	0.11	0.035	NaN	NaN	0.262	0.078	NaN	NaN	7.86	2.73	NaN	NaN	0.0	"2.5"	"F0034"	1	0	"PR"	488.969	"drip-di-1"	12.954	0	1	0	0.0	0.0	0.0	null	490.755	0.087
12.6	0.021175	20625.0	2812.5	112.5	NaN	NaN	NaN	1	0	0	0	0	1	1	0	0	0	0	0	1	1	0	0	0	1	1	1	0	1	1	1	0	151.0	0.096	0.069	NaN	NaN	0.229	0.153	NaN	NaN	6.87	5.355	NaN	NaN	0.0	"2.5"	"F0034"	1	1	"PR"	498.966	"reverse-f"	7.787	0	1	0	0.0	0.0	0.0	null	500.752	0.083
12.3	0.02255	20625.0	2793.75	421.875	NaN	NaN	NaN	1	0	0	0	0	1	1	0	0	0	0	0	1	1	0	0	0	1	1	1	0	1	1	1	0	148.0	0.094	0.1	NaN	NaN	0.224	0.222	NaN	NaN	6.72	7.77	NaN	NaN	0.0	"2.5"	"F0034"	1	1	"PR"	509.006	"reverse-f"	17.827	0	1	0	0.0	0.0	0.0	null	510.792	0.085
12.6	0.026125	18187.5	2831.25	740.625	NaN	NaN	NaN	1	0	0	0	0	1	1	0	0	0	0	0	1	1	0	0	0	1	1	1	0	1	1	1	0	151.0	0.098	0.132	NaN	NaN	0.233	0.293	NaN	NaN	6.99	10.255	NaN	NaN	0.0	"2.5"	"F0034"	1	1	"PR"	518.836	"reverse-f"	27.657	0	1	0	0.0	0.0	0.0	null	520.622	0.089
12.4	0.029425	19875.0	2803.125	1059.375	NaN	NaN	NaN	1	0	0	0	0	1	1	0	0	0	0	0	1	1	0	0	0	1	1	1	0	1	1	1	0	149.0	0.095	0.164	NaN	NaN	0.226	0.364	NaN	NaN	6.78	12.74	NaN	NaN	0.0	"2.5"	"F0034"	1	1	"PR"	528.866	"reverse-f"	37.687	0	1	0	0.0	0.0	0.0	null	530.652	0.09
12.8	0.032725	19687.5	2821.875	1368.75	NaN	NaN	NaN	1	0	0	0	0	1	1	0	0	0	0	0	1	1	0	0	0	1	1	1	0	1	1	1	0	154.0	0.097	0.195	NaN	NaN	0.231	0.433	NaN	NaN	6.93	15.155	NaN	NaN	0.0	"2.5"	"F0034"	1	1	"PR"	538.906	"reverse-f"	47.727	0	1	0	0.0	0.0	0.0	null	540.692	0.091
11.9	0.036025	21375.0	2821.875	1668.75	NaN	NaN	NaN	1	0	0	0	0	1	1	0	0	0	0	0	1	1	0	0	0	1	1	1	0	1	1	1	0	143.0	0.097	0.225	NaN	NaN	0.231	0.5	NaN	NaN	6.93	17.5	NaN	NaN	0.0	"2.5"	"F0034"	1	1	"PR"	548.943	"reverse-f"	57.764	0	1	0	0.0	0.0	0.0	null	550.729	0.09
12.6	0.039325	20250.0	2821.875	1996.875	NaN	NaN	NaN	1	0	0	0	0	1	1	0	0	0	0	0	1	1	0	0	0	1	1	1	0	1	1	1	0	151.0	0.097	0.258	NaN	NaN	0.231	0.573	NaN	NaN	6.93	20.055	NaN	NaN	0.0	"2.5"	"F0034"	1	1	"PR"	558.977	"reverse-f"	67.798	0	1	0	0.0	0.0	0.0	null	560.763	0.091
11.9	0.04125	20250.0	2831.25	2278.125	NaN	NaN	NaN	0	0	0	0	0	1	1	0	0	0	0	0	1	0	0	0	0	1	1	1	0	1	1	1	0	143.0	0.098	0.286	NaN	NaN	0.233	0.636	NaN	NaN	6.99	22.26	NaN	NaN	0.0	"2.5"	"F0034"	1	1	"PR"	568.925	"reverse"	77.746	0	1	0	0.0	0.0	0.0	null	570.711	0.09
12.6	0.0429	20625.0	2803.125	2250.0	NaN	NaN	NaN	0	0	0	0	0	1	1	0	0	0	0	0	1	0	0	0	0	1	1	1	0	1	1	1	0	151.0	0.095	0.283	NaN	NaN	0.226	0.629	NaN	NaN	6.78	22.015	NaN	NaN	0.0	"2.5"	"F0034"	1	1	"PR"	578.96	"reverse"	87.781	0	1	0	0.0	0.0	0.0	null	580.746	0.09
12.8	0.044275	20062.5	2859.375	2278.125	NaN	NaN	NaN	0	0	0	0	0	1	1	0	0	0	0	0	1	0	0	0	0	1	1	1	0	1	1	1	0	154.0	0.101	0.286	NaN	NaN	0.24	0.636	NaN	NaN	7.2	22.26	NaN	NaN	0.0	"2.5"	"F0034"	1	1	"PR"	588.999	"reverse"	97.82	0	1	0	0.0	0.0	0.0	null	590.785	0.092
13.9	0.0451	18000.0	2812.5	2278.125	NaN	NaN	NaN	0	0	0	0	0	1	1	0	0	0	0	0	1	0	0	0	0	1	1	1	0	1	1	1	0	167.0	0.096	0.286	NaN	NaN	0.229	0.636	NaN	NaN	6.87	22.26	NaN	NaN	0.0	"2.5"	"F0034"	1	1	"PR"	599.034	"reverse"	107.855	0	1	0	0.0	0.0	0.0	null	600.82	0.087
11.8	0.0451	19125.0	2812.5	2296.875	NaN	NaN	NaN	0	0	0	0	0	1	1	0	0	0	0	0	1	0	0	0	0	1	1	1	0	1	1	1	0	142.0	0.096	0.288	NaN	NaN	0.229	0.64	NaN	NaN	6.87	22.4	NaN	NaN	0.0	"2.5"	"F0034"	1	1	"PR"	609.07	"reverse"	117.891	0	1	0	0.0	0.0	0.0	null	610.856	0.09
11.9	0.046475	18375.0	2831.25	2287.5	NaN	NaN	NaN	0	0	0	0	0	1	1	0	0	0	0	0	1	0	0	0	0	1	1	1	0	1	1	1	0	143.0	0.098	0.287	NaN	NaN	0.233	0.638	NaN	NaN	6.99	22.33	NaN	NaN	0.0	"2.5"	"F0034"	1	1	"PR"	619.113	"reverse"	127.934	0	1	0	0.0	0.0	0.0	null	620.899	0.09
12.4	0.04675	19875.0	2821.875	2287.5	NaN	NaN	NaN	0	0	0	0	0	1	1	0	0	0	0	0	1	0	0	0	0	1	1	1	0	1	1	1	0	149.0	0.097	0.287	NaN	NaN	0.231	0.638	NaN	NaN	6.93	22.33	NaN	NaN	0.0	"2.5"	"F0034"	1	1	"PR"	629.146	"reverse"	137.967	0	1	0	0.0	0.0	0.0	null	630.932	0.09
12.7	0.04675	20625.0	2821.875	2268.75	NaN	NaN	NaN	0	0	0	0	0	1	1	0	0	0	0	0	1	0	0	0	0	1	1	1	0	1	1	1	0	152.0	0.097	0.285	NaN	NaN	0.231	0.633	NaN	NaN	6.93	22.155	NaN	NaN	0.0	"2.5"	"F0034"	1	1	"PR"	638.98	"reverse"	147.801	0	1	0	0.0	0.0	0.0	null	640.766	0.084
2.7	0.048125	-375.0	3009.375	2315.625	NaN	NaN	NaN	0	0	0	0	0	0	0	0	0	0	0	0	0	0	0	0	0	0	0	0	1	0	0	0	1	32.0	0.116	0.29	NaN	NaN	0.276	0.644	NaN	NaN	8.28	22.54	NaN	NaN	0.0	"2.5"	"F0034"	0	0	"PR"	649.111	"diffuse"	7.921	0	1	1	0.0	0.0	0.0	null	650.897	0.09
1.4	0.047575	1125.0	3000.0	2259.375	NaN	NaN	NaN	0	0	0	0	0	0	0	0	0	0	0	0	0	0	0	0	0	0	0	0	1	0	0	0	1	17.0	0.115	0.284	NaN	NaN	0.274	0.631	NaN	NaN	8.22	22.085	NaN	NaN	0.0	"2.5"	"F0034"	0	0	"PR"	659.142	"diffuse"	17.952	0	1	1	0.0	0.0	0.0	null	660.928	0.09
2.7	0.04785	-562.5	3000.0	2287.5	NaN	NaN	NaN	0	0	0	0	0	0	0	0	0	0	0	0	0	0	0	0	0	0	0	0	1	0	0	0	1	32.0	0.115	0.287	NaN	NaN	0.274	0.638	NaN	NaN	8.22	22.33	NaN	NaN	0.0	"2.5"	"F0034"	0	0	"PR"	669.174	"diffuse"	27.984	0	1	1	0.0	0.0	0.0	null	670.96	0.091
13.3	0.047025	21750.0	2812.5	2278.125	NaN	NaN	NaN	0	0	0	0	0	1	1	0	0	0	0	0	1	0	0	0	0	1	1	1	0	1	1	1	0	160.0	0.096	0.286	NaN	NaN	0.229	0.636	NaN	NaN	6.87	22.26	NaN	NaN	0.0	"2.5"	"F0034"	1	1	"PR"	679.105	"wash-en"	7.722	0	1	1	0.0	0.0	0.0	null	680.891	0.087
11.7	0.04895	20250.0	2840.625	2278.125	NaN	NaN	NaN	0	0	0	0	0	1	1	0	0	0	0	0	1	0	0	0	0	1	1	1	0	1	1	1	0	140.0	0.099	0.286	NaN	NaN	0.236	0.636	NaN	NaN	7.08	22.26	NaN	NaN	0.0	"2.5"	"F0034"	1	1	"PR"	689.144	"wash-en"	17.761	0	1	1	0.0	0.0	0.0	null	690.93	0.09
2.0	0.05005	19687.5	2812.5	2278.125	NaN	NaN	NaN	0	0	0	0	0	1	1	0	0	0	0	0	1	0	0	0	0	0	0	0	1	0	0	0	1	24.0	0.096	0.286	NaN	NaN	0.229	0.636	NaN	NaN	6.87	22.26	NaN	NaN	0.0	"2.5"	"F0034"	0	0	"PR"	699.071	"wash-sc"	7.518	0	1	1	0.0	0.0	0.0	null	700.857	0.086
2.1	0.050325	375.0	3018.75	2278.125	NaN	NaN	NaN	0	0	0	0	0	0	0	0	0	0	0	0	0	0	0	0	0	0	0	0	1	0	0	0	1	25.0	0.117	0.286	NaN	NaN	0.279	0.636	NaN	NaN	8.37	22.26	NaN	NaN	0.0	"2.5"	"F0034"	0	0	"PR"	709.111	"diffuse"	7.429	0	1	2	0.0	0.0	0.0	null	710.897	0.086
2.7	0.050325	1125.0	3000.0	2287.5	NaN	NaN	NaN	0	0	0	0	0	0	0	0	0	0	0	0	0	0	0	0	0	0	0	0	1	0	0	0	1	32.0	0.115	0.287	NaN	NaN	0.274	0.638	NaN	NaN	8.22	22.33	NaN	NaN	0.0	"2.5"	"F0034"	0	0	"PR"	719.145	"diffuse"	17.463	0	1	2	0.0	0.0	0.0	null	720.931	0.086
2.5	0.05005	2250.0	3009.375	2296.875	NaN	NaN	NaN	0	0	0	0	0	0	0	0	0	0	0	0	0	0	0	0	0	0	0	0	1	0	0	0	1	30.0	0.116	0.288	NaN	NaN	0.276	0.64	NaN	NaN	8.28	22.4	NaN	NaN	0.0	"2.5"	"F0034"	0	0	"PR"	729.183	"diffuse"	27.501	0	1	2	0.0	0.0	0.0	null	730.969	0.088
12.7	0.05005	18750.0	2850.0	2278.125	NaN	NaN	NaN	0	0	0	0	0	1	1	0	0	0	0	0	1	0	0	0	0	1	1	1	0	1	1	1	0	152.0	0.1	0.286	NaN	NaN	0.238	0.636	NaN	NaN	7.14	22.26	NaN	NaN	0.0	"2.5"	"F0034"	1	1	"PR"	739.115	"wash-en"	7.321	0	1	2	0.0	0.0	0.0	null	740.901	0.086
13.0	0.049775	20062.5	2831.25	2278.125	NaN	NaN	NaN	0	0	0	0	0	1	1	0	0	0	0	0	1	0	0	0	0	1	1	1	0	1	1	1	0	156.0	0.098	0.286	NaN	NaN	0.233	0.636	NaN	NaN	6.99	22.26	NaN	NaN	0.0	"2.5"	"F0034"	1	1	"PR"	749.149	"wash-en"	17.355	0	1	2	0.0	0.0	0.0	null	750.935	0.086
1.4	0.050875	20812.5	2868.75	2278.125	NaN	NaN	NaN	0	0	0	0	0	1	1	0	0	0	0	0	1	0	0	0	0	0	0	0	1	0	0	0	1	17.0	0.102	0.286	NaN	NaN	0.243	0.636	NaN	NaN	7.29	22.26	NaN	NaN	0.0	"2.5"	"F0034"	0	0	"PR"	759.282	"wash-sc"	7.323	0	1	2	0.0	0.0	0.0	null	761.068	0.092
3.0	0.050875	562.5	3000.0	2287.5	NaN	NaN	NaN	0	0	0	0	0	0	0	0	0	0	0	0	0	0	0	0	0	0	0	0	1	0	0	0	1	36.0	0.115	0.287	NaN	NaN	0.274	0.638	NaN	NaN	8.22	22.33	NaN	NaN	0.0	"2.5"	"F0034"	0	0	"PR"	769.12	"diffuse"	7.025	0	1	3	0.0	0.0	0.0	null	770.906	0.084
1.8	0.050875	375.0	3009.375	2287.5	NaN	NaN	NaN	0	0	0	0	0	0	0	0	0	0	0	0	0	0	0	0	0	0	0	0	1	0	0	0	1	22.0	0.116	0.287	NaN	NaN	0.276	0.638	NaN	NaN	8.28	22.33	NaN	NaN	0.0	"2.5"	"F0034"	0	0	"PR"	779.153	"diffuse"	17.058	0	1	3	0.0	0.0	0.0	null	780.939	0.083
1.8	0.050875	-375.0	3018.75	2278.125	NaN	NaN	NaN	0	0	0	0	0	0	0	0	0	0	0	0	0	0	0	0	0	0	0	0	1	0	0	0	1	22.0	0.117	0.286	NaN	NaN	0.279	0.636	NaN	NaN	8.37	22.26	NaN	NaN	0.0	"2.5"	"F0034"	0	0	"PR"	789.193	"diffuse"	27.098	0	1	3	0.0	0.0	0.0	null	790.979	0.085
13.0	0.050325	18750.0	2821.875	2278.125	NaN	NaN	NaN	0	0	0	0	0	1	1	0	0	0	0	0	1	0	0	0	0	1	1	1	0	1	1	1	0	156.0	0.097	0.286	NaN	NaN	0.231	0.636	NaN	NaN	6.93	22.26	NaN	NaN	0.0	"2.5"	"F0034"	1	1	"PR"	799.313	"wash-en"	7.108	0	1	3	0.0	0.0	0.0	null	801.099	0.083
13.3	0.050325	20250.0	2821.875	2278.125	NaN	NaN	NaN	0	0	0	0	0	1	1	0	0	0	0	0	1	0	0	0	0	1	1	1	0	1	1	1	0	160.0	0.097	0.286	NaN	NaN	0.231	0.636	NaN	NaN	6.93	22.26	NaN	NaN	0.0	"2.5"	"F0034"	1	1	"PR"	809.35	"wash-en"	17.145	0	1	3	0.0	0.0	0.0	null	811.136	0.086
4.3	0.05115	19125.0	2831.25	2287.5	NaN	NaN	NaN	0	0	0	0	0	1	1	0	0	0	0	0	1	0	0	0	0	0	0	0	1	0	0	0	1	52.0	0.098	0.287	NaN	NaN	0.233	0.638	NaN	NaN	6.99	22.33	NaN	NaN	0.0	"2.5"	"F0034"	0	0	"PR"	819.276	"wash-sc"	6.915	0	1	3	0.0	0.0	0.0	null	821.062	0.087
1.8	0.051425	-375.0	3009.375	2287.5	NaN	NaN	NaN	0	0	0	0	0	0	0	0	0	0	0	0	0	0	0	0	0	0	0	0	1	0	0	0	1	22.0	0.116	0.287	NaN	NaN	0.276	0.638	NaN	NaN	8.28	22.33	NaN	NaN	0.0	"2.5"	"F0034"	0	0	"PR"	829.314	"diffuse"	6.823	0	1	4	0.0	0.0	0.0	null	831.1	0.084
1.5	0.050875	1125.0	2990.625	2296.875	NaN	NaN	NaN	0	0	0	0	0	0	0	0	0	0	0	0	0	0	0	0	0	0	0	0	1	0	0	0	1	18.0	0.114	0.288	NaN	NaN	0.271	0.64	NaN	NaN	8.13	22.4	NaN	NaN	0.0	"2.5"	"F0034"	0	0	"PR"	839.347	"diffuse"	16.856	0	1	4	0.0	0.0	0.0	null	841.133	0.086
1.4	0.050875	1500.0	3000.0	2287.5	NaN	NaN	NaN	0	0	0	0	0	0	0	0	0	0	0	0	0	0	0	0	0	0	0	0	1	0	0	0	1	17.0	0.115	0.287	NaN	NaN	0.274	0.638	NaN	NaN	8.22	22.33	NaN	NaN	0.0	"2.5"	"F0034"	0	0	"PR"	849.386	"diffuse"	26.895	0	1	4	0.0	0.0	0.0	null	851.172	0.088
13.3	0.05005	19875.0	2793.75	2278.125	NaN	NaN	NaN	0	0	0	0	0	1	1	0	0	0	0	0	1	0	0	0	0	1	1	1	0	1	1	1	0	160.0	0.094	0.286	NaN	NaN	0.224	0.636	NaN	NaN	6.72	22.26	NaN	NaN	0.0	"2.5"	"F0034"	1	1	"PR"	859.315	"wash-en"	6.717	0	1	4	0.0	0.0	0.0	null	861.101	0.083
12.6	0.05115	20250.0	2859.375	2240.625	NaN	NaN	NaN	0	0	0	0	0	1	1	0	0	0	0	0	1	0	0	0	0	1	1	1	0	1	1	1	0	151.0	0.101	0.282	NaN	NaN	0.24	0.627	NaN	NaN	7.2	21.945	NaN	NaN	0.0	"2.5"	"F0034"	1	1	"PR"	869.351	"wash-en"	16.753	0	1	4	0.0	0.0	0.0	null	871.137	0.083
0.6	0.050875	19125.0	2821.875	2287.5	NaN	NaN	NaN	0	0	0	0	0	1	1	0	0	0	0	0	1	0	0	0	0	0	0	0	1	0	0	0	1	7.0	0.097	0.287	NaN	NaN	0.231	0.638	NaN	NaN	6.93	22.33	NaN	NaN	0.0	"2.5"	"F0034"	0	0	"PR"	879.275	"wash-sc"	6.512	0	1	4	0.0	0.0	0.0	null	881.061	0.084
1.8	0.051425	-1687.5	2587.5	2287.5	NaN	NaN	NaN	0	0	0	0	1	0	0	0	0	0	0	0	0	0	0	0	0	0	0	0	1	0	0	0	1	22.0	0.074	0.287	NaN	NaN	0.176	0.638	NaN	NaN	5.28	22.33	NaN	NaN	0.0	"2.5"	"F0034"	0	0	"PR"	889.314	"drain-rg"	6.425	0	1	4	0.0	0.0	0.0	null	891.1	0.083
1.4	0.050875	-1875.0	2240.625	2287.5	NaN	NaN	NaN	0	0	0	0	1	0	0	0	0	0	0	0	0	0	0	0	0	0	0	0	1	0	0	0	1	17.0	0.039	0.287	NaN	NaN	0.093	0.638	NaN	NaN	2.79	22.33	NaN	NaN	0.0	"2.5"	"F0034"	0	0	"PR"	899.354	"drain-rg"	16.465	0	1	4	0.0	0.0	0.0	null	901.14	0.086
1.0	0.05115	-937.5	1865.625	2287.5	NaN	NaN	NaN	0	0	0	0	1	0	0	0	0	0	0	0	0	0	0	0	0	0	0	0	1	0	0	0	1	12.0	0.002	0.287	NaN	NaN	0.005	0.638	NaN	NaN	0.15	22.33	NaN	NaN	0.0	"2.5"	"F0034"	0	0	"PR"	909.395	"drain-rg"	26.506	0	1	4	0.0	0.0	0.0	null	911.181	0.092
1.1	0.0517	-187.5	1209.375	2287.5	NaN	NaN	NaN	0	0	0	0	1	0	0	0	0	0	0	0	0	0	0	0	0	0	0	0	1	0	0	0	1	13.0	-0.064	0.287	NaN	NaN	-0.152	0.638	NaN	NaN	-4.56	22.33	NaN	NaN	0.0	"2.5"	"F0034"	0	0	"PR"	919.428	"drip-rg"	9.631	0	1	4	0.0	0.0	0.0	null	921.214	0.084
0.9	0.051425	18375.0	1368.75	2231.25	NaN	NaN	NaN	0	0	1	0	0	1	0	0	0	0	0	0	1	0	0	0	0	0	0	0	1	0	0	0	1	11.0	-0.048	0.281	NaN	NaN	-0.114	0.624	NaN	NaN	-3.42	21.84	NaN	NaN	0.0	"2.5"	"F0034"	0	0	"FR"	3.632	"fill-rg-di"	3.432	1	1	0	926.836	0.0	0.0	null	931.097	0.084
0.8	0.05115	21375.0	2081.25	1959.375	NaN	NaN	NaN	0	0	1	0	0	1	0	0	0	0	0	0	1	0	0	0	0	0	0	0	1	0	0	0	1	10.0	0.023	0.254	NaN	NaN	0.055	0.564	NaN	NaN	1.65	19.74	NaN	NaN	0.0	"2.5"	"F0034"	0	0	"FR"	13.666	"fill-rg-di"	13.466	1	1	0	926.836	0.0	0.0	null	941.131	0.089
1.6	0.050875	18750.0	2409.375	1696.875	NaN	NaN	NaN	0	0	1	0	0	1	0	0	0	0	0	0	1	0	0	0	0	0	0	0	1	0	0	0	1	19.0	0.056	0.228	NaN	NaN	0.133	0.507	NaN	NaN	3.99	17.745	NaN	NaN	0.0	"2.5"	"F0034"	0	0	"FR"	23.701	"fill-rg-di"	23.501	1	1	0	926.836	0.0	0.0	null	951.166	0.087
0.6	0.05005	19687.5	2737.5	1443.75	NaN	NaN	NaN	0	0	1	0	0	1	0	0	0	0	0	0	1	0	0	0	0	0	0	0	1	0	0	0	1	7.0	0.089	0.202	NaN	NaN	0.212	0.449	NaN	NaN	6.36	15.715	NaN	NaN	0.0	"2.5"	"F0034"	0	0	"FR"	33.737	"fill-rg-di"	33.537	1	1	0	926.836	0.0	0.0	null	961.202	0.084
0.7	0.048125	21750.0	3018.75	1181.25	NaN	NaN	NaN	0	0	1	0	0	1	0	0	0	0	0	0	1	0	0	0	0	0	0	0	1	0	0	0	1	8.0	0.117	0.176	NaN	NaN	0.279	0.391	NaN	NaN	8.37	13.685	NaN	NaN	0.0	"2.5"	"F0034"	0	0	"FR"	43.768	"fill-rg-di"	43.568	1	1	0	926.836	0.0	0.0	null	971.233	0.086
0.8	0.048125	-1500.0	2971.875	993.75	NaN	NaN	NaN	0	0	0	0	1	0	0	0	0	0	0	0	0	0	0	0	0	0	0	0	1	0	0	0	1	10.0	0.112	0.157	NaN	NaN	0.267	0.349	NaN	NaN	8.01	12.215	NaN	NaN	0.0	"2.5"	"F0034"	0	0	"FR"	53.808	"drain-rg"	3.012	1	1	0	926.836	0.0	0.0	null	981.273	0.085
1.3	0.048125	-5250.0	2587.5	1003.125	NaN	NaN	NaN	0	0	0	0	1	0	0	0	0	0	0	0	0	0	0	0	0	0	0	0	1	0	0	0	1	16.0	0.074	0.158	NaN	NaN	0.176	0.351	NaN	NaN	5.28	12.285	NaN	NaN	0.0	"2.5"	"F0034"	0	0	"FR"	63.839	"drain-rg"	13.043	1	1	0	926.836	0.0	0.0	null	991.304	0.084
0.6	0.04785	-5250.0	2240.625	993.75	NaN	NaN	NaN	0	0	0	0	1	0	0	0	0	0	0	0	0	0	0	0	0	0	0	0	1	0	0	0	1	7.0	0.039	0.157	NaN	NaN	0.093	0.349	NaN	NaN	2.79	12.215	NaN	NaN	0.0	"2.5"	"F0034"	0	0	"FR"	73.875	"drain-rg"	23.079	1	1	0	926.836	0.0	0.0	null	1001.34	0.09
1.0	0.047575	-5812.5	1875.0	975.0	NaN	NaN	NaN	0	0	0	0	1	0	0	0	0	0	0	0	0	0	0	0	0	0	0	0	1	0	0	0	1	12.0	0.003	0.155	NaN	NaN	0.007	0.344	NaN	NaN	0.21	12.04	NaN	NaN	0.0	"2.5"	"F0034"	0	0	"FR"	83.711	"drain-rg"	32.915	1	1	0	926.836	0.0	0.0	null	1011.176	0.092
3.4	0.048125	-4687.5	1350.0	993.75	NaN	NaN	NaN	0	0	0	0	1	0	0	0	0	0	0	0	0	0	0	0	0	0	0	0	1	0	0	0	1	41.0	-0.05	0.157	NaN	NaN	-0.119	0.349	NaN	NaN	-3.57	12.215	NaN	NaN	0.0	"2.5"	"F0034"	0	0	"FR"	93.746	"drip-rg"	8.829	1	1	0	926.836	0.0	0.0	null	1021.211	0.09
1.0	0.047575	19500.0	1387.5	937.5	NaN	NaN	NaN	0	0	1	0	0	1	0	0	0	0	0	0	1	0	0	0	0	0	0	0	1	0	0	0	1	12.0	-0.046	0.152	NaN	NaN	-0.11	0.338	NaN	NaN	-3.3	11.83	NaN	NaN	0.0	"2.5"	"F0034"	0	0	"PR"	3.033	"fill-rg-di"	2.832	1	0	0	926.836	0.0	1027.631	null	1031.288	0.088
1.2	0.046475	-1125.0	1659.375	1143.75	NaN	NaN	NaN	1	0	0	0	0	0	0	0	0	0	0	0	0	1	0	0	0	0	0	0	1	0	0	0	1	14.0	-0.019	0.172	NaN	NaN	-0.045	0.382	NaN	NaN	-1.35	13.37	NaN	NaN	0.0	"2.5"	"F0034"	0	0	"PR"	13.068	"fill-di"	8.23	1	0	0	926.836	0.0	1027.631	null	1041.323	0.086
-0.4	0.047575	-1875.0	1650.0	1481.25	NaN	NaN	NaN	1	0	0	0	0	0	0	0	0	0	0	0	0	1	0	0	0	0	0	0	1	0	0	0	1	-5.0	-0.02	0.206	NaN	NaN	-0.048	0.458	NaN	NaN	-1.44	16.03	NaN	NaN	0.0	"2.5"	"F0034"	0	0	"PR"	23.107	"fill-di"	18.269	1	0	0	926.836	0.0	1027.631	null	1051.362	0.083
1.0	0.0473	-1500.0	1650.0	1771.875	NaN	NaN	NaN	1	0	0	0	0	0	0	0	0	0	0	0	0	1	0	0	0	0	0	0	1	0	0	0	1	12.0	-0.02	0.235	NaN	NaN	-0.048	0.522	NaN	NaN	-1.44	18.27	NaN	NaN	0.0	"2.5"	"F0034"	0	0	"PR"	33.145	"fill-di"	28.307	1	0	0	926.836	0.0	1027.631	null	1061.4	0.086
0.6	0.04675	-187.5	1659.375	2053.125	NaN	NaN	NaN	1	0	0	0	0	0	0	0	0	0	0	0	0	1	0	0	0	0	0	0	1	0	0	0	1	7.0	-0.019	0.263	NaN	NaN	-0.045	0.584	NaN	NaN	-1.35	20.44	NaN	NaN	0.0	"2.5"	"F0034"	0	0	"PR"	42.975	"fill-di"	38.137	1	0	0	926.836	0.0	1027.631	null	1071.23	0.09
12.4	0.0462	24937.5	1678.125	2550.0	NaN	NaN	NaN	0	1	1	0	0	0	0	0	0	0	0	0	1	0	0	0	0	1	1	1	0	1	1	1	0	149.0	-0.017	0.313	NaN	NaN	-0.04	0.696	NaN	NaN	-1.2	24.36	NaN	NaN	0.0	"2.5"	"F0034"	1	1	"PR"	53.028	"deionize"	4.234	1	1	0	926.836	0.0	1027.631	null	1081.283	0.091
12.5	0.0462	26062.5	1659.375	2559.375	NaN	NaN	NaN	0	1	1	0	0	0	0	0	0	0	0	0	1	0	0	0	0	1	1	1	0	1	1	1	0	150.0	-0.019	0.314	NaN	NaN	-0.045	0.698	NaN	NaN	-1.35	24.43	NaN	NaN	0.0	"2.5"	"F0034"	1	1	"PR"	63.063	"deionize"	14.269	1	1	0	926.836	0.0	1027.631	null	1091.318	0.09
12.3	0.044825	27562.5	1668.75	2625.0	NaN	NaN	NaN	0	1	1	0	0	0	0	0	0	0	0	0	1	0	0	0	0	1	1	1	0	1	1	1	0	148.0	-0.018	0.321	NaN	NaN	-0.043	0.713	NaN	NaN	-1.29	24.955	NaN	NaN	0.0	"2.5"	"F0034"	1	1	"PR"	73.101	"deionize"	24.307	1	1	0	926.836	0.0	1027.631	null	1101.356	0.095
12.8	0.0429	27562.5	1678.125	2568.75	NaN	NaN	NaN	0	1	1	0	0	0	0	0	0	0	0	0	1	0	0	0	0	1	1	1	0	1	1	1	0	154.0	-0.017	0.315	NaN	NaN	-0.04	0.7	NaN	NaN	-1.2	24.5	NaN	NaN	0.0	"2.5"	"F0034"	1	1	"PR"	83.139	"deionize"	34.345	1	1	0	926.836	0.0	1027.631	null	1111.394	0.091
12.3	0.042075	27187.5	1668.75	2446.875	NaN	NaN	NaN	0	1	1	0	0	0	0	0	0	0	0	0	1	0	0	0	0	1	1	1	0	1	1	1	0	148.0	-0.018	0.303	NaN	NaN	-0.043	0.673	NaN	NaN	-1.29	23.555	NaN	NaN	0.0	"2.5"	"F0034"	1	1	"PR"	93.18	"deionize"	44.386	1	1	0	926.836	0.0	1027.631	null	1121.435	0.084
10.9	0.040975	26062.5	1696.875	2531.25	NaN	NaN	NaN	0	1	1	0	0	0	0	0	0	0	0	0	1	0	0	0	0	1	1	1	0	1	1	1	0	131.0	-0.015	0.311	NaN	NaN	-0.036	0.691	NaN	NaN	-1.08	24.185	NaN	NaN	0.0	"2.5"	"F0034"	1	1	"PR"	103.224	"deionize"	54.43	1	1	0	926.836	0.0	1027.631	null	1131.479	0.086
12.6	0.04015	26812.5	1696.875	2456.25	NaN	NaN	NaN	0	1	1	0	0	0	0	0	0	0	0	0	1	0	0	0	0	1	1	1	0	1	1	1	0	151.0	-0.015	0.304	NaN	NaN	-0.036	0.676	NaN	NaN	-1.08	23.66	NaN	NaN	0.0	"2.5"	"F0034"	1	1	"PR"	113.063	"deionize"	64.269	1	1	0	926.836	0.0	1027.631	null	1141.318	0.09
11.5	0.0396	27187.5	1668.75	2493.75	NaN	NaN	NaN	0	1	1	0	0	0	0	0	0	0	0	0	1	0	0	0	0	1	1	1	0	1	1	1	0	138.0	-0.018	0.307	NaN	NaN	-0.043	0.682	NaN	NaN	-1.29	23.87	NaN	NaN	0.0	"2.5"	"F0034"	1	1	"PR"	123.099	"deionize"	74.305	1	1	0	926.836	0.0	1027.631	null	1151.354	0.09
12.6	0.03905	27750.0	1678.125	2465.625	NaN	NaN	NaN	0	1	1	0	0	0	0	0	0	0	0	0	1	0	0	0	0	1	1	1	0	1	1	1	0	151.0	-0.017	0.305	NaN	NaN	-0.04	0.678	NaN	NaN	-1.2	23.73	NaN	NaN	0.0	"2.5"	"F0034"	1	1	"PR"	133.139	"deionize"	84.345	1	1	0	926.836	0.0	1027.631	null	1161.394	0.091
12.9	0.0385	25125.0	1668.75	2484.375	NaN	NaN	NaN	0	1	1	0	0	0	0	0	0	0	0	0	1	0	0	0	0	1	1	1	0	1	1	1	0	155.0	-0.018	0.306	NaN	NaN	-0.043	0.68	NaN	NaN	-1.29	23.8	NaN	NaN	0.0	"2.5"	"F0034"	1	1	"PR"	143.173	"deionize"	94.379	1	1	0	926.836	0.0	1027.631	null	1171.428	0.09
13.1	0.037675	25500.0	1696.875	2437.5	NaN	NaN	NaN	0	1	1	0	0	0	0	0	0	0	0	0	1	0	0	0	0	1	1	1	0	1	1	1	0	157.0	-0.015	0.302	NaN	NaN	-0.036	0.671	NaN	NaN	-1.08	23.485	NaN	NaN	0.0	"2.5"	"F0034"	1	1	"PR"	153.211	"deionize"	104.417	1	1	0	926.836	0.0	1027.631	null	1181.466	0.092
13.0	0.03685	26062.5	1668.75	2437.5	NaN	NaN	NaN	0	1	1	0	0	0	0	0	0	0	0	0	1	0	0	0	0	1	1	1	0	1	1	1	0	156.0	-0.018	0.302	NaN	NaN	-0.043	0.671	NaN	NaN	-1.29	23.485	NaN	NaN	0.0	"2.5"	"F0034"	1	1	"PR"	163.249	"deionize"	114.455	1	1	0	926.836	0.0	1027.631	null	1191.504	0.09
12.8	0.0363	27000.0	1659.375	2437.5	NaN	NaN	NaN	0	1	1	0	0	0	0	0	0	0	0	0	1	0	0	0	0	1	1	1	0	1	1	1	0	154.0	-0.019	0.302	NaN	NaN	-0.045	0.671	NaN	NaN	-1.35	23.485	NaN	NaN	0.0	"2.5"	"F0034"	1	1	"PR"	173.285	"deionize"	124.491	1	1	0	926.836	0.0	1027.631	null	1201.54	0.09
12.6	0.03685	27937.5	1650.0	2428.125	NaN	NaN	NaN	0	1	1	0	0	0	0	0	0	0	0	0	1	0	0	0	0	1	1	1	0	1	1	1	0	151.0	-0.02	0.301	NaN	NaN	-0.048	0.669	NaN	NaN	-1.44	23.415	NaN	NaN	0.0	"2.5"	"F0034"	1	1	"PR"	183.123	"deionize"	134.329	1	1	0	926.836	0.0	1027.631	null	1211.378	0.09
13.1	0.036575	27750.0	1696.875	2456.25	NaN	NaN	NaN	0	1	1	0	0	0	0	0	0	0	0	0	1	0	0	0	0	1	1	1	0	1	1	1	0	157.0	-0.015	0.304	NaN	NaN	-0.036	0.676	NaN	NaN	-1.08	23.66	NaN	NaN	0.0	"2.5"	"F0034"	1	1	"PR"	193.159	"deionize"	144.365	1	1	0	926.836	0.0	1027.631	null	1221.414	0.086
13.0	0.03575	24562.5	1668.75	2428.125	NaN	NaN	NaN	0	1	1	0	0	0	0	0	0	0	0	0	1	0	0	0	0	1	1	1	0	1	1	1	0	156.0	-0.018	0.301	NaN	NaN	-0.043	0.669	NaN	NaN	-1.29	23.415	NaN	NaN	0.0	"2.5"	"F0034"	1	1	"PR"	203.194	"deionize"	154.4	1	1	0	926.836	0.0	1027.631	null	1231.449	0.091
12.6	0.034925	24562.5	1678.125	2418.75	NaN	NaN	NaN	0	1	1	0	0	0	0	0	0	0	0	0	1	0	0	0	0	1	1	1	0	1	1	1	0	151.0	-0.017	0.3	NaN	NaN	-0.04	0.667	NaN	NaN	-1.2	23.345	NaN	NaN	0.0	"2.5"	"F0034"	1	1	"PR"	213.232	"deionize"	164.438	1	1	0	926.836	0.0	1027.631	null	1241.487	0.092
12.5	0.0352	26062.5	1678.125	2437.5	NaN	NaN	NaN	0	1	1	0	0	0	0	0	0	0	0	0	1	0	0	0	0	1	1	1	0	1	1	1	0	150.0	-0.017	0.302	NaN	NaN	-0.04	0.671	NaN	NaN	-1.2	23.485	NaN	NaN	0.0	"2.5"	"F0034"	1	1	"PR"	223.268	"deionize"	174.474	1	1	0	926.836	0.0	1027.631	null	1251.523	0.09
12.3	0.034375	25125.0	1668.75	2418.75	NaN	NaN	NaN	0	1	1	0	0	0	0	0	0	0	0	0	1	0	0	0	0	1	1	1	0	1	1	1	0	148.0	-0.018	0.3	NaN	NaN	-0.043	0.667	NaN	NaN	-1.29	23.345	NaN	NaN	0.0	"2.5"	"F0034"	1	1	"PR"	233.309	"deionize"	184.515	1	1	0	926.836	0.0	1027.631	null	1261.564	0.091
12.3	0.033825	26062.5	1668.75	2400.0	NaN	NaN	NaN	0	1	1	0	0	0	0	0	0	0	0	0	1	0	0	0	0	1	1	1	0	1	1	1	0	148.0	-0.018	0.298	NaN	NaN	-0.043	0.662	NaN	NaN	-1.29	23.17	NaN	NaN	0.0	"2.5"	"F0034"	1	1	"PR"	243.344	"deionize"	194.55	1	1	0	926.836	0.0	1027.631	null	1271.599	0.09
12.3	0.033825	27562.5	1678.125	2371.875	NaN	NaN	NaN	0	1	1	0	0	0	0	0	0	0	0	0	1	0	0	0	0	1	1	1	0	1	1	1	0	148.0	-0.017	0.295	NaN	NaN	-0.04	0.656	NaN	NaN	-1.2	22.96	NaN	NaN	0.0	"2.5"	"F0034"	1	1	"PR"	253.179	"deionize"	204.385	1	1	0	926.836	0.0	1027.631	null	1281.434	0.087
15.2	0.03245	27937.5	1668.75	2409.375	NaN	NaN	NaN	0	1	1	0	0	0	0	0	0	0	0	0	1	0	0	0	0	1	1	1	0	1	1	1	0	182.0	-0.018	0.299	NaN	NaN	-0.043	0.664	NaN	NaN	-1.29	23.24	NaN	NaN	0.0	"2.5"	"F0034"	1	1	"PR"	263.218	"deionize"	214.424	1	1	0	926.836	0.0	1027.631	null	1291.473	0.087
12.4	0.03245	25312.5	1668.75	2456.25	NaN	NaN	NaN	0	1	1	0	0	0	0	0	0	0	0	0	1	0	0	0	0	1	1	1	0	1	1	1	0	149.0	-0.018	0.304	NaN	NaN	-0.043	0.676	NaN	NaN	-1.29	23.66	NaN	NaN	0.0	"2.5"	"F0034"	1	1	"PR"	273.252	"deionize"	224.458	1	1	0	926.836	0.0	1027.631	null	1301.507	0.087
13.1	0.032175	23812.5	1678.125	2456.25	NaN	NaN	NaN	0	1	1	0	0	0	0	0	0	0	0	0	1	0	0	0	0	1	1	1	0	1	1	1	0	157.0	-0.017	0.304	NaN	NaN	-0.04	0.676	NaN	NaN	-1.2	23.66	NaN	NaN	0.0	"2.5"	"F0034"	1	1	"PR"	283.291	"deionize"	234.497	1	1	0	926.836	0.0	1027.631	null	1311.546	0.097
12.6	0.0319	28312.5	1650.0	2400.0	NaN	NaN	NaN	0	1	1	0	0	0	0	0	0	0	0	0	1	0	0	0	1	1	1	1	0	1	1	1	0	151.0	-0.02	0.298	NaN	NaN	-0.048	0.662	NaN	NaN	-1.44	23.17	NaN	NaN	0.0	"2.5"	"F0034"	1	1	"PR"	293.237	"deionize-uv"	4.322	1	1	0	926.836	0.0	1027.631	null	1321.492	0.084
13.1	0.030525	26437.5	1678.125	2456.25	NaN	NaN	NaN	0	1	1	0	0	0	0	0	0	0	0	0	1	0	0	0	1	1	1	1	0	1	1	1	0	157.0	-0.017	0.304	NaN	NaN	-0.04	0.676	NaN	NaN	-1.2	23.66	NaN	NaN	0.0	"2.5"	"F0034"	1	1	"PR"	303.274	"deionize-uv"	14.359	1	1	0	926.836	0.0	1027.631	null	1331.529	0.083
12.4	0.0308	26812.5	1687.5	2400.0	NaN	NaN	NaN	0	1	1	0	0	0	0	0	0	0	0	0	1	0	0	0	1	1	1	1	0	1	1	1	0	149.0	-0.016	0.298	NaN	NaN	-0.038	0.662	NaN	NaN	-1.14	23.17	NaN	NaN	0.0	"2.5"	"F0034"	1	1	"PR"	313.317	"deionize-uv"	24.402	1	1	0	926.836	0.0	1027.631	null	1341.572	0.088
12.3	0.03025	25125.0	1687.5	2400.0	NaN	NaN	NaN	0	1	1	0	0	0	0	0	0	0	0	0	1	0	0	0	1	1	1	1	0	1	1	1	0	148.0	-0.016	0.298	NaN	NaN	-0.038	0.662	NaN	NaN	-1.14	23.17	NaN	NaN	0.0	"2.5"	"F0034"	1	1	"PR"	323.352	"deionize-uv"	34.437	1	1	0	926.836	0.0	1027.631	null	1351.607	0.086
11.7	0.029975	25500.0	1678.125	2465.625	NaN	NaN	NaN	0	1	1	0	0	0	0	0	0	0	0	0	1	0	0	0	1	1	1	1	0	1	1	1	0	140.0	-0.017	0.305	NaN	NaN	-0.04	0.678	NaN	NaN	-1.2	23.73	NaN	NaN	0.0	"2.5"	"F0034"	1	1	"PR"	333.385	"deionize-uv"	44.47	1	1	0	926.836	0.0	1027.631	null	1361.64	0.086
12.1	0.029425	25875.0	1668.75	2437.5	NaN	NaN	NaN	0	1	1	0	0	0	0	0	0	0	0	0	1	0	0	0	1	1	1	1	0	1	1	1	0	145.0	-0.018	0.302	NaN	NaN	-0.043	0.671	NaN	NaN	-1.29	23.485	NaN	NaN	0.0	"2.5"	"F0034"	1	1	"PR"	343.424	"deionize-uv"	54.509	1	1	0	926.836	0.0	1027.631	null	1371.679	0.089
11.6	0.029425	26062.5	1668.75	2400.0	NaN	NaN	NaN	0	1	1	0	0	0	0	0	0	0	0	0	1	0	0	0	1	1	1	1	0	1	1	1	0	139.0	-0.018	0.298	NaN	NaN	-0.043	0.662	NaN	NaN	-1.29	23.17	NaN	NaN	0.0	"2.5"	"F0034"	1	1	"PR"	353.463	"deionize-uv"	64.548	1	1	0	926.836	0.0	1027.631	null	1381.718	0.083
13.8	0.0286	26812.5	1678.125	2418.75	NaN	NaN	NaN	0	1	1	0	0	0	0	0	0	0	0	0	1	0	0	0	1	1	1	1	0	1	1	1	0	166.0	-0.017	0.3	NaN	NaN	-0.04	0.667	NaN	NaN	-1.2	23.345	NaN	NaN	0.0	"2.5"	"F0034"	1	1	"PR"	363.296	"deionize-uv"	74.381	1	1	0	926.836	0.0	1027.631	null	1391.551	0.084
11.8	0.0286	27000.0	1650.0	2437.5	NaN	NaN	NaN	0	1	1	0	0	0	0	0	0	0	0	0	1	0	0	0	1	1	1	1	0	1	1	1	0	142.0	-0.02	0.302	NaN	NaN	-0.048	0.671	NaN	NaN	-1.44	23.485	NaN	NaN	0.0	"2.5"	"F0034"	1	1	"PR"	373.336	"deionize-uv"	84.421	1	1	0	926.836	0.0	1027.631	null	1401.591	0.086
11.9	0.028325	24187.5	1678.125	2409.375	NaN	NaN	NaN	0	1	1	0	0	0	0	0	0	0	0	0	1	0	0	0	1	1	1	1	0	1	1	1	0	143.0	-0.017	0.299	NaN	NaN	-0.04	0.664	NaN	NaN	-1.2	23.24	NaN	NaN	0.0	"2.5"	"F0034"	1	1	"PR"	383.371	"deionize-uv"	94.456	1	1	0	926.836	0.0	1027.631	null	1411.626	0.084
11.7	0.028325	27187.5	1659.375	2418.75	NaN	NaN	NaN	0	1	1	0	0	0	0	0	0	0	0	0	1	0	0	0	1	1	1	1	0	1	1	1	0	140.0	-0.019	0.3	NaN	NaN	-0.045	0.667	NaN	NaN	-1.35	23.345	NaN	NaN	0.0	"2.5"	"F0034"	1	1	"PR"	393.402	"deionize-uv"	104.487	1	1	0	926.836	0.0	1027.631	null	1421.657	0.084
10.8	0.027775	27562.5	1668.75	2381.25	NaN	NaN	NaN	0	1	1	0	0	0	0	0	0	0	0	0	1	0	0	0	1	1	1	1	0	1	1	1	0	130.0	-0.018	0.296	NaN	NaN	-0.043	0.658	NaN	NaN	-1.29	23.03	NaN	NaN	0.0	"2.5"	"F0034"	1	1	"PR"	403.442	"deionize-uv"	114.527	1	1	0	926.836	0.0	1027.631	null	1431.697	0.083
10.7	0.0275	34687.5	1668.75	1987.5	NaN	NaN	NaN	0	0	1	0	0	0	0	1	0	0	0	0	1	0	0	0	1	1	1	1	0	1	1	1	0	128.0	-0.018	0.257	NaN	NaN	-0.043	0.571	NaN	NaN	-1.29	19.985	NaN	NaN	0.0	"2.5"	"F0034"	1	1	"PR"	413.53	"drip-di-1"	3.527	1	1	0	926.836	0.0	1027.631	null	1441.785	0.088
10.2	0.02695	34500.0	1668.75	1734.375	NaN	NaN	NaN	0	0	1	0	0	0	0	1	0	0	0	0	1	0	0	0	1	1	1	1	0	1	1	1	0	122.0	-0.018	0.231	NaN	NaN	-0.043	0.513	NaN	NaN	-1.29	17.955	NaN	NaN	0.0	"2.5"	"F0034"	1	1	"PR"	423.368	"drip-di-1"	13.365	1	1	0	926.836	0.0	1027.631	null	1451.623	0.084
-11.7	0.02695	19125.0	1556.25	1950.0	NaN	NaN	NaN	1	0	0	0	0	1	1	0	0	0	0	0	1	1	0	0	0	1	1	0	1	1	1	0	1	-140.0	-0.029	0.253	NaN	NaN	-0.069	0.562	NaN	NaN	-2.07	19.67	NaN	NaN	0.0	"2.5"	"F0034"	1	0	"PR"	433.36	"reverse-f"	8.187	1	1	0	926.836	0.0	1027.631	null	1461.615	0.084
-12.0	0.0275	19312.5	1584.375	2240.625	NaN	NaN	NaN	0	0	0	0	0	1	1	0	0	0	0	0	1	0	0	0	0	1	1	0	1	1	1	0	1	-144.0	-0.027	0.282	NaN	NaN	-0.064	0.627	NaN	NaN	-1.92	21.945	NaN	NaN	0.0	"2.5"	"F0034"	1	0	"PR"	443.498	"reverse"	18.325	1	1	0	926.836	0.0	1027.631	null	1471.753	0.086
-10.5	0.030525	17437.5	1584.375	2240.625	NaN	NaN	NaN	0	0	0	0	0	1	1	0	0	0	0	0	1	0	0	0	0	1	1	0	1	1	1	0	1	-126.0	-0.027	0.282	NaN	NaN	-0.064	0.627	NaN	NaN	-1.92	21.945	NaN	NaN	0.0	"2.5"	"F0034"	1	0	"PR"	453.536	"reverse"	28.363	1	1	0	926.836	0.0	1027.631	null	1481.791	0.085
-9.8	0.032725	18000.0	1556.25	2259.375	NaN	NaN	NaN	0	0	0	0	0	1	1	0	0	0	0	0	1	0	0	0	0	1	1	0	1	1	1	0	1	-118.0	-0.029	0.284	NaN	NaN	-0.069	0.631	NaN	NaN	-2.07	22.085	NaN	NaN	0.0	"2.5"	"F0034"	1	0	"PR"	463.57	"reverse"	38.397	1	1	0	926.836	0.0	1027.631	null	1491.825	0.086
-11.5	0.03575	19312.5	1575.0	2287.5	NaN	NaN	NaN	0	0	0	0	0	1	1	0	0	0	0	0	1	0	0	0	0	1	1	0	1	1	1	0	1	-138.0	-0.027	0.287	NaN	NaN	-0.064	0.638	NaN	NaN	-1.92	22.33	NaN	NaN	0.0	"2.5"	"F0034"	1	0	"PR"	473.404	"reverse"	48.231	1	1	0	926.836	0.0	1027.631	null	1501.659	0.09
-11.9	0.0385	18375.0	1612.5	2250.0	NaN	NaN	NaN	0	0	0	0	0	1	1	0	0	0	0	0	1	0	0	0	0	1	1	0	1	1	1	0	1	-143.0	-0.024	0.283	NaN	NaN	-0.057	0.629	NaN	NaN	-1.71	22.015	NaN	NaN	0.0	"2.5"	"F0034"	1	0	"PR"	483.448	"reverse"	58.275	1	1	0	926.836	0.0	1027.631	null	1511.703	0.083
-11.9	0.039325	19125.0	1565.625	2240.625	NaN	NaN	NaN	0	0	0	0	0	1	1	0	0	0	0	0	1	0	0	0	0	1	1	0	1	1	1	0	1	-143.0	-0.028	0.282	NaN	NaN	-0.067	0.627	NaN	NaN	-2.01	21.945	NaN	NaN	0.0	"2.5"	"F0034"	1	0	"PR"	493.483	"reverse"	68.31	1	1	0	926.836	0.0	1027.631	null	1521.738	0.084
-12.2	0.04125	19687.5	1593.75	2250.0	NaN	NaN	NaN	0	0	0	0	0	1	1	0	0	0	0	0	1	0	0	0	0	1	1	0	1	1	1	0	1	-146.0	-0.026	0.283	NaN	NaN	-0.062	0.629	NaN	NaN	-1.86	22.015	NaN	NaN	0.0	"2.5"	"F0034"	1	0	"PR"	503.521	"reverse"	78.348	1	1	0	926.836	0.0	1027.631	null	1531.776	0.085
-11.3	0.0429	19125.0	1518.75	2268.75	NaN	NaN	NaN	0	0	0	0	0	1	1	0	0	0	0	0	1	0	0	0	0	1	1	0	1	1	1	0	1	-136.0	-0.033	0.285	NaN	NaN	-0.079	0.633	NaN	NaN	-2.37	22.155	NaN	NaN	0.0	"2.5"	"F0034"	1	0	"PR"	513.56	"reverse"	88.387	1	1	0	926.836	0.0	1027.631	null	1541.815	0.083
-11.9	0.044	16687.5	1575.0	2250.0	NaN	NaN	NaN	0	0	0	0	0	1	1	0	0	0	0	0	1	0	0	0	0	1	1	0	1	1	1	0	1	-143.0	-0.027	0.283	NaN	NaN	-0.064	0.629	NaN	NaN	-1.92	22.015	NaN	NaN	0.0	"2.5"	"F0034"	1	0	"PR"	523.593	"reverse"	98.42	1	1	0	926.836	0.0	1027.631	null	1551.848	0.085
-11.8	0.044825	16875.0	1603.125	2259.375	NaN	NaN	NaN	0	0	0	0	0	1	1	0	0	0	0	0	1	0	0	0	0	1	1	0	1	1	1	0	1	-142.0	-0.025	0.284	NaN	NaN	-0.06	0.631	NaN	NaN	-1.8	22.085	NaN	NaN	0.0	"2.5"	"F0034"	1	0	"PR"	533.632	"reverse"	108.459	1	1	0	926.836	0.0	1027.631	null	1561.887	0.085
-11.8	0.045375	17437.5	1565.625	2240.625	NaN	NaN	NaN	0	0	0	0	0	1	1	0	0	0	0	0	1	0	0	0	0	1	1	0	1	1	1	0	1	-142.0	-0.028	0.282	NaN	NaN	-0.067	0.627	NaN	NaN	-2.01	21.945	NaN	NaN	0.0	"2.5"	"F0034"	1	0	"PR"	543.669	"reverse"	118.496	1	1	0	926.836	0.0	1027.631	null	1571.924	0.084
-12.0	0.045925	16687.5	1556.25	2259.375	NaN	NaN	NaN	0	0	0	0	0	1	1	0	0	0	0	0	1	0	0	0	0	1	1	0	1	1	1	0	1	-144.0	-0.029	0.284	NaN	NaN	-0.069	0.631	NaN	NaN	-2.07	22.085	NaN	NaN	0.0	"2.5"	"F0034"	1	0	"PR"	553.51	"reverse"	128.337	1	1	0	926.836	0.0	1027.631	null	1581.765	0.091
-11.9	0.04675	17062.5	1565.625	2240.625	NaN	NaN	NaN	0	0	0	0	0	1	1	0	0	0	0	0	1	0	0	0	0	1	1	0	1	1	1	0	1	-143.0	-0.028	0.282	NaN	NaN	-0.067	0.627	NaN	NaN	-2.01	21.945	NaN	NaN	0.0	"2.5"	"F0034"	1	0	"PR"	563.547	"reverse"	138.374	1	1	0	926.836	0.0	1027.631	null	1591.802	0.088
-12.9	0.048125	19125.0	1575.0	2250.0	NaN	NaN	NaN	0	0	0	0	0	1	1	0	0	0	0	0	1	0	0	0	0	1	1	0	1	1	1	0	1	-155.0	-0.027	0.283	NaN	NaN	-0.064	0.629	NaN	NaN	-1.92	22.015	NaN	NaN	0.0	"2.5"	"F0034"	1	0	"PR"	573.579	"reverse"	148.406	1	1	0	926.836	0.0	1027.631	null	1601.834	0.09
-1.6	0.048125	0.0	1762.5	2278.125	NaN	NaN	NaN	0	0	0	0	0	0	0	0	0	0	0	0	0	0	0	0	0	0	0	0	1	0	0	0	1	-19.0	-0.009	0.286	NaN	NaN	-0.021	0.636	NaN	NaN	-0.63	22.26	NaN	NaN	0.0	"2.5"	"F0034"	0	0	"PR"	583.701	"diffuse"	8.516	1	1	1	926.836	0.0	1027.631	null	1611.956	0.084
-1.5	0.048675	750.0	1734.375	2268.75	NaN	NaN	NaN	0	0	0	0	0	0	0	0	0	0	0	0	0	0	0	0	0	0	0	0	1	0	0	0	1	-18.0	-0.012	0.285	NaN	NaN	-0.029	0.633	NaN	NaN	-0.87	22.155	NaN	NaN	0.0	"2.5"	"F0034"	0	0	"PR"	593.542	"diffuse"	18.357	1	1	1	926.836	0.0	1027.631	null	1621.797	0.09
-1.3	0.048125	-375.0	1753.125	2268.75	NaN	NaN	NaN	0	0	0	0	0	0	0	0	0	0	0	0	0	0	0	0	0	0	0	0	1	0	0	0	1	-16.0	-0.01	0.285	NaN	NaN	-0.024	0.633	NaN	NaN	-0.72	22.155	NaN	NaN	0.0	"2.5"	"F0034"	0	0	"PR"	603.584	"diffuse"	28.399	1	1	1	926.836	0.0	1027.631	null	1631.839	0.09
-11.9	0.0484	17812.5	1556.25	2250.0	NaN	NaN	NaN	0	0	0	0	0	1	1	0	0	0	0	0	1	0	0	0	0	1	1	0	1	1	1	0	1	-143.0	-0.029	0.283	NaN	NaN	-0.069	0.629	NaN	NaN	-2.07	22.015	NaN	NaN	0.0	"2.5"	"F0034"	1	0	"PR"	613.711	"wash-en"	8.521	1	1	1	926.836	0.0	1027.631	null	1641.966	0.088
-12.0	0.04895	19312.5	1584.375	2278.125	NaN	NaN	NaN	0	0	0	0	0	1	1	0	0	0	0	0	1	0	0	0	0	1	1	0	1	1	1	0	1	-144.0	-0.027	0.286	NaN	NaN	-0.064	0.636	NaN	NaN	-1.92	22.26	NaN	NaN	0.0	"2.5"	"F0034"	1	0	"PR"	623.548	"wash-en"	18.358	1	1	1	926.836	0.0	1027.631	null	1651.803	0.09
-0.8	0.05005	18000.0	1593.75	2278.125	NaN	NaN	NaN	0	0	0	0	0	1	1	0	0	0	0	0	1	0	0	0	0	0	0	0	1	0	0	0	1	-10.0	-0.026	0.286	NaN	NaN	-0.062	0.636	NaN	NaN	-1.86	22.26	NaN	NaN	0.0	"2.5"	"F0034"	0	0	"PR"	633.672	"wash-sc"	8.316	1	1	1	926.836	0.0	1027.631	null	1661.927	0.09
-0.8	0.049775	-1125.0	1762.5	2259.375	NaN	NaN	NaN	0	0	0	0	0	0	0	0	0	0	0	0	0	0	0	0	0	0	0	0	1	0	0	0	1	-10.0	-0.009	0.284	NaN	NaN	-0.021	0.631	NaN	NaN	-0.63	22.085	NaN	NaN	0.0	"2.5"	"F0034"	0	0	"PR"	643.715	"diffuse"	8.237	1	1	2	926.836	0.0	1027.631	null	1671.97	0.099
-0.8	0.050325	-1125.0	1762.5	2278.125	NaN	NaN	NaN	0	0	0	0	0	0	0	0	0	0	0	0	0	0	0	0	0	0	0	0	1	0	0	0	1	-10.0	-0.009	0.286	NaN	NaN	-0.021	0.636	NaN	NaN	-0.63	22.26	NaN	NaN	0.0	"2.5"	"F0034"	0	0	"PR"	653.748	"diffuse"	18.27	1	1	2	926.836	0.0	1027.631	null	1682.003	0.09
-0.9	0.0495	562.5	1743.75	2268.75	NaN	NaN	NaN	0	0	0	0	0	0	0	0	0	0	0	0	0	0	0	0	0	0	0	0	1	0	0	0	1	-11.0	-0.011	0.285	NaN	NaN	-0.026	0.633	NaN	NaN	-0.78	22.155	NaN	NaN	0.0	"2.5"	"F0034"	0	0	"PR"	663.781	"diffuse"	28.303	1	1	2	926.836	0.0	1027.631	null	1692.036	0.087
-12.0	0.049775	18937.5	1603.125	2250.0	NaN	NaN	NaN	0	0	0	0	0	1	1	0	0	0	0	0	1	0	0	0	0	1	1	0	1	1	1	0	1	-144.0	-0.025	0.283	NaN	NaN	-0.06	0.629	NaN	NaN	-1.8	22.015	NaN	NaN	0.0	"2.5"	"F0034"	1	0	"PR"	673.707	"wash-en"	8.119	1	1	2	926.836	0.0	1027.631	null	1701.962	0.094
-11.6	0.05005	18375.0	1593.75	2259.375	NaN	NaN	NaN	0	0	0	0	0	1	1	0	0	0	0	0	1	0	0	0	0	1	1	0	1	1	1	0	1	-139.0	-0.026	0.284	NaN	NaN	-0.062	0.631	NaN	NaN	-1.86	22.085	NaN	NaN	0.0	"2.5"	"F0034"	1	0	"PR"	683.746	"wash-en"	18.158	1	1	2	926.836	0.0	1027.631	null	1712.001	0.09
-0.4	0.050875	18000.0	1556.25	2287.5	NaN	NaN	NaN	0	0	0	0	0	1	1	0	0	0	0	0	1	0	0	0	0	0	0	0	1	0	0	0	1	-5.0	-0.029	0.287	NaN	NaN	-0.069	0.638	NaN	NaN	-2.07	22.33	NaN	NaN	0.0	"2.5"	"F0034"	0	0	"PR"	693.672	"wash-sc"	7.917	1	1	2	926.836	0.0	1027.631	null	1721.927	0.09
-0.4	0.050875	-1687.5	1753.125	2259.375	NaN	NaN	NaN	0	0	0	0	0	0	0	0	0	0	0	0	0	0	0	0	0	0	0	0	1	0	0	0	1	-5.0	-0.01	0.284	NaN	NaN	-0.024	0.631	NaN	NaN	-0.72	22.085	NaN	NaN	0.0	"2.5"	"F0034"	0	0	"PR"	703.715	"diffuse"	7.835	1	1	3	926.836	0.0	1027.631	null	1731.97	0.095
-0.4	0.05115	-1875.0	1753.125	2259.375	NaN	NaN	NaN	0	0	0	0	0	0	0	0	0	0	0	0	0	0	0	0	0	0	0	0	1	0	0	0	1	-5.0	-0.01	0.284	NaN	NaN	-0.024	0.631	NaN	NaN	-0.72	22.085	NaN	NaN	0.0	"2.5"	"F0034"	0	0	"PR"	713.755	"diffuse"	17.875	1	1	3	926.836	0.0	1027.631	null	1742.01	0.087
-0.4	0.050875	-750.0	1771.875	2268.75	NaN	NaN	NaN	0	0	0	0	0	0	0	0	0	0	0	0	0	0	0	0	0	0	0	0	1	0	0	0	1	-5.0	-0.008	0.285	NaN	NaN	-0.019	0.633	NaN	NaN	-0.57	22.155	NaN	NaN	0.0	"2.5"	"F0034"	0	0	"PR"	723.79	"diffuse"	27.91	1	1	3	926.836	0.0	1027.631	null	1752.045	0.087
-12.4	0.049775	18750.0	1584.375	2240.625	NaN	NaN	NaN	0	0	0	0	0	1	1	0	0	0	0	0	1	0	0	0	0	1	1	0	1	1	1	0	1	-149.0	-0.027	0.282	NaN	NaN	-0.064	0.627	NaN	NaN	-1.92	21.945	NaN	NaN	0.0	"2.5"	"F0034"	1	0	"PR"	733.721	"wash-en"	7.722	1	1	3	926.836	0.0	1027.631	null	1761.976	0.092
-12.3	0.05005	18375.0	1584.375	2240.625	NaN	NaN	NaN	0	0	0	0	0	1	1	0	0	0	0	0	1	0	0	0	0	1	1	0	1	1	1	0	1	-148.0	-0.027	0.282	NaN	NaN	-0.064	0.627	NaN	NaN	-1.92	21.945	NaN	NaN	0.0	"2.5"	"F0034"	1	0	"PR"	743.758	"wash-en"	17.759	1	1	3	926.836	0.0	1027.631	null	1772.013	0.09
0.1	0.0506	20812.5	1537.5	2259.375	NaN	NaN	NaN	0	0	0	0	0	1	1	0	0	0	0	0	1	0	0	0	0	0	0	0	1	0	0	0	1	1.0	-0.031	0.284	NaN	NaN	-0.074	0.631	NaN	NaN	-2.22	22.085	NaN	NaN	0.0	"2.5"	"F0034"	0	0	"PR"	753.68	"wash-sc"	7.514	1	1	3	926.836	0.0	1027.631	null	1781.935	0.087
-0.1	0.050875	375.0	1753.125	2259.375	NaN	NaN	NaN	0	0	0	0	0	0	0	0	0	0	0	0	0	0	0	0	0	0	0	0	1	0	0	0	1	-1.0	-0.01	0.284	NaN	NaN	-0.024	0.631	NaN	NaN	-0.72	22.085	NaN	NaN	0.0	"2.5"	"F0034"	0	0	"PR"	763.72	"diffuse"	7.43	1	1	4	926.836	0.0	1027.631	null	1791.975	0.09
-0.1	0.050325	-1500.0	1771.875	2268.75	NaN	NaN	NaN	0	0	0	0	0	0	0	0	0	0	0	0	0	0	0	0	0	0	0	0	1	0	0	0	1	-1.0	-0.008	0.285	NaN	NaN	-0.019	0.633	NaN	NaN	-0.57	22.155	NaN	NaN	0.0	"2.5"	"F0034"	0	0	"PR"	773.753	"diffuse"	17.463	1	1	4	926.836	0.0	1027.631	null	1802.008	0.086
-0.1	0.0506	-375.0	1753.125	2268.75	NaN	NaN	NaN	0	0	0	0	0	0	0	0	0	0	0	0	0	0	0	0	0	0	0	0	1	0	0	0	1	-1.0	-0.01	0.285	NaN	NaN	-0.024	0.633	NaN	NaN	-0.72	22.155	NaN	NaN	0.0	"2.5"	"F0034"	0	0	"PR"	783.786	"diffuse"	27.496	1	1	4	926.836	0.0	1027.631	null	1812.041	0.084
-11.8	0.050325	18937.5	1565.625	2240.625	NaN	NaN	NaN	0	0	0	0	0	1	1	0	0	0	0	0	1	0	0	0	0	1	1	0	1	1	1	0	1	-142.0	-0.028	0.282	NaN	NaN	-0.067	0.627	NaN	NaN	-2.01	21.945	NaN	NaN	0.0	"2.5"	"F0034"	1	0	"PR"	793.719	"wash-en"	7.323	1	1	4	926.836	0.0	1027.631	null	1821.974	0.085
-11.7	0.050325	18187.5	1593.75	2250.0	NaN	NaN	NaN	0	0	0	0	0	1	1	0	0	0	0	0	1	0	0	0	0	1	1	0	1	1	1	0	1	-140.0	-0.026	0.283	NaN	NaN	-0.062	0.629	NaN	NaN	-1.86	22.015	NaN	NaN	0.0	"2.5"	"F0034"	1	0	"PR"	803.751	"wash-en"	17.355	1	1	4	926.836	0.0	1027.631	null	1832.006	0.084
0.8	0.05005	18000.0	1575.0	2259.375	NaN	NaN	NaN	0	0	0	0	0	1	1	0	0	0	0	0	1	0	0	0	0	0	0	0	1	0	0	0	1	10.0	-0.027	0.284	NaN	NaN	-0.064	0.631	NaN	NaN	-1.92	22.085	NaN	NaN	0.0	"2.5"	"F0034"	0	0	"PR"	813.875	"wash-sc"	7.314	1	1	4	926.836	0.0	1027.631	null	1842.13	0.091
0.6	0.050875	-2437.5	28.125	2278.125	NaN	NaN	NaN	0	0	0	0	1	0	0	0	0	0	0	0	0	0	0	0	0	0	0	0	1	0	0	0	1	7.0	-0.182	0.286	NaN	NaN	-0.433	0.636	NaN	NaN	-12.99	22.26	NaN	NaN	0.0	"2.5"	"F0034"	0	0	"PR"	823.911	"drip-rg"	7.027	1	1	4	926.836	0.0	1027.631	null	1852.166	0.088
0.6	0.050875	-3562.5	9.375	2268.75	NaN	NaN	NaN	0	0	1	0	0	1	0	0	0	0	0	0	1	0	0	0	0	0	0	0	1	0	0	0	1	7.0	-0.184	0.285	NaN	NaN	-0.438	0.633	NaN	NaN	-13.14	22.155	NaN	NaN	0.0	"2.5"	"F0034"	0	0	"FR"	1.022	"fill-rg-di"	0.821	2	1	0	1860.399	0.0	1027.631	null	1862.047	0.084
0.5	0.050325	18562.5	1987.5	2006.25	NaN	NaN	NaN	0	0	1	0	0	1	0	0	0	0	0	0	1	0	0	0	0	0	0	0	1	0	0	0	1	6.0	0.014	0.259	NaN	NaN	0.033	0.576	NaN	NaN	0.99	20.16	NaN	NaN	0.0	"2.5"	"F0034"	0	0	"FR"	11.062	"fill-rg-di"	10.861	2	1	0	1860.399	0.0	1027.631	null	1872.087	0.086
-0.1	0.0495	19875.0	2343.75	1743.75	NaN	NaN	NaN	0	0	1	0	0	1	0	0	0	0	0	0	1	0	0	0	0	0	0	0	1	0	0	0	1	-1.0	0.049	0.232	NaN	NaN	0.117	0.516	NaN	NaN	3.51	18.06	NaN	NaN	0.0	"2.5"	"F0034"	0	0	"FR"	21.096	"fill-rg-di"	20.895	2	1	0	1860.399	0.0	1027.631	null	1882.121	0.084
0.0	0.047575	19875.0	2653.125	1490.625	NaN	NaN	NaN	0	0	1	0	0	1	0	0	0	0	0	0	1	0	0	0	0	0	0	0	1	0	0	0	1	0.0	0.08	0.207	NaN	NaN	0.19	0.46	NaN	NaN	5.7	16.1	NaN	NaN	0.0	"2.5"	"F0034"	0	0	"FR"	31.129	"fill-rg-di"	30.928	2	1	0	1860.399	0.0	1027.631	null	1892.154	0.086
-0.3	0.0473	21375.0	2990.625	1228.125	NaN	NaN	NaN	0	0	1	0	0	1	0	0	0	0	0	0	1	0	0	0	0	0	0	0	1	0	0	0	1	-4.0	0.114	0.181	NaN	NaN	0.271	0.402	NaN	NaN	8.13	14.07	NaN	NaN	0.0	"2.5"	"F0034"	0	0	"FR"	41.172	"fill-rg-di"	40.971	2	1	0	1860.399	0.0	1027.631	null	1902.197	0.086
0.6	0.045925	19125.0	3271.875	956.25	NaN	NaN	NaN	0	0	0	0	0	1	1	0	0	0	0	0	1	0	0	0	0	0	0	0	1	0	0	0	1	7.0	0.142	0.154	NaN	NaN	0.338	0.342	NaN	NaN	10.14	11.97	NaN	NaN	0.0	"2.5"	"F0034"	0	0	"FR"	51.206	"wash-rg"	0.201	2	1	0	1860.399	0.0	1027.631	null	1912.231	0.09
0.0	0.04565	-187.5	2746.875	956.25	NaN	NaN	NaN	0	0	0	0	1	0	0	0	0	0	0	0	0	0	0	0	0	0	0	0	1	0	0	0	1	0.0	0.09	0.154	NaN	NaN	0.214	0.342	NaN	NaN	6.42	11.97	NaN	NaN	0.0	"2.5"	"F0034"	0	0	"FR"	61.243	"drain-rg"	10.037	2	1	0	1860.399	0.0	1027.631	null	1922.268	0.087
1.5	0.045925	1687.5	2353.125	984.375	NaN	NaN	NaN	0	0	0	0	1	0	0	0	0	0	0	0	0	0	0	0	0	0	0	0	1	0	0	0	1	18.0	0.05	0.156	NaN	NaN	0.119	0.347	NaN	NaN	3.57	12.145	NaN	NaN	0.0	"2.5"	"F0034"	0	0	"FR"	71.081	"drain-rg"	19.875	2	1	0	1860.399	0.0	1027.631	null	1932.106	0.086
-0.4	0.045375	375.0	2015.625	956.25	NaN	NaN	NaN	0	0	0	0	1	0	0	0	0	0	0	0	0	0	0	0	0	0	0	0	1	0	0	0	1	-5.0	0.017	0.154	NaN	NaN	0.04	0.342	NaN	NaN	1.2	11.97	NaN	NaN	0.0	"2.5"	"F0034"	0	0	"FR"	81.12	"drain-rg"	29.914	2	1	0	1860.399	0.0	1027.631	null	1942.145	0.086
-0.1	0.045925	1500.0	1593.75	956.25	NaN	NaN	NaN	0	0	0	0	1	0	0	0	0	0	0	0	0	0	0	0	0	0	0	0	1	0	0	0	1	-1.0	-0.026	0.154	NaN	NaN	-0.062	0.342	NaN	NaN	-1.86	11.97	NaN	NaN	0.0	"2.5"	"F0034"	0	0	"FR"	91.158	"drip-rg"	5.021	2	1	0	1860.399	0.0	1027.631	null	1952.183	0.083
0.0	0.045375	2812.5	18.75	956.25	NaN	NaN	NaN	0	0	0	0	1	0	0	0	0	0	0	0	0	0	0	0	0	0	0	0	1	0	0	0	1	0.0	-0.183	0.154	NaN	NaN	-0.436	0.342	NaN	NaN	-13.08	11.97	NaN	NaN	0.0	"2.5"	"F0034"	0	0	"FR"	101.192	"drip-rg"	15.055	2	1	0	1860.399	0.0	1027.631	null	1962.217	0.084
-0.1	0.045375	20250.0	1884.375	721.875	NaN	NaN	NaN	0	0	1	0	0	1	0	0	0	0	0	0	1	0	0	0	0	0	0	0	1	0	0	0	1	-1.0	0.003	0.13	NaN	NaN	0.007	0.289	NaN	NaN	0.21	10.115	NaN	NaN	0.0	"2.5"	"F0034"	0	0	"PR"	9.256	"fill-rg-di"	9.055	2	0	0	1860.399	0.0	1962.418	null	1972.296	0.087
-0.1	0.044	18937.5	2259.375	450.0	NaN	NaN	NaN	0	0	1	0	0	1	0	0	0	0	0	0	1	0	0	0	0	0	0	0	1	0	0	0	1	-1.0	0.041	0.103	NaN	NaN	0.098	0.229	NaN	NaN	2.94	8.015	NaN	NaN	0.0	"2.5"	"F0034"	0	0	"PR"	19.092	"fill-rg-di"	18.891	2	0	0	1860.399	0.0	1962.418	null	1982.132	0.084
-0.1	0.0418	20625.0	2550.0	215.625	NaN	NaN	NaN	0	0	1	0	0	1	0	0	0	0	0	0	1	0	0	0	0	0	0	0	1	0	0	0	1	-1.0	0.07	0.08	NaN	NaN	0.167	0.178	NaN	NaN	5.01	6.23	NaN	NaN	0.0	"2.5"	"F0034"	0	0	"PR"	29.135	"fill-rg-di"	28.934	2	0	0	1860.399	0.0	1962.418	null	1992.175	0.085
0.4	0.04125	937.5	2746.875	225.0	NaN	NaN	NaN	1	0	0	0	0	0	0	0	0	0	0	0	0	1	0	0	0	0	0	0	1	0	0	0	1	5.0	0.09	0.081	NaN	NaN	0.214	0.18	NaN	NaN	6.42	6.3	NaN	NaN	0.0	"2.5"	"F0034"	0	0	"PR"	39.171	"fill-di-lb"	4.816	2	0	0	1860.399	0.0	1962.418	null	2002.211	0.086
0.8	0.040425	1875.0	2737.5	534.375	NaN	NaN	NaN	1	0	0	0	0	0	0	0	0	0	0	0	0	1	0	0	0	0	0	0	1	0	0	0	1	10.0	0.089	0.111	NaN	NaN	0.212	0.247	NaN	NaN	6.36	8.645	NaN	NaN	0.0	"2.5"	"F0034"	0	0	"PR"	49.203	"fill-di-lb"	14.848	2	0	0	1860.399	0.0	1962.418	null	2012.243	0.083
-0.8	0.0418	2437.5	2746.875	862.5	NaN	NaN	NaN	1	0	0	0	0	0	0	0	0	0	0	0	0	1	0	0	0	0	0	0	1	0	0	0	1	-10.0	0.09	0.144	NaN	NaN	0.214	0.32	NaN	NaN	6.42	11.2	NaN	NaN	0.0	"2.5"	"F0034"	0	0	"PR"	59.239	"fill-di-lb"	24.884	2	0	0	1860.399	0.0	1962.418	null	2022.279	0.086
-0.3	0.040975	3000.0	2746.875	1190.625	NaN	NaN	NaN	1	0	0	0	0	0	0	0	0	0	0	0	0	1	0	0	0	0	0	0	1	0	0	0	1	-4.0	0.09	0.177	NaN	NaN	0.214	0.393	NaN	NaN	6.42	13.755	NaN	NaN	0.0	"2.5"	"F0034"	0	0	"PR"	69.279	"fill-di-lb"	34.924	2	0	0	1860.399	0.0	1962.418	null	2032.319	0.09
1.0	0.0407	2625.0	2746.875	1500.0	NaN	NaN	NaN	1	0	0	0	0	0	0	0	0	0	0	0	0	1	0	0	0	0	0	0	1	0	0	0	1	12.0	0.09	0.208	NaN	NaN	0.214	0.462	NaN	NaN	6.42	16.17	NaN	NaN	0.0	"2.5"	"F0034"	0	0	"PR"	79.315	"fill-di-lb"	44.96	2	0	0	1860.399	0.0	1962.418	null	2042.355	0.083
0.1	0.041525	1125.0	2737.5	1800.0	NaN	NaN	NaN	1	0	0	0	0	0	0	0	0	0	0	0	0	1	0	0	0	0	0	0	1	0	0	0	1	1.0	0.089	0.238	NaN	NaN	0.212	0.529	NaN	NaN	6.36	18.515	NaN	NaN	0.0	"2.5"	"F0034"	0	0	"PR"	89.353	"fill-di-lb"	54.998	2	0	0	1860.399	0.0	1962.418	null	2052.393	0.084
0.3	0.04125	937.5	2746.875	2081.25	NaN	NaN	NaN	1	0	0	0	0	0	0	0	0	0	0	0	0	1	0	0	0	0	0	0	1	0	0	0	1	4.0	0.09	0.266	NaN	NaN	0.214	0.591	NaN	NaN	6.42	20.685	NaN	NaN	0.0	"2.5"	"F0034"	0	0	"PR"	99.187	"fill-di-lb"	64.832	2	0	0	1860.399	0.0	1962.418	null	2062.227	0.09
0.5	0.040425	20062.5	2915.625	2109.375	NaN	NaN	NaN	0	0	1	0	0	1	0	0	0	0	0	0	1	0	0	0	0	0	0	0	1	0	0	0	1	6.0	0.107	0.269	NaN	NaN	0.255	0.598	NaN	NaN	7.65	20.93	NaN	NaN	0.0	"2.5"	"F0034"	0	0	"PR"	109.222	"fill-rg-di"	6.023	2	0	0	1860.399	0.0	1962.418	null	2072.262	0.091
