cur	ec	mod-ps	rg-ps	di-ps	fw1-ps	fw2-ps	pf-ps	vlv-di-fill	vlv-di-in	vlv-di-out	vlv-rg-fill	vlv-rg-drain	vlv-rg-in	vlv-rg-out	vlv-fw1-in	vlv-fw1-out	vlv-fw2-in	vlv-po	vlv-mod-drain	pmp-sys	pmp-di	pmp-fw1	pmp-fw2	uv	en-anode1	en-cath1	pl-anode1	pl-cath1	en-anode2	en-cath2	pl-anode2	pl-cath2	pw	rg-he	di-he	fw1-he	fw2-he	rg-lev	di-lev	fw1-lev	fw2-lev	rg-vol	di-vol	fw1-vol	fw2-vol	pr-ec	ver	sn	mod-en	mod-pl	proc	proc-time	ph	ph-time	count	cyc	rnd	pr-last	rc-last	fr-last	halt-re	time	exec
1.4	0.05665	15000.0	4659.375	834.375	NaN	NaN	NaN	0	0	1	0	1	1	0	0	0	0	0	0	1	0	0	0	0	0	0	0	1	0	0	0	1	17.0	0.281	0.131	NaN	NaN	0.669	0.291	NaN	NaN	20.07	10.185	NaN	NaN	0.0	"2.5"	"F0034"	0	0	"RC"	8.451	"flush-di-bf"	8.25	0	0	0	0.0	0.0	0.0	null	10.059	0.088
1.4	0.05665	15000.0	4659.375	834.375	NaN	NaN	NaN	0	0	1	0	1	1	0	0	0	0	0	0	1	0	0	0	0	0	0	0	1	0	0	0	1	17.0	0.281	0.131	NaN	NaN	0.669	0.291	NaN	NaN	20.07	10.185	NaN	NaN	0.0	"2.5"	"F0034"	0	0	"RC"	8.451	"flush-di-bf"	8.25	0	0	0	0.0	0.0	0.0	null	10.059	0.088
1.0	0.0561	14437.5	4528.125	618.75	NaN	NaN	NaN	0	0	1	0	1	1	0	0	0	0	0	0	1	0	0	0	0	0	0	0	1	0	0	0	1	12.0	0.268	0.11	NaN	NaN	0.638	0.244	NaN	NaN	19.14	8.54	NaN	NaN	0.0	"2.5"	"F0034"	0	0	"RC"	18.489	"flush-di-bf"	18.288	0	0	0	0.0	0.0	0.0	null	20.097	0.087
0.9	0.055825	13687.5	4378.125	421.875	NaN	NaN	NaN	0	0	1	0	1	1	0	0	0	0	0	0	1	0	0	0	0	0	0	0	1	0	0	0	1	11.0	0.253	0.09	NaN	NaN	0.602	0.2	NaN	NaN	18.06	7.0	NaN	NaN	0.0	"2.5"	"F0034"	0	0	"RC"	28.524	"flush-di-bf"	28.323	0	0	0	0.0	0.0	0.0	null	30.132	0.087
0.5	0.055	13312.5	4246.875	234.375	NaN	NaN	NaN	0	0	1	0	1	1	0	0	0	0	0	0	1	0	0	0	0	0	0	0	1	0	0	0	1	6.0	0.24	0.071	NaN	NaN	0.571	0.158	NaN	NaN	17.13	5.53	NaN	NaN	0.0	"2.5"	"F0034"	0	0	"RC"	38.567	"flush-di-bf"	38.366	0	0	0	0.0	0.0	0.0	null	40.175	0.089
1.0	0.0539	17250.0	4275.0	140.625	NaN	NaN	NaN	0	0	0	0	1	1	0	0	1	0	0	0	1	0	0	0	0	0	0	0	1	0	0	0	1	12.0	0.242	0.062	NaN	NaN	0.576	0.138	NaN	NaN	17.28	4.83	NaN	NaN	0.0	"2.5"	"F0034"	0	0	"RC"	48.602	"flush-fw-bf"	48.401	0	0	0	0.0	0.0	0.0	null	50.21	0.086
1.3	0.053075	17062.5	4106.25	168.75	NaN	NaN	NaN	0	0	0	0	1	1	0	0	1	0	0	0	1	0	0	0	0	0	0	0	1	0	0	0	1	16.0	0.226	0.065	NaN	NaN	0.538	0.144	NaN	NaN	16.14	5.04	NaN	NaN	0.0	"2.5"	"F0034"	0	0	"RC"	58.634	"flush-fw-bf"	58.433	0	0	0	0.0	0.0	0.0	null	60.242	0.087
3.5	0.053075	7125.0	3712.5	168.75	NaN	NaN	NaN	0	0	0	0	1	0	0	0	0	0	0	0	0	0	0	0	0	0	0	0	1	0	0	0	1	42.0	0.186	0.065	NaN	NaN	0.443	0.144	NaN	NaN	13.29	5.04	NaN	NaN	0.0	"2.5"	"F0034"	0	0	"RC"	68.673	"drain-rg-pre"	8.433	0	0	0	0.0	0.0	0.0	null	70.281	0.092
1.3	0.0528	6375.0	3393.75	178.125	NaN	NaN	NaN	0	0	0	0	1	0	0	0	0	0	0	0	0	0	0	0	0	0	0	0	1	0	0	0	1	16.0	0.154	0.066	NaN	NaN	0.367	0.147	NaN	NaN	11.01	5.145	NaN	NaN	0.0	"2.5"	"F0034"	0	0	"RC"	78.703	"drain-rg-pre"	18.463	0	0	0	0.0	0.0	0.0	null	80.311	0.09
1.0	0.052525	6000.0	3056.25	168.75	NaN	NaN	NaN	0	0	0	0	1	0	0	0	0	0	0	0	0	0	0	0	0	0	0	0	1	0	0	0	1	12.0	0.121	0.065	NaN	NaN	0.288	0.144	NaN	NaN	8.64	5.04	NaN	NaN	0.0	"2.5"	"F0034"	0	0	"RC"	88.737	"drain-rg-pre"	28.497	0	0	0	0.0	0.0	0.0	null	90.345	0.089
1.3	0.0473	6187.5	2681.25	178.125	NaN	NaN	NaN	0	0	0	0	1	0	0	0	0	0	0	0	0	0	0	0	0	0	0	0	1	0	0	0	1	16.0	0.083	0.066	NaN	NaN	0.198	0.147	NaN	NaN	5.94	5.145	NaN	NaN	0.0	"2.5"	"F0034"	0	0	"RC"	98.575	"drain-rg-pre"	38.335	0	0	0	0.0	0.0	0.0	null	100.183	0.085
1.3	0.042625	6562.5	2325.0	168.75	NaN	NaN	NaN	0	0	0	0	1	0	0	0	0	0	0	0	0	0	0	0	0	0	0	0	1	0	0	0	1	16.0	0.048	0.065	NaN	NaN	0.114	0.144	NaN	NaN	3.42	5.04	NaN	NaN	0.0	"2.5"	"F0034"	0	0	"RC"	108.609	"drain-rg-pre"	48.369	0	0	0	0.0	0.0	0.0	null	110.217	0.084
1.3	0.040425	6000.0	1978.125	168.75	NaN	NaN	NaN	0	0	0	0	1	0	0	0	0	0	0	0	0	0	0	0	0	0	0	0	1	0	0	0	1	16.0	0.013	0.065	NaN	NaN	0.031	0.144	NaN	NaN	0.93	5.04	NaN	NaN	0.0	"2.5"	"F0034"	0	0	"RC"	118.647	"drain-rg-pre"	58.407	0	0	0	0.0	0.0	0.0	null	120.255	0.084
1.0	0.039325	5812.5	1518.75	178.125	NaN	NaN	NaN	0	0	0	0	1	0	0	0	0	0	0	0	0	0	0	0	0	0	0	0	1	0	0	0	1	12.0	-0.033	0.066	NaN	NaN	-0.079	0.147	NaN	NaN	-2.37	5.145	NaN	NaN	0.0	"2.5"	"F0034"	0	0	"RC"	128.683	"drip-rg-pre"	6.823	0	0	0	0.0	0.0	0.0	null	130.291	0.086
1.2	0.0495	14437.5	1396.875	150.0	NaN	NaN	NaN	0	0	0	0	0	1	0	0	1	0	0	0	1	0	0	0	0	0	0	0	1	0	0	0	1	14.0	-0.045	0.063	NaN	NaN	-0.107	0.14	NaN	NaN	-3.21	4.9	NaN	NaN	0.0	"2.5"	"F0034"	0	0	"RC"	138.72	"fill-rg-fw"	1.407	0	0	0	0.0	0.0	0.0	null	140.328	0.086
1.9	0.051975	15000.0	2090.625	178.125	NaN	NaN	NaN	0	0	0	0	0	1	0	0	1	0	0	0	1	0	0	0	0	0	0	0	1	0	0	0	1	23.0	0.024	0.066	NaN	NaN	0.057	0.147	NaN	NaN	1.71	5.145	NaN	NaN	0.0	"2.5"	"F0034"	0	0	"RC"	148.76	"fill-rg-fw"	11.447	0	0	0	0.0	0.0	0.0	null	150.368	0.089
2.0	0.051975	15937.5	2437.5	206.25	NaN	NaN	NaN	0	0	0	0	0	1	0	0	1	0	0	0	1	0	0	0	0	0	0	0	1	0	0	0	1	24.0	0.059	0.069	NaN	NaN	0.14	0.153	NaN	NaN	4.2	5.355	NaN	NaN	0.0	"2.5"	"F0034"	0	0	"RC"	158.794	"fill-rg-fw"	21.481	0	0	0	0.0	0.0	0.0	null	160.402	0.087
0.6	0.050875	15937.5	2756.25	225.0	NaN	NaN	NaN	0	0	0	0	0	1	0	0	1	0	0	0	1	0	0	0	0	0	0	0	1	0	0	0	1	7.0	0.091	0.071	NaN	NaN	0.217	0.158	NaN	NaN	6.51	5.53	NaN	NaN	0.0	"2.5"	"F0034"	0	0	"RC"	168.829	"fill-rg-fw"	31.516	0	0	0	0.0	0.0	0.0	null	170.437	0.086
0.4	0.049775	14625.0	3084.375	206.25	NaN	NaN	NaN	0	0	0	0	0	1	0	0	1	0	0	0	1	0	0	0	0	0	0	0	1	0	0	0	1	5.0	0.123	0.069	NaN	NaN	0.293	0.153	NaN	NaN	8.79	5.355	NaN	NaN	0.0	"2.5"	"F0034"	0	0	"RC"	178.668	"fill-rg-fw"	41.355	0	0	0	0.0	0.0	0.0	null	180.276	0.086
-12.0	0.04895	41625.0	3290.625	215.625	NaN	NaN	NaN	0	0	0	0	0	0	0	1	1	0	0	0	1	0	0	0	1	1	1	0	1	1	1	0	1	-144.0	0.144	0.07	NaN	NaN	0.343	0.156	NaN	NaN	10.29	5.46	NaN	NaN	0.0	"2.5"	"F0034"	1	0	"RC"	188.73	"deionize"	4.245	0	1	0	0.0	0.0	0.0	null	190.338	0.086
-12.3	0.0484	53625.0	3375.0	234.375	NaN	NaN	NaN	0	0	0	0	0	0	0	1	1	0	0	0	1	0	0	0	1	1	1	0	1	1	1	0	1	-148.0	0.153	0.071	NaN	NaN	0.364	0.158	NaN	NaN	10.92	5.53	NaN	NaN	0.0	"2.5"	"F0034"	1	0	"RC"	198.774	"deionize"	14.289	0	1	0	0.0	0.0	0.0	null	200.382	0.085
-11.8	0.04785	50250.0	3375.0	253.125	NaN	NaN	NaN	0	0	0	0	0	0	0	1	1	0	0	0	1	0	0	0	1	1	1	0	1	1	1	0	1	-142.0	0.153	0.073	NaN	NaN	0.364	0.162	NaN	NaN	10.92	5.67	NaN	NaN	0.0	"2.5"	"F0034"	1	0	"RC"	208.808	"deionize"	24.323	0	1	0	0.0	0.0	0.0	null	210.416	0.084
-11.9	0.047025	48937.5	3431.25	281.25	NaN	NaN	NaN	0	0	0	0	0	0	0	1	1	0	0	0	1	0	0	0	1	1	1	0	1	1	1	0	1	-143.0	0.158	0.076	NaN	NaN	0.376	0.169	NaN	NaN	11.28	5.915	NaN	NaN	0.0	"2.5"	"F0034"	1	0	"RC"	218.844	"deionize"	34.359	0	1	0	0.0	0.0	0.0	null	220.452	0.083
-12.2	0.0451	49125.0	3468.75	281.25	NaN	NaN	NaN	0	0	0	0	0	0	0	1	1	0	0	0	1	0	0	0	1	1	1	0	1	1	1	0	1	-146.0	0.162	0.076	NaN	NaN	0.386	0.169	NaN	NaN	11.58	5.915	NaN	NaN	0.0	"2.5"	"F0034"	1	0	"RC"	228.88	"deionize"	44.395	0	1	0	0.0	0.0	0.0	null	230.488	0.086
-12.0	0.044	49312.5	3750.0	309.375	NaN	NaN	NaN	0	0	0	0	0	0	0	1	1	0	0	0	1	0	0	0	1	1	1	0	1	1	1	0	1	-144.0	0.19	0.079	NaN	NaN	0.452	0.176	NaN	NaN	13.56	6.16	NaN	NaN	0.0	"2.5"	"F0034"	1	0	"RC"	238.913	"deionize"	54.428	0	1	0	0.0	0.0	0.0	null	240.521	0.086
-12.0	0.0429	49312.5	3712.5	346.875	NaN	NaN	NaN	0	0	0	0	0	0	0	1	1	0	0	0	1	0	0	0	1	1	1	0	1	1	1	0	1	-144.0	0.186	0.083	NaN	NaN	0.443	0.184	NaN	NaN	13.29	6.44	NaN	NaN	0.0	"2.5"	"F0034"	1	0	"RC"	248.751	"deionize"	64.266	0	1	0	0.0	0.0	0.0	null	250.359	0.084
-11.9	0.0418	49312.5	3806.25	328.125	NaN	NaN	NaN	0	0	0	0	0	0	0	1	1	0	0	0	1	0	0	0	1	1	1	0	1	1	1	0	1	-143.0	0.196	0.081	NaN	NaN	0.467	0.18	NaN	NaN	14.01	6.3	NaN	NaN	0.0	"2.5"	"F0034"	1	0	"RC"	258.79	"deionize"	74.305	0	1	0	0.0	0.0	0.0	null	260.398	0.086
-12.2	0.0396	47812.5	3918.75	356.25	NaN	NaN	NaN	0	0	0	0	0	0	0	1	1	0	0	0	1	0	0	0	1	1	1	0	1	1	1	0	1	-146.0	0.207	0.084	NaN	NaN	0.493	0.187	NaN	NaN	14.79	6.545	NaN	NaN	0.0	"2.5"	"F0034"	1	0	"RC"	268.821	"deionize"	84.336	0	1	0	0.0	0.0	0.0	null	270.429	0.084
-11.3	0.0396	47437.5	3956.25	375.0	NaN	NaN	NaN	0	0	0	0	0	0	0	1	1	0	0	0	1	0	0	0	1	1	1	0	1	1	1	0	1	-136.0	0.211	0.085	NaN	NaN	0.502	0.189	NaN	NaN	15.06	6.615	NaN	NaN	0.0	"2.5"	"F0034"	1	0	"RC"	278.861	"deionize"	94.376	0	1	0	0.0	0.0	0.0	null	280.469	0.086
-11.3	0.038225	48937.5	3946.875	375.0	NaN	NaN	NaN	0	0	0	0	0	0	0	1	1	0	0	0	1	0	0	0	1	1	1	0	1	1	1	0	1	-136.0	0.21	0.085	NaN	NaN	0.5	0.189	NaN	NaN	15.0	6.615	NaN	NaN	0.0	"2.5"	"F0034"	1	0	"RC"	288.896	"deionize"	104.411	0	1	0	0.0	0.0	0.0	null	290.504	0.084
-12.1	0.037675	49312.5	3965.625	403.125	NaN	NaN	NaN	0	0	0	0	0	0	0	1	1	0	0	0	1	0	0	0	1	1	1	0	1	1	1	0	1	-145.0	0.212	0.088	NaN	NaN	0.505	0.196	NaN	NaN	15.15	6.86	NaN	NaN	0.0	"2.5"	"F0034"	1	0	"RC"	298.931	"deionize"	114.446	0	1	0	0.0	0.0	0.0	null	300.539	0.084
-11.0	0.036575	49312.5	3984.375	412.5	NaN	NaN	NaN	0	0	0	0	0	0	0	1	1	0	0	0	1	0	0	0	1	1	1	0	1	1	1	0	1	-132.0	0.213	0.089	NaN	NaN	0.507	0.198	NaN	NaN	15.21	6.93	NaN	NaN	0.0	"2.5"	"F0034"	1	0	"RC"	308.971	"deionize"	124.486	0	1	0	0.0	0.0	0.0	null	310.579	0.086
-11.5	0.03575	47250.0	4096.875	412.5	NaN	NaN	NaN	0	0	0	0	0	0	0	1	1	0	0	0	1	0	0	0	1	1	1	0	1	1	1	0	1	-138.0	0.225	0.089	NaN	NaN	0.536	0.198	NaN	NaN	16.08	6.93	NaN	NaN	0.0	"2.5"	"F0034"	1	0	"RC"	319.004	"deionize"	134.519	0	1	0	0.0	0.0	0.0	null	320.612	0.084
-10.9	0.036025	48562.5	4134.375	431.25	NaN	NaN	NaN	0	0	0	0	0	0	0	1	1	0	0	0	1	0	0	0	1	1	1	0	1	1	1	0	1	-131.0	0.228	0.091	NaN	NaN	0.543	0.202	NaN	NaN	16.29	7.07	NaN	NaN	0.0	"2.5"	"F0034"	1	0	"RC"	328.839	"deionize"	144.354	0	1	0	0.0	0.0	0.0	null	330.447	0.09
-11.1	0.03575	48375.0	4153.125	440.625	NaN	NaN	NaN	0	0	0	0	0	0	0	1	1	0	0	0	1	0	0	0	1	1	1	0	1	1	1	0	1	-133.0	0.23	0.092	NaN	NaN	0.548	0.204	NaN	NaN	16.44	7.14	NaN	NaN	0.0	"2.5"	"F0034"	1	0	"RC"	338.879	"deionize"	154.394	0	1	0	0.0	0.0	0.0	null	340.487	0.087
-9.5	0.034925	48000.0	4181.25	450.0	NaN	NaN	NaN	0	0	0	0	0	0	0	1	1	0	0	0	1	0	0	0	1	1	1	0	1	1	1	0	1	-114.0	0.233	0.093	NaN	NaN	0.555	0.207	NaN	NaN	16.65	7.245	NaN	NaN	0.0	"2.5"	"F0034"	1	0	"RC"	348.917	"deionize"	164.432	0	1	0	0.0	0.0	0.0	null	350.525	0.084
-10.7	0.03465	47625.0	4237.5	487.5	NaN	NaN	NaN	0	0	0	0	0	0	0	1	1	0	0	0	1	0	0	0	1	1	1	0	1	1	1	0	1	-128.0	0.239	0.097	NaN	NaN	0.569	0.216	NaN	NaN	17.07	7.56	NaN	NaN	0.0	"2.5"	"F0034"	1	0	"RC"	358.954	"deionize"	174.469	0	1	0	0.0	0.0	0.0	null	360.562	0.088
-9.9	0.03465	48000.0	4387.5	487.5	NaN	NaN	NaN	0	0	0	0	0	0	0	1	1	0	0	0	1	0	0	0	1	1	1	0	1	1	1	0	1	-119.0	0.254	0.097	NaN	NaN	0.605	0.216	NaN	NaN	18.15	7.56	NaN	NaN	0.0	"2.5"	"F0034"	1	0	"RC"	368.989	"deionize"	184.504	0	1	0	0.0	0.0	0.0	null	370.597	0.086
-8.4	0.034375	47437.5	4359.375	506.25	NaN	NaN	NaN	0	0	0	0	0	0	0	1	1	0	0	0	1	0	0	0	1	1	1	0	1	1	1	0	1	-101.0	0.251	0.099	NaN	NaN	0.598	0.22	NaN	NaN	17.94	7.7	NaN	NaN	0.0	"2.5"	"F0034"	1	0	"RC"	379.022	"deionize"	194.537	0	1	0	0.0	0.0	0.0	null	380.63	0.084
-10.6	0.0341	47437.5	4518.75	525.0	NaN	NaN	NaN	0	0	0	0	0	0	0	1	1	0	0	0	1	0	0	0	1	1	1	0	1	1	1	0	1	-127.0	0.267	0.101	NaN	NaN	0.636	0.224	NaN	NaN	19.08	7.84	NaN	NaN	0.0	"2.5"	"F0034"	1	0	"RC"	389.061	"deionize"	204.576	0	1	0	0.0	0.0	0.0	null	390.669	0.086
-11.7	0.0341	48000.0	4593.75	534.375	NaN	NaN	NaN	0	0	0	0	0	0	0	1	1	0	0	0	1	0	0	0	1	1	1	0	1	1	1	0	1	-140.0	0.274	0.101	NaN	NaN	0.652	0.224	NaN	NaN	19.56	7.84	NaN	NaN	0.0	"2.5"	"F0034"	1	0	"RC"	399.098	"deionize"	214.613	0	1	0	0.0	0.0	0.0	null	400.706	0.084
-9.8	0.033825	47250.0	4650.0	553.125	NaN	NaN	NaN	0	0	0	0	0	0	0	1	1	0	0	0	1	0	0	0	1	1	1	0	1	1	1	0	1	-118.0	0.28	0.103	NaN	NaN	0.667	0.229	NaN	NaN	20.01	8.015	NaN	NaN	0.0	"2.5"	"F0034"	1	0	"RC"	408.929	"deionize"	224.444	0	1	0	0.0	0.0	0.0	null	410.537	0.09
-9.8	0.0341	47812.5	4706.25	562.5	NaN	NaN	NaN	0	0	0	0	0	0	0	1	1	0	0	0	1	0	0	0	1	1	1	0	1	1	1	0	1	-118.0	0.286	0.104	NaN	NaN	0.681	0.231	NaN	NaN	20.43	8.085	NaN	NaN	0.0	"2.5"	"F0034"	1	0	"RC"	418.974	"deionize"	234.489	0	1	0	0.0	0.0	0.0	null	420.582	0.091
-9.5	0.03465	47250.0	4687.5	581.25	NaN	NaN	NaN	0	0	0	0	0	0	0	1	1	0	0	0	1	0	0	0	1	1	1	0	1	1	1	0	1	-114.0	0.284	0.106	NaN	NaN	0.676	0.236	NaN	NaN	20.28	8.26	NaN	NaN	0.0	"2.5"	"F0034"	1	0	"RC"	429.011	"deionize"	244.526	0	1	0	0.0	0.0	0.0	null	430.619	0.089
-9.9	0.0341	46875.0	4790.625	600.0	NaN	NaN	NaN	0	0	0	0	0	0	0	1	1	0	0	0	1	0	0	0	1	1	1	0	1	1	1	0	1	-119.0	0.294	0.108	NaN	NaN	0.7	0.24	NaN	NaN	21.0	8.4	NaN	NaN	0.0	"2.5"	"F0034"	1	0	"RC"	439.045	"deionize"	254.56	0	1	0	0.0	0.0	0.0	null	440.653	0.09
-8.4	0.034375	48187.5	4762.5	600.0	NaN	NaN	NaN	0	0	0	0	0	0	0	1	1	0	0	0	1	0	0	0	1	1	1	0	1	1	1	0	1	-101.0	0.291	0.108	NaN	NaN	0.693	0.24	NaN	NaN	20.79	8.4	NaN	NaN	0.0	"2.5"	"F0034"	1	0	"RC"	449.079	"deionize"	264.594	0	1	0	0.0	0.0	0.0	null	450.687	0.09
-7.7	0.034375	48750.0	4743.75	618.75	NaN	NaN	NaN	0	0	0	0	0	0	0	1	1	0	0	0	1	0	0	0	1	1	1	0	1	1	1	0	1	-92.0	0.289	0.11	NaN	NaN	0.688	0.244	NaN	NaN	20.64	8.54	NaN	NaN	0.0	"2.5"	"F0034"	1	0	"RC"	459.117	"deionize"	274.632	0	1	0	0.0	0.0	0.0	null	460.725	0.084
-9.8	0.034375	47062.5	4809.375	637.5	NaN	NaN	NaN	0	0	0	0	0	0	0	1	1	0	0	0	1	0	0	0	1	1	1	0	1	1	1	0	1	-118.0	0.296	0.112	NaN	NaN	0.705	0.249	NaN	NaN	21.15	8.715	NaN	NaN	0.0	"2.5"	"F0034"	1	0	"RC"	469.157	"deionize"	284.672	0	1	0	0.0	0.0	0.0	null	470.765	0.088
-9.5	0.03465	47625.0	4987.5	646.875	NaN	NaN	NaN	0	0	0	0	0	0	0	1	1	0	0	0	1	0	0	0	1	1	1	0	1	1	1	0	1	-114.0	0.314	0.113	NaN	NaN	0.748	0.251	NaN	NaN	22.44	8.785	NaN	NaN	0.0	"2.5"	"F0034"	1	0	"RC"	479.19	"deionize"	294.705	0	1	0	0.0	0.0	0.0	null	480.798	0.084
12.6	0.0341	18375.0	4837.5	646.875	NaN	NaN	NaN	0	0	0	0	0	1	1	0	0	0	0	0	1	0	0	0	0	1	1	1	0	1	1	1	0	151.0	0.299	0.113	NaN	NaN	0.712	0.251	NaN	NaN	21.36	8.785	NaN	NaN	0.0	"2.5"	"F0034"	1	1	"RC"	489.096	"reverse"	4.284	0	1	0	0.0	0.0	0.0	null	490.704	0.09
11.6	0.035475	16500.0	4865.625	665.625	NaN	NaN	NaN	0	0	0	0	0	1	1	0	0	0	0	0	1	0	0	0	0	1	1	1	0	1	1	1	0	139.0	0.302	0.115	NaN	NaN	0.719	0.256	NaN	NaN	21.57	8.96	NaN	NaN	0.0	"2.5"	"F0034"	1	1	"RC"	499.135	"reverse"	14.323	0	1	0	0.0	0.0	0.0	null	500.743	0.09
11.9	0.037125	15750.0	4875.0	628.125	NaN	NaN	NaN	0	0	0	0	0	1	1	0	0	0	0	0	1	0	0	0	0	1	1	1	0	1	1	1	0	143.0	0.302	0.111	NaN	NaN	0.719	0.247	NaN	NaN	21.57	8.645	NaN	NaN	0.0	"2.5"	"F0034"	1	1	"RC"	509.173	"reverse"	24.361	0	1	0	0.0	0.0	0.0	null	510.781	0.092
13.8	0.039875	15187.5	4846.875	684.375	NaN	NaN	NaN	0	0	0	0	0	1	1	0	0	0	0	0	1	0	0	0	0	1	1	1	0	1	1	1	0	166.0	0.3	0.116	NaN	NaN	0.714	0.258	NaN	NaN	21.42	9.03	NaN	NaN	0.0	"2.5"	"F0034"	1	1	"RC"	519.209	"reverse"	34.397	0	1	0	0.0	0.0	0.0	null	520.817	0.09
12.3	0.044	14250.0	4912.5	646.875	NaN	NaN	NaN	0	0	0	0	0	1	1	0	0	0	0	0	1	0	0	0	0	1	1	1	0	1	1	1	0	148.0	0.306	0.113	NaN	NaN	0.729	0.251	NaN	NaN	21.87	8.785	NaN	NaN	0.0	"2.5"	"F0034"	1	1	"RC"	529.247	"reverse"	44.435	0	1	0	0.0	0.0	0.0	null	530.855	0.091
12.0	0.047575	14437.5	4846.875	665.625	NaN	NaN	NaN	0	0	0	0	0	1	1	0	0	0	0	0	1	0	0	0	0	1	1	1	0	1	1	1	0	144.0	0.3	0.115	NaN	NaN	0.714	0.256	NaN	NaN	21.42	8.96	NaN	NaN	0.0	"2.5"	"F0034"	1	1	"RC"	539.082	"reverse"	54.27	0	1	0	0.0	0.0	0.0	null	540.69	0.091
12.3	0.05115	15000.0	4893.75	656.25	NaN	NaN	NaN	0	0	0	0	0	1	1	0	0	0	0	0	1	0	0	0	0	1	1	1	0	1	1	1	0	148.0	0.304	0.114	NaN	NaN	0.724	0.253	NaN	NaN	21.72	8.855	NaN	NaN	0.0	"2.5"	"F0034"	1	1	"RC"	549.114	"reverse"	64.302	0	1	0	0.0	0.0	0.0	null	550.722	0.09
12.5	0.0539	15375.0	4846.875	656.25	NaN	NaN	NaN	0	0	0	0	0	1	1	0	0	0	0	0	1	0	0	0	0	1	1	1	0	1	1	1	0	150.0	0.3	0.114	NaN	NaN	0.714	0.253	NaN	NaN	21.42	8.855	NaN	NaN	0.0	"2.5"	"F0034"	1	1	"RC"	559.152	"reverse"	74.34	0	1	0	0.0	0.0	0.0	null	560.76	0.09
12.8	0.056375	14812.5	4893.75	646.875	NaN	NaN	NaN	0	0	0	0	0	1	1	0	0	0	0	0	1	0	0	0	0	1	1	1	0	1	1	1	0	154.0	0.304	0.113	NaN	NaN	0.724	0.251	NaN	NaN	21.72	8.785	NaN	NaN	0.0	"2.5"	"F0034"	1	1	"RC"	569.189	"reverse"	84.377	0	1	0	0.0	0.0	0.0	null	570.797	0.09
12.1	0.05775	13312.5	4921.875	646.875	NaN	NaN	NaN	0	0	0	0	0	1	1	0	0	0	0	0	1	0	0	0	0	1	1	1	0	1	1	1	0	145.0	0.307	0.113	NaN	NaN	0.731	0.251	NaN	NaN	21.93	8.785	NaN	NaN	0.0	"2.5"	"F0034"	1	1	"RC"	579.225	"reverse"	94.413	0	1	0	0.0	0.0	0.0	null	580.833	0.087
10.4	0.05885	13875.0	4884.375	656.25	NaN	NaN	NaN	0	0	0	0	0	1	1	0	0	0	0	0	1	0	0	0	0	1	1	1	0	1	1	1	0	125.0	0.303	0.114	NaN	NaN	0.721	0.253	NaN	NaN	21.63	8.855	NaN	NaN	0.0	"2.5"	"F0034"	1	1	"RC"	589.263	"reverse"	104.451	0	1	0	0.0	0.0	0.0	null	590.871	0.092
13.2	0.058575	15375.0	4921.875	684.375	NaN	NaN	NaN	0	0	0	0	0	1	1	0	0	0	0	0	1	0	0	0	0	1	1	1	0	1	1	1	0	158.0	0.307	0.116	NaN	NaN	0.731	0.258	NaN	NaN	21.93	9.03	NaN	NaN	0.0	"2.5"	"F0034"	1	1	"RC"	599.296	"reverse"	114.484	0	1	0	0.0	0.0	0.0	null	600.904	0.09
12.6	0.0594	16125.0	4968.75	656.25	NaN	NaN	NaN	0	0	0	0	0	1	1	0	0	0	0	0	1	0	0	0	0	1	1	1	0	1	1	1	0	151.0	0.312	0.114	NaN	NaN	0.743	0.253	NaN	NaN	22.29	8.855	NaN	NaN	0.0	"2.5"	"F0034"	1	1	"RC"	609.335	"reverse"	124.523	0	1	0	0.0	0.0	0.0	null	610.943	0.09
12.3	0.05885	15000.0	4959.375	646.875	NaN	NaN	NaN	0	0	0	0	0	1	1	0	0	0	0	0	1	0	0	0	0	1	1	1	0	1	1	1	0	148.0	0.311	0.113	NaN	NaN	0.74	0.251	NaN	NaN	22.2	8.785	NaN	NaN	0.0	"2.5"	"F0034"	1	1	"RC"	619.176	"reverse"	134.364	0	1	0	0.0	0.0	0.0	null	620.784	0.087
11.9	0.058575	15187.5	4959.375	665.625	NaN	NaN	NaN	0	0	0	0	0	1	1	0	0	0	0	0	1	0	0	0	0	1	1	1	0	1	1	1	0	143.0	0.311	0.115	NaN	NaN	0.74	0.256	NaN	NaN	22.2	8.96	NaN	NaN	0.0	"2.5"	"F0034"	1	1	"RC"	629.211	"reverse"	144.399	0	1	0	0.0	0.0	0.0	null	630.819	0.086
1.7	0.05885	9000.0	5156.25	684.375	NaN	NaN	NaN	0	0	0	0	0	0	0	0	0	0	0	0	0	0	0	0	0	0	0	0	1	0	0	0	1	20.0	0.331	0.116	NaN	NaN	0.788	0.258	NaN	NaN	23.64	9.03	NaN	NaN	0.0	"2.5"	"F0034"	0	0	"RC"	639.348	"diffuse"	4.513	0	1	1	0.0	0.0	0.0	null	640.956	0.091
2.3	0.05885	11812.5	5137.5	675.0	NaN	NaN	NaN	0	0	0	0	0	0	0	0	0	0	0	0	0	0	0	0	0	0	0	0	1	0	0	0	1	28.0	0.329	0.116	NaN	NaN	0.783	0.258	NaN	NaN	23.49	9.03	NaN	NaN	0.0	"2.5"	"F0034"	0	0	"RC"	649.386	"diffuse"	14.551	0	1	1	0.0	0.0	0.0	null	650.994	0.09
2.0	0.05885	12187.5	5137.5	665.625	NaN	NaN	NaN	0	0	0	0	0	0	0	0	0	0	0	0	0	0	0	0	0	0	0	0	1	0	0	0	1	24.0	0.329	0.115	NaN	NaN	0.783	0.256	NaN	NaN	23.49	8.96	NaN	NaN	0.0	"2.5"	"F0034"	0	0	"RC"	659.222	"diffuse"	24.387	0	1	1	0.0	0.0	0.0	null	660.83	0.086
2.0	0.058025	12000.0	5137.5	665.625	NaN	NaN	NaN	0	0	0	0	0	0	0	0	0	0	0	0	0	0	0	0	0	0	0	0	1	0	0	0	1	24.0	0.329	0.115	NaN	NaN	0.783	0.256	NaN	NaN	23.49	8.96	NaN	NaN	0.0	"2.5"	"F0034"	0	0	"RC"	669.264	"diffuse"	34.429	0	1	1	0.0	0.0	0.0	null	670.872	0.088
2.3	0.058575	13312.5	5156.25	675.0	NaN	NaN	NaN	0	0	0	0	0	0	0	0	0	0	0	0	0	0	0	0	0	0	0	0	1	0	0	0	1	28.0	0.331	0.116	NaN	NaN	0.788	0.258	NaN	NaN	23.64	9.03	NaN	NaN	0.0	"2.5"	"F0034"	0	0	"RC"	679.294	"diffuse"	44.459	0	1	1	0.0	0.0	0.0	null	680.902	0.086
1.3	0.05885	12562.5	5146.875	665.625	NaN	NaN	NaN	0	0	0	0	0	0	0	0	0	0	0	0	0	0	0	0	0	0	0	0	1	0	0	0	1	16.0	0.33	0.115	NaN	NaN	0.786	0.256	NaN	NaN	23.58	8.96	NaN	NaN	0.0	"2.5"	"F0034"	0	0	"RC"	689.329	"diffuse"	54.494	0	1	1	0.0	0.0	0.0	null	690.937	0.086
14.0	0.057475	15000.0	4987.5	684.375	NaN	NaN	NaN	0	0	0	0	0	1	1	0	0	0	0	0	1	0	0	0	0	1	1	1	0	1	1	1	0	168.0	0.314	0.116	NaN	NaN	0.748	0.258	NaN	NaN	22.44	9.03	NaN	NaN	0.0	"2.5"	"F0034"	1	1	"RC"	699.262	"wash-en"	4.31	0	1	1	0.0	0.0	0.0	null	700.87	0.086
11.5	0.0583	15937.5	4996.875	628.125	NaN	NaN	NaN	0	0	0	0	0	1	1	0	0	0	0	0	1	0	0	0	0	1	1	1	0	1	1	1	0	138.0	0.315	0.111	NaN	NaN	0.75	0.247	NaN	NaN	22.5	8.645	NaN	NaN	0.0	"2.5"	"F0034"	1	1	"RC"	709.297	"wash-en"	14.345	0	1	1	0.0	0.0	0.0	null	710.905	0.084
-0.6	0.0594	14437.5	5053.125	693.75	NaN	NaN	NaN	0	0	0	0	0	1	1	0	0	0	0	0	1	0	0	0	0	0	0	0	1	0	0	0	1	-7.0	0.32	0.117	NaN	NaN	0.762	0.26	NaN	NaN	22.86	9.1	NaN	NaN	0.0	"2.5"	"F0034"	0	0	"RC"	719.42	"wash-sc"	4.306	0	1	1	0.0	0.0	0.0	null	721.028	0.087
1.1	0.059125	8625.0	5165.625	656.25	NaN	NaN	NaN	0	0	0	0	0	0	0	0	0	0	0	0	0	0	0	0	0	0	0	0	1	0	0	0	1	13.0	0.332	0.114	NaN	NaN	0.79	0.253	NaN	NaN	23.7	8.855	NaN	NaN	0.0	"2.5"	"F0034"	0	0	"RC"	729.457	"diffuse"	4.218	0	1	2	0.0	0.0	0.0	null	731.065	0.09
1.4	0.05995	11250.0	5118.75	656.25	NaN	NaN	NaN	0	0	0	0	0	0	0	0	0	0	0	0	0	0	0	0	0	0	0	0	1	0	0	0	1	17.0	0.327	0.114	NaN	NaN	0.779	0.253	NaN	NaN	23.37	8.855	NaN	NaN	0.0	"2.5"	"F0034"	0	0	"RC"	739.291	"diffuse"	14.052	0	1	2	0.0	0.0	0.0	null	740.899	0.083
1.1	0.0594	11062.5	5165.625	684.375	NaN	NaN	NaN	0	0	0	0	0	0	0	0	0	0	0	0	0	0	0	0	0	0	0	0	1	0	0	0	1	13.0	0.332	0.116	NaN	NaN	0.79	0.258	NaN	NaN	23.7	9.03	NaN	NaN	0.0	"2.5"	"F0034"	0	0	"RC"	749.325	"diffuse"	24.086	0	1	2	0.0	0.0	0.0	null	750.933	0.083
1.3	0.059675	11812.5	5118.75	665.625	NaN	NaN	NaN	0	0	0	0	0	0	0	0	0	0	0	0	0	0	0	0	0	0	0	0	1	0	0	0	1	16.0	0.327	0.115	NaN	NaN	0.779	0.256	NaN	NaN	23.37	8.96	NaN	NaN	0.0	"2.5"	"F0034"	0	0	"RC"	759.365	"diffuse"	34.126	0	1	2	0.0	0.0	0.0	null	760.973	0.088
1.6	0.0594	12562.5	5156.25	665.625	NaN	NaN	NaN	0	0	0	0	0	0	0	0	0	0	0	0	0	0	0	0	0	0	0	0	1	0	0	0	1	19.0	0.331	0.115	NaN	NaN	0.788	0.256	NaN	NaN	23.64	8.96	NaN	NaN	0.0	"2.5"	"F0034"	0	0	"RC"	769.4	"diffuse"	44.161	0	1	2	0.0	0.0	0.0	null	771.008	0.084
1.4	0.05995	12937.5	5156.25	665.625	NaN	NaN	NaN	0	0	0	0	0	0	0	0	0	0	0	0	0	0	0	0	0	0	0	0	1	0	0	0	1	17.0	0.331	0.115	NaN	NaN	0.788	0.256	NaN	NaN	23.64	8.96	NaN	NaN	0.0	"2.5"	"F0034"	0	0	"RC"	779.436	"diffuse"	54.197	0	1	2	0.0	0.0	0.0	null	781.044	0.084
13.8	0.05885	15000.0	5043.75	656.25	NaN	NaN	NaN	0	0	0	0	0	1	1	0	0	0	0	0	1	0	0	0	0	1	1	1	0	1	1	1	0	166.0	0.319	0.114	NaN	NaN	0.76	0.253	NaN	NaN	22.8	8.855	NaN	NaN	0.0	"2.5"	"F0034"	1	1	"RC"	789.371	"wash-en"	4.111	0	1	2	0.0	0.0	0.0	null	790.979	0.085
11.7	0.059125	12937.5	5043.75	646.875	NaN	NaN	NaN	0	0	0	0	0	1	1	0	0	0	0	0	1	0	0	0	0	1	1	1	0	1	1	1	0	140.0	0.319	0.113	NaN	NaN	0.76	0.251	NaN	NaN	22.8	8.785	NaN	NaN	0.0	"2.5"	"F0034"	1	1	"RC"	799.405	"wash-en"	14.145	0	1	2	0.0	0.0	0.0	null	801.013	0.083
1.3	0.059675	14625.0	5118.75	675.0	NaN	NaN	NaN	0	0	0	0	0	1	1	0	0	0	0	0	1	0	0	0	0	0	0	0	1	0	0	0	1	16.0	0.327	0.116	NaN	NaN	0.779	0.258	NaN	NaN	23.37	9.03	NaN	NaN	0.0	"2.5"	"F0034"	0	0	"RC"	809.529	"wash-sc"	4.102	0	1	2	0.0	0.0	0.0	null	811.137	0.086
1.0	0.05885	7500.0	5175.0	665.625	NaN	NaN	NaN	0	0	0	0	0	0	0	0	0	0	0	0	0	0	0	0	0	0	0	0	1	0	0	0	1	12.0	0.332	0.115	NaN	NaN	0.79	0.256	NaN	NaN	23.7	8.96	NaN	NaN	0.0	"2.5"	"F0034"	0	0	"RC"	819.57	"diffuse"	4.015	0	1	3	0.0	0.0	0.0	null	821.178	0.087
1.0	0.05885	9375.0	5165.625	675.0	NaN	NaN	NaN	0	0	0	0	0	0	0	0	0	0	0	0	0	0	0	0	0	0	0	0	1	0	0	0	1	12.0	0.332	0.116	NaN	NaN	0.79	0.258	NaN	NaN	23.7	9.03	NaN	NaN	0.0	"2.5"	"F0034"	0	0	"RC"	829.401	"diffuse"	13.846	0	1	3	0.0	0.0	0.0	null	831.009	0.086
1.9	0.05885	11250.0	5175.0	675.0	NaN	NaN	NaN	0	0	0	0	0	0	0	0	0	0	0	0	0	0	0	0	0	0	0	0	1	0	0	0	1	23.0	0.332	0.116	NaN	NaN	0.79	0.258	NaN	NaN	23.7	9.03	NaN	NaN	0.0	"2.5"	"F0034"	0	0	"RC"	839.435	"diffuse"	23.88	0	1	3	0.0	0.0	0.0	null	841.043	0.084
1.0	0.059125	11250.0	5193.75	693.75	NaN	NaN	NaN	0	0	0	0	0	0	0	0	0	0	0	0	0	0	0	0	0	0	0	0	1	0	0	0	1	12.0	0.334	0.117	NaN	NaN	0.795	0.26	NaN	NaN	23.85	9.1	NaN	NaN	0.0	"2.5"	"F0034"	0	0	"RC"	849.469	"diffuse"	33.914	0	1	3	0.0	0.0	0.0	null	851.077	0.088
1.6	0.059125	11812.5	5175.0	665.625	NaN	NaN	NaN	0	0	0	0	0	0	0	0	0	0	0	0	0	0	0	0	0	0	0	0	1	0	0	0	1	19.0	0.332	0.115	NaN	NaN	0.79	0.256	NaN	NaN	23.7	8.96	NaN	NaN	0.0	"2.5"	"F0034"	0	0	"RC"	859.502	"diffuse"	43.947	0	1	3	0.0	0.0	0.0	null	861.11	0.084
1.0	0.05885	11812.5	5156.25	665.625	NaN	NaN	NaN	0	0	0	0	0	0	0	0	0	0	0	0	0	0	0	0	0	0	0	0	1	0	0	0	1	12.0	0.331	0.115	NaN	NaN	0.788	0.256	NaN	NaN	23.64	8.96	NaN	NaN	0.0	"2.5"	"F0034"	0	0	"RC"	869.539	"diffuse"	53.984	0	1	3	0.0	0.0	0.0	null	871.147	0.084
12.3	0.05775	13125.0	5081.25	684.375	NaN	NaN	NaN	0	0	0	0	0	1	1	0	0	0	0	0	1	0	0	0	0	1	1	1	0	1	1	1	0	148.0	0.323	0.116	NaN	NaN	0.769	0.258	NaN	NaN	23.07	9.03	NaN	NaN	0.0	"2.5"	"F0034"	1	1	"RC"	879.465	"wash-en"	3.901	0	1	3	0.0	0.0	0.0	null	881.073	0.086
13.6	0.05885	14062.5	5081.25	675.0	NaN	NaN	NaN	0	0	0	0	0	1	1	0	0	0	0	0	1	0	0	0	0	1	1	1	0	1	1	1	0	163.0	0.323	0.116	NaN	NaN	0.769	0.258	NaN	NaN	23.07	9.03	NaN	NaN	0.0	"2.5"	"F0034"	1	1	"RC"	889.501	"wash-en"	13.937	0	1	3	0.0	0.0	0.0	null	891.109	0.084
0.4	0.05885	15187.5	5034.375	675.0	NaN	NaN	NaN	0	0	0	0	0	1	1	0	0	0	0	0	1	0	0	0	0	0	0	0	1	0	0	0	1	5.0	0.318	0.116	NaN	NaN	0.757	0.258	NaN	NaN	22.71	9.03	NaN	NaN	0.0	"2.5"	"F0034"	0	0	"RC"	899.623	"wash-sc"	3.903	0	1	3	0.0	0.0	0.0	null	901.231	0.084
-0.4	0.058575	4875.0	4800.0	665.625	NaN	NaN	NaN	0	0	0	0	1	0	0	0	0	0	0	0	0	0	0	0	0	0	0	0	1	0	0	0	1	-5.0	0.295	0.115	NaN	NaN	0.702	0.256	NaN	NaN	21.06	8.96	NaN	NaN	0.0	"2.5"	"F0034"	0	0	"RC"	909.658	"drain-rg"	3.812	0	1	3	0.0	0.0	0.0	null	911.266	0.085
0.8	0.0583	6562.5	4425.0	675.0	NaN	NaN	NaN	0	0	0	0	1	0	0	0	0	0	0	0	0	0	0	0	0	0	0	0	1	0	0	0	1	10.0	0.258	0.116	NaN	NaN	0.614	0.258	NaN	NaN	18.42	9.03	NaN	NaN	0.0	"2.5"	"F0034"	0	0	"RC"	919.493	"drain-rg"	13.647	0	1	3	0.0	0.0	0.0	null	921.101	0.09
1.0	0.058025	5625.0	4012.5	665.625	NaN	NaN	NaN	0	0	0	0	1	0	0	0	0	0	0	0	0	0	0	0	0	0	0	0	1	0	0	0	1	12.0	0.216	0.115	NaN	NaN	0.514	0.256	NaN	NaN	15.42	8.96	NaN	NaN	0.0	"2.5"	"F0034"	0	0	"RC"	929.524	"drain-rg"	23.678	0	1	3	0.0	0.0	0.0	null	931.132	0.088
0.9	0.054175	6562.5	3665.625	675.0	NaN	NaN	NaN	0	0	0	0	1	0	0	0	0	0	0	0	0	0	0	0	0	0	0	0	1	0	0	0	1	11.0	0.182	0.116	NaN	NaN	0.433	0.258	NaN	NaN	12.99	9.03	NaN	NaN	0.0	"2.5"	"F0034"	0	0	"RC"	939.569	"drain-rg"	33.723	0	1	3	0.0	0.0	0.0	null	941.177	0.086
1.0	0.048675	5062.5	3290.625	778.125	NaN	NaN	NaN	1	0	0	0	1	0	0	0	0	0	0	0	0	0	0	0	0	0	0	0	1	0	0	0	1	12.0	0.144	0.126	NaN	NaN	0.343	0.28	NaN	NaN	10.29	9.8	NaN	NaN	0.0	"2.5"	"F0034"	0	0	"RC"	949.604	"drain-rg"	43.758	0	1	3	0.0	0.0	0.0	null	951.212	0.084
1.6	0.043725	5625.0	2934.375	1068.75	NaN	NaN	NaN	1	0	0	0	1	0	0	0	0	0	0	0	0	0	0	0	0	0	0	0	1	0	0	0	1	19.0	0.108	0.155	NaN	NaN	0.257	0.344	NaN	NaN	7.71	12.04	NaN	NaN	0.0	"2.5"	"F0034"	0	0	"RC"	959.636	"drain-rg"	53.79	0	1	3	0.0	0.0	0.0	null	961.244	0.086
2.5	0.04125	6000.0	2587.5	1340.625	NaN	NaN	NaN	1	0	0	0	1	0	0	0	0	0	0	0	0	0	0	0	0	0	0	0	1	0	0	0	1	30.0	0.074	0.182	NaN	NaN	0.176	0.404	NaN	NaN	5.28	14.14	NaN	NaN	0.0	"2.5"	"F0034"	0	0	"RC"	969.672	"drain-rg"	63.826	0	1	3	0.0	0.0	0.0	null	971.28	0.085
3.5	0.040425	5062.5	2203.125	1593.75	NaN	NaN	NaN	1	0	0	0	1	0	0	0	0	0	0	0	0	0	0	0	0	0	0	0	1	0	0	0	1	42.0	0.035	0.207	NaN	NaN	0.083	0.46	NaN	NaN	2.49	16.1	NaN	NaN	0.0	"2.5"	"F0034"	0	0	"RC"	979.702	"drain-rg"	73.856	0	1	3	0.0	0.0	0.0	null	981.31	0.086
1.9	0.039325	5062.5	1884.375	1884.375	NaN	NaN	NaN	1	0	0	0	1	0	0	0	0	0	0	0	0	0	0	0	0	0	0	0	1	0	0	0	1	23.0	0.003	0.236	NaN	NaN	0.007	0.524	NaN	NaN	0.21	18.34	NaN	NaN	0.0	"2.5"	"F0034"	0	0	"RC"	989.748	"drain-rg"	83.902	0	1	3	0.0	0.0	0.0	null	991.356	0.087
-0.1	0.038225	5062.5	1331.25	2146.875	NaN	NaN	NaN	1	0	0	0	1	0	0	0	0	0	0	0	0	0	0	0	0	0	0	0	1	0	0	0	1	-1.0	-0.052	0.263	NaN	NaN	-0.124	0.584	NaN	NaN	-3.72	20.44	NaN	NaN	0.0	"2.5"	"F0034"	0	0	"RC"	999.582	"drip-rg"	9.432	0	1	3	0.0	0.0	0.0	null	1001.19	0.09
0.6	0.058025	562.5	178.125	2278.125	NaN	NaN	NaN	0	0	0	0	0	0	0	0	0	0	0	0	0	0	0	0	0	0	0	0	1	0	0	0	1	7.0	-0.167	0.276	NaN	NaN	-0.398	0.613	NaN	NaN	-11.94	21.455	NaN	NaN	0.0	"2.5"	"F0034"	0	0	"ID"	0.804	"ready"	0.804	1	0	0	0.0	1007.01	0.0	null	1011.269	0.091
3.2	0.05775	11437.5	56.25	2118.75	NaN	NaN	NaN	0	0	1	0	1	1	0	0	0	0	0	0	1	0	0	0	0	0	0	0	1	0	0	0	1	38.0	-0.179	0.26	NaN	NaN	-0.426	0.578	NaN	NaN	-12.78	20.23	NaN	NaN	0.0	"2.5"	"F0034"	0	0	"DT"	7.447	"drain-di"	7.246	1	0	0	0.0	1007.01	0.0	null	1021.325	0.084
1.0	0.05775	12000.0	421.875	1912.5	NaN	NaN	NaN	0	0	1	0	1	1	0	0	0	0	0	0	1	0	0	0	0	0	0	0	1	0	0	0	1	12.0	-0.143	0.239	NaN	NaN	-0.34	0.531	NaN	NaN	-10.2	18.585	NaN	NaN	0.0	"2.5"	"F0034"	0	0	"DT"	17.486	"drain-di"	17.285	1	0	0	0.0	1007.01	0.0	null	1031.364	0.085
0.6	0.056925	11625.0	346.875	1715.625	NaN	NaN	NaN	0	0	1	0	1	1	0	0	0	0	0	0	1	0	0	0	0	0	0	0	1	0	0	0	1	7.0	-0.15	0.22	NaN	NaN	-0.357	0.489	NaN	NaN	-10.71	17.115	NaN	NaN	0.0	"2.5"	"F0034"	0	0	"DT"	27.521	"drain-di"	27.32	1	0	0	0.0	1007.01	0.0	null	1041.399	0.084
0.0	0.056925	11437.5	9.375	1537.5	NaN	NaN	NaN	0	0	1	0	1	1	0	0	0	0	0	0	1	0	0	0	0	0	0	0	1	0	0	0	1	0.0	-0.184	0.202	NaN	NaN	-0.438	0.449	NaN	NaN	-13.14	15.715	NaN	NaN	0.0	"2.5"	"F0034"	0	0	"DT"	37.556	"drain-di"	37.355	1	0	0	0.0	1007.01	0.0	null	1051.434	0.084
0.9	0.05555	10875.0	337.5	1284.375	NaN	NaN	NaN	0	0	1	0	1	1	0	0	0	0	0	0	1	0	0	0	0	0	0	0	1	0	0	0	1	11.0	-0.151	0.176	NaN	NaN	-0.36	0.391	NaN	NaN	-10.8	13.685	NaN	NaN	0.0	"2.5"	"F0034"	0	0	"DT"	47.398	"drain-di"	47.197	1	0	0	0.0	1007.01	0.0	null	1061.276	0.092
0.7	0.054175	11062.5	262.5	1134.375	NaN	NaN	NaN	0	0	1	0	1	1	0	0	0	0	0	0	1	0	0	0	0	0	0	0	1	0	0	0	1	8.0	-0.159	0.161	NaN	NaN	-0.379	0.358	NaN	NaN	-11.37	12.53	NaN	NaN	0.0	"2.5"	"F0034"	0	0	"DT"	57.43	"drain-di"	57.229	1	0	0	0.0	1007.01	0.0	null	1071.308	0.09
0.4	0.053075	12000.0	375.0	900.0	NaN	NaN	NaN	0	0	1	0	1	1	0	0	0	0	0	0	1	0	0	0	0	0	0	0	1	0	0	0	1	5.0	-0.147	0.138	NaN	NaN	-0.35	0.307	NaN	NaN	-10.5	10.745	NaN	NaN	0.0	"2.5"	"F0034"	0	0	"DT"	67.463	"drain-di"	67.262	1	0	0	0.0	1007.01	0.0	null	1081.341	0.09
1.4	0.051975	11625.0	56.25	693.75	NaN	NaN	NaN	0	0	1	0	1	1	0	0	0	0	0	0	1	0	0	0	0	0	0	0	1	0	0	0	1	17.0	-0.179	0.117	NaN	NaN	-0.426	0.26	NaN	NaN	-12.78	9.1	NaN	NaN	0.0	"2.5"	"F0034"	0	0	"DT"	77.502	"drain-di"	77.301	1	0	0	0.0	1007.01	0.0	null	1091.38	0.091
