cur	ec	mod-ps	rg-ps	di-ps	fw1-ps	fw2-ps	pf-ps	vlv-di-fill	vlv-di-in	vlv-di-out	vlv-rg-fill	vlv-rg-drain	vlv-rg-in	vlv-rg-out	vlv-fw1-in	vlv-fw1-out	vlv-fw2-in	vlv-po	vlv-mod-drain	pmp-sys	pmp-di	pmp-fw1	pmp-fw2	uv	en-anode1	en-cath1	pl-anode1	pl-cath1	en-anode2	en-cath2	pl-anode2	pl-cath2	pw	rg-he	di-he	fw1-he	fw2-he	rg-lev	di-lev	fw1-lev	fw2-lev	rg-vol	di-vol	fw1-vol	fw2-vol	pr-ec	ver	sn	mod-en	mod-pl	proc	proc-time	ph	ph-time	count	cyc	rnd	pr-last	rc-last	fr-last	halt-re	time	exec
2.7	0.044825	3562.5	2962.5	1115.625	NaN	NaN	NaN	1	0	0	0	0	0	0	0	0	0	0	0	0	1	0	0	0	0	0	0	1	0	0	0	1	32.0	0.111	0.17	NaN	NaN	0.264	0.378	NaN	NaN	7.92	13.23	NaN	NaN	0.0	"2.5"	"F0034"	0	0	"PR"	8.25	"fill-di"	6.426	0	0	0	0.0	0.0	0.0	null	10.032	0.088
3.4	0.0451	2812.5	2962.5	1115.625	NaN	NaN	NaN	1	0	0	0	0	0	0	0	0	0	0	0	0	1	0	0	0	0	0	0	1	0	0	0	1	41.0	0.111	0.17	NaN	NaN	0.264	0.378	NaN	NaN	7.92	13.23	NaN	NaN	0.0	"2.5"	"F0034"	0	0	"PR"	8.451	"fill-di"	6.627	0	0	0	0.0	0.0	0.0	null	10.233	0.091
2.1	0.0451	2625.0	2962.5	1415.625	NaN	NaN	NaN	1	0	0	0	0	0	0	0	0	0	0	0	0	1	0	0	0	0	0	0	1	0	0	0	1	25.0	0.111	0.2	NaN	NaN	0.264	0.444	NaN	NaN	7.92	15.54	NaN	NaN	0.0	"2.5"	"F0034"	0	0	"PR"	18.287	"fill-di"	16.463	0	0	0	0.0	0.0	0.0	null	20.069	0.084
1.6	0.045375	1875.0	2962.5	1706.25	NaN	NaN	NaN	1	0	0	0	0	0	0	0	0	0	0	0	0	1	0	0	0	0	0	0	1	0	0	0	1	19.0	0.111	0.229	NaN	NaN	0.264	0.509	NaN	NaN	7.92	17.815	NaN	NaN	0.0	"2.5"	"F0034"	0	0	"PR"	28.32	"fill-di"	26.496	0	0	0	0.0	0.0	0.0	null	30.102	0.084
2.8	0.044825	2250.0	2962.5	2006.25	NaN	NaN	NaN	1	0	0	0	0	0	0	0	0	0	0	0	0	1	0	0	0	0	0	0	1	0	0	0	1	34.0	0.111	0.259	NaN	NaN	0.264	0.576	NaN	NaN	7.92	20.16	NaN	NaN	0.0	"2.5"	"F0034"	0	0	"PR"	38.36	"fill-di"	36.536	0	0	0	0.0	0.0	0.0	null	40.142	0.084
2.5	0.04455	26437.5	2775.0	2259.375	NaN	NaN	NaN	0	0	0	0	0	1	1	0	0	0	0	0	1	0	0	0	0	0	0	0	1	0	0	0	1	30.0	0.093	0.284	NaN	NaN	0.221	0.631	NaN	NaN	6.63	22.085	NaN	NaN	0.0	"2.5"	"F0034"	0	0	"PR"	48.394	"prime"	1.606	0	0	0	0.0	0.0	0.0	null	50.176	0.083
2.5	0.04565	30000.0	2831.25	2250.0	NaN	NaN	NaN	0	0	0	0	0	1	1	0	0	0	0	0	1	0	0	0	0	0	0	0	1	0	0	0	1	30.0	0.098	0.283	NaN	NaN	0.233	0.629	NaN	NaN	6.99	22.015	NaN	NaN	0.0	"2.5"	"F0034"	0	0	"PR"	58.426	"prime"	11.638	0	0	0	0.0	0.0	0.0	null	60.208	0.086
1.9	0.0462	27937.5	2728.125	2278.125	NaN	NaN	NaN	0	0	0	0	0	1	1	0	0	0	0	0	1	0	0	0	0	0	0	0	1	0	0	0	1	23.0	0.088	0.286	NaN	NaN	0.21	0.636	NaN	NaN	6.3	22.26	NaN	NaN	0.0	"2.5"	"F0034"	0	0	"PR"	68.463	"prime"	21.675	0	0	0	0.0	0.0	0.0	null	70.245	0.084
-11.7	0.04675	31875.0	2981.25	2568.75	NaN	NaN	NaN	0	1	1	0	0	0	0	0	0	0	0	0	1	0	0	0	0	1	1	0	1	1	1	0	1	-140.0	0.113	0.315	NaN	NaN	0.269	0.7	NaN	NaN	8.07	24.5	NaN	NaN	0.0	"2.5"	"F0034"	1	0	"PR"	78.499	"deionize"	1.206	0	1	0	0.0	0.0	0.0	null	80.281	0.084
-12.3	0.045925	33375.0	2981.25	2587.5	NaN	NaN	NaN	0	1	1	0	0	0	0	0	0	0	0	0	1	0	0	0	0	1	1	0	1	1	1	0	1	-148.0	0.113	0.317	NaN	NaN	0.269	0.704	NaN	NaN	8.07	24.64	NaN	NaN	0.0	"2.5"	"F0034"	1	0	"PR"	88.54	"deionize"	11.247	0	1	0	0.0	0.0	0.0	null	90.322	0.086
-11.6	0.04565	33562.5	2953.125	2550.0	NaN	NaN	NaN	0	1	1	0	0	0	0	0	0	0	0	0	1	0	0	0	0	1	1	0	1	1	1	0	1	-139.0	0.11	0.313	NaN	NaN	0.262	0.696	NaN	NaN	7.86	24.36	NaN	NaN	0.0	"2.5"	"F0034"	1	0	"PR"	98.373	"deionize"	21.08	0	1	0	0.0	0.0	0.0	null	100.155	0.091
-10.8	0.044	32250.0	2953.125	2540.625	NaN	NaN	NaN	0	1	1	0	0	0	0	0	0	0	0	0	1	0	0	0	0	1	1	0	1	1	1	0	1	-130.0	0.11	0.312	NaN	NaN	0.262	0.693	NaN	NaN	7.86	24.255	NaN	NaN	0.0	"2.5"	"F0034"	1	0	"PR"	108.421	"deionize"	31.128	0	1	0	0.0	0.0	0.0	null	110.203	0.09
-13.2	0.0429	31500.0	2971.875	2606.25	NaN	NaN	NaN	0	1	1	0	0	0	0	0	0	0	0	0	1	0	0	0	0	1	1	0	1	1	1	0	1	-158.0	0.112	0.319	NaN	NaN	0.267	0.709	NaN	NaN	8.01	24.815	NaN	NaN	0.0	"2.5"	"F0034"	1	0	"PR"	118.462	"deionize"	41.169	0	1	0	0.0	0.0	0.0	null	120.244	0.085
-11.5	0.0429	32250.0	2962.5	2550.0	NaN	NaN	NaN	0	1	1	0	0	0	0	0	0	0	0	0	1	0	0	0	0	1	1	0	1	1	1	0	1	-138.0	0.111	0.313	NaN	NaN	0.264	0.696	NaN	NaN	7.92	24.36	NaN	NaN	0.0	"2.5"	"F0034"	1	0	"PR"	128.497	"deionize"	51.204	0	1	0	0.0	0.0	0.0	null	130.279	0.084
-11.8	0.042075	31875.0	2971.875	2503.125	NaN	NaN	NaN	0	1	1	0	0	0	0	0	0	0	0	0	1	0	0	0	0	1	1	0	1	1	1	0	1	-142.0	0.112	0.308	NaN	NaN	0.267	0.684	NaN	NaN	8.01	23.94	NaN	NaN	0.0	"2.5"	"F0034"	1	0	"PR"	138.541	"deionize"	61.248	0	1	0	0.0	0.0	0.0	null	140.323	0.088
-12.4	0.040425	33000.0	2962.5	2578.125	NaN	NaN	NaN	0	1	1	0	0	0	0	0	0	0	0	0	1	0	0	0	0	1	1	0	1	1	1	0	1	-149.0	0.111	0.316	NaN	NaN	0.264	0.702	NaN	NaN	7.92	24.57	NaN	NaN	0.0	"2.5"	"F0034"	1	0	"PR"	148.577	"deionize"	71.284	0	1	0	0.0	0.0	0.0	null	150.359	0.087
-10.3	0.040425	32437.5	2962.5	2559.375	NaN	NaN	NaN	0	1	1	0	0	0	0	0	0	0	0	0	1	0	0	0	0	1	1	0	1	1	1	0	1	-124.0	0.111	0.314	NaN	NaN	0.264	0.698	NaN	NaN	7.92	24.43	NaN	NaN	0.0	"2.5"	"F0034"	1	0	"PR"	158.614	"deionize"	81.321	0	1	0	0.0	0.0	0.0	null	160.396	0.085
-11.2	0.03905	33750.0	2962.5	2540.625	NaN	NaN	NaN	0	1	1	0	0	0	0	0	0	0	0	0	1	0	0	0	0	1	1	0	1	1	1	0	1	-134.0	0.111	0.312	NaN	NaN	0.264	0.693	NaN	NaN	7.92	24.255	NaN	NaN	0.0	"2.5"	"F0034"	1	0	"PR"	168.455	"deionize"	91.162	0	1	0	0.0	0.0	0.0	null	170.237	0.089
-11.8	0.0385	33000.0	2971.875	2540.625	NaN	NaN	NaN	0	1	1	0	0	0	0	0	0	0	0	0	1	0	0	0	0	1	1	0	1	1	1	0	1	-142.0	0.112	0.312	NaN	NaN	0.267	0.693	NaN	NaN	8.01	24.255	NaN	NaN	0.0	"2.5"	"F0034"	1	0	"PR"	178.49	"deionize"	101.197	0	1	0	0.0	0.0	0.0	null	180.272	0.087
-11.0	0.037675	33375.0	2953.125	2521.875	NaN	NaN	NaN	0	1	1	0	0	0	0	0	0	0	0	0	1	0	0	0	0	1	1	0	1	1	1	0	1	-132.0	0.11	0.31	NaN	NaN	0.262	0.689	NaN	NaN	7.86	24.115	NaN	NaN	0.0	"2.5"	"F0034"	1	0	"PR"	188.531	"deionize"	111.238	0	1	0	0.0	0.0	0.0	null	190.313	0.088
-10.8	0.037125	34687.5	2934.375	2578.125	NaN	NaN	NaN	0	1	1	0	0	0	0	0	0	0	0	0	1	0	0	0	0	1	1	0	1	1	1	0	1	-130.0	0.108	0.316	NaN	NaN	0.257	0.702	NaN	NaN	7.71	24.57	NaN	NaN	0.0	"2.5"	"F0034"	1	0	"PR"	198.569	"deionize"	121.276	0	1	0	0.0	0.0	0.0	null	200.351	0.091
-11.0	0.036025	33937.5	2943.75	2512.5	NaN	NaN	NaN	0	1	1	0	0	0	0	0	0	0	0	0	1	0	0	0	0	1	1	0	1	1	1	0	1	-132.0	0.109	0.309	NaN	NaN	0.26	0.687	NaN	NaN	7.8	24.045	NaN	NaN	0.0	"2.5"	"F0034"	1	0	"PR"	208.605	"deionize"	131.312	0	1	0	0.0	0.0	0.0	null	210.387	0.09
-10.6	0.036025	34125.0	2943.75	2521.875	NaN	NaN	NaN	0	1	1	0	0	0	0	0	0	0	0	0	1	0	0	0	0	1	1	0	1	1	1	0	1	-127.0	0.109	0.31	NaN	NaN	0.26	0.689	NaN	NaN	7.8	24.115	NaN	NaN	0.0	"2.5"	"F0034"	1	0	"PR"	218.65	"deionize"	141.357	0	1	0	0.0	0.0	0.0	null	220.432	0.086
-10.2	0.034925	33375.0	2953.125	2512.5	NaN	NaN	NaN	0	1	1	0	0	0	0	0	0	0	0	0	1	0	0	0	0	1	1	0	1	1	1	0	1	-122.0	0.11	0.309	NaN	NaN	0.262	0.687	NaN	NaN	7.86	24.045	NaN	NaN	0.0	"2.5"	"F0034"	1	0	"PR"	228.686	"deionize"	151.393	0	1	0	0.0	0.0	0.0	null	230.468	0.085
-10.1	0.034925	31125.0	2943.75	2559.375	NaN	NaN	NaN	0	1	1	0	0	0	0	0	0	0	0	0	1	0	0	0	0	1	1	0	1	1	1	0	1	-121.0	0.109	0.314	NaN	NaN	0.26	0.698	NaN	NaN	7.8	24.43	NaN	NaN	0.0	"2.5"	"F0034"	1	0	"PR"	238.723	"deionize"	161.43	0	1	0	0.0	0.0	0.0	null	240.505	0.084
-9.7	0.0341	30562.5	2981.25	2531.25	NaN	NaN	NaN	0	1	1	0	0	0	0	0	0	0	0	0	1	0	0	0	0	1	1	0	1	1	1	0	1	-116.0	0.113	0.311	NaN	NaN	0.269	0.691	NaN	NaN	8.07	24.185	NaN	NaN	0.0	"2.5"	"F0034"	1	0	"PR"	248.563	"deionize"	171.27	0	1	0	0.0	0.0	0.0	null	250.345	0.088
-9.9	0.033825	32062.5	2962.5	2550.0	NaN	NaN	NaN	0	1	1	0	0	0	0	0	0	0	0	0	1	0	0	0	0	1	1	0	1	1	1	0	1	-119.0	0.111	0.313	NaN	NaN	0.264	0.696	NaN	NaN	7.92	24.36	NaN	NaN	0.0	"2.5"	"F0034"	1	0	"PR"	258.6	"deionize"	181.307	0	1	0	0.0	0.0	0.0	null	260.382	0.087
-9.8	0.033275	31687.5	2953.125	2550.0	NaN	NaN	NaN	0	1	1	0	0	0	0	0	0	0	0	0	1	0	0	0	0	1	1	0	1	1	1	0	1	-118.0	0.11	0.313	NaN	NaN	0.262	0.696	NaN	NaN	7.86	24.36	NaN	NaN	0.0	"2.5"	"F0034"	1	0	"PR"	268.64	"deionize"	191.347	0	1	0	0.0	0.0	0.0	null	270.422	0.093
-9.6	0.033	31500.0	2971.875	2550.0	NaN	NaN	NaN	0	1	1	0	0	0	0	0	0	0	0	0	1	0	0	0	0	1	1	0	1	1	1	0	1	-115.0	0.112	0.313	NaN	NaN	0.267	0.696	NaN	NaN	8.01	24.36	NaN	NaN	0.0	"2.5"	"F0034"	1	0	"PR"	278.676	"deionize"	201.383	0	1	0	0.0	0.0	0.0	null	280.458	0.09
-9.5	0.032725	34312.5	2971.875	2568.75	NaN	NaN	NaN	0	1	1	0	0	0	0	0	0	0	0	0	1	0	0	0	0	1	1	0	1	1	1	0	1	-114.0	0.112	0.315	NaN	NaN	0.267	0.7	NaN	NaN	8.01	24.5	NaN	NaN	0.0	"2.5"	"F0034"	1	0	"PR"	288.71	"deionize"	211.417	0	1	0	0.0	0.0	0.0	null	290.492	0.09
-9.6	0.03245	33937.5	2971.875	2568.75	NaN	NaN	NaN	0	1	1	0	0	0	0	0	0	0	0	0	1	0	0	0	0	1	1	0	1	1	1	0	1	-115.0	0.112	0.315	NaN	NaN	0.267	0.7	NaN	NaN	8.01	24.5	NaN	NaN	0.0	"2.5"	"F0034"	1	0	"PR"	298.752	"deionize"	221.459	0	1	0	0.0	0.0	0.0	null	300.534	0.092
-10.2	0.031625	33937.5	2971.875	2559.375	NaN	NaN	NaN	0	1	1	0	0	0	0	0	0	0	0	0	1	0	0	0	0	1	1	0	1	1	1	0	1	-122.0	0.112	0.314	NaN	NaN	0.267	0.698	NaN	NaN	8.01	24.43	NaN	NaN	0.0	"2.5"	"F0034"	1	0	"PR"	308.79	"deionize"	231.497	0	1	0	0.0	0.0	0.0	null	310.572	0.091
-9.2	0.0319	30750.0	2981.25	2512.5	NaN	NaN	NaN	0	1	1	0	0	0	0	0	0	0	0	0	1	0	0	0	1	1	1	0	1	1	1	0	1	-110.0	0.113	0.309	NaN	NaN	0.269	0.687	NaN	NaN	8.07	24.045	NaN	NaN	0.0	"2.5"	"F0034"	1	0	"PR"	318.738	"deionize-uv"	1.315	0	1	0	0.0	0.0	0.0	null	320.52	0.092
-9.8	0.031625	32250.0	2962.5	2540.625	NaN	NaN	NaN	0	1	1	0	0	0	0	0	0	0	0	0	1	0	0	0	1	1	1	0	1	1	1	0	1	-118.0	0.111	0.312	NaN	NaN	0.264	0.693	NaN	NaN	7.92	24.255	NaN	NaN	0.0	"2.5"	"F0034"	1	0	"PR"	328.774	"deionize-uv"	11.351	0	1	0	0.0	0.0	0.0	null	330.556	0.089
-10.6	0.029975	33562.5	2953.125	2559.375	NaN	NaN	NaN	0	1	1	0	0	0	0	0	0	0	0	0	1	0	0	0	1	1	1	0	1	1	1	0	1	-127.0	0.11	0.314	NaN	NaN	0.262	0.698	NaN	NaN	7.86	24.43	NaN	NaN	0.0	"2.5"	"F0034"	1	0	"PR"	338.811	"deionize-uv"	21.388	0	1	0	0.0	0.0	0.0	null	340.593	0.087
-8.8	0.031075	33937.5	2953.125	2512.5	NaN	NaN	NaN	0	1	1	0	0	0	0	0	0	0	0	0	1	0	0	0	1	1	1	0	1	1	1	0	1	-106.0	0.11	0.309	NaN	NaN	0.262	0.687	NaN	NaN	7.86	24.045	NaN	NaN	0.0	"2.5"	"F0034"	1	0	"PR"	348.648	"deionize-uv"	31.225	0	1	0	0.0	0.0	0.0	null	350.43	0.088
-8.2	0.0308	34687.5	2953.125	2596.875	NaN	NaN	NaN	0	1	1	0	0	0	0	0	0	0	0	0	1	0	0	0	1	1	1	0	1	1	1	0	1	-98.0	0.11	0.318	NaN	NaN	0.262	0.707	NaN	NaN	7.86	24.745	NaN	NaN	0.0	"2.5"	"F0034"	1	0	"PR"	358.688	"deionize-uv"	41.265	0	1	0	0.0	0.0	0.0	null	360.47	0.09
-8.8	0.030525	31312.5	2953.125	2512.5	NaN	NaN	NaN	0	1	1	0	0	0	0	0	0	0	0	0	1	0	0	0	1	1	1	0	1	1	1	0	1	-106.0	0.11	0.309	NaN	NaN	0.262	0.687	NaN	NaN	7.86	24.045	NaN	NaN	0.0	"2.5"	"F0034"	1	0	"PR"	368.72	"deionize-uv"	51.297	0	1	0	0.0	0.0	0.0	null	370.502	0.086
-8.2	0.03025	33000.0	2971.875	2550.0	NaN	NaN	NaN	0	1	1	0	0	0	0	0	0	0	0	0	1	0	0	0	1	1	1	0	1	1	1	0	1	-98.0	0.112	0.313	NaN	NaN	0.267	0.696	NaN	NaN	8.01	24.36	NaN	NaN	0.0	"2.5"	"F0034"	1	0	"PR"	378.756	"deionize-uv"	61.333	0	1	0	0.0	0.0	0.0	null	380.538	0.09
-8.5	0.03025	33000.0	2971.875	2521.875	NaN	NaN	NaN	0	1	1	0	0	0	0	0	0	0	0	0	1	0	0	0	1	1	1	0	1	1	1	0	1	-102.0	0.112	0.31	NaN	NaN	0.267	0.689	NaN	NaN	8.01	24.115	NaN	NaN	0.0	"2.5"	"F0034"	1	0	"PR"	388.787	"deionize-uv"	71.364	0	1	0	0.0	0.0	0.0	null	390.569	0.09
-9.2	0.029425	33187.5	2943.75	2587.5	NaN	NaN	NaN	0	1	1	0	0	0	0	0	0	0	0	0	1	0	0	0	1	1	1	0	1	1	1	0	1	-110.0	0.109	0.317	NaN	NaN	0.26	0.704	NaN	NaN	7.8	24.64	NaN	NaN	0.0	"2.5"	"F0034"	1	0	"PR"	398.819	"deionize-uv"	81.396	0	1	0	0.0	0.0	0.0	null	400.601	0.089
-7.8	0.02915	33187.5	2953.125	2550.0	NaN	NaN	NaN	0	1	1	0	0	0	0	0	0	0	0	0	1	0	0	0	1	1	1	0	1	1	1	0	1	-94.0	0.11	0.313	NaN	NaN	0.262	0.696	NaN	NaN	7.86	24.36	NaN	NaN	0.0	"2.5"	"F0034"	1	0	"PR"	408.861	"deionize-uv"	91.438	0	1	0	0.0	0.0	0.0	null	410.643	0.091
-8.0	0.0286	33000.0	2971.875	2625.0	NaN	NaN	NaN	0	1	1	0	0	0	0	0	0	0	0	0	1	0	0	0	1	1	1	0	1	1	1	0	1	-96.0	0.112	0.321	NaN	NaN	0.267	0.713	NaN	NaN	8.01	24.955	NaN	NaN	0.0	"2.5"	"F0034"	1	0	"PR"	418.896	"deionize-uv"	101.473	0	1	0	0.0	0.0	0.0	null	420.678	0.09
-7.7	0.028875	33937.5	2943.75	2587.5	NaN	NaN	NaN	0	1	1	0	0	0	0	0	0	0	0	0	1	0	0	0	1	1	1	0	1	1	1	0	1	-92.0	0.109	0.317	NaN	NaN	0.26	0.704	NaN	NaN	7.8	24.64	NaN	NaN	0.0	"2.5"	"F0034"	1	0	"PR"	428.73	"deionize-uv"	111.307	0	1	0	0.0	0.0	0.0	null	430.512	0.086
-8.0	0.02805	39375.0	2934.375	2278.125	NaN	NaN	NaN	0	0	1	0	0	0	0	1	0	0	0	0	1	0	0	0	1	1	1	0	1	1	1	0	1	-96.0	0.108	0.286	NaN	NaN	0.257	0.636	NaN	NaN	7.71	22.26	NaN	NaN	0.0	"2.5"	"F0034"	1	0	"PR"	438.697	"drip-di-1"	0.2	0	1	0	0.0	0.0	0.0	null	440.479	0.097
-9.2	0.027775	33562.5	2953.125	1931.25	NaN	NaN	NaN	0	0	1	0	0	0	0	1	0	0	0	0	1	0	0	0	1	1	1	0	1	1	1	0	1	-110.0	0.11	0.251	NaN	NaN	0.262	0.558	NaN	NaN	7.86	19.53	NaN	NaN	0.0	"2.5"	"F0034"	1	0	"PR"	448.852	"drip-di-1"	10.355	0	1	0	0.0	0.0	0.0	null	450.634	0.089
12.4	0.0275	30000.0	2784.375	1959.375	NaN	NaN	NaN	1	0	0	0	0	1	1	0	0	0	0	0	1	1	0	0	0	1	1	1	0	1	1	1	0	149.0	0.093	0.254	NaN	NaN	0.221	0.564	NaN	NaN	6.63	19.74	NaN	NaN	0.0	"2.5"	"F0034"	1	1	"PR"	458.853	"reverse-f"	5.184	0	1	0	0.0	0.0	0.0	null	460.635	0.088
13.8	0.03025	30000.0	2793.75	2250.0	NaN	NaN	NaN	0	0	0	0	0	1	1	0	0	0	0	0	1	0	0	0	0	1	1	1	0	1	1	1	0	166.0	0.094	0.283	NaN	NaN	0.224	0.629	NaN	NaN	6.72	22.015	NaN	NaN	0.0	"2.5"	"F0034"	1	1	"PR"	468.793	"reverse"	15.124	0	1	0	0.0	0.0	0.0	null	470.575	0.084
12.6	0.032175	29062.5	2831.25	2250.0	NaN	NaN	NaN	0	0	0	0	0	1	1	0	0	0	0	0	1	0	0	0	0	1	1	1	0	1	1	1	0	151.0	0.098	0.283	NaN	NaN	0.233	0.629	NaN	NaN	6.99	22.015	NaN	NaN	0.0	"2.5"	"F0034"	1	1	"PR"	478.84	"reverse"	25.171	0	1	0	0.0	0.0	0.0	null	480.622	0.085
12.6	0.034925	29250.0	2821.875	2240.625	NaN	NaN	NaN	0	0	0	0	0	1	1	0	0	0	0	0	1	0	0	0	0	1	1	1	0	1	1	1	0	151.0	0.097	0.282	NaN	NaN	0.231	0.627	NaN	NaN	6.93	21.945	NaN	NaN	0.0	"2.5"	"F0034"	1	1	"PR"	488.877	"reverse"	35.208	0	1	0	0.0	0.0	0.0	null	490.659	0.086
12.2	0.0363	30375.0	2756.25	2240.625	NaN	NaN	NaN	0	0	0	0	0	1	1	0	0	0	0	0	1	0	0	0	0	1	1	1	0	1	1	1	0	146.0	0.091	0.282	NaN	NaN	0.217	0.627	NaN	NaN	6.51	21.945	NaN	NaN	0.0	"2.5"	"F0034"	1	1	"PR"	498.909	"reverse"	45.24	0	1	0	0.0	0.0	0.0	null	500.691	0.086
12.6	0.038775	30187.5	2793.75	2231.25	NaN	NaN	NaN	0	0	0	0	0	1	1	0	0	0	0	0	1	0	0	0	0	1	1	1	0	1	1	1	0	151.0	0.094	0.281	NaN	NaN	0.224	0.624	NaN	NaN	6.72	21.84	NaN	NaN	0.0	"2.5"	"F0034"	1	1	"PR"	508.95	"reverse"	55.281	0	1	0	0.0	0.0	0.0	null	510.732	0.088
12.7	0.04125	27375.0	2775.0	2268.75	NaN	NaN	NaN	0	0	0	0	0	1	1	0	0	0	0	0	1	0	0	0	0	1	1	1	0	1	1	1	0	152.0	0.093	0.285	NaN	NaN	0.221	0.633	NaN	NaN	6.63	22.155	NaN	NaN	0.0	"2.5"	"F0034"	1	1	"PR"	518.982	"reverse"	65.313	0	1	0	0.0	0.0	0.0	null	520.764	0.086
13.8	0.043175	29812.5	2868.75	2250.0	NaN	NaN	NaN	0	0	0	0	0	1	1	0	0	0	0	0	1	0	0	0	0	1	1	1	0	1	1	1	0	166.0	0.102	0.283	NaN	NaN	0.243	0.629	NaN	NaN	7.29	22.015	NaN	NaN	0.0	"2.5"	"F0034"	1	1	"PR"	529.014	"reverse"	75.345	0	1	0	0.0	0.0	0.0	null	530.796	0.085
14.5	0.044275	30000.0	2896.875	2278.125	NaN	NaN	NaN	0	0	0	0	0	1	1	0	0	0	0	0	1	0	0	0	0	1	1	1	0	1	1	1	0	174.0	0.105	0.286	NaN	NaN	0.25	0.636	NaN	NaN	7.5	22.26	NaN	NaN	0.0	"2.5"	"F0034"	1	1	"PR"	538.852	"reverse"	85.183	0	1	0	0.0	0.0	0.0	null	540.634	0.085
11.9	0.045925	30000.0	2850.0	2250.0	NaN	NaN	NaN	0	0	0	0	0	1	1	0	0	0	0	0	1	0	0	0	0	1	1	1	0	1	1	1	0	143.0	0.1	0.283	NaN	NaN	0.238	0.629	NaN	NaN	7.14	22.015	NaN	NaN	0.0	"2.5"	"F0034"	1	1	"PR"	548.885	"reverse"	95.216	0	1	0	0.0	0.0	0.0	null	550.667	0.084
12.7	0.047025	28687.5	2821.875	2259.375	NaN	NaN	NaN	0	0	0	0	0	1	1	0	0	0	0	0	1	0	0	0	0	1	1	1	0	1	1	1	0	152.0	0.097	0.284	NaN	NaN	0.231	0.631	NaN	NaN	6.93	22.085	NaN	NaN	0.0	"2.5"	"F0034"	1	1	"PR"	558.919	"reverse"	105.25	0	1	0	0.0	0.0	0.0	null	560.701	0.084
11.9	0.0473	29812.5	2793.75	2259.375	NaN	NaN	NaN	0	0	0	0	0	1	1	0	0	0	0	0	1	0	0	0	0	1	1	1	0	1	1	1	0	143.0	0.094	0.284	NaN	NaN	0.224	0.631	NaN	NaN	6.72	22.085	NaN	NaN	0.0	"2.5"	"F0034"	1	1	"PR"	568.954	"reverse"	115.285	0	1	0	0.0	0.0	0.0	null	570.736	0.085
12.6	0.0484	29812.5	2784.375	2250.0	NaN	NaN	NaN	0	0	0	0	0	1	1	0	0	0	0	0	1	0	0	0	0	1	1	1	0	1	1	1	0	151.0	0.093	0.283	NaN	NaN	0.221	0.629	NaN	NaN	6.63	22.015	NaN	NaN	0.0	"2.5"	"F0034"	1	1	"PR"	578.986	"reverse"	125.317	0	1	0	0.0	0.0	0.0	null	580.768	0.086
12.6	0.048675	28500.0	2821.875	2240.625	NaN	NaN	NaN	0	0	0	0	0	1	1	0	0	0	0	0	1	0	0	0	0	1	1	1	0	1	1	1	0	151.0	0.097	0.282	NaN	NaN	0.231	0.627	NaN	NaN	6.93	21.945	NaN	NaN	0.0	"2.5"	"F0034"	1	1	"PR"	589.017	"reverse"	135.348	0	1	0	0.0	0.0	0.0	null	590.799	0.084
12.4	0.04895	30000.0	2765.625	2278.125	NaN	NaN	NaN	0	0	0	0	0	1	1	0	0	0	0	0	1	0	0	0	0	1	1	1	0	1	1	1	0	149.0	0.092	0.286	NaN	NaN	0.219	0.636	NaN	NaN	6.57	22.26	NaN	NaN	0.0	"2.5"	"F0034"	1	1	"PR"	599.053	"reverse"	145.384	0	1	0	0.0	0.0	0.0	null	600.835	0.088
3.7	0.049775	1312.5	3009.375	2259.375	NaN	NaN	NaN	0	0	0	0	0	0	0	0	0	0	0	0	0	0	0	0	0	0	0	0	1	0	0	0	1	44.0	0.116	0.284	NaN	NaN	0.276	0.631	NaN	NaN	8.28	22.085	NaN	NaN	0.0	"2.5"	"F0034"	0	0	"PR"	608.974	"diffuse"	5.105	0	1	1	0.0	0.0	0.0	null	610.756	0.084
3.4	0.049775	2437.5	2971.875	2268.75	NaN	NaN	NaN	0	0	0	0	0	0	0	0	0	0	0	0	0	0	0	0	0	0	0	0	1	0	0	0	1	41.0	0.112	0.285	NaN	NaN	0.267	0.633	NaN	NaN	8.01	22.155	NaN	NaN	0.0	"2.5"	"F0034"	0	0	"PR"	619.006	"diffuse"	15.137	0	1	1	0.0	0.0	0.0	null	620.788	0.086
4.1	0.049775	2625.0	2981.25	2268.75	NaN	NaN	NaN	0	0	0	0	0	0	0	0	0	0	0	0	0	0	0	0	0	0	0	0	1	0	0	0	1	49.0	0.113	0.285	NaN	NaN	0.269	0.633	NaN	NaN	8.07	22.155	NaN	NaN	0.0	"2.5"	"F0034"	0	0	"PR"	629.044	"diffuse"	25.175	0	1	1	0.0	0.0	0.0	null	630.826	0.086
12.7	0.04895	29812.5	2812.5	2259.375	NaN	NaN	NaN	0	0	0	0	0	1	1	0	0	0	0	0	1	0	0	0	0	1	1	1	0	1	1	1	0	152.0	0.096	0.284	NaN	NaN	0.229	0.631	NaN	NaN	6.87	22.085	NaN	NaN	0.0	"2.5"	"F0034"	1	1	"PR"	638.965	"wash-en"	4.902	0	1	1	0.0	0.0	0.0	null	640.747	0.086
12.6	0.049775	29625.0	2765.625	2268.75	NaN	NaN	NaN	0	0	0	0	0	1	1	0	0	0	0	0	1	0	0	0	0	1	1	1	0	1	1	1	0	151.0	0.092	0.285	NaN	NaN	0.219	0.633	NaN	NaN	6.57	22.155	NaN	NaN	0.0	"2.5"	"F0034"	1	1	"PR"	648.995	"wash-en"	14.932	0	1	1	0.0	0.0	0.0	null	650.777	0.086
3.4	0.050875	29250.0	2859.375	2278.125	NaN	NaN	NaN	0	0	0	0	0	1	1	0	0	0	0	0	1	0	0	0	0	0	0	0	1	0	0	0	1	41.0	0.101	0.286	NaN	NaN	0.24	0.636	NaN	NaN	7.2	22.26	NaN	NaN	0.0	"2.5"	"F0034"	0	0	"PR"	659.121	"wash-sc"	4.909	0	1	1	0.0	0.0	0.0	null	660.903	0.084
4.0	0.0506	1125.0	2981.25	2250.0	NaN	NaN	NaN	0	0	0	0	0	0	0	0	0	0	0	0	0	0	0	0	0	0	0	0	1	0	0	0	1	48.0	0.113	0.283	NaN	NaN	0.269	0.629	NaN	NaN	8.07	22.015	NaN	NaN	0.0	"2.5"	"F0034"	0	0	"PR"	669.159	"diffuse"	4.817	0	1	2	0.0	0.0	0.0	null	670.941	0.084
3.5	0.0506	1687.5	2981.25	2278.125	NaN	NaN	NaN	0	0	0	0	0	0	0	0	0	0	0	0	0	0	0	0	0	0	0	0	1	0	0	0	1	42.0	0.113	0.286	NaN	NaN	0.269	0.636	NaN	NaN	8.07	22.26	NaN	NaN	0.0	"2.5"	"F0034"	0	0	"PR"	679.194	"diffuse"	14.852	0	1	2	0.0	0.0	0.0	null	680.976	0.084
3.6	0.050875	1687.5	2981.25	2287.5	NaN	NaN	NaN	0	0	0	0	0	0	0	0	0	0	0	0	0	0	0	0	0	0	0	0	1	0	0	0	1	43.0	0.113	0.287	NaN	NaN	0.269	0.638	NaN	NaN	8.07	22.33	NaN	NaN	0.0	"2.5"	"F0034"	0	0	"PR"	689.031	"diffuse"	24.689	0	1	2	0.0	0.0	0.0	null	690.813	0.088
12.5	0.050325	29250.0	2821.875	2240.625	NaN	NaN	NaN	0	0	0	0	0	1	1	0	0	0	0	0	1	0	0	0	0	1	1	1	0	1	1	1	0	150.0	0.097	0.282	NaN	NaN	0.231	0.627	NaN	NaN	6.93	21.945	NaN	NaN	0.0	"2.5"	"F0034"	1	1	"PR"	699.158	"wash-en"	4.707	0	1	2	0.0	0.0	0.0	null	700.94	0.085
13.0	0.050875	29437.5	2850.0	2259.375	NaN	NaN	NaN	0	0	0	0	0	1	1	0	0	0	0	0	1	0	0	0	0	1	1	1	0	1	1	1	0	156.0	0.1	0.284	NaN	NaN	0.238	0.631	NaN	NaN	7.14	22.085	NaN	NaN	0.0	"2.5"	"F0034"	1	1	"PR"	709.193	"wash-en"	14.742	0	1	2	0.0	0.0	0.0	null	710.975	0.084
2.8	0.05115	27937.5	2821.875	2278.125	NaN	NaN	NaN	0	0	0	0	0	1	1	0	0	0	0	0	1	0	0	0	0	0	0	0	1	0	0	0	1	34.0	0.097	0.286	NaN	NaN	0.231	0.636	NaN	NaN	6.93	22.26	NaN	NaN	0.0	"2.5"	"F0034"	0	0	"PR"	719.12	"wash-sc"	4.509	0	1	2	0.0	0.0	0.0	null	720.902	0.084
2.7	0.05115	1125.0	3009.375	2240.625	NaN	NaN	NaN	0	0	0	0	0	0	0	0	0	0	0	0	0	0	0	0	0	0	0	0	1	0	0	0	1	32.0	0.116	0.282	NaN	NaN	0.276	0.627	NaN	NaN	8.28	21.945	NaN	NaN	0.0	"2.5"	"F0034"	0	0	"PR"	729.157	"diffuse"	4.414	0	1	3	0.0	0.0	0.0	null	730.939	0.085
2.8	0.050875	2250.0	2981.25	2268.75	NaN	NaN	NaN	0	0	0	0	0	0	0	0	0	0	0	0	0	0	0	0	0	0	0	0	1	0	0	0	1	34.0	0.113	0.285	NaN	NaN	0.269	0.633	NaN	NaN	8.07	22.155	NaN	NaN	0.0	"2.5"	"F0034"	0	0	"PR"	739.187	"diffuse"	14.444	0	1	3	0.0	0.0	0.0	null	740.969	0.083
3.3	0.050875	562.5	2981.25	2287.5	NaN	NaN	NaN	0	0	0	0	0	0	0	0	0	0	0	0	0	0	0	0	0	0	0	0	1	0	0	0	1	40.0	0.113	0.287	NaN	NaN	0.269	0.638	NaN	NaN	8.07	22.33	NaN	NaN	0.0	"2.5"	"F0034"	0	0	"PR"	749.221	"diffuse"	24.478	0	1	3	0.0	0.0	0.0	null	751.003	0.084
10.0	0.0506	30000.0	2812.5	2250.0	NaN	NaN	NaN	0	0	0	0	0	1	1	0	0	0	0	0	1	0	0	0	0	1	1	1	0	1	1	1	0	120.0	0.096	0.283	NaN	NaN	0.229	0.629	NaN	NaN	6.87	22.015	NaN	NaN	0.0	"2.5"	"F0034"	1	1	"PR"	759.15	"wash-en"	4.306	0	1	3	0.0	0.0	0.0	null	760.932	0.092
12.5	0.050875	27562.5	2765.625	2259.375	NaN	NaN	NaN	0	0	0	0	0	1	1	0	0	0	0	0	1	0	0	0	0	1	1	1	0	1	1	1	0	150.0	0.092	0.284	NaN	NaN	0.219	0.631	NaN	NaN	6.57	22.085	NaN	NaN	0.0	"2.5"	"F0034"	1	1	"PR"	769.182	"wash-en"	14.338	0	1	3	0.0	0.0	0.0	null	770.964	0.09
0.6	0.050875	29437.5	2784.375	2268.75	NaN	NaN	NaN	0	0	0	0	0	1	1	0	0	0	0	0	1	0	0	0	0	0	0	0	1	0	0	0	1	7.0	0.093	0.285	NaN	NaN	0.221	0.633	NaN	NaN	6.63	22.155	NaN	NaN	0.0	"2.5"	"F0034"	0	0	"PR"	779.304	"wash-sc"	4.305	0	1	3	0.0	0.0	0.0	null	781.086	0.084
3.8	0.0506	2437.5	2971.875	2287.5	NaN	NaN	NaN	0	0	0	0	0	0	0	0	0	0	0	0	0	0	0	0	0	0	0	0	1	0	0	0	1	46.0	0.112	0.287	NaN	NaN	0.267	0.638	NaN	NaN	8.01	22.33	NaN	NaN	0.0	"2.5"	"F0034"	0	0	"PR"	789.144	"diffuse"	4.017	0	1	4	0.0	0.0	0.0	null	790.926	0.089
2.4	0.0506	1125.0	2981.25	2240.625	NaN	NaN	NaN	0	0	0	0	0	0	0	0	0	0	0	0	0	0	0	0	0	0	0	0	1	0	0	0	1	29.0	0.113	0.282	NaN	NaN	0.269	0.627	NaN	NaN	8.07	21.945	NaN	NaN	0.0	"2.5"	"F0034"	0	0	"PR"	799.177	"diffuse"	14.05	0	1	4	0.0	0.0	0.0	null	800.959	0.09
2.8	0.0506	2250.0	2981.25	2259.375	NaN	NaN	NaN	0	0	0	0	0	0	0	0	0	0	0	0	0	0	0	0	0	0	0	0	1	0	0	0	1	34.0	0.113	0.284	NaN	NaN	0.269	0.631	NaN	NaN	8.07	22.085	NaN	NaN	0.0	"2.5"	"F0034"	0	0	"PR"	809.208	"diffuse"	24.081	0	1	4	0.0	0.0	0.0	null	810.99	0.09
12.6	0.050325	29812.5	2746.875	2250.0	NaN	NaN	NaN	0	0	0	0	0	1	1	0	0	0	0	0	1	0	0	0	0	1	1	1	0	1	1	1	0	151.0	0.09	0.283	NaN	NaN	0.214	0.629	NaN	NaN	6.42	22.015	NaN	NaN	0.0	"2.5"	"F0034"	1	1	"PR"	819.347	"wash-en"	4.114	0	1	4	0.0	0.0	0.0	null	821.129	0.086
12.8	0.0506	29812.5	2765.625	2268.75	NaN	NaN	NaN	0	0	0	0	0	1	1	0	0	0	0	0	1	0	0	0	0	1	1	1	0	1	1	1	0	154.0	0.092	0.285	NaN	NaN	0.219	0.633	NaN	NaN	6.57	22.155	NaN	NaN	0.0	"2.5"	"F0034"	1	1	"PR"	829.374	"wash-en"	14.141	0	1	4	0.0	0.0	0.0	null	831.156	0.084
2.0	0.05005	30187.5	2821.875	2278.125	NaN	NaN	NaN	0	0	0	0	0	1	1	0	0	0	0	0	1	0	0	0	0	0	0	0	1	0	0	0	1	24.0	0.097	0.286	NaN	NaN	0.231	0.636	NaN	NaN	6.93	22.26	NaN	NaN	0.0	"2.5"	"F0034"	0	0	"PR"	839.31	"wash-sc"	3.916	0	1	4	0.0	0.0	0.0	null	841.092	0.09
2.1	0.050325	-937.5	2643.75	2231.25	NaN	NaN	NaN	0	0	0	0	1	0	0	0	0	0	0	0	0	0	0	0	0	0	0	0	1	0	0	0	1	25.0	0.079	0.281	NaN	NaN	0.188	0.624	NaN	NaN	5.64	21.84	NaN	NaN	0.0	"2.5"	"F0034"	0	0	"PR"	849.352	"drain-rg"	3.814	0	1	4	0.0	0.0	0.0	null	851.134	0.086
2.6	0.050325	375.0	2287.5	2268.75	NaN	NaN	NaN	0	0	0	0	1	0	0	0	0	0	0	0	0	0	0	0	0	0	0	0	1	0	0	0	1	31.0	0.044	0.285	NaN	NaN	0.105	0.633	NaN	NaN	3.15	22.155	NaN	NaN	0.0	"2.5"	"F0034"	0	0	"PR"	859.385	"drain-rg"	13.847	0	1	4	0.0	0.0	0.0	null	861.167	0.086
2.1	0.0506	-1125.0	1921.875	2268.75	NaN	NaN	NaN	0	0	0	0	1	0	0	0	0	0	0	0	0	0	0	0	0	0	0	0	1	0	0	0	1	25.0	0.007	0.285	NaN	NaN	0.017	0.633	NaN	NaN	0.51	22.155	NaN	NaN	0.0	"2.5"	"F0034"	0	0	"PR"	869.415	"drain-rg"	23.877	0	1	4	0.0	0.0	0.0	null	871.197	0.084
2.4	0.0506	-562.5	1425.0	2259.375	NaN	NaN	NaN	0	0	0	0	1	0	0	0	0	0	0	0	0	0	0	0	0	0	0	0	1	0	0	0	1	29.0	-0.043	0.284	NaN	NaN	-0.102	0.631	NaN	NaN	-3.06	22.085	NaN	NaN	0.0	"2.5"	"F0034"	0	0	"PR"	879.254	"drip-rg"	7.632	0	1	4	0.0	0.0	0.0	null	881.036	0.091
2.5	0.050875	24750.0	93.75	2250.0	NaN	NaN	NaN	0	0	1	0	0	1	0	0	0	0	0	0	1	0	0	0	0	0	0	0	1	0	0	0	1	30.0	-0.176	0.283	NaN	NaN	-0.419	0.629	NaN	NaN	-12.57	22.015	NaN	NaN	0.0	"2.5"	"F0034"	0	0	"FR"	1.831	"fill-rg-di"	1.63	1	1	0	888.659	0.0	0.0	null	891.113	0.091
2.0	0.049775	28500.0	2006.25	1996.875	NaN	NaN	NaN	0	0	1	0	0	1	0	0	0	0	0	0	1	0	0	0	0	0	0	0	1	0	0	0	1	24.0	0.016	0.258	NaN	NaN	0.038	0.573	NaN	NaN	1.14	20.055	NaN	NaN	0.0	"2.5"	"F0034"	0	0	"FR"	11.87	"fill-rg-di"	11.669	1	1	0	888.659	0.0	0.0	null	901.152	0.09
2.5	0.048125	30000.0	2325.0	1734.375	NaN	NaN	NaN	0	0	1	0	0	1	0	0	0	0	0	0	1	0	0	0	0	0	0	0	1	0	0	0	1	30.0	0.048	0.231	NaN	NaN	0.114	0.513	NaN	NaN	3.42	17.955	NaN	NaN	0.0	"2.5"	"F0034"	0	0	"FR"	21.904	"fill-rg-di"	21.703	1	1	0	888.659	0.0	0.0	null	911.186	0.09
2.4	0.0462	30750.0	2653.125	1500.0	NaN	NaN	NaN	0	0	1	0	0	1	0	0	0	0	0	0	1	0	0	0	0	0	0	0	1	0	0	0	1	29.0	0.08	0.208	NaN	NaN	0.19	0.462	NaN	NaN	5.7	16.17	NaN	NaN	0.0	"2.5"	"F0034"	0	0	"FR"	31.944	"fill-rg-di"	31.743	1	1	0	888.659	0.0	0.0	null	921.226	0.093
2.6	0.0451	27562.5	2981.25	1228.125	NaN	NaN	NaN	0	0	1	0	0	1	0	0	0	0	0	0	1	0	0	0	0	0	0	0	1	0	0	0	1	31.0	0.113	0.181	NaN	NaN	0.269	0.402	NaN	NaN	8.07	14.07	NaN	NaN	0.0	"2.5"	"F0034"	0	0	"FR"	41.978	"fill-rg-di"	41.777	1	1	0	888.659	0.0	0.0	null	931.26	0.087
2.5	0.04345	30000.0	3262.5	993.75	NaN	NaN	NaN	0	0	0	0	0	1	1	0	0	0	0	0	1	0	0	0	0	0	0	0	1	0	0	0	1	30.0	0.141	0.157	NaN	NaN	0.336	0.349	NaN	NaN	10.08	12.215	NaN	NaN	0.0	"2.5"	"F0034"	0	0	"FR"	51.808	"wash-rg"	0.2	1	1	0	888.659	0.0	0.0	null	941.09	0.09
2.5	0.044	-2812.5	2634.375	984.375	NaN	NaN	NaN	0	0	0	0	1	0	0	0	0	0	0	0	0	0	0	0	0	0	0	0	1	0	0	0	1	30.0	0.078	0.156	NaN	NaN	0.186	0.347	NaN	NaN	5.58	12.145	NaN	NaN	0.0	"2.5"	"F0034"	0	0	"FR"	61.847	"drain-rg"	10.039	1	1	0	888.659	0.0	0.0	null	951.129	0.089
0.6	0.043725	-4312.5	2334.375	984.375	NaN	NaN	NaN	0	0	0	0	1	0	0	0	0	0	0	0	0	0	0	0	0	0	0	0	1	0	0	0	1	7.0	0.048	0.156	NaN	NaN	0.114	0.347	NaN	NaN	3.42	12.145	NaN	NaN	0.0	"2.5"	"F0034"	0	0	"FR"	71.883	"drain-rg"	20.075	1	1	0	888.659	0.0	0.0	null	961.165	0.09
2.2	0.043175	-5812.5	1978.125	984.375	NaN	NaN	NaN	0	0	0	0	1	0	0	0	0	0	0	0	0	0	0	0	0	0	0	0	1	0	0	0	1	26.0	0.013	0.156	NaN	NaN	0.031	0.347	NaN	NaN	0.93	12.145	NaN	NaN	0.0	"2.5"	"F0034"	0	0	"FR"	81.916	"drain-rg"	30.108	1	1	0	888.659	0.0	0.0	null	971.198	0.09
1.2	0.043725	-6000.0	1546.875	965.625	NaN	NaN	NaN	0	0	0	0	1	0	0	0	0	0	0	0	0	0	0	0	0	0	0	0	1	0	0	0	1	14.0	-0.03	0.155	NaN	NaN	-0.071	0.344	NaN	NaN	-2.13	12.04	NaN	NaN	0.0	"2.5"	"F0034"	0	0	"FR"	91.957	"drip-rg"	7.229	1	1	0	888.659	0.0	0.0	null	981.239	0.088
2.1	0.044	13875.0	18.75	965.625	NaN	NaN	NaN	0	0	1	0	0	1	0	0	0	0	0	0	1	0	0	0	0	0	0	0	1	0	0	0	1	25.0	-0.183	0.155	NaN	NaN	-0.436	0.344	NaN	NaN	-13.08	12.04	NaN	NaN	0.0	"2.5"	"F0034"	0	0	"PR"	1.428	"fill-rg-di"	1.227	1	0	0	888.659	0.0	989.269	null	991.317	0.093
2.2	0.043175	26812.5	1940.625	693.75	NaN	NaN	NaN	0	0	1	0	0	1	0	0	0	0	0	0	1	0	0	0	0	0	0	0	1	0	0	0	1	26.0	0.009	0.127	NaN	NaN	0.021	0.282	NaN	NaN	0.63	9.87	NaN	NaN	0.0	"2.5"	"F0034"	0	0	"PR"	11.266	"fill-rg-di"	11.065	1	0	0	888.659	0.0	989.269	null	1001.155	0.085
2.3	0.04235	28125.0	2296.875	487.5	NaN	NaN	NaN	0	0	1	0	0	1	0	0	0	0	0	0	1	0	0	0	0	0	0	0	1	0	0	0	1	28.0	0.045	0.107	NaN	NaN	0.107	0.238	NaN	NaN	3.21	8.33	NaN	NaN	0.0	"2.5"	"F0034"	0	0	"PR"	21.299	"fill-rg-di"	21.098	1	0	0	888.659	0.0	989.269	null	1011.188	0.087
2.0	0.0418	30187.5	2625.0	215.625	NaN	NaN	NaN	0	0	1	0	0	1	0	0	0	0	0	0	1	0	0	0	0	0	0	0	1	0	0	0	1	24.0	0.078	0.08	NaN	NaN	0.186	0.178	NaN	NaN	5.58	6.23	NaN	NaN	0.0	"2.5"	"F0034"	0	0	"PR"	31.34	"fill-rg-di"	31.139	1	0	0	888.659	0.0	989.269	null	1021.229	0.09
2.1	0.0407	3375.0	2746.875	187.5	NaN	NaN	NaN	1	0	0	0	0	0	0	0	0	0	0	0	0	1	0	0	0	0	0	0	1	0	0	0	1	25.0	0.09	0.077	NaN	NaN	0.214	0.171	NaN	NaN	6.42	5.985	NaN	NaN	0.0	"2.5"	"F0034"	0	0	"PR"	41.377	"fill-di-lb"	4.816	1	0	0	888.659	0.0	989.269	null	1031.266	0.086
1.4	0.040425	2812.5	2746.875	515.625	NaN	NaN	NaN	1	0	0	0	0	0	0	0	0	0	0	0	0	1	0	0	0	0	0	0	1	0	0	0	1	17.0	0.09	0.11	NaN	NaN	0.214	0.244	NaN	NaN	6.42	8.54	NaN	NaN	0.0	"2.5"	"F0034"	0	0	"PR"	51.405	"fill-di-lb"	14.844	1	0	0	888.659	0.0	989.269	null	1041.294	0.086
2.1	0.040425	2625.0	2775.0	806.25	NaN	NaN	NaN	1	0	0	0	0	0	0	0	0	0	0	0	0	1	0	0	0	0	0	0	1	0	0	0	1	25.0	0.093	0.139	NaN	NaN	0.221	0.309	NaN	NaN	6.63	10.815	NaN	NaN	0.0	"2.5"	"F0034"	0	0	"PR"	61.444	"fill-di-lb"	24.883	1	0	0	888.659	0.0	989.269	null	1051.333	0.089
2.0	0.040425	3562.5	2765.625	1115.625	NaN	NaN	NaN	1	0	0	0	0	0	0	0	0	0	0	0	0	1	0	0	0	0	0	0	1	0	0	0	1	24.0	0.092	0.17	NaN	NaN	0.219	0.378	NaN	NaN	6.57	13.23	NaN	NaN	0.0	"2.5"	"F0034"	0	0	"PR"	71.479	"fill-di-lb"	34.918	1	0	0	888.659	0.0	989.269	null	1061.368	0.09
2.1	0.040975	2625.0	2775.0	1415.625	NaN	NaN	NaN	1	0	0	0	0	0	0	0	0	0	0	0	0	1	0	0	0	0	0	0	1	0	0	0	1	25.0	0.093	0.2	NaN	NaN	0.221	0.444	NaN	NaN	6.63	15.54	NaN	NaN	0.0	"2.5"	"F0034"	0	0	"PR"	81.513	"fill-di-lb"	44.952	1	0	0	888.659	0.0	989.269	null	1071.402	0.09
1.8	0.040975	1500.0	2765.625	1706.25	NaN	NaN	NaN	1	0	0	0	0	0	0	0	0	0	0	0	0	1	0	0	0	0	0	0	1	0	0	0	1	22.0	0.092	0.229	NaN	NaN	0.219	0.509	NaN	NaN	6.57	17.815	NaN	NaN	0.0	"2.5"	"F0034"	0	0	"PR"	91.553	"fill-di-lb"	54.992	1	0	0	888.659	0.0	989.269	null	1081.442	0.09
2.0	0.040425	2437.5	2775.0	1978.125	NaN	NaN	NaN	1	0	0	0	0	0	0	0	0	0	0	0	0	1	0	0	0	0	0	0	1	0	0	0	1	24.0	0.093	0.256	NaN	NaN	0.221	0.569	NaN	NaN	6.63	19.915	NaN	NaN	0.0	"2.5"	"F0034"	0	0	"PR"	101.384	"fill-di-lb"	64.823	1	0	0	888.659	0.0	989.269	null	1091.273	0.084
2.4	0.040425	1687.5	2793.75	2278.125	NaN	NaN	NaN	0	0	1	0	0	1	0	0	0	0	0	0	1	0	0	0	0	0	0	0	1	0	0	0	1	29.0	0.094	0.286	NaN	NaN	0.224	0.636	NaN	NaN	6.72	22.26	NaN	NaN	0.0	"2.5"	"F0034"	0	0	"PR"	111.416	"fill-rg-di"	0.602	1	0	0	888.659	0.0	989.269	null	1101.305	0.084
2.1	0.0407	5062.5	2981.25	2203.125	NaN	NaN	NaN	1	0	0	0	0	0	0	0	0	0	0	0	0	1	0	0	0	0	0	0	1	0	0	0	1	25.0	0.113	0.278	NaN	NaN	0.269	0.618	NaN	NaN	8.07	21.63	NaN	NaN	0.0	"2.5"	"F0034"	0	0	"PR"	121.457	"fill-di"	3.613	1	0	0	888.659	0.0	989.269	null	1111.346	0.086
12.3	0.0407	31312.5	2971.875	2521.875	NaN	NaN	NaN	0	1	1	0	0	0	0	0	0	0	0	0	1	0	0	0	0	1	1	1	0	1	1	1	0	148.0	0.112	0.31	NaN	NaN	0.267	0.689	NaN	NaN	8.01	24.115	NaN	NaN	0.0	"2.5"	"F0034"	1	1	"PR"	131.494	"deionize"	8.834	1	1	0	888.659	0.0	989.269	null	1121.383	0.087
12.8	0.040425	33187.5	2962.5	2587.5	NaN	NaN	NaN	0	1	1	0	0	0	0	0	0	0	0	0	1	0	0	0	0	1	1	1	0	1	1	1	0	154.0	0.111	0.317	NaN	NaN	0.264	0.704	NaN	NaN	7.92	24.64	NaN	NaN	0.0	"2.5"	"F0034"	1	1	"PR"	141.535	"deionize"	18.875	1	1	0	888.659	0.0	989.269	null	1131.424	0.085
12.4	0.039875	30562.5	2962.5	2587.5	NaN	NaN	NaN	0	1	1	0	0	0	0	0	0	0	0	0	1	0	0	0	0	1	1	1	0	1	1	1	0	149.0	0.111	0.317	NaN	NaN	0.264	0.704	NaN	NaN	7.92	24.64	NaN	NaN	0.0	"2.5"	"F0034"	1	1	"PR"	151.572	"deionize"	28.912	1	1	0	888.659	0.0	989.269	null	1141.461	0.087
12.3	0.038775	32062.5	3000.0	2596.875	NaN	NaN	NaN	0	1	1	0	0	0	0	0	0	0	0	0	1	0	0	0	0	1	1	1	0	1	1	1	0	148.0	0.115	0.318	NaN	NaN	0.274	0.707	NaN	NaN	8.22	24.745	NaN	NaN	0.0	"2.5"	"F0034"	1	1	"PR"	161.608	"deionize"	38.948	1	1	0	888.659	0.0	989.269	null	1151.497	0.087
12.3	0.038225	31500.0	2962.5	2578.125	NaN	NaN	NaN	0	1	1	0	0	0	0	0	0	0	0	0	1	0	0	0	0	1	1	1	0	1	1	1	0	148.0	0.111	0.316	NaN	NaN	0.264	0.702	NaN	NaN	7.92	24.57	NaN	NaN	0.0	"2.5"	"F0034"	1	1	"PR"	171.448	"deionize"	48.788	1	1	0	888.659	0.0	989.269	null	1161.337	0.085
12.1	0.037675	30750.0	2971.875	2559.375	NaN	NaN	NaN	0	1	1	0	0	0	0	0	0	0	0	0	1	0	0	0	0	1	1	1	0	1	1	1	0	145.0	0.112	0.314	NaN	NaN	0.267	0.698	NaN	NaN	8.01	24.43	NaN	NaN	0.0	"2.5"	"F0034"	1	1	"PR"	181.487	"deionize"	58.827	1	1	0	888.659	0.0	989.269	null	1171.376	0.087
13.3	0.03685	32437.5	2953.125	2587.5	NaN	NaN	NaN	0	1	1	0	0	0	0	0	0	0	0	0	1	0	0	0	0	1	1	1	0	1	1	1	0	160.0	0.11	0.317	NaN	NaN	0.262	0.704	NaN	NaN	7.86	24.64	NaN	NaN	0.0	"2.5"	"F0034"	1	1	"PR"	191.526	"deionize"	68.866	1	1	0	888.659	0.0	989.269	null	1181.415	0.085
12.5	0.036575	33562.5	2971.875	2578.125	NaN	NaN	NaN	0	1	1	0	0	0	0	0	0	0	0	0	1	0	0	0	0	1	1	1	0	1	1	1	0	150.0	0.112	0.316	NaN	NaN	0.267	0.702	NaN	NaN	8.01	24.57	NaN	NaN	0.0	"2.5"	"F0034"	1	1	"PR"	201.564	"deionize"	78.904	1	1	0	888.659	0.0	989.269	null	1191.453	0.084
12.6	0.036025	33000.0	2971.875	2606.25	NaN	NaN	NaN	0	1	1	0	0	0	0	0	0	0	0	0	1	0	0	0	0	1	1	1	0	1	1	1	0	151.0	0.112	0.319	NaN	NaN	0.267	0.709	NaN	NaN	8.01	24.815	NaN	NaN	0.0	"2.5"	"F0034"	1	1	"PR"	211.602	"deionize"	88.942	1	1	0	888.659	0.0	989.269	null	1201.491	0.087
12.4	0.035475	32625.0	2981.25	2596.875	NaN	NaN	NaN	0	1	1	0	0	0	0	0	0	0	0	0	1	0	0	0	0	1	1	1	0	1	1	1	0	149.0	0.113	0.318	NaN	NaN	0.269	0.707	NaN	NaN	8.07	24.745	NaN	NaN	0.0	"2.5"	"F0034"	1	1	"PR"	221.643	"deionize"	98.983	1	1	0	888.659	0.0	989.269	null	1211.532	0.088
12.6	0.034925	34687.5	2962.5	2550.0	NaN	NaN	NaN	0	1	1	0	0	0	0	0	0	0	0	0	1	0	0	0	0	1	1	1	0	1	1	1	0	151.0	0.111	0.313	NaN	NaN	0.264	0.696	NaN	NaN	7.92	24.36	NaN	NaN	0.0	"2.5"	"F0034"	1	1	"PR"	231.679	"deionize"	109.019	1	1	0	888.659	0.0	989.269	null	1221.568	0.087
12.2	0.03465	33187.5	2971.875	2531.25	NaN	NaN	NaN	0	1	1	0	0	0	0	0	0	0	0	0	1	0	0	0	0	1	1	1	0	1	1	1	0	146.0	0.112	0.311	NaN	NaN	0.267	0.691	NaN	NaN	8.01	24.185	NaN	NaN	0.0	"2.5"	"F0034"	1	1	"PR"	241.715	"deionize"	119.055	1	1	0	888.659	0.0	989.269	null	1231.604	0.087
13.1	0.03465	31875.0	2981.25	2531.25	NaN	NaN	NaN	0	1	1	0	0	0	0	0	0	0	0	0	1	0	0	0	0	1	1	1	0	1	1	1	0	157.0	0.113	0.311	NaN	NaN	0.269	0.691	NaN	NaN	8.07	24.185	NaN	NaN	0.0	"2.5"	"F0034"	1	1	"PR"	251.556	"deionize"	128.896	1	1	0	888.659	0.0	989.269	null	1241.445	0.084
12.6	0.033825	31500.0	2971.875	2550.0	NaN	NaN	NaN	0	1	1	0	0	0	0	0	0	0	0	0	1	0	0	0	0	1	1	1	0	1	1	1	0	151.0	0.112	0.313	NaN	NaN	0.267	0.696	NaN	NaN	8.01	24.36	NaN	NaN	0.0	"2.5"	"F0034"	1	1	"PR"	261.589	"deionize"	138.929	1	1	0	888.659	0.0	989.269	null	1251.478	0.084
12.7	0.033275	32625.0	3009.375	2550.0	NaN	NaN	NaN	0	1	1	0	0	0	0	0	0	0	0	0	1	0	0	0	0	1	1	1	0	1	1	1	0	152.0	0.116	0.313	NaN	NaN	0.276	0.696	NaN	NaN	8.28	24.36	NaN	NaN	0.0	"2.5"	"F0034"	1	1	"PR"	271.627	"deionize"	148.967	1	1	0	888.659	0.0	989.269	null	1261.516	0.088
12.6	0.033	34125.0	2981.25	2512.5	NaN	NaN	NaN	0	1	1	0	0	0	0	0	0	0	0	0	1	0	0	0	0	1	1	1	0	1	1	1	0	151.0	0.113	0.309	NaN	NaN	0.269	0.687	NaN	NaN	8.07	24.045	NaN	NaN	0.0	"2.5"	"F0034"	1	1	"PR"	281.664	"deionize"	159.004	1	1	0	888.659	0.0	989.269	null	1271.553	0.084
11.8	0.032725	33000.0	2981.25	2531.25	NaN	NaN	NaN	0	1	1	0	0	0	0	0	0	0	0	0	1	0	0	0	0	1	1	1	0	1	1	1	0	142.0	0.113	0.311	NaN	NaN	0.269	0.691	NaN	NaN	8.07	24.185	NaN	NaN	0.0	"2.5"	"F0034"	1	1	"PR"	291.698	"deionize"	169.038	1	1	0	888.659	0.0	989.269	null	1281.587	0.084
12.3	0.03245	34125.0	2962.5	2587.5	NaN	NaN	NaN	0	1	1	0	0	0	0	0	0	0	0	0	1	0	0	0	0	1	1	1	0	1	1	1	0	148.0	0.111	0.317	NaN	NaN	0.264	0.704	NaN	NaN	7.92	24.64	NaN	NaN	0.0	"2.5"	"F0034"	1	1	"PR"	301.739	"deionize"	179.079	1	1	0	888.659	0.0	989.269	null	1291.628	0.089
12.3	0.03245	34500.0	2971.875	2578.125	NaN	NaN	NaN	0	1	1	0	0	0	0	0	0	0	0	0	1	0	0	0	0	1	1	1	0	1	1	1	0	148.0	0.112	0.316	NaN	NaN	0.267	0.702	NaN	NaN	8.01	24.57	NaN	NaN	0.0	"2.5"	"F0034"	1	1	"PR"	311.777	"deionize"	189.117	1	1	0	888.659	0.0	989.269	null	1301.666	0.084
12.6	0.03135	31312.5	2971.875	2559.375	NaN	NaN	NaN	0	1	1	0	0	0	0	0	0	0	0	0	1	0	0	0	0	1	1	1	0	1	1	1	0	151.0	0.112	0.314	NaN	NaN	0.267	0.698	NaN	NaN	8.01	24.43	NaN	NaN	0.0	"2.5"	"F0034"	1	1	"PR"	321.81	"deionize"	199.15	1	1	0	888.659	0.0	989.269	null	1311.699	0.087
12.6	0.031625	30187.5	2971.875	2559.375	NaN	NaN	NaN	0	1	1	0	0	0	0	0	0	0	0	0	1	0	0	0	0	1	1	1	0	1	1	1	0	151.0	0.112	0.314	NaN	NaN	0.267	0.698	NaN	NaN	8.01	24.43	NaN	NaN	0.0	"2.5"	"F0034"	1	1	"PR"	331.65	"deionize"	208.99	1	1	0	888.659	0.0	989.269	null	1321.539	0.087
13.0	0.03135	33187.5	2981.25	2568.75	NaN	NaN	NaN	0	1	1	0	0	0	0	0	0	0	0	0	1	0	0	0	0	1	1	1	0	1	1	1	0	156.0	0.113	0.315	NaN	NaN	0.269	0.7	NaN	NaN	8.07	24.5	NaN	NaN	0.0	"2.5"	"F0034"	1	1	"PR"	341.681	"deionize"	219.021	1	1	0	888.659	0.0	989.269	null	1331.57	0.084
13.1	0.030525	34687.5	2943.75	2568.75	NaN	NaN	NaN	0	1	1	0	0	0	0	0	0	0	0	0	1	0	0	0	0	1	1	1	0	1	1	1	0	157.0	0.109	0.315	NaN	NaN	0.26	0.7	NaN	NaN	7.8	24.5	NaN	NaN	0.0	"2.5"	"F0034"	1	1	"PR"	351.715	"deionize"	229.055	1	1	0	888.659	0.0	989.269	null	1341.604	0.084
12.2	0.0297	33375.0	2990.625	2550.0	NaN	NaN	NaN	0	1	1	0	0	0	0	0	0	0	0	0	1	0	0	0	0	1	1	1	0	1	1	1	0	146.0	0.114	0.313	NaN	NaN	0.271	0.696	NaN	NaN	8.13	24.36	NaN	NaN	0.0	"2.5"	"F0034"	1	1	"PR"	361.758	"deionize"	239.098	1	1	0	888.659	0.0	989.269	null	1351.647	0.084
13.9	0.0297	33375.0	2981.25	2596.875	NaN	NaN	NaN	0	1	1	0	0	0	0	0	0	0	0	0	1	0	0	0	1	1	1	1	0	1	1	1	0	167.0	0.113	0.318	NaN	NaN	0.269	0.707	NaN	NaN	8.07	24.745	NaN	NaN	0.0	"2.5"	"F0034"	1	1	"PR"	371.701	"deionize-uv"	8.939	1	1	0	888.659	0.0	989.269	null	1361.59	0.09
12.7	0.0297	34875.0	2981.25	2550.0	NaN	NaN	NaN	0	1	1	0	0	0	0	0	0	0	0	0	1	0	0	0	1	1	1	1	0	1	1	1	0	152.0	0.113	0.313	NaN	NaN	0.269	0.696	NaN	NaN	8.07	24.36	NaN	NaN	0.0	"2.5"	"F0034"	1	1	"PR"	381.741	"deionize-uv"	18.979	1	1	0	888.659	0.0	989.269	null	1371.63	0.092
12.6	0.02915	31500.0	2962.5	2587.5	NaN	NaN	NaN	0	1	1	0	0	0	0	0	0	0	0	0	1	0	0	0	1	1	1	1	0	1	1	1	0	151.0	0.111	0.317	NaN	NaN	0.264	0.704	NaN	NaN	7.92	24.64	NaN	NaN	0.0	"2.5"	"F0034"	1	1	"PR"	391.772	"deionize-uv"	29.01	1	1	0	888.659	0.0	989.269	null	1381.661	0.085
12.3	0.02915	32625.0	2962.5	2521.875	NaN	NaN	NaN	0	1	1	0	0	0	0	0	0	0	0	0	1	0	0	0	1	1	1	1	0	1	1	1	0	148.0	0.111	0.31	NaN	NaN	0.264	0.689	NaN	NaN	7.92	24.115	NaN	NaN	0.0	"2.5"	"F0034"	1	1	"PR"	401.809	"deionize-uv"	39.047	1	1	0	888.659	0.0	989.269	null	1391.698	0.084
12.6	0.0286	31500.0	2962.5	2587.5	NaN	NaN	NaN	0	1	1	0	0	0	0	0	0	0	0	0	1	0	0	0	1	1	1	1	0	1	1	1	0	151.0	0.111	0.317	NaN	NaN	0.264	0.704	NaN	NaN	7.92	24.64	NaN	NaN	0.0	"2.5"	"F0034"	1	1	"PR"	411.85	"deionize-uv"	49.088	1	1	0	888.659	0.0	989.269	null	1401.739	0.085
14.1	0.02805	32250.0	2971.875	2540.625	NaN	NaN	NaN	0	1	1	0	0	0	0	0	0	0	0	0	1	0	0	0	1	1	1	1	0	1	1	1	0	169.0	0.112	0.312	NaN	NaN	0.267	0.693	NaN	NaN	8.01	24.255	NaN	NaN	0.0	"2.5"	"F0034"	1	1	"PR"	421.89	"deionize-uv"	59.128	1	1	0	888.659	0.0	989.269	null	1411.779	0.083
11.2	0.02695	31875.0	2981.25	2550.0	NaN	NaN	NaN	0	1	1	0	0	0	0	0	0	0	0	0	1	0	0	0	1	1	1	1	0	1	1	1	0	134.0	0.113	0.313	NaN	NaN	0.269	0.696	NaN	NaN	8.07	24.36	NaN	NaN	0.0	"2.5"	"F0034"	1	1	"PR"	431.935	"deionize-uv"	69.173	1	1	0	888.659	0.0	989.269	null	1421.824	0.086
12.0	0.0275	31500.0	2953.125	2550.0	NaN	NaN	NaN	0	1	1	0	0	0	0	0	0	0	0	0	1	0	0	0	1	1	1	1	0	1	1	1	0	144.0	0.11	0.313	NaN	NaN	0.262	0.696	NaN	NaN	7.86	24.36	NaN	NaN	0.0	"2.5"	"F0034"	1	1	"PR"	441.77	"deionize-uv"	79.008	1	1	0	888.659	0.0	989.269	null	1431.659	0.09
11.8	0.027225	34125.0	2981.25	2578.125	NaN	NaN	NaN	0	1	1	0	0	0	0	0	0	0	0	0	1	0	0	0	1	1	1	1	0	1	1	1	0	142.0	0.113	0.316	NaN	NaN	0.269	0.702	NaN	NaN	8.07	24.57	NaN	NaN	0.0	"2.5"	"F0034"	1	1	"PR"	451.805	"deionize-uv"	89.043	1	1	0	888.659	0.0	989.269	null	1441.694	0.09
11.3	0.02695	32812.5	2971.875	2568.75	NaN	NaN	NaN	0	1	1	0	0	0	0	0	0	0	0	0	1	0	0	0	1	1	1	1	0	1	1	1	0	136.0	0.112	0.315	NaN	NaN	0.267	0.7	NaN	NaN	8.01	24.5	NaN	NaN	0.0	"2.5"	"F0034"	1	1	"PR"	461.844	"deionize-uv"	99.082	1	1	0	888.659	0.0	989.269	null	1451.733	0.092
13.6	0.0264	33750.0	2971.875	2531.25	NaN	NaN	NaN	0	1	1	0	0	0	0	0	0	0	0	0	1	0	0	0	1	1	1	1	0	1	1	1	0	163.0	0.112	0.311	NaN	NaN	0.267	0.691	NaN	NaN	8.01	24.185	NaN	NaN	0.0	"2.5"	"F0034"	1	1	"PR"	471.879	"deionize-uv"	109.117	1	1	0	888.659	0.0	989.269	null	1461.768	0.09
11.6	0.026125	30937.5	2981.25	2550.0	NaN	NaN	NaN	0	1	1	0	0	0	0	0	0	0	0	0	1	0	0	0	1	1	1	1	0	1	1	1	0	139.0	0.113	0.313	NaN	NaN	0.269	0.696	NaN	NaN	8.07	24.36	NaN	NaN	0.0	"2.5"	"F0034"	1	1	"PR"	481.915	"deionize-uv"	119.153	1	1	0	888.659	0.0	989.269	null	1471.804	0.089
11.6	0.025575	31312.5	2962.5	2043.75	NaN	NaN	NaN	0	0	1	0	0	0	0	1	0	0	0	0	1	0	0	0	1	1	1	1	0	1	1	1	0	139.0	0.111	0.262	NaN	NaN	0.264	0.582	NaN	NaN	7.92	20.37	NaN	NaN	0.0	"2.5"	"F0034"	1	1	"PR"	491.987	"drip-di-1"	8.138	1	1	0	888.659	0.0	989.269	null	1481.876	0.084
-12.4	0.02585	29625.0	2840.625	1921.875	NaN	NaN	NaN	1	0	0	0	0	1	1	0	0	0	0	0	1	1	0	0	0	1	1	0	1	1	1	0	1	-149.0	0.099	0.25	NaN	NaN	0.236	0.556	NaN	NaN	7.08	19.46	NaN	NaN	0.0	"2.5"	"F0034"	1	0	"PR"	501.987	"reverse-f"	2.974	1	1	0	888.659	0.0	989.269	null	1491.876	0.084
-11.7	0.026675	29625.0	2840.625	2240.625	NaN	NaN	NaN	1	0	0	0	0	1	1	0	0	0	0	0	1	1	0	0	0	1	1	0	1	1	1	0	1	-140.0	0.099	0.282	NaN	NaN	0.236	0.627	NaN	NaN	7.08	21.945	NaN	NaN	0.0	"2.5"	"F0034"	1	0	"PR"	512.028	"reverse-f"	13.015	1	1	0	888.659	0.0	989.269	null	1501.917	0.085
-11.7	0.0286	28125.0	2859.375	2250.0	NaN	NaN	NaN	0	0	0	0	0	1	1	0	0	0	0	0	1	0	0	0	0	1	1	0	1	1	1	0	1	-140.0	0.101	0.283	NaN	NaN	0.24	0.629	NaN	NaN	7.2	22.015	NaN	NaN	0.0	"2.5"	"F0034"	1	0	"PR"	521.975	"reverse"	22.962	1	1	0	888.659	0.0	989.269	null	1511.864	0.088
-12.3	0.03135	29625.0	2803.125	2259.375	NaN	NaN	NaN	0	0	0	0	0	1	1	0	0	0	0	0	1	0	0	0	0	1	1	0	1	1	1	0	1	-148.0	0.095	0.284	NaN	NaN	0.226	0.631	NaN	NaN	6.78	22.085	NaN	NaN	0.0	"2.5"	"F0034"	1	0	"PR"	532.008	"reverse"	32.995	1	1	0	888.659	0.0	989.269	null	1521.897	0.09
-11.8	0.033	29437.5	2821.875	2278.125	NaN	NaN	NaN	0	0	0	0	0	1	1	0	0	0	0	0	1	0	0	0	0	1	1	0	1	1	1	0	1	-142.0	0.097	0.286	NaN	NaN	0.231	0.636	NaN	NaN	6.93	22.26	NaN	NaN	0.0	"2.5"	"F0034"	1	0	"PR"	542.047	"reverse"	43.034	1	1	0	888.659	0.0	989.269	null	1531.936	0.091
-11.9	0.034375	30000.0	2803.125	2250.0	NaN	NaN	NaN	0	0	0	0	0	1	1	0	0	0	0	0	1	0	0	0	0	1	1	0	1	1	1	0	1	-143.0	0.095	0.283	NaN	NaN	0.226	0.629	NaN	NaN	6.78	22.015	NaN	NaN	0.0	"2.5"	"F0034"	1	0	"PR"	551.88	"reverse"	52.867	1	1	0	888.659	0.0	989.269	null	1541.769	0.09
-11.4	0.036575	29062.5	2831.25	2240.625	NaN	NaN	NaN	0	0	0	0	0	1	1	0	0	0	0	0	1	0	0	0	0	1	1	0	1	1	1	0	1	-137.0	0.098	0.282	NaN	NaN	0.233	0.627	NaN	NaN	6.99	21.945	NaN	NaN	0.0	"2.5"	"F0034"	1	0	"PR"	561.918	"reverse"	62.905	1	1	0	888.659	0.0	989.269	null	1551.807	0.09
-12.2	0.038225	29250.0	2821.875	2240.625	NaN	NaN	NaN	0	0	0	0	0	1	1	0	0	0	0	0	1	0	0	0	0	1	1	0	1	1	1	0	1	-146.0	0.097	0.282	NaN	NaN	0.231	0.627	NaN	NaN	6.93	21.945	NaN	NaN	0.0	"2.5"	"F0034"	1	0	"PR"	571.957	"reverse"	72.944	1	1	0	888.659	0.0	989.269	null	1561.846	0.087
-11.6	0.039875	30000.0	2821.875	2259.375	NaN	NaN	NaN	0	0	0	0	0	1	1	0	0	0	0	0	1	0	0	0	0	1	1	0	1	1	1	0	1	-139.0	0.097	0.284	NaN	NaN	0.231	0.631	NaN	NaN	6.93	22.085	NaN	NaN	0.0	"2.5"	"F0034"	1	0	"PR"	581.989	"reverse"	82.976	1	1	0	888.659	0.0	989.269	null	1571.878	0.09
-11.7	0.0407	29625.0	2821.875	2259.375	NaN	NaN	NaN	0	0	0	0	0	1	1	0	0	0	0	0	1	0	0	0	0	1	1	0	1	1	1	0	1	-140.0	0.097	0.284	NaN	NaN	0.231	0.631	NaN	NaN	6.93	22.085	NaN	NaN	0.0	"2.5"	"F0034"	1	0	"PR"	592.028	"reverse"	93.015	1	1	0	888.659	0.0	989.269	null	1581.917	0.091
-12.1	0.0418	30187.5	2850.0	2240.625	NaN	NaN	NaN	0	0	0	0	0	1	1	0	0	0	0	0	1	0	0	0	0	1	1	0	1	1	1	0	1	-145.0	0.1	0.282	NaN	NaN	0.238	0.627	NaN	NaN	7.14	21.945	NaN	NaN	0.0	"2.5"	"F0034"	1	0	"PR"	602.062	"reverse"	103.049	1	1	0	888.659	0.0	989.269	null	1591.951	0.09
-11.8	0.0429	29625.0	2821.875	2259.375	NaN	NaN	NaN	0	0	0	0	0	1	1	0	0	0	0	0	1	0	0	0	0	1	1	0	1	1	1	0	1	-142.0	0.097	0.284	NaN	NaN	0.231	0.631	NaN	NaN	6.93	22.085	NaN	NaN	0.0	"2.5"	"F0034"	1	0	"PR"	612.088	"reverse"	113.075	1	1	0	888.659	0.0	989.269	null	1601.977	0.09
-11.0	0.044	29625.0	2821.875	2259.375	NaN	NaN	NaN	0	0	0	0	0	1	1	0	0	0	0	0	1	0	0	0	0	1	1	0	1	1	1	0	1	-132.0	0.097	0.284	NaN	NaN	0.231	0.631	NaN	NaN	6.93	22.085	NaN	NaN	0.0	"2.5"	"F0034"	1	0	"PR"	622.13	"reverse"	123.117	1	1	0	888.659	0.0	989.269	null	1612.019	0.088
-13.7	0.044275	29812.5	2812.5	2287.5	NaN	NaN	NaN	0	0	0	0	0	1	1	0	0	0	0	0	1	0	0	0	0	1	1	0	1	1	1	0	1	-164.0	0.096	0.287	NaN	NaN	0.229	0.638	NaN	NaN	6.87	22.33	NaN	NaN	0.0	"2.5"	"F0034"	1	0	"PR"	631.965	"reverse"	132.952	1	1	0	888.659	0.0	989.269	null	1621.854	0.086
-11.7	0.044275	28687.5	2821.875	2259.375	NaN	NaN	NaN	0	0	0	0	0	1	1	0	0	0	0	0	1	0	0	0	0	1	1	0	1	1	1	0	1	-140.0	0.097	0.284	NaN	NaN	0.231	0.631	NaN	NaN	6.93	22.085	NaN	NaN	0.0	"2.5"	"F0034"	1	0	"PR"	641.996	"reverse"	142.983	1	1	0	888.659	0.0	989.269	null	1631.885	0.086
1.0	0.0451	1312.5	2990.625	2268.75	NaN	NaN	NaN	0	0	0	0	0	0	0	0	0	0	0	0	0	0	0	0	0	0	0	0	1	0	0	0	1	12.0	0.114	0.285	NaN	NaN	0.271	0.633	NaN	NaN	8.13	22.155	NaN	NaN	0.0	"2.5"	"F0034"	0	0	"PR"	652.125	"diffuse"	3.105	1	1	1	888.659	0.0	989.269	null	1642.014	0.092
1.2	0.0451	1500.0	2990.625	2268.75	NaN	NaN	NaN	0	0	0	0	0	0	0	0	0	0	0	0	0	0	0	0	0	0	0	0	1	0	0	0	1	14.0	0.114	0.285	NaN	NaN	0.271	0.633	NaN	NaN	8.13	22.155	NaN	NaN	0.0	"2.5"	"F0034"	0	0	"PR"	662.164	"diffuse"	13.144	1	1	1	888.659	0.0	989.269	null	1652.053	0.09
0.6	0.045375	937.5	2981.25	2259.375	NaN	NaN	NaN	0	0	0	0	0	0	0	0	0	0	0	0	0	0	0	0	0	0	0	0	1	0	0	0	1	7.0	0.113	0.284	NaN	NaN	0.269	0.631	NaN	NaN	8.07	22.085	NaN	NaN	0.0	"2.5"	"F0034"	0	0	"PR"	672.197	"diffuse"	23.177	1	1	1	888.659	0.0	989.269	null	1662.086	0.09
-12.2	0.044825	30187.5	2821.875	2240.625	NaN	NaN	NaN	0	0	0	0	0	1	1	0	0	0	0	0	1	0	0	0	0	1	1	0	1	1	1	0	1	-146.0	0.097	0.282	NaN	NaN	0.231	0.627	NaN	NaN	6.93	21.945	NaN	NaN	0.0	"2.5"	"F0034"	1	0	"PR"	682.123	"wash-en"	3.102	1	1	1	888.659	0.0	989.269	null	1672.012	0.087
-11.7	0.045925	30187.5	2840.625	2250.0	NaN	NaN	NaN	0	0	0	0	0	1	1	0	0	0	0	0	1	0	0	0	0	1	1	0	1	1	1	0	1	-140.0	0.099	0.283	NaN	NaN	0.236	0.629	NaN	NaN	7.08	22.015	NaN	NaN	0.0	"2.5"	"F0034"	1	0	"PR"	692.159	"wash-en"	13.138	1	1	1	888.659	0.0	989.269	null	1682.048	0.09
0.9	0.045925	30000.0	2831.25	2315.625	NaN	NaN	NaN	0	0	0	0	0	1	1	0	0	0	0	0	1	0	0	0	0	0	0	0	1	0	0	0	1	11.0	0.098	0.29	NaN	NaN	0.233	0.644	NaN	NaN	6.99	22.54	NaN	NaN	0.0	"2.5"	"F0034"	0	0	"PR"	702.084	"wash-sc"	2.902	1	1	1	888.659	0.0	989.269	null	1691.973	0.087
0.6	0.046475	1875.0	2990.625	2278.125	NaN	NaN	NaN	0	0	0	0	0	0	0	0	0	0	0	0	0	0	0	0	0	0	0	0	1	0	0	0	1	7.0	0.114	0.286	NaN	NaN	0.271	0.636	NaN	NaN	8.13	22.26	NaN	NaN	0.0	"2.5"	"F0034"	0	0	"PR"	712.125	"diffuse"	2.813	1	1	2	888.659	0.0	989.269	null	1702.014	0.084
0.6	0.046475	2812.5	2990.625	2278.125	NaN	NaN	NaN	0	0	0	0	0	0	0	0	0	0	0	0	0	0	0	0	0	0	0	0	1	0	0	0	1	7.0	0.114	0.286	NaN	NaN	0.271	0.636	NaN	NaN	8.13	22.26	NaN	NaN	0.0	"2.5"	"F0034"	0	0	"PR"	722.162	"diffuse"	12.85	1	1	2	888.659	0.0	989.269	null	1712.051	0.086
1.5	0.0462	1125.0	3018.75	2268.75	NaN	NaN	NaN	0	0	0	0	0	0	0	0	0	0	0	0	0	0	0	0	0	0	0	0	1	0	0	0	1	18.0	0.117	0.285	NaN	NaN	0.279	0.633	NaN	NaN	8.37	22.155	NaN	NaN	0.0	"2.5"	"F0034"	0	0	"PR"	732.193	"diffuse"	22.881	1	1	2	888.659	0.0	989.269	null	1722.082	0.083
-12.0	0.045375	30000.0	2821.875	2268.75	NaN	NaN	NaN	0	0	0	0	0	1	1	0	0	0	0	0	1	0	0	0	0	1	1	0	1	1	1	0	1	-144.0	0.097	0.285	NaN	NaN	0.231	0.633	NaN	NaN	6.93	22.155	NaN	NaN	0.0	"2.5"	"F0034"	1	0	"PR"	742.126	"wash-en"	2.703	1	1	2	888.659	0.0	989.269	null	1732.015	0.084
-11.9	0.0462	30000.0	2831.25	2250.0	NaN	NaN	NaN	0	0	0	0	0	1	1	0	0	0	0	0	1	0	0	0	0	1	1	0	1	1	1	0	1	-143.0	0.098	0.283	NaN	NaN	0.233	0.629	NaN	NaN	6.99	22.015	NaN	NaN	0.0	"2.5"	"F0034"	1	0	"PR"	752.159	"wash-en"	12.736	1	1	2	888.659	0.0	989.269	null	1742.048	0.084
1.8	0.0462	30000.0	2803.125	2268.75	NaN	NaN	NaN	0	0	0	0	0	1	1	0	0	0	0	0	1	0	0	0	0	0	0	0	1	0	0	0	1	22.0	0.095	0.285	NaN	NaN	0.226	0.633	NaN	NaN	6.78	22.155	NaN	NaN	0.0	"2.5"	"F0034"	0	0	"PR"	762.281	"wash-sc"	2.699	1	1	2	888.659	0.0	989.269	null	1752.17	0.091
1.0	0.046475	2625.0	3000.0	2278.125	NaN	NaN	NaN	0	0	0	0	0	0	0	0	0	0	0	0	0	0	0	0	0	0	0	0	1	0	0	0	1	12.0	0.115	0.286	NaN	NaN	0.274	0.636	NaN	NaN	8.22	22.26	NaN	NaN	0.0	"2.5"	"F0034"	0	0	"PR"	772.321	"diffuse"	2.614	1	1	3	888.659	0.0	989.269	null	1762.21	0.087
0.8	0.0462	937.5	3000.0	2278.125	NaN	NaN	NaN	0	0	0	0	0	0	0	0	0	0	0	0	0	0	0	0	0	0	0	0	1	0	0	0	1	10.0	0.115	0.286	NaN	NaN	0.274	0.636	NaN	NaN	8.22	22.26	NaN	NaN	0.0	"2.5"	"F0034"	0	0	"PR"	782.156	"diffuse"	12.449	1	1	3	888.659	0.0	989.269	null	1772.045	0.084
1.3	0.0462	1125.0	2953.125	2315.625	NaN	NaN	NaN	0	0	0	0	0	0	0	0	0	0	0	0	0	0	0	0	0	0	0	0	1	0	0	0	1	16.0	0.11	0.29	NaN	NaN	0.262	0.644	NaN	NaN	7.86	22.54	NaN	NaN	0.0	"2.5"	"F0034"	0	0	"PR"	792.189	"diffuse"	22.482	1	1	3	888.659	0.0	989.269	null	1782.078	0.084
-10.7	0.04565	27562.5	2821.875	2268.75	NaN	NaN	NaN	0	0	0	0	0	1	1	0	0	0	0	0	1	0	0	0	0	1	1	0	1	1	1	0	1	-128.0	0.097	0.285	NaN	NaN	0.231	0.633	NaN	NaN	6.93	22.155	NaN	NaN	0.0	"2.5"	"F0034"	1	0	"PR"	802.313	"wash-en"	2.499	1	1	3	888.659	0.0	989.269	null	1792.202	0.086
-12.8	0.045925	30000.0	2821.875	2259.375	NaN	NaN	NaN	0	0	0	0	0	1	1	0	0	0	0	0	1	0	0	0	0	1	1	0	1	1	1	0	1	-154.0	0.097	0.284	NaN	NaN	0.231	0.631	NaN	NaN	6.93	22.085	NaN	NaN	0.0	"2.5"	"F0034"	1	0	"PR"	812.35	"wash-en"	12.536	1	1	3	888.659	0.0	989.269	null	1802.239	0.088
2.2	0.04675	28500.0	2821.875	2259.375	NaN	NaN	NaN	0	0	0	0	0	1	1	0	0	0	0	0	1	0	0	0	0	0	0	0	1	0	0	0	1	26.0	0.097	0.284	NaN	NaN	0.231	0.631	NaN	NaN	6.93	22.085	NaN	NaN	0.0	"2.5"	"F0034"	0	0	"PR"	822.276	"wash-sc"	2.301	1	1	3	888.659	0.0	989.269	null	1812.165	0.085
1.3	0.047025	1312.5	2981.25	2240.625	NaN	NaN	NaN	0	0	0	0	0	0	0	0	0	0	0	0	0	0	0	0	0	0	0	0	1	0	0	0	1	16.0	0.113	0.282	NaN	NaN	0.269	0.627	NaN	NaN	8.07	21.945	NaN	NaN	0.0	"2.5"	"F0034"	0	0	"PR"	832.307	"diffuse"	2.208	1	1	4	888.659	0.0	989.269	null	1822.196	0.084
1.3	0.0462	1312.5	3000.0	2278.125	NaN	NaN	NaN	0	0	0	0	0	0	0	0	0	0	0	0	0	0	0	0	0	0	0	0	1	0	0	0	1	16.0	0.115	0.286	NaN	NaN	0.274	0.636	NaN	NaN	8.22	22.26	NaN	NaN	0.0	"2.5"	"F0034"	0	0	"PR"	842.35	"diffuse"	12.251	1	1	4	888.659	0.0	989.269	null	1832.239	0.088
1.2	0.04675	2250.0	2990.625	2278.125	NaN	NaN	NaN	0	0	0	0	0	0	0	0	0	0	0	0	0	0	0	0	0	0	0	0	1	0	0	0	1	14.0	0.114	0.286	NaN	NaN	0.271	0.636	NaN	NaN	8.13	22.26	NaN	NaN	0.0	"2.5"	"F0034"	0	0	"PR"	852.385	"diffuse"	22.286	1	1	4	888.659	0.0	989.269	null	1842.274	0.086
-11.8	0.045925	30000.0	2803.125	2259.375	NaN	NaN	NaN	0	0	0	0	0	1	1	0	0	0	0	0	1	0	0	0	0	1	1	0	1	1	1	0	1	-142.0	0.095	0.284	NaN	NaN	0.226	0.631	NaN	NaN	6.78	22.085	NaN	NaN	0.0	"2.5"	"F0034"	1	0	"PR"	862.304	"wash-en"	2.096	1	1	4	888.659	0.0	989.269	null	1852.193	0.084
-11.4	0.046475	30187.5	2821.875	2259.375	NaN	NaN	NaN	0	0	0	0	0	1	1	0	0	0	0	0	1	0	0	0	0	1	1	0	1	1	1	0	1	-137.0	0.097	0.284	NaN	NaN	0.231	0.631	NaN	NaN	6.93	22.085	NaN	NaN	0.0	"2.5"	"F0034"	1	0	"PR"	872.341	"wash-en"	12.133	1	1	4	888.659	0.0	989.269	null	1862.23	0.088
2.2	0.04675	30000.0	2812.5	2278.125	NaN	NaN	NaN	0	0	0	0	0	1	1	0	0	0	0	0	1	0	0	0	0	0	0	0	1	0	0	0	1	26.0	0.096	0.286	NaN	NaN	0.229	0.636	NaN	NaN	6.87	22.26	NaN	NaN	0.0	"2.5"	"F0034"	0	0	"PR"	882.264	"wash-sc"	1.895	1	1	4	888.659	0.0	989.269	null	1872.153	0.084
1.7	0.0462	-1500.0	2709.375	2278.125	NaN	NaN	NaN	0	0	0	0	1	0	0	0	0	0	0	0	0	0	0	0	0	0	0	0	1	0	0	0	1	20.0	0.086	0.286	NaN	NaN	0.205	0.636	NaN	NaN	6.15	22.26	NaN	NaN	0.0	"2.5"	"F0034"	0	0	"PR"	892.3	"drain-rg"	1.804	1	1	4	888.659	0.0	989.269	null	1882.189	0.084
1.4	0.045925	187.5	2428.125	2306.25	NaN	NaN	NaN	0	0	0	0	1	0	0	0	0	0	0	0	0	0	0	0	0	0	0	0	1	0	0	0	1	17.0	0.058	0.289	NaN	NaN	0.138	0.642	NaN	NaN	4.14	22.47	NaN	NaN	0.0	"2.5"	"F0034"	0	0	"PR"	902.34	"drain-rg"	11.844	1	1	4	888.659	0.0	989.269	null	1892.229	0.086
1.1	0.045925	-1125.0	2006.25	2268.75	NaN	NaN	NaN	0	0	0	0	1	0	0	0	0	0	0	0	0	0	0	0	0	0	0	0	1	0	0	0	1	13.0	0.016	0.285	NaN	NaN	0.038	0.633	NaN	NaN	1.14	22.155	NaN	NaN	0.0	"2.5"	"F0034"	0	0	"PR"	912.375	"drain-rg"	21.879	1	1	4	888.659	0.0	989.269	null	1902.264	0.084
1.3	0.0462	-375.0	1612.5	2278.125	NaN	NaN	NaN	0	0	0	0	1	0	0	0	0	0	0	0	0	0	0	0	0	0	0	0	1	0	0	0	1	16.0	-0.024	0.286	NaN	NaN	-0.057	0.636	NaN	NaN	-1.71	22.26	NaN	NaN	0.0	"2.5"	"F0034"	0	0	"PR"	922.408	"drip-rg"	5.016	1	1	4	888.659	0.0	989.269	null	1912.297	0.084
1.2	0.0462	-562.5	-18.75	2278.125	NaN	NaN	NaN	0	0	0	0	1	0	0	0	0	0	0	0	0	0	0	0	0	0	0	0	1	0	0	0	1	14.0	-0.187	0.286	NaN	NaN	-0.445	0.636	NaN	NaN	-13.35	22.26	NaN	NaN	0.0	"2.5"	"F0034"	0	0	"PR"	932.446	"drip-rg"	15.054	1	1	4	888.659	0.0	989.269	null	1922.335	0.085
1.9	0.0462	28687.5	1884.375	2043.75	NaN	NaN	NaN	0	0	1	0	0	1	0	0	0	0	0	0	1	0	0	0	0	0	0	0	1	0	0	0	1	23.0	0.003	0.262	NaN	NaN	0.007	0.582	NaN	NaN	0.21	20.37	NaN	NaN	0.0	"2.5"	"F0034"	0	0	"FR"	9.051	"fill-rg-di"	8.85	2	1	0	1922.536	0.0	989.269	null	1932.211	0.091
0.8	0.04455	27937.5	2259.375	1809.375	NaN	NaN	NaN	0	0	1	0	0	1	0	0	0	0	0	0	1	0	0	0	0	0	0	0	1	0	0	0	1	10.0	0.041	0.239	NaN	NaN	0.098	0.531	NaN	NaN	2.94	18.585	NaN	NaN	0.0	"2.5"	"F0034"	0	0	"FR"	19.09	"fill-rg-di"	18.889	2	1	0	1922.536	0.0	989.269	null	1942.25	0.084
0.6	0.044	29250.0	2559.375	1556.25	NaN	NaN	NaN	0	0	1	0	0	1	0	0	0	0	0	0	1	0	0	0	0	0	0	0	1	0	0	0	1	7.0	0.071	0.214	NaN	NaN	0.169	0.476	NaN	NaN	5.07	16.66	NaN	NaN	0.0	"2.5"	"F0034"	0	0	"FR"	29.122	"fill-rg-di"	28.921	2	1	0	1922.536	0.0	989.269	null	1952.282	0.084
2.9	0.042625	27937.5	2859.375	1293.75	NaN	NaN	NaN	0	0	1	0	0	1	0	0	0	0	0	0	1	0	0	0	0	0	0	0	1	0	0	0	1	35.0	0.101	0.187	NaN	NaN	0.24	0.416	NaN	NaN	7.2	14.56	NaN	NaN	0.0	"2.5"	"F0034"	0	0	"FR"	39.161	"fill-rg-di"	38.96	2	1	0	1922.536	0.0	989.269	null	1962.321	0.085
1.1	0.0407	30000.0	3168.75	1031.25	NaN	NaN	NaN	0	0	1	0	0	1	0	0	0	0	0	0	1	0	0	0	0	0	0	0	1	0	0	0	1	13.0	0.132	0.161	NaN	NaN	0.314	0.358	NaN	NaN	9.42	12.53	NaN	NaN	0.0	"2.5"	"F0034"	0	0	"FR"	49.193	"fill-rg-di"	48.992	2	1	0	1922.536	0.0	989.269	null	1972.353	0.084
0.8	0.040425	1875.0	2746.875	993.75	NaN	NaN	NaN	0	0	0	0	1	0	0	0	0	0	0	0	0	0	0	0	0	0	0	0	1	0	0	0	1	10.0	0.09	0.157	NaN	NaN	0.214	0.349	NaN	NaN	6.42	12.215	NaN	NaN	0.0	"2.5"	"F0034"	0	0	"FR"	59.223	"drain-rg"	7.22	2	1	0	1922.536	0.0	989.269	null	1982.383	0.084
1.3	0.040425	1312.5	2418.75	984.375	NaN	NaN	NaN	0	0	0	0	1	0	0	0	0	0	0	0	0	0	0	0	0	0	0	0	1	0	0	0	1	16.0	0.057	0.156	NaN	NaN	0.136	0.347	NaN	NaN	4.08	12.145	NaN	NaN	0.0	"2.5"	"F0034"	0	0	"FR"	69.267	"drain-rg"	17.264	2	1	0	1922.536	0.0	989.269	null	1992.427	0.086
1.7	0.040975	2437.5	2081.25	993.75	NaN	NaN	NaN	0	0	0	0	1	0	0	0	0	0	0	0	0	0	0	0	0	0	0	0	1	0	0	0	1	20.0	0.023	0.157	NaN	NaN	0.055	0.349	NaN	NaN	1.65	12.215	NaN	NaN	0.0	"2.5"	"F0034"	0	0	"FR"	79.295	"drain-rg"	27.292	2	1	0	1922.536	0.0	989.269	null	2002.455	0.084
1.1	0.0407	2250.0	1668.75	984.375	NaN	NaN	NaN	0	0	0	0	1	0	0	0	0	0	0	0	0	0	0	0	0	0	0	0	1	0	0	0	1	13.0	-0.018	0.156	NaN	NaN	-0.043	0.347	NaN	NaN	-1.29	12.145	NaN	NaN	0.0	"2.5"	"F0034"	0	0	"FR"	89.33	"drip-rg"	3.813	2	1	0	1922.536	0.0	989.269	null	2012.49	0.084
1.3	0.0407	2250.0	-18.75	984.375	NaN	NaN	NaN	0	0	0	0	1	0	0	0	0	0	0	0	0	0	0	0	0	0	0	0	1	0	0	0	1	16.0	-0.187	0.156	NaN	NaN	-0.445	0.347	NaN	NaN	-13.35	12.145	NaN	NaN	0.0	"2.5"	"F0034"	0	0	"FR"	99.171	"drip-rg"	13.654	2	1	0	1922.536	0.0	989.269	null	2022.331	0.092
0.9	0.040975	27375.0	1828.125	787.5	NaN	NaN	NaN	0	0	1	0	0	1	0	0	0	0	0	0	1	0	0	0	0	0	0	0	1	0	0	0	1	11.0	-0.002	0.137	NaN	NaN	-0.005	0.304	NaN	NaN	-0.15	10.64	NaN	NaN	0.0	"2.5"	"F0034"	0	0	"PR"	7.845	"fill-rg-di"	7.644	2	0	0	1922.536	0.0	2023.936	null	2032.405	0.087
1.1	0.039875	28875.0	2203.125	553.125	NaN	NaN	NaN	0	0	1	0	0	1	0	0	0	0	0	0	1	0	0	0	0	0	0	0	1	0	0	0	1	13.0	0.035	0.113	NaN	NaN	0.083	0.251	NaN	NaN	2.49	8.785	NaN	NaN	0.0	"2.5"	"F0034"	0	0	"PR"	17.881	"fill-rg-di"	17.68	2	0	0	1922.536	0.0	2023.936	null	2042.441	0.088
0.4	0.039325	30562.5	2512.5	300.0	NaN	NaN	NaN	0	0	1	0	0	1	0	0	0	0	0	0	1	0	0	0	0	0	0	0	1	0	0	0	1	5.0	0.066	0.088	NaN	NaN	0.157	0.196	NaN	NaN	4.71	6.86	NaN	NaN	0.0	"2.5"	"F0034"	0	0	"PR"	27.914	"fill-rg-di"	27.713	2	0	0	1922.536	0.0	2023.936	null	2052.474	0.086
0.2	0.0385	2812.5	2784.375	93.75	NaN	NaN	NaN	1	0	0	0	0	0	0	0	0	0	0	0	0	1	0	0	0	0	0	0	1	0	0	0	1	2.0	0.093	0.067	NaN	NaN	0.221	0.149	NaN	NaN	6.63	5.215	NaN	NaN	0.0	"2.5"	"F0034"	0	0	"PR"	37.954	"fill-di-lb"	1.205	2	0	0	1922.536	0.0	2023.936	null	2062.514	0.088
1.0	0.0385	1875.0	2746.875	393.75	NaN	NaN	NaN	1	0	0	0	0	0	0	0	0	0	0	0	0	1	0	0	0	0	0	0	1	0	0	0	1	12.0	0.09	0.097	NaN	NaN	0.214	0.216	NaN	NaN	6.42	7.56	NaN	NaN	0.0	"2.5"	"F0034"	0	0	"PR"	47.991	"fill-di-lb"	11.242	2	0	0	1922.536	0.0	2023.936	null	2072.551	0.086
0.9	0.038775	2625.0	2784.375	675.0	NaN	NaN	NaN	1	0	0	0	0	0	0	0	0	0	0	0	0	1	0	0	0	0	0	0	1	0	0	0	1	11.0	0.093	0.126	NaN	NaN	0.221	0.28	NaN	NaN	6.63	9.8	NaN	NaN	0.0	"2.5"	"F0034"	0	0	"PR"	57.821	"fill-di-lb"	21.072	2	0	0	1922.536	0.0	2023.936	null	2082.381	0.087
0.6	0.03905	3562.5	2765.625	993.75	NaN	NaN	NaN	1	0	0	0	0	0	0	0	0	0	0	0	0	1	0	0	0	0	0	0	1	0	0	0	1	7.0	0.092	0.157	NaN	NaN	0.219	0.349	NaN	NaN	6.57	12.215	NaN	NaN	0.0	"2.5"	"F0034"	0	0	"PR"	67.859	"fill-di-lb"	31.11	2	0	0	1922.536	0.0	2023.936	null	2092.419	0.092
1.9	0.038775	3000.0	2784.375	1303.125	NaN	NaN	NaN	1	0	0	0	0	0	0	0	0	0	0	0	0	1	0	0	0	0	0	0	1	0	0	0	1	23.0	0.093	0.188	NaN	NaN	0.221	0.418	NaN	NaN	6.63	14.63	NaN	NaN	0.0	"2.5"	"F0034"	0	0	"PR"	77.899	"fill-di-lb"	41.15	2	0	0	1922.536	0.0	2023.936	null	2102.459	0.088
0.1	0.038225	1875.0	2784.375	1565.625	NaN	NaN	NaN	1	0	0	0	0	0	0	0	0	0	0	0	0	1	0	0	0	0	0	0	1	0	0	0	1	1.0	0.093	0.215	NaN	NaN	0.221	0.478	NaN	NaN	6.63	16.73	NaN	NaN	0.0	"2.5"	"F0034"	0	0	"PR"	87.929	"fill-di-lb"	51.18	2	0	0	1922.536	0.0	2023.936	null	2112.489	0.09
1.3	0.0385	1875.0	2784.375	1884.375	NaN	NaN	NaN	1	0	0	0	0	0	0	0	0	0	0	0	0	1	0	0	0	0	0	0	1	0	0	0	1	16.0	0.093	0.246	NaN	NaN	0.221	0.547	NaN	NaN	6.63	19.145	NaN	NaN	0.0	"2.5"	"F0034"	0	0	"PR"	97.97	"fill-di-lb"	61.221	2	0	0	1922.536	0.0	2023.936	null	2122.53	0.092
0.6	0.03905	2250.0	2775.0	2156.25	NaN	NaN	NaN	1	0	0	0	0	0	0	0	0	0	0	0	0	1	0	0	0	0	0	0	1	0	0	0	1	7.0	0.093	0.274	NaN	NaN	0.221	0.609	NaN	NaN	6.63	21.315	NaN	NaN	0.0	"2.5"	"F0034"	0	0	"PR"	108.005	"fill-di-lb"	71.256	2	0	0	1922.536	0.0	2023.936	null	2132.565	0.09
2.1	0.0385	30187.5	2981.25	2118.75	NaN	NaN	NaN	1	0	0	0	0	0	0	0	0	0	0	0	0	1	0	0	0	0	0	0	1	0	0	0	1	25.0	0.113	0.27	NaN	NaN	0.269	0.6	NaN	NaN	8.07	21.0	NaN	NaN	0.0	"2.5"	"F0034"	0	0	"PR"	117.839	"fill-di"	0.2	2	0	0	1922.536	0.0	2023.936	null	2142.399	0.091
-11.4	0.038225	33187.5	2981.25	2531.25	NaN	NaN	NaN	0	1	1	0	0	0	0	0	0	0	0	0	1	0	0	0	0	1	1	0	1	1	1	0	1	-137.0	0.113	0.311	NaN	NaN	0.269	0.691	NaN	NaN	8.07	24.185	NaN	NaN	0.0	"2.5"	"F0034"	1	0	"PR"	128.086	"deionize"	5.228	2	1	0	1922.536	0.0	2023.936	null	2152.646	0.087
-12.0	0.0385	34125.0	2981.25	2606.25	NaN	NaN	NaN	0	1	1	0	0	0	0	0	0	0	0	0	1	0	0	0	0	1	1	0	1	1	1	0	1	-144.0	0.113	0.319	NaN	NaN	0.269	0.709	NaN	NaN	8.07	24.815	NaN	NaN	0.0	"2.5"	"F0034"	1	0	"PR"	137.924	"deionize"	15.066	2	1	0	1922.536	0.0	2023.936	null	2162.484	0.091
-12.6	0.0385	32250.0	2962.5	2625.0	NaN	NaN	NaN	0	1	1	0	0	0	0	0	0	0	0	0	1	0	0	0	0	1	1	0	1	1	1	0	1	-151.0	0.111	0.321	NaN	NaN	0.264	0.713	NaN	NaN	7.92	24.955	NaN	NaN	0.0	"2.5"	"F0034"	1	0	"PR"	147.967	"deionize"	25.109	2	1	0	1922.536	0.0	2023.936	null	2172.527	0.093
-11.9	0.03795	33187.5	2971.875	2550.0	NaN	NaN	NaN	0	1	1	0	0	0	0	0	0	0	0	0	1	0	0	0	0	1	1	0	1	1	1	0	1	-143.0	0.112	0.313	NaN	NaN	0.267	0.696	NaN	NaN	8.01	24.36	NaN	NaN	0.0	"2.5"	"F0034"	1	0	"PR"	158.003	"deionize"	35.145	2	1	0	1922.536	0.0	2023.936	null	2182.563	0.091
-11.5	0.0374	33750.0	2971.875	2568.75	NaN	NaN	NaN	0	1	1	0	0	0	0	0	0	0	0	0	1	0	0	0	0	1	1	0	1	1	1	0	1	-138.0	0.112	0.315	NaN	NaN	0.267	0.7	NaN	NaN	8.01	24.5	NaN	NaN	0.0	"2.5"	"F0034"	1	0	"PR"	168.038	"deionize"	45.18	2	1	0	1922.536	0.0	2023.936	null	2192.598	0.091
-11.8	0.037125	34125.0	2981.25	2615.625	NaN	NaN	NaN	0	1	1	0	0	0	0	0	0	0	0	0	1	0	0	0	0	1	1	0	1	1	1	0	1	-142.0	0.113	0.32	NaN	NaN	0.269	0.711	NaN	NaN	8.07	24.885	NaN	NaN	0.0	"2.5"	"F0034"	1	0	"PR"	178.077	"deionize"	55.219	2	1	0	1922.536	0.0	2023.936	null	2202.637	0.092
-11.2	0.03685	30000.0	2971.875	2568.75	NaN	NaN	NaN	0	1	1	0	0	0	0	0	0	0	0	0	1	0	0	0	0	1	1	0	1	1	1	0	1	-134.0	0.112	0.315	NaN	NaN	0.267	0.7	NaN	NaN	8.01	24.5	NaN	NaN	0.0	"2.5"	"F0034"	1	0	"PR"	188.113	"deionize"	65.255	2	1	0	1922.536	0.0	2023.936	null	2212.673	0.09
-12.4	0.036575	33187.5	2981.25	2606.25	NaN	NaN	NaN	0	1	1	0	0	0	0	0	0	0	0	0	1	0	0	0	0	1	1	0	1	1	1	0	1	-149.0	0.113	0.319	NaN	NaN	0.269	0.709	NaN	NaN	8.07	24.815	NaN	NaN	0.0	"2.5"	"F0034"	1	0	"PR"	198.151	"deionize"	75.293	2	1	0	1922.536	0.0	2023.936	null	2222.711	0.092
-11.6	0.0363	32062.5	2981.25	2512.5	NaN	NaN	NaN	0	1	1	0	0	0	0	0	0	0	0	0	1	0	0	0	0	1	1	0	1	1	1	0	1	-139.0	0.113	0.309	NaN	NaN	0.269	0.687	NaN	NaN	8.07	24.045	NaN	NaN	0.0	"2.5"	"F0034"	1	0	"PR"	207.988	"deionize"	85.13	2	1	0	1922.536	0.0	2023.936	null	2232.548	0.084
-11.3	0.03575	33937.5	2943.75	2643.75	NaN	NaN	NaN	0	1	1	0	0	0	0	0	0	0	0	0	1	0	0	0	0	1	1	0	1	1	1	0	1	-136.0	0.109	0.322	NaN	NaN	0.26	0.716	NaN	NaN	7.8	25.06	NaN	NaN	0.0	"2.5"	"F0034"	1	0	"PR"	218.024	"deionize"	95.166	2	1	0	1922.536	0.0	2023.936	null	2242.584	0.087
-11.8	0.034925	33000.0	2971.875	2559.375	NaN	NaN	NaN	0	1	1	0	0	0	0	0	0	0	0	0	1	0	0	0	0	1	1	0	1	1	1	0	1	-142.0	0.112	0.314	NaN	NaN	0.267	0.698	NaN	NaN	8.01	24.43	NaN	NaN	0.0	"2.5"	"F0034"	1	0	"PR"	228.064	"deionize"	105.206	2	1	0	1922.536	0.0	2023.936	null	2252.624	0.089
-11.7	0.0341	33562.5	2962.5	2578.125	NaN	NaN	NaN	0	1	1	0	0	0	0	0	0	0	0	0	1	0	0	0	0	1	1	0	1	1	1	0	1	-140.0	0.111	0.316	NaN	NaN	0.264	0.702	NaN	NaN	7.92	24.57	NaN	NaN	0.0	"2.5"	"F0034"	1	0	"PR"	238.097	"deionize"	115.239	2	1	0	1922.536	0.0	2023.936	null	2262.657	0.087
-12.0	0.033825	33000.0	2981.25	2568.75	NaN	NaN	NaN	0	1	1	0	0	0	0	0	0	0	0	0	1	0	0	0	0	1	1	0	1	1	1	0	1	-144.0	0.113	0.315	NaN	NaN	0.269	0.7	NaN	NaN	8.07	24.5	NaN	NaN	0.0	"2.5"	"F0034"	1	0	"PR"	248.129	"deionize"	125.271	2	1	0	1922.536	0.0	2023.936	null	2272.689	0.091
-11.6	0.0341	32250.0	2981.25	2587.5	NaN	NaN	NaN	0	1	1	0	0	0	0	0	0	0	0	0	1	0	0	0	0	1	1	0	1	1	1	0	1	-139.0	0.113	0.317	NaN	NaN	0.269	0.704	NaN	NaN	8.07	24.64	NaN	NaN	0.0	"2.5"	"F0034"	1	0	"PR"	258.172	"deionize"	135.314	2	1	0	1922.536	0.0	2023.936	null	2282.732	0.093
-11.7	0.033	31500.0	2971.875	2550.0	NaN	NaN	NaN	0	1	1	0	0	0	0	0	0	0	0	0	1	0	0	0	0	1	1	0	1	1	1	0	1	-140.0	0.112	0.313	NaN	NaN	0.267	0.696	NaN	NaN	8.01	24.36	NaN	NaN	0.0	"2.5"	"F0034"	1	0	"PR"	268.208	"deionize"	145.35	2	1	0	1922.536	0.0	2023.936	null	2292.768	0.091
-11.9	0.032725	32812.5	2981.25	2540.625	NaN	NaN	NaN	0	1	1	0	0	0	0	0	0	0	0	0	1	0	0	0	0	1	1	0	1	1	1	0	1	-143.0	0.113	0.312	NaN	NaN	0.269	0.693	NaN	NaN	8.07	24.255	NaN	NaN	0.0	"2.5"	"F0034"	1	0	"PR"	278.247	"deionize"	155.389	2	1	0	1922.536	0.0	2023.936	null	2302.807	0.092
-11.7	0.03245	34312.5	2962.5	2596.875	NaN	NaN	NaN	0	1	1	0	0	0	0	0	0	0	0	0	1	0	0	0	0	1	1	0	1	1	1	0	1	-140.0	0.111	0.318	NaN	NaN	0.264	0.707	NaN	NaN	7.92	24.745	NaN	NaN	0.0	"2.5"	"F0034"	1	0	"PR"	288.084	"deionize"	165.226	2	1	0	1922.536	0.0	2023.936	null	2312.644	0.084
-11.3	0.032175	33750.0	2962.5	2550.0	NaN	NaN	NaN	0	1	1	0	0	0	0	0	0	0	0	0	1	0	0	0	0	1	1	0	1	1	1	0	1	-136.0	0.111	0.313	NaN	NaN	0.264	0.696	NaN	NaN	7.92	24.36	NaN	NaN	0.0	"2.5"	"F0034"	1	0	"PR"	298.119	"deionize"	175.261	2	1	0	1922.536	0.0	2023.936	null	2322.679	0.087
-12.0	0.0319	30750.0	2971.875	2550.0	NaN	NaN	NaN	0	1	1	0	0	0	0	0	0	0	0	0	1	0	0	0	0	1	1	0	1	1	1	0	1	-144.0	0.112	0.313	NaN	NaN	0.267	0.696	NaN	NaN	8.01	24.36	NaN	NaN	0.0	"2.5"	"F0034"	1	0	"PR"	308.154	"deionize"	185.296	2	1	0	1922.536	0.0	2023.936	null	2332.714	0.088
-11.1	0.03135	31500.0	2981.25	2578.125	NaN	NaN	NaN	0	1	1	0	0	0	0	0	0	0	0	0	1	0	0	0	0	1	1	0	1	1	1	0	1	-133.0	0.113	0.316	NaN	NaN	0.269	0.702	NaN	NaN	8.07	24.57	NaN	NaN	0.0	"2.5"	"F0034"	1	0	"PR"	318.194	"deionize"	195.336	2	1	0	1922.536	0.0	2023.936	null	2342.754	0.087
-11.6	0.03135	32812.5	2981.25	2559.375	NaN	NaN	NaN	0	1	1	0	0	0	0	0	0	0	0	0	1	0	0	0	0	1	1	0	1	1	1	0	1	-139.0	0.113	0.314	NaN	NaN	0.269	0.698	NaN	NaN	8.07	24.43	NaN	NaN	0.0	"2.5"	"F0034"	1	0	"PR"	328.228	"deionize"	205.37	2	1	0	1922.536	0.0	2023.936	null	2352.788	0.084
-11.0	0.0308	32250.0	2981.25	2662.5	NaN	NaN	NaN	0	1	1	0	0	0	0	0	0	0	0	0	1	0	0	0	0	1	1	0	1	1	1	0	1	-132.0	0.113	0.324	NaN	NaN	0.269	0.72	NaN	NaN	8.07	25.2	NaN	NaN	0.0	"2.5"	"F0034"	1	0	"PR"	338.269	"deionize"	215.411	2	1	0	1922.536	0.0	2023.936	null	2362.829	0.089
-10.6	0.0297	31875.0	2981.25	2540.625	NaN	NaN	NaN	0	1	1	0	0	0	0	0	0	0	0	0	1	0	0	0	0	1	1	0	1	1	1	0	1	-127.0	0.113	0.312	NaN	NaN	0.269	0.693	NaN	NaN	8.07	24.255	NaN	NaN	0.0	"2.5"	"F0034"	1	0	"PR"	348.308	"deionize"	225.45	2	1	0	1922.536	0.0	2023.936	null	2372.868	0.087
-11.3	0.03025	34875.0	2962.5	2540.625	NaN	NaN	NaN	0	1	1	0	0	0	0	0	0	0	0	0	1	0	0	0	0	1	1	0	1	1	1	0	1	-136.0	0.111	0.312	NaN	NaN	0.264	0.693	NaN	NaN	7.92	24.255	NaN	NaN	0.0	"2.5"	"F0034"	1	0	"PR"	358.346	"deionize"	235.488	2	1	0	1922.536	0.0	2023.936	null	2382.906	0.091
-10.6	0.029975	30375.0	2981.25	2587.5	NaN	NaN	NaN	0	1	1	0	0	0	0	0	0	0	0	0	1	0	0	0	1	1	1	0	1	1	1	0	1	-127.0	0.113	0.317	NaN	NaN	0.269	0.704	NaN	NaN	8.07	24.64	NaN	NaN	0.0	"2.5"	"F0034"	1	0	"PR"	368.295	"deionize-uv"	5.33	2	1	0	1922.536	0.0	2023.936	null	2392.855	0.086
-10.3	0.029425	33750.0	2971.875	2559.375	NaN	NaN	NaN	0	1	1	0	0	0	0	0	0	0	0	0	1	0	0	0	1	1	1	0	1	1	1	0	1	-124.0	0.112	0.314	NaN	NaN	0.267	0.698	NaN	NaN	8.01	24.43	NaN	NaN	0.0	"2.5"	"F0034"	1	0	"PR"	378.328	"deionize-uv"	15.363	2	1	0	1922.536	0.0	2023.936	null	2402.888	0.086
-9.8	0.02915	34312.5	2971.875	2531.25	NaN	NaN	NaN	0	1	1	0	0	0	0	0	0	0	0	0	1	0	0	0	1	1	1	0	1	1	1	0	1	-118.0	0.112	0.311	NaN	NaN	0.267	0.691	NaN	NaN	8.01	24.185	NaN	NaN	0.0	"2.5"	"F0034"	1	0	"PR"	388.364	"deionize-uv"	25.399	2	1	0	1922.536	0.0	2023.936	null	2412.924	0.088
-10.0	0.0286	33937.5	2953.125	2587.5	NaN	NaN	NaN	0	1	1	0	0	0	0	0	0	0	0	0	1	0	0	0	1	1	1	0	1	1	1	0	1	-120.0	0.11	0.317	NaN	NaN	0.262	0.704	NaN	NaN	7.86	24.64	NaN	NaN	0.0	"2.5"	"F0034"	1	0	"PR"	398.198	"deionize-uv"	35.233	2	1	0	1922.536	0.0	2023.936	null	2422.758	0.084
-10.5	0.028875	29812.5	2981.25	2512.5	NaN	NaN	NaN	0	1	1	0	0	0	0	0	0	0	0	0	1	0	0	0	1	1	1	0	1	1	1	0	1	-126.0	0.113	0.309	NaN	NaN	0.269	0.687	NaN	NaN	8.07	24.045	NaN	NaN	0.0	"2.5"	"F0034"	1	0	"PR"	408.232	"deionize-uv"	45.267	2	1	0	1922.536	0.0	2023.936	null	2432.792	0.084
-9.9	0.0286	31875.0	2971.875	2578.125	NaN	NaN	NaN	0	1	1	0	0	0	0	0	0	0	0	0	1	0	0	0	1	1	1	0	1	1	1	0	1	-119.0	0.112	0.316	NaN	NaN	0.267	0.702	NaN	NaN	8.01	24.57	NaN	NaN	0.0	"2.5"	"F0034"	1	0	"PR"	418.271	"deionize-uv"	55.306	2	1	0	1922.536	0.0	2023.936	null	2442.831	0.086
-8.5	0.028325	33187.5	2943.75	2615.625	NaN	NaN	NaN	0	1	1	0	0	0	0	0	0	0	0	0	1	0	0	0	1	1	1	0	1	1	1	0	1	-102.0	0.109	0.32	NaN	NaN	0.26	0.711	NaN	NaN	7.8	24.885	NaN	NaN	0.0	"2.5"	"F0034"	1	0	"PR"	428.303	"deionize-uv"	65.338	2	1	0	1922.536	0.0	2023.936	null	2452.863	0.084
-8.9	0.0286	31687.5	2981.25	2568.75	NaN	NaN	NaN	0	1	1	0	0	0	0	0	0	0	0	0	1	0	0	0	1	1	1	0	1	1	1	0	1	-107.0	0.113	0.315	NaN	NaN	0.269	0.7	NaN	NaN	8.07	24.5	NaN	NaN	0.0	"2.5"	"F0034"	1	0	"PR"	438.336	"deionize-uv"	75.371	2	1	0	1922.536	0.0	2023.936	null	2462.896	0.084
-9.3	0.0275	30375.0	2981.25	2587.5	NaN	NaN	NaN	0	1	1	0	0	0	0	0	0	0	0	0	1	0	0	0	1	1	1	0	1	1	1	0	1	-112.0	0.113	0.317	NaN	NaN	0.269	0.704	NaN	NaN	8.07	24.64	NaN	NaN	0.0	"2.5"	"F0034"	1	0	"PR"	448.375	"deionize-uv"	85.41	2	1	0	1922.536	0.0	2023.936	null	2472.935	0.085
-9.2	0.02695	32437.5	2971.875	2540.625	NaN	NaN	NaN	0	1	1	0	0	0	0	0	0	0	0	0	1	0	0	0	1	1	1	0	1	1	1	0	1	-110.0	0.112	0.312	NaN	NaN	0.267	0.693	NaN	NaN	8.01	24.255	NaN	NaN	0.0	"2.5"	"F0034"	1	0	"PR"	458.409	"deionize-uv"	95.444	2	1	0	1922.536	0.0	2023.936	null	2482.969	0.083
-10.1	0.026675	34687.5	2971.875	2615.625	NaN	NaN	NaN	0	1	1	0	0	0	0	0	0	0	0	0	1	0	0	0	1	1	1	0	1	1	1	0	1	-121.0	0.112	0.32	NaN	NaN	0.267	0.711	NaN	NaN	8.01	24.885	NaN	NaN	0.0	"2.5"	"F0034"	1	0	"PR"	468.441	"deionize-uv"	105.476	2	1	0	1922.536	0.0	2023.936	null	2493.001	0.084
-9.1	0.02695	33187.5	2962.5	2568.75	NaN	NaN	NaN	0	1	1	0	0	0	0	0	0	0	0	0	1	0	0	0	1	1	1	0	1	1	1	0	1	-109.0	0.111	0.315	NaN	NaN	0.264	0.7	NaN	NaN	7.92	24.5	NaN	NaN	0.0	"2.5"	"F0034"	1	0	"PR"	478.479	"deionize-uv"	115.514	2	1	0	1922.536	0.0	2023.936	null	2503.039	0.088
-9.0	0.02695	31312.5	3000.0	2118.75	NaN	NaN	NaN	0	0	1	0	0	0	0	1	0	0	0	0	1	0	0	0	1	1	1	0	1	1	1	0	1	-108.0	0.115	0.27	NaN	NaN	0.274	0.6	NaN	NaN	8.22	21.0	NaN	NaN	0.0	"2.5"	"F0034"	1	0	"PR"	488.349	"drip-di-1"	4.324	2	1	0	1922.536	0.0	2023.936	null	2512.909	0.087
-9.2	0.0264	31875.0	2971.875	1875.0	NaN	NaN	NaN	0	0	1	0	0	0	0	1	0	0	0	0	1	0	0	0	1	1	1	0	1	1	1	0	1	-110.0	0.112	0.245	NaN	NaN	0.267	0.544	NaN	NaN	8.01	19.04	NaN	NaN	0.0	"2.5"	"F0034"	1	0	"PR"	498.385	"drip-di-1"	14.36	2	1	0	1922.536	0.0	2023.936	null	2522.945	0.087
12.4	0.02695	29625.0	2821.875	2146.875	NaN	NaN	NaN	1	0	0	0	0	1	1	0	0	0	0	0	1	1	0	0	0	1	1	1	0	1	1	1	0	149.0	0.097	0.273	NaN	NaN	0.231	0.607	NaN	NaN	6.93	21.245	NaN	NaN	0.0	"2.5"	"F0034"	1	1	"PR"	508.389	"reverse-f"	9.2	2	1	0	1922.536	0.0	2023.936	null	2532.949	0.084
10.5	0.02805	29250.0	2859.375	2259.375	NaN	NaN	NaN	0	0	0	0	0	1	1	0	0	0	0	0	1	0	0	0	0	1	1	1	0	1	1	1	0	126.0	0.101	0.284	NaN	NaN	0.24	0.631	NaN	NaN	7.2	22.085	NaN	NaN	0.0	"2.5"	"F0034"	1	1	"PR"	518.334	"reverse"	19.145	2	1	0	1922.536	0.0	2023.936	null	2542.894	0.09
12.5	0.030525	28125.0	2831.25	2250.0	NaN	NaN	NaN	0	0	0	0	0	1	1	0	0	0	0	0	1	0	0	0	0	1	1	1	0	1	1	1	0	150.0	0.098	0.283	NaN	NaN	0.233	0.629	NaN	NaN	6.99	22.015	NaN	NaN	0.0	"2.5"	"F0034"	1	1	"PR"	528.375	"reverse"	29.186	2	1	0	1922.536	0.0	2023.936	null	2552.935	0.085
12.5	0.032175	30000.0	2821.875	2240.625	NaN	NaN	NaN	0	0	0	0	0	1	1	0	0	0	0	0	1	0	0	0	0	1	1	1	0	1	1	1	0	150.0	0.097	0.282	NaN	NaN	0.231	0.627	NaN	NaN	6.93	21.945	NaN	NaN	0.0	"2.5"	"F0034"	1	1	"PR"	538.409	"reverse"	39.22	2	1	0	1922.536	0.0	2023.936	null	2562.969	0.084
12.4	0.033825	30000.0	2812.5	2240.625	NaN	NaN	NaN	0	0	0	0	0	1	1	0	0	0	0	0	1	0	0	0	0	1	1	1	0	1	1	1	0	149.0	0.096	0.282	NaN	NaN	0.229	0.627	NaN	NaN	6.87	21.945	NaN	NaN	0.0	"2.5"	"F0034"	1	1	"PR"	548.444	"reverse"	49.255	2	1	0	1922.536	0.0	2023.936	null	2573.004	0.084
12.4	0.03575	30000.0	2812.5	2240.625	NaN	NaN	NaN	0	0	0	0	0	1	1	0	0	0	0	0	1	0	0	0	0	1	1	1	0	1	1	1	0	149.0	0.096	0.282	NaN	NaN	0.229	0.627	NaN	NaN	6.87	21.945	NaN	NaN	0.0	"2.5"	"F0034"	1	1	"PR"	558.483	"reverse"	59.294	2	1	0	1922.536	0.0	2023.936	null	2583.043	0.084
12.6	0.037675	26812.5	2793.75	2240.625	NaN	NaN	NaN	0	0	0	0	0	1	1	0	0	0	0	0	1	0	0	0	0	1	1	1	0	1	1	1	0	151.0	0.094	0.282	NaN	NaN	0.224	0.627	NaN	NaN	6.72	21.945	NaN	NaN	0.0	"2.5"	"F0034"	1	1	"PR"	568.514	"reverse"	69.325	2	1	0	1922.536	0.0	2023.936	null	2593.074	0.084
12.4	0.038775	29250.0	2821.875	2240.625	NaN	NaN	NaN	0	0	0	0	0	1	1	0	0	0	0	0	1	0	0	0	0	1	1	1	0	1	1	1	0	149.0	0.097	0.282	NaN	NaN	0.231	0.627	NaN	NaN	6.93	21.945	NaN	NaN	0.0	"2.5"	"F0034"	1	1	"PR"	578.551	"reverse"	79.362	2	1	0	1922.536	0.0	2023.936	null	2603.111	0.087
11.9	0.040425	29062.5	2793.75	2259.375	NaN	NaN	NaN	0	0	0	0	0	1	1	0	0	0	0	0	1	0	0	0	0	1	1	1	0	1	1	1	0	143.0	0.094	0.284	NaN	NaN	0.224	0.631	NaN	NaN	6.72	22.085	NaN	NaN	0.0	"2.5"	"F0034"	1	1	"PR"	588.589	"reverse"	89.4	2	1	0	1922.536	0.0	2023.936	null	2613.149	0.085
12.6	0.041525	30000.0	2831.25	2278.125	NaN	NaN	NaN	0	0	0	0	0	1	1	0	0	0	0	0	1	0	0	0	0	1	1	1	0	1	1	1	0	151.0	0.098	0.286	NaN	NaN	0.233	0.636	NaN	NaN	6.99	22.26	NaN	NaN	0.0	"2.5"	"F0034"	1	1	"PR"	598.423	"reverse"	99.234	2	1	0	1922.536	0.0	2023.936	null	2622.983	0.087
12.5	0.0418	27000.0	2840.625	2250.0	NaN	NaN	NaN	0	0	0	0	0	1	1	0	0	0	0	0	1	0	0	0	0	1	1	1	0	1	1	1	0	150.0	0.099	0.283	NaN	NaN	0.236	0.629	NaN	NaN	7.08	22.015	NaN	NaN	0.0	"2.5"	"F0034"	1	1	"PR"	608.456	"reverse"	109.267	2	1	0	1922.536	0.0	2023.936	null	2633.016	0.092
12.4	0.042625	29062.5	2812.5	2259.375	NaN	NaN	NaN	0	0	0	0	0	1	1	0	0	0	0	0	1	0	0	0	0	1	1	1	0	1	1	1	0	149.0	0.096	0.284	NaN	NaN	0.229	0.631	NaN	NaN	6.87	22.085	NaN	NaN	0.0	"2.5"	"F0034"	1	1	"PR"	618.492	"reverse"	119.303	2	1	0	1922.536	0.0	2023.936	null	2643.052	0.09
13.0	0.0429	29812.5	2831.25	2240.625	NaN	NaN	NaN	0	0	0	0	0	1	1	0	0	0	0	0	1	0	0	0	0	1	1	1	0	1	1	1	0	156.0	0.098	0.282	NaN	NaN	0.233	0.627	NaN	NaN	6.99	21.945	NaN	NaN	0.0	"2.5"	"F0034"	1	1	"PR"	628.523	"reverse"	129.334	2	1	0	1922.536	0.0	2023.936	null	2653.083	0.087
13.4	0.04345	30000.0	2812.5	2250.0	NaN	NaN	NaN	0	0	0	0	0	1	1	0	0	0	0	0	1	0	0	0	0	1	1	1	0	1	1	1	0	161.0	0.096	0.283	NaN	NaN	0.229	0.629	NaN	NaN	6.87	22.015	NaN	NaN	0.0	"2.5"	"F0034"	1	1	"PR"	638.562	"reverse"	139.373	2	1	0	1922.536	0.0	2023.936	null	2663.122	0.092
11.5	0.04345	29062.5	2784.375	2278.125	NaN	NaN	NaN	0	0	0	0	0	1	1	0	0	0	0	0	1	0	0	0	0	1	1	1	0	1	1	1	0	138.0	0.093	0.286	NaN	NaN	0.221	0.636	NaN	NaN	6.63	22.26	NaN	NaN	0.0	"2.5"	"F0034"	1	1	"PR"	648.596	"reverse"	149.407	2	1	0	1922.536	0.0	2023.936	null	2673.156	0.086
2.1	0.044	375.0	2981.25	2259.375	NaN	NaN	NaN	0	0	0	0	0	0	0	0	0	0	0	0	0	0	0	0	0	0	0	0	1	0	0	0	1	25.0	0.113	0.284	NaN	NaN	0.269	0.631	NaN	NaN	8.07	22.085	NaN	NaN	0.0	"2.5"	"F0034"	0	0	"PR"	658.514	"diffuse"	9.315	2	1	1	1922.536	0.0	2023.936	null	2683.074	0.09
2.7	0.04455	937.5	2990.625	2259.375	NaN	NaN	NaN	0	0	0	0	0	0	0	0	0	0	0	0	0	0	0	0	0	0	0	0	1	0	0	0	1	32.0	0.114	0.284	NaN	NaN	0.271	0.631	NaN	NaN	8.13	22.085	NaN	NaN	0.0	"2.5"	"F0034"	0	0	"PR"	668.553	"diffuse"	19.354	2	1	1	1922.536	0.0	2023.936	null	2693.113	0.091
2.7	0.044	1125.0	2953.125	2278.125	NaN	NaN	NaN	0	0	0	0	0	0	0	0	0	0	0	0	0	0	0	0	0	0	0	0	1	0	0	0	1	32.0	0.11	0.286	NaN	NaN	0.262	0.636	NaN	NaN	7.86	22.26	NaN	NaN	0.0	"2.5"	"F0034"	0	0	"PR"	678.589	"diffuse"	29.39	2	1	1	1922.536	0.0	2023.936	null	2703.149	0.09
13.1	0.044	27750.0	2831.25	2240.625	NaN	NaN	NaN	0	0	0	0	0	1	1	0	0	0	0	0	1	0	0	0	0	1	1	1	0	1	1	1	0	157.0	0.098	0.282	NaN	NaN	0.233	0.627	NaN	NaN	6.99	21.945	NaN	NaN	0.0	"2.5"	"F0034"	1	1	"PR"	688.716	"wash-en"	9.324	2	1	1	1922.536	0.0	2023.936	null	2713.276	0.084
12.2	0.044	29250.0	2859.375	2250.0	NaN	NaN	NaN	0	0	0	0	0	1	1	0	0	0	0	0	1	0	0	0	0	1	1	1	0	1	1	1	0	146.0	0.101	0.283	NaN	NaN	0.24	0.629	NaN	NaN	7.2	22.015	NaN	NaN	0.0	"2.5"	"F0034"	1	1	"PR"	698.551	"wash-en"	19.159	2	1	1	1922.536	0.0	2023.936	null	2723.111	0.09
1.5	0.0451	30000.0	2850.0	2268.75	NaN	NaN	NaN	0	0	0	0	0	1	1	0	0	0	0	0	1	0	0	0	0	0	0	0	1	0	0	0	1	18.0	0.1	0.285	NaN	NaN	0.238	0.633	NaN	NaN	7.14	22.155	NaN	NaN	0.0	"2.5"	"F0034"	0	0	"PR"	708.685	"wash-sc"	9.13	2	1	1	1922.536	0.0	2023.936	null	2733.245	0.091
2.2	0.0451	1125.0	2981.25	2268.75	NaN	NaN	NaN	0	0	0	0	0	0	0	0	0	0	0	0	0	0	0	0	0	0	0	0	1	0	0	0	1	26.0	0.113	0.285	NaN	NaN	0.269	0.633	NaN	NaN	8.07	22.155	NaN	NaN	0.0	"2.5"	"F0034"	0	0	"PR"	718.716	"diffuse"	9.028	2	1	2	1922.536	0.0	2023.936	null	2743.276	0.089
2.4	0.045375	375.0	2990.625	2259.375	NaN	NaN	NaN	0	0	0	0	0	0	0	0	0	0	0	0	0	0	0	0	0	0	0	0	1	0	0	0	1	29.0	0.114	0.284	NaN	NaN	0.271	0.631	NaN	NaN	8.13	22.085	NaN	NaN	0.0	"2.5"	"F0034"	0	0	"PR"	728.754	"diffuse"	19.066	2	1	2	1922.536	0.0	2023.936	null	2753.314	0.091
2.2	0.045375	1125.0	2981.25	2259.375	NaN	NaN	NaN	0	0	0	0	0	0	0	0	0	0	0	0	0	0	0	0	0	0	0	0	1	0	0	0	1	26.0	0.113	0.284	NaN	NaN	0.269	0.631	NaN	NaN	8.07	22.085	NaN	NaN	0.0	"2.5"	"F0034"	0	0	"PR"	738.589	"diffuse"	28.901	2	1	2	1922.536	0.0	2023.936	null	2763.149	0.09
12.6	0.044	29812.5	2859.375	2240.625	NaN	NaN	NaN	0	0	0	0	0	1	1	0	0	0	0	0	1	0	0	0	0	1	1	1	0	1	1	1	0	151.0	0.101	0.282	NaN	NaN	0.24	0.627	NaN	NaN	7.2	21.945	NaN	NaN	0.0	"2.5"	"F0034"	1	1	"PR"	748.709	"wash-en"	8.917	2	1	2	1922.536	0.0	2023.936	null	2773.269	0.09
12.5	0.0451	30000.0	2821.875	2250.0	NaN	NaN	NaN	0	0	0	0	0	1	1	0	0	0	0	0	1	0	0	0	0	1	1	1	0	1	1	1	0	150.0	0.097	0.283	NaN	NaN	0.231	0.629	NaN	NaN	6.93	22.015	NaN	NaN	0.0	"2.5"	"F0034"	1	1	"PR"	758.741	"wash-en"	18.949	2	1	2	1922.536	0.0	2023.936	null	2783.301	0.091
1.3	0.044825	29250.0	2850.0	2250.0	NaN	NaN	NaN	0	0	0	0	0	1	1	0	0	0	0	0	1	0	0	0	0	0	0	0	1	0	0	0	1	16.0	0.1	0.283	NaN	NaN	0.238	0.629	NaN	NaN	7.14	22.015	NaN	NaN	0.0	"2.5"	"F0034"	0	0	"PR"	768.673	"wash-sc"	8.728	2	1	2	1922.536	0.0	2023.936	null	2793.233	0.092
1.4	0.0451	1687.5	2981.25	2250.0	NaN	NaN	NaN	0	0	0	0	0	0	0	0	0	0	0	0	0	0	0	0	0	0	0	0	1	0	0	0	1	17.0	0.113	0.283	NaN	NaN	0.269	0.629	NaN	NaN	8.07	22.015	NaN	NaN	0.0	"2.5"	"F0034"	0	0	"PR"	778.706	"diffuse"	8.629	2	1	3	1922.536	0.0	2023.936	null	2803.266	0.09
2.6	0.0451	2625.0	2990.625	2259.375	NaN	NaN	NaN	0	0	0	0	0	0	0	0	0	0	0	0	0	0	0	0	0	0	0	0	1	0	0	0	1	31.0	0.114	0.284	NaN	NaN	0.271	0.631	NaN	NaN	8.13	22.085	NaN	NaN	0.0	"2.5"	"F0034"	0	0	"PR"	788.742	"diffuse"	18.665	2	1	3	1922.536	0.0	2023.936	null	2813.302	0.094
1.8	0.0451	1687.5	2990.625	2278.125	NaN	NaN	NaN	0	0	0	0	0	0	0	0	0	0	0	0	0	0	0	0	0	0	0	0	1	0	0	0	1	22.0	0.114	0.286	NaN	NaN	0.271	0.636	NaN	NaN	8.13	22.26	NaN	NaN	0.0	"2.5"	"F0034"	0	0	"PR"	798.788	"diffuse"	28.711	2	1	3	1922.536	0.0	2023.936	null	2823.348	0.09
11.9	0.044825	28500.0	2821.875	2250.0	NaN	NaN	NaN	0	0	0	0	0	1	1	0	0	0	0	0	1	0	0	0	0	1	1	1	0	1	1	1	0	143.0	0.097	0.283	NaN	NaN	0.231	0.629	NaN	NaN	6.93	22.015	NaN	NaN	0.0	"2.5"	"F0034"	1	1	"PR"	808.716	"wash-en"	8.522	2	1	3	1922.536	0.0	2023.936	null	2833.276	0.09
12.8	0.04455	28125.0	2878.125	2240.625	NaN	NaN	NaN	0	0	0	0	0	1	1	0	0	0	0	0	1	0	0	0	0	1	1	1	0	1	1	1	0	154.0	0.103	0.282	NaN	NaN	0.245	0.627	NaN	NaN	7.35	21.945	NaN	NaN	0.0	"2.5"	"F0034"	1	1	"PR"	818.753	"wash-en"	18.559	2	1	3	1922.536	0.0	2023.936	null	2843.313	0.091
1.1	0.04455	30000.0	2868.75	2268.75	NaN	NaN	NaN	0	0	0	0	0	1	1	0	0	0	0	0	1	0	0	0	0	0	0	0	1	0	0	0	1	13.0	0.102	0.285	NaN	NaN	0.243	0.633	NaN	NaN	7.29	22.155	NaN	NaN	0.0	"2.5"	"F0034"	0	0	"PR"	828.683	"wash-sc"	8.325	2	1	3	1922.536	0.0	2023.936	null	2853.243	0.087
2.0	0.04455	937.5	2981.25	2259.375	NaN	NaN	NaN	0	0	0	0	0	0	0	0	0	0	0	0	0	0	0	0	0	0	0	0	1	0	0	0	1	24.0	0.113	0.284	NaN	NaN	0.269	0.631	NaN	NaN	8.07	22.085	NaN	NaN	0.0	"2.5"	"F0034"	0	0	"PR"	838.717	"diffuse"	8.227	2	1	4	1922.536	0.0	2023.936	null	2863.277	0.086
1.0	0.044825	937.5	2990.625	2268.75	NaN	NaN	NaN	0	0	0	0	0	0	0	0	0	0	0	0	0	0	0	0	0	0	0	0	1	0	0	0	1	12.0	0.114	0.285	NaN	NaN	0.271	0.633	NaN	NaN	8.13	22.155	NaN	NaN	0.0	"2.5"	"F0034"	0	0	"PR"	848.753	"diffuse"	18.263	2	1	4	1922.536	0.0	2023.936	null	2873.313	0.087
2.4	0.04455	937.5	2981.25	2259.375	NaN	NaN	NaN	0	0	0	0	0	0	0	0	0	0	0	0	0	0	0	0	0	0	0	0	1	0	0	0	1	29.0	0.113	0.284	NaN	NaN	0.269	0.631	NaN	NaN	8.07	22.085	NaN	NaN	0.0	"2.5"	"F0034"	0	0	"PR"	858.794	"diffuse"	28.304	2	1	4	1922.536	0.0	2023.936	null	2883.354	0.086
12.4	0.04455	29625.0	2831.25	2250.0	NaN	NaN	NaN	0	0	0	0	0	1	1	0	0	0	0	0	1	0	0	0	0	1	1	1	0	1	1	1	0	149.0	0.098	0.283	NaN	NaN	0.233	0.629	NaN	NaN	6.99	22.015	NaN	NaN	0.0	"2.5"	"F0034"	1	1	"PR"	868.728	"wash-en"	8.127	2	1	4	1922.536	0.0	2023.936	null	2893.288	0.086
12.3	0.044	29812.5	2812.5	2259.375	NaN	NaN	NaN	0	0	0	0	0	1	1	0	0	0	0	0	1	0	0	0	0	1	1	1	0	1	1	1	0	148.0	0.096	0.284	NaN	NaN	0.229	0.631	NaN	NaN	6.87	22.085	NaN	NaN	0.0	"2.5"	"F0034"	1	1	"PR"	878.766	"wash-en"	18.165	2	1	4	1922.536	0.0	2023.936	null	2903.326	0.086
0.7	0.044	27562.5	2831.25	2240.625	NaN	NaN	NaN	0	0	0	0	0	1	1	0	0	0	0	0	1	0	0	0	0	0	0	0	1	0	0	0	1	8.0	0.098	0.282	NaN	NaN	0.233	0.627	NaN	NaN	6.99	21.945	NaN	NaN	0.0	"2.5"	"F0034"	0	0	"PR"	888.894	"wash-sc"	8.12	2	1	4	1922.536	0.0	2023.936	null	2913.454	0.09
1.3	0.04455	-562.5	2503.125	2259.375	NaN	NaN	NaN	0	0	0	0	1	0	0	0	0	0	0	0	0	0	0	0	0	0	0	0	1	0	0	0	1	16.0	0.065	0.284	NaN	NaN	0.155	0.631	NaN	NaN	4.65	22.085	NaN	NaN	0.0	"2.5"	"F0034"	0	0	"PR"	898.925	"drain-rg"	8.025	2	1	4	1922.536	0.0	2023.936	null	2923.485	0.09
3.5	0.04455	187.5	2156.25	2278.125	NaN	NaN	NaN	0	0	0	0	1	0	0	0	0	0	0	0	0	0	0	0	0	0	0	0	1	0	0	0	1	42.0	0.031	0.286	NaN	NaN	0.074	0.636	NaN	NaN	2.22	22.26	NaN	NaN	0.0	"2.5"	"F0034"	0	0	"PR"	908.763	"drain-rg"	17.863	2	1	4	1922.536	0.0	2023.936	null	2933.323	0.085
1.8	0.044275	-375.0	1781.25	2278.125	NaN	NaN	NaN	0	0	0	0	1	0	0	0	0	0	0	0	0	0	0	0	0	0	0	0	1	0	0	0	1	22.0	-0.007	0.286	NaN	NaN	-0.017	0.636	NaN	NaN	-0.51	22.26	NaN	NaN	0.0	"2.5"	"F0034"	0	0	"PR"	918.797	"drip-rg"	1.002	2	1	4	1922.536	0.0	2023.936	null	2943.357	0.086
0.2	0.044275	-375.0	-28.125	2278.125	NaN	NaN	NaN	0	0	0	0	1	0	0	0	0	0	0	0	0	0	0	0	0	0	0	0	1	0	0	0	1	2.0	-0.188	0.286	NaN	NaN	-0.448	0.636	NaN	NaN	-13.44	22.26	NaN	NaN	0.0	"2.5"	"F0034"	0	0	"PR"	928.834	"drip-rg"	11.039	2	1	4	1922.536	0.0	2023.936	null	2953.394	0.086
-0.2	0.044	3937.5	1265.625	2193.75	NaN	NaN	NaN	0	0	0	0	1	0	0	0	0	0	0	0	0	0	0	0	0	0	0	0	1	0	0	0	1	-2.0	-0.058	0.277	NaN	NaN	-0.138	0.616	NaN	NaN	-4.14	21.56	NaN	NaN	0.0	"2.5"	"F0034"	0	0	"FR"	5.236	"drip-rg"	0.401	3	1	0	2957.608	0.0	2023.936	null	2963.466	0.152
0.9	0.044275	562.5	9.375	2165.625	NaN	NaN	NaN	0	0	0	0	1	0	0	0	0	0	0	0	0	0	0	0	0	0	0	0	1	0	0	0	1	11.0	-0.184	0.275	NaN	NaN	-0.438	0.611	NaN	NaN	-13.14	21.385	NaN	NaN	0.0	"2.5"	"F0034"	0	0	"FR"	15.267	"drip-rg"	10.432	3	1	0	2957.608	0.0	2023.936	null	2973.497	0.087
1.4	0.043725	26812.5	1500.0	2081.25	NaN	NaN	NaN	0	0	1	0	0	1	0	0	0	0	0	0	1	0	0	0	0	0	0	0	1	0	0	0	1	17.0	-0.035	0.266	NaN	NaN	-0.083	0.591	NaN	NaN	-2.49	20.685	NaN	NaN	0.0	"2.5"	"F0034"	0	0	"PR"	4.432	"fill-rg-di"	4.231	3	0	0	2957.608	0.0	2978.315	null	2983.371	0.084
0.8	0.043175	28687.5	2109.375	1828.125	NaN	NaN	NaN	0	0	1	0	0	1	0	0	0	0	0	0	1	0	0	0	0	0	0	0	1	0	0	0	1	10.0	0.026	0.241	NaN	NaN	0.062	0.536	NaN	NaN	1.86	18.76	NaN	NaN	0.0	"2.5"	"F0034"	0	0	"PR"	14.467	"fill-rg-di"	14.266	3	0	0	2957.608	0.0	2978.315	null	2993.406	0.084
-0.6	0.042075	29812.5	2409.375	1575.0	NaN	NaN	NaN	0	0	1	0	0	1	0	0	0	0	0	0	1	0	0	0	0	0	0	0	1	0	0	0	1	-7.0	0.056	0.215	NaN	NaN	0.133	0.478	NaN	NaN	3.99	16.73	NaN	NaN	0.0	"2.5"	"F0034"	0	0	"PR"	24.507	"fill-rg-di"	24.306	3	0	0	2957.608	0.0	2978.315	null	3003.446	0.084
1.3	0.040425	29250.0	2709.375	1321.875	NaN	NaN	NaN	0	0	1	0	0	1	0	0	0	0	0	0	1	0	0	0	0	0	0	0	1	0	0	0	1	16.0	0.086	0.19	NaN	NaN	0.205	0.422	NaN	NaN	6.15	14.77	NaN	NaN	0.0	"2.5"	"F0034"	0	0	"PR"	34.54	"fill-rg-di"	34.339	3	0	0	2957.608	0.0	2978.315	null	3013.479	0.084
1.0	0.04015	3750.0	2925.0	1190.625	NaN	NaN	NaN	1	0	0	0	0	0	0	0	0	0	0	0	0	1	0	0	0	0	0	0	1	0	0	0	1	12.0	0.107	0.177	NaN	NaN	0.255	0.393	NaN	NaN	7.65	13.755	NaN	NaN	0.0	"2.5"	"F0034"	0	0	"PR"	44.582	"fill-di"	2.411	3	0	0	2957.608	0.0	2978.315	null	3023.521	0.088
1.5	0.0396	2625.0	2962.5	1490.625	NaN	NaN	NaN	1	0	0	0	0	0	0	0	0	0	0	0	0	1	0	0	0	0	0	0	1	0	0	0	1	18.0	0.111	0.207	NaN	NaN	0.264	0.46	NaN	NaN	7.92	16.1	NaN	NaN	0.0	"2.5"	"F0034"	0	0	"PR"	54.618	"fill-di"	12.447	3	0	0	2957.608	0.0	2978.315	null	3033.557	0.086
-3.0	0.04015	3000.0	2981.25	1809.375	NaN	NaN	NaN	1	0	0	0	0	0	0	0	0	0	0	0	0	1	0	0	0	0	0	0	1	0	0	0	1	-36.0	0.113	0.239	NaN	NaN	0.269	0.531	NaN	NaN	8.07	18.585	NaN	NaN	0.0	"2.5"	"F0034"	0	0	"PR"	64.651	"fill-di"	22.48	3	0	0	2957.608	0.0	2978.315	null	3043.59	0.086
1.3	0.04015	3375.0	2953.125	2071.875	NaN	NaN	NaN	1	0	0	0	0	0	0	0	0	0	0	0	0	1	0	0	0	0	0	0	1	0	0	0	1	16.0	0.11	0.265	NaN	NaN	0.262	0.589	NaN	NaN	7.86	20.615	NaN	NaN	0.0	"2.5"	"F0034"	0	0	"PR"	74.69	"fill-di"	32.519	3	0	0	2957.608	0.0	2978.315	null	3053.629	0.089
12.0	0.038775	32250.0	2953.125	2531.25	NaN	NaN	NaN	0	1	1	0	0	0	0	0	0	0	0	0	1	0	0	0	0	1	1	1	0	1	1	1	0	144.0	0.11	0.311	NaN	NaN	0.262	0.691	NaN	NaN	7.86	24.185	NaN	NaN	0.0	"2.5"	"F0034"	1	1	"PR"	84.531	"deionize"	3.418	3	1	0	2957.608	0.0	2978.315	null	3063.47	0.084
11.9	0.0396	33562.5	2962.5	2596.875	NaN	NaN	NaN	0	1	1	0	0	0	0	0	0	0	0	0	1	0	0	0	0	1	1	1	0	1	1	1	0	143.0	0.111	0.318	NaN	NaN	0.264	0.707	NaN	NaN	7.92	24.745	NaN	NaN	0.0	"2.5"	"F0034"	1	1	"PR"	94.569	"deionize"	13.456	3	1	0	2957.608	0.0	2978.315	null	3073.508	0.084
11.5	0.038775	32250.0	2953.125	2596.875	NaN	NaN	NaN	0	1	1	0	0	0	0	0	0	0	0	0	1	0	0	0	0	1	1	1	0	1	1	1	0	138.0	0.11	0.318	NaN	NaN	0.262	0.707	NaN	NaN	7.86	24.745	NaN	NaN	0.0	"2.5"	"F0034"	1	1	"PR"	104.603	"deionize"	23.49	3	1	0	2957.608	0.0	2978.315	null	3083.542	0.085
12.3	0.038225	31500.0	2953.125	2606.25	NaN	NaN	NaN	0	1	1	0	0	0	0	0	0	0	0	0	1	0	0	0	0	1	1	1	0	1	1	1	0	148.0	0.11	0.319	NaN	NaN	0.262	0.709	NaN	NaN	7.86	24.815	NaN	NaN	0.0	"2.5"	"F0034"	1	1	"PR"	114.64	"deionize"	33.527	3	1	0	2957.608	0.0	2978.315	null	3093.579	0.085
11.9	0.037125	31312.5	2934.375	2568.75	NaN	NaN	NaN	0	1	1	0	0	0	0	0	0	0	0	0	1	0	0	0	0	1	1	1	0	1	1	1	0	143.0	0.108	0.315	NaN	NaN	0.257	0.7	NaN	NaN	7.71	24.5	NaN	NaN	0.0	"2.5"	"F0034"	1	1	"PR"	124.682	"deionize"	43.569	3	1	0	2957.608	0.0	2978.315	null	3103.621	0.086
12.5	0.036025	30562.5	2962.5	2587.5	NaN	NaN	NaN	0	1	1	0	0	0	0	0	0	0	0	0	1	0	0	0	0	1	1	1	0	1	1	1	0	150.0	0.111	0.317	NaN	NaN	0.264	0.704	NaN	NaN	7.92	24.64	NaN	NaN	0.0	"2.5"	"F0034"	1	1	"PR"	134.717	"deionize"	53.604	3	1	0	2957.608	0.0	2978.315	null	3113.656	0.084
12.6	0.035475	32812.5	2953.125	2540.625	NaN	NaN	NaN	0	1	1	0	0	0	0	0	0	0	0	0	1	0	0	0	0	1	1	1	0	1	1	1	0	151.0	0.11	0.312	NaN	NaN	0.262	0.693	NaN	NaN	7.86	24.255	NaN	NaN	0.0	"2.5"	"F0034"	1	1	"PR"	144.752	"deionize"	63.639	3	1	0	2957.608	0.0	2978.315	null	3123.691	0.084
11.8	0.034925	32812.5	2953.125	2587.5	NaN	NaN	NaN	0	1	1	0	0	0	0	0	0	0	0	0	1	0	0	0	0	1	1	1	0	1	1	1	0	142.0	0.11	0.317	NaN	NaN	0.262	0.704	NaN	NaN	7.86	24.64	NaN	NaN	0.0	"2.5"	"F0034"	1	1	"PR"	154.792	"deionize"	73.679	3	1	0	2957.608	0.0	2978.315	null	3133.731	0.086
12.3	0.0341	34125.0	2934.375	2550.0	NaN	NaN	NaN	0	1	1	0	0	0	0	0	0	0	0	0	1	0	0	0	0	1	1	1	0	1	1	1	0	148.0	0.108	0.313	NaN	NaN	0.257	0.696	NaN	NaN	7.71	24.36	NaN	NaN	0.0	"2.5"	"F0034"	1	1	"PR"	164.628	"deionize"	83.515	3	1	0	2957.608	0.0	2978.315	null	3143.567	0.084
11.2	0.03355	30562.5	2971.875	2540.625	NaN	NaN	NaN	0	1	1	0	0	0	0	0	0	0	0	0	1	0	0	0	0	1	1	1	0	1	1	1	0	134.0	0.112	0.312	NaN	NaN	0.267	0.693	NaN	NaN	8.01	24.255	NaN	NaN	0.0	"2.5"	"F0034"	1	1	"PR"	174.663	"deionize"	93.55	3	1	0	2957.608	0.0	2978.315	null	3153.602	0.087
12.6	0.032725	33187.5	2953.125	2550.0	NaN	NaN	NaN	0	1	1	0	0	0	0	0	0	0	0	0	1	0	0	0	0	1	1	1	0	1	1	1	0	151.0	0.11	0.313	NaN	NaN	0.262	0.696	NaN	NaN	7.86	24.36	NaN	NaN	0.0	"2.5"	"F0034"	1	1	"PR"	184.703	"deionize"	103.59	3	1	0	2957.608	0.0	2978.315	null	3163.642	0.084
12.4	0.032175	32250.0	2953.125	2587.5	NaN	NaN	NaN	0	1	1	0	0	0	0	0	0	0	0	0	1	0	0	0	0	1	1	1	0	1	1	1	0	149.0	0.11	0.317	NaN	NaN	0.262	0.704	NaN	NaN	7.86	24.64	NaN	NaN	0.0	"2.5"	"F0034"	1	1	"PR"	194.738	"deionize"	113.625	3	1	0	2957.608	0.0	2978.315	null	3173.677	0.084
12.5	0.031625	33000.0	2943.75	2568.75	NaN	NaN	NaN	0	1	1	0	0	0	0	0	0	0	0	0	1	0	0	0	0	1	1	1	0	1	1	1	0	150.0	0.109	0.315	NaN	NaN	0.26	0.7	NaN	NaN	7.8	24.5	NaN	NaN	0.0	"2.5"	"F0034"	1	1	"PR"	204.775	"deionize"	123.662	3	1	0	2957.608	0.0	2978.315	null	3183.714	0.085
12.3	0.03135	33937.5	2962.5	2531.25	NaN	NaN	NaN	0	1	1	0	0	0	0	0	0	0	0	0	1	0	0	0	0	1	1	1	0	1	1	1	0	148.0	0.111	0.311	NaN	NaN	0.264	0.691	NaN	NaN	7.92	24.185	NaN	NaN	0.0	"2.5"	"F0034"	1	1	"PR"	214.811	"deionize"	133.698	3	1	0	2957.608	0.0	2978.315	null	3193.75	0.084
12.6	0.031075	34312.5	2971.875	2625.0	NaN	NaN	NaN	0	1	1	0	0	0	0	0	0	0	0	0	1	0	0	0	0	1	1	1	0	1	1	1	0	151.0	0.112	0.321	NaN	NaN	0.267	0.713	NaN	NaN	8.01	24.955	NaN	NaN	0.0	"2.5"	"F0034"	1	1	"PR"	224.85	"deionize"	143.737	3	1	0	2957.608	0.0	2978.315	null	3203.789	0.084
12.4	0.0308	32250.0	2943.75	2550.0	NaN	NaN	NaN	0	1	1	0	0	0	0	0	0	0	0	0	1	0	0	0	0	1	1	1	0	1	1	1	0	149.0	0.109	0.313	NaN	NaN	0.26	0.696	NaN	NaN	7.8	24.36	NaN	NaN	0.0	"2.5"	"F0034"	1	1	"PR"	234.892	"deionize"	153.779	3	1	0	2957.608	0.0	2978.315	null	3213.831	0.086
12.3	0.030525	31875.0	2934.375	2550.0	NaN	NaN	NaN	0	1	1	0	0	0	0	0	0	0	0	0	1	0	0	0	0	1	1	1	0	1	1	1	0	148.0	0.108	0.313	NaN	NaN	0.257	0.696	NaN	NaN	7.71	24.36	NaN	NaN	0.0	"2.5"	"F0034"	1	1	"PR"	244.731	"deionize"	163.618	3	1	0	2957.608	0.0	2978.315	null	3223.67	0.09
12.4	0.029975	33750.0	2962.5	2568.75	NaN	NaN	NaN	0	1	1	0	0	0	0	0	0	0	0	0	1	0	0	0	0	1	1	1	0	1	1	1	0	149.0	0.111	0.315	NaN	NaN	0.264	0.7	NaN	NaN	7.92	24.5	NaN	NaN	0.0	"2.5"	"F0034"	1	1	"PR"	254.769	"deionize"	173.656	3	1	0	2957.608	0.0	2978.315	null	3233.708	0.092
12.3	0.029425	34125.0	2953.125	2512.5	NaN	NaN	NaN	0	1	1	0	0	0	0	0	0	0	0	0	1	0	0	0	0	1	1	1	0	1	1	1	0	148.0	0.11	0.309	NaN	NaN	0.262	0.687	NaN	NaN	7.86	24.045	NaN	NaN	0.0	"2.5"	"F0034"	1	1	"PR"	264.81	"deionize"	183.697	3	1	0	2957.608	0.0	2978.315	null	3243.749	0.101
13.5	0.029425	33000.0	2943.75	2540.625	NaN	NaN	NaN	0	1	1	0	0	0	0	0	0	0	0	0	1	0	0	0	0	1	1	1	0	1	1	1	0	162.0	0.109	0.312	NaN	NaN	0.26	0.693	NaN	NaN	7.8	24.255	NaN	NaN	0.0	"2.5"	"F0034"	1	1	"PR"	274.846	"deionize"	193.733	3	1	0	2957.608	0.0	2978.315	null	3253.785	0.084
13.3	0.02805	34687.5	2953.125	2521.875	NaN	NaN	NaN	0	1	1	0	0	0	0	0	0	0	0	0	1	0	0	0	0	1	1	1	0	1	1	1	0	160.0	0.11	0.31	NaN	NaN	0.262	0.689	NaN	NaN	7.86	24.115	NaN	NaN	0.0	"2.5"	"F0034"	1	1	"PR"	284.891	"deionize"	203.778	3	1	0	2957.608	0.0	2978.315	null	3263.83	0.086
12.5	0.0275	34500.0	2934.375	2550.0	NaN	NaN	NaN	0	1	1	0	0	0	0	0	0	0	0	0	1	0	0	0	0	1	1	1	0	1	1	1	0	150.0	0.108	0.313	NaN	NaN	0.257	0.696	NaN	NaN	7.71	24.36	NaN	NaN	0.0	"2.5"	"F0034"	1	1	"PR"	294.93	"deionize"	213.817	3	1	0	2957.608	0.0	2978.315	null	3273.869	0.084
12.6	0.02805	33562.5	2962.5	2653.125	NaN	NaN	NaN	0	1	1	0	0	0	0	0	0	0	0	0	1	0	0	0	0	1	1	1	0	1	1	1	0	151.0	0.111	0.323	NaN	NaN	0.264	0.718	NaN	NaN	7.92	25.13	NaN	NaN	0.0	"2.5"	"F0034"	1	1	"PR"	304.969	"deionize"	223.856	3	1	0	2957.608	0.0	2978.315	null	3283.908	0.087
13.0	0.027775	33375.0	2962.5	2587.5	NaN	NaN	NaN	0	1	1	0	0	0	0	0	0	0	0	0	1	0	0	0	0	1	1	1	0	1	1	1	0	156.0	0.111	0.317	NaN	NaN	0.264	0.704	NaN	NaN	7.92	24.64	NaN	NaN	0.0	"2.5"	"F0034"	1	1	"PR"	314.805	"deionize"	233.692	3	1	0	2957.608	0.0	2978.315	null	3293.744	0.091
12.6	0.027225	32250.0	2943.75	2568.75	NaN	NaN	NaN	0	1	1	0	0	0	0	0	0	0	0	0	1	0	0	0	1	1	1	1	0	1	1	1	0	151.0	0.109	0.315	NaN	NaN	0.26	0.7	NaN	NaN	7.8	24.5	NaN	NaN	0.0	"2.5"	"F0034"	1	1	"PR"	324.952	"deionize-uv"	3.722	3	1	0	2957.608	0.0	2978.315	null	3303.891	0.084
12.6	0.02695	32062.5	2953.125	2521.875	NaN	NaN	NaN	0	1	1	0	0	0	0	0	0	0	0	0	1	0	0	0	1	1	1	1	0	1	1	1	0	151.0	0.11	0.31	NaN	NaN	0.262	0.689	NaN	NaN	7.86	24.115	NaN	NaN	0.0	"2.5"	"F0034"	1	1	"PR"	334.996	"deionize-uv"	13.766	3	1	0	2957.608	0.0	2978.315	null	3313.935	0.086
10.1	0.02695	33937.5	2953.125	2540.625	NaN	NaN	NaN	0	1	1	0	0	0	0	0	0	0	0	0	1	0	0	0	1	1	1	1	0	1	1	1	0	121.0	0.11	0.312	NaN	NaN	0.262	0.693	NaN	NaN	7.86	24.255	NaN	NaN	0.0	"2.5"	"F0034"	1	1	"PR"	344.832	"deionize-uv"	23.602	3	1	0	2957.608	0.0	2978.315	null	3323.771	0.087
12.4	0.02585	33750.0	2953.125	2587.5	NaN	NaN	NaN	0	1	1	0	0	0	0	0	0	0	0	0	1	0	0	0	1	1	1	1	0	1	1	1	0	149.0	0.11	0.317	NaN	NaN	0.262	0.704	NaN	NaN	7.86	24.64	NaN	NaN	0.0	"2.5"	"F0034"	1	1	"PR"	354.872	"deionize-uv"	33.642	3	1	0	2957.608	0.0	2978.315	null	3333.811	0.091
11.8	0.025575	34312.5	2981.25	2587.5	NaN	NaN	NaN	0	1	1	0	0	0	0	0	0	0	0	0	1	0	0	0	1	1	1	1	0	1	1	1	0	142.0	0.113	0.317	NaN	NaN	0.269	0.704	NaN	NaN	8.07	24.64	NaN	NaN	0.0	"2.5"	"F0034"	1	1	"PR"	364.91	"deionize-uv"	43.68	3	1	0	2957.608	0.0	2978.315	null	3343.849	0.087
11.2	0.02475	32812.5	2971.875	2596.875	NaN	NaN	NaN	0	1	1	0	0	0	0	0	0	0	0	0	1	0	0	0	1	1	1	1	0	1	1	1	0	134.0	0.112	0.318	NaN	NaN	0.267	0.707	NaN	NaN	8.01	24.745	NaN	NaN	0.0	"2.5"	"F0034"	1	1	"PR"	374.945	"deionize-uv"	53.715	3	1	0	2957.608	0.0	2978.315	null	3353.884	0.09
11.4	0.02475	34312.5	2953.125	2578.125	NaN	NaN	NaN	0	1	1	0	0	0	0	0	0	0	0	0	1	0	0	0	1	1	1	1	0	1	1	1	0	137.0	0.11	0.316	NaN	NaN	0.262	0.702	NaN	NaN	7.86	24.57	NaN	NaN	0.0	"2.5"	"F0034"	1	1	"PR"	384.986	"deionize-uv"	63.756	3	1	0	2957.608	0.0	2978.315	null	3363.925	0.089
12.4	0.024475	30562.5	2962.5	2540.625	NaN	NaN	NaN	0	1	1	0	0	0	0	0	0	0	0	0	1	0	0	0	1	1	1	1	0	1	1	1	0	149.0	0.111	0.312	NaN	NaN	0.264	0.693	NaN	NaN	7.92	24.255	NaN	NaN	0.0	"2.5"	"F0034"	1	1	"PR"	395.019	"deionize-uv"	73.789	3	1	0	2957.608	0.0	2978.315	null	3373.958	0.09
11.4	0.024475	34500.0	2962.5	2512.5	NaN	NaN	NaN	0	1	1	0	0	0	0	0	0	0	0	0	1	0	0	0	1	1	1	1	0	1	1	1	0	137.0	0.111	0.309	NaN	NaN	0.264	0.687	NaN	NaN	7.92	24.045	NaN	NaN	0.0	"2.5"	"F0034"	1	1	"PR"	405.051	"deionize-uv"	83.821	3	1	0	2957.608	0.0	2978.315	null	3383.99	0.087
8.7	0.02365	34312.5	2953.125	2568.75	NaN	NaN	NaN	0	1	1	0	0	0	0	0	0	0	0	0	1	0	0	0	1	1	1	1	0	1	1	1	0	104.0	0.11	0.315	NaN	NaN	0.262	0.7	NaN	NaN	7.86	24.5	NaN	NaN	0.0	"2.5"	"F0034"	1	1	"PR"	414.891	"deionize-uv"	93.661	3	1	0	2957.608	0.0	2978.315	null	3393.83	0.088
11.2	0.023375	33375.0	2962.5	2550.0	NaN	NaN	NaN	0	1	1	0	0	0	0	0	0	0	0	0	1	0	0	0	1	1	1	1	0	1	1	1	0	134.0	0.111	0.313	NaN	NaN	0.264	0.696	NaN	NaN	7.92	24.36	NaN	NaN	0.0	"2.5"	"F0034"	1	1	"PR"	424.926	"deionize-uv"	103.696	3	1	0	2957.608	0.0	2978.315	null	3403.865	0.091
10.5	0.02365	31875.0	2981.25	2587.5	NaN	NaN	NaN	0	1	1	0	0	0	0	0	0	0	0	0	1	0	0	0	1	1	1	1	0	1	1	1	0	126.0	0.113	0.317	NaN	NaN	0.269	0.704	NaN	NaN	8.07	24.64	NaN	NaN	0.0	"2.5"	"F0034"	1	1	"PR"	434.957	"deionize-uv"	113.727	3	1	0	2957.608	0.0	2978.315	null	3413.896	0.091
9.8	0.023375	32812.5	2981.25	2165.625	NaN	NaN	NaN	0	0	1	0	0	0	0	1	0	0	0	0	1	0	0	0	1	1	1	1	0	1	1	1	0	118.0	0.113	0.275	NaN	NaN	0.269	0.611	NaN	NaN	8.07	21.385	NaN	NaN	0.0	"2.5"	"F0034"	1	1	"PR"	445.032	"drip-di-1"	2.716	3	1	0	2957.608	0.0	2978.315	null	3423.971	0.091
10.4	0.02255	32625.0	2953.125	1893.75	NaN	NaN	NaN	0	0	1	0	0	0	0	1	0	0	0	0	1	0	0	0	1	1	1	1	0	1	1	1	0	125.0	0.11	0.247	NaN	NaN	0.262	0.549	NaN	NaN	7.86	19.215	NaN	NaN	0.0	"2.5"	"F0034"	1	1	"PR"	455.071	"drip-di-1"	12.755	3	1	0	2957.608	0.0	2978.315	null	3434.01	0.091
-11.7	0.023375	29812.5	2821.875	2053.125	NaN	NaN	NaN	1	0	0	0	0	1	1	0	0	0	0	0	1	1	0	0	0	1	1	0	1	1	1	0	1	-140.0	0.097	0.263	NaN	NaN	0.231	0.584	NaN	NaN	6.93	20.44	NaN	NaN	0.0	"2.5"	"F0034"	1	0	"PR"	465.069	"reverse-f"	7.589	3	1	0	2957.608	0.0	2978.315	null	3444.008	0.091
-11.9	0.025025	29625.0	2812.5	2268.75	NaN	NaN	NaN	0	0	0	0	0	1	1	0	0	0	0	0	1	0	0	0	0	1	1	0	1	1	1	0	1	-143.0	0.096	0.285	NaN	NaN	0.229	0.633	NaN	NaN	6.87	22.155	NaN	NaN	0.0	"2.5"	"F0034"	1	0	"PR"	475.022	"reverse"	17.542	3	1	0	2957.608	0.0	2978.315	null	3453.961	0.086
-11.7	0.0275	29812.5	2812.5	2287.5	NaN	NaN	NaN	0	0	0	0	0	1	1	0	0	0	0	0	1	0	0	0	0	1	1	0	1	1	1	0	1	-140.0	0.096	0.287	NaN	NaN	0.229	0.638	NaN	NaN	6.87	22.33	NaN	NaN	0.0	"2.5"	"F0034"	1	0	"PR"	485.052	"reverse"	27.572	3	1	0	2957.608	0.0	2978.315	null	3463.991	0.09
-11.7	0.0297	30375.0	2775.0	2278.125	NaN	NaN	NaN	0	0	0	0	0	1	1	0	0	0	0	0	1	0	0	0	0	1	1	0	1	1	1	0	1	-140.0	0.093	0.286	NaN	NaN	0.221	0.636	NaN	NaN	6.63	22.26	NaN	NaN	0.0	"2.5"	"F0034"	1	0	"PR"	495.089	"reverse"	37.609	3	1	0	2957.608	0.0	2978.315	null	3474.028	0.093
-12.0	0.03245	29437.5	2812.5	2250.0	NaN	NaN	NaN	0	0	0	0	0	1	1	0	0	0	0	0	1	0	0	0	0	1	1	0	1	1	1	0	1	-144.0	0.096	0.283	NaN	NaN	0.229	0.629	NaN	NaN	6.87	22.015	NaN	NaN	0.0	"2.5"	"F0034"	1	0	"PR"	505.124	"reverse"	47.644	3	1	0	2957.608	0.0	2978.315	null	3484.063	0.09
-11.9	0.034375	29812.5	2812.5	2278.125	NaN	NaN	NaN	0	0	0	0	0	1	1	0	0	0	0	0	1	0	0	0	0	1	1	0	1	1	1	0	1	-143.0	0.096	0.286	NaN	NaN	0.229	0.636	NaN	NaN	6.87	22.26	NaN	NaN	0.0	"2.5"	"F0034"	1	0	"PR"	515.156	"reverse"	57.676	3	1	0	2957.608	0.0	2978.315	null	3494.095	0.087
-12.0	0.03575	29812.5	2784.375	2259.375	NaN	NaN	NaN	0	0	0	0	0	1	1	0	0	0	0	0	1	0	0	0	0	1	1	0	1	1	1	0	1	-144.0	0.093	0.284	NaN	NaN	0.221	0.631	NaN	NaN	6.63	22.085	NaN	NaN	0.0	"2.5"	"F0034"	1	0	"PR"	525.194	"reverse"	67.714	3	1	0	2957.608	0.0	2978.315	null	3504.133	0.092
-10.9	0.037675	30000.0	2793.75	2240.625	NaN	NaN	NaN	0	0	0	0	0	1	1	0	0	0	0	0	1	0	0	0	0	1	1	0	1	1	1	0	1	-131.0	0.094	0.282	NaN	NaN	0.224	0.627	NaN	NaN	6.72	21.945	NaN	NaN	0.0	"2.5"	"F0034"	1	0	"PR"	535.026	"reverse"	77.546	3	1	0	2957.608	0.0	2978.315	null	3513.965	0.084
-13.1	0.03905	26062.5	2803.125	2250.0	NaN	NaN	NaN	0	0	0	0	0	1	1	0	0	0	0	0	1	0	0	0	0	1	1	0	1	1	1	0	1	-157.0	0.095	0.283	NaN	NaN	0.226	0.629	NaN	NaN	6.78	22.015	NaN	NaN	0.0	"2.5"	"F0034"	1	0	"PR"	545.06	"reverse"	87.58	3	1	0	2957.608	0.0	2978.315	null	3523.999	0.086
-12.4	0.040425	29812.5	2756.25	2259.375	NaN	NaN	NaN	0	0	0	0	0	1	1	0	0	0	0	0	1	0	0	0	0	1	1	0	1	1	1	0	1	-149.0	0.091	0.284	NaN	NaN	0.217	0.631	NaN	NaN	6.51	22.085	NaN	NaN	0.0	"2.5"	"F0034"	1	0	"PR"	555.096	"reverse"	97.616	3	1	0	2957.608	0.0	2978.315	null	3534.035	0.085
-13.0	0.0418	30000.0	2784.375	2278.125	NaN	NaN	NaN	0	0	0	0	0	1	1	0	0	0	0	0	1	0	0	0	0	1	1	0	1	1	1	0	1	-156.0	0.093	0.286	NaN	NaN	0.221	0.636	NaN	NaN	6.63	22.26	NaN	NaN	0.0	"2.5"	"F0034"	1	0	"PR"	565.125	"reverse"	107.645	3	1	0	2957.608	0.0	2978.315	null	3544.064	0.086
-11.9	0.04235	29250.0	2784.375	2250.0	NaN	NaN	NaN	0	0	0	0	0	1	1	0	0	0	0	0	1	0	0	0	0	1	1	0	1	1	1	0	1	-143.0	0.093	0.283	NaN	NaN	0.221	0.629	NaN	NaN	6.63	22.015	NaN	NaN	0.0	"2.5"	"F0034"	1	0	"PR"	575.157	"reverse"	117.677	3	1	0	2957.608	0.0	2978.315	null	3554.096	0.087
-11.3	0.04345	29625.0	2784.375	2287.5	NaN	NaN	NaN	0	0	0	0	0	1	1	0	0	0	0	0	1	0	0	0	0	1	1	0	1	1	1	0	1	-136.0	0.093	0.287	NaN	NaN	0.221	0.638	NaN	NaN	6.63	22.33	NaN	NaN	0.0	"2.5"	"F0034"	1	0	"PR"	585.196	"reverse"	127.716	3	1	0	2957.608	0.0	2978.315	null	3564.135	0.088
-11.6	0.043725	30187.5	2784.375	2250.0	NaN	NaN	NaN	0	0	0	0	0	1	1	0	0	0	0	0	1	0	0	0	0	1	1	0	1	1	1	0	1	-139.0	0.093	0.283	NaN	NaN	0.221	0.629	NaN	NaN	6.63	22.015	NaN	NaN	0.0	"2.5"	"F0034"	1	0	"PR"	595.227	"reverse"	137.747	3	1	0	2957.608	0.0	2978.315	null	3574.166	0.086
-11.3	0.04345	27187.5	2775.0	2250.0	NaN	NaN	NaN	0	0	0	0	0	1	1	0	0	0	0	0	1	0	0	0	0	1	1	0	1	1	1	0	1	-136.0	0.093	0.283	NaN	NaN	0.221	0.629	NaN	NaN	6.63	22.015	NaN	NaN	0.0	"2.5"	"F0034"	1	0	"PR"	605.26	"reverse"	147.78	3	1	0	2957.608	0.0	2978.315	null	3584.199	0.086
-0.2	0.044825	2625.0	2981.25	2278.125	NaN	NaN	NaN	0	0	0	0	0	0	0	0	0	0	0	0	0	0	0	0	0	0	0	0	1	0	0	0	1	-2.0	0.113	0.286	NaN	NaN	0.269	0.636	NaN	NaN	8.07	22.26	NaN	NaN	0.0	"2.5"	"F0034"	0	0	"PR"	615.188	"diffuse"	7.519	3	1	1	2957.608	0.0	2978.315	null	3594.127	0.089
-0.1	0.044275	2437.5	2981.25	2268.75	NaN	NaN	NaN	0	0	0	0	0	0	0	0	0	0	0	0	0	0	0	0	0	0	0	0	1	0	0	0	1	-1.0	0.113	0.285	NaN	NaN	0.269	0.633	NaN	NaN	8.07	22.155	NaN	NaN	0.0	"2.5"	"F0034"	0	0	"PR"	625.225	"diffuse"	17.556	3	1	1	2957.608	0.0	2978.315	null	3604.164	0.086
-0.4	0.044	562.5	2981.25	2296.875	NaN	NaN	NaN	0	0	0	0	0	0	0	0	0	0	0	0	0	0	0	0	0	0	0	0	1	0	0	0	1	-5.0	0.113	0.288	NaN	NaN	0.269	0.64	NaN	NaN	8.07	22.4	NaN	NaN	0.0	"2.5"	"F0034"	0	0	"PR"	635.26	"diffuse"	27.591	3	1	1	2957.608	0.0	2978.315	null	3614.199	0.086
-12.0	0.044275	29625.0	2831.25	2306.25	NaN	NaN	NaN	0	0	0	0	0	1	1	0	0	0	0	0	1	0	0	0	0	1	1	0	1	1	1	0	1	-144.0	0.098	0.289	NaN	NaN	0.233	0.642	NaN	NaN	6.99	22.47	NaN	NaN	0.0	"2.5"	"F0034"	1	0	"PR"	645.189	"wash-en"	7.32	3	1	1	2957.608	0.0	2978.315	null	3624.128	0.086
-11.8	0.0451	29062.5	2803.125	2259.375	NaN	NaN	NaN	0	0	0	0	0	1	1	0	0	0	0	0	1	0	0	0	0	1	1	0	1	1	1	0	1	-142.0	0.095	0.284	NaN	NaN	0.226	0.631	NaN	NaN	6.78	22.085	NaN	NaN	0.0	"2.5"	"F0034"	1	0	"PR"	655.222	"wash-en"	17.353	3	1	1	2957.608	0.0	2978.315	null	3634.161	0.083
-0.1	0.0451	30375.0	2812.5	2259.375	NaN	NaN	NaN	0	0	0	0	0	1	1	0	0	0	0	0	1	0	0	0	0	0	0	0	1	0	0	0	1	-1.0	0.096	0.284	NaN	NaN	0.229	0.631	NaN	NaN	6.87	22.085	NaN	NaN	0.0	"2.5"	"F0034"	0	0	"PR"	665.346	"wash-sc"	7.316	3	1	1	2957.608	0.0	2978.315	null	3644.285	0.084
0.6	0.0451	750.0	2981.25	2268.75	NaN	NaN	NaN	0	0	0	0	0	0	0	0	0	0	0	0	0	0	0	0	0	0	0	0	1	0	0	0	1	7.0	0.113	0.285	NaN	NaN	0.269	0.633	NaN	NaN	8.07	22.155	NaN	NaN	0.0	"2.5"	"F0034"	0	0	"PR"	675.18	"diffuse"	7.024	3	1	2	2957.608	0.0	2978.315	null	3654.119	0.085
-0.8	0.045925	1125.0	2971.875	2259.375	NaN	NaN	NaN	0	0	0	0	0	0	0	0	0	0	0	0	0	0	0	0	0	0	0	0	1	0	0	0	1	-10.0	0.112	0.284	NaN	NaN	0.267	0.631	NaN	NaN	8.01	22.085	NaN	NaN	0.0	"2.5"	"F0034"	0	0	"PR"	685.211	"diffuse"	17.055	3	1	2	2957.608	0.0	2978.315	null	3664.15	0.084
-0.1	0.045925	1875.0	2971.875	2278.125	NaN	NaN	NaN	0	0	0	0	0	0	0	0	0	0	0	0	0	0	0	0	0	0	0	0	1	0	0	0	1	-1.0	0.112	0.286	NaN	NaN	0.267	0.636	NaN	NaN	8.01	22.26	NaN	NaN	0.0	"2.5"	"F0034"	0	0	"PR"	695.245	"diffuse"	27.089	3	1	2	2957.608	0.0	2978.315	null	3674.184	0.086
-11.8	0.0451	30000.0	2793.75	2278.125	NaN	NaN	NaN	0	0	0	0	0	1	1	0	0	0	0	0	1	0	0	0	0	1	1	0	1	1	1	0	1	-142.0	0.094	0.286	NaN	NaN	0.224	0.636	NaN	NaN	6.72	22.26	NaN	NaN	0.0	"2.5"	"F0034"	1	0	"PR"	705.374	"wash-en"	7.119	3	1	2	2957.608	0.0	2978.315	null	3684.313	0.084
-11.9	0.04565	29437.5	2784.375	2250.0	NaN	NaN	NaN	0	0	0	0	0	1	1	0	0	0	0	0	1	0	0	0	0	1	1	0	1	1	1	0	1	-143.0	0.093	0.283	NaN	NaN	0.221	0.629	NaN	NaN	6.63	22.015	NaN	NaN	0.0	"2.5"	"F0034"	1	0	"PR"	715.41	"wash-en"	17.155	3	1	2	2957.608	0.0	2978.315	null	3694.349	0.084
0.1	0.0451	28875.0	2821.875	2287.5	NaN	NaN	NaN	0	0	0	0	0	1	1	0	0	0	0	0	1	0	0	0	0	0	0	0	1	0	0	0	1	1.0	0.097	0.287	NaN	NaN	0.231	0.638	NaN	NaN	6.93	22.33	NaN	NaN	0.0	"2.5"	"F0034"	0	0	"PR"	725.333	"wash-sc"	6.912	3	1	2	2957.608	0.0	2978.315	null	3704.272	0.084
