cur	ec	mod-ps	rg-ps	di-ps	fw1-ps	fw2-ps	pf-ps	vlv-di-fill	vlv-di-in	vlv-di-out	vlv-rg-fill	vlv-rg-drain	vlv-rg-in	vlv-rg-out	vlv-fw1-in	vlv-fw1-out	vlv-fw2-in	vlv-po	vlv-mod-drain	pmp-sys	pmp-di	pmp-fw1	pmp-fw2	uv	en-anode1	en-cath1	pl-anode1	pl-cath1	en-anode2	en-cath2	pl-anode2	pl-cath2	pw	rg-he	di-he	fw1-he	fw2-he	rg-lev	di-lev	fw1-lev	fw2-lev	rg-vol	di-vol	fw1-vol	fw2-vol	pr-ec	ver	sn	mod-en	mod-pl	proc	proc-time	ph	ph-time	count	cyc	rnd	pr-last	rc-last	fr-last	halt-re	time	exec
2.5	0.045375	5250.0	3009.375	2118.75	NaN	NaN	NaN	1	0	0	0	0	0	0	0	0	0	0	0	0	1	0	0	0	0	0	0	1	0	0	0	1	30.0	0.116	0.27	NaN	NaN	0.276	0.6	NaN	NaN	8.28	21.0	NaN	NaN	0.0	"2.5"	"F0034"	0	0	"PR"	8.251	"fill-di"	0.603	0	0	0	0.0	0.0	0.0	null	10.057	0.084
2.5	0.045375	5250.0	3009.375	2118.75	NaN	NaN	NaN	1	0	0	0	0	0	0	0	0	0	0	0	0	1	0	0	0	0	0	0	1	0	0	0	1	30.0	0.116	0.27	NaN	NaN	0.276	0.6	NaN	NaN	8.28	21.0	NaN	NaN	0.0	"2.5"	"F0034"	0	0	"PR"	8.251	"fill-di"	0.603	0	0	0	0.0	0.0	0.0	null	10.057	0.084
2.7	0.0451	30562.5	2784.375	2259.375	NaN	NaN	NaN	0	0	0	0	0	1	1	0	0	0	0	0	1	0	0	0	0	0	0	0	1	0	0	0	1	32.0	0.093	0.284	NaN	NaN	0.221	0.631	NaN	NaN	6.63	22.085	NaN	NaN	0.0	"2.5"	"F0034"	0	0	"PR"	18.29	"prime"	5.42	0	0	0	0.0	0.0	0.0	null	20.096	0.087
2.5	0.0451	29812.5	2775.0	2259.375	NaN	NaN	NaN	0	0	0	0	0	1	1	0	0	0	0	0	1	0	0	0	0	0	0	0	1	0	0	0	1	30.0	0.093	0.284	NaN	NaN	0.221	0.631	NaN	NaN	6.63	22.085	NaN	NaN	0.0	"2.5"	"F0034"	0	0	"PR"	28.324	"prime"	15.454	0	0	0	0.0	0.0	0.0	null	30.13	0.087
1.5	0.0462	30187.5	2784.375	2250.0	NaN	NaN	NaN	0	0	0	0	0	1	1	0	0	0	0	0	1	0	0	0	0	0	0	0	1	0	0	0	1	18.0	0.093	0.283	NaN	NaN	0.221	0.629	NaN	NaN	6.63	22.015	NaN	NaN	0.0	"2.5"	"F0034"	0	0	"PR"	38.363	"prime"	25.493	0	0	0	0.0	0.0	0.0	null	40.169	0.085
-11.8	0.045375	33937.5	2971.875	2662.5	NaN	NaN	NaN	0	1	1	0	0	0	0	0	0	0	0	0	1	0	0	0	0	1	1	0	1	1	1	0	1	-142.0	0.112	0.324	NaN	NaN	0.267	0.72	NaN	NaN	8.01	25.2	NaN	NaN	0.0	"2.5"	"F0034"	1	0	"PR"	48.409	"deionize"	5.027	0	1	0	0.0	0.0	0.0	null	50.215	0.087
-11.7	0.044825	33937.5	2971.875	2521.875	NaN	NaN	NaN	0	1	1	0	0	0	0	0	0	0	0	0	1	0	0	0	0	1	1	0	1	1	1	0	1	-140.0	0.112	0.31	NaN	NaN	0.267	0.689	NaN	NaN	8.01	24.115	NaN	NaN	0.0	"2.5"	"F0034"	1	0	"PR"	58.451	"deionize"	15.069	0	1	0	0.0	0.0	0.0	null	60.257	0.092
-11.3	0.043725	35062.5	2971.875	2596.875	NaN	NaN	NaN	0	1	1	0	0	0	0	0	0	0	0	0	1	0	0	0	0	1	1	0	1	1	1	0	1	-136.0	0.112	0.318	NaN	NaN	0.267	0.707	NaN	NaN	8.01	24.745	NaN	NaN	0.0	"2.5"	"F0034"	1	0	"PR"	68.492	"deionize"	25.11	0	1	0	0.0	0.0	0.0	null	70.298	0.092
-11.3	0.0429	36187.5	2990.625	2503.125	NaN	NaN	NaN	0	1	1	0	0	0	0	0	0	0	0	0	1	0	0	0	0	1	1	0	1	1	1	0	1	-136.0	0.114	0.308	NaN	NaN	0.271	0.684	NaN	NaN	8.13	23.94	NaN	NaN	0.0	"2.5"	"F0034"	1	0	"PR"	78.531	"deionize"	35.149	0	1	0	0.0	0.0	0.0	null	80.337	0.091
-12.4	0.04235	34500.0	2971.875	2568.75	NaN	NaN	NaN	0	1	1	0	0	0	0	0	0	0	0	0	1	0	0	0	0	1	1	0	1	1	1	0	1	-149.0	0.112	0.315	NaN	NaN	0.267	0.7	NaN	NaN	8.01	24.5	NaN	NaN	0.0	"2.5"	"F0034"	1	0	"PR"	88.368	"deionize"	44.986	0	1	0	0.0	0.0	0.0	null	90.174	0.085
-12.4	0.0418	34312.5	2953.125	2456.25	NaN	NaN	NaN	0	1	1	0	0	0	0	0	0	0	0	0	1	0	0	0	0	1	1	0	1	1	1	0	1	-149.0	0.11	0.304	NaN	NaN	0.262	0.676	NaN	NaN	7.86	23.66	NaN	NaN	0.0	"2.5"	"F0034"	1	0	"PR"	98.406	"deionize"	55.024	0	1	0	0.0	0.0	0.0	null	100.212	0.085
-11.5	0.040975	34687.5	2953.125	2615.625	NaN	NaN	NaN	0	1	1	0	0	0	0	0	0	0	0	0	1	0	0	0	0	1	1	0	1	1	1	0	1	-138.0	0.11	0.32	NaN	NaN	0.262	0.711	NaN	NaN	7.86	24.885	NaN	NaN	0.0	"2.5"	"F0034"	1	0	"PR"	108.442	"deionize"	65.06	0	1	0	0.0	0.0	0.0	null	110.248	0.086
-12.0	0.04015	34875.0	2953.125	2475.0	NaN	NaN	NaN	0	1	1	0	0	0	0	0	0	0	0	0	1	0	0	0	0	1	1	0	1	1	1	0	1	-144.0	0.11	0.305	NaN	NaN	0.262	0.678	NaN	NaN	7.86	23.73	NaN	NaN	0.0	"2.5"	"F0034"	1	0	"PR"	118.482	"deionize"	75.1	0	1	0	0.0	0.0	0.0	null	120.288	0.09
-11.4	0.039325	35625.0	2962.5	2550.0	NaN	NaN	NaN	0	1	1	0	0	0	0	0	0	0	0	0	1	0	0	0	0	1	1	0	1	1	1	0	1	-137.0	0.111	0.313	NaN	NaN	0.264	0.696	NaN	NaN	7.92	24.36	NaN	NaN	0.0	"2.5"	"F0034"	1	0	"PR"	128.518	"deionize"	85.136	0	1	0	0.0	0.0	0.0	null	130.324	0.087
-11.0	0.039325	35625.0	2971.875	2493.75	NaN	NaN	NaN	0	1	1	0	0	0	0	0	0	0	0	0	1	0	0	0	0	1	1	0	1	1	1	0	1	-132.0	0.112	0.307	NaN	NaN	0.267	0.682	NaN	NaN	8.01	23.87	NaN	NaN	0.0	"2.5"	"F0034"	1	0	"PR"	138.558	"deionize"	95.176	0	1	0	0.0	0.0	0.0	null	140.364	0.087
-10.0	0.038225	36375.0	2962.5	2531.25	NaN	NaN	NaN	0	1	1	0	0	0	0	0	0	0	0	0	1	0	0	0	0	1	1	0	1	1	1	0	1	-120.0	0.111	0.311	NaN	NaN	0.264	0.691	NaN	NaN	7.92	24.185	NaN	NaN	0.0	"2.5"	"F0034"	1	0	"PR"	148.593	"deionize"	105.211	0	1	0	0.0	0.0	0.0	null	150.399	0.088
-10.6	0.0374	35812.5	2971.875	2475.0	NaN	NaN	NaN	0	1	1	0	0	0	0	0	0	0	0	0	1	0	0	0	0	1	1	0	1	1	1	0	1	-127.0	0.112	0.305	NaN	NaN	0.267	0.678	NaN	NaN	8.01	23.73	NaN	NaN	0.0	"2.5"	"F0034"	1	0	"PR"	158.632	"deionize"	115.25	0	1	0	0.0	0.0	0.0	null	160.438	0.087
-10.5	0.0374	34687.5	2971.875	2418.75	NaN	NaN	NaN	0	1	1	0	0	0	0	0	0	0	0	0	1	0	0	0	0	1	1	0	1	1	1	0	1	-126.0	0.112	0.3	NaN	NaN	0.267	0.667	NaN	NaN	8.01	23.345	NaN	NaN	0.0	"2.5"	"F0034"	1	0	"PR"	168.48	"deionize"	125.098	0	1	0	0.0	0.0	0.0	null	170.286	0.09
-10.0	0.036575	36562.5	2953.125	2456.25	NaN	NaN	NaN	0	1	1	0	0	0	0	0	0	0	0	0	1	0	0	0	0	1	1	0	1	1	1	0	1	-120.0	0.11	0.304	NaN	NaN	0.262	0.676	NaN	NaN	7.86	23.66	NaN	NaN	0.0	"2.5"	"F0034"	1	0	"PR"	178.515	"deionize"	135.133	0	1	0	0.0	0.0	0.0	null	180.321	0.087
-10.3	0.035475	34125.0	2971.875	2437.5	NaN	NaN	NaN	0	1	1	0	0	0	0	0	0	0	0	0	1	0	0	0	0	1	1	0	1	1	1	0	1	-124.0	0.112	0.302	NaN	NaN	0.267	0.671	NaN	NaN	8.01	23.485	NaN	NaN	0.0	"2.5"	"F0034"	1	0	"PR"	188.555	"deionize"	145.173	0	1	0	0.0	0.0	0.0	null	190.361	0.085
-9.1	0.036025	34125.0	2971.875	2475.0	NaN	NaN	NaN	0	1	1	0	0	0	0	0	0	0	0	0	1	0	0	0	0	1	1	0	1	1	1	0	1	-109.0	0.112	0.305	NaN	NaN	0.267	0.678	NaN	NaN	8.01	23.73	NaN	NaN	0.0	"2.5"	"F0034"	1	0	"PR"	198.597	"deionize"	155.215	0	1	0	0.0	0.0	0.0	null	200.403	0.085
-9.2	0.035475	35625.0	2981.25	2493.75	NaN	NaN	NaN	0	1	1	0	0	0	0	0	0	0	0	0	1	0	0	0	0	1	1	0	1	1	1	0	1	-110.0	0.113	0.307	NaN	NaN	0.269	0.682	NaN	NaN	8.07	23.87	NaN	NaN	0.0	"2.5"	"F0034"	1	0	"PR"	208.633	"deionize"	165.251	0	1	0	0.0	0.0	0.0	null	210.439	0.087
-9.3	0.034925	33375.0	2953.125	2437.5	NaN	NaN	NaN	0	1	1	0	0	0	0	0	0	0	0	0	1	0	0	0	0	1	1	0	1	1	1	0	1	-112.0	0.11	0.302	NaN	NaN	0.262	0.671	NaN	NaN	7.86	23.485	NaN	NaN	0.0	"2.5"	"F0034"	1	0	"PR"	218.669	"deionize"	175.287	0	1	0	0.0	0.0	0.0	null	220.475	0.089
-10.2	0.034925	32437.5	2925.0	2409.375	NaN	NaN	NaN	0	1	1	0	0	0	0	0	0	0	0	0	1	0	0	0	0	1	1	0	1	1	1	0	1	-122.0	0.107	0.299	NaN	NaN	0.255	0.664	NaN	NaN	7.65	23.24	NaN	NaN	0.0	"2.5"	"F0034"	1	0	"PR"	228.705	"deionize"	185.323	0	1	0	0.0	0.0	0.0	null	230.511	0.087
-9.2	0.0341	33562.5	2962.5	2437.5	NaN	NaN	NaN	0	1	1	0	0	0	0	0	0	0	0	0	1	0	0	0	0	1	1	0	1	1	1	0	1	-110.0	0.111	0.302	NaN	NaN	0.264	0.671	NaN	NaN	7.92	23.485	NaN	NaN	0.0	"2.5"	"F0034"	1	0	"PR"	238.544	"deionize"	195.162	0	1	0	0.0	0.0	0.0	null	240.35	0.094
-9.0	0.033825	34312.5	2962.5	2446.875	NaN	NaN	NaN	0	1	1	0	0	0	0	0	0	0	0	0	1	0	0	0	0	1	1	0	1	1	1	0	1	-108.0	0.111	0.303	NaN	NaN	0.264	0.673	NaN	NaN	7.92	23.555	NaN	NaN	0.0	"2.5"	"F0034"	1	0	"PR"	248.586	"deionize"	205.204	0	1	0	0.0	0.0	0.0	null	250.392	0.086
-9.0	0.03355	32062.5	2981.25	2362.5	NaN	NaN	NaN	0	1	1	0	0	0	0	0	0	0	0	0	1	0	0	0	0	1	1	0	1	1	1	0	1	-108.0	0.113	0.294	NaN	NaN	0.269	0.653	NaN	NaN	8.07	22.855	NaN	NaN	0.0	"2.5"	"F0034"	1	0	"PR"	258.626	"deionize"	215.244	0	1	0	0.0	0.0	0.0	null	260.432	0.085
-8.0	0.03355	31125.0	2971.875	2456.25	NaN	NaN	NaN	0	1	1	0	0	0	0	0	0	0	0	0	1	0	0	0	0	1	1	0	1	1	1	0	1	-96.0	0.112	0.304	NaN	NaN	0.267	0.676	NaN	NaN	8.01	23.66	NaN	NaN	0.0	"2.5"	"F0034"	1	0	"PR"	268.666	"deionize"	225.284	0	1	0	0.0	0.0	0.0	null	270.472	0.085
-8.7	0.03245	33000.0	2971.875	2353.125	NaN	NaN	NaN	0	1	1	0	0	0	0	0	0	0	0	0	1	0	0	0	0	1	1	0	1	1	1	0	1	-104.0	0.112	0.293	NaN	NaN	0.267	0.651	NaN	NaN	8.01	22.785	NaN	NaN	0.0	"2.5"	"F0034"	1	0	"PR"	278.706	"deionize"	235.324	0	1	0	0.0	0.0	0.0	null	280.512	0.084
-8.4	0.03245	36375.0	2971.875	2428.125	NaN	NaN	NaN	0	1	1	0	0	0	0	0	0	0	0	0	1	0	0	0	1	1	1	0	1	1	1	0	1	-101.0	0.112	0.301	NaN	NaN	0.267	0.669	NaN	NaN	8.01	23.415	NaN	NaN	0.0	"2.5"	"F0034"	1	0	"PR"	288.657	"deionize-uv"	5.132	0	1	0	0.0	0.0	0.0	null	290.463	0.084
-8.4	0.032175	36937.5	2971.875	2400.0	NaN	NaN	NaN	0	1	1	0	0	0	0	0	0	0	0	0	1	0	0	0	1	1	1	0	1	1	1	0	1	-101.0	0.112	0.298	NaN	NaN	0.267	0.662	NaN	NaN	8.01	23.17	NaN	NaN	0.0	"2.5"	"F0034"	1	0	"PR"	298.695	"deionize-uv"	15.17	0	1	0	0.0	0.0	0.0	null	300.501	0.088
-7.7	0.0319	32250.0	2971.875	2390.625	NaN	NaN	NaN	0	1	1	0	0	0	0	0	0	0	0	0	1	0	0	0	1	1	1	0	1	1	1	0	1	-92.0	0.112	0.297	NaN	NaN	0.267	0.66	NaN	NaN	8.01	23.1	NaN	NaN	0.0	"2.5"	"F0034"	1	0	"PR"	308.727	"deionize-uv"	25.202	0	1	0	0.0	0.0	0.0	null	310.533	0.084
-8.0	0.031625	33187.5	2981.25	2465.625	NaN	NaN	NaN	0	1	1	0	0	0	0	0	0	0	0	0	1	0	0	0	1	1	1	0	1	1	1	0	1	-96.0	0.113	0.305	NaN	NaN	0.269	0.678	NaN	NaN	8.07	23.73	NaN	NaN	0.0	"2.5"	"F0034"	1	0	"PR"	318.762	"deionize-uv"	35.237	0	1	0	0.0	0.0	0.0	null	320.568	0.084
-8.0	0.031075	34500.0	2981.25	2400.0	NaN	NaN	NaN	0	1	1	0	0	0	0	0	0	0	0	0	1	0	0	0	1	1	1	0	1	1	1	0	1	-96.0	0.113	0.298	NaN	NaN	0.269	0.662	NaN	NaN	8.07	23.17	NaN	NaN	0.0	"2.5"	"F0034"	1	0	"PR"	328.8	"deionize-uv"	45.275	0	1	0	0.0	0.0	0.0	null	330.606	0.084
-8.2	0.0308	36562.5	2971.875	2334.375	NaN	NaN	NaN	0	1	1	0	0	0	0	0	0	0	0	0	1	0	0	0	1	1	1	0	1	1	1	0	1	-98.0	0.112	0.291	NaN	NaN	0.267	0.647	NaN	NaN	8.01	22.645	NaN	NaN	0.0	"2.5"	"F0034"	1	0	"PR"	338.834	"deionize-uv"	55.309	0	1	0	0.0	0.0	0.0	null	340.64	0.084
-8.3	0.0308	36000.0	2962.5	2371.875	NaN	NaN	NaN	0	1	1	0	0	0	0	0	0	0	0	0	1	0	0	0	1	1	1	0	1	1	1	0	1	-100.0	0.111	0.295	NaN	NaN	0.264	0.656	NaN	NaN	7.92	22.96	NaN	NaN	0.0	"2.5"	"F0034"	1	0	"PR"	348.674	"deionize-uv"	65.149	0	1	0	0.0	0.0	0.0	null	350.48	0.093
-8.2	0.03025	34500.0	3000.0	2390.625	NaN	NaN	NaN	0	1	1	0	0	0	0	0	0	0	0	0	1	0	0	0	1	1	1	0	1	1	1	0	1	-98.0	0.115	0.297	NaN	NaN	0.274	0.66	NaN	NaN	8.22	23.1	NaN	NaN	0.0	"2.5"	"F0034"	1	0	"PR"	358.708	"deionize-uv"	75.183	0	1	0	0.0	0.0	0.0	null	360.514	0.09
-7.8	0.03025	34125.0	2962.5	2418.75	NaN	NaN	NaN	0	1	1	0	0	0	0	0	0	0	0	0	1	0	0	0	1	1	1	0	1	1	1	0	1	-94.0	0.111	0.3	NaN	NaN	0.264	0.667	NaN	NaN	7.92	23.345	NaN	NaN	0.0	"2.5"	"F0034"	1	0	"PR"	368.745	"deionize-uv"	85.22	0	1	0	0.0	0.0	0.0	null	370.551	0.084
-9.8	0.029975	32250.0	2981.25	2400.0	NaN	NaN	NaN	0	1	1	0	0	0	0	0	0	0	0	0	1	0	0	0	1	1	1	0	1	1	1	0	1	-118.0	0.113	0.298	NaN	NaN	0.269	0.662	NaN	NaN	8.07	23.17	NaN	NaN	0.0	"2.5"	"F0034"	1	0	"PR"	378.785	"deionize-uv"	95.26	0	1	0	0.0	0.0	0.0	null	380.591	0.086
-7.8	0.0297	33750.0	2971.875	2362.5	NaN	NaN	NaN	0	1	1	0	0	0	0	0	0	0	0	0	1	0	0	0	1	1	1	0	1	1	1	0	1	-94.0	0.112	0.294	NaN	NaN	0.267	0.653	NaN	NaN	8.01	22.855	NaN	NaN	0.0	"2.5"	"F0034"	1	0	"PR"	388.821	"deionize-uv"	105.296	0	1	0	0.0	0.0	0.0	null	390.627	0.087
-7.3	0.029975	34687.5	2962.5	2400.0	NaN	NaN	NaN	0	1	1	0	0	0	0	0	0	0	0	0	1	0	0	0	1	1	1	0	1	1	1	0	1	-88.0	0.111	0.298	NaN	NaN	0.264	0.662	NaN	NaN	7.92	23.17	NaN	NaN	0.0	"2.5"	"F0034"	1	0	"PR"	398.857	"deionize-uv"	115.332	0	1	0	0.0	0.0	0.0	null	400.663	0.086
-7.3	0.02915	39937.5	2953.125	2006.25	NaN	NaN	NaN	0	0	1	0	0	0	0	1	0	0	0	0	1	0	0	0	1	1	1	0	1	1	1	0	1	-88.0	0.11	0.259	NaN	NaN	0.262	0.576	NaN	NaN	7.86	20.16	NaN	NaN	0.0	"2.5"	"F0034"	1	0	"PR"	408.829	"drain-di-1"	5.151	0	1	0	0.0	0.0	0.0	null	410.635	0.087
-7.7	0.028875	39000.0	2934.375	1743.75	NaN	NaN	NaN	0	0	1	0	0	0	0	1	0	0	0	0	1	0	0	0	1	1	1	0	1	1	1	0	1	-92.0	0.108	0.232	NaN	NaN	0.257	0.516	NaN	NaN	7.71	18.06	NaN	NaN	0.0	"2.5"	"F0034"	1	0	"PR"	418.871	"drain-di-1"	15.193	0	1	0	0.0	0.0	0.0	null	420.677	0.085
-7.3	0.02915	36937.5	2953.125	1509.375	NaN	NaN	NaN	0	0	1	0	0	0	0	1	0	0	0	0	1	0	0	0	1	1	1	0	1	1	1	0	1	-88.0	0.11	0.209	NaN	NaN	0.262	0.464	NaN	NaN	7.86	16.24	NaN	NaN	0.0	"2.5"	"F0034"	1	0	"PR"	428.909	"drain-di-1"	25.231	0	1	0	0.0	0.0	0.0	null	430.715	0.084
-7.0	0.02805	38250.0	2971.875	1265.625	NaN	NaN	NaN	0	0	1	0	0	0	0	1	0	0	0	0	1	0	0	0	1	1	1	0	1	1	1	0	1	-84.0	0.112	0.185	NaN	NaN	0.267	0.411	NaN	NaN	8.01	14.385	NaN	NaN	0.0	"2.5"	"F0034"	1	0	"PR"	438.948	"drain-di-1"	35.27	0	1	0	0.0	0.0	0.0	null	440.754	0.087
-7.6	0.02915	39000.0	2953.125	1031.25	NaN	NaN	NaN	0	0	1	0	0	0	0	1	0	0	0	0	1	0	0	0	1	1	1	0	1	1	1	0	1	-91.0	0.11	0.161	NaN	NaN	0.262	0.358	NaN	NaN	7.86	12.53	NaN	NaN	0.0	"2.5"	"F0034"	1	0	"PR"	448.789	"drain-di-1"	45.111	0	1	0	0.0	0.0	0.0	null	450.595	0.092
-7.8	0.02805	35250.0	2962.5	731.25	NaN	NaN	NaN	0	0	1	0	0	0	0	1	0	0	0	0	1	0	0	0	1	1	1	0	1	1	1	0	1	-94.0	0.111	0.131	NaN	NaN	0.264	0.291	NaN	NaN	7.92	10.185	NaN	NaN	0.0	"2.5"	"F0034"	1	0	"PR"	458.824	"drain-di-1"	55.146	0	1	0	0.0	0.0	0.0	null	460.63	0.091
-7.6	0.02805	38625.0	2971.875	562.5	NaN	NaN	NaN	0	0	1	0	0	0	0	1	0	0	0	0	1	0	0	0	1	1	1	0	1	1	1	0	1	-91.0	0.112	0.114	NaN	NaN	0.267	0.253	NaN	NaN	8.01	8.855	NaN	NaN	0.0	"2.5"	"F0034"	1	0	"PR"	468.866	"drain-di-1"	65.188	0	1	0	0.0	0.0	0.0	null	470.672	0.092
-6.7	0.02805	36000.0	2953.125	290.625	NaN	NaN	NaN	0	0	1	0	0	0	0	1	0	0	0	0	1	0	0	0	1	1	1	0	1	1	1	0	1	-80.0	0.11	0.087	NaN	NaN	0.262	0.193	NaN	NaN	7.86	6.755	NaN	NaN	0.0	"2.5"	"F0034"	1	0	"PR"	478.902	"drain-di-1"	75.224	0	1	0	0.0	0.0	0.0	null	480.708	0.091
-6.5	0.028325	38437.5	2990.625	56.25	NaN	NaN	NaN	0	0	1	0	0	0	0	1	0	0	0	0	1	0	0	0	1	1	1	0	1	1	1	0	1	-78.0	0.114	0.064	NaN	NaN	0.271	0.142	NaN	NaN	8.13	4.97	NaN	NaN	0.0	"2.5"	"F0034"	1	0	"PR"	488.844	"drip-di-1"	0.705	0	1	0	0.0	0.0	0.0	null	490.65	0.088
-5.1	0.02805	35437.5	2971.875	-18.75	NaN	NaN	NaN	0	0	1	0	0	0	0	1	0	0	0	0	1	0	0	0	1	1	1	0	1	1	1	0	1	-61.0	0.112	0.056	NaN	NaN	0.267	0.124	NaN	NaN	8.01	4.34	NaN	NaN	0.0	"2.5"	"F0034"	1	0	"PR"	498.882	"drip-di-1"	10.743	0	1	0	0.0	0.0	0.0	null	500.688	0.094
12.5	0.028325	30000.0	2821.875	0.0	NaN	NaN	NaN	1	0	0	0	0	1	1	0	0	0	0	0	1	1	0	0	0	1	1	1	0	1	1	1	0	150.0	0.097	0.058	NaN	NaN	0.231	0.129	NaN	NaN	6.93	4.515	NaN	NaN	0.0	"2.5"	"F0034"	1	1	"PR"	508.883	"reverse-f"	5.586	0	1	0	0.0	0.0	0.0	null	510.689	0.093
13.3	0.029425	29625.0	2831.25	309.375	NaN	NaN	NaN	1	0	0	0	0	1	1	0	0	0	0	0	1	1	0	0	0	1	1	1	0	1	1	1	0	160.0	0.098	0.089	NaN	NaN	0.233	0.198	NaN	NaN	6.99	6.93	NaN	NaN	0.0	"2.5"	"F0034"	1	1	"PR"	518.92	"reverse-f"	15.623	0	1	0	0.0	0.0	0.0	null	520.726	0.091
14.5	0.0319	28875.0	2850.0	590.625	NaN	NaN	NaN	1	0	0	0	0	1	1	0	0	0	0	0	1	1	0	0	0	1	1	1	0	1	1	1	0	174.0	0.1	0.117	NaN	NaN	0.238	0.26	NaN	NaN	7.14	9.1	NaN	NaN	0.0	"2.5"	"F0034"	1	1	"PR"	528.957	"reverse-f"	25.66	0	1	0	0.0	0.0	0.0	null	530.763	0.09
12.3	0.034925	29812.5	2821.875	871.875	NaN	NaN	NaN	1	0	0	0	0	1	1	0	0	0	0	0	1	1	0	0	0	1	1	1	0	1	1	1	0	148.0	0.097	0.145	NaN	NaN	0.231	0.322	NaN	NaN	6.93	11.27	NaN	NaN	0.0	"2.5"	"F0034"	1	1	"PR"	538.996	"reverse-f"	35.699	0	1	0	0.0	0.0	0.0	null	540.802	0.091
12.6	0.037125	30000.0	2821.875	1171.875	NaN	NaN	NaN	1	0	0	0	0	1	1	0	0	0	0	0	1	1	0	0	0	1	1	1	0	1	1	1	0	151.0	0.097	0.175	NaN	NaN	0.231	0.389	NaN	NaN	6.93	13.615	NaN	NaN	0.0	"2.5"	"F0034"	1	1	"PR"	549.031	"reverse-f"	45.734	0	1	0	0.0	0.0	0.0	null	550.837	0.087
12.6	0.038225	29437.5	2821.875	1462.5	NaN	NaN	NaN	1	0	0	0	0	1	1	0	0	0	0	0	1	1	0	0	0	1	1	1	0	1	1	1	0	151.0	0.097	0.204	NaN	NaN	0.231	0.453	NaN	NaN	6.93	15.855	NaN	NaN	0.0	"2.5"	"F0034"	1	1	"PR"	559.072	"reverse-f"	55.775	0	1	0	0.0	0.0	0.0	null	560.878	0.093
12.7	0.040425	30000.0	2840.625	1753.125	NaN	NaN	NaN	1	0	0	0	0	1	1	0	0	0	0	0	1	1	0	0	0	1	1	1	0	1	1	1	0	152.0	0.099	0.233	NaN	NaN	0.236	0.518	NaN	NaN	7.08	18.13	NaN	NaN	0.0	"2.5"	"F0034"	1	1	"PR"	568.904	"reverse-f"	65.607	0	1	0	0.0	0.0	0.0	null	570.71	0.087
12.0	0.042625	28875.0	2812.5	2025.0	NaN	NaN	NaN	1	0	0	0	0	1	1	0	0	0	0	0	1	1	0	0	0	1	1	1	0	1	1	1	0	144.0	0.096	0.261	NaN	NaN	0.229	0.58	NaN	NaN	6.87	20.3	NaN	NaN	0.0	"2.5"	"F0034"	1	1	"PR"	578.937	"reverse-f"	75.64	0	1	0	0.0	0.0	0.0	null	580.743	0.087
12.9	0.044	30187.5	2821.875	2240.625	NaN	NaN	NaN	0	0	0	0	0	1	1	0	0	0	0	0	1	0	0	0	0	1	1	1	0	1	1	1	0	155.0	0.097	0.282	NaN	NaN	0.231	0.627	NaN	NaN	6.93	21.945	NaN	NaN	0.0	"2.5"	"F0034"	1	1	"PR"	589.084	"reverse"	85.787	0	1	0	0.0	0.0	0.0	null	590.89	0.093
12.8	0.04565	29250.0	2803.125	2240.625	NaN	NaN	NaN	0	0	0	0	0	1	1	0	0	0	0	0	1	0	0	0	0	1	1	1	0	1	1	1	0	154.0	0.095	0.282	NaN	NaN	0.226	0.627	NaN	NaN	6.78	21.945	NaN	NaN	0.0	"2.5"	"F0034"	1	1	"PR"	599.121	"reverse"	95.824	0	1	0	0.0	0.0	0.0	null	600.927	0.09
11.9	0.0462	30000.0	2821.875	2240.625	NaN	NaN	NaN	0	0	0	0	0	1	1	0	0	0	0	0	1	0	0	0	0	1	1	1	0	1	1	1	0	143.0	0.097	0.282	NaN	NaN	0.231	0.627	NaN	NaN	6.93	21.945	NaN	NaN	0.0	"2.5"	"F0034"	1	1	"PR"	608.954	"reverse"	105.657	0	1	0	0.0	0.0	0.0	null	610.76	0.087
13.3	0.046475	29625.0	2821.875	2240.625	NaN	NaN	NaN	0	0	0	0	0	1	1	0	0	0	0	0	1	0	0	0	0	1	1	1	0	1	1	1	0	160.0	0.097	0.282	NaN	NaN	0.231	0.627	NaN	NaN	6.93	21.945	NaN	NaN	0.0	"2.5"	"F0034"	1	1	"PR"	618.995	"reverse"	115.698	0	1	0	0.0	0.0	0.0	null	620.801	0.087
12.2	0.0473	30000.0	2821.875	2231.25	NaN	NaN	NaN	0	0	0	0	0	1	1	0	0	0	0	0	1	0	0	0	0	1	1	1	0	1	1	1	0	146.0	0.097	0.281	NaN	NaN	0.231	0.624	NaN	NaN	6.93	21.84	NaN	NaN	0.0	"2.5"	"F0034"	1	1	"PR"	629.029	"reverse"	125.732	0	1	0	0.0	0.0	0.0	null	630.835	0.087
12.7	0.0484	30187.5	2775.0	2250.0	NaN	NaN	NaN	0	0	0	0	0	1	1	0	0	0	0	0	1	0	0	0	0	1	1	1	0	1	1	1	0	152.0	0.093	0.283	NaN	NaN	0.221	0.629	NaN	NaN	6.63	22.015	NaN	NaN	0.0	"2.5"	"F0034"	1	1	"PR"	639.068	"reverse"	135.771	0	1	0	0.0	0.0	0.0	null	640.874	0.089
12.3	0.04785	30000.0	2821.875	2240.625	NaN	NaN	NaN	0	0	0	0	0	1	1	0	0	0	0	0	1	0	0	0	0	1	1	1	0	1	1	1	0	148.0	0.097	0.282	NaN	NaN	0.231	0.627	NaN	NaN	6.93	21.945	NaN	NaN	0.0	"2.5"	"F0034"	1	1	"PR"	649.105	"reverse"	145.808	0	1	0	0.0	0.0	0.0	null	650.911	0.091
4.2	0.049225	2812.5	2981.25	2250.0	NaN	NaN	NaN	0	0	0	0	0	0	0	0	0	0	0	0	0	0	0	0	0	0	0	0	1	0	0	0	1	50.0	0.113	0.283	NaN	NaN	0.269	0.629	NaN	NaN	8.07	22.015	NaN	NaN	0.0	"2.5"	"F0034"	0	0	"PR"	659.027	"diffuse"	5.709	0	1	1	0.0	0.0	0.0	null	660.833	0.087
5.0	0.0495	2250.0	2990.625	2240.625	NaN	NaN	NaN	0	0	0	0	0	0	0	0	0	0	0	0	0	0	0	0	0	0	0	0	1	0	0	0	1	60.0	0.114	0.282	NaN	NaN	0.271	0.627	NaN	NaN	8.13	21.945	NaN	NaN	0.0	"2.5"	"F0034"	0	0	"PR"	669.062	"diffuse"	15.744	0	1	1	0.0	0.0	0.0	null	670.868	0.087
5.1	0.049225	1125.0	2953.125	2250.0	NaN	NaN	NaN	0	0	0	0	0	0	0	0	0	0	0	0	0	0	0	0	0	0	0	0	1	0	0	0	1	61.0	0.11	0.283	NaN	NaN	0.262	0.629	NaN	NaN	7.86	22.015	NaN	NaN	0.0	"2.5"	"F0034"	0	0	"PR"	679.1	"diffuse"	25.782	0	1	1	0.0	0.0	0.0	null	680.906	0.087
12.6	0.049225	30750.0	2812.5	2240.625	NaN	NaN	NaN	0	0	0	0	0	1	1	0	0	0	0	0	1	0	0	0	0	1	1	1	0	1	1	1	0	151.0	0.096	0.282	NaN	NaN	0.229	0.627	NaN	NaN	6.87	21.945	NaN	NaN	0.0	"2.5"	"F0034"	1	1	"PR"	689.221	"wash-en"	5.706	0	1	1	0.0	0.0	0.0	null	691.027	0.09
12.8	0.050325	29250.0	2831.25	2231.25	NaN	NaN	NaN	0	0	0	0	0	1	1	0	0	0	0	0	1	0	0	0	0	1	1	1	0	1	1	1	0	154.0	0.098	0.281	NaN	NaN	0.233	0.624	NaN	NaN	6.99	21.84	NaN	NaN	0.0	"2.5"	"F0034"	1	1	"PR"	699.056	"wash-en"	15.541	0	1	1	0.0	0.0	0.0	null	700.862	0.087
3.5	0.05115	30000.0	2850.0	2240.625	NaN	NaN	NaN	0	0	0	0	0	1	1	0	0	0	0	0	1	0	0	0	0	0	0	0	1	0	0	0	1	42.0	0.1	0.282	NaN	NaN	0.238	0.627	NaN	NaN	7.14	21.945	NaN	NaN	0.0	"2.5"	"F0034"	0	0	"PR"	709.19	"wash-sc"	5.514	0	1	1	0.0	0.0	0.0	null	710.996	0.089
3.5	0.049775	2812.5	2981.25	2240.625	NaN	NaN	NaN	0	0	0	0	0	0	0	0	0	0	0	0	0	0	0	0	0	0	0	0	1	0	0	0	1	42.0	0.113	0.282	NaN	NaN	0.269	0.627	NaN	NaN	8.07	21.945	NaN	NaN	0.0	"2.5"	"F0034"	0	0	"PR"	719.225	"diffuse"	5.419	0	1	2	0.0	0.0	0.0	null	721.031	0.091
4.2	0.0506	750.0	2981.25	2240.625	NaN	NaN	NaN	0	0	0	0	0	0	0	0	0	0	0	0	0	0	0	0	0	0	0	0	1	0	0	0	1	50.0	0.113	0.282	NaN	NaN	0.269	0.627	NaN	NaN	8.07	21.945	NaN	NaN	0.0	"2.5"	"F0034"	0	0	"PR"	729.26	"diffuse"	15.454	0	1	2	0.0	0.0	0.0	null	731.066	0.092
4.3	0.050875	375.0	2981.25	2250.0	NaN	NaN	NaN	0	0	0	0	0	0	0	0	0	0	0	0	0	0	0	0	0	0	0	0	1	0	0	0	1	52.0	0.113	0.283	NaN	NaN	0.269	0.629	NaN	NaN	8.07	22.015	NaN	NaN	0.0	"2.5"	"F0034"	0	0	"PR"	739.098	"diffuse"	25.292	0	1	2	0.0	0.0	0.0	null	740.904	0.084
12.4	0.050325	30187.5	2803.125	2240.625	NaN	NaN	NaN	0	0	0	0	0	1	1	0	0	0	0	0	1	0	0	0	0	1	1	1	0	1	1	1	0	149.0	0.095	0.282	NaN	NaN	0.226	0.627	NaN	NaN	6.78	21.945	NaN	NaN	0.0	"2.5"	"F0034"	1	1	"PR"	749.227	"wash-en"	5.314	0	1	2	0.0	0.0	0.0	null	751.033	0.087
12.7	0.050875	30375.0	2821.875	2231.25	NaN	NaN	NaN	0	0	0	0	0	1	1	0	0	0	0	0	1	0	0	0	0	1	1	1	0	1	1	1	0	152.0	0.097	0.281	NaN	NaN	0.231	0.624	NaN	NaN	6.93	21.84	NaN	NaN	0.0	"2.5"	"F0034"	1	1	"PR"	759.262	"wash-en"	15.349	0	1	2	0.0	0.0	0.0	null	761.068	0.091
2.0	0.050875	30187.5	2859.375	2259.375	NaN	NaN	NaN	0	0	0	0	0	1	1	0	0	0	0	0	1	0	0	0	0	0	0	0	1	0	0	0	1	24.0	0.101	0.284	NaN	NaN	0.24	0.631	NaN	NaN	7.2	22.085	NaN	NaN	0.0	"2.5"	"F0034"	0	0	"PR"	769.192	"wash-sc"	5.11	0	1	2	0.0	0.0	0.0	null	770.998	0.086
3.5	0.050325	1687.5	2990.625	2250.0	NaN	NaN	NaN	0	0	0	0	0	0	0	0	0	0	0	0	0	0	0	0	0	0	0	0	1	0	0	0	1	42.0	0.114	0.283	NaN	NaN	0.271	0.629	NaN	NaN	8.13	22.015	NaN	NaN	0.0	"2.5"	"F0034"	0	0	"PR"	779.231	"diffuse"	5.02	0	1	3	0.0	0.0	0.0	null	781.037	0.084
3.6	0.0506	2625.0	2981.25	2250.0	NaN	NaN	NaN	0	0	0	0	0	0	0	0	0	0	0	0	0	0	0	0	0	0	0	0	1	0	0	0	1	43.0	0.113	0.283	NaN	NaN	0.269	0.629	NaN	NaN	8.07	22.015	NaN	NaN	0.0	"2.5"	"F0034"	0	0	"PR"	789.263	"diffuse"	15.052	0	1	3	0.0	0.0	0.0	null	791.069	0.088
3.5	0.050875	1312.5	2981.25	2259.375	NaN	NaN	NaN	0	0	0	0	0	0	0	0	0	0	0	0	0	0	0	0	0	0	0	0	1	0	0	0	1	42.0	0.113	0.284	NaN	NaN	0.269	0.631	NaN	NaN	8.07	22.085	NaN	NaN	0.0	"2.5"	"F0034"	0	0	"PR"	799.3	"diffuse"	25.089	0	1	3	0.0	0.0	0.0	null	801.106	0.093
12.4	0.0506	30000.0	2803.125	2240.625	NaN	NaN	NaN	0	0	0	0	0	1	1	0	0	0	0	0	1	0	0	0	0	1	1	1	0	1	1	1	0	149.0	0.095	0.282	NaN	NaN	0.226	0.627	NaN	NaN	6.78	21.945	NaN	NaN	0.0	"2.5"	"F0034"	1	1	"PR"	809.221	"wash-en"	4.904	0	1	3	0.0	0.0	0.0	null	811.027	0.084
13.3	0.050875	30000.0	2821.875	2231.25	NaN	NaN	NaN	0	0	0	0	0	1	1	0	0	0	0	0	1	0	0	0	0	1	1	1	0	1	1	1	0	160.0	0.097	0.281	NaN	NaN	0.231	0.624	NaN	NaN	6.93	21.84	NaN	NaN	0.0	"2.5"	"F0034"	1	1	"PR"	819.264	"wash-en"	14.947	0	1	3	0.0	0.0	0.0	null	821.07	0.084
2.7	0.050325	29437.5	2821.875	2250.0	NaN	NaN	NaN	0	0	0	0	0	1	1	0	0	0	0	0	1	0	0	0	0	0	0	0	1	0	0	0	1	32.0	0.097	0.283	NaN	NaN	0.231	0.629	NaN	NaN	6.93	22.015	NaN	NaN	0.0	"2.5"	"F0034"	0	0	"PR"	829.195	"wash-sc"	4.711	0	1	3	0.0	0.0	0.0	null	831.001	0.088
3.2	0.050875	2250.0	2981.25	2268.75	NaN	NaN	NaN	0	0	0	0	0	0	0	0	0	0	0	0	0	0	0	0	0	0	0	0	1	0	0	0	1	38.0	0.113	0.285	NaN	NaN	0.269	0.633	NaN	NaN	8.07	22.155	NaN	NaN	0.0	"2.5"	"F0034"	0	0	"PR"	839.23	"diffuse"	4.614	0	1	4	0.0	0.0	0.0	null	841.036	0.088
3.1	0.050875	1875.0	2981.25	2259.375	NaN	NaN	NaN	0	0	0	0	0	0	0	0	0	0	0	0	0	0	0	0	0	0	0	0	1	0	0	0	1	37.0	0.113	0.284	NaN	NaN	0.269	0.631	NaN	NaN	8.07	22.085	NaN	NaN	0.0	"2.5"	"F0034"	0	0	"PR"	849.265	"diffuse"	14.649	0	1	4	0.0	0.0	0.0	null	851.071	0.084
2.7	0.050875	3000.0	2981.25	2240.625	NaN	NaN	NaN	0	0	0	0	0	0	0	0	0	0	0	0	0	0	0	0	0	0	0	0	1	0	0	0	1	32.0	0.113	0.282	NaN	NaN	0.269	0.627	NaN	NaN	8.07	21.945	NaN	NaN	0.0	"2.5"	"F0034"	0	0	"PR"	859.302	"diffuse"	24.686	0	1	4	0.0	0.0	0.0	null	861.108	0.085
12.9	0.050875	30000.0	2821.875	2240.625	NaN	NaN	NaN	0	0	0	0	0	1	1	0	0	0	0	0	1	0	0	0	0	1	1	1	0	1	1	1	0	155.0	0.097	0.282	NaN	NaN	0.231	0.627	NaN	NaN	6.93	21.945	NaN	NaN	0.0	"2.5"	"F0034"	1	1	"PR"	869.429	"wash-en"	4.707	0	1	4	0.0	0.0	0.0	null	871.235	0.087
12.8	0.0506	29625.0	2821.875	2221.875	NaN	NaN	NaN	0	0	0	0	0	1	1	0	0	0	0	0	1	0	0	0	0	1	1	1	0	1	1	1	0	154.0	0.097	0.28	NaN	NaN	0.231	0.622	NaN	NaN	6.93	21.77	NaN	NaN	0.0	"2.5"	"F0034"	1	1	"PR"	879.27	"wash-en"	14.548	0	1	4	0.0	0.0	0.0	null	881.076	0.085
3.3	0.0506	30000.0	2850.0	2240.625	NaN	NaN	NaN	0	0	0	0	0	1	1	0	0	0	0	0	1	0	0	0	0	0	0	0	1	0	0	0	1	40.0	0.1	0.282	NaN	NaN	0.238	0.627	NaN	NaN	7.14	21.945	NaN	NaN	0.0	"2.5"	"F0034"	0	0	"PR"	889.394	"wash-sc"	4.502	0	1	4	0.0	0.0	0.0	null	891.2	0.085
2.1	0.0506	-1312.5	2615.625	2240.625	NaN	NaN	NaN	0	0	0	0	1	0	0	0	0	0	0	0	0	0	0	0	0	0	0	0	1	0	0	0	1	25.0	0.077	0.282	NaN	NaN	0.183	0.627	NaN	NaN	5.49	21.945	NaN	NaN	0.0	"2.5"	"F0034"	0	0	"PR"	899.43	"drain-rg"	4.415	0	1	4	0.0	0.0	0.0	null	901.236	0.087
2.9	0.050875	-187.5	2296.875	2250.0	NaN	NaN	NaN	0	0	0	0	1	0	0	0	0	0	0	0	0	0	0	0	0	0	0	0	1	0	0	0	1	35.0	0.045	0.283	NaN	NaN	0.107	0.629	NaN	NaN	3.21	22.015	NaN	NaN	0.0	"2.5"	"F0034"	0	0	"PR"	909.466	"drain-rg"	14.451	0	1	4	0.0	0.0	0.0	null	911.272	0.087
2.9	0.050875	-375.0	1968.75	2240.625	NaN	NaN	NaN	0	0	0	0	1	0	0	0	0	0	0	0	0	0	0	0	0	0	0	0	1	0	0	0	1	35.0	0.012	0.282	NaN	NaN	0.029	0.627	NaN	NaN	0.87	21.945	NaN	NaN	0.0	"2.5"	"F0034"	0	0	"PR"	919.305	"drain-rg"	24.29	0	1	4	0.0	0.0	0.0	null	921.111	0.087
2.5	0.050875	-375.0	1415.625	2259.375	NaN	NaN	NaN	0	0	0	0	1	0	0	0	0	0	0	0	0	0	0	0	0	0	0	0	1	0	0	0	1	30.0	-0.043	0.284	NaN	NaN	-0.102	0.631	NaN	NaN	-3.06	22.085	NaN	NaN	0.0	"2.5"	"F0034"	0	0	"PR"	929.338	"drip-rg"	7.625	0	1	4	0.0	0.0	0.0	null	931.144	0.084
3.4	0.05115	26625.0	168.75	2240.625	NaN	NaN	NaN	0	0	1	0	0	1	0	0	0	0	0	0	1	0	0	0	0	0	0	0	1	0	0	0	1	41.0	-0.168	0.282	NaN	NaN	-0.4	0.627	NaN	NaN	-12.0	21.945	NaN	NaN	0.0	"2.5"	"F0034"	0	0	"FR"	1.835	"fill-rg-di"	1.635	1	1	0	938.772	0.0	0.0	null	941.232	0.084
3.2	0.0506	30000.0	1968.75	1968.75	NaN	NaN	NaN	0	0	1	0	0	1	0	0	0	0	0	0	1	0	0	0	0	0	0	0	1	0	0	0	1	38.0	0.012	0.255	NaN	NaN	0.029	0.567	NaN	NaN	0.87	19.845	NaN	NaN	0.0	"2.5"	"F0034"	0	0	"FR"	11.874	"fill-rg-di"	11.674	1	1	0	938.772	0.0	0.0	null	951.271	0.086
2.7	0.04895	30562.5	2343.75	1696.875	NaN	NaN	NaN	0	0	1	0	0	1	0	0	0	0	0	0	1	0	0	0	0	0	0	0	1	0	0	0	1	32.0	0.049	0.228	NaN	NaN	0.117	0.507	NaN	NaN	3.51	17.745	NaN	NaN	0.0	"2.5"	"F0034"	0	0	"FR"	21.91	"fill-rg-di"	21.71	1	1	0	938.772	0.0	0.0	null	961.307	0.087
3.1	0.047025	29250.0	2615.625	1443.75	NaN	NaN	NaN	0	0	1	0	0	1	0	0	0	0	0	0	1	0	0	0	0	0	0	0	1	0	0	0	1	37.0	0.077	0.202	NaN	NaN	0.183	0.449	NaN	NaN	5.49	15.715	NaN	NaN	0.0	"2.5"	"F0034"	0	0	"FR"	31.944	"fill-rg-di"	31.744	1	1	0	938.772	0.0	0.0	null	971.341	0.084
2.5	0.04675	28500.0	2943.75	1218.75	NaN	NaN	NaN	0	0	1	0	0	1	0	0	0	0	0	0	1	0	0	0	0	0	0	0	1	0	0	0	1	30.0	0.109	0.18	NaN	NaN	0.26	0.4	NaN	NaN	7.8	14.0	NaN	NaN	0.0	"2.5"	"F0034"	0	0	"FR"	41.785	"fill-rg-di"	41.585	1	1	0	938.772	0.0	0.0	null	981.182	0.089
2.7	0.04565	30187.5	3225.0	975.0	NaN	NaN	NaN	0	0	1	0	0	1	0	0	0	0	0	0	1	0	0	0	0	0	0	0	1	0	0	0	1	32.0	0.138	0.155	NaN	NaN	0.329	0.344	NaN	NaN	9.87	12.04	NaN	NaN	0.0	"2.5"	"F0034"	0	0	"FR"	51.819	"fill-rg-di"	51.619	1	1	0	938.772	0.0	0.0	null	991.216	0.09
3.0	0.0451	1125.0	2746.875	918.75	NaN	NaN	NaN	0	0	0	0	1	0	0	0	0	0	0	0	0	0	0	0	0	0	0	0	1	0	0	0	1	36.0	0.09	0.15	NaN	NaN	0.214	0.333	NaN	NaN	6.42	11.655	NaN	NaN	0.0	"2.5"	"F0034"	0	0	"FR"	61.853	"drain-rg"	9.031	1	1	0	938.772	0.0	0.0	null	1001.25	0.087
2.6	0.0451	562.5	2390.625	946.875	NaN	NaN	NaN	0	0	0	0	1	0	0	0	0	0	0	0	0	0	0	0	0	0	0	0	1	0	0	0	1	31.0	0.054	0.153	NaN	NaN	0.129	0.34	NaN	NaN	3.87	11.9	NaN	NaN	0.0	"2.5"	"F0034"	0	0	"FR"	71.893	"drain-rg"	19.071	1	1	0	938.772	0.0	0.0	null	1011.29	0.089
2.7	0.044825	-562.5	2053.125	956.25	NaN	NaN	NaN	0	0	0	0	1	0	0	0	0	0	0	0	0	0	0	0	0	0	0	0	1	0	0	0	1	32.0	0.02	0.154	NaN	NaN	0.048	0.342	NaN	NaN	1.44	11.97	NaN	NaN	0.0	"2.5"	"F0034"	0	0	"FR"	81.929	"drain-rg"	29.107	1	1	0	938.772	0.0	0.0	null	1021.326	0.088
3.5	0.044825	-1125.0	1650.0	946.875	NaN	NaN	NaN	0	0	0	0	1	0	0	0	0	0	0	0	0	0	0	0	0	0	0	0	1	0	0	0	1	42.0	-0.02	0.153	NaN	NaN	-0.048	0.34	NaN	NaN	-1.44	11.9	NaN	NaN	0.0	"2.5"	"F0034"	0	0	"FR"	91.966	"drip-rg"	4.416	1	1	0	938.772	0.0	0.0	null	1031.363	0.087
2.4	0.04455	-2437.5	9.375	956.25	NaN	NaN	NaN	0	0	0	0	1	0	0	0	0	0	0	0	0	0	0	0	0	0	0	0	1	0	0	0	1	29.0	-0.184	0.154	NaN	NaN	-0.438	0.342	NaN	NaN	-13.14	11.97	NaN	NaN	0.0	"2.5"	"F0034"	0	0	"FR"	102.007	"drip-rg"	14.457	1	1	0	938.772	0.0	0.0	null	1041.404	0.084
2.8	0.045375	29250.0	1837.5	750.0	NaN	NaN	NaN	0	0	1	0	0	1	0	0	0	0	0	0	1	0	0	0	0	0	0	0	1	0	0	0	1	34.0	-0.001	0.133	NaN	NaN	-0.002	0.296	NaN	NaN	-0.06	10.36	NaN	NaN	0.0	"2.5"	"F0034"	0	0	"PR"	8.452	"fill-rg-di"	8.251	1	0	0	938.772	0.0	1042.206	null	1051.278	0.093
2.8	0.044	30000.0	2203.125	506.25	NaN	NaN	NaN	0	0	1	0	0	1	0	0	0	0	0	0	1	0	0	0	0	0	0	0	1	0	0	0	1	34.0	0.035	0.109	NaN	NaN	0.083	0.242	NaN	NaN	2.49	8.47	NaN	NaN	0.0	"2.5"	"F0034"	0	0	"PR"	18.49	"fill-rg-di"	18.289	1	0	0	938.772	0.0	1042.206	null	1061.316	0.091
2.6	0.044	30000.0	2540.625	243.75	NaN	NaN	NaN	0	0	1	0	0	1	0	0	0	0	0	0	1	0	0	0	0	0	0	0	1	0	0	0	1	31.0	0.069	0.082	NaN	NaN	0.164	0.182	NaN	NaN	4.92	6.37	NaN	NaN	0.0	"2.5"	"F0034"	0	0	"PR"	28.532	"fill-rg-di"	28.331	1	0	0	938.772	0.0	1042.206	null	1071.358	0.091
2.7	0.043175	1875.0	2746.875	140.625	NaN	NaN	NaN	1	0	0	0	0	0	0	0	0	0	0	0	0	1	0	0	0	0	0	0	1	0	0	0	1	32.0	0.09	0.072	NaN	NaN	0.214	0.16	NaN	NaN	6.42	5.6	NaN	NaN	0.0	"2.5"	"F0034"	0	0	"PR"	38.572	"fill-di-lb"	2.608	1	0	0	938.772	0.0	1042.206	null	1081.398	0.091
2.8	0.043175	2250.0	2765.625	412.5	NaN	NaN	NaN	1	0	0	0	0	0	0	0	0	0	0	0	0	1	0	0	0	0	0	0	1	0	0	0	1	34.0	0.092	0.099	NaN	NaN	0.219	0.22	NaN	NaN	6.57	7.7	NaN	NaN	0.0	"2.5"	"F0034"	0	0	"PR"	48.611	"fill-di-lb"	12.647	1	0	0	938.772	0.0	1042.206	null	1091.437	0.09
2.5	0.04345	2812.5	2746.875	731.25	NaN	NaN	NaN	1	0	0	0	0	0	0	0	0	0	0	0	0	1	0	0	0	0	0	0	1	0	0	0	1	30.0	0.09	0.131	NaN	NaN	0.214	0.291	NaN	NaN	6.42	10.185	NaN	NaN	0.0	"2.5"	"F0034"	0	0	"PR"	58.65	"fill-di-lb"	22.686	1	0	0	938.772	0.0	1042.206	null	1101.476	0.085
2.7	0.0429	2812.5	2746.875	1021.875	NaN	NaN	NaN	1	0	0	0	0	0	0	0	0	0	0	0	0	1	0	0	0	0	0	0	1	0	0	0	1	32.0	0.09	0.16	NaN	NaN	0.214	0.356	NaN	NaN	6.42	12.46	NaN	NaN	0.0	"2.5"	"F0034"	0	0	"PR"	68.688	"fill-di-lb"	32.724	1	0	0	938.772	0.0	1042.206	null	1111.514	0.084
-0.1	0.0429	2625.0	2746.875	1312.5	NaN	NaN	NaN	1	0	0	0	0	0	0	0	0	0	0	0	0	1	0	0	0	0	0	0	1	0	0	0	1	-1.0	0.09	0.189	NaN	NaN	0.214	0.42	NaN	NaN	6.42	14.7	NaN	NaN	0.0	"2.5"	"F0034"	0	0	"PR"	78.526	"fill-di-lb"	42.562	1	0	0	938.772	0.0	1042.206	null	1121.352	0.091
2.7	0.04345	3187.5	2746.875	1575.0	NaN	NaN	NaN	1	0	0	0	0	0	0	0	0	0	0	0	0	1	0	0	0	0	0	0	1	0	0	0	1	32.0	0.09	0.215	NaN	NaN	0.214	0.478	NaN	NaN	6.42	16.73	NaN	NaN	0.0	"2.5"	"F0034"	0	0	"PR"	88.564	"fill-di-lb"	52.6	1	0	0	938.772	0.0	1042.206	null	1131.39	0.093
2.5	0.043725	1500.0	2709.375	1884.375	NaN	NaN	NaN	1	0	0	0	0	0	0	0	0	0	0	0	0	1	0	0	0	0	0	0	1	0	0	0	1	30.0	0.086	0.246	NaN	NaN	0.205	0.547	NaN	NaN	6.15	19.145	NaN	NaN	0.0	"2.5"	"F0034"	0	0	"PR"	98.597	"fill-di-lb"	62.633	1	0	0	938.772	0.0	1042.206	null	1141.423	0.09
2.1	0.04345	2250.0	2746.875	2165.625	NaN	NaN	NaN	1	0	0	0	0	0	0	0	0	0	0	0	0	1	0	0	0	0	0	0	1	0	0	0	1	25.0	0.09	0.275	NaN	NaN	0.214	0.611	NaN	NaN	6.42	21.385	NaN	NaN	0.0	"2.5"	"F0034"	0	0	"PR"	108.632	"fill-di-lb"	72.668	1	0	0	938.772	0.0	1042.206	null	1151.458	0.088
2.2	0.043725	30000.0	2971.875	2100.0	NaN	NaN	NaN	0	0	1	0	0	1	0	0	0	0	0	0	1	0	0	0	0	0	0	0	1	0	0	0	1	26.0	0.112	0.268	NaN	NaN	0.267	0.596	NaN	NaN	8.01	20.86	NaN	NaN	0.0	"2.5"	"F0034"	0	0	"PR"	118.67	"fill-rg-di"	7.226	1	0	0	938.772	0.0	1042.206	null	1161.496	0.092
12.7	0.04235	34500.0	2953.125	2493.75	NaN	NaN	NaN	0	1	1	0	0	0	0	0	0	0	0	0	1	0	0	0	0	1	1	1	0	1	1	1	0	152.0	0.11	0.307	NaN	NaN	0.262	0.682	NaN	NaN	7.86	23.87	NaN	NaN	0.0	"2.5"	"F0034"	1	1	"PR"	128.711	"deionize"	4.22	1	1	0	938.772	0.0	1042.206	null	1171.537	0.091
12.7	0.0429	32437.5	2934.375	2550.0	NaN	NaN	NaN	0	1	1	0	0	0	0	0	0	0	0	0	1	0	0	0	0	1	1	1	0	1	1	1	0	152.0	0.108	0.313	NaN	NaN	0.257	0.696	NaN	NaN	7.71	24.36	NaN	NaN	0.0	"2.5"	"F0034"	1	1	"PR"	138.752	"deionize"	14.261	1	1	0	938.772	0.0	1042.206	null	1181.578	0.093
9.1	0.0418	34687.5	2953.125	2596.875	NaN	NaN	NaN	0	1	1	0	0	0	0	0	0	0	0	0	1	0	0	0	0	1	1	1	0	1	1	1	0	109.0	0.11	0.318	NaN	NaN	0.262	0.707	NaN	NaN	7.86	24.745	NaN	NaN	0.0	"2.5"	"F0034"	1	1	"PR"	148.589	"deionize"	24.098	1	1	0	938.772	0.0	1042.206	null	1191.415	0.084
11.9	0.040975	33937.5	2953.125	2521.875	NaN	NaN	NaN	0	1	1	0	0	0	0	0	0	0	0	0	1	0	0	0	0	1	1	1	0	1	1	1	0	143.0	0.11	0.31	NaN	NaN	0.262	0.689	NaN	NaN	7.86	24.115	NaN	NaN	0.0	"2.5"	"F0034"	1	1	"PR"	158.628	"deionize"	34.137	1	1	0	938.772	0.0	1042.206	null	1201.454	0.089
11.0	0.04015	34687.5	2953.125	2559.375	NaN	NaN	NaN	0	1	1	0	0	0	0	0	0	0	0	0	1	0	0	0	0	1	1	1	0	1	1	1	0	132.0	0.11	0.314	NaN	NaN	0.262	0.698	NaN	NaN	7.86	24.43	NaN	NaN	0.0	"2.5"	"F0034"	1	1	"PR"	168.667	"deionize"	44.176	1	1	0	938.772	0.0	1042.206	null	1211.493	0.093
14.5	0.039325	34312.5	2943.75	2578.125	NaN	NaN	NaN	0	1	1	0	0	0	0	0	0	0	0	0	1	0	0	0	0	1	1	1	0	1	1	1	0	174.0	0.109	0.316	NaN	NaN	0.26	0.702	NaN	NaN	7.8	24.57	NaN	NaN	0.0	"2.5"	"F0034"	1	1	"PR"	178.709	"deionize"	54.218	1	1	0	938.772	0.0	1042.206	null	1221.535	0.089
12.6	0.03905	34125.0	2953.125	2531.25	NaN	NaN	NaN	0	1	1	0	0	0	0	0	0	0	0	0	1	0	0	0	0	1	1	1	0	1	1	1	0	151.0	0.11	0.311	NaN	NaN	0.262	0.691	NaN	NaN	7.86	24.185	NaN	NaN	0.0	"2.5"	"F0034"	1	1	"PR"	188.753	"deionize"	64.262	1	1	0	938.772	0.0	1042.206	null	1231.579	0.093
12.6	0.038225	33750.0	2943.75	2512.5	NaN	NaN	NaN	0	1	1	0	0	0	0	0	0	0	0	0	1	0	0	0	0	1	1	1	0	1	1	1	0	151.0	0.109	0.309	NaN	NaN	0.26	0.687	NaN	NaN	7.8	24.045	NaN	NaN	0.0	"2.5"	"F0034"	1	1	"PR"	198.791	"deionize"	74.3	1	1	0	938.772	0.0	1042.206	null	1241.617	0.091
12.4	0.0374	32062.5	2981.25	2484.375	NaN	NaN	NaN	0	1	1	0	0	0	0	0	0	0	0	0	1	0	0	0	0	1	1	1	0	1	1	1	0	149.0	0.113	0.306	NaN	NaN	0.269	0.68	NaN	NaN	8.07	23.8	NaN	NaN	0.0	"2.5"	"F0034"	1	1	"PR"	208.833	"deionize"	84.342	1	1	0	938.772	0.0	1042.206	null	1251.659	0.091
12.2	0.037125	34125.0	2943.75	2550.0	NaN	NaN	NaN	0	1	1	0	0	0	0	0	0	0	0	0	1	0	0	0	0	1	1	1	0	1	1	1	0	146.0	0.109	0.313	NaN	NaN	0.26	0.696	NaN	NaN	7.8	24.36	NaN	NaN	0.0	"2.5"	"F0034"	1	1	"PR"	218.671	"deionize"	94.18	1	1	0	938.772	0.0	1042.206	null	1261.497	0.088
12.2	0.037125	33937.5	2953.125	2475.0	NaN	NaN	NaN	0	1	1	0	0	0	0	0	0	0	0	0	1	0	0	0	0	1	1	1	0	1	1	1	0	146.0	0.11	0.305	NaN	NaN	0.262	0.678	NaN	NaN	7.86	23.73	NaN	NaN	0.0	"2.5"	"F0034"	1	1	"PR"	228.71	"deionize"	104.219	1	1	0	938.772	0.0	1042.206	null	1271.536	0.087
12.3	0.036025	33937.5	2962.5	2493.75	NaN	NaN	NaN	0	1	1	0	0	0	0	0	0	0	0	0	1	0	0	0	0	1	1	1	0	1	1	1	0	148.0	0.111	0.307	NaN	NaN	0.264	0.682	NaN	NaN	7.92	23.87	NaN	NaN	0.0	"2.5"	"F0034"	1	1	"PR"	238.751	"deionize"	114.26	1	1	0	938.772	0.0	1042.206	null	1281.577	0.089
12.6	0.036025	33187.5	2934.375	2512.5	NaN	NaN	NaN	0	1	1	0	0	0	0	0	0	0	0	0	1	0	0	0	0	1	1	1	0	1	1	1	0	151.0	0.108	0.309	NaN	NaN	0.257	0.687	NaN	NaN	7.71	24.045	NaN	NaN	0.0	"2.5"	"F0034"	1	1	"PR"	248.788	"deionize"	124.297	1	1	0	938.772	0.0	1042.206	null	1291.614	0.087
12.3	0.036025	32625.0	2943.75	2437.5	NaN	NaN	NaN	0	1	1	0	0	0	0	0	0	0	0	0	1	0	0	0	0	1	1	1	0	1	1	1	0	148.0	0.109	0.302	NaN	NaN	0.26	0.671	NaN	NaN	7.8	23.485	NaN	NaN	0.0	"2.5"	"F0034"	1	1	"PR"	258.833	"deionize"	134.342	1	1	0	938.772	0.0	1042.206	null	1301.659	0.091
12.6	0.034925	34312.5	2953.125	2475.0	NaN	NaN	NaN	0	1	1	0	0	0	0	0	0	0	0	0	1	0	0	0	0	1	1	1	0	1	1	1	0	151.0	0.11	0.305	NaN	NaN	0.262	0.678	NaN	NaN	7.86	23.73	NaN	NaN	0.0	"2.5"	"F0034"	1	1	"PR"	268.871	"deionize"	144.38	1	1	0	938.772	0.0	1042.206	null	1311.697	0.089
11.3	0.034925	34500.0	2943.75	2521.875	NaN	NaN	NaN	0	1	1	0	0	0	0	0	0	0	0	0	1	0	0	0	0	1	1	1	0	1	1	1	0	136.0	0.109	0.31	NaN	NaN	0.26	0.689	NaN	NaN	7.8	24.115	NaN	NaN	0.0	"2.5"	"F0034"	1	1	"PR"	278.909	"deionize"	154.418	1	1	0	938.772	0.0	1042.206	null	1321.735	0.091
12.4	0.034925	34875.0	2934.375	2484.375	NaN	NaN	NaN	0	1	1	0	0	0	0	0	0	0	0	0	1	0	0	0	0	1	1	1	0	1	1	1	0	149.0	0.108	0.306	NaN	NaN	0.257	0.68	NaN	NaN	7.71	23.8	NaN	NaN	0.0	"2.5"	"F0034"	1	1	"PR"	288.746	"deionize"	164.255	1	1	0	938.772	0.0	1042.206	null	1331.572	0.088
12.2	0.03465	36187.5	2953.125	2465.625	NaN	NaN	NaN	0	1	1	0	0	0	0	0	0	0	0	0	1	0	0	0	0	1	1	1	0	1	1	1	0	146.0	0.11	0.305	NaN	NaN	0.262	0.678	NaN	NaN	7.86	23.73	NaN	NaN	0.0	"2.5"	"F0034"	1	1	"PR"	298.783	"deionize"	174.292	1	1	0	938.772	0.0	1042.206	null	1341.609	0.087
12.6	0.03355	34687.5	2953.125	2475.0	NaN	NaN	NaN	0	1	1	0	0	0	0	0	0	0	0	0	1	0	0	0	0	1	1	1	0	1	1	1	0	151.0	0.11	0.305	NaN	NaN	0.262	0.678	NaN	NaN	7.86	23.73	NaN	NaN	0.0	"2.5"	"F0034"	1	1	"PR"	308.827	"deionize"	184.336	1	1	0	938.772	0.0	1042.206	null	1351.653	0.088
11.9	0.033825	33937.5	2971.875	2446.875	NaN	NaN	NaN	0	1	1	0	0	0	0	0	0	0	0	0	1	0	0	0	0	1	1	1	0	1	1	1	0	143.0	0.112	0.303	NaN	NaN	0.267	0.673	NaN	NaN	8.01	23.555	NaN	NaN	0.0	"2.5"	"F0034"	1	1	"PR"	318.869	"deionize"	194.378	1	1	0	938.772	0.0	1042.206	null	1361.695	0.088
12.4	0.032725	33375.0	2934.375	2418.75	NaN	NaN	NaN	0	1	1	0	0	0	0	0	0	0	0	0	1	0	0	0	0	1	1	1	0	1	1	1	0	149.0	0.108	0.3	NaN	NaN	0.257	0.667	NaN	NaN	7.71	23.345	NaN	NaN	0.0	"2.5"	"F0034"	1	1	"PR"	328.91	"deionize"	204.419	1	1	0	938.772	0.0	1042.206	null	1371.736	0.087
12.6	0.032725	33375.0	2943.75	2428.125	NaN	NaN	NaN	0	1	1	0	0	0	0	0	0	0	0	0	1	0	0	0	0	1	1	1	0	1	1	1	0	151.0	0.109	0.301	NaN	NaN	0.26	0.669	NaN	NaN	7.8	23.415	NaN	NaN	0.0	"2.5"	"F0034"	1	1	"PR"	338.953	"deionize"	214.462	1	1	0	938.772	0.0	1042.206	null	1381.779	0.089
12.2	0.03245	31500.0	2934.375	2400.0	NaN	NaN	NaN	0	1	1	0	0	0	0	0	0	0	0	0	1	0	0	0	0	1	1	1	0	1	1	1	0	146.0	0.108	0.298	NaN	NaN	0.257	0.662	NaN	NaN	7.71	23.17	NaN	NaN	0.0	"2.5"	"F0034"	1	1	"PR"	348.993	"deionize"	224.502	1	1	0	938.772	0.0	1042.206	null	1391.819	0.092
13.3	0.03245	32812.5	2943.75	2465.625	NaN	NaN	NaN	0	1	1	0	0	0	0	0	0	0	0	0	1	0	0	0	0	1	1	1	0	1	1	1	0	160.0	0.109	0.305	NaN	NaN	0.26	0.678	NaN	NaN	7.8	23.73	NaN	NaN	0.0	"2.5"	"F0034"	1	1	"PR"	358.833	"deionize"	234.342	1	1	0	938.772	0.0	1042.206	null	1401.659	0.084
11.1	0.03135	34500.0	2934.375	2446.875	NaN	NaN	NaN	0	1	1	0	0	0	0	0	0	0	0	0	1	0	0	0	1	1	1	1	0	1	1	1	0	133.0	0.108	0.303	NaN	NaN	0.257	0.673	NaN	NaN	7.71	23.555	NaN	NaN	0.0	"2.5"	"F0034"	1	1	"PR"	368.982	"deionize-uv"	4.322	1	1	0	938.772	0.0	1042.206	null	1411.808	0.087
11.2	0.032175	33937.5	2943.75	2456.25	NaN	NaN	NaN	0	1	1	0	0	0	0	0	0	0	0	0	1	0	0	0	1	1	1	1	0	1	1	1	0	134.0	0.109	0.304	NaN	NaN	0.26	0.676	NaN	NaN	7.8	23.66	NaN	NaN	0.0	"2.5"	"F0034"	1	1	"PR"	379.017	"deionize-uv"	14.357	1	1	0	938.772	0.0	1042.206	null	1421.843	0.087
12.6	0.03135	35437.5	2934.375	2437.5	NaN	NaN	NaN	0	1	1	0	0	0	0	0	0	0	0	0	1	0	0	0	1	1	1	1	0	1	1	1	0	151.0	0.108	0.302	NaN	NaN	0.257	0.671	NaN	NaN	7.71	23.485	NaN	NaN	0.0	"2.5"	"F0034"	1	1	"PR"	388.858	"deionize-uv"	24.198	1	1	0	938.772	0.0	1042.206	null	1431.684	0.086
13.2	0.030525	33187.5	2953.125	2362.5	NaN	NaN	NaN	0	1	1	0	0	0	0	0	0	0	0	0	1	0	0	0	1	1	1	1	0	1	1	1	0	158.0	0.11	0.294	NaN	NaN	0.262	0.653	NaN	NaN	7.86	22.855	NaN	NaN	0.0	"2.5"	"F0034"	1	1	"PR"	398.892	"deionize-uv"	34.232	1	1	0	938.772	0.0	1042.206	null	1441.718	0.084
12.5	0.030525	34500.0	2971.875	2400.0	NaN	NaN	NaN	0	1	1	0	0	0	0	0	0	0	0	0	1	0	0	0	1	1	1	1	0	1	1	1	0	150.0	0.112	0.298	NaN	NaN	0.267	0.662	NaN	NaN	8.01	23.17	NaN	NaN	0.0	"2.5"	"F0034"	1	1	"PR"	408.926	"deionize-uv"	44.266	1	1	0	938.772	0.0	1042.206	null	1451.752	0.084
12.4	0.0297	34687.5	2953.125	2362.5	NaN	NaN	NaN	0	1	1	0	0	0	0	0	0	0	0	0	1	0	0	0	1	1	1	1	0	1	1	1	0	149.0	0.11	0.294	NaN	NaN	0.262	0.653	NaN	NaN	7.86	22.855	NaN	NaN	0.0	"2.5"	"F0034"	1	1	"PR"	418.966	"deionize-uv"	54.306	1	1	0	938.772	0.0	1042.206	null	1461.792	0.088
12.6	0.03025	35437.5	2943.75	2446.875	NaN	NaN	NaN	0	1	1	0	0	0	0	0	0	0	0	0	1	0	0	0	1	1	1	1	0	1	1	1	0	151.0	0.109	0.303	NaN	NaN	0.26	0.673	NaN	NaN	7.8	23.555	NaN	NaN	0.0	"2.5"	"F0034"	1	1	"PR"	429.0	"deionize-uv"	64.34	1	1	0	938.772	0.0	1042.206	null	1471.826	0.084
14.5	0.028875	34312.5	2953.125	2456.25	NaN	NaN	NaN	0	1	1	0	0	0	0	0	0	0	0	0	1	0	0	0	1	1	1	1	0	1	1	1	0	174.0	0.11	0.304	NaN	NaN	0.262	0.676	NaN	NaN	7.86	23.66	NaN	NaN	0.0	"2.5"	"F0034"	1	1	"PR"	439.036	"deionize-uv"	74.376	1	1	0	938.772	0.0	1042.206	null	1481.862	0.087
11.6	0.0286	32250.0	2962.5	2446.875	NaN	NaN	NaN	0	1	1	0	0	0	0	0	0	0	0	0	1	0	0	0	1	1	1	1	0	1	1	1	0	139.0	0.111	0.303	NaN	NaN	0.264	0.673	NaN	NaN	7.92	23.555	NaN	NaN	0.0	"2.5"	"F0034"	1	1	"PR"	449.074	"deionize-uv"	84.414	1	1	0	938.772	0.0	1042.206	null	1491.9	0.085
12.3	0.028875	34125.0	2981.25	2371.875	NaN	NaN	NaN	0	1	1	0	0	0	0	0	0	0	0	0	1	0	0	0	1	1	1	1	0	1	1	1	0	148.0	0.113	0.295	NaN	NaN	0.269	0.656	NaN	NaN	8.07	22.96	NaN	NaN	0.0	"2.5"	"F0034"	1	1	"PR"	459.107	"deionize-uv"	94.447	1	1	0	938.772	0.0	1042.206	null	1501.933	0.087
12.3	0.0286	35062.5	2943.75	2371.875	NaN	NaN	NaN	0	1	1	0	0	0	0	0	0	0	0	0	1	0	0	0	1	1	1	1	0	1	1	1	0	148.0	0.109	0.295	NaN	NaN	0.26	0.656	NaN	NaN	7.8	22.96	NaN	NaN	0.0	"2.5"	"F0034"	1	1	"PR"	469.145	"deionize-uv"	104.485	1	1	0	938.772	0.0	1042.206	null	1511.971	0.087
12.6	0.027775	35250.0	2962.5	2400.0	NaN	NaN	NaN	0	1	1	0	0	0	0	0	0	0	0	0	1	0	0	0	1	1	1	1	0	1	1	1	0	151.0	0.111	0.298	NaN	NaN	0.264	0.662	NaN	NaN	7.92	23.17	NaN	NaN	0.0	"2.5"	"F0034"	1	1	"PR"	478.983	"deionize-uv"	114.323	1	1	0	938.772	0.0	1042.206	null	1521.809	0.087
12.6	0.0275	36187.5	2953.125	1996.875	NaN	NaN	NaN	0	0	1	0	0	0	0	1	0	0	0	0	1	0	0	0	1	1	1	1	0	1	1	1	0	151.0	0.11	0.258	NaN	NaN	0.262	0.573	NaN	NaN	7.86	20.055	NaN	NaN	0.0	"2.5"	"F0034"	1	1	"PR"	489.152	"drain-di-1"	4.348	1	1	0	938.772	0.0	1042.206	null	1531.978	0.086
12.4	0.0275	38062.5	2971.875	1734.375	NaN	NaN	NaN	0	0	1	0	0	0	0	1	0	0	0	0	1	0	0	0	1	1	1	1	0	1	1	1	0	149.0	0.112	0.231	NaN	NaN	0.267	0.513	NaN	NaN	8.01	17.955	NaN	NaN	0.0	"2.5"	"F0034"	1	1	"PR"	498.989	"drain-di-1"	14.185	1	1	0	938.772	0.0	1042.206	null	1541.815	0.084
11.9	0.02695	37500.0	2943.75	1537.5	NaN	NaN	NaN	0	0	1	0	0	0	0	1	0	0	0	0	1	0	0	0	1	1	1	1	0	1	1	1	0	143.0	0.109	0.212	NaN	NaN	0.26	0.471	NaN	NaN	7.8	16.485	NaN	NaN	0.0	"2.5"	"F0034"	1	1	"PR"	509.028	"drain-di-1"	24.224	1	1	0	938.772	0.0	1042.206	null	1551.854	0.084
11.4	0.02695	36937.5	2962.5	1284.375	NaN	NaN	NaN	0	0	1	0	0	0	0	1	0	0	0	0	1	0	0	0	1	1	1	1	0	1	1	1	0	137.0	0.111	0.186	NaN	NaN	0.264	0.413	NaN	NaN	7.92	14.455	NaN	NaN	0.0	"2.5"	"F0034"	1	1	"PR"	519.067	"drain-di-1"	34.263	1	1	0	938.772	0.0	1042.206	null	1561.893	0.089
11.0	0.026675	39000.0	2962.5	1040.625	NaN	NaN	NaN	0	0	1	0	0	0	0	1	0	0	0	0	1	0	0	0	1	1	1	1	0	1	1	1	0	132.0	0.111	0.162	NaN	NaN	0.264	0.36	NaN	NaN	7.92	12.6	NaN	NaN	0.0	"2.5"	"F0034"	1	1	"PR"	529.103	"drain-di-1"	44.299	1	1	0	938.772	0.0	1042.206	null	1571.929	0.087
10.6	0.026675	37312.5	2953.125	806.25	NaN	NaN	NaN	0	0	1	0	0	0	0	1	0	0	0	0	1	0	0	0	1	1	1	1	0	1	1	1	0	127.0	0.11	0.139	NaN	NaN	0.262	0.309	NaN	NaN	7.86	10.815	NaN	NaN	0.0	"2.5"	"F0034"	1	1	"PR"	539.141	"drain-di-1"	54.337	1	1	0	938.772	0.0	1042.206	null	1581.967	0.085
11.3	0.026675	38812.5	2962.5	571.875	NaN	NaN	NaN	0	0	1	0	0	0	0	1	0	0	0	0	1	0	0	0	1	1	1	1	0	1	1	1	0	136.0	0.111	0.115	NaN	NaN	0.264	0.256	NaN	NaN	7.92	8.96	NaN	NaN	0.0	"2.5"	"F0034"	1	1	"PR"	549.18	"drain-di-1"	64.376	1	1	0	938.772	0.0	1042.206	null	1592.006	0.085
11.1	0.026125	37687.5	2962.5	328.125	NaN	NaN	NaN	0	0	1	0	0	0	0	1	0	0	0	0	1	0	0	0	1	1	1	1	0	1	1	1	0	133.0	0.111	0.091	NaN	NaN	0.264	0.202	NaN	NaN	7.92	7.07	NaN	NaN	0.0	"2.5"	"F0034"	1	1	"PR"	559.218	"drain-di-1"	74.414	1	1	0	938.772	0.0	1042.206	null	1602.044	0.087
11.0	0.02585	37687.5	2934.375	75.0	NaN	NaN	NaN	0	0	1	0	0	0	0	1	0	0	0	0	1	0	0	0	1	1	1	1	0	1	1	1	0	132.0	0.108	0.066	NaN	NaN	0.257	0.147	NaN	NaN	7.71	5.145	NaN	NaN	0.0	"2.5"	"F0034"	1	1	"PR"	569.06	"drain-di-1"	84.256	1	1	0	938.772	0.0	1042.206	null	1611.886	0.094
11.2	0.025575	37875.0	2953.125	-131.25	NaN	NaN	NaN	0	0	1	0	0	0	0	1	0	0	0	0	1	0	0	0	1	1	1	1	0	1	1	1	0	134.0	0.11	0.045	NaN	NaN	0.262	0.1	NaN	NaN	7.86	3.5	NaN	NaN	0.0	"2.5"	"F0034"	1	1	"PR"	579.207	"drip-di-1"	9.545	1	1	0	938.772	0.0	1042.206	null	1622.033	0.085
-11.7	0.02585	30375.0	2784.375	-9.375	NaN	NaN	NaN	1	0	0	0	0	1	1	0	0	0	0	0	1	1	0	0	0	1	1	0	1	1	1	0	1	-140.0	0.093	0.057	NaN	NaN	0.221	0.127	NaN	NaN	6.63	4.445	NaN	NaN	0.0	"2.5"	"F0034"	1	0	"PR"	589.202	"reverse-f"	4.377	1	1	0	938.772	0.0	1042.206	null	1632.028	0.087
-12.3	0.02695	30562.5	2840.625	253.125	NaN	NaN	NaN	1	0	0	0	0	1	1	0	0	0	0	0	1	1	0	0	0	1	1	0	1	1	1	0	1	-148.0	0.099	0.083	NaN	NaN	0.236	0.184	NaN	NaN	7.08	6.44	NaN	NaN	0.0	"2.5"	"F0034"	1	0	"PR"	599.242	"reverse-f"	14.417	1	1	0	938.772	0.0	1042.206	null	1642.068	0.084
-12.5	0.03025	30562.5	2831.25	553.125	NaN	NaN	NaN	1	0	0	0	0	1	1	0	0	0	0	0	1	1	0	0	0	1	1	0	1	1	1	0	1	-150.0	0.098	0.113	NaN	NaN	0.233	0.251	NaN	NaN	6.99	8.785	NaN	NaN	0.0	"2.5"	"F0034"	1	0	"PR"	609.277	"reverse-f"	24.452	1	1	0	938.772	0.0	1042.206	null	1652.103	0.084
-11.0	0.03245	29250.0	2803.125	853.125	NaN	NaN	NaN	1	0	0	0	0	1	1	0	0	0	0	0	1	1	0	0	0	1	1	0	1	1	1	0	1	-132.0	0.095	0.143	NaN	NaN	0.226	0.318	NaN	NaN	6.78	11.13	NaN	NaN	0.0	"2.5"	"F0034"	1	0	"PR"	619.311	"reverse-f"	34.486	1	1	0	938.772	0.0	1042.206	null	1662.137	0.084
-11.7	0.033825	29625.0	2831.25	1153.125	NaN	NaN	NaN	1	0	0	0	0	1	1	0	0	0	0	0	1	1	0	0	0	1	1	0	1	1	1	0	1	-140.0	0.098	0.173	NaN	NaN	0.233	0.384	NaN	NaN	6.99	13.44	NaN	NaN	0.0	"2.5"	"F0034"	1	0	"PR"	629.149	"reverse-f"	44.324	1	1	0	938.772	0.0	1042.206	null	1671.975	0.092
-11.3	0.0363	29625.0	2793.75	1425.0	NaN	NaN	NaN	1	0	0	0	0	1	1	0	0	0	0	0	1	1	0	0	0	1	1	0	1	1	1	0	1	-136.0	0.094	0.2	NaN	NaN	0.224	0.444	NaN	NaN	6.72	15.54	NaN	NaN	0.0	"2.5"	"F0034"	1	0	"PR"	639.186	"reverse-f"	54.361	1	1	0	938.772	0.0	1042.206	null	1682.012	0.091
-12.4	0.037675	30937.5	2812.5	1696.875	NaN	NaN	NaN	1	0	0	0	0	1	1	0	0	0	0	0	1	1	0	0	0	1	1	0	1	1	1	0	1	-149.0	0.096	0.228	NaN	NaN	0.229	0.507	NaN	NaN	6.87	17.745	NaN	NaN	0.0	"2.5"	"F0034"	1	0	"PR"	649.22	"reverse-f"	64.395	1	1	0	938.772	0.0	1042.206	null	1692.046	0.091
-11.3	0.039875	29625.0	2784.375	2006.25	NaN	NaN	NaN	1	0	0	0	0	1	1	0	0	0	0	0	1	1	0	0	0	1	1	0	1	1	1	0	1	-136.0	0.093	0.259	NaN	NaN	0.221	0.576	NaN	NaN	6.63	20.16	NaN	NaN	0.0	"2.5"	"F0034"	1	0	"PR"	659.258	"reverse-f"	74.433	1	1	0	938.772	0.0	1042.206	null	1702.084	0.093
-11.8	0.04125	30375.0	2709.375	2268.75	NaN	NaN	NaN	0	0	0	0	0	1	1	0	0	0	0	0	1	0	0	0	0	1	1	0	1	1	1	0	1	-142.0	0.086	0.285	NaN	NaN	0.205	0.633	NaN	NaN	6.15	22.155	NaN	NaN	0.0	"2.5"	"F0034"	1	0	"PR"	669.199	"reverse"	84.374	1	1	0	938.772	0.0	1042.206	null	1712.025	0.091
-12.5	0.042625	30562.5	2793.75	2278.125	NaN	NaN	NaN	0	0	0	0	0	1	1	0	0	0	0	0	1	0	0	0	0	1	1	0	1	1	1	0	1	-150.0	0.094	0.286	NaN	NaN	0.224	0.636	NaN	NaN	6.72	22.26	NaN	NaN	0.0	"2.5"	"F0034"	1	0	"PR"	679.238	"reverse"	94.413	1	1	0	938.772	0.0	1042.206	null	1722.064	0.091
-12.1	0.043725	28687.5	2784.375	2268.75	NaN	NaN	NaN	0	0	0	0	0	1	1	0	0	0	0	0	1	0	0	0	0	1	1	0	1	1	1	0	1	-145.0	0.093	0.285	NaN	NaN	0.221	0.633	NaN	NaN	6.63	22.155	NaN	NaN	0.0	"2.5"	"F0034"	1	0	"PR"	689.273	"reverse"	104.448	1	1	0	938.772	0.0	1042.206	null	1732.099	0.092
-12.0	0.044825	29812.5	2793.75	2268.75	NaN	NaN	NaN	0	0	0	0	0	1	1	0	0	0	0	0	1	0	0	0	0	1	1	0	1	1	1	0	1	-144.0	0.094	0.285	NaN	NaN	0.224	0.633	NaN	NaN	6.72	22.155	NaN	NaN	0.0	"2.5"	"F0034"	1	0	"PR"	699.308	"reverse"	114.483	1	1	0	938.772	0.0	1042.206	null	1742.134	0.091
-11.9	0.045925	29812.5	2784.375	2250.0	NaN	NaN	NaN	0	0	0	0	0	1	1	0	0	0	0	0	1	0	0	0	0	1	1	0	1	1	1	0	1	-143.0	0.093	0.283	NaN	NaN	0.221	0.629	NaN	NaN	6.63	22.015	NaN	NaN	0.0	"2.5"	"F0034"	1	0	"PR"	709.342	"reverse"	124.517	1	1	0	938.772	0.0	1042.206	null	1752.168	0.091
-11.9	0.045925	28875.0	2803.125	2278.125	NaN	NaN	NaN	0	0	0	0	0	1	1	0	0	0	0	0	1	0	0	0	0	1	1	0	1	1	1	0	1	-143.0	0.095	0.286	NaN	NaN	0.226	0.636	NaN	NaN	6.78	22.26	NaN	NaN	0.0	"2.5"	"F0034"	1	0	"PR"	719.386	"reverse"	134.561	1	1	0	938.772	0.0	1042.206	null	1762.212	0.091
-11.7	0.045925	30187.5	2812.5	2278.125	NaN	NaN	NaN	0	0	0	0	0	1	1	0	0	0	0	0	1	0	0	0	0	1	1	0	1	1	1	0	1	-140.0	0.096	0.286	NaN	NaN	0.229	0.636	NaN	NaN	6.87	22.26	NaN	NaN	0.0	"2.5"	"F0034"	1	0	"PR"	729.422	"reverse"	144.597	1	1	0	938.772	0.0	1042.206	null	1772.248	0.088
0.7	0.04675	1125.0	2971.875	2278.125	NaN	NaN	NaN	0	0	0	0	0	0	0	0	0	0	0	0	0	0	0	0	0	0	0	0	1	0	0	0	1	8.0	0.112	0.286	NaN	NaN	0.267	0.636	NaN	NaN	8.01	22.26	NaN	NaN	0.0	"2.5"	"F0034"	0	0	"PR"	739.354	"diffuse"	4.511	1	1	1	938.772	0.0	1042.206	null	1782.18	0.09
0.4	0.047575	1125.0	2990.625	2259.375	NaN	NaN	NaN	0	0	0	0	0	0	0	0	0	0	0	0	0	0	0	0	0	0	0	0	1	0	0	0	1	5.0	0.114	0.284	NaN	NaN	0.271	0.631	NaN	NaN	8.13	22.085	NaN	NaN	0.0	"2.5"	"F0034"	0	0	"PR"	749.389	"diffuse"	14.546	1	1	1	938.772	0.0	1042.206	null	1792.215	0.09
-0.1	0.0473	1875.0	2971.875	2306.25	NaN	NaN	NaN	0	0	0	0	0	0	0	0	0	0	0	0	0	0	0	0	0	0	0	0	1	0	0	0	1	-1.0	0.112	0.289	NaN	NaN	0.267	0.642	NaN	NaN	8.01	22.47	NaN	NaN	0.0	"2.5"	"F0034"	0	0	"PR"	759.424	"diffuse"	24.581	1	1	1	938.772	0.0	1042.206	null	1802.25	0.09
-12.2	0.04675	29812.5	2850.0	2287.5	NaN	NaN	NaN	0	0	0	0	0	1	1	0	0	0	0	0	1	0	0	0	0	1	1	0	1	1	1	0	1	-146.0	0.1	0.287	NaN	NaN	0.238	0.638	NaN	NaN	7.14	22.33	NaN	NaN	0.0	"2.5"	"F0034"	1	0	"PR"	769.354	"wash-en"	4.31	1	1	1	938.772	0.0	1042.206	null	1812.18	0.09
-11.7	0.0484	28687.5	2821.875	2278.125	NaN	NaN	NaN	0	0	0	0	0	1	1	0	0	0	0	0	1	0	0	0	0	1	1	0	1	1	1	0	1	-140.0	0.097	0.286	NaN	NaN	0.231	0.636	NaN	NaN	6.93	22.26	NaN	NaN	0.0	"2.5"	"F0034"	1	0	"PR"	779.391	"wash-en"	14.347	1	1	1	938.772	0.0	1042.206	null	1822.217	0.09
1.1	0.048675	30187.5	2850.0	2268.75	NaN	NaN	NaN	0	0	0	0	0	1	1	0	0	0	0	0	1	0	0	0	0	0	0	0	1	0	0	0	1	13.0	0.1	0.285	NaN	NaN	0.238	0.633	NaN	NaN	7.14	22.155	NaN	NaN	0.0	"2.5"	"F0034"	0	0	"PR"	789.314	"wash-sc"	4.103	1	1	1	938.772	0.0	1042.206	null	1832.14	0.087
