cur	ec	mod-ps	rg-ps	di-ps	fw1-ps	fw2-ps	pf-ps	vlv-di-fill	vlv-di-in	vlv-di-out	vlv-rg-fill	vlv-rg-drain	vlv-rg-in	vlv-rg-out	vlv-fw1-in	vlv-fw1-out	vlv-fw2-in	vlv-po	vlv-mod-drain	pmp-sys	pmp-di	pmp-fw1	pmp-fw2	uv	en-anode1	en-cath1	pl-anode1	pl-cath1	en-anode2	en-cath2	pl-anode2	pl-cath2	pw	rg-he	di-he	fw1-he	fw2-he	rg-lev	di-lev	fw1-lev	fw2-lev	rg-vol	di-vol	fw1-vol	fw2-vol	pr-ec	ver	sn	mod-en	mod-pl	proc	proc-time	ph	ph-time	count	cyc	rnd	pr-last	rc-last	fr-last	halt-re	time	exec
3.3	0.048675	19875.0	2821.875	2287.5	NaN	NaN	NaN	0	0	0	0	0	1	1	0	0	0	0	0	1	0	0	0	0	0	0	0	1	0	0	0	1	40.0	0.097	0.287	NaN	NaN	0.231	0.638	NaN	NaN	6.93	22.33	NaN	NaN	0.0	"2.5"	"F0034"	0	0	"PR"	8.246	"prime"	7.427	0	0	0	0.0	0.0	0.0	null	10.038	0.086
3.3	0.048675	19875.0	2821.875	2287.5	NaN	NaN	NaN	0	0	0	0	0	1	1	0	0	0	0	0	1	0	0	0	0	0	0	0	1	0	0	0	1	40.0	0.097	0.287	NaN	NaN	0.231	0.638	NaN	NaN	6.93	22.33	NaN	NaN	0.0	"2.5"	"F0034"	0	0	"PR"	8.246	"prime"	7.427	0	0	0	0.0	0.0	0.0	null	10.038	0.086
3.2	0.049775	21187.5	2812.5	2315.625	NaN	NaN	NaN	0	0	0	0	0	1	1	0	0	0	0	0	1	0	0	0	0	0	0	0	1	0	0	0	1	38.0	0.096	0.29	NaN	NaN	0.229	0.644	NaN	NaN	6.87	22.54	NaN	NaN	0.0	"2.5"	"F0034"	0	0	"PR"	18.289	"prime"	17.47	0	0	0	0.0	0.0	0.0	null	20.081	0.086
3.0	0.05005	19875.0	2821.875	2287.5	NaN	NaN	NaN	0	0	0	0	0	1	1	0	0	0	0	0	1	0	0	0	0	0	0	0	1	0	0	0	1	36.0	0.097	0.287	NaN	NaN	0.231	0.638	NaN	NaN	6.93	22.33	NaN	NaN	0.0	"2.5"	"F0034"	0	0	"PR"	28.327	"prime"	27.508	0	0	0	0.0	0.0	0.0	null	30.119	0.086
-11.8	0.049775	27750.0	2971.875	2671.875	NaN	NaN	NaN	0	1	1	0	0	0	0	0	0	0	0	0	1	0	0	0	0	1	1	0	1	1	1	0	1	-142.0	0.112	0.325	NaN	NaN	0.267	0.722	NaN	NaN	8.01	25.27	NaN	NaN	0.0	"2.5"	"F0034"	1	0	"PR"	38.376	"deionize"	7.036	0	1	0	0.0	0.0	0.0	null	40.168	0.093
-11.7	0.04895	28687.5	2971.875	2662.5	NaN	NaN	NaN	0	1	1	0	0	0	0	0	0	0	0	0	1	0	0	0	0	1	1	0	1	1	1	0	1	-140.0	0.112	0.324	NaN	NaN	0.267	0.72	NaN	NaN	8.01	25.2	NaN	NaN	0.0	"2.5"	"F0034"	1	0	"PR"	48.413	"deionize"	17.073	0	1	0	0.0	0.0	0.0	null	50.205	0.09
-10.6	0.0473	24750.0	2981.25	2587.5	NaN	NaN	NaN	0	1	1	0	0	0	0	0	0	0	0	0	1	0	0	0	0	1	1	0	1	1	1	0	1	-127.0	0.113	0.317	NaN	NaN	0.269	0.704	NaN	NaN	8.07	24.64	NaN	NaN	0.0	"2.5"	"F0034"	1	0	"PR"	58.447	"deionize"	27.107	0	1	0	0.0	0.0	0.0	null	60.239	0.09
-11.3	0.045375	25312.5	2981.25	2625.0	NaN	NaN	NaN	0	1	1	0	0	0	0	0	0	0	0	0	1	0	0	0	0	1	1	0	1	1	1	0	1	-136.0	0.113	0.321	NaN	NaN	0.269	0.713	NaN	NaN	8.07	24.955	NaN	NaN	0.0	"2.5"	"F0034"	1	0	"PR"	68.486	"deionize"	37.146	0	1	0	0.0	0.0	0.0	null	70.278	0.089
-11.5	0.043725	25125.0	2981.25	2568.75	NaN	NaN	NaN	0	1	1	0	0	0	0	0	0	0	0	0	1	0	0	0	0	1	1	0	1	1	1	0	1	-138.0	0.113	0.315	NaN	NaN	0.269	0.7	NaN	NaN	8.07	24.5	NaN	NaN	0.0	"2.5"	"F0034"	1	0	"PR"	78.321	"deionize"	46.981	0	1	0	0.0	0.0	0.0	null	80.113	0.084
-12.4	0.041525	27187.5	2971.875	2512.5	NaN	NaN	NaN	0	1	1	0	0	0	0	0	0	0	0	0	1	0	0	0	0	1	1	0	1	1	1	0	1	-149.0	0.112	0.309	NaN	NaN	0.267	0.687	NaN	NaN	8.01	24.045	NaN	NaN	0.0	"2.5"	"F0034"	1	0	"PR"	88.358	"deionize"	57.018	0	1	0	0.0	0.0	0.0	null	90.15	0.084
-11.8	0.039325	27750.0	2981.25	2484.375	NaN	NaN	NaN	0	1	1	0	0	0	0	0	0	0	0	0	1	0	0	0	0	1	1	0	1	1	1	0	1	-142.0	0.113	0.306	NaN	NaN	0.269	0.68	NaN	NaN	8.07	23.8	NaN	NaN	0.0	"2.5"	"F0034"	1	0	"PR"	98.396	"deionize"	67.056	0	1	0	0.0	0.0	0.0	null	100.188	0.086
-10.7	0.037125	24562.5	2981.25	2493.75	NaN	NaN	NaN	0	1	1	0	0	0	0	0	0	0	0	0	1	0	0	0	0	1	1	0	1	1	1	0	1	-128.0	0.113	0.307	NaN	NaN	0.269	0.682	NaN	NaN	8.07	23.87	NaN	NaN	0.0	"2.5"	"F0034"	1	0	"PR"	108.425	"deionize"	77.085	0	1	0	0.0	0.0	0.0	null	110.217	0.084
-11.8	0.03575	26625.0	2981.25	2456.25	NaN	NaN	NaN	0	1	1	0	0	0	0	0	0	0	0	0	1	0	0	0	0	1	1	0	1	1	1	0	1	-142.0	0.113	0.304	NaN	NaN	0.269	0.676	NaN	NaN	8.07	23.66	NaN	NaN	0.0	"2.5"	"F0034"	1	0	"PR"	118.461	"deionize"	87.121	0	1	0	0.0	0.0	0.0	null	120.253	0.084
-11.7	0.033825	27000.0	2981.25	2484.375	NaN	NaN	NaN	0	1	1	0	0	0	0	0	0	0	0	0	1	0	0	0	0	1	1	0	1	1	1	0	1	-140.0	0.113	0.306	NaN	NaN	0.269	0.68	NaN	NaN	8.07	23.8	NaN	NaN	0.0	"2.5"	"F0034"	1	0	"PR"	128.499	"deionize"	97.159	0	1	0	0.0	0.0	0.0	null	130.291	0.086
-11.3	0.033825	25687.5	2990.625	2475.0	NaN	NaN	NaN	0	1	1	0	0	0	0	0	0	0	0	0	1	0	0	0	0	1	1	0	1	1	1	0	1	-136.0	0.114	0.305	NaN	NaN	0.271	0.678	NaN	NaN	8.13	23.73	NaN	NaN	0.0	"2.5"	"F0034"	1	0	"PR"	138.531	"deionize"	107.191	0	1	0	0.0	0.0	0.0	null	140.323	0.086
-11.2	0.03245	24562.5	2981.25	2465.625	NaN	NaN	NaN	0	1	1	0	0	0	0	0	0	0	0	0	1	0	0	0	0	1	1	0	1	1	1	0	1	-134.0	0.113	0.305	NaN	NaN	0.269	0.678	NaN	NaN	8.07	23.73	NaN	NaN	0.0	"2.5"	"F0034"	1	0	"PR"	148.567	"deionize"	117.227	0	1	0	0.0	0.0	0.0	null	150.359	0.088
-11.9	0.03135	25312.5	2971.875	2503.125	NaN	NaN	NaN	0	1	1	0	0	0	0	0	0	0	0	0	1	0	0	0	0	1	1	0	1	1	1	0	1	-143.0	0.112	0.308	NaN	NaN	0.267	0.684	NaN	NaN	8.01	23.94	NaN	NaN	0.0	"2.5"	"F0034"	1	0	"PR"	158.406	"deionize"	127.066	0	1	0	0.0	0.0	0.0	null	160.198	0.084
-10.0	0.031075	27375.0	2981.25	2465.625	NaN	NaN	NaN	0	1	1	0	0	0	0	0	0	0	0	0	1	0	0	0	0	1	1	0	1	1	1	0	1	-120.0	0.113	0.305	NaN	NaN	0.269	0.678	NaN	NaN	8.07	23.73	NaN	NaN	0.0	"2.5"	"F0034"	1	0	"PR"	168.441	"deionize"	137.101	0	1	0	0.0	0.0	0.0	null	170.233	0.084
-11.5	0.029975	26812.5	3000.0	2409.375	NaN	NaN	NaN	0	1	1	0	0	0	0	0	0	0	0	0	1	0	0	0	0	1	1	0	1	1	1	0	1	-138.0	0.115	0.299	NaN	NaN	0.274	0.664	NaN	NaN	8.22	23.24	NaN	NaN	0.0	"2.5"	"F0034"	1	0	"PR"	178.48	"deionize"	147.14	0	1	0	0.0	0.0	0.0	null	180.272	0.086
-9.2	0.03025	27937.5	2981.25	2475.0	NaN	NaN	NaN	0	1	1	0	0	0	0	0	0	0	0	0	1	0	0	0	0	1	1	0	1	1	1	0	1	-110.0	0.113	0.305	NaN	NaN	0.269	0.678	NaN	NaN	8.07	23.73	NaN	NaN	0.0	"2.5"	"F0034"	1	0	"PR"	188.514	"deionize"	157.174	0	1	0	0.0	0.0	0.0	null	190.306	0.084
-9.9	0.02915	25687.5	2981.25	2475.0	NaN	NaN	NaN	0	1	1	0	0	0	0	0	0	0	0	0	1	0	0	0	0	1	1	0	1	1	1	0	1	-119.0	0.113	0.305	NaN	NaN	0.269	0.678	NaN	NaN	8.07	23.73	NaN	NaN	0.0	"2.5"	"F0034"	1	0	"PR"	198.549	"deionize"	167.209	0	1	0	0.0	0.0	0.0	null	200.341	0.084
-9.8	0.02915	26437.5	2990.625	2400.0	NaN	NaN	NaN	0	1	1	0	0	0	0	0	0	0	0	0	1	0	0	0	0	1	1	0	1	1	1	0	1	-118.0	0.114	0.298	NaN	NaN	0.271	0.662	NaN	NaN	8.13	23.17	NaN	NaN	0.0	"2.5"	"F0034"	1	0	"PR"	208.593	"deionize"	177.253	0	1	0	0.0	0.0	0.0	null	210.385	0.084
-9.7	0.02805	24562.5	2981.25	2428.125	NaN	NaN	NaN	0	1	1	0	0	0	0	0	0	0	0	0	1	0	0	0	0	1	1	0	1	1	1	0	1	-116.0	0.113	0.301	NaN	NaN	0.269	0.669	NaN	NaN	8.07	23.415	NaN	NaN	0.0	"2.5"	"F0034"	1	0	"PR"	218.626	"deionize"	187.286	0	1	0	0.0	0.0	0.0	null	220.418	0.086
-9.9	0.027775	24000.0	3009.375	2493.75	NaN	NaN	NaN	0	1	1	0	0	0	0	0	0	0	0	0	1	0	0	0	0	1	1	0	1	1	1	0	1	-119.0	0.116	0.307	NaN	NaN	0.276	0.682	NaN	NaN	8.28	23.87	NaN	NaN	0.0	"2.5"	"F0034"	1	0	"PR"	228.667	"deionize"	197.327	0	1	0	0.0	0.0	0.0	null	230.459	0.088
-9.4	0.027775	24750.0	2990.625	2437.5	NaN	NaN	NaN	0	1	1	0	0	0	0	0	0	0	0	0	1	0	0	0	0	1	1	0	1	1	1	0	1	-113.0	0.114	0.302	NaN	NaN	0.271	0.671	NaN	NaN	8.13	23.485	NaN	NaN	0.0	"2.5"	"F0034"	1	0	"PR"	238.505	"deionize"	207.165	0	1	0	0.0	0.0	0.0	null	240.297	0.084
-9.9	0.02695	26250.0	2981.25	2437.5	NaN	NaN	NaN	0	1	1	0	0	0	0	0	0	0	0	0	1	0	0	0	0	1	1	0	1	1	1	0	1	-119.0	0.113	0.302	NaN	NaN	0.269	0.671	NaN	NaN	8.07	23.485	NaN	NaN	0.0	"2.5"	"F0034"	1	0	"PR"	248.541	"deionize"	217.201	0	1	0	0.0	0.0	0.0	null	250.333	0.084
-10.9	0.02695	27937.5	2981.25	2475.0	NaN	NaN	NaN	0	1	1	0	0	0	0	0	0	0	0	0	1	0	0	0	0	1	1	0	1	1	1	0	1	-131.0	0.113	0.305	NaN	NaN	0.269	0.678	NaN	NaN	8.07	23.73	NaN	NaN	0.0	"2.5"	"F0034"	1	0	"PR"	258.581	"deionize"	227.241	0	1	0	0.0	0.0	0.0	null	260.373	0.088
-9.2	0.02695	26625.0	2981.25	2475.0	NaN	NaN	NaN	0	1	1	0	0	0	0	0	0	0	0	0	1	0	0	0	0	1	1	0	1	1	1	0	1	-110.0	0.113	0.305	NaN	NaN	0.269	0.678	NaN	NaN	8.07	23.73	NaN	NaN	0.0	"2.5"	"F0034"	1	0	"PR"	268.613	"deionize"	237.273	0	1	0	0.0	0.0	0.0	null	270.405	0.084
-9.1	0.026125	27750.0	2971.875	2456.25	NaN	NaN	NaN	0	1	1	0	0	0	0	0	0	0	0	0	1	0	0	0	1	1	1	0	1	1	1	0	1	-109.0	0.112	0.304	NaN	NaN	0.267	0.676	NaN	NaN	8.01	23.66	NaN	NaN	0.0	"2.5"	"F0034"	1	0	"PR"	278.562	"deionize-uv"	7.139	0	1	0	0.0	0.0	0.0	null	280.354	0.086
-8.1	0.025575	29062.5	2981.25	2475.0	NaN	NaN	NaN	0	1	1	0	0	0	0	0	0	0	0	0	1	0	0	0	1	1	1	0	1	1	1	0	1	-97.0	0.113	0.305	NaN	NaN	0.269	0.678	NaN	NaN	8.07	23.73	NaN	NaN	0.0	"2.5"	"F0034"	1	0	"PR"	288.6	"deionize-uv"	17.177	0	1	0	0.0	0.0	0.0	null	290.392	0.086
-9.2	0.025575	28500.0	2981.25	2446.875	NaN	NaN	NaN	0	1	1	0	0	0	0	0	0	0	0	0	1	0	0	0	1	1	1	0	1	1	1	0	1	-110.0	0.113	0.303	NaN	NaN	0.269	0.673	NaN	NaN	8.07	23.555	NaN	NaN	0.0	"2.5"	"F0034"	1	0	"PR"	298.638	"deionize-uv"	27.215	0	1	0	0.0	0.0	0.0	null	300.43	0.083
-8.8	0.025025	26437.5	2981.25	2493.75	NaN	NaN	NaN	0	1	1	0	0	0	0	0	0	0	0	0	1	0	0	0	1	1	1	0	1	1	1	0	1	-106.0	0.113	0.307	NaN	NaN	0.269	0.682	NaN	NaN	8.07	23.87	NaN	NaN	0.0	"2.5"	"F0034"	1	0	"PR"	308.683	"deionize-uv"	37.26	0	1	0	0.0	0.0	0.0	null	310.475	0.088
-8.6	0.02475	27562.5	2981.25	2446.875	NaN	NaN	NaN	0	1	1	0	0	0	0	0	0	0	0	0	1	0	0	0	1	1	1	0	1	1	1	0	1	-103.0	0.113	0.303	NaN	NaN	0.269	0.673	NaN	NaN	8.07	23.555	NaN	NaN	0.0	"2.5"	"F0034"	1	0	"PR"	318.721	"deionize-uv"	47.298	0	1	0	0.0	0.0	0.0	null	320.513	0.086
-8.8	0.025025	27375.0	2981.25	2437.5	NaN	NaN	NaN	0	1	1	0	0	0	0	0	0	0	0	0	1	0	0	0	1	1	1	0	1	1	1	0	1	-106.0	0.113	0.302	NaN	NaN	0.269	0.671	NaN	NaN	8.07	23.485	NaN	NaN	0.0	"2.5"	"F0034"	1	0	"PR"	328.764	"deionize-uv"	57.341	0	1	0	0.0	0.0	0.0	null	330.556	0.083
-10.2	0.024475	27000.0	2981.25	2428.125	NaN	NaN	NaN	0	1	1	0	0	0	0	0	0	0	0	0	1	0	0	0	1	1	1	0	1	1	1	0	1	-122.0	0.113	0.301	NaN	NaN	0.269	0.669	NaN	NaN	8.07	23.415	NaN	NaN	0.0	"2.5"	"F0034"	1	0	"PR"	338.607	"deionize-uv"	67.184	0	1	0	0.0	0.0	0.0	null	340.399	0.09
-7.7	0.02365	26062.5	2981.25	2484.375	NaN	NaN	NaN	0	1	1	0	0	0	0	0	0	0	0	0	1	0	0	0	1	1	1	0	1	1	1	0	1	-92.0	0.113	0.306	NaN	NaN	0.269	0.68	NaN	NaN	8.07	23.8	NaN	NaN	0.0	"2.5"	"F0034"	1	0	"PR"	348.645	"deionize-uv"	77.222	0	1	0	0.0	0.0	0.0	null	350.437	0.09
-8.3	0.02365	27750.0	2962.5	2475.0	NaN	NaN	NaN	0	1	1	0	0	0	0	0	0	0	0	0	1	0	0	0	1	1	1	0	1	1	1	0	1	-100.0	0.111	0.305	NaN	NaN	0.264	0.678	NaN	NaN	7.92	23.73	NaN	NaN	0.0	"2.5"	"F0034"	1	0	"PR"	358.684	"deionize-uv"	87.261	0	1	0	0.0	0.0	0.0	null	360.476	0.085
-7.7	0.023375	27187.5	2981.25	2437.5	NaN	NaN	NaN	0	1	1	0	0	0	0	0	0	0	0	0	1	0	0	0	1	1	1	0	1	1	1	0	1	-92.0	0.113	0.302	NaN	NaN	0.269	0.671	NaN	NaN	8.07	23.485	NaN	NaN	0.0	"2.5"	"F0034"	1	0	"PR"	368.723	"deionize-uv"	97.3	0	1	0	0.0	0.0	0.0	null	370.515	0.085
-8.4	0.023375	27375.0	3000.0	2446.875	NaN	NaN	NaN	0	1	1	0	0	0	0	0	0	0	0	0	1	0	0	0	1	1	1	0	1	1	1	0	1	-101.0	0.115	0.303	NaN	NaN	0.274	0.673	NaN	NaN	8.22	23.555	NaN	NaN	0.0	"2.5"	"F0034"	1	0	"PR"	378.761	"deionize-uv"	107.338	0	1	0	0.0	0.0	0.0	null	380.553	0.083
-8.0	0.023375	27000.0	2981.25	2456.25	NaN	NaN	NaN	0	1	1	0	0	0	0	0	0	0	0	0	1	0	0	0	1	1	1	0	1	1	1	0	1	-96.0	0.113	0.304	NaN	NaN	0.269	0.676	NaN	NaN	8.07	23.66	NaN	NaN	0.0	"2.5"	"F0034"	1	0	"PR"	388.8	"deionize-uv"	117.377	0	1	0	0.0	0.0	0.0	null	390.592	0.083
-9.4	0.022825	37687.5	2981.25	1950.0	NaN	NaN	NaN	0	0	1	0	0	0	0	1	0	0	0	0	1	0	0	0	1	1	1	0	1	1	1	0	1	-113.0	0.113	0.253	NaN	NaN	0.269	0.562	NaN	NaN	8.07	19.67	NaN	NaN	0.0	"2.5"	"F0034"	1	0	"PR"	398.762	"drain-di-1"	7.152	0	1	0	0.0	0.0	0.0	null	400.554	0.083
-8.3	0.0231	37312.5	2962.5	1706.25	NaN	NaN	NaN	0	0	1	0	0	0	0	1	0	0	0	0	1	0	0	0	1	1	1	0	1	1	1	0	1	-100.0	0.111	0.229	NaN	NaN	0.264	0.509	NaN	NaN	7.92	17.815	NaN	NaN	0.0	"2.5"	"F0034"	1	0	"PR"	408.799	"drain-di-1"	17.189	0	1	0	0.0	0.0	0.0	null	410.591	0.084
-7.8	0.02255	34687.5	2981.25	1471.875	NaN	NaN	NaN	0	0	1	0	0	0	0	1	0	0	0	0	1	0	0	0	1	1	1	0	1	1	1	0	1	-94.0	0.113	0.205	NaN	NaN	0.269	0.456	NaN	NaN	8.07	15.96	NaN	NaN	0.0	"2.5"	"F0034"	1	0	"PR"	418.832	"drain-di-1"	27.222	0	1	0	0.0	0.0	0.0	null	420.624	0.086
-7.5	0.022275	35625.0	2981.25	1256.25	NaN	NaN	NaN	0	0	1	0	0	0	0	1	0	0	0	0	1	0	0	0	1	1	1	0	1	1	1	0	1	-90.0	0.113	0.184	NaN	NaN	0.269	0.409	NaN	NaN	8.07	14.315	NaN	NaN	0.0	"2.5"	"F0034"	1	0	"PR"	428.871	"drain-di-1"	37.261	0	1	0	0.0	0.0	0.0	null	430.663	0.086
-8.4	0.022275	36000.0	2981.25	1003.125	NaN	NaN	NaN	0	0	1	0	0	0	0	1	0	0	0	0	1	0	0	0	1	1	1	0	1	1	1	0	1	-101.0	0.113	0.158	NaN	NaN	0.269	0.351	NaN	NaN	8.07	12.285	NaN	NaN	0.0	"2.5"	"F0034"	1	0	"PR"	438.707	"drain-di-1"	47.097	0	1	0	0.0	0.0	0.0	null	440.499	0.09
-8.0	0.022275	38250.0	2971.875	768.75	NaN	NaN	NaN	0	0	1	0	0	0	0	1	0	0	0	0	1	0	0	0	1	1	1	0	1	1	1	0	1	-96.0	0.112	0.135	NaN	NaN	0.267	0.3	NaN	NaN	8.01	10.5	NaN	NaN	0.0	"2.5"	"F0034"	1	0	"PR"	448.742	"drain-di-1"	57.132	0	1	0	0.0	0.0	0.0	null	450.534	0.09
-7.8	0.02255	37500.0	2981.25	525.0	NaN	NaN	NaN	0	0	1	0	0	0	0	1	0	0	0	0	1	0	0	0	1	1	1	0	1	1	1	0	1	-94.0	0.113	0.111	NaN	NaN	0.269	0.247	NaN	NaN	8.07	8.645	NaN	NaN	0.0	"2.5"	"F0034"	1	0	"PR"	458.785	"drain-di-1"	67.175	0	1	0	0.0	0.0	0.0	null	460.577	0.091
-9.2	0.022275	37500.0	2981.25	271.875	NaN	NaN	NaN	0	0	1	0	0	0	0	1	0	0	0	0	1	0	0	0	1	1	1	0	1	1	1	0	1	-110.0	0.113	0.085	NaN	NaN	0.269	0.189	NaN	NaN	8.07	6.615	NaN	NaN	0.0	"2.5"	"F0034"	1	0	"PR"	468.821	"drain-di-1"	77.211	0	1	0	0.0	0.0	0.0	null	470.613	0.09
-8.3	0.021725	35812.5	2962.5	18.75	NaN	NaN	NaN	0	0	1	0	0	0	0	1	0	0	0	0	1	0	0	0	1	1	1	0	1	1	1	0	1	-100.0	0.111	0.06	NaN	NaN	0.264	0.133	NaN	NaN	7.92	4.655	NaN	NaN	0.0	"2.5"	"F0034"	1	0	"PR"	478.77	"drip-di-1"	0.513	0	1	0	0.0	0.0	0.0	null	480.562	0.312
-7.3	0.022	37312.5	2981.25	-215.625	NaN	NaN	NaN	0	0	1	0	0	0	0	1	0	0	0	0	1	0	0	0	1	1	1	0	1	1	1	0	1	-88.0	0.113	0.036	NaN	NaN	0.269	0.08	NaN	NaN	8.07	2.8	NaN	NaN	0.0	"2.5"	"F0034"	1	0	"PR"	488.806	"drip-di-1"	10.549	0	1	0	0.0	0.0	0.0	null	490.598	0.09
14.1	0.021175	20625.0	2821.875	-37.5	NaN	NaN	NaN	1	0	0	0	0	1	1	0	0	0	0	0	1	1	0	0	0	1	1	1	0	1	1	1	0	169.0	0.097	0.054	NaN	NaN	0.231	0.12	NaN	NaN	6.93	4.2	NaN	NaN	0.0	"2.5"	"F0034"	1	1	"PR"	498.803	"reverse-f"	5.38	0	1	0	0.0	0.0	0.0	null	500.595	0.09
12.5	0.022825	20625.0	2840.625	328.125	NaN	NaN	NaN	1	0	0	0	0	1	1	0	0	0	0	0	1	1	0	0	0	1	1	1	0	1	1	1	0	150.0	0.099	0.091	NaN	NaN	0.236	0.202	NaN	NaN	7.08	7.07	NaN	NaN	0.0	"2.5"	"F0034"	1	1	"PR"	508.842	"reverse-f"	15.419	0	1	0	0.0	0.0	0.0	null	510.634	0.089
12.6	0.02695	19687.5	2859.375	656.25	NaN	NaN	NaN	1	0	0	0	0	1	1	0	0	0	0	0	1	1	0	0	0	1	1	1	0	1	1	1	0	151.0	0.101	0.124	NaN	NaN	0.24	0.276	NaN	NaN	7.2	9.66	NaN	NaN	0.0	"2.5"	"F0034"	1	1	"PR"	518.88	"reverse-f"	25.457	0	1	0	0.0	0.0	0.0	null	520.672	0.092
12.9	0.030525	19687.5	2859.375	993.75	NaN	NaN	NaN	1	0	0	0	0	1	1	0	0	0	0	0	1	1	0	0	0	1	1	1	0	1	1	1	0	155.0	0.101	0.157	NaN	NaN	0.24	0.349	NaN	NaN	7.2	12.215	NaN	NaN	0.0	"2.5"	"F0034"	1	1	"PR"	528.918	"reverse-f"	35.495	0	1	0	0.0	0.0	0.0	null	530.71	0.089
11.9	0.034925	19500.0	2859.375	1293.75	NaN	NaN	NaN	1	0	0	0	0	1	1	0	0	0	0	0	1	1	0	0	0	1	1	1	0	1	1	1	0	143.0	0.101	0.187	NaN	NaN	0.24	0.416	NaN	NaN	7.2	14.56	NaN	NaN	0.0	"2.5"	"F0034"	1	1	"PR"	538.952	"reverse-f"	45.529	0	1	0	0.0	0.0	0.0	null	540.744	0.089
12.5	0.038775	18750.0	2878.125	1612.5	NaN	NaN	NaN	1	0	0	0	0	1	1	0	0	0	0	0	1	1	0	0	0	1	1	1	0	1	1	1	0	150.0	0.103	0.219	NaN	NaN	0.245	0.487	NaN	NaN	7.35	17.045	NaN	NaN	0.0	"2.5"	"F0034"	1	1	"PR"	548.991	"reverse-f"	55.568	0	1	0	0.0	0.0	0.0	null	550.783	0.091
13.2	0.0418	20062.5	2821.875	1921.875	NaN	NaN	NaN	1	0	0	0	0	1	1	0	0	0	0	0	1	1	0	0	0	1	1	1	0	1	1	1	0	158.0	0.097	0.25	NaN	NaN	0.231	0.556	NaN	NaN	6.93	19.46	NaN	NaN	0.0	"2.5"	"F0034"	1	1	"PR"	558.826	"reverse-f"	65.403	0	1	0	0.0	0.0	0.0	null	560.618	0.086
11.2	0.044275	19125.0	2850.0	2240.625	NaN	NaN	NaN	1	0	0	0	0	1	1	0	0	0	0	0	1	1	0	0	0	1	1	1	0	1	1	1	0	134.0	0.1	0.282	NaN	NaN	0.238	0.627	NaN	NaN	7.14	21.945	NaN	NaN	0.0	"2.5"	"F0034"	1	1	"PR"	568.868	"reverse-f"	75.445	0	1	0	0.0	0.0	0.0	null	570.66	0.087
12.4	0.047025	19125.0	2850.0	2240.625	NaN	NaN	NaN	0	0	0	0	0	1	1	0	0	0	0	0	1	0	0	0	0	1	1	1	0	1	1	1	0	149.0	0.1	0.282	NaN	NaN	0.238	0.627	NaN	NaN	7.14	21.945	NaN	NaN	0.0	"2.5"	"F0034"	1	1	"PR"	579.014	"reverse"	85.591	0	1	0	0.0	0.0	0.0	null	580.806	0.086
12.6	0.0484	18750.0	2868.75	2259.375	NaN	NaN	NaN	0	0	0	0	0	1	1	0	0	0	0	0	1	0	0	0	0	1	1	1	0	1	1	1	0	151.0	0.102	0.284	NaN	NaN	0.243	0.631	NaN	NaN	7.29	22.085	NaN	NaN	0.0	"2.5"	"F0034"	1	1	"PR"	588.852	"reverse"	95.429	0	1	0	0.0	0.0	0.0	null	590.644	0.086
14.7	0.048675	18375.0	2821.875	2268.75	NaN	NaN	NaN	0	0	0	0	0	1	1	0	0	0	0	0	1	0	0	0	0	1	1	1	0	1	1	1	0	176.0	0.097	0.285	NaN	NaN	0.231	0.633	NaN	NaN	6.93	22.155	NaN	NaN	0.0	"2.5"	"F0034"	1	1	"PR"	598.893	"reverse"	105.47	0	1	0	0.0	0.0	0.0	null	600.685	0.086
12.8	0.049775	18375.0	2831.25	2250.0	NaN	NaN	NaN	0	0	0	0	0	1	1	0	0	0	0	0	1	0	0	0	0	1	1	1	0	1	1	1	0	154.0	0.098	0.283	NaN	NaN	0.233	0.629	NaN	NaN	6.99	22.015	NaN	NaN	0.0	"2.5"	"F0034"	1	1	"PR"	608.931	"reverse"	115.508	0	1	0	0.0	0.0	0.0	null	610.723	0.086
13.8	0.0506	18750.0	2859.375	2278.125	NaN	NaN	NaN	0	0	0	0	0	1	1	0	0	0	0	0	1	0	0	0	0	1	1	1	0	1	1	1	0	166.0	0.101	0.286	NaN	NaN	0.24	0.636	NaN	NaN	7.2	22.26	NaN	NaN	0.0	"2.5"	"F0034"	1	1	"PR"	618.971	"reverse"	125.548	0	1	0	0.0	0.0	0.0	null	620.763	0.087
11.9	0.0517	20062.5	2859.375	2268.75	NaN	NaN	NaN	0	0	0	0	0	1	1	0	0	0	0	0	1	0	0	0	0	1	1	1	0	1	1	1	0	143.0	0.101	0.285	NaN	NaN	0.24	0.633	NaN	NaN	7.2	22.155	NaN	NaN	0.0	"2.5"	"F0034"	1	1	"PR"	629.005	"reverse"	135.582	0	1	0	0.0	0.0	0.0	null	630.797	0.09
12.6	0.051975	20625.0	2850.0	2259.375	NaN	NaN	NaN	0	0	0	0	0	1	1	0	0	0	0	0	1	0	0	0	0	1	1	1	0	1	1	1	0	151.0	0.1	0.284	NaN	NaN	0.238	0.631	NaN	NaN	7.14	22.085	NaN	NaN	0.0	"2.5"	"F0034"	1	1	"PR"	639.043	"reverse"	145.62	0	1	0	0.0	0.0	0.0	null	640.835	0.086
5.5	0.053075	0.0	3018.75	2278.125	NaN	NaN	NaN	0	0	0	0	0	0	0	0	0	0	0	0	0	0	0	0	0	0	0	0	1	0	0	0	1	66.0	0.117	0.286	NaN	NaN	0.279	0.636	NaN	NaN	8.37	22.26	NaN	NaN	0.0	"2.5"	"F0034"	0	0	"PR"	648.975	"diffuse"	5.512	0	1	1	0.0	0.0	0.0	null	650.767	0.088
4.8	0.05335	937.5	3028.125	2278.125	NaN	NaN	NaN	0	0	0	0	0	0	0	0	0	0	0	0	0	0	0	0	0	0	0	0	1	0	0	0	1	58.0	0.118	0.286	NaN	NaN	0.281	0.636	NaN	NaN	8.43	22.26	NaN	NaN	0.0	"2.5"	"F0034"	0	0	"PR"	659.008	"diffuse"	15.545	0	1	1	0.0	0.0	0.0	null	660.8	0.086
4.0	0.053075	1500.0	3009.375	2278.125	NaN	NaN	NaN	0	0	0	0	0	0	0	0	0	0	0	0	0	0	0	0	0	0	0	0	1	0	0	0	1	48.0	0.116	0.286	NaN	NaN	0.276	0.636	NaN	NaN	8.28	22.26	NaN	NaN	0.0	"2.5"	"F0034"	0	0	"PR"	669.045	"diffuse"	25.582	0	1	1	0.0	0.0	0.0	null	670.837	0.087
12.6	0.05225	20250.0	2840.625	2259.375	NaN	NaN	NaN	0	0	0	0	0	1	1	0	0	0	0	0	1	0	0	0	0	1	1	1	0	1	1	1	0	151.0	0.099	0.284	NaN	NaN	0.236	0.631	NaN	NaN	7.08	22.085	NaN	NaN	0.0	"2.5"	"F0034"	1	1	"PR"	678.978	"wash-en"	5.314	0	1	1	0.0	0.0	0.0	null	680.77	0.086
12.0	0.05445	17812.5	2821.875	2278.125	NaN	NaN	NaN	0	0	0	0	0	1	1	0	0	0	0	0	1	0	0	0	0	1	1	1	0	1	1	1	0	144.0	0.097	0.286	NaN	NaN	0.231	0.636	NaN	NaN	6.93	22.26	NaN	NaN	0.0	"2.5"	"F0034"	1	1	"PR"	689.012	"wash-en"	15.348	0	1	1	0.0	0.0	0.0	null	690.804	0.083
4.0	0.056375	20812.5	2840.625	2278.125	NaN	NaN	NaN	0	0	0	0	0	1	1	0	0	0	0	0	1	0	0	0	0	0	0	0	1	0	0	0	1	48.0	0.099	0.286	NaN	NaN	0.236	0.636	NaN	NaN	7.08	22.26	NaN	NaN	0.0	"2.5"	"F0034"	0	0	"PR"	699.134	"wash-sc"	5.305	0	1	1	0.0	0.0	0.0	null	700.926	0.086
4.1	0.0572	375.0	3018.75	2250.0	NaN	NaN	NaN	0	0	0	0	0	0	0	0	0	0	0	0	0	0	0	0	0	0	0	0	1	0	0	0	1	49.0	0.117	0.283	NaN	NaN	0.279	0.629	NaN	NaN	8.37	22.015	NaN	NaN	0.0	"2.5"	"F0034"	0	0	"PR"	708.969	"diffuse"	5.017	0	1	2	0.0	0.0	0.0	null	710.761	0.085
4.7	0.05665	375.0	2981.25	2278.125	NaN	NaN	NaN	0	0	0	0	0	0	0	0	0	0	0	0	0	0	0	0	0	0	0	0	1	0	0	0	1	56.0	0.113	0.286	NaN	NaN	0.269	0.636	NaN	NaN	8.07	22.26	NaN	NaN	0.0	"2.5"	"F0034"	0	0	"PR"	719.004	"diffuse"	15.052	0	1	2	0.0	0.0	0.0	null	720.796	0.084
3.8	0.056925	1312.5	3018.75	2278.125	NaN	NaN	NaN	0	0	0	0	0	0	0	0	0	0	0	0	0	0	0	0	0	0	0	0	1	0	0	0	1	46.0	0.117	0.286	NaN	NaN	0.279	0.636	NaN	NaN	8.37	22.26	NaN	NaN	0.0	"2.5"	"F0034"	0	0	"PR"	729.044	"diffuse"	25.092	0	1	2	0.0	0.0	0.0	null	730.836	0.083
12.6	0.056375	18562.5	2850.0	2250.0	NaN	NaN	NaN	0	0	0	0	0	1	1	0	0	0	0	0	1	0	0	0	0	1	1	1	0	1	1	1	0	151.0	0.1	0.283	NaN	NaN	0.238	0.629	NaN	NaN	7.14	22.015	NaN	NaN	0.0	"2.5"	"F0034"	1	1	"PR"	739.175	"wash-en"	5.112	0	1	2	0.0	0.0	0.0	null	740.967	0.088
12.6	0.057475	17437.5	2821.875	2259.375	NaN	NaN	NaN	0	0	0	0	0	1	1	0	0	0	0	0	1	0	0	0	0	1	1	1	0	1	1	1	0	151.0	0.097	0.284	NaN	NaN	0.231	0.631	NaN	NaN	6.93	22.085	NaN	NaN	0.0	"2.5"	"F0034"	1	1	"PR"	749.012	"wash-en"	14.949	0	1	2	0.0	0.0	0.0	null	750.804	0.083
2.6	0.057475	21187.5	2840.625	2268.75	NaN	NaN	NaN	0	0	0	0	0	1	1	0	0	0	0	0	1	0	0	0	0	0	0	0	1	0	0	0	1	31.0	0.099	0.285	NaN	NaN	0.236	0.633	NaN	NaN	7.08	22.155	NaN	NaN	0.0	"2.5"	"F0034"	0	0	"PR"	759.139	"wash-sc"	4.907	0	1	2	0.0	0.0	0.0	null	760.931	0.086
3.0	0.05775	1687.5	3018.75	2278.125	NaN	NaN	NaN	0	0	0	0	0	0	0	0	0	0	0	0	0	0	0	0	0	0	0	0	1	0	0	0	1	36.0	0.117	0.286	NaN	NaN	0.279	0.636	NaN	NaN	8.37	22.26	NaN	NaN	0.0	"2.5"	"F0034"	0	0	"PR"	769.179	"diffuse"	4.821	0	1	3	0.0	0.0	0.0	null	770.971	0.088
3.2	0.05775	1312.5	3046.875	2278.125	NaN	NaN	NaN	0	0	0	0	0	0	0	0	0	0	0	0	0	0	0	0	0	0	0	0	1	0	0	0	1	38.0	0.12	0.286	NaN	NaN	0.286	0.636	NaN	NaN	8.58	22.26	NaN	NaN	0.0	"2.5"	"F0034"	0	0	"PR"	779.217	"diffuse"	14.859	0	1	3	0.0	0.0	0.0	null	781.009	0.086
3.6	0.05775	750.0	3018.75	2278.125	NaN	NaN	NaN	0	0	0	0	0	0	0	0	0	0	0	0	0	0	0	0	0	0	0	0	1	0	0	0	1	43.0	0.117	0.286	NaN	NaN	0.279	0.636	NaN	NaN	8.37	22.26	NaN	NaN	0.0	"2.5"	"F0034"	0	0	"PR"	789.056	"diffuse"	24.698	0	1	3	0.0	0.0	0.0	null	790.848	0.086
12.3	0.058025	19312.5	2812.5	2278.125	NaN	NaN	NaN	0	0	0	0	0	1	1	0	0	0	0	0	1	0	0	0	0	1	1	1	0	1	1	1	0	148.0	0.096	0.286	NaN	NaN	0.229	0.636	NaN	NaN	6.87	22.26	NaN	NaN	0.0	"2.5"	"F0034"	1	1	"PR"	799.19	"wash-en"	4.711	0	1	3	0.0	0.0	0.0	null	800.982	0.088
13.0	0.058025	19875.0	2840.625	2278.125	NaN	NaN	NaN	0	0	0	0	0	1	1	0	0	0	0	0	1	0	0	0	0	1	1	1	0	1	1	1	0	156.0	0.099	0.286	NaN	NaN	0.236	0.636	NaN	NaN	7.08	22.26	NaN	NaN	0.0	"2.5"	"F0034"	1	1	"PR"	809.227	"wash-en"	14.748	0	1	3	0.0	0.0	0.0	null	811.019	0.083
3.0	0.05885	18375.0	2868.75	2278.125	NaN	NaN	NaN	0	0	0	0	0	1	1	0	0	0	0	0	1	0	0	0	0	0	0	0	1	0	0	0	1	36.0	0.102	0.286	NaN	NaN	0.243	0.636	NaN	NaN	7.29	22.26	NaN	NaN	0.0	"2.5"	"F0034"	0	0	"PR"	819.154	"wash-sc"	4.506	0	1	3	0.0	0.0	0.0	null	820.946	0.087
2.6	0.05885	-375.0	3028.125	2250.0	NaN	NaN	NaN	0	0	0	0	0	0	0	0	0	0	0	0	0	0	0	0	0	0	0	0	1	0	0	0	1	31.0	0.118	0.283	NaN	NaN	0.281	0.629	NaN	NaN	8.43	22.015	NaN	NaN	0.0	"2.5"	"F0034"	0	0	"PR"	829.192	"diffuse"	4.415	0	1	4	0.0	0.0	0.0	null	830.984	0.085
3.2	0.059125	375.0	3037.5	2268.75	NaN	NaN	NaN	0	0	0	0	0	0	0	0	0	0	0	0	0	0	0	0	0	0	0	0	1	0	0	0	1	38.0	0.119	0.285	NaN	NaN	0.283	0.633	NaN	NaN	8.49	22.155	NaN	NaN	0.0	"2.5"	"F0034"	0	0	"PR"	839.23	"diffuse"	14.453	0	1	4	0.0	0.0	0.0	null	841.022	0.083
2.9	0.058575	1312.5	3018.75	2278.125	NaN	NaN	NaN	0	0	0	0	0	0	0	0	0	0	0	0	0	0	0	0	0	0	0	0	1	0	0	0	1	35.0	0.117	0.286	NaN	NaN	0.279	0.636	NaN	NaN	8.37	22.26	NaN	NaN	0.0	"2.5"	"F0034"	0	0	"PR"	849.269	"diffuse"	24.492	0	1	4	0.0	0.0	0.0	null	851.061	0.088
12.3	0.05885	17625.0	2821.875	2268.75	NaN	NaN	NaN	0	0	0	0	0	1	1	0	0	0	0	0	1	0	0	0	0	1	1	1	0	1	1	1	0	148.0	0.097	0.285	NaN	NaN	0.231	0.633	NaN	NaN	6.93	22.155	NaN	NaN	0.0	"2.5"	"F0034"	1	1	"PR"	859.198	"wash-en"	4.311	0	1	4	0.0	0.0	0.0	null	860.99	0.084
12.3	0.058575	18937.5	2859.375	2278.125	NaN	NaN	NaN	0	0	0	0	0	1	1	0	0	0	0	0	1	0	0	0	0	1	1	1	0	1	1	1	0	148.0	0.101	0.286	NaN	NaN	0.24	0.636	NaN	NaN	7.2	22.26	NaN	NaN	0.0	"2.5"	"F0034"	1	1	"PR"	869.239	"wash-en"	14.352	0	1	4	0.0	0.0	0.0	null	871.031	0.083
0.6	0.05995	21000.0	2878.125	2287.5	NaN	NaN	NaN	0	0	0	0	0	1	1	0	0	0	0	0	1	0	0	0	0	0	0	0	1	0	0	0	1	7.0	0.103	0.287	NaN	NaN	0.245	0.638	NaN	NaN	7.35	22.33	NaN	NaN	0.0	"2.5"	"F0034"	0	0	"PR"	879.167	"wash-sc"	4.105	0	1	4	0.0	0.0	0.0	null	880.959	0.091
2.7	0.05995	-1125.0	2700.0	2278.125	NaN	NaN	NaN	0	0	0	0	1	0	0	0	0	0	0	0	0	0	0	0	0	0	0	0	1	0	0	0	1	32.0	0.085	0.286	NaN	NaN	0.202	0.636	NaN	NaN	6.06	22.26	NaN	NaN	0.0	"2.5"	"F0034"	0	0	"PR"	889.205	"drain-rg"	4.015	0	1	4	0.0	0.0	0.0	null	890.997	0.083
2.5	0.05995	562.5	2343.75	2278.125	NaN	NaN	NaN	0	0	0	0	1	0	0	0	0	0	0	0	0	0	0	0	0	0	0	0	1	0	0	0	1	30.0	0.049	0.286	NaN	NaN	0.117	0.636	NaN	NaN	3.51	22.26	NaN	NaN	0.0	"2.5"	"F0034"	0	0	"PR"	899.244	"drain-rg"	14.054	0	1	4	0.0	0.0	0.0	null	901.036	0.083
2.7	0.05995	1125.0	1968.75	2278.125	NaN	NaN	NaN	0	0	0	0	1	0	0	0	0	0	0	0	0	0	0	0	0	0	0	0	1	0	0	0	1	32.0	0.012	0.286	NaN	NaN	0.029	0.636	NaN	NaN	0.87	22.26	NaN	NaN	0.0	"2.5"	"F0034"	0	0	"PR"	909.281	"drain-rg"	24.091	0	1	4	0.0	0.0	0.0	null	911.073	0.085
2.5	0.05995	750.0	1518.75	2278.125	NaN	NaN	NaN	0	0	0	0	1	0	0	0	0	0	0	0	0	0	0	0	0	0	0	0	1	0	0	0	1	30.0	-0.033	0.286	NaN	NaN	-0.079	0.636	NaN	NaN	-2.37	22.26	NaN	NaN	0.0	"2.5"	"F0034"	0	0	"PR"	919.317	"drip-rg"	6.023	0	1	4	0.0	0.0	0.0	null	921.109	0.083
2.1	0.059125	750.0	0.0	2240.625	NaN	NaN	NaN	0	0	0	0	0	0	0	0	0	0	0	0	0	0	0	0	0	0	0	0	1	0	0	0	1	25.0	-0.185	0.282	NaN	NaN	-0.44	0.627	NaN	NaN	-13.2	21.945	NaN	NaN	0.0	"2.5"	"F0034"	0	0	"ID"	0.628	"sby"	0.201	1	0	0	930.345	0.0	0.0	null	930.973	0.09
3.2	0.059125	19125.0	1921.875	2034.375	NaN	NaN	NaN	0	0	1	0	0	1	0	0	0	0	0	0	1	0	0	0	0	0	0	0	1	0	0	0	1	38.0	0.007	0.261	NaN	NaN	0.017	0.58	NaN	NaN	0.51	20.3	NaN	NaN	0.0	"2.5"	"F0034"	0	0	"FR"	10.058	"fill-rg-di"	9.858	1	1	0	930.345	0.0	0.0	null	941.031	0.09
2.3	0.0583	19125.0	2306.25	1781.25	NaN	NaN	NaN	0	0	1	0	0	1	0	0	0	0	0	0	1	0	0	0	0	0	0	0	1	0	0	0	1	28.0	0.046	0.236	NaN	NaN	0.11	0.524	NaN	NaN	3.3	18.34	NaN	NaN	0.0	"2.5"	"F0034"	0	0	"FR"	20.097	"fill-rg-di"	19.897	1	1	0	930.345	0.0	0.0	null	951.07	0.089
2.5	0.056925	20625.0	2625.0	1500.0	NaN	NaN	NaN	0	0	1	0	0	1	0	0	0	0	0	0	1	0	0	0	0	0	0	0	1	0	0	0	1	30.0	0.078	0.208	NaN	NaN	0.186	0.462	NaN	NaN	5.58	16.17	NaN	NaN	0.0	"2.5"	"F0034"	0	0	"FR"	30.133	"fill-rg-di"	29.933	1	1	0	930.345	0.0	0.0	null	961.106	0.088
2.7	0.055825	20437.5	2953.125	1256.25	NaN	NaN	NaN	0	0	1	0	0	1	0	0	0	0	0	0	1	0	0	0	0	0	0	0	1	0	0	0	1	32.0	0.11	0.184	NaN	NaN	0.262	0.409	NaN	NaN	7.86	14.315	NaN	NaN	0.0	"2.5"	"F0034"	0	0	"FR"	40.17	"fill-rg-di"	39.97	1	1	0	930.345	0.0	0.0	null	971.143	0.09
3.2	0.054175	20062.5	3253.125	993.75	NaN	NaN	NaN	0	0	1	0	0	1	0	0	0	0	0	0	1	0	0	0	0	0	0	0	1	0	0	0	1	38.0	0.14	0.157	NaN	NaN	0.333	0.349	NaN	NaN	9.99	12.215	NaN	NaN	0.0	"2.5"	"F0034"	0	0	"FR"	50.211	"fill-rg-di"	50.011	1	1	0	930.345	0.0	0.0	null	981.184	0.084
2.4	0.054175	937.5	2681.25	993.75	NaN	NaN	NaN	0	0	0	0	1	0	0	0	0	0	0	0	0	0	0	0	0	0	0	0	1	0	0	0	1	29.0	0.083	0.157	NaN	NaN	0.198	0.349	NaN	NaN	5.94	12.215	NaN	NaN	0.0	"2.5"	"F0034"	0	0	"FR"	60.252	"drain-rg"	9.639	1	1	0	930.345	0.0	0.0	null	991.225	0.083
2.0	0.054175	1125.0	2353.125	993.75	NaN	NaN	NaN	0	0	0	0	1	0	0	0	0	0	0	0	0	0	0	0	0	0	0	0	1	0	0	0	1	24.0	0.05	0.157	NaN	NaN	0.119	0.349	NaN	NaN	3.57	12.215	NaN	NaN	0.0	"2.5"	"F0034"	0	0	"FR"	70.093	"drain-rg"	19.48	1	1	0	930.345	0.0	0.0	null	1001.066	0.088
4.9	0.05335	1125.0	2006.25	993.75	NaN	NaN	NaN	0	0	0	0	1	0	0	0	0	0	0	0	0	0	0	0	0	0	0	0	1	0	0	0	1	59.0	0.016	0.157	NaN	NaN	0.038	0.349	NaN	NaN	1.14	12.215	NaN	NaN	0.0	"2.5"	"F0034"	0	0	"FR"	80.126	"drain-rg"	29.513	1	1	0	930.345	0.0	0.0	null	1011.099	0.087
2.0	0.054175	1500.0	1621.875	993.75	NaN	NaN	NaN	0	0	0	0	1	0	0	0	0	0	0	0	0	0	0	0	0	0	0	0	1	0	0	0	1	24.0	-0.023	0.157	NaN	NaN	-0.055	0.349	NaN	NaN	-1.65	12.215	NaN	NaN	0.0	"2.5"	"F0034"	0	0	"FR"	90.164	"drip-rg"	4.818	1	1	0	930.345	0.0	0.0	null	1021.137	0.087
2.3	0.054175	2625.0	-18.75	984.375	NaN	NaN	NaN	0	0	0	0	1	0	0	0	0	0	0	0	0	0	0	0	0	0	0	0	1	0	0	0	1	28.0	-0.187	0.156	NaN	NaN	-0.445	0.347	NaN	NaN	-13.35	12.145	NaN	NaN	0.0	"2.5"	"F0034"	0	0	"FR"	100.201	"drip-rg"	14.855	1	1	0	930.345	0.0	0.0	null	1031.174	0.096
3.1	0.052525	19312.5	1884.375	768.75	NaN	NaN	NaN	0	0	1	0	0	1	0	0	0	0	0	0	1	0	0	0	0	0	0	0	1	0	0	0	1	37.0	0.003	0.135	NaN	NaN	0.007	0.3	NaN	NaN	0.21	10.5	NaN	NaN	0.0	"2.5"	"F0034"	0	0	"PR"	9.054	"fill-rg-di"	8.853	1	0	0	930.345	0.0	1031.576	null	1041.25	0.09
2.7	0.0517	19875.0	2250.0	496.875	NaN	NaN	NaN	0	0	1	0	0	1	0	0	0	0	0	0	1	0	0	0	0	0	0	0	1	0	0	0	1	32.0	0.04	0.108	NaN	NaN	0.095	0.24	NaN	NaN	2.85	8.4	NaN	NaN	0.0	"2.5"	"F0034"	0	0	"PR"	19.09	"fill-rg-di"	18.889	1	0	0	930.345	0.0	1031.576	null	1051.286	0.087
3.5	0.04895	20625.0	2550.0	225.0	NaN	NaN	NaN	0	0	1	0	0	1	0	0	0	0	0	0	1	0	0	0	0	0	0	0	1	0	0	0	1	42.0	0.07	0.081	NaN	NaN	0.167	0.18	NaN	NaN	5.01	6.3	NaN	NaN	0.0	"2.5"	"F0034"	0	0	"PR"	28.918	"fill-rg-di"	28.717	1	0	0	930.345	0.0	1031.576	null	1061.114	0.083
2.1	0.0473	2812.5	2775.0	187.5	NaN	NaN	NaN	1	0	0	0	0	0	0	0	0	0	0	0	0	1	0	0	0	0	0	0	1	0	0	0	1	25.0	0.093	0.077	NaN	NaN	0.221	0.171	NaN	NaN	6.63	5.985	NaN	NaN	0.0	"2.5"	"F0034"	0	0	"PR"	38.957	"fill-di-lb"	3.415	1	0	0	930.345	0.0	1031.576	null	1071.153	0.089
2.2	0.0473	2437.5	2775.0	468.75	NaN	NaN	NaN	1	0	0	0	0	0	0	0	0	0	0	0	0	1	0	0	0	0	0	0	1	0	0	0	1	26.0	0.093	0.105	NaN	NaN	0.221	0.233	NaN	NaN	6.63	8.155	NaN	NaN	0.0	"2.5"	"F0034"	0	0	"PR"	48.997	"fill-di-lb"	13.455	1	0	0	930.345	0.0	1031.576	null	1081.193	0.09
1.1	0.048125	937.5	2775.0	825.0	NaN	NaN	NaN	1	0	0	0	0	0	0	0	0	0	0	0	0	1	0	0	0	0	0	0	1	0	0	0	1	13.0	0.093	0.141	NaN	NaN	0.221	0.313	NaN	NaN	6.63	10.955	NaN	NaN	0.0	"2.5"	"F0034"	0	0	"PR"	59.034	"fill-di-lb"	23.492	1	0	0	930.345	0.0	1031.576	null	1091.23	0.089
1.9	0.048125	937.5	2765.625	1143.75	NaN	NaN	NaN	1	0	0	0	0	0	0	0	0	0	0	0	0	1	0	0	0	0	0	0	1	0	0	0	1	23.0	0.092	0.172	NaN	NaN	0.219	0.382	NaN	NaN	6.57	13.37	NaN	NaN	0.0	"2.5"	"F0034"	0	0	"PR"	69.073	"fill-di-lb"	33.531	1	0	0	930.345	0.0	1031.576	null	1101.269	0.097
1.4	0.048125	2250.0	2775.0	1453.125	NaN	NaN	NaN	1	0	0	0	0	0	0	0	0	0	0	0	0	1	0	0	0	0	0	0	1	0	0	0	1	17.0	0.093	0.203	NaN	NaN	0.221	0.451	NaN	NaN	6.63	15.785	NaN	NaN	0.0	"2.5"	"F0034"	0	0	"PR"	79.112	"fill-di-lb"	43.57	1	0	0	930.345	0.0	1031.576	null	1111.308	0.09
1.8	0.04785	1875.0	2775.0	1771.875	NaN	NaN	NaN	1	0	0	0	0	0	0	0	0	0	0	0	0	1	0	0	0	0	0	0	1	0	0	0	1	22.0	0.093	0.235	NaN	NaN	0.221	0.522	NaN	NaN	6.63	18.27	NaN	NaN	0.0	"2.5"	"F0034"	0	0	"PR"	89.149	"fill-di-lb"	53.607	1	0	0	930.345	0.0	1031.576	null	1121.345	0.087
2.1	0.047575	2437.5	2775.0	2081.25	NaN	NaN	NaN	1	0	0	0	0	0	0	0	0	0	0	0	0	1	0	0	0	0	0	0	1	0	0	0	1	25.0	0.093	0.266	NaN	NaN	0.221	0.591	NaN	NaN	6.63	20.685	NaN	NaN	0.0	"2.5"	"F0034"	0	0	"PR"	98.986	"fill-di-lb"	63.444	1	0	0	930.345	0.0	1031.576	null	1131.182	0.087
1.5	0.046475	21937.5	2896.875	2156.25	NaN	NaN	NaN	0	0	1	0	0	1	0	0	0	0	0	0	1	0	0	0	0	0	0	0	1	0	0	0	1	18.0	0.105	0.274	NaN	NaN	0.25	0.609	NaN	NaN	7.5	21.315	NaN	NaN	0.0	"2.5"	"F0034"	0	0	"PR"	109.022	"fill-rg-di"	4.417	1	0	0	930.345	0.0	1031.576	null	1141.218	0.086
13.0	0.045925	26812.5	2943.75	2493.75	NaN	NaN	NaN	0	1	1	0	0	0	0	0	0	0	0	0	1	0	0	0	0	1	1	1	0	1	1	1	0	156.0	0.109	0.307	NaN	NaN	0.26	0.682	NaN	NaN	7.8	23.87	NaN	NaN	0.0	"2.5"	"F0034"	1	1	"PR"	119.061	"deionize"	4.62	1	1	0	930.345	0.0	1031.576	null	1151.257	0.088
13.5	0.045375	25312.5	2915.625	2512.5	NaN	NaN	NaN	0	1	1	0	0	0	0	0	0	0	0	0	1	0	0	0	0	1	1	1	0	1	1	1	0	162.0	0.107	0.309	NaN	NaN	0.255	0.687	NaN	NaN	7.65	24.045	NaN	NaN	0.0	"2.5"	"F0034"	1	1	"PR"	129.098	"deionize"	14.657	1	1	0	930.345	0.0	1031.576	null	1161.294	0.098
12.8	0.044275	25500.0	2934.375	2690.625	NaN	NaN	NaN	0	1	1	0	0	0	0	0	0	0	0	0	1	0	0	0	0	1	1	1	0	1	1	1	0	154.0	0.108	0.327	NaN	NaN	0.257	0.727	NaN	NaN	7.71	25.445	NaN	NaN	0.0	"2.5"	"F0034"	1	1	"PR"	139.134	"deionize"	24.693	1	1	0	930.345	0.0	1031.576	null	1171.33	0.084
12.4	0.042625	24937.5	2934.375	2559.375	NaN	NaN	NaN	0	1	1	0	0	0	0	0	0	0	0	0	1	0	0	0	0	1	1	1	0	1	1	1	0	149.0	0.108	0.314	NaN	NaN	0.257	0.698	NaN	NaN	7.71	24.43	NaN	NaN	0.0	"2.5"	"F0034"	1	1	"PR"	149.173	"deionize"	34.732	1	1	0	930.345	0.0	1031.576	null	1181.369	0.093
12.6	0.042075	26062.5	2934.375	2596.875	NaN	NaN	NaN	0	1	1	0	0	0	0	0	0	0	0	0	1	0	0	0	0	1	1	1	0	1	1	1	0	151.0	0.108	0.318	NaN	NaN	0.257	0.707	NaN	NaN	7.71	24.745	NaN	NaN	0.0	"2.5"	"F0034"	1	1	"PR"	159.207	"deionize"	44.766	1	1	0	930.345	0.0	1031.576	null	1191.403	0.096
11.7	0.0418	27375.0	2934.375	2521.875	NaN	NaN	NaN	0	1	1	0	0	0	0	0	0	0	0	0	1	0	0	0	0	1	1	1	0	1	1	1	0	140.0	0.108	0.31	NaN	NaN	0.257	0.689	NaN	NaN	7.71	24.115	NaN	NaN	0.0	"2.5"	"F0034"	1	1	"PR"	169.045	"deionize"	54.604	1	1	0	930.345	0.0	1031.576	null	1201.241	0.087
13.4	0.0407	27562.5	2934.375	2400.0	NaN	NaN	NaN	0	1	1	0	0	0	0	0	0	0	0	0	1	0	0	0	0	1	1	1	0	1	1	1	0	161.0	0.108	0.298	NaN	NaN	0.257	0.662	NaN	NaN	7.71	23.17	NaN	NaN	0.0	"2.5"	"F0034"	1	1	"PR"	179.083	"deionize"	64.642	1	1	0	930.345	0.0	1031.576	null	1211.279	0.085
13.2	0.0396	25875.0	2934.375	2418.75	NaN	NaN	NaN	0	1	1	0	0	0	0	0	0	0	0	0	1	0	0	0	0	1	1	1	0	1	1	1	0	158.0	0.108	0.3	NaN	NaN	0.257	0.667	NaN	NaN	7.71	23.345	NaN	NaN	0.0	"2.5"	"F0034"	1	1	"PR"	189.118	"deionize"	74.677	1	1	0	930.345	0.0	1031.576	null	1221.314	0.086
12.6	0.0396	25312.5	2943.75	2381.25	NaN	NaN	NaN	0	1	1	0	0	0	0	0	0	0	0	0	1	0	0	0	0	1	1	1	0	1	1	1	0	151.0	0.109	0.296	NaN	NaN	0.26	0.658	NaN	NaN	7.8	23.03	NaN	NaN	0.0	"2.5"	"F0034"	1	1	"PR"	199.152	"deionize"	84.711	1	1	0	930.345	0.0	1031.576	null	1231.348	0.086
11.4	0.038775	25875.0	2934.375	2437.5	NaN	NaN	NaN	0	1	1	0	0	0	0	0	0	0	0	0	1	0	0	0	0	1	1	1	0	1	1	1	0	137.0	0.108	0.302	NaN	NaN	0.257	0.671	NaN	NaN	7.71	23.485	NaN	NaN	0.0	"2.5"	"F0034"	1	1	"PR"	209.19	"deionize"	94.749	1	1	0	930.345	0.0	1031.576	null	1241.386	0.087
12.4	0.039325	26437.5	2934.375	2437.5	NaN	NaN	NaN	0	1	1	0	0	0	0	0	0	0	0	0	1	0	0	0	0	1	1	1	0	1	1	1	0	149.0	0.108	0.302	NaN	NaN	0.257	0.671	NaN	NaN	7.71	23.485	NaN	NaN	0.0	"2.5"	"F0034"	1	1	"PR"	219.224	"deionize"	104.783	1	1	0	930.345	0.0	1031.576	null	1251.42	0.086
12.3	0.038225	28125.0	2925.0	2456.25	NaN	NaN	NaN	0	1	1	0	0	0	0	0	0	0	0	0	1	0	0	0	0	1	1	1	0	1	1	1	0	148.0	0.107	0.304	NaN	NaN	0.255	0.676	NaN	NaN	7.65	23.66	NaN	NaN	0.0	"2.5"	"F0034"	1	1	"PR"	229.263	"deionize"	114.822	1	1	0	930.345	0.0	1031.576	null	1261.459	0.085
13.3	0.038225	26812.5	2953.125	2371.875	NaN	NaN	NaN	0	1	1	0	0	0	0	0	0	0	0	0	1	0	0	0	0	1	1	1	0	1	1	1	0	160.0	0.11	0.295	NaN	NaN	0.262	0.656	NaN	NaN	7.86	22.96	NaN	NaN	0.0	"2.5"	"F0034"	1	1	"PR"	239.298	"deionize"	124.857	1	1	0	930.345	0.0	1031.576	null	1271.494	0.086
12.6	0.03795	24750.0	2915.625	2437.5	NaN	NaN	NaN	0	1	1	0	0	0	0	0	0	0	0	0	1	0	0	0	0	1	1	1	0	1	1	1	0	151.0	0.107	0.302	NaN	NaN	0.255	0.671	NaN	NaN	7.65	23.485	NaN	NaN	0.0	"2.5"	"F0034"	1	1	"PR"	249.134	"deionize"	134.693	1	1	0	930.345	0.0	1031.576	null	1281.33	0.087
12.3	0.038225	26812.5	2934.375	2418.75	NaN	NaN	NaN	0	1	1	0	0	0	0	0	0	0	0	0	1	0	0	0	0	1	1	1	0	1	1	1	0	148.0	0.108	0.3	NaN	NaN	0.257	0.667	NaN	NaN	7.71	23.345	NaN	NaN	0.0	"2.5"	"F0034"	1	1	"PR"	259.18	"deionize"	144.739	1	1	0	930.345	0.0	1031.576	null	1291.376	0.086
12.5	0.037675	24562.5	2934.375	2484.375	NaN	NaN	NaN	0	1	1	0	0	0	0	0	0	0	0	0	1	0	0	0	0	1	1	1	0	1	1	1	0	150.0	0.108	0.306	NaN	NaN	0.257	0.68	NaN	NaN	7.71	23.8	NaN	NaN	0.0	"2.5"	"F0034"	1	1	"PR"	269.213	"deionize"	154.772	1	1	0	930.345	0.0	1031.576	null	1301.409	0.084
12.4	0.0374	26250.0	2934.375	2446.875	NaN	NaN	NaN	0	1	1	0	0	0	0	0	0	0	0	0	1	0	0	0	0	1	1	1	0	1	1	1	0	149.0	0.108	0.303	NaN	NaN	0.257	0.673	NaN	NaN	7.71	23.555	NaN	NaN	0.0	"2.5"	"F0034"	1	1	"PR"	279.248	"deionize"	164.807	1	1	0	930.345	0.0	1031.576	null	1311.444	0.084
14.7	0.037125	25312.5	2934.375	2409.375	NaN	NaN	NaN	0	1	1	0	0	0	0	0	0	0	0	0	1	0	0	0	0	1	1	1	0	1	1	1	0	176.0	0.108	0.299	NaN	NaN	0.257	0.664	NaN	NaN	7.71	23.24	NaN	NaN	0.0	"2.5"	"F0034"	1	1	"PR"	289.291	"deionize"	174.85	1	1	0	930.345	0.0	1031.576	null	1321.487	0.084
12.7	0.03685	26812.5	2934.375	2390.625	NaN	NaN	NaN	0	1	1	0	0	0	0	0	0	0	0	0	1	0	0	0	0	1	1	1	0	1	1	1	0	152.0	0.108	0.297	NaN	NaN	0.257	0.66	NaN	NaN	7.71	23.1	NaN	NaN	0.0	"2.5"	"F0034"	1	1	"PR"	299.323	"deionize"	184.882	1	1	0	930.345	0.0	1031.576	null	1331.519	0.084
12.1	0.036575	28687.5	2934.375	2446.875	NaN	NaN	NaN	0	1	1	0	0	0	0	0	0	0	0	0	1	0	0	0	0	1	1	1	0	1	1	1	0	145.0	0.108	0.303	NaN	NaN	0.257	0.673	NaN	NaN	7.71	23.555	NaN	NaN	0.0	"2.5"	"F0034"	1	1	"PR"	309.362	"deionize"	194.921	1	1	0	930.345	0.0	1031.576	null	1341.558	0.088
13.3	0.036025	26437.5	2934.375	2437.5	NaN	NaN	NaN	0	1	1	0	0	0	0	0	0	0	0	0	1	0	0	0	0	1	1	1	0	1	1	1	0	160.0	0.108	0.302	NaN	NaN	0.257	0.671	NaN	NaN	7.71	23.485	NaN	NaN	0.0	"2.5"	"F0034"	1	1	"PR"	319.198	"deionize"	204.757	1	1	0	930.345	0.0	1031.576	null	1351.394	0.084
13.3	0.0352	25125.0	2925.0	2437.5	NaN	NaN	NaN	0	1	1	0	0	0	0	0	0	0	0	0	1	0	0	0	0	1	1	1	0	1	1	1	0	160.0	0.107	0.302	NaN	NaN	0.255	0.671	NaN	NaN	7.65	23.485	NaN	NaN	0.0	"2.5"	"F0034"	1	1	"PR"	329.232	"deionize"	214.791	1	1	0	930.345	0.0	1031.576	null	1361.428	0.084
13.2	0.03575	26062.5	2953.125	2418.75	NaN	NaN	NaN	0	1	1	0	0	0	0	0	0	0	0	0	1	0	0	0	0	1	1	1	0	1	1	1	0	158.0	0.11	0.3	NaN	NaN	0.262	0.667	NaN	NaN	7.86	23.345	NaN	NaN	0.0	"2.5"	"F0034"	1	1	"PR"	339.272	"deionize"	224.831	1	1	0	930.345	0.0	1031.576	null	1371.468	0.086
12.8	0.034925	26625.0	2934.375	2437.5	NaN	NaN	NaN	0	1	1	0	0	0	0	0	0	0	0	0	1	0	0	0	0	1	1	1	0	1	1	1	0	154.0	0.108	0.302	NaN	NaN	0.257	0.671	NaN	NaN	7.71	23.485	NaN	NaN	0.0	"2.5"	"F0034"	1	1	"PR"	349.307	"deionize"	234.866	1	1	0	930.345	0.0	1031.576	null	1381.503	0.084
12.4	0.03465	26437.5	2925.0	2484.375	NaN	NaN	NaN	0	1	1	0	0	0	0	0	0	0	0	0	1	0	0	0	1	1	1	1	0	1	1	1	0	149.0	0.107	0.306	NaN	NaN	0.255	0.68	NaN	NaN	7.65	23.8	NaN	NaN	0.0	"2.5"	"F0034"	1	1	"PR"	359.249	"deionize-uv"	4.725	1	1	0	930.345	0.0	1031.576	null	1391.445	0.09
10.8	0.033825	24937.5	2934.375	2400.0	NaN	NaN	NaN	0	1	1	0	0	0	0	0	0	0	0	0	1	0	0	0	1	1	1	1	0	1	1	1	0	130.0	0.108	0.298	NaN	NaN	0.257	0.662	NaN	NaN	7.71	23.17	NaN	NaN	0.0	"2.5"	"F0034"	1	1	"PR"	369.289	"deionize-uv"	14.765	1	1	0	930.345	0.0	1031.576	null	1401.485	0.084
14.4	0.033825	25125.0	2925.0	2371.875	NaN	NaN	NaN	0	1	1	0	0	0	0	0	0	0	0	0	1	0	0	0	1	1	1	1	0	1	1	1	0	173.0	0.107	0.295	NaN	NaN	0.255	0.656	NaN	NaN	7.65	22.96	NaN	NaN	0.0	"2.5"	"F0034"	1	1	"PR"	379.328	"deionize-uv"	24.804	1	1	0	930.345	0.0	1031.576	null	1411.524	0.083
12.9	0.033825	24562.5	2934.375	2475.0	NaN	NaN	NaN	0	1	1	0	0	0	0	0	0	0	0	0	1	0	0	0	1	1	1	1	0	1	1	1	0	155.0	0.108	0.305	NaN	NaN	0.257	0.678	NaN	NaN	7.71	23.73	NaN	NaN	0.0	"2.5"	"F0034"	1	1	"PR"	389.371	"deionize-uv"	34.847	1	1	0	930.345	0.0	1031.576	null	1421.567	0.085
10.1	0.033825	24562.5	2943.75	2400.0	NaN	NaN	NaN	0	1	1	0	0	0	0	0	0	0	0	0	1	0	0	0	1	1	1	1	0	1	1	1	0	121.0	0.109	0.298	NaN	NaN	0.26	0.662	NaN	NaN	7.8	23.17	NaN	NaN	0.0	"2.5"	"F0034"	1	1	"PR"	399.411	"deionize-uv"	44.887	1	1	0	930.345	0.0	1031.576	null	1431.607	0.083
12.7	0.033275	24937.5	2934.375	2400.0	NaN	NaN	NaN	0	1	1	0	0	0	0	0	0	0	0	0	1	0	0	0	1	1	1	1	0	1	1	1	0	152.0	0.108	0.298	NaN	NaN	0.257	0.662	NaN	NaN	7.71	23.17	NaN	NaN	0.0	"2.5"	"F0034"	1	1	"PR"	409.451	"deionize-uv"	54.927	1	1	0	930.345	0.0	1031.576	null	1441.647	0.083
13.0	0.033275	25312.5	2934.375	2390.625	NaN	NaN	NaN	0	1	1	0	0	0	0	0	0	0	0	0	1	0	0	0	1	1	1	1	0	1	1	1	0	156.0	0.108	0.297	NaN	NaN	0.257	0.66	NaN	NaN	7.71	23.1	NaN	NaN	0.0	"2.5"	"F0034"	1	1	"PR"	419.489	"deionize-uv"	64.965	1	1	0	930.345	0.0	1031.576	null	1451.685	0.085
12.5	0.03245	27562.5	2934.375	2381.25	NaN	NaN	NaN	0	1	1	0	0	0	0	0	0	0	0	0	1	0	0	0	1	1	1	1	0	1	1	1	0	150.0	0.108	0.296	NaN	NaN	0.257	0.658	NaN	NaN	7.71	23.03	NaN	NaN	0.0	"2.5"	"F0034"	1	1	"PR"	429.324	"deionize-uv"	74.8	1	1	0	930.345	0.0	1031.576	null	1461.52	0.09
12.6	0.03245	26812.5	2934.375	2362.5	NaN	NaN	NaN	0	1	1	0	0	0	0	0	0	0	0	0	1	0	0	0	1	1	1	1	0	1	1	1	0	151.0	0.108	0.294	NaN	NaN	0.257	0.653	NaN	NaN	7.71	22.855	NaN	NaN	0.0	"2.5"	"F0034"	1	1	"PR"	439.364	"deionize-uv"	84.84	1	1	0	930.345	0.0	1031.576	null	1471.56	0.091
12.2	0.031625	27562.5	2934.375	2400.0	NaN	NaN	NaN	0	1	1	0	0	0	0	0	0	0	0	0	1	0	0	0	1	1	1	1	0	1	1	1	0	146.0	0.108	0.298	NaN	NaN	0.257	0.662	NaN	NaN	7.71	23.17	NaN	NaN	0.0	"2.5"	"F0034"	1	1	"PR"	449.404	"deionize-uv"	94.88	1	1	0	930.345	0.0	1031.576	null	1481.6	0.089
12.4	0.03135	26437.5	2943.75	2437.5	NaN	NaN	NaN	0	1	1	0	0	0	0	0	0	0	0	0	1	0	0	0	1	1	1	1	0	1	1	1	0	149.0	0.109	0.302	NaN	NaN	0.26	0.671	NaN	NaN	7.8	23.485	NaN	NaN	0.0	"2.5"	"F0034"	1	1	"PR"	459.446	"deionize-uv"	104.922	1	1	0	930.345	0.0	1031.576	null	1491.642	0.089
13.0	0.031625	25875.0	2943.75	2475.0	NaN	NaN	NaN	0	1	1	0	0	0	0	0	0	0	0	0	1	0	0	0	1	1	1	1	0	1	1	1	0	156.0	0.109	0.305	NaN	NaN	0.26	0.678	NaN	NaN	7.8	23.73	NaN	NaN	0.0	"2.5"	"F0034"	1	1	"PR"	469.487	"deionize-uv"	114.963	1	1	0	930.345	0.0	1031.576	null	1501.683	0.09
12.4	0.031075	37875.0	2953.125	1959.375	NaN	NaN	NaN	0	0	1	0	0	0	0	1	0	0	0	0	1	0	0	0	1	1	1	1	0	1	1	1	0	149.0	0.11	0.254	NaN	NaN	0.262	0.564	NaN	NaN	7.86	19.74	NaN	NaN	0.0	"2.5"	"F0034"	1	1	"PR"	479.362	"drip-di-1"	3.727	1	1	0	930.345	0.0	1031.576	null	1511.558	0.092
11.4	0.030525	36937.5	2896.875	1715.625	NaN	NaN	NaN	0	0	1	0	0	0	0	1	0	0	0	0	1	0	0	0	1	1	1	1	0	1	1	1	0	137.0	0.105	0.23	NaN	NaN	0.25	0.511	NaN	NaN	7.5	17.885	NaN	NaN	0.0	"2.5"	"F0034"	1	1	"PR"	489.401	"drip-di-1"	13.766	1	1	0	930.345	0.0	1031.576	null	1521.597	0.09
-12.3	0.030525	21375.0	2821.875	1968.75	NaN	NaN	NaN	1	0	0	0	0	1	1	0	0	0	0	0	1	1	0	0	0	1	1	0	1	1	1	0	1	-148.0	0.097	0.255	NaN	NaN	0.231	0.567	NaN	NaN	6.93	19.845	NaN	NaN	0.0	"2.5"	"F0034"	1	0	"PR"	499.4	"reverse-f"	8.595	1	1	0	930.345	0.0	1031.576	null	1531.596	0.089
-11.7	0.0319	19875.0	2793.75	2240.625	NaN	NaN	NaN	0	0	0	0	0	1	1	0	0	0	0	0	1	0	0	0	0	1	1	0	1	1	1	0	1	-140.0	0.094	0.282	NaN	NaN	0.224	0.627	NaN	NaN	6.72	21.945	NaN	NaN	0.0	"2.5"	"F0034"	1	0	"PR"	509.545	"reverse"	18.74	1	1	0	930.345	0.0	1031.576	null	1541.741	0.09
-11.9	0.03465	20625.0	2821.875	2240.625	NaN	NaN	NaN	0	0	0	0	0	1	1	0	0	0	0	0	1	0	0	0	0	1	1	0	1	1	1	0	1	-143.0	0.097	0.282	NaN	NaN	0.231	0.627	NaN	NaN	6.93	21.945	NaN	NaN	0.0	"2.5"	"F0034"	1	0	"PR"	519.584	"reverse"	28.779	1	1	0	930.345	0.0	1031.576	null	1551.78	0.088
-12.2	0.037125	20625.0	2765.625	2240.625	NaN	NaN	NaN	0	0	0	0	0	1	1	0	0	0	0	0	1	0	0	0	0	1	1	0	1	1	1	0	1	-146.0	0.092	0.282	NaN	NaN	0.219	0.627	NaN	NaN	6.57	21.945	NaN	NaN	0.0	"2.5"	"F0034"	1	0	"PR"	529.421	"reverse"	38.616	1	1	0	930.345	0.0	1031.576	null	1561.617	0.09
-11.0	0.040425	21375.0	2784.375	2240.625	NaN	NaN	NaN	0	0	0	0	0	1	1	0	0	0	0	0	1	0	0	0	0	1	1	0	1	1	1	0	1	-132.0	0.093	0.282	NaN	NaN	0.221	0.627	NaN	NaN	6.63	21.945	NaN	NaN	0.0	"2.5"	"F0034"	1	0	"PR"	539.463	"reverse"	48.658	1	1	0	930.345	0.0	1031.576	null	1571.659	0.088
-11.9	0.0429	19687.5	2793.75	2221.875	NaN	NaN	NaN	0	0	0	0	0	1	1	0	0	0	0	0	1	0	0	0	0	1	1	0	1	1	1	0	1	-143.0	0.094	0.28	NaN	NaN	0.224	0.622	NaN	NaN	6.72	21.77	NaN	NaN	0.0	"2.5"	"F0034"	1	0	"PR"	549.498	"reverse"	58.693	1	1	0	930.345	0.0	1031.576	null	1581.694	0.09
-11.9	0.044275	18750.0	2803.125	2221.875	NaN	NaN	NaN	0	0	0	0	0	1	1	0	0	0	0	0	1	0	0	0	0	1	1	0	1	1	1	0	1	-143.0	0.095	0.28	NaN	NaN	0.226	0.622	NaN	NaN	6.78	21.77	NaN	NaN	0.0	"2.5"	"F0034"	1	0	"PR"	559.537	"reverse"	68.732	1	1	0	930.345	0.0	1031.576	null	1591.733	0.089
-12.0	0.046475	20250.0	2821.875	2240.625	NaN	NaN	NaN	0	0	0	0	0	1	1	0	0	0	0	0	1	0	0	0	0	1	1	0	1	1	1	0	1	-144.0	0.097	0.282	NaN	NaN	0.231	0.627	NaN	NaN	6.93	21.945	NaN	NaN	0.0	"2.5"	"F0034"	1	0	"PR"	569.579	"reverse"	78.774	1	1	0	930.345	0.0	1031.576	null	1601.775	0.091
-10.9	0.047575	19875.0	2821.875	2240.625	NaN	NaN	NaN	0	0	0	0	0	1	1	0	0	0	0	0	1	0	0	0	0	1	1	0	1	1	1	0	1	-131.0	0.097	0.282	NaN	NaN	0.231	0.627	NaN	NaN	6.93	21.945	NaN	NaN	0.0	"2.5"	"F0034"	1	0	"PR"	579.618	"reverse"	88.813	1	1	0	930.345	0.0	1031.576	null	1611.814	0.089
-12.0	0.04785	19125.0	2775.0	2240.625	NaN	NaN	NaN	0	0	0	0	0	1	1	0	0	0	0	0	1	0	0	0	0	1	1	0	1	1	1	0	1	-144.0	0.093	0.282	NaN	NaN	0.221	0.627	NaN	NaN	6.63	21.945	NaN	NaN	0.0	"2.5"	"F0034"	1	0	"PR"	589.657	"reverse"	98.852	1	1	0	930.345	0.0	1031.576	null	1621.853	0.09
-11.3	0.04895	19125.0	2812.5	2240.625	NaN	NaN	NaN	0	0	0	0	0	1	1	0	0	0	0	0	1	0	0	0	0	1	1	0	1	1	1	0	1	-136.0	0.096	0.282	NaN	NaN	0.229	0.627	NaN	NaN	6.87	21.945	NaN	NaN	0.0	"2.5"	"F0034"	1	0	"PR"	599.495	"reverse"	108.69	1	1	0	930.345	0.0	1031.576	null	1631.691	0.086
-12.1	0.04895	18937.5	2803.125	2240.625	NaN	NaN	NaN	0	0	0	0	0	1	1	0	0	0	0	0	1	0	0	0	0	1	1	0	1	1	1	0	1	-145.0	0.095	0.282	NaN	NaN	0.226	0.627	NaN	NaN	6.78	21.945	NaN	NaN	0.0	"2.5"	"F0034"	1	0	"PR"	609.533	"reverse"	118.728	1	1	0	930.345	0.0	1031.576	null	1641.729	0.086
-13.0	0.0484	18187.5	2821.875	2221.875	NaN	NaN	NaN	0	0	0	0	0	1	1	0	0	0	0	0	1	0	0	0	0	1	1	0	1	1	1	0	1	-156.0	0.097	0.28	NaN	NaN	0.231	0.622	NaN	NaN	6.93	21.77	NaN	NaN	0.0	"2.5"	"F0034"	1	0	"PR"	619.574	"reverse"	128.769	1	1	0	930.345	0.0	1031.576	null	1651.77	0.089
-11.9	0.048675	18937.5	2821.875	2250.0	NaN	NaN	NaN	0	0	0	0	0	1	1	0	0	0	0	0	1	0	0	0	0	1	1	0	1	1	1	0	1	-143.0	0.097	0.283	NaN	NaN	0.231	0.629	NaN	NaN	6.93	22.015	NaN	NaN	0.0	"2.5"	"F0034"	1	0	"PR"	629.614	"reverse"	138.809	1	1	0	930.345	0.0	1031.576	null	1661.81	0.089
-11.4	0.04895	20625.0	2803.125	2231.25	NaN	NaN	NaN	0	0	0	0	0	1	1	0	0	0	0	0	1	0	0	0	0	1	1	0	1	1	1	0	1	-137.0	0.095	0.281	NaN	NaN	0.226	0.624	NaN	NaN	6.78	21.84	NaN	NaN	0.0	"2.5"	"F0034"	1	0	"PR"	639.653	"reverse"	148.848	1	1	0	930.345	0.0	1031.576	null	1671.849	0.091
0.3	0.049225	1125.0	2981.25	2250.0	NaN	NaN	NaN	0	0	0	0	0	0	0	0	0	0	0	0	0	0	0	0	0	0	0	0	1	0	0	0	1	4.0	0.113	0.283	NaN	NaN	0.269	0.629	NaN	NaN	8.07	22.015	NaN	NaN	0.0	"2.5"	"F0034"	0	0	"PR"	649.585	"diffuse"	8.727	1	1	1	930.345	0.0	1031.576	null	1681.781	0.087
-0.4	0.049775	1875.0	2981.25	2231.25	NaN	NaN	NaN	0	0	0	0	0	0	0	0	0	0	0	0	0	0	0	0	0	0	0	0	1	0	0	0	1	-5.0	0.113	0.281	NaN	NaN	0.269	0.624	NaN	NaN	8.07	21.84	NaN	NaN	0.0	"2.5"	"F0034"	0	0	"PR"	659.619	"diffuse"	18.761	1	1	1	930.345	0.0	1031.576	null	1691.815	0.086
0.3	0.049775	937.5	2981.25	2240.625	NaN	NaN	NaN	0	0	0	0	0	0	0	0	0	0	0	0	0	0	0	0	0	0	0	0	1	0	0	0	1	4.0	0.113	0.282	NaN	NaN	0.269	0.627	NaN	NaN	8.07	21.945	NaN	NaN	0.0	"2.5"	"F0034"	0	0	"PR"	669.657	"diffuse"	28.799	1	1	1	930.345	0.0	1031.576	null	1701.853	0.087
-11.3	0.048675	19125.0	2812.5	2278.125	NaN	NaN	NaN	0	0	0	0	0	1	1	0	0	0	0	0	1	0	0	0	0	1	1	0	1	1	1	0	1	-136.0	0.096	0.286	NaN	NaN	0.229	0.636	NaN	NaN	6.87	22.26	NaN	NaN	0.0	"2.5"	"F0034"	1	0	"PR"	679.59	"wash-en"	8.727	1	1	1	930.345	0.0	1031.576	null	1711.786	0.084
-12.5	0.049225	19500.0	2803.125	2240.625	NaN	NaN	NaN	0	0	0	0	0	1	1	0	0	0	0	0	1	0	0	0	0	1	1	0	1	1	1	0	1	-150.0	0.095	0.282	NaN	NaN	0.226	0.627	NaN	NaN	6.78	21.945	NaN	NaN	0.0	"2.5"	"F0034"	1	0	"PR"	689.627	"wash-en"	18.764	1	1	1	930.345	0.0	1031.576	null	1721.823	0.086
0.2	0.049775	20250.0	2821.875	2240.625	NaN	NaN	NaN	0	0	0	0	0	1	1	0	0	0	0	0	1	0	0	0	0	0	0	0	1	0	0	0	1	2.0	0.097	0.282	NaN	NaN	0.231	0.627	NaN	NaN	6.93	21.945	NaN	NaN	0.0	"2.5"	"F0034"	0	0	"PR"	699.749	"wash-sc"	8.717	1	1	1	930.345	0.0	1031.576	null	1731.945	0.091
-1.1	0.05005	187.5	2981.25	2240.625	NaN	NaN	NaN	0	0	0	0	0	0	0	0	0	0	0	0	0	0	0	0	0	0	0	0	1	0	0	0	1	-13.0	0.113	0.282	NaN	NaN	0.269	0.627	NaN	NaN	8.07	21.945	NaN	NaN	0.0	"2.5"	"F0034"	0	0	"PR"	709.586	"diffuse"	8.43	1	1	2	930.345	0.0	1031.576	null	1741.782	0.084
-0.1	0.050325	2250.0	3009.375	2240.625	NaN	NaN	NaN	0	0	0	0	0	0	0	0	0	0	0	0	0	0	0	0	0	0	0	0	1	0	0	0	1	-1.0	0.116	0.282	NaN	NaN	0.276	0.627	NaN	NaN	8.28	21.945	NaN	NaN	0.0	"2.5"	"F0034"	0	0	"PR"	719.622	"diffuse"	18.466	1	1	2	930.345	0.0	1031.576	null	1751.818	0.083
-0.1	0.0506	1875.0	2981.25	2240.625	NaN	NaN	NaN	0	0	0	0	0	0	0	0	0	0	0	0	0	0	0	0	0	0	0	0	1	0	0	0	1	-1.0	0.113	0.282	NaN	NaN	0.269	0.627	NaN	NaN	8.07	21.945	NaN	NaN	0.0	"2.5"	"F0034"	0	0	"PR"	729.663	"diffuse"	28.507	1	1	2	930.345	0.0	1031.576	null	1761.859	0.084
-11.9	0.049775	19125.0	2784.375	2231.25	NaN	NaN	NaN	0	0	0	0	0	1	1	0	0	0	0	0	1	0	0	0	0	1	1	0	1	1	1	0	1	-143.0	0.093	0.281	NaN	NaN	0.221	0.624	NaN	NaN	6.63	21.84	NaN	NaN	0.0	"2.5"	"F0034"	1	0	"PR"	739.796	"wash-en"	8.526	1	1	2	930.345	0.0	1031.576	null	1771.992	0.086
-11.9	0.05005	18375.0	2812.5	2231.25	NaN	NaN	NaN	0	0	0	0	0	1	1	0	0	0	0	0	1	0	0	0	0	1	1	0	1	1	1	0	1	-143.0	0.096	0.281	NaN	NaN	0.229	0.624	NaN	NaN	6.87	21.84	NaN	NaN	0.0	"2.5"	"F0034"	1	0	"PR"	749.635	"wash-en"	18.365	1	1	2	930.345	0.0	1031.576	null	1781.831	0.083
0.8	0.050875	21375.0	2821.875	2240.625	NaN	NaN	NaN	0	0	0	0	0	1	1	0	0	0	0	0	1	0	0	0	0	0	0	0	1	0	0	0	1	10.0	0.097	0.282	NaN	NaN	0.231	0.627	NaN	NaN	6.93	21.945	NaN	NaN	0.0	"2.5"	"F0034"	0	0	"PR"	759.76	"wash-sc"	8.318	1	1	2	930.345	0.0	1031.576	null	1791.956	0.087
0.5	0.050325	-750.0	2981.25	2240.625	NaN	NaN	NaN	0	0	0	0	0	0	0	0	0	0	0	0	0	0	0	0	0	0	0	0	1	0	0	0	1	6.0	0.113	0.282	NaN	NaN	0.269	0.627	NaN	NaN	8.07	21.945	NaN	NaN	0.0	"2.5"	"F0034"	0	0	"PR"	769.796	"diffuse"	8.229	1	1	3	930.345	0.0	1031.576	null	1801.992	0.086
-0.1	0.0506	-187.5	2981.25	2250.0	NaN	NaN	NaN	0	0	0	0	0	0	0	0	0	0	0	0	0	0	0	0	0	0	0	0	1	0	0	0	1	-1.0	0.113	0.283	NaN	NaN	0.269	0.629	NaN	NaN	8.07	22.015	NaN	NaN	0.0	"2.5"	"F0034"	0	0	"PR"	779.834	"diffuse"	18.267	1	1	3	930.345	0.0	1031.576	null	1812.03	0.086
0.3	0.050325	375.0	2981.25	2240.625	NaN	NaN	NaN	0	0	0	0	0	0	0	0	0	0	0	0	0	0	0	0	0	0	0	0	1	0	0	0	1	4.0	0.113	0.282	NaN	NaN	0.269	0.627	NaN	NaN	8.07	21.945	NaN	NaN	0.0	"2.5"	"F0034"	0	0	"PR"	789.675	"diffuse"	28.108	1	1	3	930.345	0.0	1031.576	null	1821.871	0.088
-6.3	0.049775	21750.0	2831.25	2240.625	NaN	NaN	NaN	0	0	0	0	0	1	1	0	0	0	0	0	1	0	0	0	0	1	1	0	1	1	1	0	1	-76.0	0.098	0.282	NaN	NaN	0.233	0.627	NaN	NaN	6.99	21.945	NaN	NaN	0.0	"2.5"	"F0034"	1	0	"PR"	799.802	"wash-en"	8.119	1	1	3	930.345	0.0	1031.576	null	1831.998	0.083
-11.9	0.049775	21000.0	2793.75	2221.875	NaN	NaN	NaN	0	0	0	0	0	1	1	0	0	0	0	0	1	0	0	0	0	1	1	0	1	1	1	0	1	-143.0	0.094	0.28	NaN	NaN	0.224	0.622	NaN	NaN	6.72	21.77	NaN	NaN	0.0	"2.5"	"F0034"	1	0	"PR"	809.842	"wash-en"	18.159	1	1	3	930.345	0.0	1031.576	null	1842.038	0.086
1.4	0.05005	19875.0	2821.875	2240.625	NaN	NaN	NaN	0	0	0	0	0	1	1	0	0	0	0	0	1	0	0	0	0	0	0	0	1	0	0	0	1	17.0	0.097	0.282	NaN	NaN	0.231	0.627	NaN	NaN	6.93	21.945	NaN	NaN	0.0	"2.5"	"F0034"	0	0	"PR"	819.772	"wash-sc"	7.922	1	1	3	930.345	0.0	1031.576	null	1851.968	0.085
0.4	0.049775	1125.0	2990.625	2278.125	NaN	NaN	NaN	0	0	0	0	0	0	0	0	0	0	0	0	0	0	0	0	0	0	0	0	1	0	0	0	1	5.0	0.114	0.286	NaN	NaN	0.271	0.636	NaN	NaN	8.13	22.26	NaN	NaN	0.0	"2.5"	"F0034"	0	0	"PR"	829.808	"diffuse"	7.828	1	1	4	930.345	0.0	1031.576	null	1862.004	0.083
0.8	0.050325	1312.5	2981.25	2250.0	NaN	NaN	NaN	0	0	0	0	0	0	0	0	0	0	0	0	0	0	0	0	0	0	0	0	1	0	0	0	1	10.0	0.113	0.283	NaN	NaN	0.269	0.629	NaN	NaN	8.07	22.015	NaN	NaN	0.0	"2.5"	"F0034"	0	0	"PR"	839.847	"diffuse"	17.867	1	1	4	930.345	0.0	1031.576	null	1872.043	0.083
0.6	0.049775	1500.0	2981.25	2240.625	NaN	NaN	NaN	0	0	0	0	0	0	0	0	0	0	0	0	0	0	0	0	0	0	0	0	1	0	0	0	1	7.0	0.113	0.282	NaN	NaN	0.269	0.627	NaN	NaN	8.07	21.945	NaN	NaN	0.0	"2.5"	"F0034"	0	0	"PR"	849.887	"diffuse"	27.907	1	1	4	930.345	0.0	1031.576	null	1882.083	0.084
-12.0	0.049775	19312.5	2821.875	2212.5	NaN	NaN	NaN	0	0	0	0	0	1	1	0	0	0	0	0	1	0	0	0	0	1	1	0	1	1	1	0	1	-144.0	0.097	0.279	NaN	NaN	0.231	0.62	NaN	NaN	6.93	21.7	NaN	NaN	0.0	"2.5"	"F0034"	1	0	"PR"	859.814	"wash-en"	7.719	1	1	4	930.345	0.0	1031.576	null	1892.01	0.083
-12.5	0.049225	18750.0	2775.0	2268.75	NaN	NaN	NaN	0	0	0	0	0	1	1	0	0	0	0	0	1	0	0	0	0	1	1	0	1	1	1	0	1	-150.0	0.093	0.285	NaN	NaN	0.221	0.633	NaN	NaN	6.63	22.155	NaN	NaN	0.0	"2.5"	"F0034"	1	0	"PR"	869.854	"wash-en"	17.759	1	1	4	930.345	0.0	1031.576	null	1902.05	0.084
1.3	0.05005	19875.0	2840.625	2250.0	NaN	NaN	NaN	0	0	0	0	0	1	1	0	0	0	0	0	1	0	0	0	0	0	0	0	1	0	0	0	1	16.0	0.099	0.283	NaN	NaN	0.236	0.629	NaN	NaN	7.08	22.015	NaN	NaN	0.0	"2.5"	"F0034"	0	0	"PR"	879.788	"wash-sc"	7.523	1	1	4	930.345	0.0	1031.576	null	1911.984	0.088
2.8	0.049775	0.0	2512.5	2240.625	NaN	NaN	NaN	0	0	0	0	1	0	0	0	0	0	0	0	0	0	0	0	0	0	0	0	1	0	0	0	1	34.0	0.066	0.282	NaN	NaN	0.157	0.627	NaN	NaN	4.71	21.945	NaN	NaN	0.0	"2.5"	"F0034"	0	0	"PR"	889.825	"drain-rg"	7.429	1	1	4	930.345	0.0	1031.576	null	1922.021	0.086
1.8	0.050325	0.0	2156.25	2240.625	NaN	NaN	NaN	0	0	0	0	1	0	0	0	0	0	0	0	0	0	0	0	0	0	0	0	1	0	0	0	1	22.0	0.031	0.282	NaN	NaN	0.074	0.627	NaN	NaN	2.22	21.945	NaN	NaN	0.0	"2.5"	"F0034"	0	0	"PR"	899.865	"drain-rg"	17.469	1	1	4	930.345	0.0	1031.576	null	1932.061	0.084
0.6	0.049775	1125.0	1809.375	2240.625	NaN	NaN	NaN	0	0	0	0	1	0	0	0	0	0	0	0	0	0	0	0	0	0	0	0	1	0	0	0	1	7.0	-0.004	0.282	NaN	NaN	-0.01	0.627	NaN	NaN	-0.3	21.945	NaN	NaN	0.0	"2.5"	"F0034"	0	0	"PR"	909.903	"drip-rg"	0.802	1	1	4	930.345	0.0	1031.576	null	1942.099	0.083
0.9	0.05005	375.0	-65.625	2240.625	NaN	NaN	NaN	0	0	0	0	1	0	0	0	0	0	0	0	0	0	0	0	0	0	0	0	1	0	0	0	1	11.0	-0.192	0.282	NaN	NaN	-0.457	0.627	NaN	NaN	-13.71	21.945	NaN	NaN	0.0	"2.5"	"F0034"	0	0	"PR"	919.939	"drip-rg"	10.838	1	1	4	930.345	0.0	1031.576	null	1952.135	0.083
2.1	0.05005	18187.5	1640.625	2128.125	NaN	NaN	NaN	0	0	1	0	0	1	0	0	0	0	0	0	1	0	0	0	0	0	0	0	1	0	0	0	1	25.0	-0.021	0.271	NaN	NaN	-0.05	0.602	NaN	NaN	-1.5	21.07	NaN	NaN	0.0	"2.5"	"F0034"	0	0	"FR"	4.838	"fill-rg-di"	4.638	2	1	0	1956.552	0.0	1031.576	null	1962.014	0.089
1.3	0.049225	19875.0	2128.125	1884.375	NaN	NaN	NaN	0	0	1	0	0	1	0	0	0	0	0	0	1	0	0	0	0	0	0	0	1	0	0	0	1	16.0	0.028	0.246	NaN	NaN	0.067	0.547	NaN	NaN	2.01	19.145	NaN	NaN	0.0	"2.5"	"F0034"	0	0	"FR"	14.874	"fill-rg-di"	14.674	2	1	0	1956.552	0.0	1031.576	null	1972.05	0.091
0.8	0.0484	19687.5	2456.25	1621.875	NaN	NaN	NaN	0	0	1	0	0	1	0	0	0	0	0	0	1	0	0	0	0	0	0	0	1	0	0	0	1	10.0	0.061	0.22	NaN	NaN	0.145	0.489	NaN	NaN	4.35	17.115	NaN	NaN	0.0	"2.5"	"F0034"	0	0	"FR"	24.916	"fill-rg-di"	24.716	2	1	0	1956.552	0.0	1031.576	null	1982.092	0.087
1.0	0.048125	20437.5	2784.375	1340.625	NaN	NaN	NaN	0	0	1	0	0	1	0	0	0	0	0	0	1	0	0	0	0	0	0	0	1	0	0	0	1	12.0	0.093	0.192	NaN	NaN	0.221	0.427	NaN	NaN	6.63	14.945	NaN	NaN	0.0	"2.5"	"F0034"	0	0	"FR"	34.953	"fill-rg-di"	34.753	2	1	0	1956.552	0.0	1031.576	null	1992.129	0.089
0.7	0.0473	20250.0	3056.25	1096.875	NaN	NaN	NaN	0	0	1	0	0	1	0	0	0	0	0	0	1	0	0	0	0	0	0	0	1	0	0	0	1	8.0	0.121	0.168	NaN	NaN	0.288	0.373	NaN	NaN	8.64	13.055	NaN	NaN	0.0	"2.5"	"F0034"	0	0	"FR"	44.991	"fill-rg-di"	44.791	2	1	0	1956.552	0.0	1031.576	null	2002.167	0.085
0.3	0.046475	1500.0	2868.75	946.875	NaN	NaN	NaN	0	0	0	0	1	0	0	0	0	0	0	0	0	0	0	0	0	0	0	0	1	0	0	0	1	4.0	0.102	0.153	NaN	NaN	0.243	0.34	NaN	NaN	7.29	11.9	NaN	NaN	0.0	"2.5"	"F0034"	0	0	"FR"	55.024	"drain-rg"	4.215	2	1	0	1956.552	0.0	1031.576	null	2012.2	0.092
1.1	0.04675	1875.0	2550.0	946.875	NaN	NaN	NaN	0	0	0	0	1	0	0	0	0	0	0	0	0	0	0	0	0	0	0	0	1	0	0	0	1	13.0	0.07	0.153	NaN	NaN	0.167	0.34	NaN	NaN	5.01	11.9	NaN	NaN	0.0	"2.5"	"F0034"	0	0	"FR"	65.064	"drain-rg"	14.255	2	1	0	1956.552	0.0	1031.576	null	2022.24	0.086
1.0	0.0473	1500.0	2203.125	946.875	NaN	NaN	NaN	0	0	0	0	1	0	0	0	0	0	0	0	0	0	0	0	0	0	0	0	1	0	0	0	1	12.0	0.035	0.153	NaN	NaN	0.083	0.34	NaN	NaN	2.49	11.9	NaN	NaN	0.0	"2.5"	"F0034"	0	0	"FR"	74.904	"drain-rg"	24.095	2	1	0	1956.552	0.0	1031.576	null	2032.08	0.091
0.6	0.046475	1875.0	1846.875	956.25	NaN	NaN	NaN	0	0	0	0	1	0	0	0	0	0	0	0	0	0	0	0	0	0	0	0	1	0	0	0	1	7.0	-0.0	0.154	NaN	NaN	-0.0	0.342	NaN	NaN	-0.0	11.97	NaN	NaN	0.0	"2.5"	"F0034"	0	0	"FR"	84.94	"drip-rg"	0.201	2	1	0	1956.552	0.0	1031.576	null	2042.116	0.1
0.9	0.047575	1125.0	1153.125	956.25	NaN	NaN	NaN	0	0	0	0	1	0	0	0	0	0	0	0	0	0	0	0	0	0	0	0	1	0	0	0	1	11.0	-0.07	0.154	NaN	NaN	-0.167	0.342	NaN	NaN	-5.01	11.97	NaN	NaN	0.0	"2.5"	"F0034"	0	0	"FR"	94.977	"drip-rg"	10.238	2	1	0	1956.552	0.0	1031.576	null	2052.153	0.086
0.7	0.0462	18375.0	1500.0	825.0	NaN	NaN	NaN	0	0	1	0	0	1	0	0	0	0	0	0	1	0	0	0	0	0	0	0	1	0	0	0	1	8.0	-0.035	0.141	NaN	NaN	-0.083	0.313	NaN	NaN	-2.49	10.955	NaN	NaN	0.0	"2.5"	"F0034"	0	0	"PR"	4.434	"fill-rg-di"	4.232	2	0	0	1956.552	0.0	2057.173	null	2062.228	0.09
0.6	0.04565	19125.0	2118.75	590.625	NaN	NaN	NaN	0	0	1	0	0	1	0	0	0	0	0	0	1	0	0	0	0	0	0	0	1	0	0	0	1	7.0	0.027	0.117	NaN	NaN	0.064	0.26	NaN	NaN	1.92	9.1	NaN	NaN	0.0	"2.5"	"F0034"	0	0	"PR"	14.472	"fill-rg-di"	14.27	2	0	0	1956.552	0.0	2057.173	null	2072.266	0.092
0.8	0.044275	20625.0	2418.75	346.875	NaN	NaN	NaN	0	0	1	0	0	1	0	0	0	0	0	0	1	0	0	0	0	0	0	0	1	0	0	0	1	10.0	0.057	0.093	NaN	NaN	0.136	0.207	NaN	NaN	4.08	7.245	NaN	NaN	0.0	"2.5"	"F0034"	0	0	"PR"	24.506	"fill-rg-di"	24.304	2	0	0	1956.552	0.0	2057.173	null	2082.3	0.09
0.6	0.042625	-1500.0	2718.75	93.75	NaN	NaN	NaN	1	0	0	0	0	0	0	0	0	0	0	0	0	1	0	0	0	0	0	0	1	0	0	0	1	7.0	0.087	0.067	NaN	NaN	0.207	0.149	NaN	NaN	6.21	5.215	NaN	NaN	0.0	"2.5"	"F0034"	0	0	"PR"	34.542	"fill-di-lb"	0.602	2	0	0	1956.552	0.0	2057.173	null	2092.336	0.084
-0.4	0.043175	375.0	2746.875	412.5	NaN	NaN	NaN	1	0	0	0	0	0	0	0	0	0	0	0	0	1	0	0	0	0	0	0	1	0	0	0	1	-5.0	0.09	0.099	NaN	NaN	0.214	0.22	NaN	NaN	6.42	7.7	NaN	NaN	0.0	"2.5"	"F0034"	0	0	"PR"	44.381	"fill-di-lb"	10.441	2	0	0	1956.552	0.0	2057.173	null	2102.175	0.091
1.0	0.043175	1500.0	2709.375	731.25	NaN	NaN	NaN	1	0	0	0	0	0	0	0	0	0	0	0	0	1	0	0	0	0	0	0	1	0	0	0	1	12.0	0.086	0.131	NaN	NaN	0.205	0.291	NaN	NaN	6.15	10.185	NaN	NaN	0.0	"2.5"	"F0034"	0	0	"PR"	54.417	"fill-di-lb"	20.477	2	0	0	1956.552	0.0	2057.173	null	2112.211	0.089
0.9	0.0429	1687.5	2709.375	1040.625	NaN	NaN	NaN	1	0	0	0	0	0	0	0	0	0	0	0	0	1	0	0	0	0	0	0	1	0	0	0	1	11.0	0.086	0.162	NaN	NaN	0.205	0.36	NaN	NaN	6.15	12.6	NaN	NaN	0.0	"2.5"	"F0034"	0	0	"PR"	64.459	"fill-di-lb"	30.519	2	0	0	1956.552	0.0	2057.173	null	2122.253	0.09
0.6	0.0429	1875.0	2728.125	1350.0	NaN	NaN	NaN	1	0	0	0	0	0	0	0	0	0	0	0	0	1	0	0	0	0	0	0	1	0	0	0	1	7.0	0.088	0.193	NaN	NaN	0.21	0.429	NaN	NaN	6.3	15.015	NaN	NaN	0.0	"2.5"	"F0034"	0	0	"PR"	74.497	"fill-di-lb"	40.557	2	0	0	1956.552	0.0	2057.173	null	2132.291	0.086
0.3	0.0429	2062.5	2728.125	1678.125	NaN	NaN	NaN	1	0	0	0	0	0	0	0	0	0	0	0	0	1	0	0	0	0	0	0	1	0	0	0	1	4.0	0.088	0.226	NaN	NaN	0.21	0.502	NaN	NaN	6.3	17.57	NaN	NaN	0.0	"2.5"	"F0034"	0	0	"PR"	84.539	"fill-di-lb"	50.599	2	0	0	1956.552	0.0	2057.173	null	2142.333	0.089
0.6	0.04345	937.5	2718.75	1950.0	NaN	NaN	NaN	1	0	0	0	0	0	0	0	0	0	0	0	0	1	0	0	0	0	0	0	1	0	0	0	1	7.0	0.087	0.253	NaN	NaN	0.207	0.562	NaN	NaN	6.21	19.67	NaN	NaN	0.0	"2.5"	"F0034"	0	0	"PR"	94.583	"fill-di-lb"	60.643	2	0	0	1956.552	0.0	2057.173	null	2152.377	0.091
0.6	0.0429	13687.5	2709.375	2240.625	NaN	NaN	NaN	0	0	1	0	0	1	0	0	0	0	0	0	1	0	0	0	0	0	0	0	1	0	0	0	1	7.0	0.086	0.282	NaN	NaN	0.205	0.627	NaN	NaN	6.15	21.945	NaN	NaN	0.0	"2.5"	"F0034"	0	0	"PR"	104.417	"fill-rg-di"	1.203	2	0	0	1956.552	0.0	2057.173	null	2162.211	0.086
0.4	0.042625	3187.5	2962.5	2156.25	NaN	NaN	NaN	1	0	0	0	0	0	0	0	0	0	0	0	0	1	0	0	0	0	0	0	1	0	0	0	1	5.0	0.111	0.274	NaN	NaN	0.264	0.609	NaN	NaN	7.92	21.315	NaN	NaN	0.0	"2.5"	"F0034"	0	0	"PR"	114.454	"fill-di"	3.213	2	0	0	1956.552	0.0	2057.173	null	2172.248	0.086
-11.3	0.04125	27562.5	2953.125	2568.75	NaN	NaN	NaN	0	1	1	0	0	0	0	0	0	0	0	0	1	0	0	0	0	1	1	0	1	1	1	0	1	-136.0	0.11	0.315	NaN	NaN	0.262	0.7	NaN	NaN	7.86	24.5	NaN	NaN	0.0	"2.5"	"F0034"	1	0	"PR"	124.495	"deionize"	7.23	2	1	0	1956.552	0.0	2057.173	null	2182.289	0.084
-11.9	0.0407	27187.5	2953.125	2625.0	NaN	NaN	NaN	0	1	1	0	0	0	0	0	0	0	0	0	1	0	0	0	0	1	1	0	1	1	1	0	1	-143.0	0.11	0.321	NaN	NaN	0.262	0.713	NaN	NaN	7.86	24.955	NaN	NaN	0.0	"2.5"	"F0034"	1	0	"PR"	134.527	"deionize"	17.262	2	1	0	1956.552	0.0	2057.173	null	2192.321	0.086
-10.9	0.039875	26250.0	2962.5	2521.875	NaN	NaN	NaN	0	1	1	0	0	0	0	0	0	0	0	0	1	0	0	0	0	1	1	0	1	1	1	0	1	-131.0	0.111	0.31	NaN	NaN	0.264	0.689	NaN	NaN	7.92	24.115	NaN	NaN	0.0	"2.5"	"F0034"	1	0	"PR"	144.564	"deionize"	27.299	2	1	0	1956.552	0.0	2057.173	null	2202.358	0.092
-12.0	0.039325	25500.0	2953.125	2615.625	NaN	NaN	NaN	0	1	1	0	0	0	0	0	0	0	0	0	1	0	0	0	0	1	1	0	1	1	1	0	1	-144.0	0.11	0.32	NaN	NaN	0.262	0.711	NaN	NaN	7.86	24.885	NaN	NaN	0.0	"2.5"	"F0034"	1	0	"PR"	154.603	"deionize"	37.338	2	1	0	1956.552	0.0	2057.173	null	2212.397	0.091
-13.5	0.038225	28500.0	2934.375	2587.5	NaN	NaN	NaN	0	1	1	0	0	0	0	0	0	0	0	0	1	0	0	0	0	1	1	0	1	1	1	0	1	-162.0	0.108	0.317	NaN	NaN	0.257	0.704	NaN	NaN	7.71	24.64	NaN	NaN	0.0	"2.5"	"F0034"	1	0	"PR"	164.632	"deionize"	47.367	2	1	0	1956.552	0.0	2057.173	null	2222.426	0.09
-12.1	0.037125	27937.5	2934.375	2531.25	NaN	NaN	NaN	0	1	1	0	0	0	0	0	0	0	0	0	1	0	0	0	0	1	1	0	1	1	1	0	1	-145.0	0.108	0.311	NaN	NaN	0.257	0.691	NaN	NaN	7.71	24.185	NaN	NaN	0.0	"2.5"	"F0034"	1	0	"PR"	174.672	"deionize"	57.407	2	1	0	1956.552	0.0	2057.173	null	2232.466	0.089
-11.9	0.036025	27750.0	2962.5	2578.125	NaN	NaN	NaN	0	1	1	0	0	0	0	0	0	0	0	0	1	0	0	0	0	1	1	0	1	1	1	0	1	-143.0	0.111	0.316	NaN	NaN	0.264	0.702	NaN	NaN	7.92	24.57	NaN	NaN	0.0	"2.5"	"F0034"	1	0	"PR"	184.509	"deionize"	67.244	2	1	0	1956.552	0.0	2057.173	null	2242.303	0.084
-11.3	0.03575	27187.5	2962.5	2606.25	NaN	NaN	NaN	0	1	1	0	0	0	0	0	0	0	0	0	1	0	0	0	0	1	1	0	1	1	1	0	1	-136.0	0.111	0.319	NaN	NaN	0.264	0.709	NaN	NaN	7.92	24.815	NaN	NaN	0.0	"2.5"	"F0034"	1	0	"PR"	194.547	"deionize"	77.282	2	1	0	1956.552	0.0	2057.173	null	2252.341	0.087
-12.2	0.03465	26625.0	2943.75	2634.375	NaN	NaN	NaN	0	1	1	0	0	0	0	0	0	0	0	0	1	0	0	0	0	1	1	0	1	1	1	0	1	-146.0	0.109	0.321	NaN	NaN	0.26	0.713	NaN	NaN	7.8	24.955	NaN	NaN	0.0	"2.5"	"F0034"	1	0	"PR"	204.583	"deionize"	87.318	2	1	0	1956.552	0.0	2057.173	null	2262.377	0.088
-12.7	0.034375	25500.0	2971.875	2578.125	NaN	NaN	NaN	0	1	1	0	0	0	0	0	0	0	0	0	1	0	0	0	0	1	1	0	1	1	1	0	1	-152.0	0.112	0.316	NaN	NaN	0.267	0.702	NaN	NaN	8.01	24.57	NaN	NaN	0.0	"2.5"	"F0034"	1	0	"PR"	214.619	"deionize"	97.354	2	1	0	1956.552	0.0	2057.173	null	2272.413	0.084
-11.8	0.03355	27562.5	2953.125	2540.625	NaN	NaN	NaN	0	1	1	0	0	0	0	0	0	0	0	0	1	0	0	0	0	1	1	0	1	1	1	0	1	-142.0	0.11	0.312	NaN	NaN	0.262	0.693	NaN	NaN	7.86	24.255	NaN	NaN	0.0	"2.5"	"F0034"	1	0	"PR"	224.655	"deionize"	107.39	2	1	0	1956.552	0.0	2057.173	null	2282.449	0.087
-12.7	0.03245	27562.5	2971.875	2559.375	NaN	NaN	NaN	0	1	1	0	0	0	0	0	0	0	0	0	1	0	0	0	0	1	1	0	1	1	1	0	1	-152.0	0.112	0.314	NaN	NaN	0.267	0.698	NaN	NaN	8.01	24.43	NaN	NaN	0.0	"2.5"	"F0034"	1	0	"PR"	234.695	"deionize"	117.43	2	1	0	1956.552	0.0	2057.173	null	2292.489	0.086
-12.0	0.03245	29062.5	2962.5	2596.875	NaN	NaN	NaN	0	1	1	0	0	0	0	0	0	0	0	0	1	0	0	0	0	1	1	0	1	1	1	0	1	-144.0	0.111	0.318	NaN	NaN	0.264	0.707	NaN	NaN	7.92	24.745	NaN	NaN	0.0	"2.5"	"F0034"	1	0	"PR"	244.729	"deionize"	127.464	2	1	0	1956.552	0.0	2057.173	null	2302.523	0.086
-12.9	0.03135	27187.5	2981.25	2550.0	NaN	NaN	NaN	0	1	1	0	0	0	0	0	0	0	0	0	1	0	0	0	0	1	1	0	1	1	1	0	1	-155.0	0.113	0.313	NaN	NaN	0.269	0.696	NaN	NaN	8.07	24.36	NaN	NaN	0.0	"2.5"	"F0034"	1	0	"PR"	254.767	"deionize"	137.502	2	1	0	1956.552	0.0	2057.173	null	2312.561	0.088
-11.9	0.03135	25312.5	2953.125	2550.0	NaN	NaN	NaN	0	1	1	0	0	0	0	0	0	0	0	0	1	0	0	0	0	1	1	0	1	1	1	0	1	-143.0	0.11	0.313	NaN	NaN	0.262	0.696	NaN	NaN	7.86	24.36	NaN	NaN	0.0	"2.5"	"F0034"	1	0	"PR"	264.6	"deionize"	147.335	2	1	0	1956.552	0.0	2057.173	null	2322.394	0.084
-11.7	0.030525	26437.5	2962.5	2550.0	NaN	NaN	NaN	0	1	1	0	0	0	0	0	0	0	0	0	1	0	0	0	0	1	1	0	1	1	1	0	1	-140.0	0.111	0.313	NaN	NaN	0.264	0.696	NaN	NaN	7.92	24.36	NaN	NaN	0.0	"2.5"	"F0034"	1	0	"PR"	274.636	"deionize"	157.371	2	1	0	1956.552	0.0	2057.173	null	2332.43	0.084
-12.2	0.03025	27000.0	2953.125	2550.0	NaN	NaN	NaN	0	1	1	0	0	0	0	0	0	0	0	0	1	0	0	0	0	1	1	0	1	1	1	0	1	-146.0	0.11	0.313	NaN	NaN	0.262	0.696	NaN	NaN	7.86	24.36	NaN	NaN	0.0	"2.5"	"F0034"	1	0	"PR"	284.674	"deionize"	167.409	2	1	0	1956.552	0.0	2057.173	null	2342.468	0.088
-12.1	0.029425	27375.0	2962.5	2606.25	NaN	NaN	NaN	0	1	1	0	0	0	0	0	0	0	0	0	1	0	0	0	0	1	1	0	1	1	1	0	1	-145.0	0.111	0.319	NaN	NaN	0.264	0.709	NaN	NaN	7.92	24.815	NaN	NaN	0.0	"2.5"	"F0034"	1	0	"PR"	294.711	"deionize"	177.446	2	1	0	1956.552	0.0	2057.173	null	2352.505	0.084
-10.5	0.029425	27750.0	2953.125	2578.125	NaN	NaN	NaN	0	1	1	0	0	0	0	0	0	0	0	0	1	0	0	0	0	1	1	0	1	1	1	0	1	-126.0	0.11	0.316	NaN	NaN	0.262	0.702	NaN	NaN	7.86	24.57	NaN	NaN	0.0	"2.5"	"F0034"	1	0	"PR"	304.746	"deionize"	187.481	2	1	0	1956.552	0.0	2057.173	null	2362.54	0.084
-11.3	0.028875	28500.0	2943.75	2550.0	NaN	NaN	NaN	0	1	1	0	0	0	0	0	0	0	0	0	1	0	0	0	0	1	1	0	1	1	1	0	1	-136.0	0.109	0.313	NaN	NaN	0.26	0.696	NaN	NaN	7.8	24.36	NaN	NaN	0.0	"2.5"	"F0034"	1	0	"PR"	314.788	"deionize"	197.523	2	1	0	1956.552	0.0	2057.173	null	2372.582	0.087
-11.0	0.02805	25312.5	2934.375	2596.875	NaN	NaN	NaN	0	1	1	0	0	0	0	0	0	0	0	0	1	0	0	0	0	1	1	0	1	1	1	0	1	-132.0	0.108	0.318	NaN	NaN	0.257	0.707	NaN	NaN	7.71	24.745	NaN	NaN	0.0	"2.5"	"F0034"	1	0	"PR"	324.818	"deionize"	207.553	2	1	0	1956.552	0.0	2057.173	null	2382.612	0.086
-11.3	0.02695	25875.0	2962.5	2615.625	NaN	NaN	NaN	0	1	1	0	0	0	0	0	0	0	0	0	1	0	0	0	0	1	1	0	1	1	1	0	1	-136.0	0.111	0.32	NaN	NaN	0.264	0.711	NaN	NaN	7.92	24.885	NaN	NaN	0.0	"2.5"	"F0034"	1	0	"PR"	334.854	"deionize"	217.589	2	1	0	1956.552	0.0	2057.173	null	2392.648	0.087
-11.0	0.02695	25875.0	2934.375	2531.25	NaN	NaN	NaN	0	1	1	0	0	0	0	0	0	0	0	0	1	0	0	0	0	1	1	0	1	1	1	0	1	-132.0	0.108	0.311	NaN	NaN	0.257	0.691	NaN	NaN	7.71	24.185	NaN	NaN	0.0	"2.5"	"F0034"	1	0	"PR"	344.693	"deionize"	227.428	2	1	0	1956.552	0.0	2057.173	null	2402.487	0.084
-10.6	0.02695	26062.5	2943.75	2540.625	NaN	NaN	NaN	0	1	1	0	0	0	0	0	0	0	0	0	1	0	0	0	0	1	1	0	1	1	1	0	1	-127.0	0.109	0.312	NaN	NaN	0.26	0.693	NaN	NaN	7.8	24.255	NaN	NaN	0.0	"2.5"	"F0034"	1	0	"PR"	354.731	"deionize"	237.466	2	1	0	1956.552	0.0	2057.173	null	2412.525	0.084
-10.3	0.026675	25875.0	2962.5	2550.0	NaN	NaN	NaN	0	1	1	0	0	0	0	0	0	0	0	0	1	0	0	0	1	1	1	0	1	1	1	0	1	-124.0	0.111	0.313	NaN	NaN	0.264	0.696	NaN	NaN	7.92	24.36	NaN	NaN	0.0	"2.5"	"F0034"	1	0	"PR"	364.874	"deionize-uv"	7.535	2	1	0	1956.552	0.0	2057.173	null	2422.668	0.085
-10.2	0.025575	25500.0	2962.5	2531.25	NaN	NaN	NaN	0	1	1	0	0	0	0	0	0	0	0	0	1	0	0	0	1	1	1	0	1	1	1	0	1	-122.0	0.111	0.311	NaN	NaN	0.264	0.691	NaN	NaN	7.92	24.185	NaN	NaN	0.0	"2.5"	"F0034"	1	0	"PR"	374.712	"deionize-uv"	17.373	2	1	0	1956.552	0.0	2057.173	null	2432.506	0.084
-10.4	0.0253	25687.5	2981.25	2615.625	NaN	NaN	NaN	0	1	1	0	0	0	0	0	0	0	0	0	1	0	0	0	1	1	1	0	1	1	1	0	1	-125.0	0.113	0.32	NaN	NaN	0.269	0.711	NaN	NaN	8.07	24.885	NaN	NaN	0.0	"2.5"	"F0034"	1	0	"PR"	384.749	"deionize-uv"	27.41	2	1	0	1956.552	0.0	2057.173	null	2442.543	0.083
-10.2	0.02475	25312.5	2971.875	2550.0	NaN	NaN	NaN	0	1	1	0	0	0	0	0	0	0	0	0	1	0	0	0	1	1	1	0	1	1	1	0	1	-122.0	0.112	0.313	NaN	NaN	0.267	0.696	NaN	NaN	8.01	24.36	NaN	NaN	0.0	"2.5"	"F0034"	1	0	"PR"	394.789	"deionize-uv"	37.45	2	1	0	1956.552	0.0	2057.173	null	2452.583	0.084
-9.5	0.025025	27000.0	2962.5	2550.0	NaN	NaN	NaN	0	1	1	0	0	0	0	0	0	0	0	0	1	0	0	0	1	1	1	0	1	1	1	0	1	-114.0	0.111	0.313	NaN	NaN	0.264	0.696	NaN	NaN	7.92	24.36	NaN	NaN	0.0	"2.5"	"F0034"	1	0	"PR"	404.824	"deionize-uv"	47.485	2	1	0	1956.552	0.0	2057.173	null	2462.618	0.086
-9.6	0.024475	27562.5	2953.125	2531.25	NaN	NaN	NaN	0	1	1	0	0	0	0	0	0	0	0	0	1	0	0	0	1	1	1	0	1	1	1	0	1	-115.0	0.11	0.311	NaN	NaN	0.262	0.691	NaN	NaN	7.86	24.185	NaN	NaN	0.0	"2.5"	"F0034"	1	0	"PR"	414.863	"deionize-uv"	57.524	2	1	0	1956.552	0.0	2057.173	null	2472.657	0.084
-10.0	0.023375	27562.5	2981.25	2550.0	NaN	NaN	NaN	0	1	1	0	0	0	0	0	0	0	0	0	1	0	0	0	1	1	1	0	1	1	1	0	1	-120.0	0.113	0.313	NaN	NaN	0.269	0.696	NaN	NaN	8.07	24.36	NaN	NaN	0.0	"2.5"	"F0034"	1	0	"PR"	424.902	"deionize-uv"	67.563	2	1	0	1956.552	0.0	2057.173	null	2482.696	0.083
-9.6	0.023925	28312.5	2962.5	2559.375	NaN	NaN	NaN	0	1	1	0	0	0	0	0	0	0	0	0	1	0	0	0	1	1	1	0	1	1	1	0	1	-115.0	0.111	0.314	NaN	NaN	0.264	0.698	NaN	NaN	7.92	24.43	NaN	NaN	0.0	"2.5"	"F0034"	1	0	"PR"	434.94	"deionize-uv"	77.601	2	1	0	1956.552	0.0	2057.173	null	2492.734	0.083
-9.1	0.023375	27187.5	2962.5	2531.25	NaN	NaN	NaN	0	1	1	0	0	0	0	0	0	0	0	0	1	0	0	0	1	1	1	0	1	1	1	0	1	-109.0	0.111	0.311	NaN	NaN	0.264	0.691	NaN	NaN	7.92	24.185	NaN	NaN	0.0	"2.5"	"F0034"	1	0	"PR"	444.975	"deionize-uv"	87.636	2	1	0	1956.552	0.0	2057.173	null	2502.769	0.086
-9.5	0.023375	25687.5	2971.875	2596.875	NaN	NaN	NaN	0	1	1	0	0	0	0	0	0	0	0	0	1	0	0	0	1	1	1	0	1	1	1	0	1	-114.0	0.112	0.318	NaN	NaN	0.267	0.707	NaN	NaN	8.01	24.745	NaN	NaN	0.0	"2.5"	"F0034"	1	0	"PR"	454.811	"deionize-uv"	97.472	2	1	0	1956.552	0.0	2057.173	null	2512.605	0.089
-11.0	0.022275	25500.0	2953.125	2587.5	NaN	NaN	NaN	0	1	1	0	0	0	0	0	0	0	0	0	1	0	0	0	1	1	1	0	1	1	1	0	1	-132.0	0.11	0.317	NaN	NaN	0.262	0.704	NaN	NaN	7.86	24.64	NaN	NaN	0.0	"2.5"	"F0034"	1	0	"PR"	464.846	"deionize-uv"	107.507	2	1	0	1956.552	0.0	2057.173	null	2522.64	0.09
-8.6	0.02255	25875.0	2953.125	2540.625	NaN	NaN	NaN	0	1	1	0	0	0	0	0	0	0	0	0	1	0	0	0	1	1	1	0	1	1	1	0	1	-103.0	0.11	0.312	NaN	NaN	0.262	0.693	NaN	NaN	7.86	24.255	NaN	NaN	0.0	"2.5"	"F0034"	1	0	"PR"	474.884	"deionize-uv"	117.545	2	1	0	1956.552	0.0	2057.173	null	2532.678	0.09
-9.2	0.022275	36937.5	2953.125	2081.25	NaN	NaN	NaN	0	0	1	0	0	0	0	1	0	0	0	0	1	0	0	0	1	1	1	0	1	1	1	0	1	-110.0	0.11	0.266	NaN	NaN	0.262	0.591	NaN	NaN	7.86	20.685	NaN	NaN	0.0	"2.5"	"F0034"	1	0	"PR"	484.961	"drip-di-1"	6.537	2	1	0	1956.552	0.0	2057.173	null	2542.755	0.084
11.2	0.021725	12000.0	2831.25	1884.375	NaN	NaN	NaN	1	0	0	0	0	1	1	0	0	0	0	0	1	1	0	0	0	1	1	1	0	1	1	1	0	134.0	0.098	0.246	NaN	NaN	0.233	0.547	NaN	NaN	6.99	19.145	NaN	NaN	0.0	"2.5"	"F0034"	1	1	"PR"	494.962	"reverse-f"	1.369	2	1	0	1956.552	0.0	2057.173	null	2552.756	0.087
12.6	0.022275	19687.5	2821.875	2212.5	NaN	NaN	NaN	1	0	0	0	0	1	1	0	0	0	0	0	1	1	0	0	0	1	1	1	0	1	1	1	0	151.0	0.097	0.279	NaN	NaN	0.231	0.62	NaN	NaN	6.93	21.7	NaN	NaN	0.0	"2.5"	"F0034"	1	1	"PR"	504.999	"reverse-f"	11.406	2	1	0	1956.552	0.0	2057.173	null	2562.793	0.086
12.5	0.024475	18375.0	2821.875	2268.75	NaN	NaN	NaN	0	0	0	0	0	1	1	0	0	0	0	0	1	0	0	0	0	1	1	1	0	1	1	1	0	150.0	0.097	0.285	NaN	NaN	0.231	0.633	NaN	NaN	6.93	22.155	NaN	NaN	0.0	"2.5"	"F0034"	1	1	"PR"	514.942	"reverse"	21.349	2	1	0	1956.552	0.0	2057.173	null	2572.736	0.09
9.9	0.027225	18187.5	2812.5	2296.875	NaN	NaN	NaN	0	0	0	0	0	1	1	0	0	0	0	0	1	0	0	0	0	1	1	1	0	1	1	1	0	119.0	0.096	0.288	NaN	NaN	0.229	0.64	NaN	NaN	6.87	22.4	NaN	NaN	0.0	"2.5"	"F0034"	1	1	"PR"	524.986	"reverse"	31.393	2	1	0	1956.552	0.0	2057.173	null	2582.78	0.09
13.2	0.031075	17812.5	2803.125	2278.125	NaN	NaN	NaN	0	0	0	0	0	1	1	0	0	0	0	0	1	0	0	0	0	1	1	1	0	1	1	1	0	158.0	0.095	0.286	NaN	NaN	0.226	0.636	NaN	NaN	6.78	22.26	NaN	NaN	0.0	"2.5"	"F0034"	1	1	"PR"	535.024	"reverse"	41.431	2	1	0	1956.552	0.0	2057.173	null	2592.818	0.083
12.6	0.03465	18750.0	2850.0	2287.5	NaN	NaN	NaN	0	0	0	0	0	1	1	0	0	0	0	0	1	0	0	0	0	1	1	1	0	1	1	1	0	151.0	0.1	0.287	NaN	NaN	0.238	0.638	NaN	NaN	7.14	22.33	NaN	NaN	0.0	"2.5"	"F0034"	1	1	"PR"	545.063	"reverse"	51.47	2	1	0	1956.552	0.0	2057.173	null	2602.857	0.084
13.0	0.037675	18375.0	2821.875	2259.375	NaN	NaN	NaN	0	0	0	0	0	1	1	0	0	0	0	0	1	0	0	0	0	1	1	1	0	1	1	1	0	156.0	0.097	0.284	NaN	NaN	0.231	0.631	NaN	NaN	6.93	22.085	NaN	NaN	0.0	"2.5"	"F0034"	1	1	"PR"	555.103	"reverse"	61.51	2	1	0	1956.552	0.0	2057.173	null	2612.897	0.083
12.3	0.0396	17625.0	2868.75	2259.375	NaN	NaN	NaN	0	0	0	0	0	1	1	0	0	0	0	0	1	0	0	0	0	1	1	1	0	1	1	1	0	148.0	0.102	0.284	NaN	NaN	0.243	0.631	NaN	NaN	7.29	22.085	NaN	NaN	0.0	"2.5"	"F0034"	1	1	"PR"	564.941	"reverse"	71.348	2	1	0	1956.552	0.0	2057.173	null	2622.735	0.089
12.6	0.0418	17625.0	2821.875	2268.75	NaN	NaN	NaN	0	0	0	0	0	1	1	0	0	0	0	0	1	0	0	0	0	1	1	1	0	1	1	1	0	151.0	0.097	0.285	NaN	NaN	0.231	0.633	NaN	NaN	6.93	22.155	NaN	NaN	0.0	"2.5"	"F0034"	1	1	"PR"	574.979	"reverse"	81.386	2	1	0	1956.552	0.0	2057.173	null	2632.773	0.092
13.0	0.043725	18375.0	2803.125	2268.75	NaN	NaN	NaN	0	0	0	0	0	1	1	0	0	0	0	0	1	0	0	0	0	1	1	1	0	1	1	1	0	156.0	0.095	0.285	NaN	NaN	0.226	0.633	NaN	NaN	6.78	22.155	NaN	NaN	0.0	"2.5"	"F0034"	1	1	"PR"	585.017	"reverse"	91.424	2	1	0	1956.552	0.0	2057.173	null	2642.811	0.089
12.9	0.044275	18937.5	2812.5	2259.375	NaN	NaN	NaN	0	0	0	0	0	1	1	0	0	0	0	0	1	0	0	0	0	1	1	1	0	1	1	1	0	155.0	0.096	0.284	NaN	NaN	0.229	0.631	NaN	NaN	6.87	22.085	NaN	NaN	0.0	"2.5"	"F0034"	1	1	"PR"	595.055	"reverse"	101.462	2	1	0	1956.552	0.0	2057.173	null	2652.849	0.087
11.9	0.044275	19125.0	2840.625	2259.375	NaN	NaN	NaN	0	0	0	0	0	1	1	0	0	0	0	0	1	0	0	0	0	1	1	1	0	1	1	1	0	143.0	0.099	0.284	NaN	NaN	0.236	0.631	NaN	NaN	7.08	22.085	NaN	NaN	0.0	"2.5"	"F0034"	1	1	"PR"	605.097	"reverse"	111.504	2	1	0	1956.552	0.0	2057.173	null	2662.891	0.089
11.8	0.0451	19312.5	2821.875	2259.375	NaN	NaN	NaN	0	0	0	0	0	1	1	0	0	0	0	0	1	0	0	0	0	1	1	1	0	1	1	1	0	142.0	0.097	0.284	NaN	NaN	0.231	0.631	NaN	NaN	6.93	22.085	NaN	NaN	0.0	"2.5"	"F0034"	1	1	"PR"	615.135	"reverse"	121.542	2	1	0	1956.552	0.0	2057.173	null	2672.929	0.089
13.9	0.04565	18000.0	2831.25	2278.125	NaN	NaN	NaN	0	0	0	0	0	1	1	0	0	0	0	0	1	0	0	0	0	1	1	1	0	1	1	1	0	167.0	0.098	0.286	NaN	NaN	0.233	0.636	NaN	NaN	6.99	22.26	NaN	NaN	0.0	"2.5"	"F0034"	1	1	"PR"	625.175	"reverse"	131.582	2	1	0	1956.552	0.0	2057.173	null	2682.969	0.092
11.7	0.0462	18375.0	2850.0	2268.75	NaN	NaN	NaN	0	0	0	0	0	1	1	0	0	0	0	0	1	0	0	0	0	1	1	1	0	1	1	1	0	140.0	0.1	0.285	NaN	NaN	0.238	0.633	NaN	NaN	7.14	22.155	NaN	NaN	0.0	"2.5"	"F0034"	1	1	"PR"	635.211	"reverse"	141.618	2	1	0	1956.552	0.0	2057.173	null	2693.005	0.083
1.4	0.0462	-1875.0	2971.875	2287.5	NaN	NaN	NaN	0	0	0	0	0	0	0	0	0	0	0	0	0	0	0	0	0	0	0	0	1	0	0	0	1	17.0	0.112	0.287	NaN	NaN	0.267	0.638	NaN	NaN	8.01	22.33	NaN	NaN	0.0	"2.5"	"F0034"	0	0	"PR"	645.137	"diffuse"	1.493	2	1	1	1956.552	0.0	2057.173	null	2702.931	0.089
2.4	0.047025	750.0	2981.25	2278.125	NaN	NaN	NaN	0	0	0	0	0	0	0	0	0	0	0	0	0	0	0	0	0	0	0	0	1	0	0	0	1	29.0	0.113	0.286	NaN	NaN	0.269	0.636	NaN	NaN	8.07	22.26	NaN	NaN	0.0	"2.5"	"F0034"	0	0	"PR"	655.179	"diffuse"	11.535	2	1	1	1956.552	0.0	2057.173	null	2712.973	0.091
2.4	0.047025	-375.0	2990.625	2278.125	NaN	NaN	NaN	0	0	0	0	0	0	0	0	0	0	0	0	0	0	0	0	0	0	0	0	1	0	0	0	1	29.0	0.114	0.286	NaN	NaN	0.271	0.636	NaN	NaN	8.13	22.26	NaN	NaN	0.0	"2.5"	"F0034"	0	0	"PR"	665.216	"diffuse"	21.572	2	1	1	1956.552	0.0	2057.173	null	2723.01	0.089
12.7	0.04565	17062.5	2821.875	2296.875	NaN	NaN	NaN	0	0	0	0	0	1	1	0	0	0	0	0	1	0	0	0	0	1	1	1	0	1	1	1	0	152.0	0.097	0.288	NaN	NaN	0.231	0.64	NaN	NaN	6.93	22.4	NaN	NaN	0.0	"2.5"	"F0034"	1	1	"PR"	675.139	"wash-en"	1.494	2	1	1	1956.552	0.0	2057.173	null	2732.933	0.09
12.6	0.0462	20250.0	2850.0	2259.375	NaN	NaN	NaN	0	0	0	0	0	1	1	0	0	0	0	0	1	0	0	0	0	1	1	1	0	1	1	1	0	151.0	0.1	0.284	NaN	NaN	0.238	0.631	NaN	NaN	7.14	22.085	NaN	NaN	0.0	"2.5"	"F0034"	1	1	"PR"	685.181	"wash-en"	11.536	2	1	1	1956.552	0.0	2057.173	null	2742.975	0.092
1.7	0.047575	20250.0	2859.375	2268.75	NaN	NaN	NaN	0	0	0	0	0	1	1	0	0	0	0	0	1	0	0	0	0	0	0	0	1	0	0	0	1	20.0	0.101	0.285	NaN	NaN	0.24	0.633	NaN	NaN	7.2	22.155	NaN	NaN	0.0	"2.5"	"F0034"	0	0	"PR"	695.111	"wash-sc"	1.295	2	1	1	1956.552	0.0	2057.173	null	2752.905	0.084
1.7	0.048675	-1312.5	3018.75	2278.125	NaN	NaN	NaN	0	0	0	0	0	0	0	0	0	0	0	0	0	0	0	0	0	0	0	0	1	0	0	0	1	20.0	0.117	0.286	NaN	NaN	0.279	0.636	NaN	NaN	8.37	22.26	NaN	NaN	0.0	"2.5"	"F0034"	0	0	"PR"	705.145	"diffuse"	1.204	2	1	2	1956.552	0.0	2057.173	null	2762.939	0.09
2.3	0.0484	1125.0	3000.0	2278.125	NaN	NaN	NaN	0	0	0	0	0	0	0	0	0	0	0	0	0	0	0	0	0	0	0	0	1	0	0	0	1	28.0	0.115	0.286	NaN	NaN	0.274	0.636	NaN	NaN	8.22	22.26	NaN	NaN	0.0	"2.5"	"F0034"	0	0	"PR"	715.186	"diffuse"	11.245	2	1	2	1956.552	0.0	2057.173	null	2772.98	0.091
2.0	0.0484	1687.5	3018.75	2278.125	NaN	NaN	NaN	0	0	0	0	0	0	0	0	0	0	0	0	0	0	0	0	0	0	0	0	1	0	0	0	1	24.0	0.117	0.286	NaN	NaN	0.279	0.636	NaN	NaN	8.37	22.26	NaN	NaN	0.0	"2.5"	"F0034"	0	0	"PR"	725.222	"diffuse"	21.281	2	1	2	1956.552	0.0	2057.173	null	2783.016	0.09
12.6	0.0484	10500.0	2728.125	2259.375	NaN	NaN	NaN	0	0	0	0	0	1	1	0	0	0	0	0	1	0	0	0	0	1	1	1	0	1	1	1	0	151.0	0.088	0.284	NaN	NaN	0.21	0.631	NaN	NaN	6.3	22.085	NaN	NaN	0.0	"2.5"	"F0034"	1	1	"PR"	735.147	"wash-en"	1.09	2	1	2	1956.552	0.0	2057.173	null	2792.941	0.086
12.3	0.048125	20437.5	2821.875	2259.375	NaN	NaN	NaN	0	0	0	0	0	1	1	0	0	0	0	0	1	0	0	0	0	1	1	1	0	1	1	1	0	148.0	0.097	0.284	NaN	NaN	0.231	0.631	NaN	NaN	6.93	22.085	NaN	NaN	0.0	"2.5"	"F0034"	1	1	"PR"	745.185	"wash-en"	11.128	2	1	2	1956.552	0.0	2057.173	null	2802.979	0.088
1.1	0.0484	19875.0	2793.75	2315.625	NaN	NaN	NaN	0	0	0	0	0	1	1	0	0	0	0	0	1	0	0	0	0	0	0	0	1	0	0	0	1	13.0	0.094	0.29	NaN	NaN	0.224	0.644	NaN	NaN	6.72	22.54	NaN	NaN	0.0	"2.5"	"F0034"	0	0	"PR"	755.315	"wash-sc"	1.095	2	1	2	1956.552	0.0	2057.173	null	2813.109	0.09
2.1	0.048675	-1875.0	3018.75	2268.75	NaN	NaN	NaN	0	0	0	0	0	0	0	0	0	0	0	0	0	0	0	0	0	0	0	0	1	0	0	0	1	25.0	0.117	0.285	NaN	NaN	0.279	0.633	NaN	NaN	8.37	22.155	NaN	NaN	0.0	"2.5"	"F0034"	0	0	"PR"	765.154	"diffuse"	0.804	2	1	3	1956.552	0.0	2057.173	null	2822.948	0.086
1.8	0.0495	937.5	3000.0	2278.125	NaN	NaN	NaN	0	0	0	0	0	0	0	0	0	0	0	0	0	0	0	0	0	0	0	0	1	0	0	0	1	22.0	0.115	0.286	NaN	NaN	0.274	0.636	NaN	NaN	8.22	22.26	NaN	NaN	0.0	"2.5"	"F0034"	0	0	"PR"	775.195	"diffuse"	10.845	2	1	3	1956.552	0.0	2057.173	null	2832.989	0.087
1.8	0.048675	187.5	3009.375	2278.125	NaN	NaN	NaN	0	0	0	0	0	0	0	0	0	0	0	0	0	0	0	0	0	0	0	0	1	0	0	0	1	22.0	0.116	0.286	NaN	NaN	0.276	0.636	NaN	NaN	8.28	22.26	NaN	NaN	0.0	"2.5"	"F0034"	0	0	"PR"	785.233	"diffuse"	20.883	2	1	3	1956.552	0.0	2057.173	null	2843.027	0.086
12.6	0.048675	10687.5	2896.875	2268.75	NaN	NaN	NaN	0	0	0	0	0	1	1	0	0	0	0	0	1	0	0	0	0	1	1	1	0	1	1	1	0	151.0	0.105	0.285	NaN	NaN	0.25	0.633	NaN	NaN	7.5	22.155	NaN	NaN	0.0	"2.5"	"F0034"	1	1	"PR"	795.367	"wash-en"	0.898	2	1	3	1956.552	0.0	2057.173	null	2853.161	0.092
13.3	0.048125	19687.5	2812.5	2250.0	NaN	NaN	NaN	0	0	0	0	0	1	1	0	0	0	0	0	1	0	0	0	0	1	1	1	0	1	1	1	0	160.0	0.096	0.283	NaN	NaN	0.229	0.629	NaN	NaN	6.87	22.015	NaN	NaN	0.0	"2.5"	"F0034"	1	1	"PR"	805.204	"wash-en"	10.735	2	1	3	1956.552	0.0	2057.173	null	2862.998	0.083
0.3	0.0484	20625.0	2821.875	2278.125	NaN	NaN	NaN	0	0	0	0	0	1	1	0	0	0	0	0	1	0	0	0	0	0	0	0	1	0	0	0	1	4.0	0.097	0.286	NaN	NaN	0.231	0.636	NaN	NaN	6.93	22.26	NaN	NaN	0.0	"2.5"	"F0034"	0	0	"PR"	815.336	"wash-sc"	0.694	2	1	3	1956.552	0.0	2057.173	null	2873.13	0.084
1.0	0.049225	-2625.0	3037.5	2278.125	NaN	NaN	NaN	0	0	0	0	0	0	0	0	0	0	0	0	0	0	0	0	0	0	0	0	1	0	0	0	1	12.0	0.119	0.286	NaN	NaN	0.283	0.636	NaN	NaN	8.49	22.26	NaN	NaN	0.0	"2.5"	"F0034"	0	0	"PR"	825.37	"diffuse"	0.602	2	1	4	1956.552	0.0	2057.173	null	2883.164	0.089
1.3	0.049225	0.0	3009.375	2278.125	NaN	NaN	NaN	0	0	0	0	0	0	0	0	0	0	0	0	0	0	0	0	0	0	0	0	1	0	0	0	1	16.0	0.116	0.286	NaN	NaN	0.276	0.636	NaN	NaN	8.28	22.26	NaN	NaN	0.0	"2.5"	"F0034"	0	0	"PR"	835.411	"diffuse"	10.643	2	1	4	1956.552	0.0	2057.173	null	2893.205	0.089
1.7	0.049775	187.5	2990.625	2278.125	NaN	NaN	NaN	0	0	0	0	0	0	0	0	0	0	0	0	0	0	0	0	0	0	0	0	1	0	0	0	1	20.0	0.114	0.286	NaN	NaN	0.271	0.636	NaN	NaN	8.13	22.26	NaN	NaN	0.0	"2.5"	"F0034"	0	0	"PR"	845.253	"diffuse"	20.485	2	1	4	1956.552	0.0	2057.173	null	2903.047	0.083
1.6	0.049775	1312.5	3009.375	2306.25	NaN	NaN	NaN	0	0	0	0	0	1	1	0	0	0	0	0	1	0	0	0	0	1	1	1	0	1	1	1	0	19.0	0.116	0.289	NaN	NaN	0.276	0.642	NaN	NaN	8.28	22.47	NaN	NaN	0.0	"2.5"	"F0034"	1	1	"PR"	855.093	"wash-en"	0.2	2	1	4	1956.552	0.0	2057.173	null	2912.887	0.092
12.0	0.048675	19312.5	2821.875	2268.75	NaN	NaN	NaN	0	0	0	0	0	1	1	0	0	0	0	0	1	0	0	0	0	1	1	1	0	1	1	1	0	144.0	0.097	0.285	NaN	NaN	0.231	0.633	NaN	NaN	6.93	22.155	NaN	NaN	0.0	"2.5"	"F0034"	1	1	"PR"	865.426	"wash-en"	10.533	2	1	4	1956.552	0.0	2057.173	null	2923.22	0.083
12.3	0.04895	17250.0	2821.875	2259.375	NaN	NaN	NaN	0	0	0	0	0	1	1	0	0	0	0	0	1	0	0	0	0	0	0	0	1	0	0	0	1	148.0	0.097	0.284	NaN	NaN	0.231	0.631	NaN	NaN	6.93	22.085	NaN	NaN	0.0	"2.5"	"F0034"	0	0	"PR"	875.268	"wash-sc"	0.201	2	1	4	1956.552	0.0	2057.173	null	2933.062	0.092
0.8	0.0495	20437.5	2859.375	2259.375	NaN	NaN	NaN	0	0	0	0	1	0	0	0	0	0	0	0	0	0	0	0	0	0	0	0	1	0	0	0	1	10.0	0.101	0.284	NaN	NaN	0.24	0.631	NaN	NaN	7.2	22.085	NaN	NaN	0.0	"2.5"	"F0034"	0	0	"PR"	885.398	"drain-rg"	0.201	2	1	4	1956.552	0.0	2057.173	null	2943.192	0.091
1.0	0.0495	-562.5	2456.25	2278.125	NaN	NaN	NaN	0	0	0	0	1	0	0	0	0	0	0	0	0	0	0	0	0	0	0	0	1	0	0	0	1	12.0	0.061	0.286	NaN	NaN	0.145	0.636	NaN	NaN	4.35	22.26	NaN	NaN	0.0	"2.5"	"F0034"	0	0	"PR"	895.439	"drain-rg"	10.242	2	1	4	1956.552	0.0	2057.173	null	2953.233	0.086
1.0	0.049225	187.5	2109.375	2278.125	NaN	NaN	NaN	0	0	0	0	1	0	0	0	0	0	0	0	0	0	0	0	0	0	0	0	1	0	0	0	1	12.0	0.026	0.286	NaN	NaN	0.062	0.636	NaN	NaN	1.86	22.26	NaN	NaN	0.0	"2.5"	"F0034"	0	0	"PR"	905.477	"drain-rg"	20.28	2	1	4	1956.552	0.0	2057.173	null	2963.271	0.088
1.0	0.049775	1125.0	1734.375	2278.125	NaN	NaN	NaN	0	0	0	0	1	0	0	0	0	0	0	0	0	0	0	0	0	0	0	0	1	0	0	0	1	12.0	-0.012	0.286	NaN	NaN	-0.029	0.636	NaN	NaN	-0.87	22.26	NaN	NaN	0.0	"2.5"	"F0034"	0	0	"PR"	915.513	"drip-rg"	3.011	2	1	4	1956.552	0.0	2057.173	null	2973.307	0.086
1.2	0.049225	937.5	9.375	2268.75	NaN	NaN	NaN	0	0	0	0	1	0	0	0	0	0	0	0	0	0	0	0	0	0	0	0	1	0	0	0	1	14.0	-0.184	0.285	NaN	NaN	-0.438	0.633	NaN	NaN	-13.14	22.155	NaN	NaN	0.0	"2.5"	"F0034"	0	0	"PR"	925.353	"drip-rg"	12.851	2	1	4	1956.552	0.0	2057.173	null	2983.147	0.089
1.2	0.04895	18562.5	1771.875	2118.75	NaN	NaN	NaN	0	0	1	0	0	1	0	0	0	0	0	0	1	0	0	0	0	0	0	0	1	0	0	0	1	14.0	-0.008	0.27	NaN	NaN	-0.019	0.6	NaN	NaN	-0.57	21.0	NaN	NaN	0.0	"2.5"	"F0034"	0	0	"FR"	7.042	"fill-rg-di"	6.841	3	1	0	2985.558	0.0	2057.173	null	2993.223	0.084
1.7	0.0484	18750.0	2203.125	1846.875	NaN	NaN	NaN	0	0	1	0	0	1	0	0	0	0	0	0	1	0	0	0	0	0	0	0	1	0	0	0	1	20.0	0.035	0.243	NaN	NaN	0.083	0.54	NaN	NaN	2.49	18.9	NaN	NaN	0.0	"2.5"	"F0034"	0	0	"FR"	17.08	"fill-rg-di"	16.879	3	1	0	2985.558	0.0	2057.173	null	3003.261	0.088
1.2	0.048125	19125.0	2531.25	1584.375	NaN	NaN	NaN	0	0	1	0	0	1	0	0	0	0	0	0	1	0	0	0	0	0	0	0	1	0	0	0	1	14.0	0.068	0.216	NaN	NaN	0.162	0.48	NaN	NaN	4.86	16.8	NaN	NaN	0.0	"2.5"	"F0034"	0	0	"FR"	27.118	"fill-rg-di"	26.917	3	1	0	2985.558	0.0	2057.173	null	3013.299	0.083
0.4	0.0462	19125.0	2831.25	1340.625	NaN	NaN	NaN	0	0	1	0	0	1	0	0	0	0	0	0	1	0	0	0	0	0	0	0	1	0	0	0	1	5.0	0.098	0.192	NaN	NaN	0.233	0.427	NaN	NaN	6.99	14.945	NaN	NaN	0.0	"2.5"	"F0034"	0	0	"FR"	37.157	"fill-rg-di"	36.956	3	1	0	2985.558	0.0	2057.173	null	3023.338	0.086
0.9	0.0451	20250.0	3150.0	1068.75	NaN	NaN	NaN	0	0	1	0	0	1	0	0	0	0	0	0	1	0	0	0	0	0	0	0	1	0	0	0	1	11.0	0.13	0.165	NaN	NaN	0.31	0.367	NaN	NaN	9.3	12.845	NaN	NaN	0.0	"2.5"	"F0034"	0	0	"FR"	47.195	"fill-rg-di"	46.994	3	1	0	2985.558	0.0	2057.173	null	3033.376	0.088
1.2	0.044275	1312.5	2746.875	1031.25	NaN	NaN	NaN	0	0	0	0	1	0	0	0	0	0	0	0	0	0	0	0	0	0	0	0	1	0	0	0	1	14.0	0.09	0.161	NaN	NaN	0.214	0.358	NaN	NaN	6.42	12.53	NaN	NaN	0.0	"2.5"	"F0034"	0	0	"FR"	57.031	"drain-rg"	7.026	3	1	0	2985.558	0.0	2057.173	null	3043.212	0.083
0.6	0.04455	1875.0	2400.0	993.75	NaN	NaN	NaN	0	0	0	0	1	0	0	0	0	0	0	0	0	0	0	0	0	0	0	0	1	0	0	0	1	7.0	0.055	0.157	NaN	NaN	0.131	0.349	NaN	NaN	3.93	12.215	NaN	NaN	0.0	"2.5"	"F0034"	0	0	"FR"	67.067	"drain-rg"	17.062	3	1	0	2985.558	0.0	2057.173	null	3053.248	0.083
1.5	0.044825	937.5	2025.0	1012.5	NaN	NaN	NaN	0	0	0	0	1	0	0	0	0	0	0	0	0	0	0	0	0	0	0	0	1	0	0	0	1	18.0	0.018	0.159	NaN	NaN	0.043	0.353	NaN	NaN	1.29	12.355	NaN	NaN	0.0	"2.5"	"F0034"	0	0	"FR"	77.102	"drain-rg"	27.097	3	1	0	2985.558	0.0	2057.173	null	3063.283	0.087
1.3	0.04455	937.5	1696.875	993.75	NaN	NaN	NaN	0	0	0	0	1	0	0	0	0	0	0	0	0	0	0	0	0	0	0	0	1	0	0	0	1	16.0	-0.015	0.157	NaN	NaN	-0.036	0.349	NaN	NaN	-1.08	12.215	NaN	NaN	0.0	"2.5"	"F0034"	0	0	"FR"	87.136	"drip-rg"	4.215	3	1	0	2985.558	0.0	2057.173	null	3073.317	0.083
1.4	0.04455	2250.0	0.0	993.75	NaN	NaN	NaN	0	0	0	0	1	0	0	0	0	0	0	0	0	0	0	0	0	0	0	0	1	0	0	0	1	17.0	-0.185	0.157	NaN	NaN	-0.44	0.349	NaN	NaN	-13.2	12.215	NaN	NaN	0.0	"2.5"	"F0034"	0	0	"FR"	97.169	"drip-rg"	14.248	3	1	0	2985.558	0.0	2057.173	null	3083.35	0.084
1.2	0.04345	19312.5	1846.875	796.875	NaN	NaN	NaN	0	0	1	0	0	1	0	0	0	0	0	0	1	0	0	0	0	0	0	0	1	0	0	0	1	14.0	-0.0	0.138	NaN	NaN	-0.0	0.307	NaN	NaN	-0.0	10.745	NaN	NaN	0.0	"2.5"	"F0034"	0	0	"PR"	8.448	"fill-rg-di"	8.248	3	0	0	2985.558	0.0	3084.355	null	3093.424	0.084
2.5	0.0418	18187.5	2231.25	534.375	NaN	NaN	NaN	0	0	1	0	0	1	0	0	0	0	0	0	1	0	0	0	0	0	0	0	1	0	0	0	1	30.0	0.038	0.111	NaN	NaN	0.09	0.247	NaN	NaN	2.7	8.645	NaN	NaN	0.0	"2.5"	"F0034"	0	0	"PR"	18.484	"fill-rg-di"	18.284	3	0	0	2985.558	0.0	3084.355	null	3103.46	0.085
0.6	0.0396	19687.5	2587.5	271.875	NaN	NaN	NaN	0	0	1	0	0	1	0	0	0	0	0	0	1	0	0	0	0	0	0	0	1	0	0	0	1	7.0	0.074	0.085	NaN	NaN	0.176	0.189	NaN	NaN	5.28	6.615	NaN	NaN	0.0	"2.5"	"F0034"	0	0	"PR"	28.32	"fill-rg-di"	28.12	3	0	0	2985.558	0.0	3084.355	null	3113.296	0.087
1.0	0.038225	750.0	2821.875	112.5	NaN	NaN	NaN	1	0	0	0	0	0	0	0	0	0	0	0	0	1	0	0	0	0	0	0	1	0	0	0	1	12.0	0.097	0.069	NaN	NaN	0.231	0.153	NaN	NaN	6.93	5.355	NaN	NaN	0.0	"2.5"	"F0034"	0	0	"PR"	38.355	"fill-di-lb"	1.806	3	0	0	2985.558	0.0	3084.355	null	3123.331	0.086
2.7	0.039325	1500.0	2803.125	450.0	NaN	NaN	NaN	1	0	0	0	0	0	0	0	0	0	0	0	0	1	0	0	0	0	0	0	1	0	0	0	1	32.0	0.095	0.103	NaN	NaN	0.226	0.229	NaN	NaN	6.78	8.015	NaN	NaN	0.0	"2.5"	"F0034"	0	0	"PR"	48.397	"fill-di-lb"	11.848	3	0	0	2985.558	0.0	3084.355	null	3133.373	0.086
1.6	0.038225	1312.5	2821.875	759.375	NaN	NaN	NaN	1	0	0	0	0	0	0	0	0	0	0	0	0	1	0	0	0	0	0	0	1	0	0	0	1	19.0	0.097	0.134	NaN	NaN	0.231	0.298	NaN	NaN	6.93	10.43	NaN	NaN	0.0	"2.5"	"F0034"	0	0	"PR"	58.437	"fill-di-lb"	21.888	3	0	0	2985.558	0.0	3084.355	null	3143.413	0.083
0.6	0.038225	1500.0	2821.875	1068.75	NaN	NaN	NaN	1	0	0	0	0	0	0	0	0	0	0	0	0	1	0	0	0	0	0	0	1	0	0	0	1	7.0	0.097	0.165	NaN	NaN	0.231	0.367	NaN	NaN	6.93	12.845	NaN	NaN	0.0	"2.5"	"F0034"	0	0	"PR"	68.478	"fill-di-lb"	31.929	3	0	0	2985.558	0.0	3084.355	null	3153.454	0.083
1.8	0.038225	1500.0	2821.875	1378.125	NaN	NaN	NaN	1	0	0	0	0	0	0	0	0	0	0	0	0	1	0	0	0	0	0	0	1	0	0	0	1	22.0	0.097	0.196	NaN	NaN	0.231	0.436	NaN	NaN	6.93	15.26	NaN	NaN	0.0	"2.5"	"F0034"	0	0	"PR"	78.516	"fill-di-lb"	41.967	3	0	0	2985.558	0.0	3084.355	null	3163.492	0.083
0.6	0.038225	1875.0	2821.875	1687.5	NaN	NaN	NaN	1	0	0	0	0	0	0	0	0	0	0	0	0	1	0	0	0	0	0	0	1	0	0	0	1	7.0	0.097	0.227	NaN	NaN	0.231	0.504	NaN	NaN	6.93	17.64	NaN	NaN	0.0	"2.5"	"F0034"	0	0	"PR"	88.553	"fill-di-lb"	52.004	3	0	0	2985.558	0.0	3084.355	null	3173.529	0.083
1.3	0.0385	1687.5	2812.5	2015.625	NaN	NaN	NaN	1	0	0	0	0	0	0	0	0	0	0	0	0	1	0	0	0	0	0	0	1	0	0	0	1	16.0	0.096	0.26	NaN	NaN	0.229	0.578	NaN	NaN	6.87	20.23	NaN	NaN	0.0	"2.5"	"F0034"	0	0	"PR"	98.393	"fill-di-lb"	61.844	3	0	0	2985.558	0.0	3084.355	null	3183.369	0.09
1.8	0.037675	19875.0	2878.125	2203.125	NaN	NaN	NaN	0	0	1	0	0	1	0	0	0	0	0	0	1	0	0	0	0	0	0	0	1	0	0	0	1	22.0	0.103	0.278	NaN	NaN	0.245	0.618	NaN	NaN	7.35	21.63	NaN	NaN	0.0	"2.5"	"F0034"	0	0	"PR"	108.433	"fill-rg-di"	2.409	3	0	0	2985.558	0.0	3084.355	null	3193.409	0.087
12.3	0.037125	25312.5	2953.125	2578.125	NaN	NaN	NaN	0	1	1	0	0	0	0	0	0	0	0	0	1	0	0	0	0	1	1	1	0	1	1	1	0	148.0	0.11	0.316	NaN	NaN	0.262	0.702	NaN	NaN	7.86	24.57	NaN	NaN	0.0	"2.5"	"F0034"	1	1	"PR"	118.483	"deionize"	3.627	3	1	0	2985.558	0.0	3084.355	null	3203.459	0.092
12.1	0.03685	24750.0	2962.5	2587.5	NaN	NaN	NaN	0	1	1	0	0	0	0	0	0	0	0	0	1	0	0	0	0	1	1	1	0	1	1	1	0	145.0	0.111	0.317	NaN	NaN	0.264	0.704	NaN	NaN	7.92	24.64	NaN	NaN	0.0	"2.5"	"F0034"	1	1	"PR"	128.52	"deionize"	13.664	3	1	0	2985.558	0.0	3084.355	null	3213.496	0.084
12.9	0.03575	26062.5	2953.125	2512.5	NaN	NaN	NaN	0	1	1	0	0	0	0	0	0	0	0	0	1	0	0	0	0	1	1	1	0	1	1	1	0	155.0	0.11	0.309	NaN	NaN	0.262	0.687	NaN	NaN	7.86	24.045	NaN	NaN	0.0	"2.5"	"F0034"	1	1	"PR"	138.556	"deionize"	23.7	3	1	0	2985.558	0.0	3084.355	null	3223.532	0.084
12.1	0.0352	25312.5	2971.875	2587.5	NaN	NaN	NaN	0	1	1	0	0	0	0	0	0	0	0	0	1	0	0	0	0	1	1	1	0	1	1	1	0	145.0	0.112	0.317	NaN	NaN	0.267	0.704	NaN	NaN	8.01	24.64	NaN	NaN	0.0	"2.5"	"F0034"	1	1	"PR"	148.594	"deionize"	33.738	3	1	0	2985.558	0.0	3084.355	null	3233.57	0.087
12.6	0.034925	26625.0	2962.5	2596.875	NaN	NaN	NaN	0	1	1	0	0	0	0	0	0	0	0	0	1	0	0	0	0	1	1	1	0	1	1	1	0	151.0	0.111	0.318	NaN	NaN	0.264	0.707	NaN	NaN	7.92	24.745	NaN	NaN	0.0	"2.5"	"F0034"	1	1	"PR"	158.625	"deionize"	43.769	3	1	0	2985.558	0.0	3084.355	null	3243.601	0.084
12.9	0.033825	26062.5	2962.5	2559.375	NaN	NaN	NaN	0	1	1	0	0	0	0	0	0	0	0	0	1	0	0	0	0	1	1	1	0	1	1	1	0	155.0	0.111	0.314	NaN	NaN	0.264	0.698	NaN	NaN	7.92	24.43	NaN	NaN	0.0	"2.5"	"F0034"	1	1	"PR"	168.657	"deionize"	53.801	3	1	0	2985.558	0.0	3084.355	null	3253.633	0.084
12.1	0.033825	26625.0	2971.875	2606.25	NaN	NaN	NaN	0	1	1	0	0	0	0	0	0	0	0	0	1	0	0	0	0	1	1	1	0	1	1	1	0	145.0	0.112	0.319	NaN	NaN	0.267	0.709	NaN	NaN	8.01	24.815	NaN	NaN	0.0	"2.5"	"F0034"	1	1	"PR"	178.495	"deionize"	63.639	3	1	0	2985.558	0.0	3084.355	null	3263.471	0.092
13.0	0.033275	27562.5	2971.875	2540.625	NaN	NaN	NaN	0	1	1	0	0	0	0	0	0	0	0	0	1	0	0	0	0	1	1	1	0	1	1	1	0	156.0	0.112	0.312	NaN	NaN	0.267	0.693	NaN	NaN	8.01	24.255	NaN	NaN	0.0	"2.5"	"F0034"	1	1	"PR"	188.528	"deionize"	73.672	3	1	0	2985.558	0.0	3084.355	null	3273.504	0.09
11.9	0.033275	25687.5	2953.125	2550.0	NaN	NaN	NaN	0	1	1	0	0	0	0	0	0	0	0	0	1	0	0	0	0	1	1	1	0	1	1	1	0	143.0	0.11	0.313	NaN	NaN	0.262	0.696	NaN	NaN	7.86	24.36	NaN	NaN	0.0	"2.5"	"F0034"	1	1	"PR"	198.563	"deionize"	83.707	3	1	0	2985.558	0.0	3084.355	null	3283.539	0.09
12.6	0.03355	25312.5	2971.875	2578.125	NaN	NaN	NaN	0	1	1	0	0	0	0	0	0	0	0	0	1	0	0	0	0	1	1	1	0	1	1	1	0	151.0	0.112	0.316	NaN	NaN	0.267	0.702	NaN	NaN	8.01	24.57	NaN	NaN	0.0	"2.5"	"F0034"	1	1	"PR"	208.602	"deionize"	93.746	3	1	0	2985.558	0.0	3084.355	null	3293.578	0.091
12.4	0.03245	26062.5	2962.5	2625.0	NaN	NaN	NaN	0	1	1	0	0	0	0	0	0	0	0	0	1	0	0	0	0	1	1	1	0	1	1	1	0	149.0	0.111	0.321	NaN	NaN	0.264	0.713	NaN	NaN	7.92	24.955	NaN	NaN	0.0	"2.5"	"F0034"	1	1	"PR"	218.635	"deionize"	103.779	3	1	0	2985.558	0.0	3084.355	null	3303.611	0.09
12.6	0.033	27562.5	2953.125	2578.125	NaN	NaN	NaN	0	1	1	0	0	0	0	0	0	0	0	0	1	0	0	0	0	1	1	1	0	1	1	1	0	151.0	0.11	0.316	NaN	NaN	0.262	0.702	NaN	NaN	7.86	24.57	NaN	NaN	0.0	"2.5"	"F0034"	1	1	"PR"	228.67	"deionize"	113.814	3	1	0	2985.558	0.0	3084.355	null	3313.646	0.087
12.4	0.032175	26625.0	2953.125	2559.375	NaN	NaN	NaN	0	1	1	0	0	0	0	0	0	0	0	0	1	0	0	0	0	1	1	1	0	1	1	1	0	149.0	0.11	0.314	NaN	NaN	0.262	0.698	NaN	NaN	7.86	24.43	NaN	NaN	0.0	"2.5"	"F0034"	1	1	"PR"	238.711	"deionize"	123.855	3	1	0	2985.558	0.0	3084.355	null	3323.687	0.09
11.7	0.031625	25500.0	2971.875	2568.75	NaN	NaN	NaN	0	1	1	0	0	0	0	0	0	0	0	0	1	0	0	0	0	1	1	1	0	1	1	1	0	140.0	0.112	0.315	NaN	NaN	0.267	0.7	NaN	NaN	8.01	24.5	NaN	NaN	0.0	"2.5"	"F0034"	1	1	"PR"	248.741	"deionize"	133.885	3	1	0	2985.558	0.0	3084.355	null	3333.717	0.09
11.5	0.03135	26062.5	2962.5	2550.0	NaN	NaN	NaN	0	1	1	0	0	0	0	0	0	0	0	0	1	0	0	0	0	1	1	1	0	1	1	1	0	138.0	0.111	0.313	NaN	NaN	0.264	0.696	NaN	NaN	7.92	24.36	NaN	NaN	0.0	"2.5"	"F0034"	1	1	"PR"	258.576	"deionize"	143.72	3	1	0	2985.558	0.0	3084.355	null	3343.552	0.091
12.8	0.0308	26437.5	2962.5	2596.875	NaN	NaN	NaN	0	1	1	0	0	0	0	0	0	0	0	0	1	0	0	0	0	1	1	1	0	1	1	1	0	154.0	0.111	0.318	NaN	NaN	0.264	0.707	NaN	NaN	7.92	24.745	NaN	NaN	0.0	"2.5"	"F0034"	1	1	"PR"	268.613	"deionize"	153.757	3	1	0	2985.558	0.0	3084.355	null	3353.589	0.09
12.3	0.030525	28312.5	2971.875	2550.0	NaN	NaN	NaN	0	1	1	0	0	0	0	0	0	0	0	0	1	0	0	0	0	1	1	1	0	1	1	1	0	148.0	0.112	0.313	NaN	NaN	0.267	0.696	NaN	NaN	8.01	24.36	NaN	NaN	0.0	"2.5"	"F0034"	1	1	"PR"	278.646	"deionize"	163.79	3	1	0	2985.558	0.0	3084.355	null	3363.622	0.09
11.6	0.029975	25312.5	2962.5	2587.5	NaN	NaN	NaN	0	1	1	0	0	0	0	0	0	0	0	0	1	0	0	0	0	1	1	1	0	1	1	1	0	139.0	0.111	0.317	NaN	NaN	0.264	0.704	NaN	NaN	7.92	24.64	NaN	NaN	0.0	"2.5"	"F0034"	1	1	"PR"	288.679	"deionize"	173.823	3	1	0	2985.558	0.0	3084.355	null	3373.655	0.091
11.8	0.029425	24187.5	2953.125	2615.625	NaN	NaN	NaN	0	1	1	0	0	0	0	0	0	0	0	0	1	0	0	0	0	1	1	1	0	1	1	1	0	142.0	0.11	0.32	NaN	NaN	0.262	0.711	NaN	NaN	7.86	24.885	NaN	NaN	0.0	"2.5"	"F0034"	1	1	"PR"	298.718	"deionize"	183.862	3	1	0	2985.558	0.0	3084.355	null	3383.694	0.09
11.2	0.02915	25687.5	2953.125	2531.25	NaN	NaN	NaN	0	1	1	0	0	0	0	0	0	0	0	0	1	0	0	0	0	1	1	1	0	1	1	1	0	134.0	0.11	0.311	NaN	NaN	0.262	0.691	NaN	NaN	7.86	24.185	NaN	NaN	0.0	"2.5"	"F0034"	1	1	"PR"	308.752	"deionize"	193.896	3	1	0	2985.558	0.0	3084.355	null	3393.728	0.09
12.4	0.028325	27937.5	2962.5	2540.625	NaN	NaN	NaN	0	1	1	0	0	0	0	0	0	0	0	0	1	0	0	0	0	1	1	1	0	1	1	1	0	149.0	0.111	0.312	NaN	NaN	0.264	0.693	NaN	NaN	7.92	24.255	NaN	NaN	0.0	"2.5"	"F0034"	1	1	"PR"	318.787	"deionize"	203.931	3	1	0	2985.558	0.0	3084.355	null	3403.763	0.089
12.6	0.028875	26625.0	2962.5	2596.875	NaN	NaN	NaN	0	1	1	0	0	0	0	0	0	0	0	0	1	0	0	0	0	1	1	1	0	1	1	1	0	151.0	0.111	0.318	NaN	NaN	0.264	0.707	NaN	NaN	7.92	24.745	NaN	NaN	0.0	"2.5"	"F0034"	1	1	"PR"	328.821	"deionize"	213.965	3	1	0	2985.558	0.0	3084.355	null	3413.797	0.09
12.6	0.028325	25687.5	2943.75	2521.875	NaN	NaN	NaN	0	1	1	0	0	0	0	0	0	0	0	0	1	0	0	0	0	1	1	1	0	1	1	1	0	151.0	0.109	0.31	NaN	NaN	0.26	0.689	NaN	NaN	7.8	24.115	NaN	NaN	0.0	"2.5"	"F0034"	1	1	"PR"	338.655	"deionize"	223.799	3	1	0	2985.558	0.0	3084.355	null	3423.631	0.087
12.5	0.02805	25312.5	2971.875	2568.75	NaN	NaN	NaN	0	1	1	0	0	0	0	0	0	0	0	0	1	0	0	0	0	1	1	1	0	1	1	1	0	150.0	0.112	0.315	NaN	NaN	0.267	0.7	NaN	NaN	8.01	24.5	NaN	NaN	0.0	"2.5"	"F0034"	1	1	"PR"	348.698	"deionize"	233.842	3	1	0	2985.558	0.0	3084.355	null	3433.674	0.089
12.7	0.0275	26062.5	2971.875	2512.5	NaN	NaN	NaN	0	1	1	0	0	0	0	0	0	0	0	0	1	0	0	0	1	1	1	1	0	1	1	1	0	152.0	0.112	0.309	NaN	NaN	0.267	0.687	NaN	NaN	8.01	24.045	NaN	NaN	0.0	"2.5"	"F0034"	1	1	"PR"	358.853	"deionize-uv"	3.934	3	1	0	2985.558	0.0	3084.355	null	3443.829	0.09
12.3	0.02695	26812.5	2962.5	2550.0	NaN	NaN	NaN	0	1	1	0	0	0	0	0	0	0	0	0	1	0	0	0	1	1	1	1	0	1	1	1	0	148.0	0.111	0.313	NaN	NaN	0.264	0.696	NaN	NaN	7.92	24.36	NaN	NaN	0.0	"2.5"	"F0034"	1	1	"PR"	368.692	"deionize-uv"	13.773	3	1	0	2985.558	0.0	3084.355	null	3453.668	0.088
12.1	0.026125	27000.0	2971.875	2568.75	NaN	NaN	NaN	0	1	1	0	0	0	0	0	0	0	0	0	1	0	0	0	1	1	1	1	0	1	1	1	0	145.0	0.112	0.315	NaN	NaN	0.267	0.7	NaN	NaN	8.01	24.5	NaN	NaN	0.0	"2.5"	"F0034"	1	1	"PR"	378.73	"deionize-uv"	23.811	3	1	0	2985.558	0.0	3084.355	null	3463.706	0.086
11.9	0.026125	28125.0	2962.5	2615.625	NaN	NaN	NaN	0	1	1	0	0	0	0	0	0	0	0	0	1	0	0	0	1	1	1	1	0	1	1	1	0	143.0	0.111	0.32	NaN	NaN	0.264	0.711	NaN	NaN	7.92	24.885	NaN	NaN	0.0	"2.5"	"F0034"	1	1	"PR"	388.767	"deionize-uv"	33.848	3	1	0	2985.558	0.0	3084.355	null	3473.743	0.086
11.9	0.025575	27187.5	2934.375	2596.875	NaN	NaN	NaN	0	1	1	0	0	0	0	0	0	0	0	0	1	0	0	0	1	1	1	1	0	1	1	1	0	143.0	0.108	0.318	NaN	NaN	0.257	0.707	NaN	NaN	7.71	24.745	NaN	NaN	0.0	"2.5"	"F0034"	1	1	"PR"	398.804	"deionize-uv"	43.885	3	1	0	2985.558	0.0	3084.355	null	3483.78	0.087
11.6	0.0253	27000.0	2953.125	2625.0	NaN	NaN	NaN	0	1	1	0	0	0	0	0	0	0	0	0	1	0	0	0	1	1	1	1	0	1	1	1	0	139.0	0.11	0.321	NaN	NaN	0.262	0.713	NaN	NaN	7.86	24.955	NaN	NaN	0.0	"2.5"	"F0034"	1	1	"PR"	408.841	"deionize-uv"	53.922	3	1	0	2985.558	0.0	3084.355	null	3493.817	0.086
11.0	0.025575	26437.5	2981.25	2568.75	NaN	NaN	NaN	0	1	1	0	0	0	0	0	0	0	0	0	1	0	0	0	1	1	1	1	0	1	1	1	0	132.0	0.113	0.315	NaN	NaN	0.269	0.7	NaN	NaN	8.07	24.5	NaN	NaN	0.0	"2.5"	"F0034"	1	1	"PR"	418.881	"deionize-uv"	63.962	3	1	0	2985.558	0.0	3084.355	null	3503.857	0.092
11.2	0.02475	25687.5	2971.875	2578.125	NaN	NaN	NaN	0	1	1	0	0	0	0	0	0	0	0	0	1	0	0	0	1	1	1	1	0	1	1	1	0	134.0	0.112	0.316	NaN	NaN	0.267	0.702	NaN	NaN	8.01	24.57	NaN	NaN	0.0	"2.5"	"F0034"	1	1	"PR"	428.918	"deionize-uv"	73.999	3	1	0	2985.558	0.0	3084.355	null	3513.894	0.09
11.2	0.024475	24000.0	2953.125	2606.25	NaN	NaN	NaN	0	1	1	0	0	0	0	0	0	0	0	0	1	0	0	0	1	1	1	1	0	1	1	1	0	134.0	0.11	0.319	NaN	NaN	0.262	0.709	NaN	NaN	7.86	24.815	NaN	NaN	0.0	"2.5"	"F0034"	1	1	"PR"	438.957	"deionize-uv"	84.038	3	1	0	2985.558	0.0	3084.355	null	3523.933	0.09
10.7	0.023925	24750.0	2971.875	2568.75	NaN	NaN	NaN	0	1	1	0	0	0	0	0	0	0	0	0	1	0	0	0	1	1	1	1	0	1	1	1	0	128.0	0.112	0.315	NaN	NaN	0.267	0.7	NaN	NaN	8.01	24.5	NaN	NaN	0.0	"2.5"	"F0034"	1	1	"PR"	448.797	"deionize-uv"	93.878	3	1	0	2985.558	0.0	3084.355	null	3533.773	0.085
11.0	0.0242	26437.5	2943.75	2587.5	NaN	NaN	NaN	0	1	1	0	0	0	0	0	0	0	0	0	1	0	0	0	1	1	1	1	0	1	1	1	0	132.0	0.109	0.317	NaN	NaN	0.26	0.704	NaN	NaN	7.8	24.64	NaN	NaN	0.0	"2.5"	"F0034"	1	1	"PR"	458.831	"deionize-uv"	103.912	3	1	0	2985.558	0.0	3084.355	null	3543.807	0.083
10.4	0.024475	26812.5	2962.5	2531.25	NaN	NaN	NaN	0	1	1	0	0	0	0	0	0	0	0	0	1	0	0	0	1	1	1	1	0	1	1	1	0	125.0	0.111	0.311	NaN	NaN	0.264	0.691	NaN	NaN	7.92	24.185	NaN	NaN	0.0	"2.5"	"F0034"	1	1	"PR"	468.869	"deionize-uv"	113.95	3	1	0	2985.558	0.0	3084.355	null	3553.845	0.083
10.4	0.023375	38437.5	2962.5	2184.375	NaN	NaN	NaN	0	0	1	0	0	0	0	1	0	0	0	0	1	0	0	0	1	1	1	1	0	1	1	1	0	125.0	0.111	0.276	NaN	NaN	0.264	0.613	NaN	NaN	7.92	21.455	NaN	NaN	0.0	"2.5"	"F0034"	1	1	"PR"	478.947	"drip-di-1"	2.918	3	1	0	2985.558	0.0	3084.355	null	3563.923	0.09
11.0	0.023375	37687.5	2971.875	1950.0	NaN	NaN	NaN	0	0	1	0	0	0	0	1	0	0	0	0	1	0	0	0	1	1	1	1	0	1	1	1	0	132.0	0.112	0.253	NaN	NaN	0.267	0.562	NaN	NaN	8.01	19.67	NaN	NaN	0.0	"2.5"	"F0034"	1	1	"PR"	488.988	"drip-di-1"	12.959	3	1	0	2985.558	0.0	3084.355	null	3573.964	0.085
-11.8	0.02365	19125.0	2812.5	2118.75	NaN	NaN	NaN	1	0	0	0	0	1	1	0	0	0	0	0	1	1	0	0	0	1	1	0	1	1	1	0	1	-142.0	0.096	0.27	NaN	NaN	0.229	0.6	NaN	NaN	6.87	21.0	NaN	NaN	0.0	"2.5"	"F0034"	1	0	"PR"	498.991	"reverse-f"	7.795	3	1	0	2985.558	0.0	3084.355	null	3583.967	0.086
-12.1	0.025025	19687.5	2821.875	2268.75	NaN	NaN	NaN	0	0	0	0	0	1	1	0	0	0	0	0	1	0	0	0	0	1	1	0	1	1	1	0	1	-145.0	0.097	0.285	NaN	NaN	0.231	0.633	NaN	NaN	6.93	22.155	NaN	NaN	0.0	"2.5"	"F0034"	1	0	"PR"	508.932	"reverse"	17.736	3	1	0	2985.558	0.0	3084.355	null	3593.908	0.087
-12.5	0.02695	19875.0	2821.875	2268.75	NaN	NaN	NaN	0	0	0	0	0	1	1	0	0	0	0	0	1	0	0	0	0	1	1	0	1	1	1	0	1	-150.0	0.097	0.285	NaN	NaN	0.231	0.633	NaN	NaN	6.93	22.155	NaN	NaN	0.0	"2.5"	"F0034"	1	0	"PR"	518.97	"reverse"	27.774	3	1	0	2985.558	0.0	3084.355	null	3603.946	0.086
-11.9	0.03025	20062.5	2821.875	2250.0	NaN	NaN	NaN	0	0	0	0	0	1	1	0	0	0	0	0	1	0	0	0	0	1	1	0	1	1	1	0	1	-143.0	0.097	0.283	NaN	NaN	0.231	0.629	NaN	NaN	6.93	22.015	NaN	NaN	0.0	"2.5"	"F0034"	1	0	"PR"	529.008	"reverse"	37.812	3	1	0	2985.558	0.0	3084.355	null	3613.984	0.084
-12.3	0.033	19875.0	2803.125	2250.0	NaN	NaN	NaN	0	0	0	0	0	1	1	0	0	0	0	0	1	0	0	0	0	1	1	0	1	1	1	0	1	-148.0	0.095	0.283	NaN	NaN	0.226	0.629	NaN	NaN	6.78	22.015	NaN	NaN	0.0	"2.5"	"F0034"	1	0	"PR"	539.049	"reverse"	47.853	3	1	0	2985.558	0.0	3084.355	null	3624.025	0.089
-11.0	0.0352	18937.5	2831.25	2268.75	NaN	NaN	NaN	0	0	0	0	0	1	1	0	0	0	0	0	1	0	0	0	0	1	1	0	1	1	1	0	1	-132.0	0.098	0.285	NaN	NaN	0.233	0.633	NaN	NaN	6.99	22.155	NaN	NaN	0.0	"2.5"	"F0034"	1	0	"PR"	548.888	"reverse"	57.692	3	1	0	2985.558	0.0	3084.355	null	3633.864	0.085
-11.9	0.0374	20062.5	2831.25	2240.625	NaN	NaN	NaN	0	0	0	0	0	1	1	0	0	0	0	0	1	0	0	0	0	1	1	0	1	1	1	0	1	-143.0	0.098	0.282	NaN	NaN	0.233	0.627	NaN	NaN	6.99	21.945	NaN	NaN	0.0	"2.5"	"F0034"	1	0	"PR"	558.925	"reverse"	67.729	3	1	0	2985.558	0.0	3084.355	null	3643.901	0.083
-12.2	0.039325	20812.5	2821.875	2259.375	NaN	NaN	NaN	0	0	0	0	0	1	1	0	0	0	0	0	1	0	0	0	0	1	1	0	1	1	1	0	1	-146.0	0.097	0.284	NaN	NaN	0.231	0.631	NaN	NaN	6.93	22.085	NaN	NaN	0.0	"2.5"	"F0034"	1	0	"PR"	568.963	"reverse"	77.767	3	1	0	2985.558	0.0	3084.355	null	3653.939	0.083
-12.7	0.0407	19125.0	2812.5	2259.375	NaN	NaN	NaN	0	0	0	0	0	1	1	0	0	0	0	0	1	0	0	0	0	1	1	0	1	1	1	0	1	-152.0	0.096	0.284	NaN	NaN	0.229	0.631	NaN	NaN	6.87	22.085	NaN	NaN	0.0	"2.5"	"F0034"	1	0	"PR"	579.008	"reverse"	87.812	3	1	0	2985.558	0.0	3084.355	null	3663.984	0.084
-11.7	0.04125	21187.5	2793.75	2268.75	NaN	NaN	NaN	0	0	0	0	0	1	1	0	0	0	0	0	1	0	0	0	0	1	1	0	1	1	1	0	1	-140.0	0.094	0.285	NaN	NaN	0.224	0.633	NaN	NaN	6.72	22.155	NaN	NaN	0.0	"2.5"	"F0034"	1	0	"PR"	589.045	"reverse"	97.849	3	1	0	2985.558	0.0	3084.355	null	3674.021	0.083
-11.7	0.041525	20437.5	2831.25	2268.75	NaN	NaN	NaN	0	0	0	0	0	1	1	0	0	0	0	0	1	0	0	0	0	1	1	0	1	1	1	0	1	-140.0	0.098	0.285	NaN	NaN	0.233	0.633	NaN	NaN	6.99	22.155	NaN	NaN	0.0	"2.5"	"F0034"	1	0	"PR"	599.087	"reverse"	107.891	3	1	0	2985.558	0.0	3084.355	null	3684.063	0.088
-12.9	0.04235	20062.5	2784.375	2278.125	NaN	NaN	NaN	0	0	0	0	0	1	1	0	0	0	0	0	1	0	0	0	0	1	1	0	1	1	1	0	1	-155.0	0.093	0.286	NaN	NaN	0.221	0.636	NaN	NaN	6.63	22.26	NaN	NaN	0.0	"2.5"	"F0034"	1	0	"PR"	609.124	"reverse"	117.928	3	1	0	2985.558	0.0	3084.355	null	3694.1	0.083
-11.6	0.0429	19875.0	2821.875	2259.375	NaN	NaN	NaN	0	0	0	0	0	1	1	0	0	0	0	0	1	0	0	0	0	1	1	0	1	1	1	0	1	-139.0	0.097	0.284	NaN	NaN	0.231	0.631	NaN	NaN	6.93	22.085	NaN	NaN	0.0	"2.5"	"F0034"	1	0	"PR"	619.162	"reverse"	127.966	3	1	0	2985.558	0.0	3084.355	null	3704.138	0.084
-12.4	0.042625	20812.5	2784.375	2250.0	NaN	NaN	NaN	0	0	0	0	0	1	1	0	0	0	0	0	1	0	0	0	0	1	1	0	1	1	1	0	1	-149.0	0.093	0.283	NaN	NaN	0.221	0.629	NaN	NaN	6.63	22.015	NaN	NaN	0.0	"2.5"	"F0034"	1	0	"PR"	629.003	"reverse"	137.807	3	1	0	2985.558	0.0	3084.355	null	3713.979	0.084
-11.5	0.042625	20250.0	2812.5	2259.375	NaN	NaN	NaN	0	0	0	0	0	1	1	0	0	0	0	0	1	0	0	0	0	1	1	0	1	1	1	0	1	-138.0	0.096	0.284	NaN	NaN	0.229	0.631	NaN	NaN	6.87	22.085	NaN	NaN	0.0	"2.5"	"F0034"	1	0	"PR"	639.043	"reverse"	147.847	3	1	0	2985.558	0.0	3084.355	null	3724.019	0.083
-0.1	0.043175	-375.0	3000.0	2268.75	NaN	NaN	NaN	0	0	0	0	0	0	0	0	0	0	0	0	0	0	0	0	0	0	0	0	1	0	0	0	1	-1.0	0.115	0.285	NaN	NaN	0.274	0.633	NaN	NaN	8.22	22.155	NaN	NaN	0.0	"2.5"	"F0034"	0	0	"PR"	649.172	"diffuse"	7.92	3	1	1	2985.558	0.0	3084.355	null	3734.148	0.083
-1.1	0.0429	750.0	2990.625	2278.125	NaN	NaN	NaN	0	0	0	0	0	0	0	0	0	0	0	0	0	0	0	0	0	0	0	0	1	0	0	0	1	-13.0	0.114	0.286	NaN	NaN	0.271	0.636	NaN	NaN	8.13	22.26	NaN	NaN	0.0	"2.5"	"F0034"	0	0	"PR"	659.211	"diffuse"	17.959	3	1	1	2985.558	0.0	3084.355	null	3744.187	0.086
-0.5	0.04345	1125.0	3000.0	2287.5	NaN	NaN	NaN	0	0	0	0	0	0	0	0	0	0	0	0	0	0	0	0	0	0	0	0	1	0	0	0	1	-6.0	0.115	0.287	NaN	NaN	0.274	0.638	NaN	NaN	8.22	22.33	NaN	NaN	0.0	"2.5"	"F0034"	0	0	"PR"	669.049	"diffuse"	27.797	3	1	1	2985.558	0.0	3084.355	null	3754.025	0.086
-11.2	0.042625	19312.5	2812.5	2268.75	NaN	NaN	NaN	0	0	0	0	0	1	1	0	0	0	0	0	1	0	0	0	0	1	1	0	1	1	1	0	1	-134.0	0.096	0.285	NaN	NaN	0.229	0.633	NaN	NaN	6.87	22.155	NaN	NaN	0.0	"2.5"	"F0034"	1	0	"PR"	679.188	"wash-en"	7.93	3	1	1	2985.558	0.0	3084.355	null	3764.164	0.085
-12.0	0.04345	20625.0	2831.25	2259.375	NaN	NaN	NaN	0	0	0	0	0	1	1	0	0	0	0	0	1	0	0	0	0	1	1	0	1	1	1	0	1	-144.0	0.098	0.284	NaN	NaN	0.233	0.631	NaN	NaN	6.99	22.085	NaN	NaN	0.0	"2.5"	"F0034"	1	0	"PR"	689.224	"wash-en"	17.966	3	1	1	2985.558	0.0	3084.355	null	3774.2	0.086
-0.4	0.044275	19875.0	2840.625	2240.625	NaN	NaN	NaN	0	0	0	0	0	1	1	0	0	0	0	0	1	0	0	0	0	0	0	0	1	0	0	0	1	-5.0	0.099	0.282	NaN	NaN	0.236	0.627	NaN	NaN	7.08	21.945	NaN	NaN	0.0	"2.5"	"F0034"	0	0	"PR"	699.147	"wash-sc"	7.713	3	1	1	2985.558	0.0	3084.355	null	3784.123	0.084
