cur	ec	mod-ps	rg-ps	di-ps	fw1-ps	fw2-ps	pf-ps	vlv-di-fill	vlv-di-in	vlv-di-out	vlv-rg-fill	vlv-rg-drain	vlv-rg-in	vlv-rg-out	vlv-fw1-in	vlv-fw1-out	vlv-fw2-in	vlv-po	vlv-mod-drain	pmp-sys	pmp-di	pmp-fw1	pmp-fw2	uv	en-anode1	en-cath1	pl-anode1	pl-cath1	en-anode2	en-cath2	pl-anode2	pl-cath2	pw	rg-he	di-he	fw1-he	fw2-he	rg-lev	di-lev	fw1-lev	fw2-lev	rg-vol	di-vol	fw1-vol	fw2-vol	pr-ec	ver	sn	mod-en	mod-pl	proc	proc-time	ph	ph-time	count	cyc	rnd	pr-last	rc-last	fr-last	halt-re	time	exec
-1.8	0.048675	20812.5	2840.625	2287.5	NaN	NaN	NaN	0	0	0	0	0	1	1	0	0	0	0	0	1	0	0	0	0	0	0	0	1	0	0	0	1	-22.0	0.099	0.287	NaN	NaN	0.236	0.638	NaN	NaN	7.08	22.33	NaN	NaN	0.0	"2.5"	"F0034"	0	0	"PR"	8.254	"prime"	7.429	0	0	0	0.0	0.0	0.0	null	10.057	0.087
-1.8	0.048675	20812.5	2840.625	2287.5	NaN	NaN	NaN	0	0	0	0	0	1	1	0	0	0	0	0	1	0	0	0	0	0	0	0	1	0	0	0	1	-22.0	0.099	0.287	NaN	NaN	0.236	0.638	NaN	NaN	7.08	22.33	NaN	NaN	0.0	"2.5"	"F0034"	0	0	"PR"	8.254	"prime"	7.429	0	0	0	0.0	0.0	0.0	null	10.057	0.087
-2.3	0.048675	20625.0	2821.875	2306.25	NaN	NaN	NaN	0	0	0	0	0	1	1	0	0	0	0	0	1	0	0	0	0	0	0	0	1	0	0	0	1	-28.0	0.097	0.289	NaN	NaN	0.231	0.642	NaN	NaN	6.93	22.47	NaN	NaN	0.0	"2.5"	"F0034"	0	0	"PR"	18.29	"prime"	17.465	0	0	0	0.0	0.0	0.0	null	20.093	0.086
-2.1	0.04895	19687.5	2821.875	2287.5	NaN	NaN	NaN	0	0	0	0	0	1	1	0	0	0	0	0	1	0	0	0	0	0	0	0	1	0	0	0	1	-25.0	0.097	0.287	NaN	NaN	0.231	0.638	NaN	NaN	6.93	22.33	NaN	NaN	0.0	"2.5"	"F0034"	0	0	"PR"	28.328	"prime"	27.503	0	0	0	0.0	0.0	0.0	null	30.131	0.083
-11.9	0.04895	27187.5	2981.25	2643.75	NaN	NaN	NaN	0	1	1	0	0	0	0	0	0	0	0	0	1	0	0	0	0	1	1	0	1	1	1	0	1	-143.0	0.113	0.322	NaN	NaN	0.269	0.716	NaN	NaN	8.07	25.06	NaN	NaN	0.0	"2.5"	"F0034"	1	0	"PR"	38.371	"deionize"	7.032	0	1	0	0.0	0.0	0.0	null	40.174	0.087
-12.3	0.048675	25312.5	2990.625	2578.125	NaN	NaN	NaN	0	1	1	0	0	0	0	0	0	0	0	0	1	0	0	0	0	1	1	0	1	1	1	0	1	-148.0	0.114	0.316	NaN	NaN	0.271	0.702	NaN	NaN	8.13	24.57	NaN	NaN	0.0	"2.5"	"F0034"	1	0	"PR"	48.407	"deionize"	17.068	0	1	0	0.0	0.0	0.0	null	50.21	0.087
-11.5	0.0484	25875.0	2981.25	2606.25	NaN	NaN	NaN	0	1	1	0	0	0	0	0	0	0	0	0	1	0	0	0	0	1	1	0	1	1	1	0	1	-138.0	0.113	0.319	NaN	NaN	0.269	0.709	NaN	NaN	8.07	24.815	NaN	NaN	0.0	"2.5"	"F0034"	1	0	"PR"	58.441	"deionize"	27.102	0	1	0	0.0	0.0	0.0	null	60.244	0.091
-12.0	0.0473	25500.0	2990.625	2550.0	NaN	NaN	NaN	0	1	1	0	0	0	0	0	0	0	0	0	1	0	0	0	0	1	1	0	1	1	1	0	1	-144.0	0.114	0.313	NaN	NaN	0.271	0.696	NaN	NaN	8.13	24.36	NaN	NaN	0.0	"2.5"	"F0034"	1	0	"PR"	68.479	"deionize"	37.14	0	1	0	0.0	0.0	0.0	null	70.282	0.092
-11.7	0.046475	26812.5	2981.25	2521.875	NaN	NaN	NaN	0	1	1	0	0	0	0	0	0	0	0	0	1	0	0	0	0	1	1	0	1	1	1	0	1	-140.0	0.113	0.31	NaN	NaN	0.269	0.689	NaN	NaN	8.07	24.115	NaN	NaN	0.0	"2.5"	"F0034"	1	0	"PR"	78.516	"deionize"	47.177	0	1	0	0.0	0.0	0.0	null	80.319	0.09
-11.8	0.045925	27375.0	2981.25	2437.5	NaN	NaN	NaN	0	1	1	0	0	0	0	0	0	0	0	0	1	0	0	0	0	1	1	0	1	1	1	0	1	-142.0	0.113	0.302	NaN	NaN	0.269	0.671	NaN	NaN	8.07	23.485	NaN	NaN	0.0	"2.5"	"F0034"	1	0	"PR"	88.352	"deionize"	57.013	0	1	0	0.0	0.0	0.0	null	90.155	0.084
-11.3	0.044825	28500.0	2981.25	2475.0	NaN	NaN	NaN	0	1	1	0	0	0	0	0	0	0	0	0	1	0	0	0	0	1	1	0	1	1	1	0	1	-136.0	0.113	0.305	NaN	NaN	0.269	0.678	NaN	NaN	8.07	23.73	NaN	NaN	0.0	"2.5"	"F0034"	1	0	"PR"	98.393	"deionize"	67.054	0	1	0	0.0	0.0	0.0	null	100.196	0.084
-11.9	0.044	24562.5	2990.625	2512.5	NaN	NaN	NaN	0	1	1	0	0	0	0	0	0	0	0	0	1	0	0	0	0	1	1	0	1	1	1	0	1	-143.0	0.114	0.309	NaN	NaN	0.271	0.687	NaN	NaN	8.13	24.045	NaN	NaN	0.0	"2.5"	"F0034"	1	0	"PR"	108.427	"deionize"	77.088	0	1	0	0.0	0.0	0.0	null	110.23	0.086
-11.9	0.043175	26812.5	2990.625	2531.25	NaN	NaN	NaN	0	1	1	0	0	0	0	0	0	0	0	0	1	0	0	0	0	1	1	0	1	1	1	0	1	-143.0	0.114	0.311	NaN	NaN	0.271	0.691	NaN	NaN	8.13	24.185	NaN	NaN	0.0	"2.5"	"F0034"	1	0	"PR"	118.469	"deionize"	87.13	0	1	0	0.0	0.0	0.0	null	120.272	0.089
-12.0	0.042625	25125.0	2990.625	2475.0	NaN	NaN	NaN	0	1	1	0	0	0	0	0	0	0	0	0	1	0	0	0	0	1	1	0	1	1	1	0	1	-144.0	0.114	0.305	NaN	NaN	0.271	0.678	NaN	NaN	8.13	23.73	NaN	NaN	0.0	"2.5"	"F0034"	1	0	"PR"	128.506	"deionize"	97.167	0	1	0	0.0	0.0	0.0	null	130.309	0.086
-14.9	0.0418	25125.0	2981.25	2456.25	NaN	NaN	NaN	0	1	1	0	0	0	0	0	0	0	0	0	1	0	0	0	0	1	1	0	1	1	1	0	1	-179.0	0.113	0.304	NaN	NaN	0.269	0.676	NaN	NaN	8.07	23.66	NaN	NaN	0.0	"2.5"	"F0034"	1	0	"PR"	138.54	"deionize"	107.201	0	1	0	0.0	0.0	0.0	null	140.343	0.087
-12.3	0.041525	25500.0	2990.625	2437.5	NaN	NaN	NaN	0	1	1	0	0	0	0	0	0	0	0	0	1	0	0	0	0	1	1	0	1	1	1	0	1	-148.0	0.114	0.302	NaN	NaN	0.271	0.671	NaN	NaN	8.13	23.485	NaN	NaN	0.0	"2.5"	"F0034"	1	0	"PR"	148.578	"deionize"	117.239	0	1	0	0.0	0.0	0.0	null	150.381	0.088
-12.1	0.04125	26625.0	2981.25	2409.375	NaN	NaN	NaN	0	1	1	0	0	0	0	0	0	0	0	0	1	0	0	0	0	1	1	0	1	1	1	0	1	-145.0	0.113	0.299	NaN	NaN	0.269	0.664	NaN	NaN	8.07	23.24	NaN	NaN	0.0	"2.5"	"F0034"	1	0	"PR"	158.411	"deionize"	127.072	0	1	0	0.0	0.0	0.0	null	160.214	0.084
-11.9	0.040425	24375.0	2990.625	2475.0	NaN	NaN	NaN	0	1	1	0	0	0	0	0	0	0	0	0	1	0	0	0	0	1	1	0	1	1	1	0	1	-143.0	0.114	0.305	NaN	NaN	0.271	0.678	NaN	NaN	8.13	23.73	NaN	NaN	0.0	"2.5"	"F0034"	1	0	"PR"	168.443	"deionize"	137.104	0	1	0	0.0	0.0	0.0	null	170.246	0.087
-9.9	0.0396	25125.0	2971.875	2437.5	NaN	NaN	NaN	0	1	1	0	0	0	0	0	0	0	0	0	1	0	0	0	0	1	1	0	1	1	1	0	1	-119.0	0.112	0.302	NaN	NaN	0.267	0.671	NaN	NaN	8.01	23.485	NaN	NaN	0.0	"2.5"	"F0034"	1	0	"PR"	178.482	"deionize"	147.143	0	1	0	0.0	0.0	0.0	null	180.285	0.085
-11.8	0.039325	27187.5	2981.25	2550.0	NaN	NaN	NaN	0	1	1	0	0	0	0	0	0	0	0	0	1	0	0	0	0	1	1	0	1	1	1	0	1	-142.0	0.113	0.313	NaN	NaN	0.269	0.696	NaN	NaN	8.07	24.36	NaN	NaN	0.0	"2.5"	"F0034"	1	0	"PR"	188.513	"deionize"	157.174	0	1	0	0.0	0.0	0.0	null	190.316	0.084
-12.2	0.0396	25312.5	2981.25	2484.375	NaN	NaN	NaN	0	1	1	0	0	0	0	0	0	0	0	0	1	0	0	0	0	1	1	0	1	1	1	0	1	-146.0	0.113	0.306	NaN	NaN	0.269	0.68	NaN	NaN	8.07	23.8	NaN	NaN	0.0	"2.5"	"F0034"	1	0	"PR"	198.547	"deionize"	167.208	0	1	0	0.0	0.0	0.0	null	200.35	0.084
-11.7	0.039325	24375.0	2981.25	2456.25	NaN	NaN	NaN	0	1	1	0	0	0	0	0	0	0	0	0	1	0	0	0	0	1	1	0	1	1	1	0	1	-140.0	0.113	0.304	NaN	NaN	0.269	0.676	NaN	NaN	8.07	23.66	NaN	NaN	0.0	"2.5"	"F0034"	1	0	"PR"	208.583	"deionize"	177.244	0	1	0	0.0	0.0	0.0	null	210.386	0.085
-9.1	0.038225	26062.5	2981.25	2437.5	NaN	NaN	NaN	0	1	1	0	0	0	0	0	0	0	0	0	1	0	0	0	0	1	1	0	1	1	1	0	1	-109.0	0.113	0.302	NaN	NaN	0.269	0.671	NaN	NaN	8.07	23.485	NaN	NaN	0.0	"2.5"	"F0034"	1	0	"PR"	218.617	"deionize"	187.278	0	1	0	0.0	0.0	0.0	null	220.42	0.084
-11.9	0.038225	27187.5	2990.625	2456.25	NaN	NaN	NaN	0	1	1	0	0	0	0	0	0	0	0	0	1	0	0	0	0	1	1	0	1	1	1	0	1	-143.0	0.114	0.304	NaN	NaN	0.271	0.676	NaN	NaN	8.13	23.66	NaN	NaN	0.0	"2.5"	"F0034"	1	0	"PR"	228.654	"deionize"	197.315	0	1	0	0.0	0.0	0.0	null	230.457	0.09
-12.0	0.037125	25500.0	3009.375	2531.25	NaN	NaN	NaN	0	1	1	0	0	0	0	0	0	0	0	0	1	0	0	0	0	1	1	0	1	1	1	0	1	-144.0	0.116	0.311	NaN	NaN	0.276	0.691	NaN	NaN	8.28	24.185	NaN	NaN	0.0	"2.5"	"F0034"	1	0	"PR"	238.498	"deionize"	207.159	0	1	0	0.0	0.0	0.0	null	240.301	0.087
-14.4	0.03685	26812.5	2981.25	2437.5	NaN	NaN	NaN	0	1	1	0	0	0	0	0	0	0	0	0	1	0	0	0	0	1	1	0	1	1	1	0	1	-173.0	0.113	0.302	NaN	NaN	0.269	0.671	NaN	NaN	8.07	23.485	NaN	NaN	0.0	"2.5"	"F0034"	1	0	"PR"	248.53	"deionize"	217.191	0	1	0	0.0	0.0	0.0	null	250.333	0.084
-12.0	0.036575	26812.5	2990.625	2484.375	NaN	NaN	NaN	0	1	1	0	0	0	0	0	0	0	0	0	1	0	0	0	0	1	1	0	1	1	1	0	1	-144.0	0.114	0.306	NaN	NaN	0.271	0.68	NaN	NaN	8.13	23.8	NaN	NaN	0.0	"2.5"	"F0034"	1	0	"PR"	258.572	"deionize"	227.233	0	1	0	0.0	0.0	0.0	null	260.375	0.087
-12.0	0.036025	27375.0	2981.25	2437.5	NaN	NaN	NaN	0	1	1	0	0	0	0	0	0	0	0	0	1	0	0	0	0	1	1	0	1	1	1	0	1	-144.0	0.113	0.302	NaN	NaN	0.269	0.671	NaN	NaN	8.07	23.485	NaN	NaN	0.0	"2.5"	"F0034"	1	0	"PR"	268.61	"deionize"	237.271	0	1	0	0.0	0.0	0.0	null	270.413	0.084
-11.9	0.035475	27000.0	3000.0	2428.125	NaN	NaN	NaN	0	1	1	0	0	0	0	0	0	0	0	0	1	0	0	0	1	1	1	0	1	1	1	0	1	-143.0	0.115	0.301	NaN	NaN	0.274	0.669	NaN	NaN	8.22	23.415	NaN	NaN	0.0	"2.5"	"F0034"	1	0	"PR"	278.554	"deionize-uv"	7.134	0	1	0	0.0	0.0	0.0	null	280.357	0.09
-12.7	0.034925	27937.5	3000.0	2437.5	NaN	NaN	NaN	0	1	1	0	0	0	0	0	0	0	0	0	1	0	0	0	1	1	1	0	1	1	1	0	1	-152.0	0.115	0.302	NaN	NaN	0.274	0.671	NaN	NaN	8.22	23.485	NaN	NaN	0.0	"2.5"	"F0034"	1	0	"PR"	288.592	"deionize-uv"	17.172	0	1	0	0.0	0.0	0.0	null	290.395	0.084
-12.0	0.0341	24562.5	2981.25	2465.625	NaN	NaN	NaN	0	1	1	0	0	0	0	0	0	0	0	0	1	0	0	0	1	1	1	0	1	1	1	0	1	-144.0	0.113	0.305	NaN	NaN	0.269	0.678	NaN	NaN	8.07	23.73	NaN	NaN	0.0	"2.5"	"F0034"	1	0	"PR"	298.627	"deionize-uv"	27.207	0	1	0	0.0	0.0	0.0	null	300.43	0.083
-11.9	0.0341	25125.0	2990.625	2456.25	NaN	NaN	NaN	0	1	1	0	0	0	0	0	0	0	0	0	1	0	0	0	1	1	1	0	1	1	1	0	1	-143.0	0.114	0.304	NaN	NaN	0.271	0.676	NaN	NaN	8.13	23.66	NaN	NaN	0.0	"2.5"	"F0034"	1	0	"PR"	308.667	"deionize-uv"	37.247	0	1	0	0.0	0.0	0.0	null	310.47	0.087
-12.0	0.033825	24187.5	2981.25	2390.625	NaN	NaN	NaN	0	1	1	0	0	0	0	0	0	0	0	0	1	0	0	0	1	1	1	0	1	1	1	0	1	-144.0	0.113	0.297	NaN	NaN	0.269	0.66	NaN	NaN	8.07	23.1	NaN	NaN	0.0	"2.5"	"F0034"	1	0	"PR"	318.702	"deionize-uv"	47.282	0	1	0	0.0	0.0	0.0	null	320.505	0.083
-12.7	0.032725	26062.5	2981.25	2475.0	NaN	NaN	NaN	0	1	1	0	0	0	0	0	0	0	0	0	1	0	0	0	1	1	1	0	1	1	1	0	1	-152.0	0.113	0.305	NaN	NaN	0.269	0.678	NaN	NaN	8.07	23.73	NaN	NaN	0.0	"2.5"	"F0034"	1	0	"PR"	328.741	"deionize-uv"	57.321	0	1	0	0.0	0.0	0.0	null	330.544	0.086
-11.7	0.03245	25312.5	2981.25	2428.125	NaN	NaN	NaN	0	1	1	0	0	0	0	0	0	0	0	0	1	0	0	0	1	1	1	0	1	1	1	0	1	-140.0	0.113	0.301	NaN	NaN	0.269	0.669	NaN	NaN	8.07	23.415	NaN	NaN	0.0	"2.5"	"F0034"	1	0	"PR"	338.782	"deionize-uv"	67.362	0	1	0	0.0	0.0	0.0	null	340.585	0.087
-12.2	0.03245	25687.5	2981.25	2475.0	NaN	NaN	NaN	0	1	1	0	0	0	0	0	0	0	0	0	1	0	0	0	1	1	1	0	1	1	1	0	1	-146.0	0.113	0.305	NaN	NaN	0.269	0.678	NaN	NaN	8.07	23.73	NaN	NaN	0.0	"2.5"	"F0034"	1	0	"PR"	348.622	"deionize-uv"	77.202	0	1	0	0.0	0.0	0.0	null	350.425	0.09
-12.7	0.031625	24375.0	2990.625	2475.0	NaN	NaN	NaN	0	1	1	0	0	0	0	0	0	0	0	0	1	0	0	0	1	1	1	0	1	1	1	0	1	-152.0	0.114	0.305	NaN	NaN	0.271	0.678	NaN	NaN	8.13	23.73	NaN	NaN	0.0	"2.5"	"F0034"	1	0	"PR"	358.664	"deionize-uv"	87.244	0	1	0	0.0	0.0	0.0	null	360.467	0.092
-11.6	0.030525	26062.5	3000.0	2503.125	NaN	NaN	NaN	0	1	1	0	0	0	0	0	0	0	0	0	1	0	0	0	1	1	1	0	1	1	1	0	1	-139.0	0.115	0.308	NaN	NaN	0.274	0.684	NaN	NaN	8.22	23.94	NaN	NaN	0.0	"2.5"	"F0034"	1	0	"PR"	368.701	"deionize-uv"	97.281	0	1	0	0.0	0.0	0.0	null	370.504	0.087
-11.6	0.03025	27000.0	3018.75	2465.625	NaN	NaN	NaN	0	1	1	0	0	0	0	0	0	0	0	0	1	0	0	0	1	1	1	0	1	1	1	0	1	-139.0	0.117	0.305	NaN	NaN	0.279	0.678	NaN	NaN	8.37	23.73	NaN	NaN	0.0	"2.5"	"F0034"	1	0	"PR"	378.733	"deionize-uv"	107.313	0	1	0	0.0	0.0	0.0	null	380.536	0.09
-12.0	0.029975	26812.5	2971.875	2475.0	NaN	NaN	NaN	0	1	1	0	0	0	0	0	0	0	0	0	1	0	0	0	1	1	1	0	1	1	1	0	1	-144.0	0.112	0.305	NaN	NaN	0.267	0.678	NaN	NaN	8.01	23.73	NaN	NaN	0.0	"2.5"	"F0034"	1	0	"PR"	388.773	"deionize-uv"	117.353	0	1	0	0.0	0.0	0.0	null	390.576	0.092
-11.6	0.02915	32812.5	2981.25	1931.25	NaN	NaN	NaN	0	0	1	0	0	0	0	1	0	0	0	0	1	0	0	0	1	1	1	0	1	1	1	0	1	-139.0	0.113	0.251	NaN	NaN	0.269	0.558	NaN	NaN	8.07	19.53	NaN	NaN	0.0	"2.5"	"F0034"	1	0	"PR"	398.848	"drip-di-1"	6.334	0	1	0	0.0	0.0	0.0	null	400.651	0.084
12.3	0.028875	21187.5	2934.375	1771.875	NaN	NaN	NaN	1	0	0	0	0	1	1	0	0	0	0	0	1	1	0	0	0	1	1	1	0	1	1	1	0	148.0	0.108	0.235	NaN	NaN	0.257	0.522	NaN	NaN	7.71	18.27	NaN	NaN	0.0	"2.5"	"F0034"	1	1	"PR"	408.657	"reverse-f"	0.97	0	1	0	0.0	0.0	0.0	null	410.46	0.087
12.9	0.02915	20250.0	2840.625	2053.125	NaN	NaN	NaN	1	0	0	0	0	1	1	0	0	0	0	0	1	1	0	0	0	1	1	1	0	1	1	1	0	155.0	0.099	0.263	NaN	NaN	0.236	0.584	NaN	NaN	7.08	20.44	NaN	NaN	0.0	"2.5"	"F0034"	1	1	"PR"	418.692	"reverse-f"	11.005	0	1	0	0.0	0.0	0.0	null	420.495	0.09
12.6	0.0308	20625.0	2868.75	2268.75	NaN	NaN	NaN	0	0	0	0	0	1	1	0	0	0	0	0	1	0	0	0	0	1	1	1	0	1	1	1	0	151.0	0.102	0.285	NaN	NaN	0.243	0.633	NaN	NaN	7.29	22.155	NaN	NaN	0.0	"2.5"	"F0034"	1	1	"PR"	428.832	"reverse"	21.145	0	1	0	0.0	0.0	0.0	null	430.635	0.09
12.4	0.033275	19687.5	2831.25	2240.625	NaN	NaN	NaN	0	0	0	0	0	1	1	0	0	0	0	0	1	0	0	0	0	1	1	1	0	1	1	1	0	149.0	0.098	0.282	NaN	NaN	0.233	0.627	NaN	NaN	6.99	21.945	NaN	NaN	0.0	"2.5"	"F0034"	1	1	"PR"	438.871	"reverse"	31.184	0	1	0	0.0	0.0	0.0	null	440.674	0.093
12.1	0.03685	17812.5	2840.625	2268.75	NaN	NaN	NaN	0	0	0	0	0	1	1	0	0	0	0	0	1	0	0	0	0	1	1	1	0	1	1	1	0	145.0	0.099	0.285	NaN	NaN	0.236	0.633	NaN	NaN	7.08	22.155	NaN	NaN	0.0	"2.5"	"F0034"	1	1	"PR"	448.708	"reverse"	41.021	0	1	0	0.0	0.0	0.0	null	450.511	0.09
12.3	0.0396	17812.5	2821.875	2268.75	NaN	NaN	NaN	0	0	0	0	0	1	1	0	0	0	0	0	1	0	0	0	0	1	1	1	0	1	1	1	0	148.0	0.097	0.285	NaN	NaN	0.231	0.633	NaN	NaN	6.93	22.155	NaN	NaN	0.0	"2.5"	"F0034"	1	1	"PR"	458.747	"reverse"	51.06	0	1	0	0.0	0.0	0.0	null	460.55	0.09
12.6	0.0429	18375.0	2850.0	2259.375	NaN	NaN	NaN	0	0	0	0	0	1	1	0	0	0	0	0	1	0	0	0	0	1	1	1	0	1	1	1	0	151.0	0.1	0.284	NaN	NaN	0.238	0.631	NaN	NaN	7.14	22.085	NaN	NaN	0.0	"2.5"	"F0034"	1	1	"PR"	468.786	"reverse"	61.099	0	1	0	0.0	0.0	0.0	null	470.589	0.09
12.6	0.04455	19687.5	2859.375	2259.375	NaN	NaN	NaN	0	0	0	0	0	1	1	0	0	0	0	0	1	0	0	0	0	1	1	1	0	1	1	1	0	151.0	0.101	0.284	NaN	NaN	0.24	0.631	NaN	NaN	7.2	22.085	NaN	NaN	0.0	"2.5"	"F0034"	1	1	"PR"	478.821	"reverse"	71.134	0	1	0	0.0	0.0	0.0	null	480.624	0.09
12.2	0.0462	20625.0	2831.25	2221.875	NaN	NaN	NaN	0	0	0	0	0	1	1	0	0	0	0	0	1	0	0	0	0	1	1	1	0	1	1	1	0	146.0	0.098	0.28	NaN	NaN	0.233	0.622	NaN	NaN	6.99	21.77	NaN	NaN	0.0	"2.5"	"F0034"	1	1	"PR"	488.861	"reverse"	81.174	0	1	0	0.0	0.0	0.0	null	490.664	0.091
12.4	0.04785	20625.0	2812.5	2268.75	NaN	NaN	NaN	0	0	0	0	0	1	1	0	0	0	0	0	1	0	0	0	0	1	1	1	0	1	1	1	0	149.0	0.096	0.285	NaN	NaN	0.229	0.633	NaN	NaN	6.87	22.155	NaN	NaN	0.0	"2.5"	"F0034"	1	1	"PR"	498.895	"reverse"	91.208	0	1	0	0.0	0.0	0.0	null	500.698	0.09
12.3	0.047575	19312.5	2840.625	2259.375	NaN	NaN	NaN	0	0	0	0	0	1	1	0	0	0	0	0	1	0	0	0	0	1	1	1	0	1	1	1	0	148.0	0.099	0.284	NaN	NaN	0.236	0.631	NaN	NaN	7.08	22.085	NaN	NaN	0.0	"2.5"	"F0034"	1	1	"PR"	508.932	"reverse"	101.245	0	1	0	0.0	0.0	0.0	null	510.735	0.09
13.3	0.048125	18562.5	2831.25	2268.75	NaN	NaN	NaN	0	0	0	0	0	1	1	0	0	0	0	0	1	0	0	0	0	1	1	1	0	1	1	1	0	160.0	0.098	0.285	NaN	NaN	0.233	0.633	NaN	NaN	6.99	22.155	NaN	NaN	0.0	"2.5"	"F0034"	1	1	"PR"	518.772	"reverse"	111.085	0	1	0	0.0	0.0	0.0	null	520.575	0.089
12.3	0.0484	18937.5	2859.375	2268.75	NaN	NaN	NaN	0	0	0	0	0	1	1	0	0	0	0	0	1	0	0	0	0	1	1	1	0	1	1	1	0	148.0	0.101	0.285	NaN	NaN	0.24	0.633	NaN	NaN	7.2	22.155	NaN	NaN	0.0	"2.5"	"F0034"	1	1	"PR"	528.805	"reverse"	121.118	0	1	0	0.0	0.0	0.0	null	530.608	0.086
13.1	0.048675	19312.5	2850.0	2268.75	NaN	NaN	NaN	0	0	0	0	0	1	1	0	0	0	0	0	1	0	0	0	0	1	1	1	0	1	1	1	0	157.0	0.1	0.285	NaN	NaN	0.238	0.633	NaN	NaN	7.14	22.155	NaN	NaN	0.0	"2.5"	"F0034"	1	1	"PR"	538.842	"reverse"	131.155	0	1	0	0.0	0.0	0.0	null	540.645	0.086
14.5	0.049225	20250.0	2859.375	2268.75	NaN	NaN	NaN	0	0	0	0	0	1	1	0	0	0	0	0	1	0	0	0	0	1	1	1	0	1	1	1	0	174.0	0.101	0.285	NaN	NaN	0.24	0.633	NaN	NaN	7.2	22.155	NaN	NaN	0.0	"2.5"	"F0034"	1	1	"PR"	548.88	"reverse"	141.193	0	1	0	0.0	0.0	0.0	null	550.683	0.085
-0.1	0.049775	-2812.5	3009.375	2278.125	NaN	NaN	NaN	0	0	0	0	0	0	0	0	0	0	0	0	0	0	0	0	0	0	0	0	1	0	0	0	1	-1.0	0.116	0.286	NaN	NaN	0.276	0.636	NaN	NaN	8.28	22.26	NaN	NaN	0.0	"2.5"	"F0034"	0	0	"PR"	559.002	"diffuse"	1.292	0	1	1	0.0	0.0	0.0	null	560.805	0.087
0.8	0.05005	375.0	3009.375	2278.125	NaN	NaN	NaN	0	0	0	0	0	0	0	0	0	0	0	0	0	0	0	0	0	0	0	0	1	0	0	0	1	10.0	0.116	0.286	NaN	NaN	0.276	0.636	NaN	NaN	8.28	22.26	NaN	NaN	0.0	"2.5"	"F0034"	0	0	"PR"	568.84	"diffuse"	11.13	0	1	1	0.0	0.0	0.0	null	570.643	0.086
1.2	0.050325	-187.5	3018.75	2278.125	NaN	NaN	NaN	0	0	0	0	0	0	0	0	0	0	0	0	0	0	0	0	0	0	0	0	1	0	0	0	1	14.0	0.117	0.286	NaN	NaN	0.279	0.636	NaN	NaN	8.37	22.26	NaN	NaN	0.0	"2.5"	"F0034"	0	0	"PR"	578.882	"diffuse"	21.172	0	1	1	0.0	0.0	0.0	null	580.685	0.087
12.3	0.0484	16687.5	2821.875	2268.75	NaN	NaN	NaN	0	0	0	0	0	1	1	0	0	0	0	0	1	0	0	0	0	1	1	1	0	1	1	1	0	148.0	0.097	0.285	NaN	NaN	0.231	0.633	NaN	NaN	6.93	22.155	NaN	NaN	0.0	"2.5"	"F0034"	1	1	"PR"	589.008	"wash-en"	1.293	0	1	1	0.0	0.0	0.0	null	590.811	0.09
12.3	0.049775	19125.0	2840.625	2250.0	NaN	NaN	NaN	0	0	0	0	0	1	1	0	0	0	0	0	1	0	0	0	0	1	1	1	0	1	1	1	0	148.0	0.099	0.283	NaN	NaN	0.236	0.629	NaN	NaN	7.08	22.015	NaN	NaN	0.0	"2.5"	"F0034"	1	1	"PR"	599.046	"wash-en"	11.331	0	1	1	0.0	0.0	0.0	null	600.849	0.088
0.6	0.0506	20625.0	2850.0	2250.0	NaN	NaN	NaN	0	0	0	0	0	1	1	0	0	0	0	0	1	0	0	0	0	0	0	0	1	0	0	0	1	7.0	0.1	0.283	NaN	NaN	0.238	0.629	NaN	NaN	7.14	22.015	NaN	NaN	0.0	"2.5"	"F0034"	0	0	"PR"	608.974	"wash-sc"	1.092	0	1	1	0.0	0.0	0.0	null	610.777	0.088
0.4	0.050325	-2250.0	3028.125	2278.125	NaN	NaN	NaN	0	0	0	0	0	0	0	0	0	0	0	0	0	0	0	0	0	0	0	0	1	0	0	0	1	5.0	0.118	0.286	NaN	NaN	0.281	0.636	NaN	NaN	8.43	22.26	NaN	NaN	0.0	"2.5"	"F0034"	0	0	"PR"	619.015	"diffuse"	1.005	0	1	2	0.0	0.0	0.0	null	620.818	0.086
0.7	0.050875	-375.0	3028.125	2278.125	NaN	NaN	NaN	0	0	0	0	0	0	0	0	0	0	0	0	0	0	0	0	0	0	0	0	1	0	0	0	1	8.0	0.118	0.286	NaN	NaN	0.281	0.636	NaN	NaN	8.43	22.26	NaN	NaN	0.0	"2.5"	"F0034"	0	0	"PR"	629.053	"diffuse"	11.043	0	1	2	0.0	0.0	0.0	null	630.856	0.091
0.1	0.050875	-187.5	3018.75	2278.125	NaN	NaN	NaN	0	0	0	0	0	0	0	0	0	0	0	0	0	0	0	0	0	0	0	0	1	0	0	0	1	1.0	0.117	0.286	NaN	NaN	0.279	0.636	NaN	NaN	8.37	22.26	NaN	NaN	0.0	"2.5"	"F0034"	0	0	"PR"	639.093	"diffuse"	21.083	0	1	2	0.0	0.0	0.0	null	640.896	0.085
13.5	0.050875	10312.5	2934.375	2240.625	NaN	NaN	NaN	0	0	0	0	0	1	1	0	0	0	0	0	1	0	0	0	0	1	1	1	0	1	1	1	0	162.0	0.108	0.282	NaN	NaN	0.257	0.627	NaN	NaN	7.71	21.945	NaN	NaN	0.0	"2.5"	"F0034"	1	1	"PR"	649.025	"wash-en"	0.895	0	1	2	0.0	0.0	0.0	null	650.828	0.083
12.5	0.050325	19875.0	2821.875	2240.625	NaN	NaN	NaN	0	0	0	0	0	1	1	0	0	0	0	0	1	0	0	0	0	1	1	1	0	1	1	1	0	150.0	0.097	0.282	NaN	NaN	0.231	0.627	NaN	NaN	6.93	21.945	NaN	NaN	0.0	"2.5"	"F0034"	1	1	"PR"	659.063	"wash-en"	10.933	0	1	2	0.0	0.0	0.0	null	660.866	0.087
-1.8	0.0506	19312.5	2840.625	2268.75	NaN	NaN	NaN	0	0	0	0	0	1	1	0	0	0	0	0	1	0	0	0	0	0	0	0	1	0	0	0	1	-22.0	0.099	0.285	NaN	NaN	0.236	0.633	NaN	NaN	7.08	22.155	NaN	NaN	0.0	"2.5"	"F0034"	0	0	"PR"	668.988	"wash-sc"	0.691	0	1	2	0.0	0.0	0.0	null	670.791	0.085
-0.8	0.050875	-1875.0	3037.5	2250.0	NaN	NaN	NaN	0	0	0	0	0	0	0	0	0	0	0	0	0	0	0	0	0	0	0	0	1	0	0	0	1	-10.0	0.119	0.283	NaN	NaN	0.283	0.629	NaN	NaN	8.49	22.015	NaN	NaN	0.0	"2.5"	"F0034"	0	0	"PR"	679.024	"diffuse"	0.602	0	1	3	0.0	0.0	0.0	null	680.827	0.083
0.5	0.050875	375.0	3018.75	2268.75	NaN	NaN	NaN	0	0	0	0	0	0	0	0	0	0	0	0	0	0	0	0	0	0	0	0	1	0	0	0	1	6.0	0.117	0.285	NaN	NaN	0.279	0.633	NaN	NaN	8.37	22.155	NaN	NaN	0.0	"2.5"	"F0034"	0	0	"PR"	689.063	"diffuse"	10.641	0	1	3	0.0	0.0	0.0	null	690.866	0.088
0.6	0.05115	187.5	3028.125	2278.125	NaN	NaN	NaN	0	0	0	0	0	0	0	0	0	0	0	0	0	0	0	0	0	0	0	0	1	0	0	0	1	7.0	0.118	0.286	NaN	NaN	0.281	0.636	NaN	NaN	8.43	22.26	NaN	NaN	0.0	"2.5"	"F0034"	0	0	"PR"	699.102	"diffuse"	20.68	0	1	3	0.0	0.0	0.0	null	700.905	0.086
12.6	0.0506	-3937.5	3000.0	2278.125	NaN	NaN	NaN	0	0	0	0	0	1	1	0	0	0	0	0	1	0	0	0	0	1	1	1	0	1	1	1	0	151.0	0.115	0.286	NaN	NaN	0.274	0.636	NaN	NaN	8.22	22.26	NaN	NaN	0.0	"2.5"	"F0034"	1	1	"PR"	709.024	"wash-en"	0.488	0	1	3	0.0	0.0	0.0	null	710.827	0.287
13.0	0.050875	19875.0	2859.375	2268.75	NaN	NaN	NaN	0	0	0	0	0	1	1	0	0	0	0	0	1	0	0	0	0	1	1	1	0	1	1	1	0	156.0	0.101	0.285	NaN	NaN	0.24	0.633	NaN	NaN	7.2	22.155	NaN	NaN	0.0	"2.5"	"F0034"	1	1	"PR"	719.063	"wash-en"	10.527	0	1	3	0.0	0.0	0.0	null	720.866	0.088
12.6	0.050875	20437.5	2831.25	2278.125	NaN	NaN	NaN	0	0	0	0	0	1	1	0	0	0	0	0	1	0	0	0	0	0	0	0	1	0	0	0	1	151.0	0.098	0.286	NaN	NaN	0.233	0.636	NaN	NaN	6.99	22.26	NaN	NaN	0.0	"2.5"	"F0034"	0	0	"PR"	728.901	"wash-sc"	0.201	0	1	3	0.0	0.0	0.0	null	730.704	0.097
-0.4	0.050875	19125.0	2859.375	2287.5	NaN	NaN	NaN	0	0	0	0	0	0	0	0	0	0	0	0	0	0	0	0	0	0	0	0	1	0	0	0	1	-5.0	0.101	0.287	NaN	NaN	0.24	0.638	NaN	NaN	7.2	22.33	NaN	NaN	0.0	"2.5"	"F0034"	0	0	"PR"	739.028	"diffuse"	0.201	0	1	4	0.0	0.0	0.0	null	740.831	0.087
-0.5	0.050875	187.5	3018.75	2278.125	NaN	NaN	NaN	0	0	0	0	0	0	0	0	0	0	0	0	0	0	0	0	0	0	0	0	1	0	0	0	1	-6.0	0.117	0.286	NaN	NaN	0.279	0.636	NaN	NaN	8.37	22.26	NaN	NaN	0.0	"2.5"	"F0034"	0	0	"PR"	749.066	"diffuse"	10.239	0	1	4	0.0	0.0	0.0	null	750.869	0.085
-0.1	0.0517	1500.0	2990.625	2315.625	NaN	NaN	NaN	0	0	0	0	0	0	0	0	0	0	0	0	0	0	0	0	0	0	0	0	1	0	0	0	1	-1.0	0.114	0.29	NaN	NaN	0.271	0.644	NaN	NaN	8.13	22.54	NaN	NaN	0.0	"2.5"	"F0034"	0	0	"PR"	759.1	"diffuse"	20.273	0	1	4	0.0	0.0	0.0	null	760.903	0.086
0.1	0.051425	1875.0	3018.75	2268.75	NaN	NaN	NaN	0	0	0	0	0	1	1	0	0	0	0	0	1	0	0	0	0	1	1	1	0	1	1	1	0	1.0	0.117	0.285	NaN	NaN	0.279	0.633	NaN	NaN	8.37	22.155	NaN	NaN	0.0	"2.5"	"F0034"	1	1	"PR"	769.141	"wash-en"	0.201	0	1	4	0.0	0.0	0.0	null	770.944	0.093
12.7	0.0506	18375.0	2850.0	2259.375	NaN	NaN	NaN	0	0	0	0	0	1	1	0	0	0	0	0	1	0	0	0	0	1	1	1	0	1	1	1	0	152.0	0.1	0.284	NaN	NaN	0.238	0.631	NaN	NaN	7.14	22.085	NaN	NaN	0.0	"2.5"	"F0034"	1	1	"PR"	779.074	"wash-en"	10.134	0	1	4	0.0	0.0	0.0	null	780.877	0.085
12.8	0.05115	18375.0	2850.0	2278.125	NaN	NaN	NaN	0	0	0	0	0	1	1	0	0	0	0	0	1	0	0	0	0	1	1	1	0	1	1	1	0	154.0	0.1	0.286	NaN	NaN	0.238	0.636	NaN	NaN	7.14	22.26	NaN	NaN	0.0	"2.5"	"F0034"	1	1	"PR"	789.111	"wash-en"	20.171	0	1	4	0.0	0.0	0.0	null	790.914	0.083
-0.7	0.050875	20625.0	2850.0	2278.125	NaN	NaN	NaN	0	0	0	0	0	1	1	0	0	0	0	0	1	0	0	0	0	0	0	0	1	0	0	0	1	-8.0	0.1	0.286	NaN	NaN	0.238	0.636	NaN	NaN	7.14	22.26	NaN	NaN	0.0	"2.5"	"F0034"	0	0	"PR"	799.238	"wash-sc"	10.127	0	1	4	0.0	0.0	0.0	null	801.041	0.087
-1.4	0.05115	-1500.0	2512.5	2306.25	NaN	NaN	NaN	0	0	0	0	1	0	0	0	0	0	0	0	0	0	0	0	0	0	0	0	1	0	0	0	1	-17.0	0.066	0.289	NaN	NaN	0.157	0.642	NaN	NaN	4.71	22.47	NaN	NaN	0.0	"2.5"	"F0034"	0	0	"PR"	809.278	"drain-rg"	10.04	0	1	4	0.0	0.0	0.0	null	811.081	0.085
-0.1	0.050875	-2062.5	2109.375	2268.75	NaN	NaN	NaN	0	0	0	0	1	0	0	0	0	0	0	0	0	0	0	0	0	0	0	0	1	0	0	0	1	-1.0	0.026	0.285	NaN	NaN	0.062	0.633	NaN	NaN	1.86	22.155	NaN	NaN	0.0	"2.5"	"F0034"	0	0	"PR"	819.111	"drain-rg"	19.873	0	1	4	0.0	0.0	0.0	null	820.914	0.086
-0.9	0.051425	-1687.5	1762.5	2278.125	NaN	NaN	NaN	0	0	0	0	1	0	0	0	0	0	0	0	0	0	0	0	0	0	0	0	1	0	0	0	1	-11.0	-0.009	0.286	NaN	NaN	-0.021	0.636	NaN	NaN	-0.63	22.26	NaN	NaN	0.0	"2.5"	"F0034"	0	0	"PR"	829.148	"drip-rg"	1.806	0	1	4	0.0	0.0	0.0	null	830.951	0.083
-0.4	0.05115	-1312.5	0.0	2278.125	NaN	NaN	NaN	0	0	0	0	1	0	0	0	0	0	0	0	0	0	0	0	0	0	0	0	1	0	0	0	1	-5.0	-0.185	0.286	NaN	NaN	-0.44	0.636	NaN	NaN	-13.2	22.26	NaN	NaN	0.0	"2.5"	"F0034"	0	0	"PR"	839.183	"drip-rg"	11.841	0	1	4	0.0	0.0	0.0	null	840.986	0.084
-0.2	0.050875	18937.5	1734.375	2156.25	NaN	NaN	NaN	0	0	1	0	0	1	0	0	0	0	0	0	1	0	0	0	0	0	0	0	1	0	0	0	1	-2.0	-0.012	0.274	NaN	NaN	-0.029	0.609	NaN	NaN	-0.87	21.315	NaN	NaN	0.0	"2.5"	"F0034"	0	0	"FR"	6.044	"fill-rg-di"	5.844	1	1	0	844.399	0.0	0.0	null	851.067	0.085
-0.1	0.050875	19312.5	2175.0	1903.125	NaN	NaN	NaN	0	0	1	0	0	1	0	0	0	0	0	0	1	0	0	0	0	0	0	0	1	0	0	0	1	-1.0	0.033	0.248	NaN	NaN	0.079	0.551	NaN	NaN	2.37	19.285	NaN	NaN	0.0	"2.5"	"F0034"	0	0	"FR"	16.083	"fill-rg-di"	15.883	1	1	0	844.399	0.0	0.0	null	861.106	0.083
-0.1	0.050875	18375.0	2493.75	1640.625	NaN	NaN	NaN	0	0	1	0	0	1	0	0	0	0	0	0	1	0	0	0	0	0	0	0	1	0	0	0	1	-1.0	0.064	0.222	NaN	NaN	0.152	0.493	NaN	NaN	4.56	17.255	NaN	NaN	0.0	"2.5"	"F0034"	0	0	"FR"	26.114	"fill-rg-di"	25.914	1	1	0	844.399	0.0	0.0	null	871.137	0.085
-0.4	0.0495	18937.5	2784.375	1368.75	NaN	NaN	NaN	0	0	1	0	0	1	0	0	0	0	0	0	1	0	0	0	0	0	0	0	1	0	0	0	1	-5.0	0.093	0.195	NaN	NaN	0.221	0.433	NaN	NaN	6.63	15.155	NaN	NaN	0.0	"2.5"	"F0034"	0	0	"FR"	35.949	"fill-rg-di"	35.749	1	1	0	844.399	0.0	0.0	null	880.972	0.092
0.2	0.04895	19875.0	3121.875	1078.125	NaN	NaN	NaN	0	0	1	0	0	1	0	0	0	0	0	0	1	0	0	0	0	0	0	0	1	0	0	0	1	2.0	0.127	0.166	NaN	NaN	0.302	0.369	NaN	NaN	9.06	12.915	NaN	NaN	0.0	"2.5"	"F0034"	0	0	"FR"	45.984	"fill-rg-di"	45.784	1	1	0	844.399	0.0	0.0	null	891.007	0.09
0.0	0.04785	187.5	2831.25	975.0	NaN	NaN	NaN	0	0	0	0	1	0	0	0	0	0	0	0	0	0	0	0	0	0	0	0	1	0	0	0	1	0.0	0.098	0.155	NaN	NaN	0.233	0.344	NaN	NaN	6.99	12.04	NaN	NaN	0.0	"2.5"	"F0034"	0	0	"FR"	56.019	"drain-rg"	5.418	1	1	0	844.399	0.0	0.0	null	901.042	0.09
-0.4	0.04785	0.0	2493.75	975.0	NaN	NaN	NaN	0	0	0	0	1	0	0	0	0	0	0	0	0	0	0	0	0	0	0	0	1	0	0	0	1	-5.0	0.064	0.155	NaN	NaN	0.152	0.344	NaN	NaN	4.56	12.04	NaN	NaN	0.0	"2.5"	"F0034"	0	0	"FR"	66.057	"drain-rg"	15.456	1	1	0	844.399	0.0	0.0	null	911.08	0.09
0.9	0.047575	-1875.0	2156.25	993.75	NaN	NaN	NaN	0	0	0	0	1	0	0	0	0	0	0	0	0	0	0	0	0	0	0	0	1	0	0	0	1	11.0	0.031	0.157	NaN	NaN	0.074	0.349	NaN	NaN	2.22	12.215	NaN	NaN	0.0	"2.5"	"F0034"	0	0	"FR"	76.093	"drain-rg"	25.492	1	1	0	844.399	0.0	0.0	null	921.116	0.084
-1.5	0.048125	-2437.5	1809.375	984.375	NaN	NaN	NaN	0	0	0	0	1	0	0	0	0	0	0	0	0	0	0	0	0	0	0	0	1	0	0	0	1	-18.0	-0.004	0.156	NaN	NaN	-0.01	0.347	NaN	NaN	-0.3	12.145	NaN	NaN	0.0	"2.5"	"F0034"	0	0	"FR"	86.13	"drip-rg"	1.004	1	1	0	844.399	0.0	0.0	null	931.153	0.081
0.7	0.047575	-3375.0	-18.75	975.0	NaN	NaN	NaN	0	0	0	0	1	0	0	0	0	0	0	0	0	0	0	0	0	0	0	0	1	0	0	0	1	8.0	-0.187	0.155	NaN	NaN	-0.445	0.344	NaN	NaN	-13.35	12.04	NaN	NaN	0.0	"2.5"	"F0034"	0	0	"FR"	96.168	"drip-rg"	11.042	1	1	0	844.399	0.0	0.0	null	941.191	0.084
0.2	0.047575	19312.5	1659.375	862.5	NaN	NaN	NaN	0	0	1	0	0	1	0	0	0	0	0	0	1	0	0	0	0	0	0	0	1	0	0	0	1	2.0	-0.019	0.144	NaN	NaN	-0.045	0.32	NaN	NaN	-1.35	11.2	NaN	NaN	0.0	"2.5"	"F0034"	0	0	"PR"	5.035	"fill-rg-di"	4.835	1	0	0	844.399	0.0	945.403	null	951.061	0.09
0.3	0.04565	18375.0	2137.5	600.0	NaN	NaN	NaN	0	0	1	0	0	1	0	0	0	0	0	0	1	0	0	0	0	0	0	0	1	0	0	0	1	4.0	0.029	0.118	NaN	NaN	0.069	0.262	NaN	NaN	2.07	9.17	NaN	NaN	0.0	"2.5"	"F0034"	0	0	"PR"	15.071	"fill-rg-di"	14.871	1	0	0	844.399	0.0	945.403	null	961.097	0.087
0.1	0.044275	18562.5	2465.625	328.125	NaN	NaN	NaN	0	0	1	0	0	1	0	0	0	0	0	0	1	0	0	0	0	0	0	0	1	0	0	0	1	1.0	0.062	0.091	NaN	NaN	0.148	0.202	NaN	NaN	4.44	7.07	NaN	NaN	0.0	"2.5"	"F0034"	0	0	"PR"	25.109	"fill-rg-di"	24.909	1	0	0	844.399	0.0	945.403	null	971.135	0.087
0.4	0.043175	17625.0	2784.375	28.125	NaN	NaN	NaN	0	0	1	0	0	1	0	0	0	0	0	0	1	0	0	0	0	0	0	0	1	0	0	0	1	5.0	0.093	0.061	NaN	NaN	0.221	0.136	NaN	NaN	6.63	4.76	NaN	NaN	0.0	"2.5"	"F0034"	0	0	"PR"	35.151	"fill-rg-di"	34.951	1	0	0	844.399	0.0	945.403	null	981.177	0.092
0.0	0.0429	1125.0	2784.375	375.0	NaN	NaN	NaN	1	0	0	0	0	0	0	0	0	0	0	0	0	1	0	0	0	0	0	0	1	0	0	0	1	0.0	0.093	0.096	NaN	NaN	0.221	0.213	NaN	NaN	6.63	7.455	NaN	NaN	0.0	"2.5"	"F0034"	0	0	"PR"	45.186	"fill-di-lb"	10.035	1	0	0	844.399	0.0	945.403	null	991.212	0.087
-0.1	0.043725	1125.0	2775.0	712.5	NaN	NaN	NaN	1	0	0	0	0	0	0	0	0	0	0	0	0	1	0	0	0	0	0	0	1	0	0	0	1	-1.0	0.093	0.129	NaN	NaN	0.221	0.287	NaN	NaN	6.63	10.045	NaN	NaN	0.0	"2.5"	"F0034"	0	0	"PR"	55.225	"fill-di-lb"	20.074	1	0	0	844.399	0.0	945.403	null	1001.251	0.09
0.2	0.0429	1500.0	2775.0	1059.375	NaN	NaN	NaN	1	0	0	0	0	0	0	0	0	0	0	0	0	1	0	0	0	0	0	0	1	0	0	0	1	2.0	0.093	0.164	NaN	NaN	0.221	0.364	NaN	NaN	6.63	12.74	NaN	NaN	0.0	"2.5"	"F0034"	0	0	"PR"	65.264	"fill-di-lb"	30.113	1	0	0	844.399	0.0	945.403	null	1011.29	0.086
-0.1	0.043175	2062.5	2775.0	1340.625	NaN	NaN	NaN	1	0	0	0	0	0	0	0	0	0	0	0	0	1	0	0	0	0	0	0	1	0	0	0	1	-1.0	0.093	0.192	NaN	NaN	0.221	0.427	NaN	NaN	6.63	14.945	NaN	NaN	0.0	"2.5"	"F0034"	0	0	"PR"	75.096	"fill-di-lb"	39.945	1	0	0	844.399	0.0	945.403	null	1021.122	0.089
0.0	0.0429	1875.0	2784.375	1650.0	NaN	NaN	NaN	1	0	0	0	0	0	0	0	0	0	0	0	0	1	0	0	0	0	0	0	1	0	0	0	1	0.0	0.093	0.223	NaN	NaN	0.221	0.496	NaN	NaN	6.63	17.36	NaN	NaN	0.0	"2.5"	"F0034"	0	0	"PR"	85.134	"fill-di-lb"	49.983	1	0	0	844.399	0.0	945.403	null	1031.16	0.091
0.1	0.043175	562.5	2737.5	1959.375	NaN	NaN	NaN	1	0	0	0	0	0	0	0	0	0	0	0	0	1	0	0	0	0	0	0	1	0	0	0	1	1.0	0.089	0.254	NaN	NaN	0.212	0.564	NaN	NaN	6.36	19.74	NaN	NaN	0.0	"2.5"	"F0034"	0	0	"PR"	95.171	"fill-di-lb"	60.02	1	0	0	844.399	0.0	945.403	null	1041.197	0.094
-0.8	0.043175	15937.5	2793.75	2221.875	NaN	NaN	NaN	0	0	1	0	0	1	0	0	0	0	0	0	1	0	0	0	0	0	0	0	1	0	0	0	1	-10.0	0.094	0.28	NaN	NaN	0.224	0.622	NaN	NaN	6.72	21.77	NaN	NaN	0.0	"2.5"	"F0034"	0	0	"PR"	105.209	"fill-rg-di"	1.404	1	0	0	844.399	0.0	945.403	null	1051.235	0.09
0.1	0.0429	1687.5	2953.125	2259.375	NaN	NaN	NaN	0	0	1	0	0	1	0	0	0	0	0	0	1	0	0	0	0	0	0	0	1	0	0	0	1	1.0	0.11	0.284	NaN	NaN	0.262	0.631	NaN	NaN	7.86	22.085	NaN	NaN	0.0	"2.5"	"F0034"	0	0	"PR"	115.248	"flush-rg-sc"	0.2	1	1	0	844.399	0.0	945.403	null	1061.274	0.096
12.7	0.041525	26437.5	2962.5	2634.375	NaN	NaN	NaN	0	1	1	0	0	0	0	0	0	0	0	0	1	0	0	0	0	1	1	1	0	1	1	1	0	152.0	0.111	0.321	NaN	NaN	0.264	0.713	NaN	NaN	7.92	24.955	NaN	NaN	0.0	"2.5"	"F0034"	1	1	"PR"	125.293	"deionize"	9.844	1	1	0	844.399	0.0	945.403	null	1071.319	0.09
12.8	0.040975	25875.0	2962.5	2606.25	NaN	NaN	NaN	0	1	1	0	0	0	0	0	0	0	0	0	1	0	0	0	0	1	1	1	0	1	1	1	0	154.0	0.111	0.319	NaN	NaN	0.264	0.709	NaN	NaN	7.92	24.815	NaN	NaN	0.0	"2.5"	"F0034"	1	1	"PR"	135.325	"deionize"	19.876	1	1	0	844.399	0.0	945.403	null	1081.351	0.09
12.6	0.04015	27187.5	2953.125	2625.0	NaN	NaN	NaN	0	1	1	0	0	0	0	0	0	0	0	0	1	0	0	0	0	1	1	1	0	1	1	1	0	151.0	0.11	0.321	NaN	NaN	0.262	0.713	NaN	NaN	7.86	24.955	NaN	NaN	0.0	"2.5"	"F0034"	1	1	"PR"	145.36	"deionize"	29.911	1	1	0	844.399	0.0	945.403	null	1091.386	0.092
12.2	0.03905	26437.5	2962.5	2606.25	NaN	NaN	NaN	0	1	1	0	0	0	0	0	0	0	0	0	1	0	0	0	0	1	1	1	0	1	1	1	0	146.0	0.111	0.319	NaN	NaN	0.264	0.709	NaN	NaN	7.92	24.815	NaN	NaN	0.0	"2.5"	"F0034"	1	1	"PR"	155.196	"deionize"	39.747	1	1	0	844.399	0.0	945.403	null	1101.222	0.086
12.3	0.037675	25125.0	2962.5	2568.75	NaN	NaN	NaN	0	1	1	0	0	0	0	0	0	0	0	0	1	0	0	0	0	1	1	1	0	1	1	1	0	148.0	0.111	0.315	NaN	NaN	0.264	0.7	NaN	NaN	7.92	24.5	NaN	NaN	0.0	"2.5"	"F0034"	1	1	"PR"	165.232	"deionize"	49.783	1	1	0	844.399	0.0	945.403	null	1111.258	0.087
13.0	0.0374	25687.5	2971.875	2662.5	NaN	NaN	NaN	0	1	1	0	0	0	0	0	0	0	0	0	1	0	0	0	0	1	1	1	0	1	1	1	0	156.0	0.112	0.324	NaN	NaN	0.267	0.72	NaN	NaN	8.01	25.2	NaN	NaN	0.0	"2.5"	"F0034"	1	1	"PR"	175.269	"deionize"	59.82	1	1	0	844.399	0.0	945.403	null	1121.295	0.09
12.9	0.03685	27562.5	2943.75	2540.625	NaN	NaN	NaN	0	1	1	0	0	0	0	0	0	0	0	0	1	0	0	0	0	1	1	1	0	1	1	1	0	155.0	0.109	0.312	NaN	NaN	0.26	0.693	NaN	NaN	7.8	24.255	NaN	NaN	0.0	"2.5"	"F0034"	1	1	"PR"	185.298	"deionize"	69.849	1	1	0	844.399	0.0	945.403	null	1131.324	0.091
11.0	0.036025	24375.0	2971.875	2653.125	NaN	NaN	NaN	0	1	1	0	0	0	0	0	0	0	0	0	1	0	0	0	0	1	1	1	0	1	1	1	0	132.0	0.112	0.323	NaN	NaN	0.267	0.718	NaN	NaN	8.01	25.13	NaN	NaN	0.0	"2.5"	"F0034"	1	1	"PR"	195.331	"deionize"	79.882	1	1	0	844.399	0.0	945.403	null	1141.357	0.092
13.0	0.036025	24187.5	2962.5	2596.875	NaN	NaN	NaN	0	1	1	0	0	0	0	0	0	0	0	0	1	0	0	0	0	1	1	1	0	1	1	1	0	156.0	0.111	0.318	NaN	NaN	0.264	0.707	NaN	NaN	7.92	24.745	NaN	NaN	0.0	"2.5"	"F0034"	1	1	"PR"	205.371	"deionize"	89.922	1	1	0	844.399	0.0	945.403	null	1151.397	0.087
12.4	0.0352	27000.0	2953.125	2596.875	NaN	NaN	NaN	0	1	1	0	0	0	0	0	0	0	0	0	1	0	0	0	0	1	1	1	0	1	1	1	0	149.0	0.11	0.318	NaN	NaN	0.262	0.707	NaN	NaN	7.86	24.745	NaN	NaN	0.0	"2.5"	"F0034"	1	1	"PR"	215.403	"deionize"	99.954	1	1	0	844.399	0.0	945.403	null	1161.429	0.09
12.5	0.034925	26437.5	2953.125	2559.375	NaN	NaN	NaN	0	1	1	0	0	0	0	0	0	0	0	0	1	0	0	0	0	1	1	1	0	1	1	1	0	150.0	0.11	0.314	NaN	NaN	0.262	0.698	NaN	NaN	7.86	24.43	NaN	NaN	0.0	"2.5"	"F0034"	1	1	"PR"	225.437	"deionize"	109.988	1	1	0	844.399	0.0	945.403	null	1171.463	0.091
13.2	0.034375	24750.0	2953.125	2690.625	NaN	NaN	NaN	0	1	1	0	0	0	0	0	0	0	0	0	1	0	0	0	0	1	1	1	0	1	1	1	0	158.0	0.11	0.327	NaN	NaN	0.262	0.727	NaN	NaN	7.86	25.445	NaN	NaN	0.0	"2.5"	"F0034"	1	1	"PR"	235.27	"deionize"	119.821	1	1	0	844.399	0.0	945.403	null	1181.296	0.084
12.0	0.033825	26812.5	2953.125	2587.5	NaN	NaN	NaN	0	1	1	0	0	0	0	0	0	0	0	0	1	0	0	0	0	1	1	1	0	1	1	1	0	144.0	0.11	0.317	NaN	NaN	0.262	0.704	NaN	NaN	7.86	24.64	NaN	NaN	0.0	"2.5"	"F0034"	1	1	"PR"	245.305	"deionize"	129.856	1	1	0	844.399	0.0	945.403	null	1191.331	0.087
12.8	0.033	27562.5	2943.75	2587.5	NaN	NaN	NaN	0	1	1	0	0	0	0	0	0	0	0	0	1	0	0	0	0	1	1	1	0	1	1	1	0	154.0	0.109	0.317	NaN	NaN	0.26	0.704	NaN	NaN	7.8	24.64	NaN	NaN	0.0	"2.5"	"F0034"	1	1	"PR"	255.342	"deionize"	139.893	1	1	0	844.399	0.0	945.403	null	1201.368	0.088
12.8	0.0319	26812.5	2934.375	2643.75	NaN	NaN	NaN	0	1	1	0	0	0	0	0	0	0	0	0	1	0	0	0	0	1	1	1	0	1	1	1	0	154.0	0.108	0.322	NaN	NaN	0.257	0.716	NaN	NaN	7.71	25.06	NaN	NaN	0.0	"2.5"	"F0034"	1	1	"PR"	265.378	"deionize"	149.929	1	1	0	844.399	0.0	945.403	null	1211.404	0.086
13.0	0.031625	24937.5	2971.875	2550.0	NaN	NaN	NaN	0	1	1	0	0	0	0	0	0	0	0	0	1	0	0	0	0	1	1	1	0	1	1	1	0	156.0	0.112	0.313	NaN	NaN	0.267	0.696	NaN	NaN	8.01	24.36	NaN	NaN	0.0	"2.5"	"F0034"	1	1	"PR"	275.412	"deionize"	159.963	1	1	0	844.399	0.0	945.403	null	1221.438	0.09
13.1	0.03135	23812.5	2962.5	2568.75	NaN	NaN	NaN	0	1	1	0	0	0	0	0	0	0	0	0	1	0	0	0	0	1	1	1	0	1	1	1	0	157.0	0.111	0.315	NaN	NaN	0.264	0.7	NaN	NaN	7.92	24.5	NaN	NaN	0.0	"2.5"	"F0034"	1	1	"PR"	285.453	"deionize"	170.004	1	1	0	844.399	0.0	945.403	null	1231.479	0.089
12.2	0.03025	25687.5	2990.625	2550.0	NaN	NaN	NaN	0	1	1	0	0	0	0	0	0	0	0	0	1	0	0	0	0	1	1	1	0	1	1	1	0	146.0	0.114	0.313	NaN	NaN	0.271	0.696	NaN	NaN	8.13	24.36	NaN	NaN	0.0	"2.5"	"F0034"	1	1	"PR"	295.488	"deionize"	180.039	1	1	0	844.399	0.0	945.403	null	1241.514	0.086
12.5	0.030525	27187.5	2953.125	2587.5	NaN	NaN	NaN	0	1	1	0	0	0	0	0	0	0	0	0	1	0	0	0	0	1	1	1	0	1	1	1	0	150.0	0.11	0.317	NaN	NaN	0.262	0.704	NaN	NaN	7.86	24.64	NaN	NaN	0.0	"2.5"	"F0034"	1	1	"PR"	305.521	"deionize"	190.072	1	1	0	844.399	0.0	945.403	null	1251.547	0.093
12.0	0.0297	27187.5	2962.5	2596.875	NaN	NaN	NaN	0	1	1	0	0	0	0	0	0	0	0	0	1	0	0	0	0	1	1	1	0	1	1	1	0	144.0	0.111	0.318	NaN	NaN	0.264	0.707	NaN	NaN	7.92	24.745	NaN	NaN	0.0	"2.5"	"F0034"	1	1	"PR"	315.36	"deionize"	199.911	1	1	0	844.399	0.0	945.403	null	1261.386	0.085
12.4	0.0297	26625.0	2962.5	2625.0	NaN	NaN	NaN	0	1	1	0	0	0	0	0	0	0	0	0	1	0	0	0	0	1	1	1	0	1	1	1	0	149.0	0.111	0.321	NaN	NaN	0.264	0.713	NaN	NaN	7.92	24.955	NaN	NaN	0.0	"2.5"	"F0034"	1	1	"PR"	325.397	"deionize"	209.948	1	1	0	844.399	0.0	945.403	null	1271.423	0.084
12.0	0.02915	26062.5	2943.75	2615.625	NaN	NaN	NaN	0	1	1	0	0	0	0	0	0	0	0	0	1	0	0	0	0	1	1	1	0	1	1	1	0	144.0	0.109	0.32	NaN	NaN	0.26	0.711	NaN	NaN	7.8	24.885	NaN	NaN	0.0	"2.5"	"F0034"	1	1	"PR"	335.437	"deionize"	219.988	1	1	0	844.399	0.0	945.403	null	1281.463	0.088
12.3	0.028325	24187.5	2962.5	2550.0	NaN	NaN	NaN	0	1	1	0	0	0	0	0	0	0	0	0	1	0	0	0	0	1	1	1	0	1	1	1	0	148.0	0.111	0.313	NaN	NaN	0.264	0.696	NaN	NaN	7.92	24.36	NaN	NaN	0.0	"2.5"	"F0034"	1	1	"PR"	345.471	"deionize"	230.022	1	1	0	844.399	0.0	945.403	null	1291.497	0.084
11.6	0.02805	25312.5	2962.5	2559.375	NaN	NaN	NaN	0	1	1	0	0	0	0	0	0	0	0	0	1	0	0	0	0	1	1	1	0	1	1	1	0	139.0	0.111	0.314	NaN	NaN	0.264	0.698	NaN	NaN	7.92	24.43	NaN	NaN	0.0	"2.5"	"F0034"	1	1	"PR"	355.508	"deionize"	240.059	1	1	0	844.399	0.0	945.403	null	1301.534	0.087
11.2	0.027775	24187.5	2962.5	2512.5	NaN	NaN	NaN	0	1	1	0	0	0	0	0	0	0	0	0	1	0	0	0	1	1	1	1	0	1	1	1	0	134.0	0.111	0.309	NaN	NaN	0.264	0.687	NaN	NaN	7.92	24.045	NaN	NaN	0.0	"2.5"	"F0034"	1	1	"PR"	365.455	"deionize-uv"	9.947	1	1	0	844.399	0.0	945.403	null	1311.481	0.091
11.2	0.0275	24187.5	2971.875	2625.0	NaN	NaN	NaN	0	1	1	0	0	0	0	0	0	0	0	0	1	0	0	0	1	1	1	1	0	1	1	1	0	134.0	0.112	0.321	NaN	NaN	0.267	0.713	NaN	NaN	8.01	24.955	NaN	NaN	0.0	"2.5"	"F0034"	1	1	"PR"	375.493	"deionize-uv"	19.985	1	1	0	844.399	0.0	945.403	null	1321.519	0.083
10.4	0.027225	24562.5	2943.75	2625.0	NaN	NaN	NaN	0	1	1	0	0	0	0	0	0	0	0	0	1	0	0	0	1	1	1	1	0	1	1	1	0	125.0	0.109	0.321	NaN	NaN	0.26	0.713	NaN	NaN	7.8	24.955	NaN	NaN	0.0	"2.5"	"F0034"	1	1	"PR"	385.534	"deionize-uv"	30.026	1	1	0	844.399	0.0	945.403	null	1331.56	0.083
10.5	0.0264	24000.0	2962.5	2587.5	NaN	NaN	NaN	0	1	1	0	0	0	0	0	0	0	0	0	1	0	0	0	1	1	1	1	0	1	1	1	0	126.0	0.111	0.317	NaN	NaN	0.264	0.704	NaN	NaN	7.92	24.64	NaN	NaN	0.0	"2.5"	"F0034"	1	1	"PR"	395.574	"deionize-uv"	40.066	1	1	0	844.399	0.0	945.403	null	1341.6	0.083
10.1	0.02695	25500.0	2953.125	2587.5	NaN	NaN	NaN	0	1	1	0	0	0	0	0	0	0	0	0	1	0	0	0	1	1	1	1	0	1	1	1	0	121.0	0.11	0.317	NaN	NaN	0.262	0.704	NaN	NaN	7.86	24.64	NaN	NaN	0.0	"2.5"	"F0034"	1	1	"PR"	405.608	"deionize-uv"	50.1	1	1	0	844.399	0.0	945.403	null	1351.634	0.086
10.8	0.026125	26812.5	2971.875	2625.0	NaN	NaN	NaN	0	1	1	0	0	0	0	0	0	0	0	0	1	0	0	0	1	1	1	1	0	1	1	1	0	130.0	0.112	0.321	NaN	NaN	0.267	0.713	NaN	NaN	8.01	24.955	NaN	NaN	0.0	"2.5"	"F0034"	1	1	"PR"	415.645	"deionize-uv"	60.137	1	1	0	844.399	0.0	945.403	null	1361.671	0.088
10.8	0.025575	27562.5	2962.5	2559.375	NaN	NaN	NaN	0	1	1	0	0	0	0	0	0	0	0	0	1	0	0	0	1	1	1	1	0	1	1	1	0	130.0	0.111	0.314	NaN	NaN	0.264	0.698	NaN	NaN	7.92	24.43	NaN	NaN	0.0	"2.5"	"F0034"	1	1	"PR"	425.682	"deionize-uv"	70.174	1	1	0	844.399	0.0	945.403	null	1371.708	0.086
11.6	0.025575	26812.5	2962.5	2615.625	NaN	NaN	NaN	0	1	1	0	0	0	0	0	0	0	0	0	1	0	0	0	1	1	1	1	0	1	1	1	0	139.0	0.111	0.32	NaN	NaN	0.264	0.711	NaN	NaN	7.92	24.885	NaN	NaN	0.0	"2.5"	"F0034"	1	1	"PR"	435.518	"deionize-uv"	80.01	1	1	0	844.399	0.0	945.403	null	1381.544	0.084
10.3	0.0253	26437.5	2953.125	2606.25	NaN	NaN	NaN	0	1	1	0	0	0	0	0	0	0	0	0	1	0	0	0	1	1	1	1	0	1	1	1	0	124.0	0.11	0.319	NaN	NaN	0.262	0.709	NaN	NaN	7.86	24.815	NaN	NaN	0.0	"2.5"	"F0034"	1	1	"PR"	445.557	"deionize-uv"	90.049	1	1	0	844.399	0.0	945.403	null	1391.583	0.085
10.4	0.025025	24562.5	2971.875	2596.875	NaN	NaN	NaN	0	1	1	0	0	0	0	0	0	0	0	0	1	0	0	0	1	1	1	1	0	1	1	1	0	125.0	0.112	0.318	NaN	NaN	0.267	0.707	NaN	NaN	8.01	24.745	NaN	NaN	0.0	"2.5"	"F0034"	1	1	"PR"	455.591	"deionize-uv"	100.083	1	1	0	844.399	0.0	945.403	null	1401.617	0.086
10.2	0.02475	25875.0	2971.875	2596.875	NaN	NaN	NaN	0	1	1	0	0	0	0	0	0	0	0	0	1	0	0	0	1	1	1	1	0	1	1	1	0	122.0	0.112	0.318	NaN	NaN	0.267	0.707	NaN	NaN	8.01	24.745	NaN	NaN	0.0	"2.5"	"F0034"	1	1	"PR"	465.629	"deionize-uv"	110.121	1	1	0	844.399	0.0	945.403	null	1411.655	0.084
9.7	0.024475	26062.5	2981.25	2606.25	NaN	NaN	NaN	0	1	1	0	0	0	0	0	0	0	0	0	1	0	0	0	1	1	1	1	0	1	1	1	0	116.0	0.113	0.319	NaN	NaN	0.269	0.709	NaN	NaN	8.07	24.815	NaN	NaN	0.0	"2.5"	"F0034"	1	1	"PR"	475.668	"deionize-uv"	120.16	1	1	0	844.399	0.0	945.403	null	1421.694	0.083
9.7	0.024475	32250.0	2953.125	2025.0	NaN	NaN	NaN	0	0	1	0	0	0	0	1	0	0	0	0	1	0	0	0	1	1	1	1	0	1	1	1	0	116.0	0.11	0.261	NaN	NaN	0.262	0.58	NaN	NaN	7.86	20.3	NaN	NaN	0.0	"2.5"	"F0034"	1	1	"PR"	485.753	"drip-di-1"	9.162	1	1	0	844.399	0.0	945.403	null	1431.779	0.086
-12.1	0.024475	18187.5	2821.875	1996.875	NaN	NaN	NaN	1	0	0	0	0	1	1	0	0	0	0	0	1	1	0	0	0	1	1	0	1	1	1	0	1	-145.0	0.097	0.258	NaN	NaN	0.231	0.573	NaN	NaN	6.93	20.055	NaN	NaN	0.0	"2.5"	"F0034"	1	0	"PR"	495.754	"reverse-f"	3.977	1	1	0	844.399	0.0	945.403	null	1441.78	0.088
-11.0	0.0253	20437.5	2775.0	2259.375	NaN	NaN	NaN	0	0	0	0	0	1	1	0	0	0	0	0	1	0	0	0	0	1	1	0	1	1	1	0	1	-132.0	0.093	0.284	NaN	NaN	0.221	0.631	NaN	NaN	6.63	22.085	NaN	NaN	0.0	"2.5"	"F0034"	1	0	"PR"	505.696	"reverse"	13.919	1	1	0	844.399	0.0	945.403	null	1451.722	0.083
-11.3	0.02805	18375.0	2803.125	2268.75	NaN	NaN	NaN	0	0	0	0	0	1	1	0	0	0	0	0	1	0	0	0	0	1	1	0	1	1	1	0	1	-136.0	0.095	0.285	NaN	NaN	0.226	0.633	NaN	NaN	6.78	22.155	NaN	NaN	0.0	"2.5"	"F0034"	1	0	"PR"	515.73	"reverse"	23.953	1	1	0	844.399	0.0	945.403	null	1461.756	0.083
-11.3	0.0308	18187.5	2803.125	2259.375	NaN	NaN	NaN	0	0	0	0	0	1	1	0	0	0	0	0	1	0	0	0	0	1	1	0	1	1	1	0	1	-136.0	0.095	0.284	NaN	NaN	0.226	0.631	NaN	NaN	6.78	22.085	NaN	NaN	0.0	"2.5"	"F0034"	1	0	"PR"	525.77	"reverse"	33.993	1	1	0	844.399	0.0	945.403	null	1471.796	0.083
-11.7	0.03355	18937.5	2821.875	2278.125	NaN	NaN	NaN	0	0	0	0	0	1	1	0	0	0	0	0	1	0	0	0	0	1	1	0	1	1	1	0	1	-140.0	0.097	0.286	NaN	NaN	0.231	0.636	NaN	NaN	6.93	22.26	NaN	NaN	0.0	"2.5"	"F0034"	1	0	"PR"	535.806	"reverse"	44.029	1	1	0	844.399	0.0	945.403	null	1481.832	0.083
-12.0	0.037125	19312.5	2840.625	2278.125	NaN	NaN	NaN	0	0	0	0	0	1	1	0	0	0	0	0	1	0	0	0	0	1	1	0	1	1	1	0	1	-144.0	0.099	0.286	NaN	NaN	0.236	0.636	NaN	NaN	7.08	22.26	NaN	NaN	0.0	"2.5"	"F0034"	1	0	"PR"	545.646	"reverse"	53.869	1	1	0	844.399	0.0	945.403	null	1491.672	0.092
-11.8	0.040425	19312.5	2850.0	2278.125	NaN	NaN	NaN	0	0	0	0	0	1	1	0	0	0	0	0	1	0	0	0	0	1	1	0	1	1	1	0	1	-142.0	0.1	0.286	NaN	NaN	0.238	0.636	NaN	NaN	7.14	22.26	NaN	NaN	0.0	"2.5"	"F0034"	1	0	"PR"	555.678	"reverse"	63.901	1	1	0	844.399	0.0	945.403	null	1501.704	0.09
-12.0	0.042625	19687.5	2821.875	2278.125	NaN	NaN	NaN	0	0	0	0	0	1	1	0	0	0	0	0	1	0	0	0	0	1	1	0	1	1	1	0	1	-144.0	0.097	0.286	NaN	NaN	0.231	0.636	NaN	NaN	6.93	22.26	NaN	NaN	0.0	"2.5"	"F0034"	1	0	"PR"	565.715	"reverse"	73.938	1	1	0	844.399	0.0	945.403	null	1511.741	0.09
-12.3	0.044	18000.0	2821.875	2268.75	NaN	NaN	NaN	0	0	0	0	0	1	1	0	0	0	0	0	1	0	0	0	0	1	1	0	1	1	1	0	1	-148.0	0.097	0.285	NaN	NaN	0.231	0.633	NaN	NaN	6.93	22.155	NaN	NaN	0.0	"2.5"	"F0034"	1	0	"PR"	575.75	"reverse"	83.973	1	1	0	844.399	0.0	945.403	null	1521.776	0.086
-11.3	0.0451	19125.0	2821.875	2268.75	NaN	NaN	NaN	0	0	0	0	0	1	1	0	0	0	0	0	1	0	0	0	0	1	1	0	1	1	1	0	1	-136.0	0.097	0.285	NaN	NaN	0.231	0.633	NaN	NaN	6.93	22.155	NaN	NaN	0.0	"2.5"	"F0034"	1	0	"PR"	585.787	"reverse"	94.01	1	1	0	844.399	0.0	945.403	null	1531.813	0.083
-12.0	0.045375	18937.5	2821.875	2268.75	NaN	NaN	NaN	0	0	0	0	0	1	1	0	0	0	0	0	1	0	0	0	0	1	1	0	1	1	1	0	1	-144.0	0.097	0.285	NaN	NaN	0.231	0.633	NaN	NaN	6.93	22.155	NaN	NaN	0.0	"2.5"	"F0034"	1	0	"PR"	595.823	"reverse"	104.046	1	1	0	844.399	0.0	945.403	null	1541.849	0.083
-12.2	0.0462	19875.0	2793.75	2287.5	NaN	NaN	NaN	0	0	0	0	0	1	1	0	0	0	0	0	1	0	0	0	0	1	1	0	1	1	1	0	1	-146.0	0.094	0.287	NaN	NaN	0.224	0.638	NaN	NaN	6.72	22.33	NaN	NaN	0.0	"2.5"	"F0034"	1	0	"PR"	605.86	"reverse"	114.083	1	1	0	844.399	0.0	945.403	null	1551.886	0.085
-12.0	0.0462	20437.5	2821.875	2259.375	NaN	NaN	NaN	0	0	0	0	0	1	1	0	0	0	0	0	1	0	0	0	0	1	1	0	1	1	1	0	1	-144.0	0.097	0.284	NaN	NaN	0.231	0.631	NaN	NaN	6.93	22.085	NaN	NaN	0.0	"2.5"	"F0034"	1	0	"PR"	615.899	"reverse"	124.122	1	1	0	844.399	0.0	945.403	null	1561.925	0.086
-11.7	0.0462	19875.0	2765.625	2250.0	NaN	NaN	NaN	0	0	0	0	0	1	1	0	0	0	0	0	1	0	0	0	0	1	1	0	1	1	1	0	1	-140.0	0.092	0.283	NaN	NaN	0.219	0.629	NaN	NaN	6.57	22.015	NaN	NaN	0.0	"2.5"	"F0034"	1	0	"PR"	625.738	"reverse"	133.961	1	1	0	844.399	0.0	945.403	null	1571.764	0.088
-11.8	0.046475	19125.0	2812.5	2250.0	NaN	NaN	NaN	0	0	0	0	0	1	1	0	0	0	0	0	1	0	0	0	0	1	1	0	1	1	1	0	1	-142.0	0.096	0.283	NaN	NaN	0.229	0.629	NaN	NaN	6.87	22.015	NaN	NaN	0.0	"2.5"	"F0034"	1	0	"PR"	635.775	"reverse"	143.998	1	1	0	844.399	0.0	945.403	null	1581.801	0.09
-1.9	0.0473	-375.0	2981.25	2278.125	NaN	NaN	NaN	0	0	0	0	0	0	0	0	0	0	0	0	0	0	0	0	0	0	0	0	1	0	0	0	1	-23.0	0.113	0.286	NaN	NaN	0.269	0.636	NaN	NaN	8.07	22.26	NaN	NaN	0.0	"2.5"	"F0034"	0	0	"PR"	645.905	"diffuse"	4.107	1	1	1	844.399	0.0	945.403	null	1591.931	0.084
-1.9	0.0462	-375.0	2981.25	2287.5	NaN	NaN	NaN	0	0	0	0	0	0	0	0	0	0	0	0	0	0	0	0	0	0	0	0	1	0	0	0	1	-23.0	0.113	0.287	NaN	NaN	0.269	0.638	NaN	NaN	8.07	22.33	NaN	NaN	0.0	"2.5"	"F0034"	0	0	"PR"	655.944	"diffuse"	14.146	1	1	1	844.399	0.0	945.403	null	1601.97	0.088
-2.4	0.0473	1875.0	2981.25	2287.5	NaN	NaN	NaN	0	0	0	0	0	0	0	0	0	0	0	0	0	0	0	0	0	0	0	0	1	0	0	0	1	-29.0	0.113	0.287	NaN	NaN	0.269	0.638	NaN	NaN	8.07	22.33	NaN	NaN	0.0	"2.5"	"F0034"	0	0	"PR"	665.777	"diffuse"	23.979	1	1	1	844.399	0.0	945.403	null	1611.803	0.087
-12.1	0.046475	20062.5	2812.5	2259.375	NaN	NaN	NaN	0	0	0	0	0	1	1	0	0	0	0	0	1	0	0	0	0	1	1	0	1	1	1	0	1	-145.0	0.096	0.284	NaN	NaN	0.229	0.631	NaN	NaN	6.87	22.085	NaN	NaN	0.0	"2.5"	"F0034"	1	0	"PR"	675.9	"wash-en"	3.903	1	1	1	844.399	0.0	945.403	null	1621.926	0.09
-11.3	0.0473	19500.0	2821.875	2250.0	NaN	NaN	NaN	0	0	0	0	0	1	1	0	0	0	0	0	1	0	0	0	0	1	1	0	1	1	1	0	1	-136.0	0.097	0.283	NaN	NaN	0.231	0.629	NaN	NaN	6.93	22.015	NaN	NaN	0.0	"2.5"	"F0034"	1	0	"PR"	685.938	"wash-en"	13.941	1	1	1	844.399	0.0	945.403	null	1631.964	0.091
-1.2	0.0484	19125.0	2840.625	2278.125	NaN	NaN	NaN	0	0	0	0	0	1	1	0	0	0	0	0	1	0	0	0	0	0	0	0	1	0	0	0	1	-14.0	0.099	0.286	NaN	NaN	0.236	0.636	NaN	NaN	7.08	22.26	NaN	NaN	0.0	"2.5"	"F0034"	0	0	"PR"	695.864	"wash-sc"	3.703	1	1	1	844.399	0.0	945.403	null	1641.89	0.09
-1.2	0.0484	937.5	2981.25	2278.125	NaN	NaN	NaN	0	0	0	0	0	0	0	0	0	0	0	0	0	0	0	0	0	0	0	0	1	0	0	0	1	-14.0	0.113	0.286	NaN	NaN	0.269	0.636	NaN	NaN	8.07	22.26	NaN	NaN	0.0	"2.5"	"F0034"	0	0	"PR"	705.898	"diffuse"	3.613	1	1	2	844.399	0.0	945.403	null	1651.924	0.09
-1.5	0.0484	1312.5	2981.25	2278.125	NaN	NaN	NaN	0	0	0	0	0	0	0	0	0	0	0	0	0	0	0	0	0	0	0	0	1	0	0	0	1	-18.0	0.113	0.286	NaN	NaN	0.269	0.636	NaN	NaN	8.07	22.26	NaN	NaN	0.0	"2.5"	"F0034"	0	0	"PR"	715.936	"diffuse"	13.651	1	1	2	844.399	0.0	945.403	null	1661.962	0.09
-1.2	0.048125	1125.0	2981.25	2306.25	NaN	NaN	NaN	0	0	0	0	0	0	0	0	0	0	0	0	0	0	0	0	0	0	0	0	1	0	0	0	1	-14.0	0.113	0.289	NaN	NaN	0.269	0.642	NaN	NaN	8.07	22.47	NaN	NaN	0.0	"2.5"	"F0034"	0	0	"PR"	725.975	"diffuse"	23.69	1	1	2	844.399	0.0	945.403	null	1672.001	0.087
-12.0	0.04785	19125.0	2812.5	2240.625	NaN	NaN	NaN	0	0	0	0	0	1	1	0	0	0	0	0	1	0	0	0	0	1	1	0	1	1	1	0	1	-144.0	0.096	0.282	NaN	NaN	0.229	0.627	NaN	NaN	6.87	21.945	NaN	NaN	0.0	"2.5"	"F0034"	1	0	"PR"	735.904	"wash-en"	3.504	1	1	2	844.399	0.0	945.403	null	1681.93	0.089
-12.3	0.0484	18375.0	2784.375	2268.75	NaN	NaN	NaN	0	0	0	0	0	1	1	0	0	0	0	0	1	0	0	0	0	1	1	0	1	1	1	0	1	-148.0	0.093	0.285	NaN	NaN	0.221	0.633	NaN	NaN	6.63	22.155	NaN	NaN	0.0	"2.5"	"F0034"	1	0	"PR"	745.947	"wash-en"	13.547	1	1	2	844.399	0.0	945.403	null	1691.973	0.092
-2.1	0.048675	20625.0	2803.125	2287.5	NaN	NaN	NaN	0	0	0	0	0	1	1	0	0	0	0	0	1	0	0	0	0	0	0	0	1	0	0	0	1	-25.0	0.095	0.287	NaN	NaN	0.226	0.638	NaN	NaN	6.78	22.33	NaN	NaN	0.0	"2.5"	"F0034"	0	0	"PR"	755.875	"wash-sc"	3.306	1	1	2	844.399	0.0	945.403	null	1701.901	0.086
-0.1	0.048675	-937.5	2981.25	2287.5	NaN	NaN	NaN	0	0	0	0	0	0	0	0	0	0	0	0	0	0	0	0	0	0	0	0	1	0	0	0	1	-1.0	0.113	0.287	NaN	NaN	0.269	0.638	NaN	NaN	8.07	22.33	NaN	NaN	0.0	"2.5"	"F0034"	0	0	"PR"	765.908	"diffuse"	3.209	1	1	3	844.399	0.0	945.403	null	1711.934	0.09
-0.8	0.0484	0.0	2981.25	2287.5	NaN	NaN	NaN	0	0	0	0	0	0	0	0	0	0	0	0	0	0	0	0	0	0	0	0	1	0	0	0	1	-10.0	0.113	0.287	NaN	NaN	0.269	0.638	NaN	NaN	8.07	22.33	NaN	NaN	0.0	"2.5"	"F0034"	0	0	"PR"	775.946	"diffuse"	13.247	1	1	3	844.399	0.0	945.403	null	1721.972	0.09
-0.8	0.04895	187.5	2981.25	2278.125	NaN	NaN	NaN	0	0	0	0	0	0	0	0	0	0	0	0	0	0	0	0	0	0	0	0	1	0	0	0	1	-10.0	0.113	0.286	NaN	NaN	0.269	0.636	NaN	NaN	8.07	22.26	NaN	NaN	0.0	"2.5"	"F0034"	0	0	"PR"	785.978	"diffuse"	23.279	1	1	3	844.399	0.0	945.403	null	1732.004	0.09
-11.9	0.048125	19312.5	2784.375	2268.75	NaN	NaN	NaN	0	0	0	0	0	1	1	0	0	0	0	0	1	0	0	0	0	1	1	0	1	1	1	0	1	-143.0	0.093	0.285	NaN	NaN	0.221	0.633	NaN	NaN	6.63	22.155	NaN	NaN	0.0	"2.5"	"F0034"	1	0	"PR"	796.098	"wash-en"	3.297	1	1	3	844.399	0.0	945.403	null	1742.124	0.09
-10.5	0.048125	20625.0	2793.75	2278.125	NaN	NaN	NaN	0	0	0	0	0	1	1	0	0	0	0	0	1	0	0	0	0	1	1	0	1	1	1	0	1	-126.0	0.094	0.286	NaN	NaN	0.224	0.636	NaN	NaN	6.72	22.26	NaN	NaN	0.0	"2.5"	"F0034"	1	0	"PR"	805.934	"wash-en"	13.133	1	1	3	844.399	0.0	945.403	null	1751.96	0.086
-0.1	0.0484	18937.5	2821.875	2259.375	NaN	NaN	NaN	0	0	0	0	0	1	1	0	0	0	0	0	1	0	0	0	0	0	0	0	1	0	0	0	1	-1.0	0.097	0.284	NaN	NaN	0.231	0.631	NaN	NaN	6.93	22.085	NaN	NaN	0.0	"2.5"	"F0034"	0	0	"PR"	816.067	"wash-sc"	3.106	1	1	3	844.399	0.0	945.403	null	1762.093	0.087
-0.8	0.0484	-187.5	2981.25	2240.625	NaN	NaN	NaN	0	0	0	0	0	0	0	0	0	0	0	0	0	0	0	0	0	0	0	0	1	0	0	0	1	-10.0	0.113	0.282	NaN	NaN	0.269	0.627	NaN	NaN	8.07	21.945	NaN	NaN	0.0	"2.5"	"F0034"	0	0	"PR"	826.103	"diffuse"	3.011	1	1	4	844.399	0.0	945.403	null	1772.129	0.09
-0.6	0.0484	375.0	2990.625	2278.125	NaN	NaN	NaN	0	0	0	0	0	0	0	0	0	0	0	0	0	0	0	0	0	0	0	0	1	0	0	0	1	-7.0	0.114	0.286	NaN	NaN	0.271	0.636	NaN	NaN	8.13	22.26	NaN	NaN	0.0	"2.5"	"F0034"	0	0	"PR"	836.143	"diffuse"	13.051	1	1	4	844.399	0.0	945.403	null	1782.169	0.092
-0.6	0.0484	375.0	2971.875	2287.5	NaN	NaN	NaN	0	0	0	0	0	0	0	0	0	0	0	0	0	0	0	0	0	0	0	0	1	0	0	0	1	-7.0	0.112	0.287	NaN	NaN	0.267	0.638	NaN	NaN	8.01	22.33	NaN	NaN	0.0	"2.5"	"F0034"	0	0	"PR"	845.977	"diffuse"	22.885	1	1	4	844.399	0.0	945.403	null	1792.003	0.086
-12.0	0.0484	19687.5	2803.125	2240.625	NaN	NaN	NaN	0	0	0	0	0	1	1	0	0	0	0	0	1	0	0	0	0	1	1	0	1	1	1	0	1	-144.0	0.095	0.282	NaN	NaN	0.226	0.627	NaN	NaN	6.78	21.945	NaN	NaN	0.0	"2.5"	"F0034"	1	0	"PR"	856.101	"wash-en"	2.899	1	1	4	844.399	0.0	945.403	null	1802.127	0.09
-11.9	0.0484	20625.0	2793.75	2259.375	NaN	NaN	NaN	0	0	0	0	0	1	1	0	0	0	0	0	1	0	0	0	0	1	1	0	1	1	1	0	1	-143.0	0.094	0.284	NaN	NaN	0.224	0.631	NaN	NaN	6.72	22.085	NaN	NaN	0.0	"2.5"	"F0034"	1	0	"PR"	866.135	"wash-en"	12.933	1	1	4	844.399	0.0	945.403	null	1812.161	0.088
0.9	0.048125	18750.0	2821.875	2278.125	NaN	NaN	NaN	0	0	0	0	0	1	1	0	0	0	0	0	1	0	0	0	0	0	0	0	1	0	0	0	1	11.0	0.097	0.286	NaN	NaN	0.231	0.636	NaN	NaN	6.93	22.26	NaN	NaN	0.0	"2.5"	"F0034"	0	0	"PR"	876.065	"wash-sc"	2.702	1	1	4	844.399	0.0	945.403	null	1822.091	0.084
-0.2	0.048125	-3187.5	2690.625	2287.5	NaN	NaN	NaN	0	0	0	0	1	0	0	0	0	0	0	0	0	0	0	0	0	0	0	0	1	0	0	0	1	-2.0	0.084	0.287	NaN	NaN	0.2	0.638	NaN	NaN	6.0	22.33	NaN	NaN	0.0	"2.5"	"F0034"	0	0	"PR"	886.1	"drain-rg"	2.611	1	1	4	844.399	0.0	945.403	null	1832.126	0.083
-0.8	0.0484	-2437.5	2362.5	2278.125	NaN	NaN	NaN	0	0	0	0	1	0	0	0	0	0	0	0	0	0	0	0	0	0	0	0	1	0	0	0	1	-10.0	0.051	0.286	NaN	NaN	0.121	0.636	NaN	NaN	3.63	22.26	NaN	NaN	0.0	"2.5"	"F0034"	0	0	"PR"	896.139	"drain-rg"	12.65	1	1	4	844.399	0.0	945.403	null	1842.165	0.087
0.6	0.0484	-1312.5	2006.25	2278.125	NaN	NaN	NaN	0	0	0	0	1	0	0	0	0	0	0	0	0	0	0	0	0	0	0	0	1	0	0	0	1	7.0	0.016	0.286	NaN	NaN	0.038	0.636	NaN	NaN	1.14	22.26	NaN	NaN	0.0	"2.5"	"F0034"	0	0	"PR"	906.174	"drain-rg"	22.685	1	1	4	844.399	0.0	945.403	null	1852.2	0.087
-0.2	0.048675	-1312.5	1537.5	2287.5	NaN	NaN	NaN	0	0	0	0	1	0	0	0	0	0	0	0	0	0	0	0	0	0	0	0	1	0	0	0	1	-2.0	-0.031	0.287	NaN	NaN	-0.074	0.638	NaN	NaN	-2.22	22.33	NaN	NaN	0.0	"2.5"	"F0034"	0	0	"PR"	916.213	"drip-rg"	6.023	1	1	4	844.399	0.0	945.403	null	1862.239	0.089
0.5	0.048125	-562.5	9.375	2278.125	NaN	NaN	NaN	0	0	0	0	0	0	0	0	0	0	0	0	0	0	0	0	0	0	0	0	1	0	0	0	1	6.0	-0.184	0.286	NaN	NaN	-0.438	0.636	NaN	NaN	-13.14	22.26	NaN	NaN	0.0	"2.5"	"F0034"	0	0	"ID"	0.625	"sby"	0.201	2	0	0	1871.476	0.0	945.403	null	1872.101	0.085
1.3	0.047575	18375.0	1931.25	2034.375	NaN	NaN	NaN	0	0	1	0	0	1	0	0	0	0	0	0	1	0	0	0	0	0	0	0	1	0	0	0	1	16.0	0.008	0.261	NaN	NaN	0.019	0.58	NaN	NaN	0.57	20.3	NaN	NaN	0.0	"2.5"	"F0034"	0	0	"FR"	10.049	"fill-rg-di"	9.849	2	1	0	1871.476	0.0	945.403	null	1882.15	0.084
-0.2	0.047025	18375.0	2296.875	1771.875	NaN	NaN	NaN	0	0	1	0	0	1	0	0	0	0	0	0	1	0	0	0	0	0	0	0	1	0	0	0	1	-2.0	0.045	0.235	NaN	NaN	0.107	0.522	NaN	NaN	3.21	18.27	NaN	NaN	0.0	"2.5"	"F0034"	0	0	"FR"	20.087	"fill-rg-di"	19.887	2	1	0	1871.476	0.0	945.403	null	1892.188	0.087
-0.2	0.04675	19687.5	2643.75	1509.375	NaN	NaN	NaN	0	0	1	0	0	1	0	0	0	0	0	0	1	0	0	0	0	0	0	0	1	0	0	0	1	-2.0	0.079	0.209	NaN	NaN	0.188	0.464	NaN	NaN	5.64	16.24	NaN	NaN	0.0	"2.5"	"F0034"	0	0	"FR"	30.123	"fill-rg-di"	29.923	2	1	0	1871.476	0.0	945.403	null	1902.224	0.086
-0.4	0.0451	20250.0	2934.375	1284.375	NaN	NaN	NaN	0	0	1	0	0	1	0	0	0	0	0	0	1	0	0	0	0	0	0	0	1	0	0	0	1	-5.0	0.108	0.186	NaN	NaN	0.257	0.413	NaN	NaN	7.71	14.455	NaN	NaN	0.0	"2.5"	"F0034"	0	0	"FR"	40.157	"fill-rg-di"	39.957	2	1	0	1871.476	0.0	945.403	null	1912.258	0.086
0.1	0.044	21187.5	3253.125	984.375	NaN	NaN	NaN	0	0	1	0	0	1	0	0	0	0	0	0	1	0	0	0	0	0	0	0	1	0	0	0	1	1.0	0.14	0.156	NaN	NaN	0.333	0.347	NaN	NaN	9.99	12.145	NaN	NaN	0.0	"2.5"	"F0034"	0	0	"FR"	50.195	"fill-rg-di"	49.995	2	1	0	1871.476	0.0	945.403	null	1922.296	0.086
-0.1	0.043175	937.5	2746.875	984.375	NaN	NaN	NaN	0	0	0	0	1	0	0	0	0	0	0	0	0	0	0	0	0	0	0	0	1	0	0	0	1	-1.0	0.09	0.156	NaN	NaN	0.214	0.347	NaN	NaN	6.42	12.145	NaN	NaN	0.0	"2.5"	"F0034"	0	0	"FR"	60.228	"drain-rg"	9.431	2	1	0	1871.476	0.0	945.403	null	1932.329	0.086
-0.3	0.044	187.5	2390.625	975.0	NaN	NaN	NaN	0	0	0	0	1	0	0	0	0	0	0	0	0	0	0	0	0	0	0	0	1	0	0	0	1	-4.0	0.054	0.155	NaN	NaN	0.129	0.344	NaN	NaN	3.87	12.04	NaN	NaN	0.0	"2.5"	"F0034"	0	0	"FR"	70.075	"drain-rg"	19.278	2	1	0	1871.476	0.0	945.403	null	1942.176	0.086
-0.1	0.044	937.5	2034.375	975.0	NaN	NaN	NaN	0	0	0	0	1	0	0	0	0	0	0	0	0	0	0	0	0	0	0	0	1	0	0	0	1	-1.0	0.018	0.155	NaN	NaN	0.043	0.344	NaN	NaN	1.29	12.04	NaN	NaN	0.0	"2.5"	"F0034"	0	0	"FR"	80.111	"drain-rg"	29.314	2	1	0	1871.476	0.0	945.403	null	1952.212	0.083
-0.4	0.043725	187.5	1650.0	984.375	NaN	NaN	NaN	0	0	0	0	1	0	0	0	0	0	0	0	0	0	0	0	0	0	0	0	1	0	0	0	1	-5.0	-0.02	0.156	NaN	NaN	-0.048	0.347	NaN	NaN	-1.44	12.145	NaN	NaN	0.0	"2.5"	"F0034"	0	0	"FR"	90.142	"drip-rg"	4.613	2	1	0	1871.476	0.0	945.403	null	1962.243	0.084
-0.1	0.044	1875.0	9.375	993.75	NaN	NaN	NaN	0	0	0	0	1	0	0	0	0	0	0	0	0	0	0	0	0	0	0	0	1	0	0	0	1	-1.0	-0.184	0.157	NaN	NaN	-0.438	0.349	NaN	NaN	-13.14	12.215	NaN	NaN	0.0	"2.5"	"F0034"	0	0	"FR"	100.177	"drip-rg"	14.648	2	1	0	1871.476	0.0	945.403	null	1972.278	0.086
-0.1	0.042625	19125.0	1846.875	759.375	NaN	NaN	NaN	0	0	1	0	0	1	0	0	0	0	0	0	1	0	0	0	0	0	0	0	1	0	0	0	1	-1.0	-0.0	0.134	NaN	NaN	-0.0	0.298	NaN	NaN	-0.0	10.43	NaN	NaN	0.0	"2.5"	"F0034"	0	0	"PR"	8.85	"fill-rg-di"	8.649	2	0	0	1871.476	0.0	1972.881	null	1982.354	0.087
-0.2	0.04125	18562.5	2231.25	487.5	NaN	NaN	NaN	0	0	1	0	0	1	0	0	0	0	0	0	1	0	0	0	0	0	0	0	1	0	0	0	1	-2.0	0.038	0.107	NaN	NaN	0.09	0.238	NaN	NaN	2.7	8.33	NaN	NaN	0.0	"2.5"	"F0034"	0	0	"PR"	18.886	"fill-rg-di"	18.685	2	0	0	1871.476	0.0	1972.881	null	1992.39	0.087
-1.9	0.0396	19125.0	2550.0	253.125	NaN	NaN	NaN	0	0	1	0	0	1	0	0	0	0	0	0	1	0	0	0	0	0	0	0	1	0	0	0	1	-23.0	0.07	0.083	NaN	NaN	0.167	0.184	NaN	NaN	5.01	6.44	NaN	NaN	0.0	"2.5"	"F0034"	0	0	"PR"	28.918	"fill-rg-di"	28.717	2	0	0	1871.476	0.0	1972.881	null	2002.422	0.086
1.8	0.038225	1687.5	2746.875	168.75	NaN	NaN	NaN	1	0	0	0	0	0	0	0	0	0	0	0	0	1	0	0	0	0	0	0	1	0	0	0	1	22.0	0.09	0.075	NaN	NaN	0.214	0.167	NaN	NaN	6.42	5.845	NaN	NaN	0.0	"2.5"	"F0034"	0	0	"PR"	38.752	"fill-di-lb"	3.212	2	0	0	1871.476	0.0	1972.881	null	2012.256	0.083
-0.7	0.038225	937.5	2756.25	487.5	NaN	NaN	NaN	1	0	0	0	0	0	0	0	0	0	0	0	0	1	0	0	0	0	0	0	1	0	0	0	1	-8.0	0.091	0.107	NaN	NaN	0.217	0.238	NaN	NaN	6.51	8.33	NaN	NaN	0.0	"2.5"	"F0034"	0	0	"PR"	48.789	"fill-di-lb"	13.249	2	0	0	1871.476	0.0	1972.881	null	2022.293	0.083
-0.3	0.038225	1125.0	2746.875	796.875	NaN	NaN	NaN	1	0	0	0	0	0	0	0	0	0	0	0	0	1	0	0	0	0	0	0	1	0	0	0	1	-4.0	0.09	0.138	NaN	NaN	0.214	0.307	NaN	NaN	6.42	10.745	NaN	NaN	0.0	"2.5"	"F0034"	0	0	"PR"	58.822	"fill-di-lb"	23.282	2	0	0	1871.476	0.0	1972.881	null	2032.326	0.083
-0.4	0.0385	1312.5	2756.25	1125.0	NaN	NaN	NaN	1	0	0	0	0	0	0	0	0	0	0	0	0	1	0	0	0	0	0	0	1	0	0	0	1	-5.0	0.091	0.171	NaN	NaN	0.217	0.38	NaN	NaN	6.51	13.3	NaN	NaN	0.0	"2.5"	"F0034"	0	0	"PR"	68.858	"fill-di-lb"	33.318	2	0	0	1871.476	0.0	1972.881	null	2042.362	0.087
-1.5	0.038225	1875.0	2746.875	1443.75	NaN	NaN	NaN	1	0	0	0	0	0	0	0	0	0	0	0	0	1	0	0	0	0	0	0	1	0	0	0	1	-18.0	0.09	0.202	NaN	NaN	0.214	0.449	NaN	NaN	6.42	15.715	NaN	NaN	0.0	"2.5"	"F0034"	0	0	"PR"	78.898	"fill-di-lb"	43.358	2	0	0	1871.476	0.0	1972.881	null	2052.402	0.083
-0.6	0.0385	2437.5	2756.25	1734.375	NaN	NaN	NaN	1	0	0	0	0	0	0	0	0	0	0	0	0	1	0	0	0	0	0	0	1	0	0	0	1	-7.0	0.091	0.231	NaN	NaN	0.217	0.513	NaN	NaN	6.51	17.955	NaN	NaN	0.0	"2.5"	"F0034"	0	0	"PR"	88.936	"fill-di-lb"	53.396	2	0	0	1871.476	0.0	1972.881	null	2062.44	0.083
0.4	0.0385	2250.0	2756.25	2062.5	NaN	NaN	NaN	1	0	0	0	0	0	0	0	0	0	0	0	0	1	0	0	0	0	0	0	1	0	0	0	1	5.0	0.091	0.264	NaN	NaN	0.217	0.587	NaN	NaN	6.51	20.545	NaN	NaN	0.0	"2.5"	"F0034"	0	0	"PR"	98.975	"fill-di-lb"	63.435	2	0	0	1871.476	0.0	1972.881	null	2072.479	0.088
-0.2	0.037675	19312.5	2887.5	2146.875	NaN	NaN	NaN	0	0	1	0	0	1	0	0	0	0	0	0	1	0	0	0	0	0	0	0	1	0	0	0	1	-2.0	0.104	0.273	NaN	NaN	0.248	0.607	NaN	NaN	7.44	21.245	NaN	NaN	0.0	"2.5"	"F0034"	0	0	"PR"	109.007	"fill-rg-di"	4.413	2	0	0	1871.476	0.0	1972.881	null	2082.511	0.084
-12.5	0.03685	24562.5	2943.75	2521.875	NaN	NaN	NaN	0	1	1	0	0	0	0	0	0	0	0	0	1	0	0	0	0	1	1	0	1	1	1	0	1	-150.0	0.109	0.31	NaN	NaN	0.26	0.689	NaN	NaN	7.8	24.115	NaN	NaN	0.0	"2.5"	"F0034"	1	0	"PR"	118.848	"deionize"	2.816	2	1	0	1871.476	0.0	1972.881	null	2092.352	0.09
-11.8	0.03685	24375.0	2934.375	2587.5	NaN	NaN	NaN	0	1	1	0	0	0	0	0	0	0	0	0	1	0	0	0	0	1	1	0	1	1	1	0	1	-142.0	0.108	0.317	NaN	NaN	0.257	0.704	NaN	NaN	7.71	24.64	NaN	NaN	0.0	"2.5"	"F0034"	1	0	"PR"	128.888	"deionize"	12.856	2	1	0	1871.476	0.0	1972.881	null	2102.392	0.087
-11.7	0.036575	27187.5	2943.75	2671.875	NaN	NaN	NaN	0	1	1	0	0	0	0	0	0	0	0	0	1	0	0	0	0	1	1	0	1	1	1	0	1	-140.0	0.109	0.325	NaN	NaN	0.26	0.722	NaN	NaN	7.8	25.27	NaN	NaN	0.0	"2.5"	"F0034"	1	0	"PR"	138.918	"deionize"	22.886	2	1	0	1871.476	0.0	1972.881	null	2112.422	0.084
-12.0	0.035475	27375.0	2934.375	2550.0	NaN	NaN	NaN	0	1	1	0	0	0	0	0	0	0	0	0	1	0	0	0	0	1	1	0	1	1	1	0	1	-144.0	0.108	0.313	NaN	NaN	0.257	0.696	NaN	NaN	7.71	24.36	NaN	NaN	0.0	"2.5"	"F0034"	1	0	"PR"	148.954	"deionize"	32.922	2	1	0	1871.476	0.0	1972.881	null	2122.458	0.087
-12.0	0.034375	27562.5	2943.75	2587.5	NaN	NaN	NaN	0	1	1	0	0	0	0	0	0	0	0	0	1	0	0	0	0	1	1	0	1	1	1	0	1	-144.0	0.109	0.317	NaN	NaN	0.26	0.704	NaN	NaN	7.8	24.64	NaN	NaN	0.0	"2.5"	"F0034"	1	0	"PR"	158.995	"deionize"	42.963	2	1	0	1871.476	0.0	1972.881	null	2132.499	0.086
-11.6	0.032725	24937.5	2934.375	2587.5	NaN	NaN	NaN	0	1	1	0	0	0	0	0	0	0	0	0	1	0	0	0	0	1	1	0	1	1	1	0	1	-139.0	0.108	0.317	NaN	NaN	0.257	0.704	NaN	NaN	7.71	24.64	NaN	NaN	0.0	"2.5"	"F0034"	1	0	"PR"	169.03	"deionize"	52.998	2	1	0	1871.476	0.0	1972.881	null	2142.534	0.084
-11.9	0.032725	25500.0	2943.75	2625.0	NaN	NaN	NaN	0	1	1	0	0	0	0	0	0	0	0	0	1	0	0	0	0	1	1	0	1	1	1	0	1	-143.0	0.109	0.321	NaN	NaN	0.26	0.713	NaN	NaN	7.8	24.955	NaN	NaN	0.0	"2.5"	"F0034"	1	0	"PR"	179.068	"deionize"	63.036	2	1	0	1871.476	0.0	1972.881	null	2152.572	0.086
-12.0	0.031625	24937.5	2962.5	2587.5	NaN	NaN	NaN	0	1	1	0	0	0	0	0	0	0	0	0	1	0	0	0	0	1	1	0	1	1	1	0	1	-144.0	0.111	0.317	NaN	NaN	0.264	0.704	NaN	NaN	7.92	24.64	NaN	NaN	0.0	"2.5"	"F0034"	1	0	"PR"	189.103	"deionize"	73.071	2	1	0	1871.476	0.0	1972.881	null	2162.607	0.085
-11.9	0.031625	27562.5	2943.75	2521.875	NaN	NaN	NaN	0	1	1	0	0	0	0	0	0	0	0	0	1	0	0	0	0	1	1	0	1	1	1	0	1	-143.0	0.109	0.31	NaN	NaN	0.26	0.689	NaN	NaN	7.8	24.115	NaN	NaN	0.0	"2.5"	"F0034"	1	0	"PR"	198.933	"deionize"	82.901	2	1	0	1871.476	0.0	1972.881	null	2172.437	0.087
-12.0	0.031625	28500.0	2915.625	2596.875	NaN	NaN	NaN	0	1	1	0	0	0	0	0	0	0	0	0	1	0	0	0	0	1	1	0	1	1	1	0	1	-144.0	0.107	0.318	NaN	NaN	0.255	0.707	NaN	NaN	7.65	24.745	NaN	NaN	0.0	"2.5"	"F0034"	1	0	"PR"	208.975	"deionize"	92.943	2	1	0	1871.476	0.0	1972.881	null	2182.479	0.089
-11.9	0.0308	26625.0	2943.75	2606.25	NaN	NaN	NaN	0	1	1	0	0	0	0	0	0	0	0	0	1	0	0	0	0	1	1	0	1	1	1	0	1	-143.0	0.109	0.319	NaN	NaN	0.26	0.709	NaN	NaN	7.8	24.815	NaN	NaN	0.0	"2.5"	"F0034"	1	0	"PR"	219.01	"deionize"	102.978	2	1	0	1871.476	0.0	1972.881	null	2192.514	0.094
-10.8	0.03025	24562.5	2953.125	2559.375	NaN	NaN	NaN	0	1	1	0	0	0	0	0	0	0	0	0	1	0	0	0	0	1	1	0	1	1	1	0	1	-130.0	0.11	0.314	NaN	NaN	0.262	0.698	NaN	NaN	7.86	24.43	NaN	NaN	0.0	"2.5"	"F0034"	1	0	"PR"	229.048	"deionize"	113.016	2	1	0	1871.476	0.0	1972.881	null	2202.552	0.09
-14.2	0.0297	24000.0	2934.375	2550.0	NaN	NaN	NaN	0	1	1	0	0	0	0	0	0	0	0	0	1	0	0	0	0	1	1	0	1	1	1	0	1	-170.0	0.108	0.313	NaN	NaN	0.257	0.696	NaN	NaN	7.71	24.36	NaN	NaN	0.0	"2.5"	"F0034"	1	0	"PR"	239.086	"deionize"	123.054	2	1	0	1871.476	0.0	1972.881	null	2212.59	0.091
-13.4	0.029425	25500.0	2953.125	2559.375	NaN	NaN	NaN	0	1	1	0	0	0	0	0	0	0	0	0	1	0	0	0	0	1	1	0	1	1	1	0	1	-161.0	0.11	0.314	NaN	NaN	0.262	0.698	NaN	NaN	7.86	24.43	NaN	NaN	0.0	"2.5"	"F0034"	1	0	"PR"	249.119	"deionize"	133.087	2	1	0	1871.476	0.0	1972.881	null	2222.623	0.084
-11.8	0.028875	27187.5	2943.75	2587.5	NaN	NaN	NaN	0	1	1	0	0	0	0	0	0	0	0	0	1	0	0	0	0	1	1	0	1	1	1	0	1	-142.0	0.109	0.317	NaN	NaN	0.26	0.704	NaN	NaN	7.8	24.64	NaN	NaN	0.0	"2.5"	"F0034"	1	0	"PR"	259.154	"deionize"	143.122	2	1	0	1871.476	0.0	1972.881	null	2232.658	0.087
-12.0	0.027775	26437.5	2934.375	2587.5	NaN	NaN	NaN	0	1	1	0	0	0	0	0	0	0	0	0	1	0	0	0	0	1	1	0	1	1	1	0	1	-144.0	0.108	0.317	NaN	NaN	0.257	0.704	NaN	NaN	7.71	24.64	NaN	NaN	0.0	"2.5"	"F0034"	1	0	"PR"	269.192	"deionize"	153.16	2	1	0	1871.476	0.0	1972.881	null	2242.696	0.084
-12.0	0.027775	23812.5	2943.75	2550.0	NaN	NaN	NaN	0	1	1	0	0	0	0	0	0	0	0	0	1	0	0	0	0	1	1	0	1	1	1	0	1	-144.0	0.109	0.313	NaN	NaN	0.26	0.696	NaN	NaN	7.8	24.36	NaN	NaN	0.0	"2.5"	"F0034"	1	0	"PR"	279.025	"deionize"	162.993	2	1	0	1871.476	0.0	1972.881	null	2252.529	0.09
-11.9	0.02695	24000.0	2925.0	2531.25	NaN	NaN	NaN	0	1	1	0	0	0	0	0	0	0	0	0	1	0	0	0	0	1	1	0	1	1	1	0	1	-143.0	0.107	0.311	NaN	NaN	0.255	0.691	NaN	NaN	7.65	24.185	NaN	NaN	0.0	"2.5"	"F0034"	1	0	"PR"	289.067	"deionize"	173.035	2	1	0	1871.476	0.0	1972.881	null	2262.571	0.092
-11.8	0.02695	26062.5	2971.875	2615.625	NaN	NaN	NaN	0	1	1	0	0	0	0	0	0	0	0	0	1	0	0	0	0	1	1	0	1	1	1	0	1	-142.0	0.112	0.32	NaN	NaN	0.267	0.711	NaN	NaN	8.01	24.885	NaN	NaN	0.0	"2.5"	"F0034"	1	0	"PR"	299.1	"deionize"	183.068	2	1	0	1871.476	0.0	1972.881	null	2272.604	0.087
-11.7	0.0264	27562.5	2934.375	2634.375	NaN	NaN	NaN	0	1	1	0	0	0	0	0	0	0	0	0	1	0	0	0	0	1	1	0	1	1	1	0	1	-140.0	0.108	0.321	NaN	NaN	0.257	0.713	NaN	NaN	7.71	24.955	NaN	NaN	0.0	"2.5"	"F0034"	1	0	"PR"	309.133	"deionize"	193.101	2	1	0	1871.476	0.0	1972.881	null	2282.637	0.09
-11.7	0.0253	27000.0	2943.75	2643.75	NaN	NaN	NaN	0	1	1	0	0	0	0	0	0	0	0	0	1	0	0	0	0	1	1	0	1	1	1	0	1	-140.0	0.109	0.322	NaN	NaN	0.26	0.716	NaN	NaN	7.8	25.06	NaN	NaN	0.0	"2.5"	"F0034"	1	0	"PR"	319.173	"deionize"	203.141	2	1	0	1871.476	0.0	1972.881	null	2292.677	0.092
-11.5	0.0253	24562.5	2943.75	2596.875	NaN	NaN	NaN	0	1	1	0	0	0	0	0	0	0	0	0	1	0	0	0	0	1	1	0	1	1	1	0	1	-138.0	0.109	0.318	NaN	NaN	0.26	0.707	NaN	NaN	7.8	24.745	NaN	NaN	0.0	"2.5"	"F0034"	1	0	"PR"	329.206	"deionize"	213.174	2	1	0	1871.476	0.0	1972.881	null	2302.71	0.09
-11.9	0.024475	24937.5	2990.625	2606.25	NaN	NaN	NaN	0	1	1	0	0	0	0	0	0	0	0	0	1	0	0	0	0	1	1	0	1	1	1	0	1	-143.0	0.114	0.319	NaN	NaN	0.271	0.709	NaN	NaN	8.13	24.815	NaN	NaN	0.0	"2.5"	"F0034"	1	0	"PR"	339.243	"deionize"	223.211	2	1	0	1871.476	0.0	1972.881	null	2312.747	0.087
-11.9	0.0242	25687.5	2943.75	2578.125	NaN	NaN	NaN	0	1	1	0	0	0	0	0	0	0	0	0	1	0	0	0	0	1	1	0	1	1	1	0	1	-143.0	0.109	0.316	NaN	NaN	0.26	0.702	NaN	NaN	7.8	24.57	NaN	NaN	0.0	"2.5"	"F0034"	1	0	"PR"	349.282	"deionize"	233.25	2	1	0	1871.476	0.0	1972.881	null	2322.786	0.091
-11.3	0.02365	24562.5	2971.875	2587.5	NaN	NaN	NaN	0	1	1	0	0	0	0	0	0	0	0	0	1	0	0	0	1	1	1	0	1	1	1	0	1	-136.0	0.112	0.317	NaN	NaN	0.267	0.704	NaN	NaN	8.01	24.64	NaN	NaN	0.0	"2.5"	"F0034"	1	0	"PR"	359.227	"deionize-uv"	3.12	2	1	0	1871.476	0.0	1972.881	null	2332.731	0.09
-11.4	0.023375	23625.0	2962.5	2587.5	NaN	NaN	NaN	0	1	1	0	0	0	0	0	0	0	0	0	1	0	0	0	1	1	1	0	1	1	1	0	1	-137.0	0.111	0.317	NaN	NaN	0.264	0.704	NaN	NaN	7.92	24.64	NaN	NaN	0.0	"2.5"	"F0034"	1	0	"PR"	369.265	"deionize-uv"	13.158	2	1	0	1871.476	0.0	1972.881	null	2342.769	0.089
-10.8	0.022825	25687.5	2934.375	2596.875	NaN	NaN	NaN	0	1	1	0	0	0	0	0	0	0	0	0	1	0	0	0	1	1	1	0	1	1	1	0	1	-130.0	0.108	0.318	NaN	NaN	0.257	0.707	NaN	NaN	7.71	24.745	NaN	NaN	0.0	"2.5"	"F0034"	1	0	"PR"	379.302	"deionize-uv"	23.195	2	1	0	1871.476	0.0	1972.881	null	2352.806	0.09
-12.2	0.022275	26625.0	2943.75	2615.625	NaN	NaN	NaN	0	1	1	0	0	0	0	0	0	0	0	0	1	0	0	0	1	1	1	0	1	1	1	0	1	-146.0	0.109	0.32	NaN	NaN	0.26	0.711	NaN	NaN	7.8	24.885	NaN	NaN	0.0	"2.5"	"F0034"	1	0	"PR"	389.134	"deionize-uv"	33.027	2	1	0	1871.476	0.0	1972.881	null	2362.638	0.09
-10.2	0.02145	26437.5	2934.375	2550.0	NaN	NaN	NaN	0	1	1	0	0	0	0	0	0	0	0	0	1	0	0	0	1	1	1	0	1	1	1	0	1	-122.0	0.108	0.313	NaN	NaN	0.257	0.696	NaN	NaN	7.71	24.36	NaN	NaN	0.0	"2.5"	"F0034"	1	0	"PR"	399.174	"deionize-uv"	43.067	2	1	0	1871.476	0.0	1972.881	null	2372.678	0.088
-10.5	0.022	26812.5	2934.375	2587.5	NaN	NaN	NaN	0	1	1	0	0	0	0	0	0	0	0	0	1	0	0	0	1	1	1	0	1	1	1	0	1	-126.0	0.108	0.317	NaN	NaN	0.257	0.704	NaN	NaN	7.71	24.64	NaN	NaN	0.0	"2.5"	"F0034"	1	0	"PR"	409.212	"deionize-uv"	53.105	2	1	0	1871.476	0.0	1972.881	null	2382.716	0.086
-10.0	0.021175	24562.5	2934.375	2634.375	NaN	NaN	NaN	0	1	1	0	0	0	0	0	0	0	0	0	1	0	0	0	1	1	1	0	1	1	1	0	1	-120.0	0.108	0.321	NaN	NaN	0.257	0.713	NaN	NaN	7.71	24.955	NaN	NaN	0.0	"2.5"	"F0034"	1	0	"PR"	419.244	"deionize-uv"	63.137	2	1	0	1871.476	0.0	1972.881	null	2392.748	0.09
-10.6	0.021175	25312.5	2934.375	2587.5	NaN	NaN	NaN	0	1	1	0	0	0	0	0	0	0	0	0	1	0	0	0	1	1	1	0	1	1	1	0	1	-127.0	0.108	0.317	NaN	NaN	0.257	0.704	NaN	NaN	7.71	24.64	NaN	NaN	0.0	"2.5"	"F0034"	1	0	"PR"	429.287	"deionize-uv"	73.18	2	1	0	1871.476	0.0	1972.881	null	2402.791	0.09
-9.2	0.0198	24937.5	2943.75	2559.375	NaN	NaN	NaN	0	1	1	0	0	0	0	0	0	0	0	0	1	0	0	0	1	1	1	0	1	1	1	0	1	-110.0	0.109	0.314	NaN	NaN	0.26	0.698	NaN	NaN	7.8	24.43	NaN	NaN	0.0	"2.5"	"F0034"	1	0	"PR"	439.324	"deionize-uv"	83.217	2	1	0	1871.476	0.0	1972.881	null	2412.828	0.089
-9.3	0.0209	23812.5	2934.375	2540.625	NaN	NaN	NaN	0	1	1	0	0	0	0	0	0	0	0	0	1	0	0	0	1	1	1	0	1	1	1	0	1	-112.0	0.108	0.312	NaN	NaN	0.257	0.693	NaN	NaN	7.71	24.255	NaN	NaN	0.0	"2.5"	"F0034"	1	0	"PR"	449.364	"deionize-uv"	93.257	2	1	0	1871.476	0.0	1972.881	null	2422.868	0.088
-9.2	0.020075	25312.5	2943.75	2512.5	NaN	NaN	NaN	0	1	1	0	0	0	0	0	0	0	0	0	1	0	0	0	1	1	1	0	1	1	1	0	1	-110.0	0.109	0.309	NaN	NaN	0.26	0.687	NaN	NaN	7.8	24.045	NaN	NaN	0.0	"2.5"	"F0034"	1	0	"PR"	459.4	"deionize-uv"	103.293	2	1	0	1871.476	0.0	1972.881	null	2432.904	0.09
-11.1	0.0198	27750.0	2934.375	2606.25	NaN	NaN	NaN	0	1	1	0	0	0	0	0	0	0	0	0	1	0	0	0	1	1	1	0	1	1	1	0	1	-133.0	0.108	0.319	NaN	NaN	0.257	0.709	NaN	NaN	7.71	24.815	NaN	NaN	0.0	"2.5"	"F0034"	1	0	"PR"	469.235	"deionize-uv"	113.128	2	1	0	1871.476	0.0	1972.881	null	2442.739	0.086
-9.8	0.01925	32437.5	2934.375	2175.0	NaN	NaN	NaN	0	0	1	0	0	0	0	1	0	0	0	0	1	0	0	0	1	1	1	0	1	1	1	0	1	-118.0	0.108	0.276	NaN	NaN	0.257	0.613	NaN	NaN	7.71	21.455	NaN	NaN	0.0	"2.5"	"F0034"	1	0	"PR"	479.403	"drain-di-1"	3.14	2	1	0	1871.476	0.0	1972.881	null	2452.907	0.087
-9.3	0.01925	33750.0	2934.375	1940.625	NaN	NaN	NaN	0	0	1	0	0	0	0	1	0	0	0	0	1	0	0	0	1	1	1	0	1	1	1	0	1	-112.0	0.108	0.252	NaN	NaN	0.257	0.56	NaN	NaN	7.71	19.6	NaN	NaN	0.0	"2.5"	"F0034"	1	0	"PR"	489.437	"drain-di-1"	13.174	2	1	0	1871.476	0.0	1972.881	null	2462.941	0.09
-7.9	0.018975	35250.0	2934.375	1678.125	NaN	NaN	NaN	0	0	1	0	0	0	0	1	0	0	0	0	1	0	0	0	1	1	1	0	1	1	1	0	1	-95.0	0.108	0.226	NaN	NaN	0.257	0.502	NaN	NaN	7.71	17.57	NaN	NaN	0.0	"2.5"	"F0034"	1	0	"PR"	499.277	"drain-di-1"	23.014	2	1	0	1871.476	0.0	1972.881	null	2472.781	0.086
-8.5	0.01815	35250.0	2934.375	1453.125	NaN	NaN	NaN	0	0	1	0	0	0	0	1	0	0	0	0	1	0	0	0	1	1	1	0	1	1	1	0	1	-102.0	0.108	0.203	NaN	NaN	0.257	0.451	NaN	NaN	7.71	15.785	NaN	NaN	0.0	"2.5"	"F0034"	1	0	"PR"	509.316	"drain-di-1"	33.053	2	1	0	1871.476	0.0	1972.881	null	2482.82	0.087
-10.6	0.018425	35812.5	2943.75	1228.125	NaN	NaN	NaN	0	0	1	0	0	0	0	1	0	0	0	0	1	0	0	0	1	1	1	0	1	1	1	0	1	-127.0	0.109	0.181	NaN	NaN	0.26	0.402	NaN	NaN	7.8	14.07	NaN	NaN	0.0	"2.5"	"F0034"	1	0	"PR"	519.353	"drain-di-1"	43.09	2	1	0	1871.476	0.0	1972.881	null	2492.857	0.087
-7.0	0.018975	33750.0	2943.75	993.75	NaN	NaN	NaN	0	0	1	0	0	0	0	1	0	0	0	0	1	0	0	0	1	1	1	0	1	1	1	0	1	-84.0	0.109	0.157	NaN	NaN	0.26	0.349	NaN	NaN	7.8	12.215	NaN	NaN	0.0	"2.5"	"F0034"	1	0	"PR"	529.391	"drain-di-1"	53.128	2	1	0	1871.476	0.0	1972.881	null	2502.895	0.087
-8.4	0.0176	33937.5	2934.375	740.625	NaN	NaN	NaN	0	0	1	0	0	0	0	1	0	0	0	0	1	0	0	0	1	1	1	0	1	1	1	0	1	-101.0	0.108	0.132	NaN	NaN	0.257	0.293	NaN	NaN	7.71	10.255	NaN	NaN	0.0	"2.5"	"F0034"	1	0	"PR"	539.427	"drain-di-1"	63.164	2	1	0	1871.476	0.0	1972.881	null	2512.931	0.087
-8.1	0.018425	31687.5	2953.125	506.25	NaN	NaN	NaN	0	0	1	0	0	0	0	1	0	0	0	0	1	0	0	0	1	1	1	0	1	1	1	0	1	-97.0	0.11	0.109	NaN	NaN	0.262	0.242	NaN	NaN	7.86	8.47	NaN	NaN	0.0	"2.5"	"F0034"	1	0	"PR"	549.466	"drain-di-1"	73.203	2	1	0	1871.476	0.0	1972.881	null	2522.97	0.089
-8.3	0.0176	33562.5	2934.375	243.75	NaN	NaN	NaN	0	0	1	0	0	0	0	1	0	0	0	0	1	0	0	0	1	1	1	0	1	1	1	0	1	-100.0	0.108	0.082	NaN	NaN	0.257	0.182	NaN	NaN	7.71	6.37	NaN	NaN	0.0	"2.5"	"F0034"	1	0	"PR"	559.509	"drain-di-1"	83.246	2	1	0	1871.476	0.0	1972.881	null	2533.013	0.086
-8.3	0.0176	34875.0	2953.125	9.375	NaN	NaN	NaN	0	0	1	0	0	0	0	1	0	0	0	0	1	0	0	0	1	1	1	0	1	1	1	0	1	-100.0	0.11	0.059	NaN	NaN	0.262	0.131	NaN	NaN	7.86	4.585	NaN	NaN	0.0	"2.5"	"F0034"	1	0	"PR"	569.457	"drip-di-1"	2.322	2	1	0	1871.476	0.0	1972.881	null	2542.961	0.087
-8.5	0.0176	33937.5	2943.75	-253.125	NaN	NaN	NaN	0	0	1	0	0	0	0	1	0	0	0	0	1	0	0	0	1	1	1	0	1	1	1	0	1	-102.0	0.109	0.033	NaN	NaN	0.26	0.073	NaN	NaN	7.8	2.555	NaN	NaN	0.0	"2.5"	"F0034"	1	0	"PR"	579.5	"drip-di-1"	12.365	2	1	0	1871.476	0.0	1972.881	null	2553.004	0.085
12.9	0.017875	20812.5	2793.75	93.75	NaN	NaN	NaN	1	0	0	0	0	1	1	0	0	0	0	0	1	1	0	0	0	1	1	1	0	1	1	1	0	155.0	0.094	0.067	NaN	NaN	0.224	0.149	NaN	NaN	6.72	5.215	NaN	NaN	0.0	"2.5"	"F0034"	1	1	"PR"	589.496	"reverse-f"	7.186	2	1	0	1871.476	0.0	1972.881	null	2563.0	0.086
12.6	0.01925	20250.0	2821.875	412.5	NaN	NaN	NaN	1	0	0	0	0	1	1	0	0	0	0	0	1	1	0	0	0	1	1	1	0	1	1	1	0	151.0	0.097	0.099	NaN	NaN	0.231	0.22	NaN	NaN	6.93	7.7	NaN	NaN	0.0	"2.5"	"F0034"	1	1	"PR"	599.534	"reverse-f"	17.224	2	1	0	1871.476	0.0	1972.881	null	2573.038	0.083
12.2	0.02255	19500.0	2784.375	721.875	NaN	NaN	NaN	1	0	0	0	0	1	1	0	0	0	0	0	1	1	0	0	0	1	1	1	0	1	1	1	0	146.0	0.093	0.13	NaN	NaN	0.221	0.289	NaN	NaN	6.63	10.115	NaN	NaN	0.0	"2.5"	"F0034"	1	1	"PR"	609.571	"reverse-f"	27.261	2	1	0	1871.476	0.0	1972.881	null	2583.075	0.089
12.7	0.02585	18375.0	2803.125	1050.0	NaN	NaN	NaN	1	0	0	0	0	1	1	0	0	0	0	0	1	1	0	0	0	1	1	1	0	1	1	1	0	152.0	0.095	0.163	NaN	NaN	0.226	0.362	NaN	NaN	6.78	12.67	NaN	NaN	0.0	"2.5"	"F0034"	1	1	"PR"	619.405	"reverse-f"	37.095	2	1	0	1871.476	0.0	1972.881	null	2592.909	0.084
12.1	0.02915	18937.5	2775.0	1359.375	NaN	NaN	NaN	1	0	0	0	0	1	1	0	0	0	0	0	1	1	0	0	0	1	1	1	0	1	1	1	0	145.0	0.093	0.194	NaN	NaN	0.221	0.431	NaN	NaN	6.63	15.085	NaN	NaN	0.0	"2.5"	"F0034"	1	1	"PR"	629.442	"reverse-f"	47.132	2	1	0	1871.476	0.0	1972.881	null	2602.946	0.086
12.2	0.03245	18375.0	2831.25	1668.75	NaN	NaN	NaN	1	0	0	0	0	1	1	0	0	0	0	0	1	1	0	0	0	1	1	1	0	1	1	1	0	146.0	0.098	0.225	NaN	NaN	0.233	0.5	NaN	NaN	6.99	17.5	NaN	NaN	0.0	"2.5"	"F0034"	1	1	"PR"	639.485	"reverse-f"	57.175	2	1	0	1871.476	0.0	1972.881	null	2612.989	0.084
12.3	0.0352	19687.5	2784.375	2006.25	NaN	NaN	NaN	1	0	0	0	0	1	1	0	0	0	0	0	1	1	0	0	0	1	1	1	0	1	1	1	0	148.0	0.093	0.259	NaN	NaN	0.221	0.576	NaN	NaN	6.63	20.16	NaN	NaN	0.0	"2.5"	"F0034"	1	1	"PR"	649.523	"reverse-f"	67.213	2	1	0	1871.476	0.0	1972.881	null	2623.027	0.083
12.5	0.0385	17812.5	2821.875	2278.125	NaN	NaN	NaN	0	0	0	0	0	1	1	0	0	0	0	0	1	0	0	0	0	1	1	1	0	1	1	1	0	150.0	0.097	0.286	NaN	NaN	0.231	0.636	NaN	NaN	6.93	22.26	NaN	NaN	0.0	"2.5"	"F0034"	1	1	"PR"	659.467	"reverse"	77.157	2	1	0	1871.476	0.0	1972.881	null	2632.971	0.085
13.6	0.0396	18375.0	2793.75	2287.5	NaN	NaN	NaN	0	0	0	0	0	1	1	0	0	0	0	0	1	0	0	0	0	1	1	1	0	1	1	1	0	163.0	0.094	0.287	NaN	NaN	0.224	0.638	NaN	NaN	6.72	22.33	NaN	NaN	0.0	"2.5"	"F0034"	1	1	"PR"	669.504	"reverse"	87.194	2	1	0	1871.476	0.0	1972.881	null	2643.008	0.086
13.7	0.04125	19125.0	2812.5	2240.625	NaN	NaN	NaN	0	0	0	0	0	1	1	0	0	0	0	0	1	0	0	0	0	1	1	1	0	1	1	1	0	164.0	0.096	0.282	NaN	NaN	0.229	0.627	NaN	NaN	6.87	21.945	NaN	NaN	0.0	"2.5"	"F0034"	1	1	"PR"	679.537	"reverse"	97.227	2	1	0	1871.476	0.0	1972.881	null	2653.041	0.083
11.6	0.0418	20625.0	2784.375	2268.75	NaN	NaN	NaN	0	0	0	0	0	1	1	0	0	0	0	0	1	0	0	0	0	1	1	1	0	1	1	1	0	139.0	0.093	0.285	NaN	NaN	0.221	0.633	NaN	NaN	6.63	22.155	NaN	NaN	0.0	"2.5"	"F0034"	1	1	"PR"	689.575	"reverse"	107.265	2	1	0	1871.476	0.0	1972.881	null	2663.079	0.085
11.8	0.042075	21562.5	2821.875	2278.125	NaN	NaN	NaN	0	0	0	0	0	1	1	0	0	0	0	0	1	0	0	0	0	1	1	1	0	1	1	1	0	142.0	0.097	0.286	NaN	NaN	0.231	0.636	NaN	NaN	6.93	22.26	NaN	NaN	0.0	"2.5"	"F0034"	1	1	"PR"	699.613	"reverse"	117.303	2	1	0	1871.476	0.0	1972.881	null	2673.117	0.083
12.6	0.0429	18000.0	2821.875	2250.0	NaN	NaN	NaN	0	0	0	0	0	1	1	0	0	0	0	0	1	0	0	0	0	1	1	1	0	1	1	1	0	151.0	0.097	0.283	NaN	NaN	0.231	0.629	NaN	NaN	6.93	22.015	NaN	NaN	0.0	"2.5"	"F0034"	1	1	"PR"	709.648	"reverse"	127.338	2	1	0	1871.476	0.0	1972.881	null	2683.152	0.084
12.6	0.044	18375.0	2784.375	2278.125	NaN	NaN	NaN	0	0	0	0	0	1	1	0	0	0	0	0	1	0	0	0	0	1	1	1	0	1	1	1	0	151.0	0.093	0.286	NaN	NaN	0.221	0.636	NaN	NaN	6.63	22.26	NaN	NaN	0.0	"2.5"	"F0034"	1	1	"PR"	719.689	"reverse"	137.379	2	1	0	1871.476	0.0	1972.881	null	2693.193	0.086
13.3	0.043725	17625.0	2775.0	2278.125	NaN	NaN	NaN	0	0	0	0	0	1	1	0	0	0	0	0	1	0	0	0	0	1	1	1	0	1	1	1	0	160.0	0.093	0.286	NaN	NaN	0.221	0.636	NaN	NaN	6.63	22.26	NaN	NaN	0.0	"2.5"	"F0034"	1	1	"PR"	729.723	"reverse"	147.413	2	1	0	1871.476	0.0	1972.881	null	2703.227	0.086
2.0	0.044275	-375.0	2981.25	2278.125	NaN	NaN	NaN	0	0	0	0	0	0	0	0	0	0	0	0	0	0	0	0	0	0	0	0	1	0	0	0	1	24.0	0.113	0.286	NaN	NaN	0.269	0.636	NaN	NaN	8.07	22.26	NaN	NaN	0.0	"2.5"	"F0034"	0	0	"PR"	739.65	"diffuse"	7.317	2	1	1	1871.476	0.0	1972.881	null	2713.154	0.084
2.6	0.04455	375.0	2990.625	2278.125	NaN	NaN	NaN	0	0	0	0	0	0	0	0	0	0	0	0	0	0	0	0	0	0	0	0	1	0	0	0	1	31.0	0.114	0.286	NaN	NaN	0.271	0.636	NaN	NaN	8.13	22.26	NaN	NaN	0.0	"2.5"	"F0034"	0	0	"PR"	749.691	"diffuse"	17.358	2	1	1	1871.476	0.0	1972.881	null	2723.195	0.083
2.3	0.044275	-562.5	2981.25	2278.125	NaN	NaN	NaN	0	0	0	0	0	0	0	0	0	0	0	0	0	0	0	0	0	0	0	0	1	0	0	0	1	28.0	0.113	0.286	NaN	NaN	0.269	0.636	NaN	NaN	8.07	22.26	NaN	NaN	0.0	"2.5"	"F0034"	0	0	"PR"	759.73	"diffuse"	27.397	2	1	1	1871.476	0.0	1972.881	null	2733.234	0.086
11.9	0.044275	18750.0	2821.875	2268.75	NaN	NaN	NaN	0	0	0	0	0	1	1	0	0	0	0	0	1	0	0	0	0	1	1	1	0	1	1	1	0	143.0	0.097	0.285	NaN	NaN	0.231	0.633	NaN	NaN	6.93	22.155	NaN	NaN	0.0	"2.5"	"F0034"	1	1	"PR"	769.662	"wash-en"	7.322	2	1	1	1871.476	0.0	1972.881	null	2743.166	0.084
13.1	0.0451	19875.0	2812.5	2306.25	NaN	NaN	NaN	0	0	0	0	0	1	1	0	0	0	0	0	1	0	0	0	0	1	1	1	0	1	1	1	0	157.0	0.096	0.289	NaN	NaN	0.229	0.642	NaN	NaN	6.87	22.47	NaN	NaN	0.0	"2.5"	"F0034"	1	1	"PR"	779.698	"wash-en"	17.358	2	1	1	1871.476	0.0	1972.881	null	2753.202	0.083
1.6	0.0462	18375.0	2821.875	2278.125	NaN	NaN	NaN	0	0	0	0	0	1	1	0	0	0	0	0	1	0	0	0	0	0	0	0	1	0	0	0	1	19.0	0.097	0.286	NaN	NaN	0.231	0.636	NaN	NaN	6.93	22.26	NaN	NaN	0.0	"2.5"	"F0034"	0	0	"PR"	789.623	"wash-sc"	7.115	2	1	1	1871.476	0.0	1972.881	null	2763.127	0.087
1.5	0.0473	187.5	2981.25	2287.5	NaN	NaN	NaN	0	0	0	0	0	0	0	0	0	0	0	0	0	0	0	0	0	0	0	0	1	0	0	0	1	18.0	0.113	0.287	NaN	NaN	0.269	0.638	NaN	NaN	8.07	22.33	NaN	NaN	0.0	"2.5"	"F0034"	0	0	"PR"	799.662	"diffuse"	7.027	2	1	2	1871.476	0.0	1972.881	null	2773.166	0.092
2.5	0.047025	-375.0	2981.25	2287.5	NaN	NaN	NaN	0	0	0	0	0	0	0	0	0	0	0	0	0	0	0	0	0	0	0	0	1	0	0	0	1	30.0	0.113	0.287	NaN	NaN	0.269	0.638	NaN	NaN	8.07	22.33	NaN	NaN	0.0	"2.5"	"F0034"	0	0	"PR"	809.701	"diffuse"	17.066	2	1	2	1871.476	0.0	1972.881	null	2783.205	0.084
2.5	0.047025	187.5	2981.25	2278.125	NaN	NaN	NaN	0	0	0	0	0	0	0	0	0	0	0	0	0	0	0	0	0	0	0	0	1	0	0	0	1	30.0	0.113	0.286	NaN	NaN	0.269	0.636	NaN	NaN	8.07	22.26	NaN	NaN	0.0	"2.5"	"F0034"	0	0	"PR"	819.741	"diffuse"	27.106	2	1	2	1871.476	0.0	1972.881	null	2793.245	0.086
12.7	0.045925	19687.5	2784.375	2278.125	NaN	NaN	NaN	0	0	0	0	0	1	1	0	0	0	0	0	1	0	0	0	0	1	1	1	0	1	1	1	0	152.0	0.093	0.286	NaN	NaN	0.221	0.636	NaN	NaN	6.63	22.26	NaN	NaN	0.0	"2.5"	"F0034"	1	1	"PR"	829.678	"wash-en"	6.923	2	1	2	1871.476	0.0	1972.881	null	2803.182	0.091
13.3	0.047025	20812.5	2812.5	2268.75	NaN	NaN	NaN	0	0	0	0	0	1	1	0	0	0	0	0	1	0	0	0	0	1	1	1	0	1	1	1	0	160.0	0.096	0.285	NaN	NaN	0.229	0.633	NaN	NaN	6.87	22.155	NaN	NaN	0.0	"2.5"	"F0034"	1	1	"PR"	839.718	"wash-en"	16.963	2	1	2	1871.476	0.0	1972.881	null	2813.222	0.09
1.2	0.0473	18750.0	2831.25	2268.75	NaN	NaN	NaN	0	0	0	0	0	1	1	0	0	0	0	0	1	0	0	0	0	0	0	0	1	0	0	0	1	14.0	0.098	0.285	NaN	NaN	0.233	0.633	NaN	NaN	6.99	22.155	NaN	NaN	0.0	"2.5"	"F0034"	0	0	"PR"	849.845	"wash-sc"	6.915	2	1	2	1871.476	0.0	1972.881	null	2823.349	0.084
