cur	ec	mod-ps	rg-ps	di-ps	fw1-ps	fw2-ps	pf-ps	vlv-di-fill	vlv-di-in	vlv-di-out	vlv-rg-fill	vlv-rg-drain	vlv-rg-in	vlv-rg-out	vlv-fw1-in	vlv-fw1-out	vlv-fw2-in	vlv-po	vlv-mod-drain	pmp-sys	pmp-di	pmp-fw1	pmp-fw2	uv	en-anode1	en-cath1	pl-anode1	pl-cath1	en-anode2	en-cath2	pl-anode2	pl-cath2	pw	rg-he	di-he	fw1-he	fw2-he	rg-lev	di-lev	fw1-lev	fw2-lev	rg-vol	di-vol	fw1-vol	fw2-vol	pr-ec	ver	sn	mod-en	mod-pl	proc	proc-time	ph	ph-time	count	cyc	rnd	pr-last	rc-last	fr-last	halt-re	time	exec
-0.7	0.045375	30000.0	2850.0	2278.125	NaN	NaN	NaN	0	0	0	0	0	1	1	0	0	0	0	0	1	0	0	0	0	0	0	0	1	0	0	0	1	-8.0	0.1	0.286	NaN	NaN	0.238	0.636	NaN	NaN	7.14	22.26	NaN	NaN	0.0	"2.5"	"F0034"	0	0	"PR"	8.248	"prime"	7.425	0	0	0	0.0	0.0	0.0	null	10.058	0.09
-0.8	0.045375	30000.0	2821.875	2268.75	NaN	NaN	NaN	0	0	0	0	0	1	1	0	0	0	0	0	1	0	0	0	0	0	0	0	1	0	0	0	1	-10.0	0.097	0.285	NaN	NaN	0.231	0.633	NaN	NaN	6.93	22.155	NaN	NaN	0.0	"2.5"	"F0034"	0	0	"PR"	8.449	"prime"	7.626	0	0	0	0.0	0.0	0.0	null	10.259	0.087
-0.9	0.04565	30187.5	2831.25	2240.625	NaN	NaN	NaN	0	0	0	0	0	1	1	0	0	0	0	0	1	0	0	0	0	0	0	0	1	0	0	0	1	-11.0	0.098	0.282	NaN	NaN	0.233	0.627	NaN	NaN	6.99	21.945	NaN	NaN	0.0	"2.5"	"F0034"	0	0	"PR"	18.284	"prime"	17.461	0	0	0	0.0	0.0	0.0	null	20.094	0.09
-1.4	0.04455	30750.0	2812.5	2268.75	NaN	NaN	NaN	0	0	0	0	0	1	1	0	0	0	0	0	1	0	0	0	0	0	0	0	1	0	0	0	1	-17.0	0.096	0.285	NaN	NaN	0.229	0.633	NaN	NaN	6.87	22.155	NaN	NaN	0.0	"2.5"	"F0034"	0	0	"PR"	28.323	"prime"	27.5	0	0	0	0.0	0.0	0.0	null	30.133	0.092
-9.7	0.044	34687.5	2981.25	2625.0	NaN	NaN	NaN	0	1	1	0	0	0	0	0	0	0	0	0	1	0	0	0	0	1	1	0	1	1	1	0	1	-116.0	0.113	0.321	NaN	NaN	0.269	0.713	NaN	NaN	8.07	24.955	NaN	NaN	0.0	"2.5"	"F0034"	1	0	"PR"	38.364	"deionize"	7.03	0	1	0	0.0	0.0	0.0	null	40.174	0.09
-12.4	0.0429	34687.5	2990.625	2578.125	NaN	NaN	NaN	0	1	1	0	0	0	0	0	0	0	0	0	1	0	0	0	0	1	1	0	1	1	1	0	1	-149.0	0.114	0.316	NaN	NaN	0.271	0.702	NaN	NaN	8.13	24.57	NaN	NaN	0.0	"2.5"	"F0034"	1	0	"PR"	48.407	"deionize"	17.073	0	1	0	0.0	0.0	0.0	null	50.217	0.089
-12.3	0.040425	33937.5	2990.625	2578.125	NaN	NaN	NaN	0	1	1	0	0	0	0	0	0	0	0	0	1	0	0	0	0	1	1	0	1	1	1	0	1	-148.0	0.114	0.316	NaN	NaN	0.271	0.702	NaN	NaN	8.13	24.57	NaN	NaN	0.0	"2.5"	"F0034"	1	0	"PR"	58.445	"deionize"	27.111	0	1	0	0.0	0.0	0.0	null	60.255	0.09
-12.0	0.0396	32812.5	3000.0	2540.625	NaN	NaN	NaN	0	1	1	0	0	0	0	0	0	0	0	0	1	0	0	0	0	1	1	0	1	1	1	0	1	-144.0	0.115	0.312	NaN	NaN	0.274	0.693	NaN	NaN	8.22	24.255	NaN	NaN	0.0	"2.5"	"F0034"	1	0	"PR"	68.481	"deionize"	37.147	0	1	0	0.0	0.0	0.0	null	70.291	0.087
-11.1	0.0385	32062.5	2990.625	2521.875	NaN	NaN	NaN	0	1	1	0	0	0	0	0	0	0	0	0	1	0	0	0	0	1	1	0	1	1	1	0	1	-133.0	0.114	0.31	NaN	NaN	0.271	0.689	NaN	NaN	8.13	24.115	NaN	NaN	0.0	"2.5"	"F0034"	1	0	"PR"	78.318	"deionize"	46.984	0	1	0	0.0	0.0	0.0	null	80.128	0.089
-12.0	0.037125	31500.0	2981.25	2540.625	NaN	NaN	NaN	0	1	1	0	0	0	0	0	0	0	0	0	1	0	0	0	0	1	1	0	1	1	1	0	1	-144.0	0.113	0.312	NaN	NaN	0.269	0.693	NaN	NaN	8.07	24.255	NaN	NaN	0.0	"2.5"	"F0034"	1	0	"PR"	88.355	"deionize"	57.021	0	1	0	0.0	0.0	0.0	null	90.165	0.087
-11.7	0.0374	32437.5	3000.0	2559.375	NaN	NaN	NaN	0	1	1	0	0	0	0	0	0	0	0	0	1	0	0	0	0	1	1	0	1	1	1	0	1	-140.0	0.115	0.314	NaN	NaN	0.274	0.698	NaN	NaN	8.22	24.43	NaN	NaN	0.0	"2.5"	"F0034"	1	0	"PR"	98.395	"deionize"	67.061	0	1	0	0.0	0.0	0.0	null	100.205	0.087
-11.7	0.036025	32250.0	2990.625	2550.0	NaN	NaN	NaN	0	1	1	0	0	0	0	0	0	0	0	0	1	0	0	0	0	1	1	0	1	1	1	0	1	-140.0	0.114	0.313	NaN	NaN	0.271	0.696	NaN	NaN	8.13	24.36	NaN	NaN	0.0	"2.5"	"F0034"	1	0	"PR"	108.439	"deionize"	77.105	0	1	0	0.0	0.0	0.0	null	110.249	0.091
-11.6	0.03575	33937.5	2981.25	2559.375	NaN	NaN	NaN	0	1	1	0	0	0	0	0	0	0	0	0	1	0	0	0	0	1	1	0	1	1	1	0	1	-139.0	0.113	0.314	NaN	NaN	0.269	0.698	NaN	NaN	8.07	24.43	NaN	NaN	0.0	"2.5"	"F0034"	1	0	"PR"	118.474	"deionize"	87.14	0	1	0	0.0	0.0	0.0	null	120.284	0.091
-11.4	0.034925	31687.5	2990.625	2512.5	NaN	NaN	NaN	0	1	1	0	0	0	0	0	0	0	0	0	1	0	0	0	0	1	1	0	1	1	1	0	1	-137.0	0.114	0.309	NaN	NaN	0.271	0.687	NaN	NaN	8.13	24.045	NaN	NaN	0.0	"2.5"	"F0034"	1	0	"PR"	128.519	"deionize"	97.185	0	1	0	0.0	0.0	0.0	null	130.329	0.093
-12.0	0.034375	32437.5	2990.625	2587.5	NaN	NaN	NaN	0	1	1	0	0	0	0	0	0	0	0	0	1	0	0	0	0	1	1	0	1	1	1	0	1	-144.0	0.114	0.317	NaN	NaN	0.271	0.704	NaN	NaN	8.13	24.64	NaN	NaN	0.0	"2.5"	"F0034"	1	0	"PR"	138.552	"deionize"	107.218	0	1	0	0.0	0.0	0.0	null	140.362	0.09
-12.7	0.033825	33750.0	3000.0	2550.0	NaN	NaN	NaN	0	1	1	0	0	0	0	0	0	0	0	0	1	0	0	0	0	1	1	0	1	1	1	0	1	-152.0	0.115	0.313	NaN	NaN	0.274	0.696	NaN	NaN	8.22	24.36	NaN	NaN	0.0	"2.5"	"F0034"	1	0	"PR"	148.591	"deionize"	117.257	0	1	0	0.0	0.0	0.0	null	150.401	0.091
-11.4	0.033275	34312.5	2981.25	2559.375	NaN	NaN	NaN	0	1	1	0	0	0	0	0	0	0	0	0	1	0	0	0	0	1	1	0	1	1	1	0	1	-137.0	0.113	0.314	NaN	NaN	0.269	0.698	NaN	NaN	8.07	24.43	NaN	NaN	0.0	"2.5"	"F0034"	1	0	"PR"	158.428	"deionize"	127.094	0	1	0	0.0	0.0	0.0	null	160.238	0.088
-12.4	0.033	33750.0	2981.25	2587.5	NaN	NaN	NaN	0	1	1	0	0	0	0	0	0	0	0	0	1	0	0	0	0	1	1	0	1	1	1	0	1	-149.0	0.113	0.317	NaN	NaN	0.269	0.704	NaN	NaN	8.07	24.64	NaN	NaN	0.0	"2.5"	"F0034"	1	0	"PR"	168.462	"deionize"	137.128	0	1	0	0.0	0.0	0.0	null	170.272	0.087
-12.6	0.03245	30750.0	2990.625	2550.0	NaN	NaN	NaN	0	1	1	0	0	0	0	0	0	0	0	0	1	0	0	0	0	1	1	0	1	1	1	0	1	-151.0	0.114	0.313	NaN	NaN	0.271	0.696	NaN	NaN	8.13	24.36	NaN	NaN	0.0	"2.5"	"F0034"	1	0	"PR"	178.497	"deionize"	147.163	0	1	0	0.0	0.0	0.0	null	180.307	0.087
-12.4	0.03245	33187.5	2990.625	2550.0	NaN	NaN	NaN	0	1	1	0	0	0	0	0	0	0	0	0	1	0	0	0	0	1	1	0	1	1	1	0	1	-149.0	0.114	0.313	NaN	NaN	0.271	0.696	NaN	NaN	8.13	24.36	NaN	NaN	0.0	"2.5"	"F0034"	1	0	"PR"	188.534	"deionize"	157.2	0	1	0	0.0	0.0	0.0	null	190.344	0.087
-13.2	0.0319	35437.5	2990.625	2521.875	NaN	NaN	NaN	0	1	1	0	0	0	0	0	0	0	0	0	1	0	0	0	0	1	1	0	1	1	1	0	1	-158.0	0.114	0.31	NaN	NaN	0.271	0.689	NaN	NaN	8.13	24.115	NaN	NaN	0.0	"2.5"	"F0034"	1	0	"PR"	198.57	"deionize"	167.236	0	1	0	0.0	0.0	0.0	null	200.38	0.087
-12.4	0.031075	31125.0	2981.25	2550.0	NaN	NaN	NaN	0	1	1	0	0	0	0	0	0	0	0	0	1	0	0	0	0	1	1	0	1	1	1	0	1	-149.0	0.113	0.313	NaN	NaN	0.269	0.696	NaN	NaN	8.07	24.36	NaN	NaN	0.0	"2.5"	"F0034"	1	0	"PR"	208.607	"deionize"	177.273	0	1	0	0.0	0.0	0.0	null	210.417	0.088
-11.6	0.03135	36562.5	2981.25	2578.125	NaN	NaN	NaN	0	1	1	0	0	0	0	0	0	0	0	0	1	0	0	0	0	1	1	0	1	1	1	0	1	-139.0	0.113	0.316	NaN	NaN	0.269	0.702	NaN	NaN	8.07	24.57	NaN	NaN	0.0	"2.5"	"F0034"	1	0	"PR"	218.646	"deionize"	187.312	0	1	0	0.0	0.0	0.0	null	220.456	0.087
-11.3	0.0308	33000.0	2981.25	2578.125	NaN	NaN	NaN	0	1	1	0	0	0	0	0	0	0	0	0	1	0	0	0	0	1	1	0	1	1	1	0	1	-136.0	0.113	0.316	NaN	NaN	0.269	0.702	NaN	NaN	8.07	24.57	NaN	NaN	0.0	"2.5"	"F0034"	1	0	"PR"	228.68	"deionize"	197.346	0	1	0	0.0	0.0	0.0	null	230.49	0.091
-11.3	0.03025	31125.0	3009.375	2550.0	NaN	NaN	NaN	0	1	1	0	0	0	0	0	0	0	0	0	1	0	0	0	0	1	1	0	1	1	1	0	1	-136.0	0.116	0.313	NaN	NaN	0.276	0.696	NaN	NaN	8.28	24.36	NaN	NaN	0.0	"2.5"	"F0034"	1	0	"PR"	238.52	"deionize"	207.186	0	1	0	0.0	0.0	0.0	null	240.33	0.086
-11.5	0.029975	32062.5	3009.375	2550.0	NaN	NaN	NaN	0	1	1	0	0	0	0	0	0	0	0	0	1	0	0	0	0	1	1	0	1	1	1	0	1	-138.0	0.116	0.313	NaN	NaN	0.276	0.696	NaN	NaN	8.28	24.36	NaN	NaN	0.0	"2.5"	"F0034"	1	0	"PR"	248.556	"deionize"	217.222	0	1	0	0.0	0.0	0.0	null	250.366	0.084
-11.2	0.02915	34312.5	3000.0	2540.625	NaN	NaN	NaN	0	1	1	0	0	0	0	0	0	0	0	0	1	0	0	0	0	1	1	0	1	1	1	0	1	-134.0	0.115	0.312	NaN	NaN	0.274	0.693	NaN	NaN	8.22	24.255	NaN	NaN	0.0	"2.5"	"F0034"	1	0	"PR"	258.591	"deionize"	227.257	0	1	0	0.0	0.0	0.0	null	260.401	0.084
-11.9	0.028875	34125.0	2981.25	2521.875	NaN	NaN	NaN	0	1	1	0	0	0	0	0	0	0	0	0	1	0	0	0	0	1	1	0	1	1	1	0	1	-143.0	0.113	0.31	NaN	NaN	0.269	0.689	NaN	NaN	8.07	24.115	NaN	NaN	0.0	"2.5"	"F0034"	1	0	"PR"	268.634	"deionize"	237.3	0	1	0	0.0	0.0	0.0	null	270.444	0.084
-11.0	0.0286	32437.5	2981.25	2531.25	NaN	NaN	NaN	0	1	1	0	0	0	0	0	0	0	0	0	1	0	0	0	1	1	1	0	1	1	1	0	1	-132.0	0.113	0.311	NaN	NaN	0.269	0.691	NaN	NaN	8.07	24.185	NaN	NaN	0.0	"2.5"	"F0034"	1	0	"PR"	278.579	"deionize-uv"	7.134	0	1	0	0.0	0.0	0.0	null	280.389	0.083
-11.4	0.0286	31125.0	3009.375	2615.625	NaN	NaN	NaN	0	1	1	0	0	0	0	0	0	0	0	0	1	0	0	0	1	1	1	0	1	1	1	0	1	-137.0	0.116	0.32	NaN	NaN	0.276	0.711	NaN	NaN	8.28	24.885	NaN	NaN	0.0	"2.5"	"F0034"	1	0	"PR"	288.617	"deionize-uv"	17.172	0	1	0	0.0	0.0	0.0	null	290.427	0.086
-10.9	0.0286	32437.5	2990.625	2559.375	NaN	NaN	NaN	0	1	1	0	0	0	0	0	0	0	0	0	1	0	0	0	1	1	1	0	1	1	1	0	1	-131.0	0.114	0.314	NaN	NaN	0.271	0.698	NaN	NaN	8.13	24.43	NaN	NaN	0.0	"2.5"	"F0034"	1	0	"PR"	298.651	"deionize-uv"	27.206	0	1	0	0.0	0.0	0.0	null	300.461	0.083
-12.2	0.027775	34687.5	2990.625	2531.25	NaN	NaN	NaN	0	1	1	0	0	0	0	0	0	0	0	0	1	0	0	0	1	1	1	0	1	1	1	0	1	-146.0	0.114	0.311	NaN	NaN	0.271	0.691	NaN	NaN	8.13	24.185	NaN	NaN	0.0	"2.5"	"F0034"	1	0	"PR"	308.683	"deionize-uv"	37.238	0	1	0	0.0	0.0	0.0	null	310.493	0.086
-11.1	0.02695	33562.5	2981.25	2578.125	NaN	NaN	NaN	0	1	1	0	0	0	0	0	0	0	0	0	1	0	0	0	1	1	1	0	1	1	1	0	1	-133.0	0.113	0.316	NaN	NaN	0.269	0.702	NaN	NaN	8.07	24.57	NaN	NaN	0.0	"2.5"	"F0034"	1	0	"PR"	318.725	"deionize-uv"	47.28	0	1	0	0.0	0.0	0.0	null	320.535	0.085
-10.6	0.02695	31500.0	2971.875	2625.0	NaN	NaN	NaN	0	1	1	0	0	0	0	0	0	0	0	0	1	0	0	0	1	1	1	0	1	1	1	0	1	-127.0	0.112	0.321	NaN	NaN	0.267	0.713	NaN	NaN	8.01	24.955	NaN	NaN	0.0	"2.5"	"F0034"	1	0	"PR"	328.76	"deionize-uv"	57.315	0	1	0	0.0	0.0	0.0	null	330.57	0.083
-11.7	0.026675	31312.5	2981.25	2512.5	NaN	NaN	NaN	0	1	1	0	0	0	0	0	0	0	0	0	1	0	0	0	1	1	1	0	1	1	1	0	1	-140.0	0.113	0.309	NaN	NaN	0.269	0.687	NaN	NaN	8.07	24.045	NaN	NaN	0.0	"2.5"	"F0034"	1	0	"PR"	338.798	"deionize-uv"	67.353	0	1	0	0.0	0.0	0.0	null	340.608	0.086
-9.9	0.026675	30750.0	2981.25	2587.5	NaN	NaN	NaN	0	1	1	0	0	0	0	0	0	0	0	0	1	0	0	0	1	1	1	0	1	1	1	0	1	-119.0	0.113	0.317	NaN	NaN	0.269	0.704	NaN	NaN	8.07	24.64	NaN	NaN	0.0	"2.5"	"F0034"	1	0	"PR"	348.638	"deionize-uv"	77.193	0	1	0	0.0	0.0	0.0	null	350.448	0.083
-10.2	0.026125	33187.5	2981.25	2615.625	NaN	NaN	NaN	0	1	1	0	0	0	0	0	0	0	0	0	1	0	0	0	1	1	1	0	1	1	1	0	1	-122.0	0.113	0.32	NaN	NaN	0.269	0.711	NaN	NaN	8.07	24.885	NaN	NaN	0.0	"2.5"	"F0034"	1	0	"PR"	358.674	"deionize-uv"	87.229	0	1	0	0.0	0.0	0.0	null	360.484	0.084
-9.8	0.026125	35250.0	2981.25	2596.875	NaN	NaN	NaN	0	1	1	0	0	0	0	0	0	0	0	0	1	0	0	0	1	1	1	0	1	1	1	0	1	-118.0	0.113	0.318	NaN	NaN	0.269	0.707	NaN	NaN	8.07	24.745	NaN	NaN	0.0	"2.5"	"F0034"	1	0	"PR"	368.722	"deionize-uv"	97.277	0	1	0	0.0	0.0	0.0	null	370.532	0.086
-10.0	0.025575	31312.5	2990.625	2587.5	NaN	NaN	NaN	0	1	1	0	0	0	0	0	0	0	0	0	1	0	0	0	1	1	1	0	1	1	1	0	1	-120.0	0.114	0.317	NaN	NaN	0.271	0.704	NaN	NaN	8.13	24.64	NaN	NaN	0.0	"2.5"	"F0034"	1	0	"PR"	378.759	"deionize-uv"	107.314	0	1	0	0.0	0.0	0.0	null	380.569	0.083
-9.5	0.02585	31875.0	2990.625	2550.0	NaN	NaN	NaN	0	1	1	0	0	0	0	0	0	0	0	0	1	0	0	0	1	1	1	0	1	1	1	0	1	-114.0	0.114	0.313	NaN	NaN	0.271	0.696	NaN	NaN	8.13	24.36	NaN	NaN	0.0	"2.5"	"F0034"	1	0	"PR"	388.798	"deionize-uv"	117.353	0	1	0	0.0	0.0	0.0	null	390.608	0.086
-8.8	0.025575	34875.0	2990.625	2081.25	NaN	NaN	NaN	0	0	1	0	0	0	0	1	0	0	0	0	1	0	0	0	1	1	1	0	1	1	1	0	1	-106.0	0.114	0.266	NaN	NaN	0.271	0.591	NaN	NaN	8.13	20.685	NaN	NaN	0.0	"2.5"	"F0034"	1	0	"PR"	398.765	"drain-di-1"	7.153	0	1	0	0.0	0.0	0.0	null	400.575	0.087
-9.5	0.02585	33375.0	2981.25	1837.5	NaN	NaN	NaN	0	0	1	0	0	0	0	1	0	0	0	0	1	0	0	0	1	1	1	0	1	1	1	0	1	-114.0	0.113	0.242	NaN	NaN	0.269	0.538	NaN	NaN	8.07	18.83	NaN	NaN	0.0	"2.5"	"F0034"	1	0	"PR"	408.8	"drain-di-1"	17.188	0	1	0	0.0	0.0	0.0	null	410.61	0.084
-9.9	0.024475	32437.5	3009.375	1584.375	NaN	NaN	NaN	0	0	1	0	0	0	0	1	0	0	0	0	1	0	0	0	1	1	1	0	1	1	1	0	1	-119.0	0.116	0.216	NaN	NaN	0.276	0.48	NaN	NaN	8.28	16.8	NaN	NaN	0.0	"2.5"	"F0034"	1	0	"PR"	418.839	"drain-di-1"	27.227	0	1	0	0.0	0.0	0.0	null	420.649	0.084
-9.3	0.02475	36187.5	3000.0	1331.25	NaN	NaN	NaN	0	0	1	0	0	0	0	1	0	0	0	0	1	0	0	0	1	1	1	0	1	1	1	0	1	-112.0	0.115	0.191	NaN	NaN	0.274	0.424	NaN	NaN	8.22	14.84	NaN	NaN	0.0	"2.5"	"F0034"	1	0	"PR"	428.869	"drain-di-1"	37.257	0	1	0	0.0	0.0	0.0	null	430.679	0.084
-8.8	0.02475	36937.5	2990.625	1106.25	NaN	NaN	NaN	0	0	1	0	0	0	0	1	0	0	0	0	1	0	0	0	1	1	1	0	1	1	1	0	1	-106.0	0.114	0.169	NaN	NaN	0.271	0.376	NaN	NaN	8.13	13.16	NaN	NaN	0.0	"2.5"	"F0034"	1	0	"PR"	438.907	"drain-di-1"	47.295	0	1	0	0.0	0.0	0.0	null	440.717	0.088
-9.3	0.025025	38250.0	3018.75	853.125	NaN	NaN	NaN	0	0	1	0	0	0	0	1	0	0	0	0	1	0	0	0	1	1	1	0	1	1	1	0	1	-112.0	0.117	0.143	NaN	NaN	0.279	0.318	NaN	NaN	8.37	11.13	NaN	NaN	0.0	"2.5"	"F0034"	1	0	"PR"	448.745	"drain-di-1"	57.133	0	1	0	0.0	0.0	0.0	null	450.555	0.09
-9.1	0.024475	35625.0	2990.625	609.375	NaN	NaN	NaN	0	0	1	0	0	0	0	1	0	0	0	0	1	0	0	0	1	1	1	0	1	1	1	0	1	-109.0	0.114	0.119	NaN	NaN	0.271	0.264	NaN	NaN	8.13	9.24	NaN	NaN	0.0	"2.5"	"F0034"	1	0	"PR"	458.782	"drain-di-1"	67.17	0	1	0	0.0	0.0	0.0	null	460.592	0.09
-9.0	0.024475	35437.5	2990.625	365.625	NaN	NaN	NaN	0	0	1	0	0	0	0	1	0	0	0	0	1	0	0	0	1	1	1	0	1	1	1	0	1	-108.0	0.114	0.095	NaN	NaN	0.271	0.211	NaN	NaN	8.13	7.385	NaN	NaN	0.0	"2.5"	"F0034"	1	0	"PR"	468.824	"drain-di-1"	77.212	0	1	0	0.0	0.0	0.0	null	470.634	0.09
-9.2	0.024475	32250.0	2981.25	131.25	NaN	NaN	NaN	0	0	1	0	0	0	0	1	0	0	0	0	1	0	0	0	1	1	1	0	1	1	1	0	1	-110.0	0.113	0.071	NaN	NaN	0.269	0.158	NaN	NaN	8.07	5.53	NaN	NaN	0.0	"2.5"	"F0034"	1	0	"PR"	478.86	"drain-di-1"	87.248	0	1	0	0.0	0.0	0.0	null	480.67	0.084
-8.4	0.0242	33750.0	3000.0	-112.5	NaN	NaN	NaN	0	0	1	0	0	0	0	1	0	0	0	0	1	0	0	0	1	1	1	0	1	1	1	0	1	-101.0	0.115	0.047	NaN	NaN	0.274	0.104	NaN	NaN	8.22	3.64	NaN	NaN	0.0	"2.5"	"F0034"	1	0	"PR"	488.812	"drip-di-1"	7.945	0	1	0	0.0	0.0	0.0	null	490.622	0.092
12.7	0.024475	30000.0	2840.625	-75.0	NaN	NaN	NaN	1	0	0	0	0	1	1	0	0	0	0	0	1	1	0	0	0	1	1	1	0	1	1	1	0	152.0	0.099	0.051	NaN	NaN	0.236	0.113	NaN	NaN	7.08	3.955	NaN	NaN	0.0	"2.5"	"F0034"	1	1	"PR"	498.812	"reverse-f"	2.774	0	1	0	0.0	0.0	0.0	null	500.622	0.089
13.3	0.025575	30562.5	2859.375	234.375	NaN	NaN	NaN	1	0	0	0	0	1	1	0	0	0	0	0	1	1	0	0	0	1	1	1	0	1	1	1	0	160.0	0.101	0.081	NaN	NaN	0.24	0.18	NaN	NaN	7.2	6.3	NaN	NaN	0.0	"2.5"	"F0034"	1	1	"PR"	508.847	"reverse-f"	12.809	0	1	0	0.0	0.0	0.0	null	510.657	0.09
13.0	0.02805	29625.0	2803.125	525.0	NaN	NaN	NaN	1	0	0	0	0	1	1	0	0	0	0	0	1	1	0	0	0	1	1	1	0	1	1	1	0	156.0	0.095	0.111	NaN	NaN	0.226	0.247	NaN	NaN	6.78	8.645	NaN	NaN	0.0	"2.5"	"F0034"	1	1	"PR"	518.879	"reverse-f"	22.841	0	1	0	0.0	0.0	0.0	null	520.689	0.087
12.6	0.030525	29062.5	2859.375	834.375	NaN	NaN	NaN	1	0	0	0	0	1	1	0	0	0	0	0	1	1	0	0	0	1	1	1	0	1	1	1	0	151.0	0.101	0.141	NaN	NaN	0.24	0.313	NaN	NaN	7.2	10.955	NaN	NaN	0.0	"2.5"	"F0034"	1	1	"PR"	528.916	"reverse-f"	32.878	0	1	0	0.0	0.0	0.0	null	530.726	0.093
12.5	0.031625	30000.0	2840.625	1134.375	NaN	NaN	NaN	1	0	0	0	0	1	1	0	0	0	0	0	1	1	0	0	0	1	1	1	0	1	1	1	0	150.0	0.099	0.171	NaN	NaN	0.236	0.38	NaN	NaN	7.08	13.3	NaN	NaN	0.0	"2.5"	"F0034"	1	1	"PR"	538.953	"reverse-f"	42.915	0	1	0	0.0	0.0	0.0	null	540.763	0.09
12.7	0.0341	30000.0	2831.25	1425.0	NaN	NaN	NaN	1	0	0	0	0	1	1	0	0	0	0	0	1	1	0	0	0	1	1	1	0	1	1	1	0	152.0	0.098	0.2	NaN	NaN	0.233	0.444	NaN	NaN	6.99	15.54	NaN	NaN	0.0	"2.5"	"F0034"	1	1	"PR"	548.986	"reverse-f"	52.948	0	1	0	0.0	0.0	0.0	null	550.796	0.09
13.3	0.03575	30000.0	2831.25	1734.375	NaN	NaN	NaN	1	0	0	0	0	1	1	0	0	0	0	0	1	1	0	0	0	1	1	1	0	1	1	1	0	160.0	0.098	0.231	NaN	NaN	0.233	0.513	NaN	NaN	6.99	17.955	NaN	NaN	0.0	"2.5"	"F0034"	1	1	"PR"	559.028	"reverse-f"	62.99	0	1	0	0.0	0.0	0.0	null	560.838	0.087
12.5	0.0374	27187.5	2859.375	1996.875	NaN	NaN	NaN	1	0	0	0	0	1	1	0	0	0	0	0	1	1	0	0	0	1	1	1	0	1	1	1	0	150.0	0.101	0.258	NaN	NaN	0.24	0.573	NaN	NaN	7.2	20.055	NaN	NaN	0.0	"2.5"	"F0034"	1	1	"PR"	569.061	"reverse-f"	73.023	0	1	0	0.0	0.0	0.0	null	570.871	0.084
12.4	0.038775	26812.5	2859.375	2268.75	NaN	NaN	NaN	0	0	0	0	0	1	1	0	0	0	0	0	1	0	0	0	0	1	1	1	0	1	1	1	0	149.0	0.101	0.285	NaN	NaN	0.24	0.633	NaN	NaN	7.2	22.155	NaN	NaN	0.0	"2.5"	"F0034"	1	1	"PR"	579.0	"reverse"	82.962	0	1	0	0.0	0.0	0.0	null	580.81	0.091
12.3	0.0396	28312.5	2868.75	2259.375	NaN	NaN	NaN	0	0	0	0	0	1	1	0	0	0	0	0	1	0	0	0	0	1	1	1	0	1	1	1	0	148.0	0.102	0.284	NaN	NaN	0.243	0.631	NaN	NaN	7.29	22.085	NaN	NaN	0.0	"2.5"	"F0034"	1	1	"PR"	589.037	"reverse"	92.999	0	1	0	0.0	0.0	0.0	null	590.847	0.09
12.9	0.04125	29437.5	2859.375	2268.75	NaN	NaN	NaN	0	0	0	0	0	1	1	0	0	0	0	0	1	0	0	0	0	1	1	1	0	1	1	1	0	155.0	0.101	0.285	NaN	NaN	0.24	0.633	NaN	NaN	7.2	22.155	NaN	NaN	0.0	"2.5"	"F0034"	1	1	"PR"	599.073	"reverse"	103.035	0	1	0	0.0	0.0	0.0	null	600.883	0.089
11.0	0.041525	28687.5	2840.625	2268.75	NaN	NaN	NaN	0	0	0	0	0	1	1	0	0	0	0	0	1	0	0	0	0	1	1	1	0	1	1	1	0	132.0	0.099	0.285	NaN	NaN	0.236	0.633	NaN	NaN	7.08	22.155	NaN	NaN	0.0	"2.5"	"F0034"	1	1	"PR"	608.916	"reverse"	112.878	0	1	0	0.0	0.0	0.0	null	610.726	0.092
12.7	0.042625	29250.0	2840.625	2278.125	NaN	NaN	NaN	0	0	0	0	0	1	1	0	0	0	0	0	1	0	0	0	0	1	1	1	0	1	1	1	0	152.0	0.099	0.286	NaN	NaN	0.236	0.636	NaN	NaN	7.08	22.26	NaN	NaN	0.0	"2.5"	"F0034"	1	1	"PR"	618.953	"reverse"	122.915	0	1	0	0.0	0.0	0.0	null	620.763	0.088
13.0	0.0429	29812.5	2859.375	2268.75	NaN	NaN	NaN	0	0	0	0	0	1	1	0	0	0	0	0	1	0	0	0	0	1	1	1	0	1	1	1	0	156.0	0.101	0.285	NaN	NaN	0.24	0.633	NaN	NaN	7.2	22.155	NaN	NaN	0.0	"2.5"	"F0034"	1	1	"PR"	628.985	"reverse"	132.947	0	1	0	0.0	0.0	0.0	null	630.795	0.09
12.5	0.0429	30187.5	2831.25	2278.125	NaN	NaN	NaN	0	0	0	0	0	1	1	0	0	0	0	0	1	0	0	0	0	1	1	1	0	1	1	1	0	150.0	0.098	0.286	NaN	NaN	0.233	0.636	NaN	NaN	6.99	22.26	NaN	NaN	0.0	"2.5"	"F0034"	1	1	"PR"	639.027	"reverse"	142.989	0	1	0	0.0	0.0	0.0	null	640.837	0.088
1.4	0.044275	1500.0	3018.75	2268.75	NaN	NaN	NaN	0	0	0	0	0	0	0	0	0	0	0	0	0	0	0	0	0	0	0	0	1	0	0	0	1	17.0	0.117	0.285	NaN	NaN	0.279	0.633	NaN	NaN	8.37	22.155	NaN	NaN	0.0	"2.5"	"F0034"	0	0	"PR"	648.951	"diffuse"	2.901	0	1	1	0.0	0.0	0.0	null	650.761	0.086
2.1	0.044	2625.0	3009.375	2296.875	NaN	NaN	NaN	0	0	0	0	0	0	0	0	0	0	0	0	0	0	0	0	0	0	0	0	1	0	0	0	1	25.0	0.116	0.288	NaN	NaN	0.276	0.64	NaN	NaN	8.28	22.4	NaN	NaN	0.0	"2.5"	"F0034"	0	0	"PR"	658.986	"diffuse"	12.936	0	1	1	0.0	0.0	0.0	null	660.796	0.086
2.3	0.044	1875.0	3037.5	2296.875	NaN	NaN	NaN	0	0	0	0	0	0	0	0	0	0	0	0	0	0	0	0	0	0	0	0	1	0	0	0	1	28.0	0.119	0.288	NaN	NaN	0.283	0.64	NaN	NaN	8.49	22.4	NaN	NaN	0.0	"2.5"	"F0034"	0	0	"PR"	669.023	"diffuse"	22.973	0	1	1	0.0	0.0	0.0	null	670.833	0.085
12.6	0.0429	28875.0	2840.625	2250.0	NaN	NaN	NaN	0	0	0	0	0	1	1	0	0	0	0	0	1	0	0	0	0	1	1	1	0	1	1	1	0	151.0	0.099	0.283	NaN	NaN	0.236	0.629	NaN	NaN	7.08	22.015	NaN	NaN	0.0	"2.5"	"F0034"	1	1	"PR"	679.147	"wash-en"	2.899	0	1	1	0.0	0.0	0.0	null	680.957	0.093
12.6	0.04345	29437.5	2821.875	2259.375	NaN	NaN	NaN	0	0	0	0	0	1	1	0	0	0	0	0	1	0	0	0	0	1	1	1	0	1	1	1	0	151.0	0.097	0.284	NaN	NaN	0.231	0.631	NaN	NaN	6.93	22.085	NaN	NaN	0.0	"2.5"	"F0034"	1	1	"PR"	688.984	"wash-en"	12.736	0	1	1	0.0	0.0	0.0	null	690.794	0.086
1.8	0.04455	30000.0	2859.375	2278.125	NaN	NaN	NaN	0	0	0	0	0	1	1	0	0	0	0	0	1	0	0	0	0	0	0	0	1	0	0	0	1	22.0	0.101	0.286	NaN	NaN	0.24	0.636	NaN	NaN	7.2	22.26	NaN	NaN	0.0	"2.5"	"F0034"	0	0	"PR"	699.112	"wash-sc"	2.699	0	1	1	0.0	0.0	0.0	null	700.922	0.09
2.0	0.04565	2812.5	3018.75	2287.5	NaN	NaN	NaN	0	0	0	0	0	0	0	0	0	0	0	0	0	0	0	0	0	0	0	0	1	0	0	0	1	24.0	0.117	0.287	NaN	NaN	0.279	0.638	NaN	NaN	8.37	22.33	NaN	NaN	0.0	"2.5"	"F0034"	0	0	"PR"	709.148	"diffuse"	2.609	0	1	2	0.0	0.0	0.0	null	710.958	0.093
1.3	0.045925	1125.0	3009.375	2278.125	NaN	NaN	NaN	0	0	0	0	0	0	0	0	0	0	0	0	0	0	0	0	0	0	0	0	1	0	0	0	1	16.0	0.116	0.286	NaN	NaN	0.276	0.636	NaN	NaN	8.28	22.26	NaN	NaN	0.0	"2.5"	"F0034"	0	0	"PR"	719.183	"diffuse"	12.644	0	1	2	0.0	0.0	0.0	null	720.993	0.09
0.6	0.045925	750.0	2990.625	2278.125	NaN	NaN	NaN	0	0	0	0	0	0	0	0	0	0	0	0	0	0	0	0	0	0	0	0	1	0	0	0	1	7.0	0.114	0.286	NaN	NaN	0.271	0.636	NaN	NaN	8.13	22.26	NaN	NaN	0.0	"2.5"	"F0034"	0	0	"PR"	729.021	"diffuse"	22.482	0	1	2	0.0	0.0	0.0	null	730.831	0.086
12.6	0.0451	30000.0	2887.5	2250.0	NaN	NaN	NaN	0	0	0	0	0	1	1	0	0	0	0	0	1	0	0	0	0	1	1	1	0	1	1	1	0	151.0	0.104	0.283	NaN	NaN	0.248	0.629	NaN	NaN	7.44	22.015	NaN	NaN	0.0	"2.5"	"F0034"	1	1	"PR"	739.144	"wash-en"	2.497	0	1	2	0.0	0.0	0.0	null	740.954	0.086
12.8	0.044825	27562.5	2812.5	2287.5	NaN	NaN	NaN	0	0	0	0	0	1	1	0	0	0	0	0	1	0	0	0	0	1	1	1	0	1	1	1	0	154.0	0.096	0.287	NaN	NaN	0.229	0.638	NaN	NaN	6.87	22.33	NaN	NaN	0.0	"2.5"	"F0034"	1	1	"PR"	749.18	"wash-en"	12.533	0	1	2	0.0	0.0	0.0	null	750.99	0.09
0.8	0.045375	29625.0	2859.375	2278.125	NaN	NaN	NaN	0	0	0	0	0	1	1	0	0	0	0	0	1	0	0	0	0	0	0	0	1	0	0	0	1	10.0	0.101	0.286	NaN	NaN	0.24	0.636	NaN	NaN	7.2	22.26	NaN	NaN	0.0	"2.5"	"F0034"	0	0	"PR"	759.118	"wash-sc"	2.306	0	1	2	0.0	0.0	0.0	null	760.928	0.087
1.2	0.04565	562.5	3018.75	2278.125	NaN	NaN	NaN	0	0	0	0	0	0	0	0	0	0	0	0	0	0	0	0	0	0	0	0	1	0	0	0	1	14.0	0.117	0.286	NaN	NaN	0.279	0.636	NaN	NaN	8.37	22.26	NaN	NaN	0.0	"2.5"	"F0034"	0	0	"PR"	769.155	"diffuse"	2.21	0	1	3	0.0	0.0	0.0	null	770.965	0.086
1.3	0.045375	1875.0	3009.375	2278.125	NaN	NaN	NaN	0	0	0	0	0	0	0	0	0	0	0	0	0	0	0	0	0	0	0	0	1	0	0	0	1	16.0	0.116	0.286	NaN	NaN	0.276	0.636	NaN	NaN	8.28	22.26	NaN	NaN	0.0	"2.5"	"F0034"	0	0	"PR"	779.184	"diffuse"	12.239	0	1	3	0.0	0.0	0.0	null	780.994	0.086
1.8	0.045375	2250.0	3018.75	2278.125	NaN	NaN	NaN	0	0	0	0	0	0	0	0	0	0	0	0	0	0	0	0	0	0	0	0	1	0	0	0	1	22.0	0.117	0.286	NaN	NaN	0.279	0.636	NaN	NaN	8.37	22.26	NaN	NaN	0.0	"2.5"	"F0034"	0	0	"PR"	789.224	"diffuse"	22.279	0	1	3	0.0	0.0	0.0	null	791.034	0.088
12.6	0.04455	30000.0	2831.25	2268.75	NaN	NaN	NaN	0	0	0	0	0	1	1	0	0	0	0	0	1	0	0	0	0	1	1	1	0	1	1	1	0	151.0	0.098	0.285	NaN	NaN	0.233	0.633	NaN	NaN	6.99	22.155	NaN	NaN	0.0	"2.5"	"F0034"	1	1	"PR"	799.151	"wash-en"	2.096	0	1	3	0.0	0.0	0.0	null	800.961	0.086
14.1	0.0451	30187.5	2831.25	2259.375	NaN	NaN	NaN	0	0	0	0	0	1	1	0	0	0	0	0	1	0	0	0	0	1	1	1	0	1	1	1	0	169.0	0.098	0.284	NaN	NaN	0.233	0.631	NaN	NaN	6.99	22.085	NaN	NaN	0.0	"2.5"	"F0034"	1	1	"PR"	809.19	"wash-en"	12.135	0	1	3	0.0	0.0	0.0	null	811.0	0.083
0.3	0.04565	29437.5	2850.0	2278.125	NaN	NaN	NaN	0	0	0	0	0	1	1	0	0	0	0	0	1	0	0	0	0	0	0	0	1	0	0	0	1	4.0	0.1	0.286	NaN	NaN	0.238	0.636	NaN	NaN	7.14	22.26	NaN	NaN	0.0	"2.5"	"F0034"	0	0	"PR"	819.118	"wash-sc"	1.897	0	1	3	0.0	0.0	0.0	null	820.928	0.09
1.0	0.04565	750.0	3009.375	2278.125	NaN	NaN	NaN	0	0	0	0	0	0	0	0	0	0	0	0	0	0	0	0	0	0	0	0	1	0	0	0	1	12.0	0.116	0.286	NaN	NaN	0.276	0.636	NaN	NaN	8.28	22.26	NaN	NaN	0.0	"2.5"	"F0034"	0	0	"PR"	829.154	"diffuse"	1.806	0	1	4	0.0	0.0	0.0	null	830.964	0.086
1.0	0.0451	2625.0	3009.375	2268.75	NaN	NaN	NaN	0	0	0	0	0	0	0	0	0	0	0	0	0	0	0	0	0	0	0	0	1	0	0	0	1	12.0	0.116	0.285	NaN	NaN	0.276	0.633	NaN	NaN	8.28	22.155	NaN	NaN	0.0	"2.5"	"F0034"	0	0	"PR"	839.189	"diffuse"	11.841	0	1	4	0.0	0.0	0.0	null	840.999	0.084
0.6	0.045375	2812.5	3009.375	2278.125	NaN	NaN	NaN	0	0	0	0	0	0	0	0	0	0	0	0	0	0	0	0	0	0	0	0	1	0	0	0	1	7.0	0.116	0.286	NaN	NaN	0.276	0.636	NaN	NaN	8.28	22.26	NaN	NaN	0.0	"2.5"	"F0034"	0	0	"PR"	849.225	"diffuse"	21.877	0	1	4	0.0	0.0	0.0	null	851.035	0.087
12.8	0.044	28312.5	2831.25	2259.375	NaN	NaN	NaN	0	0	0	0	0	1	1	0	0	0	0	0	1	0	0	0	0	1	1	1	0	1	1	1	0	154.0	0.098	0.284	NaN	NaN	0.233	0.631	NaN	NaN	6.99	22.085	NaN	NaN	0.0	"2.5"	"F0034"	1	1	"PR"	859.35	"wash-en"	1.898	0	1	4	0.0	0.0	0.0	null	861.16	0.086
11.5	0.045375	29250.0	2868.75	2268.75	NaN	NaN	NaN	0	0	0	0	0	1	1	0	0	0	0	0	1	0	0	0	0	1	1	1	0	1	1	1	0	138.0	0.102	0.285	NaN	NaN	0.243	0.633	NaN	NaN	7.29	22.155	NaN	NaN	0.0	"2.5"	"F0034"	1	1	"PR"	869.184	"wash-en"	11.732	0	1	4	0.0	0.0	0.0	null	870.994	0.083
-0.3	0.0451	28687.5	2859.375	2259.375	NaN	NaN	NaN	0	0	0	0	0	1	1	0	0	0	0	0	1	0	0	0	0	0	0	0	1	0	0	0	1	-4.0	0.101	0.284	NaN	NaN	0.24	0.631	NaN	NaN	7.2	22.085	NaN	NaN	0.0	"2.5"	"F0034"	0	0	"PR"	879.315	"wash-sc"	1.699	0	1	4	0.0	0.0	0.0	null	881.125	0.088
0.5	0.0451	-2625.0	2746.875	2278.125	NaN	NaN	NaN	0	0	0	0	1	0	0	0	0	0	0	0	0	0	0	0	0	0	0	0	1	0	0	0	1	6.0	0.09	0.286	NaN	NaN	0.214	0.636	NaN	NaN	6.42	22.26	NaN	NaN	0.0	"2.5"	"F0034"	0	0	"PR"	889.353	"drain-rg"	1.605	0	1	4	0.0	0.0	0.0	null	891.163	0.086
0.7	0.0451	187.5	2390.625	2287.5	NaN	NaN	NaN	0	0	0	0	1	0	0	0	0	0	0	0	0	0	0	0	0	0	0	0	1	0	0	0	1	8.0	0.054	0.287	NaN	NaN	0.129	0.638	NaN	NaN	3.87	22.33	NaN	NaN	0.0	"2.5"	"F0034"	0	0	"PR"	899.388	"drain-rg"	11.64	0	1	4	0.0	0.0	0.0	null	901.198	0.084
2.1	0.04455	-187.5	2062.5	2278.125	NaN	NaN	NaN	0	0	0	0	1	0	0	0	0	0	0	0	0	0	0	0	0	0	0	0	1	0	0	0	1	25.0	0.021	0.286	NaN	NaN	0.05	0.636	NaN	NaN	1.5	22.26	NaN	NaN	0.0	"2.5"	"F0034"	0	0	"PR"	909.225	"drain-rg"	21.477	0	1	4	0.0	0.0	0.0	null	911.035	0.087
1.8	0.044825	-562.5	1631.25	2278.125	NaN	NaN	NaN	0	0	0	0	1	0	0	0	0	0	0	0	0	0	0	0	0	0	0	0	1	0	0	0	1	22.0	-0.022	0.286	NaN	NaN	-0.052	0.636	NaN	NaN	-1.56	22.26	NaN	NaN	0.0	"2.5"	"F0034"	0	0	"PR"	919.263	"drip-rg"	3.813	0	1	4	0.0	0.0	0.0	null	921.073	0.083
0.6	0.045375	-375.0	0.0	2278.125	NaN	NaN	NaN	0	0	0	0	1	0	0	0	0	0	0	0	0	0	0	0	0	0	0	0	1	0	0	0	1	7.0	-0.185	0.286	NaN	NaN	-0.44	0.636	NaN	NaN	-13.2	22.26	NaN	NaN	0.0	"2.5"	"F0034"	0	0	"PR"	929.296	"drip-rg"	13.846	0	1	4	0.0	0.0	0.0	null	931.106	0.084
1.3	0.044825	29250.0	1818.75	2100.0	NaN	NaN	NaN	0	0	1	0	0	1	0	0	0	0	0	0	1	0	0	0	0	0	0	0	1	0	0	0	1	16.0	-0.003	0.268	NaN	NaN	-0.007	0.596	NaN	NaN	-0.21	20.86	NaN	NaN	0.0	"2.5"	"F0034"	0	0	"FR"	8.049	"fill-rg-di"	7.849	1	1	0	932.513	0.0	0.0	null	941.185	0.084
0.5	0.044275	30562.5	2203.125	1846.875	NaN	NaN	NaN	0	0	1	0	0	1	0	0	0	0	0	0	1	0	0	0	0	0	0	0	1	0	0	0	1	6.0	0.035	0.243	NaN	NaN	0.083	0.54	NaN	NaN	2.49	18.9	NaN	NaN	0.0	"2.5"	"F0034"	0	0	"FR"	18.083	"fill-rg-di"	17.883	1	1	0	932.513	0.0	0.0	null	951.219	0.088
0.6	0.04345	30187.5	2521.875	1584.375	NaN	NaN	NaN	0	0	1	0	0	1	0	0	0	0	0	0	1	0	0	0	0	0	0	0	1	0	0	0	1	7.0	0.067	0.216	NaN	NaN	0.16	0.48	NaN	NaN	4.8	16.8	NaN	NaN	0.0	"2.5"	"F0034"	0	0	"FR"	28.119	"fill-rg-di"	27.919	1	1	0	932.513	0.0	0.0	null	961.255	0.084
0.6	0.043175	29250.0	2821.875	1340.625	NaN	NaN	NaN	0	0	1	0	0	1	0	0	0	0	0	0	1	0	0	0	0	0	0	0	1	0	0	0	1	7.0	0.097	0.192	NaN	NaN	0.231	0.427	NaN	NaN	6.93	14.945	NaN	NaN	0.0	"2.5"	"F0034"	0	0	"FR"	37.949	"fill-rg-di"	37.749	1	1	0	932.513	0.0	0.0	null	971.085	0.09
1.0	0.0418	30000.0	3112.5	1134.375	NaN	NaN	NaN	0	0	1	0	0	1	0	0	0	0	0	0	1	0	0	0	0	0	0	0	1	0	0	0	1	12.0	0.126	0.171	NaN	NaN	0.3	0.38	NaN	NaN	9.0	13.3	NaN	NaN	0.0	"2.5"	"F0034"	0	0	"FR"	47.988	"fill-rg-di"	47.788	1	1	0	932.513	0.0	0.0	null	981.124	0.091
2.0	0.0429	1875.0	2850.0	993.75	NaN	NaN	NaN	0	0	0	0	1	0	0	0	0	0	0	0	0	0	0	0	0	0	0	0	1	0	0	0	1	24.0	0.1	0.157	NaN	NaN	0.238	0.349	NaN	NaN	7.14	12.215	NaN	NaN	0.0	"2.5"	"F0034"	0	0	"FR"	58.026	"drain-rg"	5.622	1	1	0	932.513	0.0	0.0	null	991.162	0.083
1.0	0.042075	1312.5	2512.5	993.75	NaN	NaN	NaN	0	0	0	0	1	0	0	0	0	0	0	0	0	0	0	0	0	0	0	0	1	0	0	0	1	12.0	0.066	0.157	NaN	NaN	0.157	0.349	NaN	NaN	4.71	12.215	NaN	NaN	0.0	"2.5"	"F0034"	0	0	"FR"	68.057	"drain-rg"	15.653	1	1	0	932.513	0.0	0.0	null	1001.193	0.084
0.2	0.042625	1500.0	2156.25	975.0	NaN	NaN	NaN	0	0	0	0	1	0	0	0	0	0	0	0	0	0	0	0	0	0	0	0	1	0	0	0	1	2.0	0.031	0.155	NaN	NaN	0.074	0.344	NaN	NaN	2.22	12.04	NaN	NaN	0.0	"2.5"	"F0034"	0	0	"FR"	78.094	"drain-rg"	25.69	1	1	0	932.513	0.0	0.0	null	1011.23	0.089
0.3	0.04235	1875.0	1753.125	975.0	NaN	NaN	NaN	0	0	0	0	1	0	0	0	0	0	0	0	0	0	0	0	0	0	0	0	1	0	0	0	1	4.0	-0.01	0.155	NaN	NaN	-0.024	0.344	NaN	NaN	-0.72	12.04	NaN	NaN	0.0	"2.5"	"F0034"	0	0	"FR"	88.13	"drip-rg"	2.208	1	1	0	932.513	0.0	0.0	null	1021.266	0.084
1.0	0.04235	2437.5	0.0	965.625	NaN	NaN	NaN	0	0	0	0	1	0	0	0	0	0	0	0	0	0	0	0	0	0	0	0	1	0	0	0	1	12.0	-0.185	0.155	NaN	NaN	-0.44	0.344	NaN	NaN	-13.2	12.04	NaN	NaN	0.0	"2.5"	"F0034"	0	0	"FR"	98.161	"drip-rg"	12.239	1	1	0	932.513	0.0	0.0	null	1031.297	0.084
1.1	0.041525	26812.5	1715.625	834.375	NaN	NaN	NaN	0	0	1	0	0	1	0	0	0	0	0	0	1	0	0	0	0	0	0	0	1	0	0	0	1	13.0	-0.013	0.141	NaN	NaN	-0.031	0.313	NaN	NaN	-0.93	10.955	NaN	NaN	0.0	"2.5"	"F0034"	0	0	"PR"	6.245	"fill-rg-di"	6.045	1	0	0	932.513	0.0	1034.308	null	1041.175	0.09
0.6	0.04235	29625.0	2156.25	571.875	NaN	NaN	NaN	0	0	1	0	0	1	0	0	0	0	0	0	1	0	0	0	0	0	0	0	1	0	0	0	1	7.0	0.031	0.115	NaN	NaN	0.074	0.256	NaN	NaN	2.22	8.96	NaN	NaN	0.0	"2.5"	"F0034"	0	0	"PR"	16.278	"fill-rg-di"	16.078	1	0	0	932.513	0.0	1034.308	null	1051.208	0.091
0.9	0.0418	28500.0	2456.25	328.125	NaN	NaN	NaN	0	0	1	0	0	1	0	0	0	0	0	0	1	0	0	0	0	0	0	0	1	0	0	0	1	11.0	0.061	0.091	NaN	NaN	0.145	0.202	NaN	NaN	4.35	7.07	NaN	NaN	0.0	"2.5"	"F0034"	0	0	"PR"	26.317	"fill-rg-di"	26.117	1	0	0	932.513	0.0	1034.308	null	1061.247	0.09
1.0	0.04125	29812.5	2746.875	84.375	NaN	NaN	NaN	0	0	1	0	0	1	0	0	0	0	0	0	1	0	0	0	0	0	0	0	1	0	0	0	1	12.0	0.09	0.066	NaN	NaN	0.214	0.147	NaN	NaN	6.42	5.145	NaN	NaN	0.0	"2.5"	"F0034"	0	0	"PR"	36.352	"fill-rg-di"	36.152	1	0	0	932.513	0.0	1034.308	null	1071.282	0.09
0.6	0.041525	3750.0	2793.75	375.0	NaN	NaN	NaN	1	0	0	0	0	0	0	0	0	0	0	0	0	1	0	0	0	0	0	0	1	0	0	0	1	7.0	0.094	0.096	NaN	NaN	0.224	0.213	NaN	NaN	6.72	7.455	NaN	NaN	0.0	"2.5"	"F0034"	0	0	"PR"	46.392	"fill-di-lb"	9.839	1	0	0	932.513	0.0	1034.308	null	1081.322	0.092
1.2	0.04125	2437.5	2765.625	684.375	NaN	NaN	NaN	1	0	0	0	0	0	0	0	0	0	0	0	0	1	0	0	0	0	0	0	1	0	0	0	1	14.0	0.092	0.126	NaN	NaN	0.219	0.28	NaN	NaN	6.57	9.8	NaN	NaN	0.0	"2.5"	"F0034"	0	0	"PR"	56.428	"fill-di-lb"	19.875	1	0	0	932.513	0.0	1034.308	null	1091.358	0.083
0.8	0.04125	1687.5	2775.0	956.25	NaN	NaN	NaN	1	0	0	0	0	0	0	0	0	0	0	0	0	1	0	0	0	0	0	0	1	0	0	0	1	10.0	0.093	0.154	NaN	NaN	0.221	0.342	NaN	NaN	6.63	11.97	NaN	NaN	0.0	"2.5"	"F0034"	0	0	"PR"	66.464	"fill-di-lb"	29.911	1	0	0	932.513	0.0	1034.308	null	1101.394	0.09
3.4	0.040975	2250.0	2775.0	1237.5	NaN	NaN	NaN	1	0	0	0	0	0	0	0	0	0	0	0	0	1	0	0	0	0	0	0	1	0	0	0	1	41.0	0.093	0.182	NaN	NaN	0.221	0.404	NaN	NaN	6.63	14.14	NaN	NaN	0.0	"2.5"	"F0034"	0	0	"PR"	76.3	"fill-di-lb"	39.747	1	0	0	932.513	0.0	1034.308	null	1111.23	0.092
0.7	0.04125	3375.0	2746.875	1556.25	NaN	NaN	NaN	1	0	0	0	0	0	0	0	0	0	0	0	0	1	0	0	0	0	0	0	1	0	0	0	1	8.0	0.09	0.214	NaN	NaN	0.214	0.476	NaN	NaN	6.42	16.66	NaN	NaN	0.0	"2.5"	"F0034"	0	0	"PR"	86.33	"fill-di-lb"	49.777	1	0	0	932.513	0.0	1034.308	null	1121.26	0.087
0.9	0.04125	2250.0	2775.0	1837.5	NaN	NaN	NaN	1	0	0	0	0	0	0	0	0	0	0	0	0	1	0	0	0	0	0	0	1	0	0	0	1	11.0	0.093	0.242	NaN	NaN	0.221	0.538	NaN	NaN	6.63	18.83	NaN	NaN	0.0	"2.5"	"F0034"	0	0	"PR"	96.362	"fill-di-lb"	59.809	1	0	0	932.513	0.0	1034.308	null	1131.292	0.09
0.9	0.0418	2250.0	2775.0	2118.75	NaN	NaN	NaN	1	0	0	0	0	0	0	0	0	0	0	0	0	1	0	0	0	0	0	0	1	0	0	0	1	11.0	0.093	0.27	NaN	NaN	0.221	0.6	NaN	NaN	6.63	21.0	NaN	NaN	0.0	"2.5"	"F0034"	0	0	"PR"	106.402	"fill-di-lb"	69.849	1	0	0	932.513	0.0	1034.308	null	1141.332	0.09
0.8	0.0407	29625.0	2943.75	2128.125	NaN	NaN	NaN	0	0	1	0	0	1	0	0	0	0	0	0	1	0	0	0	0	0	0	0	1	0	0	0	1	10.0	0.109	0.271	NaN	NaN	0.26	0.602	NaN	NaN	7.8	21.07	NaN	NaN	0.0	"2.5"	"F0034"	0	0	"PR"	116.438	"fill-rg-di"	5.618	1	0	0	932.513	0.0	1034.308	null	1151.368	0.087
12.6	0.040425	31875.0	2971.875	2587.5	NaN	NaN	NaN	0	1	1	0	0	0	0	0	0	0	0	0	1	0	0	0	0	1	1	1	0	1	1	1	0	151.0	0.112	0.317	NaN	NaN	0.267	0.704	NaN	NaN	8.01	24.64	NaN	NaN	0.0	"2.5"	"F0034"	1	1	"PR"	126.486	"deionize"	3.226	1	1	0	932.513	0.0	1034.308	null	1161.416	0.092
12.3	0.040425	32250.0	2962.5	2625.0	NaN	NaN	NaN	0	1	1	0	0	0	0	0	0	0	0	0	1	0	0	0	0	1	1	1	0	1	1	1	0	148.0	0.111	0.321	NaN	NaN	0.264	0.713	NaN	NaN	7.92	24.955	NaN	NaN	0.0	"2.5"	"F0034"	1	1	"PR"	136.523	"deionize"	13.263	1	1	0	932.513	0.0	1034.308	null	1171.453	0.087
12.6	0.04015	32812.5	2971.875	2550.0	NaN	NaN	NaN	0	1	1	0	0	0	0	0	0	0	0	0	1	0	0	0	0	1	1	1	0	1	1	1	0	151.0	0.112	0.313	NaN	NaN	0.267	0.696	NaN	NaN	8.01	24.36	NaN	NaN	0.0	"2.5"	"F0034"	1	1	"PR"	146.358	"deionize"	23.098	1	1	0	932.513	0.0	1034.308	null	1181.288	0.087
12.6	0.039325	35250.0	2981.25	2578.125	NaN	NaN	NaN	0	1	1	0	0	0	0	0	0	0	0	0	1	0	0	0	0	1	1	1	0	1	1	1	0	151.0	0.113	0.316	NaN	NaN	0.269	0.702	NaN	NaN	8.07	24.57	NaN	NaN	0.0	"2.5"	"F0034"	1	1	"PR"	156.395	"deionize"	33.135	1	1	0	932.513	0.0	1034.308	null	1191.325	0.089
12.8	0.038225	32250.0	2971.875	2568.75	NaN	NaN	NaN	0	1	1	0	0	0	0	0	0	0	0	0	1	0	0	0	0	1	1	1	0	1	1	1	0	154.0	0.112	0.315	NaN	NaN	0.267	0.7	NaN	NaN	8.01	24.5	NaN	NaN	0.0	"2.5"	"F0034"	1	1	"PR"	166.431	"deionize"	43.171	1	1	0	932.513	0.0	1034.308	null	1201.361	0.091
10.4	0.037675	33750.0	2981.25	2512.5	NaN	NaN	NaN	0	1	1	0	0	0	0	0	0	0	0	0	1	0	0	0	0	1	1	1	0	1	1	1	0	125.0	0.113	0.309	NaN	NaN	0.269	0.687	NaN	NaN	8.07	24.045	NaN	NaN	0.0	"2.5"	"F0034"	1	1	"PR"	176.465	"deionize"	53.205	1	1	0	932.513	0.0	1034.308	null	1211.395	0.091
13.3	0.03685	31500.0	2971.875	2550.0	NaN	NaN	NaN	0	1	1	0	0	0	0	0	0	0	0	0	1	0	0	0	0	1	1	1	0	1	1	1	0	160.0	0.112	0.313	NaN	NaN	0.267	0.696	NaN	NaN	8.01	24.36	NaN	NaN	0.0	"2.5"	"F0034"	1	1	"PR"	186.503	"deionize"	63.243	1	1	0	932.513	0.0	1034.308	null	1221.433	0.091
12.7	0.036025	34125.0	2962.5	2578.125	NaN	NaN	NaN	0	1	1	0	0	0	0	0	0	0	0	0	1	0	0	0	0	1	1	1	0	1	1	1	0	152.0	0.111	0.316	NaN	NaN	0.264	0.702	NaN	NaN	7.92	24.57	NaN	NaN	0.0	"2.5"	"F0034"	1	1	"PR"	196.54	"deionize"	73.28	1	1	0	932.513	0.0	1034.308	null	1231.47	0.09
12.3	0.0352	33562.5	2962.5	2559.375	NaN	NaN	NaN	0	1	1	0	0	0	0	0	0	0	0	0	1	0	0	0	0	1	1	1	0	1	1	1	0	148.0	0.111	0.314	NaN	NaN	0.264	0.698	NaN	NaN	7.92	24.43	NaN	NaN	0.0	"2.5"	"F0034"	1	1	"PR"	206.577	"deionize"	83.317	1	1	0	932.513	0.0	1034.308	null	1241.507	0.091
12.3	0.034925	35437.5	2962.5	2503.125	NaN	NaN	NaN	0	1	1	0	0	0	0	0	0	0	0	0	1	0	0	0	0	1	1	1	0	1	1	1	0	148.0	0.111	0.308	NaN	NaN	0.264	0.684	NaN	NaN	7.92	23.94	NaN	NaN	0.0	"2.5"	"F0034"	1	1	"PR"	216.615	"deionize"	93.355	1	1	0	932.513	0.0	1034.308	null	1251.545	0.09
12.8	0.0341	32250.0	2971.875	2456.25	NaN	NaN	NaN	0	1	1	0	0	0	0	0	0	0	0	0	1	0	0	0	0	1	1	1	0	1	1	1	0	154.0	0.112	0.304	NaN	NaN	0.267	0.676	NaN	NaN	8.01	23.66	NaN	NaN	0.0	"2.5"	"F0034"	1	1	"PR"	226.451	"deionize"	103.191	1	1	0	932.513	0.0	1034.308	null	1261.381	0.086
12.4	0.033825	32812.5	2971.875	2540.625	NaN	NaN	NaN	0	1	1	0	0	0	0	0	0	0	0	0	1	0	0	0	0	1	1	1	0	1	1	1	0	149.0	0.112	0.312	NaN	NaN	0.267	0.693	NaN	NaN	8.01	24.255	NaN	NaN	0.0	"2.5"	"F0034"	1	1	"PR"	236.489	"deionize"	113.229	1	1	0	932.513	0.0	1034.308	null	1271.419	0.088
11.8	0.033275	31875.0	3000.0	2493.75	NaN	NaN	NaN	0	1	1	0	0	0	0	0	0	0	0	0	1	0	0	0	0	1	1	1	0	1	1	1	0	142.0	0.115	0.307	NaN	NaN	0.274	0.682	NaN	NaN	8.22	23.87	NaN	NaN	0.0	"2.5"	"F0034"	1	1	"PR"	246.526	"deionize"	123.266	1	1	0	932.513	0.0	1034.308	null	1281.456	0.087
13.3	0.033275	34875.0	2962.5	2493.75	NaN	NaN	NaN	0	1	1	0	0	0	0	0	0	0	0	0	1	0	0	0	0	1	1	1	0	1	1	1	0	160.0	0.111	0.307	NaN	NaN	0.264	0.682	NaN	NaN	7.92	23.87	NaN	NaN	0.0	"2.5"	"F0034"	1	1	"PR"	256.558	"deionize"	133.298	1	1	0	932.513	0.0	1034.308	null	1291.488	0.087
12.3	0.03245	34687.5	2971.875	2428.125	NaN	NaN	NaN	0	1	1	0	0	0	0	0	0	0	0	0	1	0	0	0	0	1	1	1	0	1	1	1	0	148.0	0.112	0.301	NaN	NaN	0.267	0.669	NaN	NaN	8.01	23.415	NaN	NaN	0.0	"2.5"	"F0034"	1	1	"PR"	266.596	"deionize"	143.336	1	1	0	932.513	0.0	1034.308	null	1301.526	0.088
12.4	0.03245	30750.0	2962.5	2418.75	NaN	NaN	NaN	0	1	1	0	0	0	0	0	0	0	0	0	1	0	0	0	0	1	1	1	0	1	1	1	0	149.0	0.111	0.3	NaN	NaN	0.264	0.667	NaN	NaN	7.92	23.345	NaN	NaN	0.0	"2.5"	"F0034"	1	1	"PR"	276.629	"deionize"	153.369	1	1	0	932.513	0.0	1034.308	null	1311.559	0.084
12.2	0.031625	33000.0	2981.25	2418.75	NaN	NaN	NaN	0	1	1	0	0	0	0	0	0	0	0	0	1	0	0	0	0	1	1	1	0	1	1	1	0	146.0	0.113	0.3	NaN	NaN	0.269	0.667	NaN	NaN	8.07	23.345	NaN	NaN	0.0	"2.5"	"F0034"	1	1	"PR"	286.665	"deionize"	163.405	1	1	0	932.513	0.0	1034.308	null	1321.595	0.091
12.4	0.03135	33187.5	2981.25	2465.625	NaN	NaN	NaN	0	1	1	0	0	0	0	0	0	0	0	0	1	0	0	0	0	1	1	1	0	1	1	1	0	149.0	0.113	0.305	NaN	NaN	0.269	0.678	NaN	NaN	8.07	23.73	NaN	NaN	0.0	"2.5"	"F0034"	1	1	"PR"	296.504	"deionize"	173.244	1	1	0	932.513	0.0	1034.308	null	1331.434	0.088
12.2	0.030525	33000.0	2981.25	2437.5	NaN	NaN	NaN	0	1	1	0	0	0	0	0	0	0	0	0	1	0	0	0	0	1	1	1	0	1	1	1	0	146.0	0.113	0.302	NaN	NaN	0.269	0.671	NaN	NaN	8.07	23.485	NaN	NaN	0.0	"2.5"	"F0034"	1	1	"PR"	306.541	"deionize"	183.281	1	1	0	932.513	0.0	1034.308	null	1341.471	0.084
12.3	0.029975	34125.0	2962.5	2465.625	NaN	NaN	NaN	0	1	1	0	0	0	0	0	0	0	0	0	1	0	0	0	0	1	1	1	0	1	1	1	0	148.0	0.111	0.305	NaN	NaN	0.264	0.678	NaN	NaN	7.92	23.73	NaN	NaN	0.0	"2.5"	"F0034"	1	1	"PR"	316.58	"deionize"	193.32	1	1	0	932.513	0.0	1034.308	null	1351.51	0.085
13.9	0.029975	34687.5	2981.25	2428.125	NaN	NaN	NaN	0	1	1	0	0	0	0	0	0	0	0	0	1	0	0	0	0	1	1	1	0	1	1	1	0	167.0	0.113	0.301	NaN	NaN	0.269	0.669	NaN	NaN	8.07	23.415	NaN	NaN	0.0	"2.5"	"F0034"	1	1	"PR"	326.619	"deionize"	203.359	1	1	0	932.513	0.0	1034.308	null	1361.549	0.087
11.9	0.029425	33187.5	2971.875	2409.375	NaN	NaN	NaN	0	1	1	0	0	0	0	0	0	0	0	0	1	0	0	0	0	1	1	1	0	1	1	1	0	143.0	0.112	0.299	NaN	NaN	0.267	0.664	NaN	NaN	8.01	23.24	NaN	NaN	0.0	"2.5"	"F0034"	1	1	"PR"	336.651	"deionize"	213.391	1	1	0	932.513	0.0	1034.308	null	1371.581	0.086
11.6	0.028875	33750.0	2962.5	2409.375	NaN	NaN	NaN	0	1	1	0	0	0	0	0	0	0	0	0	1	0	0	0	0	1	1	1	0	1	1	1	0	139.0	0.111	0.299	NaN	NaN	0.264	0.664	NaN	NaN	7.92	23.24	NaN	NaN	0.0	"2.5"	"F0034"	1	1	"PR"	346.691	"deionize"	223.431	1	1	0	932.513	0.0	1034.308	null	1381.621	0.088
11.7	0.02805	32437.5	2953.125	2409.375	NaN	NaN	NaN	0	1	1	0	0	0	0	0	0	0	0	0	1	0	0	0	0	1	1	1	0	1	1	1	0	140.0	0.11	0.299	NaN	NaN	0.262	0.664	NaN	NaN	7.86	23.24	NaN	NaN	0.0	"2.5"	"F0034"	1	1	"PR"	356.727	"deionize"	233.467	1	1	0	932.513	0.0	1034.308	null	1391.657	0.087
11.5	0.02805	34875.0	2962.5	2475.0	NaN	NaN	NaN	0	1	1	0	0	0	0	0	0	0	0	0	1	0	0	0	1	1	1	1	0	1	1	1	0	138.0	0.111	0.305	NaN	NaN	0.264	0.678	NaN	NaN	7.92	23.73	NaN	NaN	0.0	"2.5"	"F0034"	1	1	"PR"	366.676	"deionize-uv"	3.325	1	1	0	932.513	0.0	1034.308	null	1401.606	0.084
10.4	0.02805	31687.5	2971.875	2437.5	NaN	NaN	NaN	0	1	1	0	0	0	0	0	0	0	0	0	1	0	0	0	1	1	1	1	0	1	1	1	0	125.0	0.112	0.302	NaN	NaN	0.267	0.671	NaN	NaN	8.01	23.485	NaN	NaN	0.0	"2.5"	"F0034"	1	1	"PR"	376.709	"deionize-uv"	13.358	1	1	0	932.513	0.0	1034.308	null	1411.639	0.084
11.1	0.027225	34687.5	2981.25	2475.0	NaN	NaN	NaN	0	1	1	0	0	0	0	0	0	0	0	0	1	0	0	0	1	1	1	1	0	1	1	1	0	133.0	0.113	0.305	NaN	NaN	0.269	0.678	NaN	NaN	8.07	23.73	NaN	NaN	0.0	"2.5"	"F0034"	1	1	"PR"	386.742	"deionize-uv"	23.391	1	1	0	932.513	0.0	1034.308	null	1421.672	0.083
12.9	0.026125	33562.5	2981.25	2428.125	NaN	NaN	NaN	0	1	1	0	0	0	0	0	0	0	0	0	1	0	0	0	1	1	1	1	0	1	1	1	0	155.0	0.113	0.301	NaN	NaN	0.269	0.669	NaN	NaN	8.07	23.415	NaN	NaN	0.0	"2.5"	"F0034"	1	1	"PR"	396.778	"deionize-uv"	33.427	1	1	0	932.513	0.0	1034.308	null	1431.708	0.083
12.2	0.02695	35437.5	2953.125	2371.875	NaN	NaN	NaN	0	1	1	0	0	0	0	0	0	0	0	0	1	0	0	0	1	1	1	1	0	1	1	1	0	146.0	0.11	0.295	NaN	NaN	0.262	0.656	NaN	NaN	7.86	22.96	NaN	NaN	0.0	"2.5"	"F0034"	1	1	"PR"	406.617	"deionize-uv"	43.266	1	1	0	932.513	0.0	1034.308	null	1441.547	0.083
10.4	0.0264	33000.0	2971.875	2428.125	NaN	NaN	NaN	0	1	1	0	0	0	0	0	0	0	0	0	1	0	0	0	1	1	1	1	0	1	1	1	0	125.0	0.112	0.301	NaN	NaN	0.267	0.669	NaN	NaN	8.01	23.415	NaN	NaN	0.0	"2.5"	"F0034"	1	1	"PR"	416.65	"deionize-uv"	53.299	1	1	0	932.513	0.0	1034.308	null	1451.58	0.084
10.4	0.02585	32250.0	2981.25	2400.0	NaN	NaN	NaN	0	1	1	0	0	0	0	0	0	0	0	0	1	0	0	0	1	1	1	1	0	1	1	1	0	125.0	0.113	0.298	NaN	NaN	0.269	0.662	NaN	NaN	8.07	23.17	NaN	NaN	0.0	"2.5"	"F0034"	1	1	"PR"	426.69	"deionize-uv"	63.339	1	1	0	932.513	0.0	1034.308	null	1461.62	0.087
10.4	0.024475	33375.0	2953.125	2437.5	NaN	NaN	NaN	0	1	1	0	0	0	0	0	0	0	0	0	1	0	0	0	1	1	1	1	0	1	1	1	0	125.0	0.11	0.302	NaN	NaN	0.262	0.671	NaN	NaN	7.86	23.485	NaN	NaN	0.0	"2.5"	"F0034"	1	1	"PR"	436.725	"deionize-uv"	73.374	1	1	0	932.513	0.0	1034.308	null	1471.655	0.084
10.1	0.025575	33750.0	2981.25	2428.125	NaN	NaN	NaN	0	1	1	0	0	0	0	0	0	0	0	0	1	0	0	0	1	1	1	1	0	1	1	1	0	121.0	0.113	0.301	NaN	NaN	0.269	0.669	NaN	NaN	8.07	23.415	NaN	NaN	0.0	"2.5"	"F0034"	1	1	"PR"	446.759	"deionize-uv"	83.408	1	1	0	932.513	0.0	1034.308	null	1481.689	0.084
10.6	0.0253	34687.5	2962.5	2409.375	NaN	NaN	NaN	0	1	1	0	0	0	0	0	0	0	0	0	1	0	0	0	1	1	1	1	0	1	1	1	0	127.0	0.111	0.299	NaN	NaN	0.264	0.664	NaN	NaN	7.92	23.24	NaN	NaN	0.0	"2.5"	"F0034"	1	1	"PR"	456.8	"deionize-uv"	93.449	1	1	0	932.513	0.0	1034.308	null	1491.73	0.086
8.2	0.024475	33750.0	2971.875	2400.0	NaN	NaN	NaN	0	1	1	0	0	0	0	0	0	0	0	0	1	0	0	0	1	1	1	1	0	1	1	1	0	98.0	0.112	0.298	NaN	NaN	0.267	0.662	NaN	NaN	8.01	23.17	NaN	NaN	0.0	"2.5"	"F0034"	1	1	"PR"	466.832	"deionize-uv"	103.481	1	1	0	932.513	0.0	1034.308	null	1501.762	0.083
9.5	0.023925	31125.0	2971.875	2437.5	NaN	NaN	NaN	0	1	1	0	0	0	0	0	0	0	0	0	1	0	0	0	1	1	1	1	0	1	1	1	0	114.0	0.112	0.302	NaN	NaN	0.267	0.671	NaN	NaN	8.01	23.485	NaN	NaN	0.0	"2.5"	"F0034"	1	1	"PR"	476.871	"deionize-uv"	113.52	1	1	0	932.513	0.0	1034.308	null	1511.801	0.084
9.8	0.023925	36000.0	2981.25	2034.375	NaN	NaN	NaN	0	0	1	0	0	0	0	1	0	0	0	0	1	0	0	0	1	1	1	1	0	1	1	1	0	118.0	0.113	0.261	NaN	NaN	0.269	0.58	NaN	NaN	8.07	20.3	NaN	NaN	0.0	"2.5"	"F0034"	1	1	"PR"	486.84	"drain-di-1"	3.34	1	1	0	932.513	0.0	1034.308	null	1521.77	0.084
9.5	0.0242	35625.0	2962.5	1809.375	NaN	NaN	NaN	0	0	1	0	0	0	0	1	0	0	0	0	1	0	0	0	1	1	1	1	0	1	1	1	0	114.0	0.111	0.239	NaN	NaN	0.264	0.531	NaN	NaN	7.92	18.585	NaN	NaN	0.0	"2.5"	"F0034"	1	1	"PR"	496.874	"drain-di-1"	13.374	1	1	0	932.513	0.0	1034.308	null	1531.804	0.084
9.9	0.023375	35812.5	2943.75	1537.5	NaN	NaN	NaN	0	0	1	0	0	0	0	1	0	0	0	0	1	0	0	0	1	1	1	1	0	1	1	1	0	119.0	0.109	0.212	NaN	NaN	0.26	0.471	NaN	NaN	7.8	16.485	NaN	NaN	0.0	"2.5"	"F0034"	1	1	"PR"	506.913	"drain-di-1"	23.413	1	1	0	932.513	0.0	1034.308	null	1541.843	0.084
9.4	0.02365	35250.0	2971.875	1303.125	NaN	NaN	NaN	0	0	1	0	0	0	0	1	0	0	0	0	1	0	0	0	1	1	1	1	0	1	1	1	0	113.0	0.112	0.188	NaN	NaN	0.267	0.418	NaN	NaN	8.01	14.63	NaN	NaN	0.0	"2.5"	"F0034"	1	1	"PR"	516.747	"drain-di-1"	33.247	1	1	0	932.513	0.0	1034.308	null	1551.677	0.09
11.2	0.022825	36187.5	2971.875	1078.125	NaN	NaN	NaN	0	0	1	0	0	0	0	1	0	0	0	0	1	0	0	0	1	1	1	1	0	1	1	1	0	134.0	0.112	0.166	NaN	NaN	0.267	0.369	NaN	NaN	8.01	12.915	NaN	NaN	0.0	"2.5"	"F0034"	1	1	"PR"	526.782	"drain-di-1"	43.282	1	1	0	932.513	0.0	1034.308	null	1561.712	0.091
8.8	0.023375	36937.5	2981.25	815.625	NaN	NaN	NaN	0	0	1	0	0	0	0	1	0	0	0	0	1	0	0	0	1	1	1	1	0	1	1	1	0	106.0	0.113	0.14	NaN	NaN	0.269	0.311	NaN	NaN	8.07	10.885	NaN	NaN	0.0	"2.5"	"F0034"	1	1	"PR"	536.822	"drain-di-1"	53.322	1	1	0	932.513	0.0	1034.308	null	1571.752	0.09
9.4	0.023375	35437.5	2971.875	562.5	NaN	NaN	NaN	0	0	1	0	0	0	0	1	0	0	0	0	1	0	0	0	1	1	1	1	0	1	1	1	0	113.0	0.112	0.114	NaN	NaN	0.267	0.253	NaN	NaN	8.01	8.855	NaN	NaN	0.0	"2.5"	"F0034"	1	1	"PR"	546.856	"drain-di-1"	63.356	1	1	0	932.513	0.0	1034.308	null	1581.786	0.09
8.2	0.0231	36375.0	2981.25	328.125	NaN	NaN	NaN	0	0	1	0	0	0	0	1	0	0	0	0	1	0	0	0	1	1	1	1	0	1	1	1	0	98.0	0.113	0.091	NaN	NaN	0.269	0.202	NaN	NaN	8.07	7.07	NaN	NaN	0.0	"2.5"	"F0034"	1	1	"PR"	556.897	"drain-di-1"	73.397	1	1	0	932.513	0.0	1034.308	null	1591.827	0.087
8.9	0.022825	34687.5	2971.875	75.0	NaN	NaN	NaN	0	0	1	0	0	0	0	1	0	0	0	0	1	0	0	0	1	1	1	1	0	1	1	1	0	107.0	0.112	0.066	NaN	NaN	0.267	0.147	NaN	NaN	8.01	5.145	NaN	NaN	0.0	"2.5"	"F0034"	1	1	"PR"	566.93	"drain-di-1"	83.43	1	1	0	932.513	0.0	1034.308	null	1601.86	0.087
8.9	0.022275	34687.5	2934.375	-178.125	NaN	NaN	NaN	0	0	1	0	0	0	0	1	0	0	0	0	1	0	0	0	1	1	1	1	0	1	1	1	0	107.0	0.108	0.04	NaN	NaN	0.257	0.089	NaN	NaN	7.71	3.115	NaN	NaN	0.0	"2.5"	"F0034"	1	1	"PR"	576.87	"drip-di-1"	9.338	1	1	0	932.513	0.0	1034.308	null	1611.8	0.094
-11.5	0.022275	28875.0	2803.125	-9.375	NaN	NaN	NaN	1	0	0	0	0	1	1	0	0	0	0	0	1	1	0	0	0	1	1	0	1	1	1	0	1	-138.0	0.095	0.057	NaN	NaN	0.226	0.127	NaN	NaN	6.78	4.445	NaN	NaN	0.0	"2.5"	"F0034"	1	0	"PR"	586.871	"reverse-f"	4.177	1	1	0	932.513	0.0	1034.308	null	1621.801	0.091
-11.9	0.02365	29250.0	2803.125	262.5	NaN	NaN	NaN	1	0	0	0	0	1	1	0	0	0	0	0	1	1	0	0	0	1	1	0	1	1	1	0	1	-143.0	0.095	0.084	NaN	NaN	0.226	0.187	NaN	NaN	6.78	6.545	NaN	NaN	0.0	"2.5"	"F0034"	1	0	"PR"	596.91	"reverse-f"	14.216	1	1	0	932.513	0.0	1034.308	null	1631.84	0.088
-12.4	0.0264	29812.5	2840.625	562.5	NaN	NaN	NaN	1	0	0	0	0	1	1	0	0	0	0	0	1	1	0	0	0	1	1	0	1	1	1	0	1	-149.0	0.099	0.114	NaN	NaN	0.236	0.253	NaN	NaN	7.08	8.855	NaN	NaN	0.0	"2.5"	"F0034"	1	0	"PR"	606.944	"reverse-f"	24.25	1	1	0	932.513	0.0	1034.308	null	1641.874	0.09
-12.0	0.02915	30187.5	2784.375	834.375	NaN	NaN	NaN	1	0	0	0	0	1	1	0	0	0	0	0	1	1	0	0	0	1	1	0	1	1	1	0	1	-144.0	0.093	0.141	NaN	NaN	0.221	0.313	NaN	NaN	6.63	10.955	NaN	NaN	0.0	"2.5"	"F0034"	1	0	"PR"	616.977	"reverse-f"	34.283	1	1	0	932.513	0.0	1034.308	null	1651.907	0.087
-11.6	0.03135	30187.5	2765.625	1143.75	NaN	NaN	NaN	1	0	0	0	0	1	1	0	0	0	0	0	1	1	0	0	0	1	1	0	1	1	1	0	1	-139.0	0.092	0.172	NaN	NaN	0.219	0.382	NaN	NaN	6.57	13.37	NaN	NaN	0.0	"2.5"	"F0034"	1	0	"PR"	627.015	"reverse-f"	44.321	1	1	0	932.513	0.0	1034.308	null	1661.945	0.09
-12.0	0.033825	26812.5	2784.375	1443.75	NaN	NaN	NaN	1	0	0	0	0	1	1	0	0	0	0	0	1	1	0	0	0	1	1	0	1	1	1	0	1	-144.0	0.093	0.202	NaN	NaN	0.221	0.449	NaN	NaN	6.63	15.715	NaN	NaN	0.0	"2.5"	"F0034"	1	0	"PR"	636.851	"reverse-f"	54.157	1	1	0	932.513	0.0	1034.308	null	1671.781	0.087
-12.7	0.0363	29437.5	2775.0	1715.625	NaN	NaN	NaN	1	0	0	0	0	1	1	0	0	0	0	0	1	1	0	0	0	1	1	0	1	1	1	0	1	-152.0	0.093	0.23	NaN	NaN	0.221	0.511	NaN	NaN	6.63	17.885	NaN	NaN	0.0	"2.5"	"F0034"	1	0	"PR"	646.895	"reverse-f"	64.201	1	1	0	932.513	0.0	1034.308	null	1681.825	0.088
-12.4	0.037675	29812.5	2812.5	2015.625	NaN	NaN	NaN	1	0	0	0	0	1	1	0	0	0	0	0	1	1	0	0	0	1	1	0	1	1	1	0	1	-149.0	0.096	0.26	NaN	NaN	0.229	0.578	NaN	NaN	6.87	20.23	NaN	NaN	0.0	"2.5"	"F0034"	1	0	"PR"	656.933	"reverse-f"	74.239	1	1	0	932.513	0.0	1034.308	null	1691.863	0.087
-12.3	0.04015	29625.0	2831.25	2259.375	NaN	NaN	NaN	0	0	0	0	0	1	1	0	0	0	0	0	1	0	0	0	0	1	1	0	1	1	1	0	1	-148.0	0.098	0.284	NaN	NaN	0.233	0.631	NaN	NaN	6.99	22.085	NaN	NaN	0.0	"2.5"	"F0034"	1	0	"PR"	667.074	"reverse"	84.38	1	1	0	932.513	0.0	1034.308	null	1702.004	0.09
-11.9	0.04125	27750.0	2793.75	2268.75	NaN	NaN	NaN	0	0	0	0	0	1	1	0	0	0	0	0	1	0	0	0	0	1	1	0	1	1	1	0	1	-143.0	0.094	0.285	NaN	NaN	0.224	0.633	NaN	NaN	6.72	22.155	NaN	NaN	0.0	"2.5"	"F0034"	1	0	"PR"	676.911	"reverse"	94.217	1	1	0	932.513	0.0	1034.308	null	1711.841	0.085
-12.0	0.043175	29812.5	2793.75	2278.125	NaN	NaN	NaN	0	0	0	0	0	1	1	0	0	0	0	0	1	0	0	0	0	1	1	0	1	1	1	0	1	-144.0	0.094	0.286	NaN	NaN	0.224	0.636	NaN	NaN	6.72	22.26	NaN	NaN	0.0	"2.5"	"F0034"	1	0	"PR"	686.942	"reverse"	104.248	1	1	0	932.513	0.0	1034.308	null	1721.872	0.084
-11.6	0.043725	29062.5	2821.875	2240.625	NaN	NaN	NaN	0	0	0	0	0	1	1	0	0	0	0	0	1	0	0	0	0	1	1	0	1	1	1	0	1	-139.0	0.097	0.282	NaN	NaN	0.231	0.627	NaN	NaN	6.93	21.945	NaN	NaN	0.0	"2.5"	"F0034"	1	0	"PR"	696.975	"reverse"	114.281	1	1	0	932.513	0.0	1034.308	null	1731.905	0.095
-11.9	0.0451	30187.5	2775.0	2250.0	NaN	NaN	NaN	0	0	0	0	0	1	1	0	0	0	0	0	1	0	0	0	0	1	1	0	1	1	1	0	1	-143.0	0.093	0.283	NaN	NaN	0.221	0.629	NaN	NaN	6.63	22.015	NaN	NaN	0.0	"2.5"	"F0034"	1	0	"PR"	707.015	"reverse"	124.321	1	1	0	932.513	0.0	1034.308	null	1741.945	0.09
-11.5	0.04565	29812.5	2784.375	2278.125	NaN	NaN	NaN	0	0	0	0	0	1	1	0	0	0	0	0	1	0	0	0	0	1	1	0	1	1	1	0	1	-138.0	0.093	0.286	NaN	NaN	0.221	0.636	NaN	NaN	6.63	22.26	NaN	NaN	0.0	"2.5"	"F0034"	1	0	"PR"	717.044	"reverse"	134.35	1	1	0	932.513	0.0	1034.308	null	1751.974	0.09
-12.0	0.046475	30187.5	2784.375	2231.25	NaN	NaN	NaN	0	0	0	0	0	1	1	0	0	0	0	0	1	0	0	0	0	1	1	0	1	1	1	0	1	-144.0	0.093	0.281	NaN	NaN	0.221	0.624	NaN	NaN	6.63	21.84	NaN	NaN	0.0	"2.5"	"F0034"	1	0	"PR"	727.085	"reverse"	144.391	1	1	0	932.513	0.0	1034.308	null	1762.015	0.091
-1.3	0.047025	1500.0	2981.25	2287.5	NaN	NaN	NaN	0	0	0	0	0	0	0	0	0	0	0	0	0	0	0	0	0	0	0	0	1	0	0	0	1	-16.0	0.113	0.287	NaN	NaN	0.269	0.638	NaN	NaN	8.07	22.33	NaN	NaN	0.0	"2.5"	"F0034"	0	0	"PR"	737.013	"diffuse"	4.306	1	1	1	932.513	0.0	1034.308	null	1771.943	0.087
-2.2	0.04675	1125.0	2981.25	2278.125	NaN	NaN	NaN	0	0	0	0	0	0	0	0	0	0	0	0	0	0	0	0	0	0	0	0	1	0	0	0	1	-26.0	0.113	0.286	NaN	NaN	0.269	0.636	NaN	NaN	8.07	22.26	NaN	NaN	0.0	"2.5"	"F0034"	0	0	"PR"	747.047	"diffuse"	14.34	1	1	1	932.513	0.0	1034.308	null	1781.977	0.086
-2.1	0.0473	1687.5	2981.25	2240.625	NaN	NaN	NaN	0	0	0	0	0	0	0	0	0	0	0	0	0	0	0	0	0	0	0	0	1	0	0	0	1	-25.0	0.113	0.282	NaN	NaN	0.269	0.627	NaN	NaN	8.07	21.945	NaN	NaN	0.0	"2.5"	"F0034"	0	0	"PR"	757.082	"diffuse"	24.375	1	1	1	932.513	0.0	1034.308	null	1792.012	0.094
-11.7	0.047025	29625.0	2793.75	2250.0	NaN	NaN	NaN	0	0	0	0	0	1	1	0	0	0	0	0	1	0	0	0	0	1	1	0	1	1	1	0	1	-140.0	0.094	0.283	NaN	NaN	0.224	0.629	NaN	NaN	6.72	22.015	NaN	NaN	0.0	"2.5"	"F0034"	1	0	"PR"	767.006	"wash-en"	4.1	1	1	1	932.513	0.0	1034.308	null	1801.936	0.087
-12.3	0.0484	29812.5	2803.125	2259.375	NaN	NaN	NaN	0	0	0	0	0	1	1	0	0	0	0	0	1	0	0	0	0	1	1	0	1	1	1	0	1	-148.0	0.095	0.284	NaN	NaN	0.226	0.631	NaN	NaN	6.78	22.085	NaN	NaN	0.0	"2.5"	"F0034"	1	0	"PR"	777.041	"wash-en"	14.135	1	1	1	932.513	0.0	1034.308	null	1811.971	0.086
-1.5	0.04895	30000.0	2812.5	2268.75	NaN	NaN	NaN	0	0	0	0	0	1	1	0	0	0	0	0	1	0	0	0	0	0	0	0	1	0	0	0	1	-18.0	0.096	0.285	NaN	NaN	0.229	0.633	NaN	NaN	6.87	22.155	NaN	NaN	0.0	"2.5"	"F0034"	0	0	"PR"	787.162	"wash-sc"	4.1	1	1	1	932.513	0.0	1034.308	null	1822.092	0.094
-1.4	0.0495	1875.0	2981.25	2278.125	NaN	NaN	NaN	0	0	0	0	0	0	0	0	0	0	0	0	0	0	0	0	0	0	0	0	1	0	0	0	1	-17.0	0.113	0.286	NaN	NaN	0.269	0.636	NaN	NaN	8.07	22.26	NaN	NaN	0.0	"2.5"	"F0034"	0	0	"PR"	797.2	"diffuse"	4.016	1	1	2	932.513	0.0	1034.308	null	1832.13	0.092
-2.0	0.0495	-375.0	2971.875	2259.375	NaN	NaN	NaN	0	0	0	0	0	0	0	0	0	0	0	0	0	0	0	0	0	0	0	0	1	0	0	0	1	-24.0	0.112	0.284	NaN	NaN	0.267	0.631	NaN	NaN	8.01	22.085	NaN	NaN	0.0	"2.5"	"F0034"	0	0	"PR"	807.03	"diffuse"	13.846	1	1	2	932.513	0.0	1034.308	null	1841.96	0.083
-1.5	0.049775	1312.5	2981.25	2278.125	NaN	NaN	NaN	0	0	0	0	0	0	0	0	0	0	0	0	0	0	0	0	0	0	0	0	1	0	0	0	1	-18.0	0.113	0.286	NaN	NaN	0.269	0.636	NaN	NaN	8.07	22.26	NaN	NaN	0.0	"2.5"	"F0034"	0	0	"PR"	817.065	"diffuse"	23.881	1	1	2	932.513	0.0	1034.308	null	1851.995	0.084
-12.0	0.048675	30187.5	2803.125	2250.0	NaN	NaN	NaN	0	0	0	0	0	1	1	0	0	0	0	0	1	0	0	0	0	1	1	0	1	1	1	0	1	-144.0	0.095	0.283	NaN	NaN	0.226	0.629	NaN	NaN	6.78	22.015	NaN	NaN	0.0	"2.5"	"F0034"	1	0	"PR"	827.197	"wash-en"	3.906	1	1	2	932.513	0.0	1034.308	null	1862.127	0.088
-12.2	0.04895	26812.5	2821.875	2240.625	NaN	NaN	NaN	0	0	0	0	0	1	1	0	0	0	0	0	1	0	0	0	0	1	1	0	1	1	1	0	1	-146.0	0.097	0.282	NaN	NaN	0.231	0.627	NaN	NaN	6.93	21.945	NaN	NaN	0.0	"2.5"	"F0034"	1	0	"PR"	837.229	"wash-en"	13.938	1	1	2	932.513	0.0	1034.308	null	1872.159	0.086
-0.4	0.049775	30937.5	2821.875	2268.75	NaN	NaN	NaN	0	0	0	0	0	1	1	0	0	0	0	0	1	0	0	0	0	0	0	0	1	0	0	0	1	-5.0	0.097	0.285	NaN	NaN	0.231	0.633	NaN	NaN	6.93	22.155	NaN	NaN	0.0	"2.5"	"F0034"	0	0	"PR"	847.156	"wash-sc"	3.704	1	1	2	932.513	0.0	1034.308	null	1882.086	0.086
-1.2	0.04895	2437.5	2981.25	2268.75	NaN	NaN	NaN	0	0	0	0	0	0	0	0	0	0	0	0	0	0	0	0	0	0	0	0	1	0	0	0	1	-14.0	0.113	0.285	NaN	NaN	0.269	0.633	NaN	NaN	8.07	22.155	NaN	NaN	0.0	"2.5"	"F0034"	0	0	"PR"	857.196	"diffuse"	3.615	1	1	3	932.513	0.0	1034.308	null	1892.126	0.088
-0.9	0.0495	937.5	2981.25	2296.875	NaN	NaN	NaN	0	0	0	0	0	0	0	0	0	0	0	0	0	0	0	0	0	0	0	0	1	0	0	0	1	-11.0	0.113	0.288	NaN	NaN	0.269	0.64	NaN	NaN	8.07	22.4	NaN	NaN	0.0	"2.5"	"F0034"	0	0	"PR"	867.231	"diffuse"	13.65	1	1	3	932.513	0.0	1034.308	null	1902.161	0.086
-2.5	0.049775	937.5	2971.875	2231.25	NaN	NaN	NaN	0	0	0	0	0	0	0	0	0	0	0	0	0	0	0	0	0	0	0	0	1	0	0	0	1	-30.0	0.112	0.281	NaN	NaN	0.267	0.624	NaN	NaN	8.01	21.84	NaN	NaN	0.0	"2.5"	"F0034"	0	0	"PR"	877.265	"diffuse"	23.684	1	1	3	932.513	0.0	1034.308	null	1912.195	0.086
-12.0	0.048125	28875.0	2784.375	2268.75	NaN	NaN	NaN	0	0	0	0	0	1	1	0	0	0	0	0	1	0	0	0	0	1	1	0	1	1	1	0	1	-144.0	0.093	0.285	NaN	NaN	0.221	0.633	NaN	NaN	6.63	22.155	NaN	NaN	0.0	"2.5"	"F0034"	1	0	"PR"	887.188	"wash-en"	3.502	1	1	3	932.513	0.0	1034.308	null	1922.118	0.088
-12.9	0.04895	28687.5	2803.125	2250.0	NaN	NaN	NaN	0	0	0	0	0	1	1	0	0	0	0	0	1	0	0	0	0	1	1	0	1	1	1	0	1	-155.0	0.095	0.283	NaN	NaN	0.226	0.629	NaN	NaN	6.78	22.015	NaN	NaN	0.0	"2.5"	"F0034"	1	0	"PR"	897.223	"wash-en"	13.537	1	1	3	932.513	0.0	1034.308	null	1932.153	0.083
0.5	0.049775	28500.0	2821.875	2287.5	NaN	NaN	NaN	0	0	0	0	0	1	1	0	0	0	0	0	1	0	0	0	0	0	0	0	1	0	0	0	1	6.0	0.097	0.287	NaN	NaN	0.231	0.638	NaN	NaN	6.93	22.33	NaN	NaN	0.0	"2.5"	"F0034"	0	0	"PR"	907.146	"wash-sc"	3.303	1	1	3	932.513	0.0	1034.308	null	1942.076	0.084
-0.2	0.049225	187.5	2971.875	2278.125	NaN	NaN	NaN	0	0	0	0	0	0	0	0	0	0	0	0	0	0	0	0	0	0	0	0	1	0	0	0	1	-2.0	0.112	0.286	NaN	NaN	0.267	0.636	NaN	NaN	8.01	22.26	NaN	NaN	0.0	"2.5"	"F0034"	0	0	"PR"	917.182	"diffuse"	3.211	1	1	4	932.513	0.0	1034.308	null	1952.112	0.083
-0.6	0.049225	1875.0	3000.0	2259.375	NaN	NaN	NaN	0	0	0	0	0	0	0	0	0	0	0	0	0	0	0	0	0	0	0	0	1	0	0	0	1	-7.0	0.115	0.284	NaN	NaN	0.274	0.631	NaN	NaN	8.22	22.085	NaN	NaN	0.0	"2.5"	"F0034"	0	0	"PR"	927.22	"diffuse"	13.249	1	1	4	932.513	0.0	1034.308	null	1962.15	0.086
-0.6	0.049225	2625.0	2981.25	2268.75	NaN	NaN	NaN	0	0	0	0	0	0	0	0	0	0	0	0	0	0	0	0	0	0	0	0	1	0	0	0	1	-7.0	0.113	0.285	NaN	NaN	0.269	0.633	NaN	NaN	8.07	22.155	NaN	NaN	0.0	"2.5"	"F0034"	0	0	"PR"	937.256	"diffuse"	23.285	1	1	4	932.513	0.0	1034.308	null	1972.186	0.084
-11.9	0.048675	29062.5	2803.125	2278.125	NaN	NaN	NaN	0	0	0	0	0	1	1	0	0	0	0	0	1	0	0	0	0	1	1	0	1	1	1	0	1	-143.0	0.095	0.286	NaN	NaN	0.226	0.636	NaN	NaN	6.78	22.26	NaN	NaN	0.0	"2.5"	"F0034"	1	0	"PR"	947.184	"wash-en"	3.101	1	1	4	932.513	0.0	1034.308	null	1982.114	0.084
-11.9	0.04895	30000.0	2821.875	2268.75	NaN	NaN	NaN	0	0	0	0	0	1	1	0	0	0	0	0	1	0	0	0	0	1	1	0	1	1	1	0	1	-143.0	0.097	0.285	NaN	NaN	0.231	0.633	NaN	NaN	6.93	22.155	NaN	NaN	0.0	"2.5"	"F0034"	1	0	"PR"	957.222	"wash-en"	13.139	1	1	4	932.513	0.0	1034.308	null	1992.152	0.083
0.4	0.049775	28875.0	2803.125	2287.5	NaN	NaN	NaN	0	0	0	0	0	1	1	0	0	0	0	0	1	0	0	0	0	0	0	0	1	0	0	0	1	5.0	0.095	0.287	NaN	NaN	0.226	0.638	NaN	NaN	6.78	22.33	NaN	NaN	0.0	"2.5"	"F0034"	0	0	"PR"	967.35	"wash-sc"	3.103	1	1	4	932.513	0.0	1034.308	null	2002.28	0.084
-0.8	0.04895	-1125.0	2681.25	2287.5	NaN	NaN	NaN	0	0	0	0	1	0	0	0	0	0	0	0	0	0	0	0	0	0	0	0	1	0	0	0	1	-10.0	0.083	0.287	NaN	NaN	0.198	0.638	NaN	NaN	5.94	22.33	NaN	NaN	0.0	"2.5"	"F0034"	0	0	"PR"	977.187	"drain-rg"	2.811	1	1	4	932.513	0.0	1034.308	null	2012.117	0.091
0.2	0.04895	-562.5	2325.0	2278.125	NaN	NaN	NaN	0	0	0	0	1	0	0	0	0	0	0	0	0	0	0	0	0	0	0	0	1	0	0	0	1	2.0	0.048	0.286	NaN	NaN	0.114	0.636	NaN	NaN	3.42	22.26	NaN	NaN	0.0	"2.5"	"F0034"	0	0	"PR"	987.223	"drain-rg"	12.847	1	1	4	932.513	0.0	1034.308	null	2022.153	0.086
-0.1	0.049775	-750.0	1968.75	2268.75	NaN	NaN	NaN	0	0	0	0	1	0	0	0	0	0	0	0	0	0	0	0	0	0	0	0	1	0	0	0	1	-1.0	0.012	0.285	NaN	NaN	0.029	0.633	NaN	NaN	0.87	22.155	NaN	NaN	0.0	"2.5"	"F0034"	0	0	"PR"	997.259	"drain-rg"	22.883	1	1	4	932.513	0.0	1034.308	null	2032.189	0.083
-0.1	0.049225	-750.0	1500.0	2278.125	NaN	NaN	NaN	0	0	0	0	1	0	0	0	0	0	0	0	0	0	0	0	0	0	0	0	1	0	0	0	1	-1.0	-0.035	0.286	NaN	NaN	-0.083	0.636	NaN	NaN	-2.49	22.26	NaN	NaN	0.0	"2.5"	"F0034"	0	0	"PR"	1007.297	"drip-rg"	6.827	1	1	4	932.513	0.0	1034.308	null	2042.227	0.086
-0.4	0.049225	-750.0	18.75	2278.125	NaN	NaN	NaN	0	0	1	0	0	1	0	0	0	0	0	0	1	0	0	0	0	0	0	0	1	0	0	0	1	-5.0	-0.183	0.286	NaN	NaN	-0.436	0.636	NaN	NaN	-13.08	22.26	NaN	NaN	0.0	"2.5"	"F0034"	0	0	"FR"	1.023	"fill-rg-di"	0.822	2	1	0	2050.655	0.0	1034.308	null	2052.301	0.086
0.2	0.0484	28500.0	1968.75	2015.625	NaN	NaN	NaN	0	0	1	0	0	1	0	0	0	0	0	0	1	0	0	0	0	0	0	0	1	0	0	0	1	2.0	0.012	0.26	NaN	NaN	0.029	0.578	NaN	NaN	0.87	20.23	NaN	NaN	0.0	"2.5"	"F0034"	0	0	"FR"	11.065	"fill-rg-di"	10.864	2	1	0	2050.655	0.0	1034.308	null	2062.343	0.084
-0.8	0.0473	29250.0	2296.875	1771.875	NaN	NaN	NaN	0	0	1	0	0	1	0	0	0	0	0	0	1	0	0	0	0	0	0	0	1	0	0	0	1	-10.0	0.045	0.235	NaN	NaN	0.107	0.522	NaN	NaN	3.21	18.27	NaN	NaN	0.0	"2.5"	"F0034"	0	0	"FR"	21.099	"fill-rg-di"	20.898	2	1	0	2050.655	0.0	1034.308	null	2072.377	0.084
-0.3	0.0462	30000.0	2606.25	1518.75	NaN	NaN	NaN	0	0	1	0	0	1	0	0	0	0	0	0	1	0	0	0	0	0	0	0	1	0	0	0	1	-4.0	0.076	0.21	NaN	NaN	0.181	0.467	NaN	NaN	5.43	16.345	NaN	NaN	0.0	"2.5"	"F0034"	0	0	"FR"	30.931	"fill-rg-di"	30.73	2	1	0	2050.655	0.0	1034.308	null	2082.209	0.091
-1.6	0.045375	30000.0	2915.625	1265.625	NaN	NaN	NaN	0	0	1	0	0	1	0	0	0	0	0	0	1	0	0	0	0	0	0	0	1	0	0	0	1	-19.0	0.107	0.185	NaN	NaN	0.255	0.411	NaN	NaN	7.65	14.385	NaN	NaN	0.0	"2.5"	"F0034"	0	0	"FR"	40.968	"fill-rg-di"	40.767	2	1	0	2050.655	0.0	1034.308	null	2092.246	0.09
-0.4	0.044	28687.5	3215.625	1021.875	NaN	NaN	NaN	0	0	1	0	0	1	0	0	0	0	0	0	1	0	0	0	0	0	0	0	1	0	0	0	1	-5.0	0.137	0.16	NaN	NaN	0.326	0.356	NaN	NaN	9.78	12.46	NaN	NaN	0.0	"2.5"	"F0034"	0	0	"FR"	51.0	"fill-rg-di"	50.799	2	1	0	2050.655	0.0	1034.308	null	2102.278	0.088
-0.1	0.044275	1687.5	2737.5	946.875	NaN	NaN	NaN	0	0	0	0	1	0	0	0	0	0	0	0	0	0	0	0	0	0	0	0	1	0	0	0	1	-1.0	0.089	0.153	NaN	NaN	0.212	0.34	NaN	NaN	6.36	11.9	NaN	NaN	0.0	"2.5"	"F0034"	0	0	"FR"	61.034	"drain-rg"	8.63	2	1	0	2050.655	0.0	1034.308	null	2112.312	0.091
-0.8	0.044275	2625.0	2390.625	984.375	NaN	NaN	NaN	0	0	0	0	1	0	0	0	0	0	0	0	0	0	0	0	0	0	0	0	1	0	0	0	1	-10.0	0.054	0.156	NaN	NaN	0.129	0.347	NaN	NaN	3.87	12.145	NaN	NaN	0.0	"2.5"	"F0034"	0	0	"FR"	71.069	"drain-rg"	18.665	2	1	0	2050.655	0.0	1034.308	null	2122.347	0.09
-0.1	0.044275	1125.0	2015.625	984.375	NaN	NaN	NaN	0	0	0	0	1	0	0	0	0	0	0	0	0	0	0	0	0	0	0	0	1	0	0	0	1	-1.0	0.017	0.156	NaN	NaN	0.04	0.347	NaN	NaN	1.2	12.145	NaN	NaN	0.0	"2.5"	"F0034"	0	0	"FR"	81.101	"drain-rg"	28.697	2	1	0	2050.655	0.0	1034.308	null	2132.379	0.084
-1.5	0.044	1312.5	1650.0	975.0	NaN	NaN	NaN	0	0	0	0	1	0	0	0	0	0	0	0	0	0	0	0	0	0	0	0	1	0	0	0	1	-18.0	-0.02	0.155	NaN	NaN	-0.048	0.344	NaN	NaN	-1.44	12.04	NaN	NaN	0.0	"2.5"	"F0034"	0	0	"FR"	91.139	"drip-rg"	5.018	2	1	0	2050.655	0.0	1034.308	null	2142.417	0.085
-0.7	0.044	1312.5	9.375	975.0	NaN	NaN	NaN	0	0	0	0	1	0	0	0	0	0	0	0	0	0	0	0	0	0	0	0	1	0	0	0	1	-8.0	-0.184	0.155	NaN	NaN	-0.438	0.344	NaN	NaN	-13.14	12.04	NaN	NaN	0.0	"2.5"	"F0034"	0	0	"FR"	101.176	"drip-rg"	15.055	2	1	0	2050.655	0.0	1034.308	null	2152.454	0.084
0.8	0.044	27750.0	1856.25	796.875	NaN	NaN	NaN	0	0	1	0	0	1	0	0	0	0	0	0	1	0	0	0	0	0	0	0	1	0	0	0	1	10.0	0.001	0.138	NaN	NaN	0.002	0.307	NaN	NaN	0.06	10.745	NaN	NaN	0.0	"2.5"	"F0034"	0	0	"PR"	9.056	"fill-rg-di"	8.856	2	0	0	2050.655	0.0	2152.655	null	2162.336	0.091
-0.1	0.043725	29062.5	2221.875	515.625	NaN	NaN	NaN	0	0	1	0	0	1	0	0	0	0	0	0	1	0	0	0	0	0	0	0	1	0	0	0	1	-1.0	0.037	0.11	NaN	NaN	0.088	0.244	NaN	NaN	2.64	8.54	NaN	NaN	0.0	"2.5"	"F0034"	0	0	"PR"	19.088	"fill-rg-di"	18.888	2	0	0	2050.655	0.0	2152.655	null	2172.368	0.09
-0.3	0.0429	29812.5	2540.625	253.125	NaN	NaN	NaN	0	0	1	0	0	1	0	0	0	0	0	0	1	0	0	0	0	0	0	0	1	0	0	0	1	-4.0	0.069	0.083	NaN	NaN	0.164	0.184	NaN	NaN	4.92	6.44	NaN	NaN	0.0	"2.5"	"F0034"	0	0	"PR"	29.122	"fill-rg-di"	28.922	2	0	0	2050.655	0.0	2152.655	null	2182.402	0.089
-0.1	0.042075	1312.5	2756.25	140.625	NaN	NaN	NaN	1	0	0	0	0	0	0	0	0	0	0	0	0	1	0	0	0	0	0	0	1	0	0	0	1	-1.0	0.091	0.072	NaN	NaN	0.217	0.16	NaN	NaN	6.51	5.6	NaN	NaN	0.0	"2.5"	"F0034"	0	0	"PR"	39.161	"fill-di-lb"	2.609	2	0	0	2050.655	0.0	2152.655	null	2192.441	0.091
-0.1	0.04235	2250.0	2784.375	421.875	NaN	NaN	NaN	1	0	0	0	0	0	0	0	0	0	0	0	0	1	0	0	0	0	0	0	1	0	0	0	1	-1.0	0.093	0.1	NaN	NaN	0.221	0.222	NaN	NaN	6.63	7.77	NaN	NaN	0.0	"2.5"	"F0034"	0	0	"PR"	49.192	"fill-di-lb"	12.64	2	0	0	2050.655	0.0	2152.655	null	2202.472	0.09
-0.3	0.0429	2250.0	2775.0	731.25	NaN	NaN	NaN	1	0	0	0	0	0	0	0	0	0	0	0	0	1	0	0	0	0	0	0	1	0	0	0	1	-4.0	0.093	0.131	NaN	NaN	0.221	0.291	NaN	NaN	6.63	10.185	NaN	NaN	0.0	"2.5"	"F0034"	0	0	"PR"	59.235	"fill-di-lb"	22.683	2	0	0	2050.655	0.0	2152.655	null	2212.515	0.091
-0.1	0.04235	2625.0	2775.0	1012.5	NaN	NaN	NaN	1	0	0	0	0	0	0	0	0	0	0	0	0	1	0	0	0	0	0	0	1	0	0	0	1	-1.0	0.093	0.159	NaN	NaN	0.221	0.353	NaN	NaN	6.63	12.355	NaN	NaN	0.0	"2.5"	"F0034"	0	0	"PR"	69.071	"fill-di-lb"	32.519	2	0	0	2050.655	0.0	2152.655	null	2222.351	0.09
-0.2	0.0429	3937.5	2765.625	1340.625	NaN	NaN	NaN	1	0	0	0	0	0	0	0	0	0	0	0	0	1	0	0	0	0	0	0	1	0	0	0	1	-2.0	0.092	0.192	NaN	NaN	0.219	0.427	NaN	NaN	6.57	14.945	NaN	NaN	0.0	"2.5"	"F0034"	0	0	"PR"	79.106	"fill-di-lb"	42.554	2	0	0	2050.655	0.0	2152.655	null	2232.386	0.09
-0.2	0.0429	2812.5	2746.875	1631.25	NaN	NaN	NaN	1	0	0	0	0	0	0	0	0	0	0	0	0	1	0	0	0	0	0	0	1	0	0	0	1	-2.0	0.09	0.221	NaN	NaN	0.214	0.491	NaN	NaN	6.42	17.185	NaN	NaN	0.0	"2.5"	"F0034"	0	0	"PR"	89.144	"fill-di-lb"	52.592	2	0	0	2050.655	0.0	2152.655	null	2242.424	0.091
-0.3	0.04235	2625.0	2765.625	1893.75	NaN	NaN	NaN	1	0	0	0	0	0	0	0	0	0	0	0	0	1	0	0	0	0	0	0	1	0	0	0	1	-4.0	0.092	0.247	NaN	NaN	0.219	0.549	NaN	NaN	6.57	19.215	NaN	NaN	0.0	"2.5"	"F0034"	0	0	"PR"	99.175	"fill-di-lb"	62.623	2	0	0	2050.655	0.0	2152.655	null	2252.455	0.09
-0.1	0.0429	3562.5	2793.75	2184.375	NaN	NaN	NaN	1	0	0	0	0	0	0	0	0	0	0	0	0	1	0	0	0	0	0	0	1	0	0	0	1	-1.0	0.094	0.276	NaN	NaN	0.224	0.613	NaN	NaN	6.72	21.455	NaN	NaN	0.0	"2.5"	"F0034"	0	0	"PR"	109.208	"fill-di-lb"	72.656	2	0	0	2050.655	0.0	2152.655	null	2262.488	0.09
-0.4	0.0429	3937.5	2971.875	2146.875	NaN	NaN	NaN	1	0	0	0	0	0	0	0	0	0	0	0	0	1	0	0	0	0	0	0	1	0	0	0	1	-5.0	0.112	0.273	NaN	NaN	0.267	0.607	NaN	NaN	8.01	21.245	NaN	NaN	0.0	"2.5"	"F0034"	0	0	"PR"	119.25	"fill-di"	2.009	2	0	0	2050.655	0.0	2152.655	null	2272.53	0.089
-11.2	0.0418	32250.0	2971.875	2625.0	NaN	NaN	NaN	0	1	1	0	0	0	0	0	0	0	0	0	1	0	0	0	0	1	1	0	1	1	1	0	1	-134.0	0.112	0.321	NaN	NaN	0.267	0.713	NaN	NaN	8.01	24.955	NaN	NaN	0.0	"2.5"	"F0034"	1	0	"PR"	129.294	"deionize"	6.231	2	1	0	2050.655	0.0	2152.655	null	2282.574	0.09
-11.6	0.04235	36937.5	2971.875	2625.0	NaN	NaN	NaN	0	1	1	0	0	0	0	0	0	0	0	0	1	0	0	0	0	1	1	0	1	1	1	0	1	-139.0	0.112	0.321	NaN	NaN	0.267	0.713	NaN	NaN	8.01	24.955	NaN	NaN	0.0	"2.5"	"F0034"	1	0	"PR"	139.329	"deionize"	16.266	2	1	0	2050.655	0.0	2152.655	null	2292.609	0.09
-12.3	0.04125	33937.5	2962.5	2512.5	NaN	NaN	NaN	0	1	1	0	0	0	0	0	0	0	0	0	1	0	0	0	0	1	1	0	1	1	1	0	1	-148.0	0.111	0.309	NaN	NaN	0.264	0.687	NaN	NaN	7.92	24.045	NaN	NaN	0.0	"2.5"	"F0034"	1	0	"PR"	149.167	"deionize"	26.104	2	1	0	2050.655	0.0	2152.655	null	2302.447	0.087
-11.7	0.040975	33750.0	2953.125	2484.375	NaN	NaN	NaN	0	1	1	0	0	0	0	0	0	0	0	0	1	0	0	0	0	1	1	0	1	1	1	0	1	-140.0	0.11	0.306	NaN	NaN	0.262	0.68	NaN	NaN	7.86	23.8	NaN	NaN	0.0	"2.5"	"F0034"	1	0	"PR"	159.202	"deionize"	36.139	2	1	0	2050.655	0.0	2152.655	null	2312.482	0.087
-11.7	0.04015	32062.5	2962.5	2503.125	NaN	NaN	NaN	0	1	1	0	0	0	0	0	0	0	0	0	1	0	0	0	0	1	1	0	1	1	1	0	1	-140.0	0.111	0.308	NaN	NaN	0.264	0.684	NaN	NaN	7.92	23.94	NaN	NaN	0.0	"2.5"	"F0034"	1	0	"PR"	169.239	"deionize"	46.176	2	1	0	2050.655	0.0	2152.655	null	2322.519	0.088
-12.0	0.040425	32250.0	2953.125	2456.25	NaN	NaN	NaN	0	1	1	0	0	0	0	0	0	0	0	0	1	0	0	0	0	1	1	0	1	1	1	0	1	-144.0	0.11	0.304	NaN	NaN	0.262	0.676	NaN	NaN	7.86	23.66	NaN	NaN	0.0	"2.5"	"F0034"	1	0	"PR"	179.274	"deionize"	56.211	2	1	0	2050.655	0.0	2152.655	null	2332.554	0.087
-12.0	0.039325	34500.0	2962.5	2578.125	NaN	NaN	NaN	0	1	1	0	0	0	0	0	0	0	0	0	1	0	0	0	0	1	1	0	1	1	1	0	1	-144.0	0.111	0.316	NaN	NaN	0.264	0.702	NaN	NaN	7.92	24.57	NaN	NaN	0.0	"2.5"	"F0034"	1	0	"PR"	189.308	"deionize"	66.245	2	1	0	2050.655	0.0	2152.655	null	2342.588	0.091
-12.2	0.038775	35625.0	2962.5	2484.375	NaN	NaN	NaN	0	1	1	0	0	0	0	0	0	0	0	0	1	0	0	0	0	1	1	0	1	1	1	0	1	-146.0	0.111	0.306	NaN	NaN	0.264	0.68	NaN	NaN	7.92	23.8	NaN	NaN	0.0	"2.5"	"F0034"	1	0	"PR"	199.35	"deionize"	76.287	2	1	0	2050.655	0.0	2152.655	null	2352.63	0.093
-11.9	0.038225	35062.5	2962.5	2540.625	NaN	NaN	NaN	0	1	1	0	0	0	0	0	0	0	0	0	1	0	0	0	0	1	1	0	1	1	1	0	1	-143.0	0.111	0.312	NaN	NaN	0.264	0.693	NaN	NaN	7.92	24.255	NaN	NaN	0.0	"2.5"	"F0034"	1	0	"PR"	209.389	"deionize"	86.326	2	1	0	2050.655	0.0	2152.655	null	2362.669	0.09
-10.9	0.037125	33937.5	2962.5	2550.0	NaN	NaN	NaN	0	1	1	0	0	0	0	0	0	0	0	0	1	0	0	0	0	1	1	0	1	1	1	0	1	-131.0	0.111	0.313	NaN	NaN	0.264	0.696	NaN	NaN	7.92	24.36	NaN	NaN	0.0	"2.5"	"F0034"	1	0	"PR"	219.422	"deionize"	96.359	2	1	0	2050.655	0.0	2152.655	null	2372.702	0.091
-11.7	0.037125	33187.5	2934.375	2512.5	NaN	NaN	NaN	0	1	1	0	0	0	0	0	0	0	0	0	1	0	0	0	0	1	1	0	1	1	1	0	1	-140.0	0.108	0.309	NaN	NaN	0.257	0.687	NaN	NaN	7.71	24.045	NaN	NaN	0.0	"2.5"	"F0034"	1	0	"PR"	229.263	"deionize"	106.2	2	1	0	2050.655	0.0	2152.655	null	2382.543	0.087
-11.5	0.036575	33937.5	2981.25	2484.375	NaN	NaN	NaN	0	1	1	0	0	0	0	0	0	0	0	0	1	0	0	0	0	1	1	0	1	1	1	0	1	-138.0	0.113	0.306	NaN	NaN	0.269	0.68	NaN	NaN	8.07	23.8	NaN	NaN	0.0	"2.5"	"F0034"	1	0	"PR"	239.296	"deionize"	116.233	2	1	0	2050.655	0.0	2152.655	null	2392.576	0.084
-11.3	0.0363	32250.0	2962.5	2465.625	NaN	NaN	NaN	0	1	1	0	0	0	0	0	0	0	0	0	1	0	0	0	0	1	1	0	1	1	1	0	1	-136.0	0.111	0.305	NaN	NaN	0.264	0.678	NaN	NaN	7.92	23.73	NaN	NaN	0.0	"2.5"	"F0034"	1	0	"PR"	249.333	"deionize"	126.27	2	1	0	2050.655	0.0	2152.655	null	2402.613	0.087
-12.2	0.036025	34687.5	2962.5	2475.0	NaN	NaN	NaN	0	1	1	0	0	0	0	0	0	0	0	0	1	0	0	0	0	1	1	0	1	1	1	0	1	-146.0	0.111	0.305	NaN	NaN	0.264	0.678	NaN	NaN	7.92	23.73	NaN	NaN	0.0	"2.5"	"F0034"	1	0	"PR"	259.369	"deionize"	136.306	2	1	0	2050.655	0.0	2152.655	null	2412.649	0.087
-12.5	0.0352	33000.0	2990.625	2484.375	NaN	NaN	NaN	0	1	1	0	0	0	0	0	0	0	0	0	1	0	0	0	0	1	1	0	1	1	1	0	1	-150.0	0.114	0.306	NaN	NaN	0.271	0.68	NaN	NaN	8.13	23.8	NaN	NaN	0.0	"2.5"	"F0034"	1	0	"PR"	269.408	"deionize"	146.345	2	1	0	2050.655	0.0	2152.655	null	2422.688	0.087
-12.0	0.034375	35437.5	2971.875	2446.875	NaN	NaN	NaN	0	1	1	0	0	0	0	0	0	0	0	0	1	0	0	0	0	1	1	0	1	1	1	0	1	-144.0	0.112	0.303	NaN	NaN	0.267	0.673	NaN	NaN	8.01	23.555	NaN	NaN	0.0	"2.5"	"F0034"	1	0	"PR"	279.447	"deionize"	156.384	2	1	0	2050.655	0.0	2152.655	null	2432.727	0.087
-12.7	0.0341	34312.5	2981.25	2465.625	NaN	NaN	NaN	0	1	1	0	0	0	0	0	0	0	0	0	1	0	0	0	0	1	1	0	1	1	1	0	1	-152.0	0.113	0.305	NaN	NaN	0.269	0.678	NaN	NaN	8.07	23.73	NaN	NaN	0.0	"2.5"	"F0034"	1	0	"PR"	289.484	"deionize"	166.421	2	1	0	2050.655	0.0	2152.655	null	2442.764	0.087
-12.0	0.0341	35437.5	2971.875	2390.625	NaN	NaN	NaN	0	1	1	0	0	0	0	0	0	0	0	0	1	0	0	0	0	1	1	0	1	1	1	0	1	-144.0	0.112	0.297	NaN	NaN	0.267	0.66	NaN	NaN	8.01	23.1	NaN	NaN	0.0	"2.5"	"F0034"	1	0	"PR"	299.323	"deionize"	176.26	2	1	0	2050.655	0.0	2152.655	null	2452.603	0.084
-12.0	0.033825	34500.0	2962.5	2446.875	NaN	NaN	NaN	0	1	1	0	0	0	0	0	0	0	0	0	1	0	0	0	0	1	1	0	1	1	1	0	1	-144.0	0.111	0.303	NaN	NaN	0.264	0.673	NaN	NaN	7.92	23.555	NaN	NaN	0.0	"2.5"	"F0034"	1	0	"PR"	309.364	"deionize"	186.301	2	1	0	2050.655	0.0	2152.655	null	2462.644	0.087
-12.0	0.03355	33750.0	2981.25	2437.5	NaN	NaN	NaN	0	1	1	0	0	0	0	0	0	0	0	0	1	0	0	0	0	1	1	0	1	1	1	0	1	-144.0	0.113	0.302	NaN	NaN	0.269	0.671	NaN	NaN	8.07	23.485	NaN	NaN	0.0	"2.5"	"F0034"	1	0	"PR"	319.396	"deionize"	196.333	2	1	0	2050.655	0.0	2152.655	null	2472.676	0.084
-11.7	0.033825	33750.0	2971.875	2428.125	NaN	NaN	NaN	0	1	1	0	0	0	0	0	0	0	0	0	1	0	0	0	0	1	1	0	1	1	1	0	1	-140.0	0.112	0.301	NaN	NaN	0.267	0.669	NaN	NaN	8.01	23.415	NaN	NaN	0.0	"2.5"	"F0034"	1	0	"PR"	329.434	"deionize"	206.371	2	1	0	2050.655	0.0	2152.655	null	2482.714	0.084
-12.4	0.033	33562.5	2953.125	2409.375	NaN	NaN	NaN	0	1	1	0	0	0	0	0	0	0	0	0	1	0	0	0	0	1	1	0	1	1	1	0	1	-149.0	0.11	0.299	NaN	NaN	0.262	0.664	NaN	NaN	7.86	23.24	NaN	NaN	0.0	"2.5"	"F0034"	1	0	"PR"	339.472	"deionize"	216.409	2	1	0	2050.655	0.0	2152.655	null	2492.752	0.087
-11.8	0.03245	36000.0	2971.875	2475.0	NaN	NaN	NaN	0	1	1	0	0	0	0	0	0	0	0	0	1	0	0	0	0	1	1	0	1	1	1	0	1	-142.0	0.112	0.305	NaN	NaN	0.267	0.678	NaN	NaN	8.01	23.73	NaN	NaN	0.0	"2.5"	"F0034"	1	0	"PR"	349.509	"deionize"	226.446	2	1	0	2050.655	0.0	2152.655	null	2502.789	0.084
-11.6	0.0319	33937.5	2962.5	2390.625	NaN	NaN	NaN	0	1	1	0	0	0	0	0	0	0	0	0	1	0	0	0	0	1	1	0	1	1	1	0	1	-139.0	0.111	0.297	NaN	NaN	0.264	0.66	NaN	NaN	7.92	23.1	NaN	NaN	0.0	"2.5"	"F0034"	1	0	"PR"	359.548	"deionize"	236.485	2	1	0	2050.655	0.0	2152.655	null	2512.828	0.086
-11.6	0.03135	33937.5	2981.25	2503.125	NaN	NaN	NaN	0	1	1	0	0	0	0	0	0	0	0	0	1	0	0	0	1	1	1	0	1	1	1	0	1	-139.0	0.113	0.308	NaN	NaN	0.269	0.684	NaN	NaN	8.07	23.94	NaN	NaN	0.0	"2.5"	"F0034"	1	0	"PR"	369.492	"deionize-uv"	6.329	2	1	0	2050.655	0.0	2152.655	null	2522.772	0.083
-10.9	0.03135	34687.5	2971.875	2409.375	NaN	NaN	NaN	0	1	1	0	0	0	0	0	0	0	0	0	1	0	0	0	1	1	1	0	1	1	1	0	1	-131.0	0.112	0.299	NaN	NaN	0.267	0.664	NaN	NaN	8.01	23.24	NaN	NaN	0.0	"2.5"	"F0034"	1	0	"PR"	379.528	"deionize-uv"	16.365	2	1	0	2050.655	0.0	2152.655	null	2532.808	0.086
-10.3	0.031075	34500.0	2953.125	2400.0	NaN	NaN	NaN	0	1	1	0	0	0	0	0	0	0	0	0	1	0	0	0	1	1	1	0	1	1	1	0	1	-124.0	0.11	0.298	NaN	NaN	0.262	0.662	NaN	NaN	7.86	23.17	NaN	NaN	0.0	"2.5"	"F0034"	1	0	"PR"	389.569	"deionize-uv"	26.406	2	1	0	2050.655	0.0	2152.655	null	2542.849	0.083
-10.4	0.030525	34125.0	2981.25	2371.875	NaN	NaN	NaN	0	1	1	0	0	0	0	0	0	0	0	0	1	0	0	0	1	1	1	0	1	1	1	0	1	-125.0	0.113	0.295	NaN	NaN	0.269	0.656	NaN	NaN	8.07	22.96	NaN	NaN	0.0	"2.5"	"F0034"	1	0	"PR"	399.605	"deionize-uv"	36.442	2	1	0	2050.655	0.0	2152.655	null	2552.885	0.083
-10.2	0.03025	35437.5	2962.5	2362.5	NaN	NaN	NaN	0	1	1	0	0	0	0	0	0	0	0	0	1	0	0	0	1	1	1	0	1	1	1	0	1	-122.0	0.111	0.294	NaN	NaN	0.264	0.653	NaN	NaN	7.92	22.855	NaN	NaN	0.0	"2.5"	"F0034"	1	0	"PR"	409.444	"deionize-uv"	46.281	2	1	0	2050.655	0.0	2152.655	null	2562.724	0.088
-11.6	0.03025	33187.5	2962.5	2456.25	NaN	NaN	NaN	0	1	1	0	0	0	0	0	0	0	0	0	1	0	0	0	1	1	1	0	1	1	1	0	1	-139.0	0.111	0.304	NaN	NaN	0.264	0.676	NaN	NaN	7.92	23.66	NaN	NaN	0.0	"2.5"	"F0034"	1	0	"PR"	419.48	"deionize-uv"	56.317	2	1	0	2050.655	0.0	2152.655	null	2572.76	0.084
-10.9	0.029425	33750.0	2981.25	2475.0	NaN	NaN	NaN	0	1	1	0	0	0	0	0	0	0	0	0	1	0	0	0	1	1	1	0	1	1	1	0	1	-131.0	0.113	0.305	NaN	NaN	0.269	0.678	NaN	NaN	8.07	23.73	NaN	NaN	0.0	"2.5"	"F0034"	1	0	"PR"	429.514	"deionize-uv"	66.351	2	1	0	2050.655	0.0	2152.655	null	2582.794	0.084
-10.2	0.02915	34312.5	2971.875	2371.875	NaN	NaN	NaN	0	1	1	0	0	0	0	0	0	0	0	0	1	0	0	0	1	1	1	0	1	1	1	0	1	-122.0	0.112	0.295	NaN	NaN	0.267	0.656	NaN	NaN	8.01	22.96	NaN	NaN	0.0	"2.5"	"F0034"	1	0	"PR"	439.551	"deionize-uv"	76.388	2	1	0	2050.655	0.0	2152.655	null	2592.831	0.086
-9.8	0.029425	33750.0	2971.875	2409.375	NaN	NaN	NaN	0	1	1	0	0	0	0	0	0	0	0	0	1	0	0	0	1	1	1	0	1	1	1	0	1	-118.0	0.112	0.299	NaN	NaN	0.267	0.664	NaN	NaN	8.01	23.24	NaN	NaN	0.0	"2.5"	"F0034"	1	0	"PR"	449.583	"deionize-uv"	86.42	2	1	0	2050.655	0.0	2152.655	null	2602.863	0.084
-9.8	0.02915	33000.0	2962.5	2381.25	NaN	NaN	NaN	0	1	1	0	0	0	0	0	0	0	0	0	1	0	0	0	1	1	1	0	1	1	1	0	1	-118.0	0.111	0.296	NaN	NaN	0.264	0.658	NaN	NaN	7.92	23.03	NaN	NaN	0.0	"2.5"	"F0034"	1	0	"PR"	459.618	"deionize-uv"	96.455	2	1	0	2050.655	0.0	2152.655	null	2612.898	0.083
-11.2	0.028875	31875.0	2971.875	2446.875	NaN	NaN	NaN	0	1	1	0	0	0	0	0	0	0	0	0	1	0	0	0	1	1	1	0	1	1	1	0	1	-134.0	0.112	0.303	NaN	NaN	0.267	0.673	NaN	NaN	8.01	23.555	NaN	NaN	0.0	"2.5"	"F0034"	1	0	"PR"	469.657	"deionize-uv"	106.494	2	1	0	2050.655	0.0	2152.655	null	2622.937	0.085
-9.2	0.02805	33187.5	2962.5	2428.125	NaN	NaN	NaN	0	1	1	0	0	0	0	0	0	0	0	0	1	0	0	0	1	1	1	0	1	1	1	0	1	-110.0	0.111	0.301	NaN	NaN	0.264	0.669	NaN	NaN	7.92	23.415	NaN	NaN	0.0	"2.5"	"F0034"	1	0	"PR"	479.691	"deionize-uv"	116.528	2	1	0	2050.655	0.0	2152.655	null	2632.971	0.085
-8.4	0.02805	34500.0	2962.5	1968.75	NaN	NaN	NaN	0	0	1	0	0	0	0	1	0	0	0	0	1	0	0	0	1	1	1	0	1	1	1	0	1	-101.0	0.111	0.255	NaN	NaN	0.264	0.567	NaN	NaN	7.92	19.845	NaN	NaN	0.0	"2.5"	"F0034"	1	0	"PR"	489.559	"drip-di-1"	5.323	2	1	0	2050.655	0.0	2152.655	null	2642.839	0.092
-9.5	0.02805	34312.5	2971.875	1734.375	NaN	NaN	NaN	1	0	0	0	0	1	1	0	0	0	0	0	1	1	0	0	0	1	1	1	0	1	1	1	0	-114.0	0.112	0.231	NaN	NaN	0.267	0.513	NaN	NaN	8.01	17.955	NaN	NaN	0.0	"2.5"	"F0034"	1	1	"PR"	499.598	"reverse-f"	0.2	2	1	0	2050.655	0.0	2152.655	null	2652.878	0.102
12.2	0.02805	29250.0	2850.0	2015.625	NaN	NaN	NaN	1	0	0	0	0	1	1	0	0	0	0	0	1	1	0	0	0	1	1	1	0	1	1	1	0	146.0	0.1	0.26	NaN	NaN	0.238	0.578	NaN	NaN	7.14	20.23	NaN	NaN	0.0	"2.5"	"F0034"	1	1	"PR"	509.592	"reverse-f"	10.194	2	1	0	2050.655	0.0	2152.655	null	2662.872	0.09
12.7	0.03025	29437.5	2821.875	2250.0	NaN	NaN	NaN	0	0	0	0	0	1	1	0	0	0	0	0	1	0	0	0	0	1	1	1	0	1	1	1	0	152.0	0.097	0.283	NaN	NaN	0.231	0.629	NaN	NaN	6.93	22.015	NaN	NaN	0.0	"2.5"	"F0034"	1	1	"PR"	519.737	"reverse"	20.339	2	1	0	2050.655	0.0	2152.655	null	2673.017	0.085
11.9	0.031625	29625.0	2840.625	2259.375	NaN	NaN	NaN	0	0	0	0	0	1	1	0	0	0	0	0	1	0	0	0	0	1	1	1	0	1	1	1	0	143.0	0.099	0.284	NaN	NaN	0.236	0.631	NaN	NaN	7.08	22.085	NaN	NaN	0.0	"2.5"	"F0034"	1	1	"PR"	529.575	"reverse"	30.177	2	1	0	2050.655	0.0	2152.655	null	2682.855	0.099
12.0	0.0341	28500.0	2784.375	2268.75	NaN	NaN	NaN	0	0	0	0	0	1	1	0	0	0	0	0	1	0	0	0	0	1	1	1	0	1	1	1	0	144.0	0.093	0.285	NaN	NaN	0.221	0.633	NaN	NaN	6.63	22.155	NaN	NaN	0.0	"2.5"	"F0034"	1	1	"PR"	539.617	"reverse"	40.219	2	1	0	2050.655	0.0	2152.655	null	2692.897	0.09
13.0	0.036025	29250.0	2803.125	2278.125	NaN	NaN	NaN	0	0	0	0	0	1	1	0	0	0	0	0	1	0	0	0	0	1	1	1	0	1	1	1	0	156.0	0.095	0.286	NaN	NaN	0.226	0.636	NaN	NaN	6.78	22.26	NaN	NaN	0.0	"2.5"	"F0034"	1	1	"PR"	549.657	"reverse"	50.259	2	1	0	2050.655	0.0	2152.655	null	2702.937	0.091
12.2	0.0374	30000.0	2784.375	2259.375	NaN	NaN	NaN	0	0	0	0	0	1	1	0	0	0	0	0	1	0	0	0	0	1	1	1	0	1	1	1	0	146.0	0.093	0.284	NaN	NaN	0.221	0.631	NaN	NaN	6.63	22.085	NaN	NaN	0.0	"2.5"	"F0034"	1	1	"PR"	559.691	"reverse"	60.293	2	1	0	2050.655	0.0	2152.655	null	2712.971	0.087
13.2	0.039325	30187.5	2775.0	2287.5	NaN	NaN	NaN	0	0	0	0	0	1	1	0	0	0	0	0	1	0	0	0	0	1	1	1	0	1	1	1	0	158.0	0.093	0.287	NaN	NaN	0.221	0.638	NaN	NaN	6.63	22.33	NaN	NaN	0.0	"2.5"	"F0034"	1	1	"PR"	569.732	"reverse"	70.334	2	1	0	2050.655	0.0	2152.655	null	2723.012	0.083
12.6	0.04125	30375.0	2821.875	2240.625	NaN	NaN	NaN	0	0	0	0	0	1	1	0	0	0	0	0	1	0	0	0	0	1	1	1	0	1	1	1	0	151.0	0.097	0.282	NaN	NaN	0.231	0.627	NaN	NaN	6.93	21.945	NaN	NaN	0.0	"2.5"	"F0034"	1	1	"PR"	579.768	"reverse"	80.37	2	1	0	2050.655	0.0	2152.655	null	2733.048	0.083
12.6	0.04235	30000.0	2803.125	2250.0	NaN	NaN	NaN	0	0	0	0	0	1	1	0	0	0	0	0	1	0	0	0	0	1	1	1	0	1	1	1	0	151.0	0.095	0.283	NaN	NaN	0.226	0.629	NaN	NaN	6.78	22.015	NaN	NaN	0.0	"2.5"	"F0034"	1	1	"PR"	589.804	"reverse"	90.406	2	1	0	2050.655	0.0	2152.655	null	2743.084	0.084
12.0	0.04345	30000.0	2746.875	2259.375	NaN	NaN	NaN	0	0	0	0	0	1	1	0	0	0	0	0	1	0	0	0	0	1	1	1	0	1	1	1	0	144.0	0.09	0.284	NaN	NaN	0.214	0.631	NaN	NaN	6.42	22.085	NaN	NaN	0.0	"2.5"	"F0034"	1	1	"PR"	599.841	"reverse"	100.443	2	1	0	2050.655	0.0	2152.655	null	2753.121	0.085
12.8	0.044275	29625.0	2793.75	2268.75	NaN	NaN	NaN	0	0	0	0	0	1	1	0	0	0	0	0	1	0	0	0	0	1	1	1	0	1	1	1	0	154.0	0.094	0.285	NaN	NaN	0.224	0.633	NaN	NaN	6.72	22.155	NaN	NaN	0.0	"2.5"	"F0034"	1	1	"PR"	609.677	"reverse"	110.279	2	1	0	2050.655	0.0	2152.655	null	2762.957	0.09
12.5	0.044825	30000.0	2831.25	2278.125	NaN	NaN	NaN	0	0	0	0	0	1	1	0	0	0	0	0	1	0	0	0	0	1	1	1	0	1	1	1	0	150.0	0.098	0.286	NaN	NaN	0.233	0.636	NaN	NaN	6.99	22.26	NaN	NaN	0.0	"2.5"	"F0034"	1	1	"PR"	619.712	"reverse"	120.314	2	1	0	2050.655	0.0	2152.655	null	2772.992	0.09
12.5	0.044825	29812.5	2784.375	2268.75	NaN	NaN	NaN	0	0	0	0	0	1	1	0	0	0	0	0	1	0	0	0	0	1	1	1	0	1	1	1	0	150.0	0.093	0.285	NaN	NaN	0.221	0.633	NaN	NaN	6.63	22.155	NaN	NaN	0.0	"2.5"	"F0034"	1	1	"PR"	629.75	"reverse"	130.352	2	1	0	2050.655	0.0	2152.655	null	2783.03	0.092
12.6	0.0451	29250.0	2803.125	2259.375	NaN	NaN	NaN	0	0	0	0	0	1	1	0	0	0	0	0	1	0	0	0	0	1	1	1	0	1	1	1	0	151.0	0.095	0.284	NaN	NaN	0.226	0.631	NaN	NaN	6.78	22.085	NaN	NaN	0.0	"2.5"	"F0034"	1	1	"PR"	639.784	"reverse"	140.386	2	1	0	2050.655	0.0	2152.655	null	2793.064	0.09
14.2	0.045925	29250.0	2812.5	2259.375	NaN	NaN	NaN	0	0	0	0	0	0	0	0	0	0	0	0	0	0	0	0	0	0	0	0	1	0	0	0	1	170.0	0.096	0.284	NaN	NaN	0.229	0.631	NaN	NaN	6.87	22.085	NaN	NaN	0.0	"2.5"	"F0034"	0	0	"PR"	649.616	"diffuse"	0.2	2	1	1	2050.655	0.0	2152.655	null	2802.896	0.094
1.7	0.0462	1125.0	2981.25	2278.125	NaN	NaN	NaN	0	0	0	0	0	0	0	0	0	0	0	0	0	0	0	0	0	0	0	0	1	0	0	0	1	20.0	0.113	0.286	NaN	NaN	0.269	0.636	NaN	NaN	8.07	22.26	NaN	NaN	0.0	"2.5"	"F0034"	0	0	"PR"	659.751	"diffuse"	10.335	2	1	1	2050.655	0.0	2152.655	null	2813.031	0.092
1.8	0.046475	2812.5	2981.25	2278.125	NaN	NaN	NaN	0	0	0	0	0	0	0	0	0	0	0	0	0	0	0	0	0	0	0	0	1	0	0	0	1	22.0	0.113	0.286	NaN	NaN	0.269	0.636	NaN	NaN	8.07	22.26	NaN	NaN	0.0	"2.5"	"F0034"	0	0	"PR"	669.785	"diffuse"	20.369	2	1	1	2050.655	0.0	2152.655	null	2823.065	0.09
0.3	0.0462	1687.5	2981.25	2250.0	NaN	NaN	NaN	0	0	0	0	0	1	1	0	0	0	0	0	1	0	0	0	0	1	1	1	0	1	1	1	0	4.0	0.113	0.283	NaN	NaN	0.269	0.629	NaN	NaN	8.07	22.015	NaN	NaN	0.0	"2.5"	"F0034"	1	1	"PR"	679.622	"wash-en"	0.201	2	1	1	2050.655	0.0	2152.655	null	2832.902	0.089
13.2	0.046475	30000.0	2831.25	2287.5	NaN	NaN	NaN	0	0	0	0	0	1	1	0	0	0	0	0	1	0	0	0	0	1	1	1	0	1	1	1	0	158.0	0.098	0.287	NaN	NaN	0.233	0.638	NaN	NaN	6.99	22.33	NaN	NaN	0.0	"2.5"	"F0034"	1	1	"PR"	689.756	"wash-en"	10.335	2	1	1	2050.655	0.0	2152.655	null	2843.036	0.088
12.0	0.04675	29812.5	2821.875	2259.375	NaN	NaN	NaN	0	0	0	0	0	1	1	0	0	0	0	0	1	0	0	0	0	0	0	0	1	0	0	0	1	144.0	0.097	0.284	NaN	NaN	0.231	0.631	NaN	NaN	6.93	22.085	NaN	NaN	0.0	"2.5"	"F0034"	0	0	"PR"	699.791	"wash-sc"	0.2	2	1	1	2050.655	0.0	2152.655	null	2853.071	0.098
1.3	0.047025	30750.0	2803.125	2278.125	NaN	NaN	NaN	0	0	0	0	0	0	0	0	0	0	0	0	0	0	0	0	0	0	0	0	1	0	0	0	1	16.0	0.095	0.286	NaN	NaN	0.226	0.636	NaN	NaN	6.78	22.26	NaN	NaN	0.0	"2.5"	"F0034"	0	0	"PR"	709.924	"diffuse"	0.208	2	1	2	2050.655	0.0	2152.655	null	2863.204	0.095
1.3	0.0473	750.0	2981.25	2278.125	NaN	NaN	NaN	0	0	0	0	0	0	0	0	0	0	0	0	0	0	0	0	0	0	0	0	1	0	0	0	1	16.0	0.113	0.286	NaN	NaN	0.269	0.636	NaN	NaN	8.07	22.26	NaN	NaN	0.0	"2.5"	"F0034"	0	0	"PR"	719.76	"diffuse"	10.044	2	1	2	2050.655	0.0	2152.655	null	2873.04	0.086
-0.1	0.0473	375.0	2990.625	2268.75	NaN	NaN	NaN	0	0	0	0	0	0	0	0	0	0	0	0	0	0	0	0	0	0	0	0	1	0	0	0	1	-1.0	0.114	0.285	NaN	NaN	0.271	0.633	NaN	NaN	8.13	22.155	NaN	NaN	0.0	"2.5"	"F0034"	0	0	"PR"	729.8	"diffuse"	20.084	2	1	2	2050.655	0.0	2152.655	null	2883.08	0.086
1.3	0.04675	937.5	2981.25	2268.75	NaN	NaN	NaN	0	0	0	0	0	0	0	0	0	0	0	0	0	0	0	0	0	0	0	0	1	0	0	0	1	16.0	0.113	0.285	NaN	NaN	0.269	0.633	NaN	NaN	8.07	22.155	NaN	NaN	0.0	"2.5"	"F0034"	0	0	"PR"	739.84	"diffuse"	30.124	2	1	2	2050.655	0.0	2152.655	null	2893.12	0.088
12.7	0.0462	30000.0	2784.375	2250.0	NaN	NaN	NaN	0	0	0	0	0	1	1	0	0	0	0	0	1	0	0	0	0	1	1	1	0	1	1	1	0	152.0	0.093	0.283	NaN	NaN	0.221	0.629	NaN	NaN	6.63	22.015	NaN	NaN	0.0	"2.5"	"F0034"	1	1	"PR"	749.969	"wash-en"	10.129	2	1	2	2050.655	0.0	2152.655	null	2903.249	0.09
11.3	0.04675	30000.0	2812.5	2287.5	NaN	NaN	NaN	0	0	0	0	0	1	1	0	0	0	0	0	1	0	0	0	0	1	1	1	0	1	1	1	0	136.0	0.096	0.287	NaN	NaN	0.229	0.638	NaN	NaN	6.87	22.33	NaN	NaN	0.0	"2.5"	"F0034"	1	1	"PR"	759.808	"wash-en"	19.968	2	1	2	2050.655	0.0	2152.655	null	2913.088	0.086
0.6	0.0473	30000.0	2821.875	2268.75	NaN	NaN	NaN	0	0	0	0	0	1	1	0	0	0	0	0	1	0	0	0	0	0	0	0	1	0	0	0	1	7.0	0.097	0.285	NaN	NaN	0.231	0.633	NaN	NaN	6.93	22.155	NaN	NaN	0.0	"2.5"	"F0034"	0	0	"PR"	769.931	"wash-sc"	9.922	2	1	2	2050.655	0.0	2152.655	null	2923.211	0.091
1.0	0.047025	1875.0	2981.25	2259.375	NaN	NaN	NaN	0	0	0	0	0	0	0	0	0	0	0	0	0	0	0	0	0	0	0	0	1	0	0	0	1	12.0	0.113	0.284	NaN	NaN	0.269	0.631	NaN	NaN	8.07	22.085	NaN	NaN	0.0	"2.5"	"F0034"	0	0	"PR"	779.97	"diffuse"	9.838	2	1	3	2050.655	0.0	2152.655	null	2933.25	0.09
1.0	0.0473	2250.0	2981.25	2268.75	NaN	NaN	NaN	0	0	0	0	0	0	0	0	0	0	0	0	0	0	0	0	0	0	0	0	1	0	0	0	1	12.0	0.113	0.285	NaN	NaN	0.269	0.633	NaN	NaN	8.07	22.155	NaN	NaN	0.0	"2.5"	"F0034"	0	0	"PR"	790.004	"diffuse"	19.872	2	1	3	2050.655	0.0	2152.655	null	2943.284	0.09
1.1	0.046475	1875.0	2971.875	2268.75	NaN	NaN	NaN	0	0	0	0	0	0	0	0	0	0	0	0	0	0	0	0	0	0	0	0	1	0	0	0	1	13.0	0.112	0.285	NaN	NaN	0.267	0.633	NaN	NaN	8.01	22.155	NaN	NaN	0.0	"2.5"	"F0034"	0	0	"PR"	799.842	"diffuse"	29.71	2	1	3	2050.655	0.0	2152.655	null	2953.122	0.085
13.0	0.04675	30562.5	2784.375	2240.625	NaN	NaN	NaN	0	0	0	0	0	1	1	0	0	0	0	0	1	0	0	0	0	1	1	1	0	1	1	1	0	156.0	0.093	0.282	NaN	NaN	0.221	0.627	NaN	NaN	6.63	21.945	NaN	NaN	0.0	"2.5"	"F0034"	1	1	"PR"	809.971	"wash-en"	9.727	2	1	3	2050.655	0.0	2152.655	null	2963.251	0.085
13.0	0.046475	30562.5	2821.875	2278.125	NaN	NaN	NaN	0	0	0	0	0	1	1	0	0	0	0	0	1	0	0	0	0	1	1	1	0	1	1	1	0	156.0	0.097	0.286	NaN	NaN	0.231	0.636	NaN	NaN	6.93	22.26	NaN	NaN	0.0	"2.5"	"F0034"	1	1	"PR"	820.005	"wash-en"	19.761	2	1	3	2050.655	0.0	2152.655	null	2973.285	0.083
0.5	0.047025	29625.0	2812.5	2278.125	NaN	NaN	NaN	0	0	0	0	0	1	1	0	0	0	0	0	1	0	0	0	0	0	0	0	1	0	0	0	1	6.0	0.096	0.286	NaN	NaN	0.229	0.636	NaN	NaN	6.87	22.26	NaN	NaN	0.0	"2.5"	"F0034"	0	0	"PR"	829.934	"wash-sc"	9.527	2	1	3	2050.655	0.0	2152.655	null	2983.214	0.087
0.3	0.046475	1875.0	2981.25	2278.125	NaN	NaN	NaN	0	0	0	0	0	0	0	0	0	0	0	0	0	0	0	0	0	0	0	0	1	0	0	0	1	4.0	0.113	0.286	NaN	NaN	0.269	0.636	NaN	NaN	8.07	22.26	NaN	NaN	0.0	"2.5"	"F0034"	0	0	"PR"	839.971	"diffuse"	9.435	2	1	4	2050.655	0.0	2152.655	null	2993.251	0.086
0.5	0.04675	2625.0	3000.0	2259.375	NaN	NaN	NaN	0	0	0	0	0	0	0	0	0	0	0	0	0	0	0	0	0	0	0	0	1	0	0	0	1	6.0	0.115	0.284	NaN	NaN	0.274	0.631	NaN	NaN	8.22	22.085	NaN	NaN	0.0	"2.5"	"F0034"	0	0	"PR"	850.004	"diffuse"	19.468	2	1	4	2050.655	0.0	2152.655	null	3003.284	0.086
0.6	0.046475	750.0	2981.25	2240.625	NaN	NaN	NaN	0	0	0	0	0	0	0	0	0	0	0	0	0	0	0	0	0	0	0	0	1	0	0	0	1	7.0	0.113	0.282	NaN	NaN	0.269	0.627	NaN	NaN	8.07	21.945	NaN	NaN	0.0	"2.5"	"F0034"	0	0	"PR"	860.041	"diffuse"	29.505	2	1	4	2050.655	0.0	2152.655	null	3013.321	0.088
12.4	0.045925	30187.5	2803.125	2278.125	NaN	NaN	NaN	0	0	0	0	0	1	1	0	0	0	0	0	1	0	0	0	0	1	1	1	0	1	1	1	0	149.0	0.095	0.286	NaN	NaN	0.226	0.636	NaN	NaN	6.78	22.26	NaN	NaN	0.0	"2.5"	"F0034"	1	1	"PR"	869.968	"wash-en"	9.325	2	1	4	2050.655	0.0	2152.655	null	3023.248	0.083
12.2	0.046475	30562.5	2803.125	2240.625	NaN	NaN	NaN	0	0	0	0	0	1	1	0	0	0	0	0	1	0	0	0	0	1	1	1	0	1	1	1	0	146.0	0.095	0.282	NaN	NaN	0.226	0.627	NaN	NaN	6.78	21.945	NaN	NaN	0.0	"2.5"	"F0034"	1	1	"PR"	880.007	"wash-en"	19.364	2	1	4	2050.655	0.0	2152.655	null	3033.287	0.083
-2.4	0.046475	28312.5	2831.25	2278.125	NaN	NaN	NaN	0	0	0	0	0	1	1	0	0	0	0	0	1	0	0	0	0	0	0	0	1	0	0	0	1	-29.0	0.098	0.286	NaN	NaN	0.233	0.636	NaN	NaN	6.99	22.26	NaN	NaN	0.0	"2.5"	"F0034"	0	0	"PR"	890.138	"wash-sc"	9.329	2	1	4	2050.655	0.0	2152.655	null	3043.418	0.085
