cur	ec	mod-ps	rg-ps	di-ps	fw1-ps	fw2-ps	pf-ps	vlv-di-fill	vlv-di-in	vlv-di-out	vlv-rg-fill	vlv-rg-drain	vlv-rg-in	vlv-rg-out	vlv-fw1-in	vlv-fw1-out	vlv-fw2-in	vlv-po	vlv-mod-drain	pmp-sys	pmp-di	pmp-fw1	pmp-fw2	uv	en-anode1	en-cath1	pl-anode1	pl-cath1	en-anode2	en-cath2	pl-anode2	pl-cath2	pw	rg-he	di-he	fw1-he	fw2-he	rg-lev	di-lev	fw1-lev	fw2-lev	rg-vol	di-vol	fw1-vol	fw2-vol	pr-ec	ver	sn	mod-en	mod-pl	proc	proc-time	ph	ph-time	count	cyc	rnd	pr-last	rc-last	fr-last	halt-re	time	exec
-0.1	0.049775	29625.0	2821.875	2306.25	NaN	NaN	NaN	0	0	0	0	0	1	1	0	0	0	0	0	1	0	0	0	0	0	0	0	1	0	0	0	1	-1.0	0.097	0.289	NaN	NaN	0.231	0.642	NaN	NaN	6.93	22.47	NaN	NaN	0.0	"2.5"	"F0034"	0	0	"PR"	8.245	"prime"	7.225	0	0	0	0.0	0.0	0.0	null	10.031	0.09
-0.2	0.049225	30000.0	2812.5	2306.25	NaN	NaN	NaN	0	0	0	0	0	1	1	0	0	0	0	0	1	0	0	0	0	0	0	0	1	0	0	0	1	-2.0	0.096	0.289	NaN	NaN	0.229	0.642	NaN	NaN	6.87	22.47	NaN	NaN	0.0	"2.5"	"F0034"	0	0	"PR"	8.446	"prime"	7.426	0	0	0	0.0	0.0	0.0	null	10.232	0.086
-0.3	0.049775	30000.0	2850.0	2278.125	NaN	NaN	NaN	0	0	0	0	0	1	1	0	0	0	0	0	1	0	0	0	0	0	0	0	1	0	0	0	1	-4.0	0.1	0.286	NaN	NaN	0.238	0.636	NaN	NaN	7.14	22.26	NaN	NaN	0.0	"2.5"	"F0034"	0	0	"PR"	18.281	"prime"	17.261	0	0	0	0.0	0.0	0.0	null	20.067	0.088
-0.6	0.050875	29812.5	2812.5	2306.25	NaN	NaN	NaN	0	0	0	0	0	1	1	0	0	0	0	0	1	0	0	0	0	0	0	0	1	0	0	0	1	-7.0	0.096	0.289	NaN	NaN	0.229	0.642	NaN	NaN	6.87	22.47	NaN	NaN	0.0	"2.5"	"F0034"	0	0	"PR"	28.321	"prime"	27.301	0	0	0	0.0	0.0	0.0	null	30.107	0.088
-11.9	0.049775	34125.0	2981.25	2625.0	NaN	NaN	NaN	0	1	1	0	0	0	0	0	0	0	0	0	1	0	0	0	0	1	1	0	1	1	1	0	1	-143.0	0.113	0.321	NaN	NaN	0.269	0.713	NaN	NaN	8.07	24.955	NaN	NaN	0.0	"2.5"	"F0034"	1	0	"PR"	38.356	"deionize"	6.822	0	1	0	0.0	0.0	0.0	null	40.142	0.09
-10.6	0.048675	32812.5	2981.25	2606.25	NaN	NaN	NaN	0	1	1	0	0	0	0	0	0	0	0	0	1	0	0	0	0	1	1	0	1	1	1	0	1	-127.0	0.113	0.319	NaN	NaN	0.269	0.709	NaN	NaN	8.07	24.815	NaN	NaN	0.0	"2.5"	"F0034"	1	0	"PR"	48.39	"deionize"	16.856	0	1	0	0.0	0.0	0.0	null	50.176	0.092
-11.5	0.0473	34312.5	2981.25	2550.0	NaN	NaN	NaN	0	1	1	0	0	0	0	0	0	0	0	0	1	0	0	0	0	1	1	0	1	1	1	0	1	-138.0	0.113	0.313	NaN	NaN	0.269	0.696	NaN	NaN	8.07	24.36	NaN	NaN	0.0	"2.5"	"F0034"	1	0	"PR"	58.427	"deionize"	26.893	0	1	0	0.0	0.0	0.0	null	60.213	0.09
-11.7	0.0473	35062.5	2981.25	2540.625	NaN	NaN	NaN	0	1	1	0	0	0	0	0	0	0	0	0	1	0	0	0	0	1	1	0	1	1	1	0	1	-140.0	0.113	0.312	NaN	NaN	0.269	0.693	NaN	NaN	8.07	24.255	NaN	NaN	0.0	"2.5"	"F0034"	1	0	"PR"	68.464	"deionize"	36.93	0	1	0	0.0	0.0	0.0	null	70.25	0.09
-11.3	0.047025	35625.0	2981.25	2550.0	NaN	NaN	NaN	0	1	1	0	0	0	0	0	0	0	0	0	1	0	0	0	0	1	1	0	1	1	1	0	1	-136.0	0.113	0.313	NaN	NaN	0.269	0.696	NaN	NaN	8.07	24.36	NaN	NaN	0.0	"2.5"	"F0034"	1	0	"PR"	78.501	"deionize"	46.967	0	1	0	0.0	0.0	0.0	null	80.287	0.092
-11.9	0.0462	33750.0	2981.25	2531.25	NaN	NaN	NaN	0	1	1	0	0	0	0	0	0	0	0	0	1	0	0	0	0	1	1	0	1	1	1	0	1	-143.0	0.113	0.311	NaN	NaN	0.269	0.691	NaN	NaN	8.07	24.185	NaN	NaN	0.0	"2.5"	"F0034"	1	0	"PR"	88.534	"deionize"	57.0	0	1	0	0.0	0.0	0.0	null	90.32	0.09
-13.1	0.04565	33000.0	2990.625	2550.0	NaN	NaN	NaN	0	1	1	0	0	0	0	0	0	0	0	0	1	0	0	0	0	1	1	0	1	1	1	0	1	-157.0	0.114	0.313	NaN	NaN	0.271	0.696	NaN	NaN	8.13	24.36	NaN	NaN	0.0	"2.5"	"F0034"	1	0	"PR"	98.364	"deionize"	66.83	0	1	0	0.0	0.0	0.0	null	100.15	0.087
-11.9	0.044825	33562.5	2981.25	2587.5	NaN	NaN	NaN	0	1	1	0	0	0	0	0	0	0	0	0	1	0	0	0	0	1	1	0	1	1	1	0	1	-143.0	0.113	0.317	NaN	NaN	0.269	0.704	NaN	NaN	8.07	24.64	NaN	NaN	0.0	"2.5"	"F0034"	1	0	"PR"	108.405	"deionize"	76.871	0	1	0	0.0	0.0	0.0	null	110.191	0.088
-11.9	0.0451	35062.5	2981.25	2484.375	NaN	NaN	NaN	0	1	1	0	0	0	0	0	0	0	0	0	1	0	0	0	0	1	1	0	1	1	1	0	1	-143.0	0.113	0.306	NaN	NaN	0.269	0.68	NaN	NaN	8.07	23.8	NaN	NaN	0.0	"2.5"	"F0034"	1	0	"PR"	118.438	"deionize"	86.904	0	1	0	0.0	0.0	0.0	null	120.224	0.086
-11.7	0.043725	32250.0	2981.25	2493.75	NaN	NaN	NaN	0	1	1	0	0	0	0	0	0	0	0	0	1	0	0	0	0	1	1	0	1	1	1	0	1	-140.0	0.113	0.307	NaN	NaN	0.269	0.682	NaN	NaN	8.07	23.87	NaN	NaN	0.0	"2.5"	"F0034"	1	0	"PR"	128.469	"deionize"	96.935	0	1	0	0.0	0.0	0.0	null	130.255	0.087
-11.0	0.043725	33000.0	2981.25	2540.625	NaN	NaN	NaN	0	1	1	0	0	0	0	0	0	0	0	0	1	0	0	0	0	1	1	0	1	1	1	0	1	-132.0	0.113	0.312	NaN	NaN	0.269	0.693	NaN	NaN	8.07	24.255	NaN	NaN	0.0	"2.5"	"F0034"	1	0	"PR"	138.509	"deionize"	106.975	0	1	0	0.0	0.0	0.0	null	140.295	0.092
-12.0	0.043725	35437.5	2971.875	2550.0	NaN	NaN	NaN	0	1	1	0	0	0	0	0	0	0	0	0	1	0	0	0	0	1	1	0	1	1	1	0	1	-144.0	0.112	0.313	NaN	NaN	0.267	0.696	NaN	NaN	8.01	24.36	NaN	NaN	0.0	"2.5"	"F0034"	1	0	"PR"	148.539	"deionize"	117.005	0	1	0	0.0	0.0	0.0	null	150.325	0.09
-12.0	0.043175	33000.0	2981.25	2475.0	NaN	NaN	NaN	0	1	1	0	0	0	0	0	0	0	0	0	1	0	0	0	0	1	1	0	1	1	1	0	1	-144.0	0.113	0.305	NaN	NaN	0.269	0.678	NaN	NaN	8.07	23.73	NaN	NaN	0.0	"2.5"	"F0034"	1	0	"PR"	158.575	"deionize"	127.041	0	1	0	0.0	0.0	0.0	null	160.361	0.087
-12.3	0.042625	34312.5	2981.25	2512.5	NaN	NaN	NaN	0	1	1	0	0	0	0	0	0	0	0	0	1	0	0	0	0	1	1	0	1	1	1	0	1	-148.0	0.113	0.309	NaN	NaN	0.269	0.687	NaN	NaN	8.07	24.045	NaN	NaN	0.0	"2.5"	"F0034"	1	0	"PR"	168.614	"deionize"	137.08	0	1	0	0.0	0.0	0.0	null	170.4	0.091
-12.0	0.04235	34125.0	3009.375	2550.0	NaN	NaN	NaN	0	1	1	0	0	0	0	0	0	0	0	0	1	0	0	0	0	1	1	0	1	1	1	0	1	-144.0	0.116	0.313	NaN	NaN	0.276	0.696	NaN	NaN	8.28	24.36	NaN	NaN	0.0	"2.5"	"F0034"	1	0	"PR"	178.448	"deionize"	146.914	0	1	0	0.0	0.0	0.0	null	180.234	0.086
-12.0	0.0418	36937.5	2990.625	2437.5	NaN	NaN	NaN	0	1	1	0	0	0	0	0	0	0	0	0	1	0	0	0	0	1	1	0	1	1	1	0	1	-144.0	0.114	0.302	NaN	NaN	0.271	0.671	NaN	NaN	8.13	23.485	NaN	NaN	0.0	"2.5"	"F0034"	1	0	"PR"	188.479	"deionize"	156.945	0	1	0	0.0	0.0	0.0	null	190.265	0.084
-11.8	0.04125	33375.0	2981.25	2503.125	NaN	NaN	NaN	0	1	1	0	0	0	0	0	0	0	0	0	1	0	0	0	0	1	1	0	1	1	1	0	1	-142.0	0.113	0.308	NaN	NaN	0.269	0.684	NaN	NaN	8.07	23.94	NaN	NaN	0.0	"2.5"	"F0034"	1	0	"PR"	198.52	"deionize"	166.986	0	1	0	0.0	0.0	0.0	null	200.306	0.086
-12.7	0.040425	32250.0	2971.875	2437.5	NaN	NaN	NaN	0	1	1	0	0	0	0	0	0	0	0	0	1	0	0	0	0	1	1	0	1	1	1	0	1	-152.0	0.112	0.302	NaN	NaN	0.267	0.671	NaN	NaN	8.01	23.485	NaN	NaN	0.0	"2.5"	"F0034"	1	0	"PR"	208.552	"deionize"	177.018	0	1	0	0.0	0.0	0.0	null	210.338	0.097
-12.8	0.040975	34687.5	2990.625	2437.5	NaN	NaN	NaN	0	1	1	0	0	0	0	0	0	0	0	0	1	0	0	0	0	1	1	0	1	1	1	0	1	-154.0	0.114	0.302	NaN	NaN	0.271	0.671	NaN	NaN	8.13	23.485	NaN	NaN	0.0	"2.5"	"F0034"	1	0	"PR"	218.594	"deionize"	187.06	0	1	0	0.0	0.0	0.0	null	220.38	0.088
-11.8	0.040425	32250.0	2981.25	2437.5	NaN	NaN	NaN	0	1	1	0	0	0	0	0	0	0	0	0	1	0	0	0	0	1	1	0	1	1	1	0	1	-142.0	0.113	0.302	NaN	NaN	0.269	0.671	NaN	NaN	8.07	23.485	NaN	NaN	0.0	"2.5"	"F0034"	1	0	"PR"	228.63	"deionize"	197.096	0	1	0	0.0	0.0	0.0	null	230.416	0.084
-11.3	0.0396	33937.5	2981.25	2475.0	NaN	NaN	NaN	0	1	1	0	0	0	0	0	0	0	0	0	1	0	0	0	0	1	1	0	1	1	1	0	1	-136.0	0.113	0.305	NaN	NaN	0.269	0.678	NaN	NaN	8.07	23.73	NaN	NaN	0.0	"2.5"	"F0034"	1	0	"PR"	238.664	"deionize"	207.13	0	1	0	0.0	0.0	0.0	null	240.45	0.086
-11.9	0.039325	31875.0	3000.0	2428.125	NaN	NaN	NaN	0	1	1	0	0	0	0	0	0	0	0	0	1	0	0	0	0	1	1	0	1	1	1	0	1	-143.0	0.115	0.301	NaN	NaN	0.274	0.669	NaN	NaN	8.22	23.415	NaN	NaN	0.0	"2.5"	"F0034"	1	0	"PR"	248.705	"deionize"	217.171	0	1	0	0.0	0.0	0.0	null	250.491	0.088
-11.7	0.039325	32062.5	2971.875	2446.875	NaN	NaN	NaN	0	1	1	0	0	0	0	0	0	0	0	0	1	0	0	0	0	1	1	0	1	1	1	0	1	-140.0	0.112	0.303	NaN	NaN	0.267	0.673	NaN	NaN	8.01	23.555	NaN	NaN	0.0	"2.5"	"F0034"	1	0	"PR"	258.537	"deionize"	227.003	0	1	0	0.0	0.0	0.0	null	260.323	0.084
-10.7	0.03905	34125.0	3000.0	2428.125	NaN	NaN	NaN	0	1	1	0	0	0	0	0	0	0	0	0	1	0	0	0	0	1	1	0	1	1	1	0	1	-128.0	0.115	0.301	NaN	NaN	0.274	0.669	NaN	NaN	8.22	23.415	NaN	NaN	0.0	"2.5"	"F0034"	1	0	"PR"	268.575	"deionize"	237.041	0	1	0	0.0	0.0	0.0	null	270.361	0.084
-11.7	0.03795	34125.0	2981.25	2428.125	NaN	NaN	NaN	0	1	1	0	0	0	0	0	0	0	0	0	1	0	0	0	1	1	1	0	1	1	1	0	1	-140.0	0.113	0.301	NaN	NaN	0.269	0.669	NaN	NaN	8.07	23.415	NaN	NaN	0.0	"2.5"	"F0034"	1	0	"PR"	278.722	"deionize-uv"	7.132	0	1	0	0.0	0.0	0.0	null	280.508	0.086
-12.2	0.038225	35812.5	2981.25	2409.375	NaN	NaN	NaN	0	1	1	0	0	0	0	0	0	0	0	0	1	0	0	0	1	1	1	0	1	1	1	0	1	-146.0	0.113	0.299	NaN	NaN	0.269	0.664	NaN	NaN	8.07	23.24	NaN	NaN	0.0	"2.5"	"F0034"	1	0	"PR"	288.757	"deionize-uv"	17.167	0	1	0	0.0	0.0	0.0	null	290.543	0.086
-11.7	0.037675	34875.0	2981.25	2428.125	NaN	NaN	NaN	0	1	1	0	0	0	0	0	0	0	0	0	1	0	0	0	1	1	1	0	1	1	1	0	1	-140.0	0.113	0.301	NaN	NaN	0.269	0.669	NaN	NaN	8.07	23.415	NaN	NaN	0.0	"2.5"	"F0034"	1	0	"PR"	298.597	"deionize-uv"	27.007	0	1	0	0.0	0.0	0.0	null	300.383	0.088
-11.9	0.037125	35437.5	2981.25	2475.0	NaN	NaN	NaN	0	1	1	0	0	0	0	0	0	0	0	0	1	0	0	0	1	1	1	0	1	1	1	0	1	-143.0	0.113	0.305	NaN	NaN	0.269	0.678	NaN	NaN	8.07	23.73	NaN	NaN	0.0	"2.5"	"F0034"	1	0	"PR"	308.634	"deionize-uv"	37.044	0	1	0	0.0	0.0	0.0	null	310.42	0.083
-11.6	0.037125	33937.5	2981.25	2503.125	NaN	NaN	NaN	0	1	1	0	0	0	0	0	0	0	0	0	1	0	0	0	1	1	1	0	1	1	1	0	1	-139.0	0.113	0.308	NaN	NaN	0.269	0.684	NaN	NaN	8.07	23.94	NaN	NaN	0.0	"2.5"	"F0034"	1	0	"PR"	318.673	"deionize-uv"	47.083	0	1	0	0.0	0.0	0.0	null	320.459	0.083
-11.6	0.03685	31875.0	3009.375	2390.625	NaN	NaN	NaN	0	1	1	0	0	0	0	0	0	0	0	0	1	0	0	0	1	1	1	0	1	1	1	0	1	-139.0	0.116	0.297	NaN	NaN	0.276	0.66	NaN	NaN	8.28	23.1	NaN	NaN	0.0	"2.5"	"F0034"	1	0	"PR"	328.709	"deionize-uv"	57.119	0	1	0	0.0	0.0	0.0	null	330.495	0.093
-11.3	0.036025	31500.0	2990.625	2446.875	NaN	NaN	NaN	0	1	1	0	0	0	0	0	0	0	0	0	1	0	0	0	1	1	1	0	1	1	1	0	1	-136.0	0.114	0.303	NaN	NaN	0.271	0.673	NaN	NaN	8.13	23.555	NaN	NaN	0.0	"2.5"	"F0034"	1	0	"PR"	338.747	"deionize-uv"	67.157	0	1	0	0.0	0.0	0.0	null	340.533	0.083
-10.6	0.036025	33000.0	2981.25	2475.0	NaN	NaN	NaN	0	1	1	0	0	0	0	0	0	0	0	0	1	0	0	0	1	1	1	0	1	1	1	0	1	-127.0	0.113	0.305	NaN	NaN	0.269	0.678	NaN	NaN	8.07	23.73	NaN	NaN	0.0	"2.5"	"F0034"	1	0	"PR"	348.789	"deionize-uv"	77.199	0	1	0	0.0	0.0	0.0	null	350.575	0.087
-13.9	0.0352	32625.0	2981.25	2409.375	NaN	NaN	NaN	0	1	1	0	0	0	0	0	0	0	0	0	1	0	0	0	1	1	1	0	1	1	1	0	1	-167.0	0.113	0.299	NaN	NaN	0.269	0.664	NaN	NaN	8.07	23.24	NaN	NaN	0.0	"2.5"	"F0034"	1	0	"PR"	358.827	"deionize-uv"	87.237	0	1	0	0.0	0.0	0.0	null	360.613	0.086
-10.6	0.034925	33375.0	2990.625	2465.625	NaN	NaN	NaN	0	1	1	0	0	0	0	0	0	0	0	0	1	0	0	0	1	1	1	0	1	1	1	0	1	-127.0	0.114	0.305	NaN	NaN	0.271	0.678	NaN	NaN	8.13	23.73	NaN	NaN	0.0	"2.5"	"F0034"	1	0	"PR"	368.665	"deionize-uv"	97.075	0	1	0	0.0	0.0	0.0	null	370.451	0.083
-9.5	0.034925	33937.5	2981.25	2371.875	NaN	NaN	NaN	0	1	1	0	0	0	0	0	0	0	0	0	1	0	0	0	1	1	1	0	1	1	1	0	1	-114.0	0.113	0.295	NaN	NaN	0.269	0.656	NaN	NaN	8.07	22.96	NaN	NaN	0.0	"2.5"	"F0034"	1	0	"PR"	378.701	"deionize-uv"	107.111	0	1	0	0.0	0.0	0.0	null	380.487	0.088
-10.8	0.034925	34687.5	2981.25	2428.125	NaN	NaN	NaN	0	1	1	0	0	0	0	0	0	0	0	0	1	0	0	0	1	1	1	0	1	1	1	0	1	-130.0	0.113	0.301	NaN	NaN	0.269	0.669	NaN	NaN	8.07	23.415	NaN	NaN	0.0	"2.5"	"F0034"	1	0	"PR"	388.738	"deionize-uv"	117.148	0	1	0	0.0	0.0	0.0	null	390.524	0.086
-9.9	0.034925	36000.0	2981.25	1940.625	NaN	NaN	NaN	0	0	1	0	0	0	0	1	0	0	0	0	1	0	0	0	1	1	1	0	1	1	1	0	1	-119.0	0.113	0.252	NaN	NaN	0.269	0.56	NaN	NaN	8.07	19.6	NaN	NaN	0.0	"2.5"	"F0034"	1	0	"PR"	398.71	"drain-di-1"	6.961	0	1	0	0.0	0.0	0.0	null	400.496	0.087
-10.3	0.0341	37687.5	2981.25	1725.0	NaN	NaN	NaN	0	0	1	0	0	0	0	1	0	0	0	0	1	0	0	0	1	1	1	0	1	1	1	0	1	-124.0	0.113	0.23	NaN	NaN	0.269	0.511	NaN	NaN	8.07	17.885	NaN	NaN	0.0	"2.5"	"F0034"	1	0	"PR"	408.739	"drain-di-1"	16.99	0	1	0	0.0	0.0	0.0	null	410.525	0.084
-8.6	0.033825	35437.5	2981.25	1462.5	NaN	NaN	NaN	0	0	1	0	0	0	0	1	0	0	0	0	1	0	0	0	1	1	1	0	1	1	1	0	1	-103.0	0.113	0.204	NaN	NaN	0.269	0.453	NaN	NaN	8.07	15.855	NaN	NaN	0.0	"2.5"	"F0034"	1	0	"PR"	418.771	"drain-di-1"	27.022	0	1	0	0.0	0.0	0.0	null	420.557	0.084
-11.7	0.0341	35437.5	2981.25	1218.75	NaN	NaN	NaN	0	0	1	0	0	0	0	1	0	0	0	0	1	0	0	0	1	1	1	0	1	1	1	0	1	-140.0	0.113	0.18	NaN	NaN	0.269	0.4	NaN	NaN	8.07	14.0	NaN	NaN	0.0	"2.5"	"F0034"	1	0	"PR"	428.812	"drain-di-1"	37.063	0	1	0	0.0	0.0	0.0	null	430.598	0.084
-9.7	0.033	37125.0	2981.25	993.75	NaN	NaN	NaN	0	0	1	0	0	0	0	1	0	0	0	0	1	0	0	0	1	1	1	0	1	1	1	0	1	-116.0	0.113	0.157	NaN	NaN	0.269	0.349	NaN	NaN	8.07	12.215	NaN	NaN	0.0	"2.5"	"F0034"	1	0	"PR"	438.843	"drain-di-1"	47.094	0	1	0	0.0	0.0	0.0	null	440.629	0.084
-9.9	0.03355	38437.5	2981.25	731.25	NaN	NaN	NaN	0	0	1	0	0	0	0	1	0	0	0	0	1	0	0	0	1	1	1	0	1	1	1	0	1	-119.0	0.113	0.131	NaN	NaN	0.269	0.291	NaN	NaN	8.07	10.185	NaN	NaN	0.0	"2.5"	"F0034"	1	0	"PR"	448.876	"drain-di-1"	57.127	0	1	0	0.0	0.0	0.0	null	450.662	0.086
-9.2	0.033275	37500.0	2981.25	487.5	NaN	NaN	NaN	0	0	1	0	0	0	0	1	0	0	0	0	1	0	0	0	1	1	1	0	1	1	1	0	1	-110.0	0.113	0.107	NaN	NaN	0.269	0.238	NaN	NaN	8.07	8.33	NaN	NaN	0.0	"2.5"	"F0034"	1	0	"PR"	458.916	"drain-di-1"	67.167	0	1	0	0.0	0.0	0.0	null	460.702	0.084
-9.5	0.033	35437.5	2981.25	253.125	NaN	NaN	NaN	0	0	1	0	0	0	0	1	0	0	0	0	1	0	0	0	1	1	1	0	1	1	1	0	1	-114.0	0.113	0.083	NaN	NaN	0.269	0.184	NaN	NaN	8.07	6.44	NaN	NaN	0.0	"2.5"	"F0034"	1	0	"PR"	468.948	"drain-di-1"	77.199	0	1	0	0.0	0.0	0.0	null	470.734	0.084
-9.4	0.033275	35062.5	2990.625	9.375	NaN	NaN	NaN	0	0	1	0	0	0	0	1	0	0	0	0	1	0	0	0	1	1	1	0	1	1	1	0	1	-113.0	0.114	0.059	NaN	NaN	0.271	0.131	NaN	NaN	8.13	4.585	NaN	NaN	0.0	"2.5"	"F0034"	1	0	"PR"	478.889	"drip-di-1"	2.92	0	1	0	0.0	0.0	0.0	null	480.675	0.085
-9.5	0.032725	34875.0	2981.25	-28.125	NaN	NaN	NaN	0	0	1	0	0	0	0	1	0	0	0	0	1	0	0	0	1	1	1	0	1	1	1	0	1	-114.0	0.113	0.055	NaN	NaN	0.269	0.122	NaN	NaN	8.07	4.27	NaN	NaN	0.0	"2.5"	"F0034"	1	0	"PR"	488.926	"drip-di-1"	12.957	0	1	0	0.0	0.0	0.0	null	490.712	0.081
11.9	0.033275	29625.0	2840.625	65.625	NaN	NaN	NaN	1	0	0	0	0	1	1	0	0	0	0	0	1	1	0	0	0	1	1	1	0	1	1	1	0	143.0	0.099	0.065	NaN	NaN	0.236	0.144	NaN	NaN	7.08	5.04	NaN	NaN	0.0	"2.5"	"F0034"	1	1	"PR"	498.925	"reverse-f"	7.791	0	1	0	0.0	0.0	0.0	null	500.711	0.083
12.4	0.034375	29250.0	2859.375	384.375	NaN	NaN	NaN	1	0	0	0	0	1	1	0	0	0	0	0	1	1	0	0	0	1	1	1	0	1	1	1	0	149.0	0.101	0.096	NaN	NaN	0.24	0.213	NaN	NaN	7.2	7.455	NaN	NaN	0.0	"2.5"	"F0034"	1	1	"PR"	508.965	"reverse-f"	17.831	0	1	0	0.0	0.0	0.0	null	510.751	0.086
14.4	0.0374	29625.0	2821.875	703.125	NaN	NaN	NaN	1	0	0	0	0	1	1	0	0	0	0	0	1	1	0	0	0	1	1	1	0	1	1	1	0	173.0	0.097	0.128	NaN	NaN	0.231	0.284	NaN	NaN	6.93	9.94	NaN	NaN	0.0	"2.5"	"F0034"	1	1	"PR"	519.003	"reverse-f"	27.869	0	1	0	0.0	0.0	0.0	null	520.789	0.085
10.6	0.038775	29437.5	2821.875	965.625	NaN	NaN	NaN	1	0	0	0	0	1	1	0	0	0	0	0	1	1	0	0	0	1	1	1	0	1	1	1	0	127.0	0.097	0.155	NaN	NaN	0.231	0.344	NaN	NaN	6.93	12.04	NaN	NaN	0.0	"2.5"	"F0034"	1	1	"PR"	529.044	"reverse-f"	37.91	0	1	0	0.0	0.0	0.0	null	530.83	0.086
12.0	0.041525	29250.0	2878.125	1256.25	NaN	NaN	NaN	1	0	0	0	0	1	1	0	0	0	0	0	1	1	0	0	0	1	1	1	0	1	1	1	0	144.0	0.103	0.184	NaN	NaN	0.245	0.409	NaN	NaN	7.35	14.315	NaN	NaN	0.0	"2.5"	"F0034"	1	1	"PR"	538.883	"reverse-f"	47.749	0	1	0	0.0	0.0	0.0	null	540.669	0.09
12.0	0.044	29437.5	2812.5	1556.25	NaN	NaN	NaN	1	0	0	0	0	1	1	0	0	0	0	0	1	1	0	0	0	1	1	1	0	1	1	1	0	144.0	0.096	0.214	NaN	NaN	0.229	0.476	NaN	NaN	6.87	16.66	NaN	NaN	0.0	"2.5"	"F0034"	1	1	"PR"	548.922	"reverse-f"	57.788	0	1	0	0.0	0.0	0.0	null	550.708	0.089
13.9	0.045925	30000.0	2831.25	1846.875	NaN	NaN	NaN	1	0	0	0	0	1	1	0	0	0	0	0	1	1	0	0	0	1	1	1	0	1	1	1	0	167.0	0.098	0.243	NaN	NaN	0.233	0.54	NaN	NaN	6.99	18.9	NaN	NaN	0.0	"2.5"	"F0034"	1	1	"PR"	558.96	"reverse-f"	67.826	0	1	0	0.0	0.0	0.0	null	560.746	0.09
13.0	0.047025	29250.0	2831.25	2118.75	NaN	NaN	NaN	1	0	0	0	0	1	1	0	0	0	0	0	1	1	0	0	0	1	1	1	0	1	1	1	0	156.0	0.098	0.27	NaN	NaN	0.233	0.6	NaN	NaN	6.99	21.0	NaN	NaN	0.0	"2.5"	"F0034"	1	1	"PR"	568.999	"reverse-f"	77.865	0	1	0	0.0	0.0	0.0	null	570.785	0.089
12.1	0.0484	30000.0	2831.25	2268.75	NaN	NaN	NaN	0	0	0	0	0	1	1	0	0	0	0	0	1	0	0	0	0	1	1	1	0	1	1	1	0	145.0	0.098	0.285	NaN	NaN	0.233	0.633	NaN	NaN	6.99	22.155	NaN	NaN	0.0	"2.5"	"F0034"	1	1	"PR"	578.94	"reverse"	87.806	0	1	0	0.0	0.0	0.0	null	580.726	0.088
12.4	0.05005	30000.0	2850.0	2268.75	NaN	NaN	NaN	0	0	0	0	0	1	1	0	0	0	0	0	1	0	0	0	0	1	1	1	0	1	1	1	0	149.0	0.1	0.285	NaN	NaN	0.238	0.633	NaN	NaN	7.14	22.155	NaN	NaN	0.0	"2.5"	"F0034"	1	1	"PR"	588.979	"reverse"	97.845	0	1	0	0.0	0.0	0.0	null	590.765	0.09
12.5	0.050875	30000.0	2821.875	2268.75	NaN	NaN	NaN	0	0	0	0	0	1	1	0	0	0	0	0	1	0	0	0	0	1	1	1	0	1	1	1	0	150.0	0.097	0.285	NaN	NaN	0.231	0.633	NaN	NaN	6.93	22.155	NaN	NaN	0.0	"2.5"	"F0034"	1	1	"PR"	599.017	"reverse"	107.883	0	1	0	0.0	0.0	0.0	null	600.803	0.09
12.9	0.050875	31125.0	2850.0	2278.125	NaN	NaN	NaN	0	0	0	0	0	1	1	0	0	0	0	0	1	0	0	0	0	1	1	1	0	1	1	1	0	155.0	0.1	0.286	NaN	NaN	0.238	0.636	NaN	NaN	7.14	22.26	NaN	NaN	0.0	"2.5"	"F0034"	1	1	"PR"	609.058	"reverse"	117.924	0	1	0	0.0	0.0	0.0	null	610.844	0.086
12.3	0.051975	29625.0	2831.25	2259.375	NaN	NaN	NaN	0	0	0	0	0	1	1	0	0	0	0	0	1	0	0	0	0	1	1	1	0	1	1	1	0	148.0	0.098	0.284	NaN	NaN	0.233	0.631	NaN	NaN	6.99	22.085	NaN	NaN	0.0	"2.5"	"F0034"	1	1	"PR"	619.101	"reverse"	127.967	0	1	0	0.0	0.0	0.0	null	620.887	0.091
12.4	0.0528	29625.0	2793.75	2259.375	NaN	NaN	NaN	0	0	0	0	0	1	1	0	0	0	0	0	1	0	0	0	0	1	1	1	0	1	1	1	0	149.0	0.094	0.284	NaN	NaN	0.224	0.631	NaN	NaN	6.72	22.085	NaN	NaN	0.0	"2.5"	"F0034"	1	1	"PR"	629.14	"reverse"	138.006	0	1	0	0.0	0.0	0.0	null	630.926	0.09
12.4	0.0528	30000.0	2859.375	2250.0	NaN	NaN	NaN	0	0	0	0	0	1	1	0	0	0	0	0	1	0	0	0	0	1	1	1	0	1	1	1	0	149.0	0.101	0.283	NaN	NaN	0.24	0.629	NaN	NaN	7.2	22.015	NaN	NaN	0.0	"2.5"	"F0034"	1	1	"PR"	638.981	"reverse"	147.847	0	1	0	0.0	0.0	0.0	null	640.767	0.091
2.5	0.053075	187.5	3009.375	2278.125	NaN	NaN	NaN	0	0	0	0	0	0	0	0	0	0	0	0	0	0	0	0	0	0	0	0	1	0	0	0	1	30.0	0.116	0.286	NaN	NaN	0.276	0.636	NaN	NaN	8.28	22.26	NaN	NaN	0.0	"2.5"	"F0034"	0	0	"PR"	649.109	"diffuse"	7.917	0	1	1	0.0	0.0	0.0	null	650.895	0.089
2.6	0.0528	1125.0	3018.75	2278.125	NaN	NaN	NaN	0	0	0	0	0	0	0	0	0	0	0	0	0	0	0	0	0	0	0	0	1	0	0	0	1	31.0	0.117	0.286	NaN	NaN	0.279	0.636	NaN	NaN	8.37	22.26	NaN	NaN	0.0	"2.5"	"F0034"	0	0	"PR"	659.151	"diffuse"	17.959	0	1	1	0.0	0.0	0.0	null	660.937	0.089
2.7	0.05225	187.5	3009.375	2278.125	NaN	NaN	NaN	0	0	0	0	0	0	0	0	0	0	0	0	0	0	0	0	0	0	0	0	1	0	0	0	1	32.0	0.116	0.286	NaN	NaN	0.276	0.636	NaN	NaN	8.28	22.26	NaN	NaN	0.0	"2.5"	"F0034"	0	0	"PR"	669.188	"diffuse"	27.996	0	1	1	0.0	0.0	0.0	null	670.974	0.091
11.7	0.05335	30750.0	2821.875	2268.75	NaN	NaN	NaN	0	0	0	0	0	1	1	0	0	0	0	0	1	0	0	0	0	1	1	1	0	1	1	1	0	140.0	0.097	0.285	NaN	NaN	0.231	0.633	NaN	NaN	6.93	22.155	NaN	NaN	0.0	"2.5"	"F0034"	1	1	"PR"	679.115	"wash-en"	7.918	0	1	1	0.0	0.0	0.0	null	680.901	0.09
12.6	0.05335	30375.0	2887.5	2259.375	NaN	NaN	NaN	0	0	0	0	0	1	1	0	0	0	0	0	1	0	0	0	0	1	1	1	0	1	1	1	0	151.0	0.104	0.284	NaN	NaN	0.248	0.631	NaN	NaN	7.44	22.085	NaN	NaN	0.0	"2.5"	"F0034"	1	1	"PR"	689.153	"wash-en"	17.956	0	1	1	0.0	0.0	0.0	null	690.939	0.089
1.8	0.053625	30000.0	2840.625	2287.5	NaN	NaN	NaN	0	0	0	0	0	1	1	0	0	0	0	0	1	0	0	0	0	0	0	0	1	0	0	0	1	22.0	0.099	0.287	NaN	NaN	0.236	0.638	NaN	NaN	7.08	22.33	NaN	NaN	0.0	"2.5"	"F0034"	0	0	"PR"	699.08	"wash-sc"	7.718	0	1	1	0.0	0.0	0.0	null	700.866	0.087
2.2	0.054175	1125.0	3000.0	2278.125	NaN	NaN	NaN	0	0	0	0	0	0	0	0	0	0	0	0	0	0	0	0	0	0	0	0	1	0	0	0	1	26.0	0.115	0.286	NaN	NaN	0.274	0.636	NaN	NaN	8.22	22.26	NaN	NaN	0.0	"2.5"	"F0034"	0	0	"PR"	709.12	"diffuse"	7.628	0	1	2	0.0	0.0	0.0	null	710.906	0.09
2.0	0.053625	1312.5	3028.125	2278.125	NaN	NaN	NaN	0	0	0	0	0	0	0	0	0	0	0	0	0	0	0	0	0	0	0	0	1	0	0	0	1	24.0	0.118	0.286	NaN	NaN	0.281	0.636	NaN	NaN	8.43	22.26	NaN	NaN	0.0	"2.5"	"F0034"	0	0	"PR"	719.158	"diffuse"	17.666	0	1	2	0.0	0.0	0.0	null	720.944	0.089
2.1	0.054175	750.0	3018.75	2278.125	NaN	NaN	NaN	0	0	0	0	0	0	0	0	0	0	0	0	0	0	0	0	0	0	0	0	1	0	0	0	1	25.0	0.117	0.286	NaN	NaN	0.279	0.636	NaN	NaN	8.37	22.26	NaN	NaN	0.0	"2.5"	"F0034"	0	0	"PR"	729.2	"diffuse"	27.708	0	1	2	0.0	0.0	0.0	null	730.986	0.092
11.7	0.053625	29250.0	2821.875	2268.75	NaN	NaN	NaN	0	0	0	0	0	1	1	0	0	0	0	0	1	0	0	0	0	1	1	1	0	1	1	1	0	140.0	0.097	0.285	NaN	NaN	0.231	0.633	NaN	NaN	6.93	22.155	NaN	NaN	0.0	"2.5"	"F0034"	1	1	"PR"	739.127	"wash-en"	7.519	0	1	2	0.0	0.0	0.0	null	740.913	0.083
12.9	0.05335	29437.5	2831.25	2296.875	NaN	NaN	NaN	0	0	0	0	0	1	1	0	0	0	0	0	1	0	0	0	0	1	1	1	0	1	1	1	0	155.0	0.098	0.288	NaN	NaN	0.233	0.64	NaN	NaN	6.99	22.4	NaN	NaN	0.0	"2.5"	"F0034"	1	1	"PR"	749.164	"wash-en"	17.556	0	1	2	0.0	0.0	0.0	null	750.95	0.086
1.1	0.0539	30562.5	2896.875	2278.125	NaN	NaN	NaN	0	0	0	0	0	1	1	0	0	0	0	0	1	0	0	0	0	0	0	0	1	0	0	0	1	13.0	0.105	0.286	NaN	NaN	0.25	0.636	NaN	NaN	7.5	22.26	NaN	NaN	0.0	"2.5"	"F0034"	0	0	"PR"	759.294	"wash-sc"	7.52	0	1	2	0.0	0.0	0.0	null	761.08	0.089
1.8	0.054175	1125.0	3009.375	2278.125	NaN	NaN	NaN	0	0	0	0	0	0	0	0	0	0	0	0	0	0	0	0	0	0	0	0	1	0	0	0	1	22.0	0.116	0.286	NaN	NaN	0.276	0.636	NaN	NaN	8.28	22.26	NaN	NaN	0.0	"2.5"	"F0034"	0	0	"PR"	769.132	"diffuse"	7.229	0	1	3	0.0	0.0	0.0	null	770.918	0.086
1.7	0.054175	937.5	3009.375	2250.0	NaN	NaN	NaN	0	0	0	0	0	0	0	0	0	0	0	0	0	0	0	0	0	0	0	0	1	0	0	0	1	20.0	0.116	0.283	NaN	NaN	0.276	0.629	NaN	NaN	8.28	22.015	NaN	NaN	0.0	"2.5"	"F0034"	0	0	"PR"	779.171	"diffuse"	17.268	0	1	3	0.0	0.0	0.0	null	780.957	0.086
1.8	0.054175	375.0	3000.0	2278.125	NaN	NaN	NaN	0	0	0	0	0	0	0	0	0	0	0	0	0	0	0	0	0	0	0	0	1	0	0	0	1	22.0	0.115	0.286	NaN	NaN	0.274	0.636	NaN	NaN	8.22	22.26	NaN	NaN	0.0	"2.5"	"F0034"	0	0	"PR"	789.21	"diffuse"	27.307	0	1	3	0.0	0.0	0.0	null	790.996	0.084
13.0	0.053625	30375.0	2840.625	2268.75	NaN	NaN	NaN	0	0	0	0	0	1	1	0	0	0	0	0	1	0	0	0	0	1	1	1	0	1	1	1	0	156.0	0.099	0.285	NaN	NaN	0.236	0.633	NaN	NaN	7.08	22.155	NaN	NaN	0.0	"2.5"	"F0034"	1	1	"PR"	799.336	"wash-en"	7.316	0	1	3	0.0	0.0	0.0	null	801.122	0.086
12.6	0.053625	30000.0	2850.0	2287.5	NaN	NaN	NaN	0	0	0	0	0	1	1	0	0	0	0	0	1	0	0	0	0	1	1	1	0	1	1	1	0	151.0	0.1	0.287	NaN	NaN	0.238	0.638	NaN	NaN	7.14	22.33	NaN	NaN	0.0	"2.5"	"F0034"	1	1	"PR"	809.179	"wash-en"	17.159	0	1	3	0.0	0.0	0.0	null	810.965	0.084
0.9	0.054175	30187.5	2793.75	2287.5	NaN	NaN	NaN	0	0	0	0	0	1	1	0	0	0	0	0	1	0	0	0	0	0	0	0	1	0	0	0	1	11.0	0.094	0.287	NaN	NaN	0.224	0.638	NaN	NaN	6.72	22.33	NaN	NaN	0.0	"2.5"	"F0034"	0	0	"PR"	819.31	"wash-sc"	7.118	0	1	3	0.0	0.0	0.0	null	821.096	0.085
1.4	0.05335	-562.5	3018.75	2278.125	NaN	NaN	NaN	0	0	0	0	0	0	0	0	0	0	0	0	0	0	0	0	0	0	0	0	1	0	0	0	1	17.0	0.117	0.286	NaN	NaN	0.279	0.636	NaN	NaN	8.37	22.26	NaN	NaN	0.0	"2.5"	"F0034"	0	0	"PR"	829.347	"diffuse"	7.026	0	1	4	0.0	0.0	0.0	null	831.133	0.087
1.3	0.053625	562.5	3000.0	2259.375	NaN	NaN	NaN	0	0	0	0	0	0	0	0	0	0	0	0	0	0	0	0	0	0	0	0	1	0	0	0	1	16.0	0.115	0.284	NaN	NaN	0.274	0.631	NaN	NaN	8.22	22.085	NaN	NaN	0.0	"2.5"	"F0034"	0	0	"PR"	839.186	"diffuse"	16.865	0	1	4	0.0	0.0	0.0	null	840.972	0.086
1.1	0.053075	1125.0	2981.25	2278.125	NaN	NaN	NaN	0	0	0	0	0	0	0	0	0	0	0	0	0	0	0	0	0	0	0	0	1	0	0	0	1	13.0	0.113	0.286	NaN	NaN	0.269	0.636	NaN	NaN	8.07	22.26	NaN	NaN	0.0	"2.5"	"F0034"	0	0	"PR"	849.222	"diffuse"	26.901	0	1	4	0.0	0.0	0.0	null	851.008	0.083
12.6	0.05335	29625.0	2859.375	2287.5	NaN	NaN	NaN	0	0	0	0	0	1	1	0	0	0	0	0	1	0	0	0	0	1	1	1	0	1	1	1	0	151.0	0.101	0.287	NaN	NaN	0.24	0.638	NaN	NaN	7.2	22.33	NaN	NaN	0.0	"2.5"	"F0034"	1	1	"PR"	859.352	"wash-en"	6.918	0	1	4	0.0	0.0	0.0	null	861.138	0.086
12.6	0.053075	29437.5	2803.125	2268.75	NaN	NaN	NaN	0	0	0	0	0	1	1	0	0	0	0	0	1	0	0	0	0	1	1	1	0	1	1	1	0	151.0	0.095	0.285	NaN	NaN	0.226	0.633	NaN	NaN	6.78	22.155	NaN	NaN	0.0	"2.5"	"F0034"	1	1	"PR"	869.396	"wash-en"	16.962	0	1	4	0.0	0.0	0.0	null	871.182	0.087
-1.0	0.05335	30000.0	2887.5	2278.125	NaN	NaN	NaN	0	0	0	0	0	1	1	0	0	0	0	0	1	0	0	0	0	0	0	0	1	0	0	0	1	-12.0	0.104	0.286	NaN	NaN	0.248	0.636	NaN	NaN	7.44	22.26	NaN	NaN	0.0	"2.5"	"F0034"	0	0	"PR"	879.32	"wash-sc"	6.713	0	1	4	0.0	0.0	0.0	null	881.106	0.084
0.8	0.053075	-1125.0	2568.75	2278.125	NaN	NaN	NaN	0	0	0	0	1	0	0	0	0	0	0	0	0	0	0	0	0	0	0	0	1	0	0	0	1	10.0	0.072	0.286	NaN	NaN	0.171	0.636	NaN	NaN	5.13	22.26	NaN	NaN	0.0	"2.5"	"F0034"	0	0	"PR"	889.357	"drain-rg"	6.625	0	1	4	0.0	0.0	0.0	null	891.143	0.083
0.9	0.053075	-1125.0	2240.625	2278.125	NaN	NaN	NaN	0	0	0	0	1	0	0	0	0	0	0	0	0	0	0	0	0	0	0	0	1	0	0	0	1	11.0	0.039	0.286	NaN	NaN	0.093	0.636	NaN	NaN	2.79	22.26	NaN	NaN	0.0	"2.5"	"F0034"	0	0	"PR"	899.398	"drain-rg"	16.666	0	1	4	0.0	0.0	0.0	null	901.184	0.089
0.7	0.053075	-562.5	1865.625	2278.125	NaN	NaN	NaN	0	0	0	0	1	0	0	0	0	0	0	0	0	0	0	0	0	0	0	0	1	0	0	0	1	8.0	0.002	0.286	NaN	NaN	0.005	0.636	NaN	NaN	0.15	22.26	NaN	NaN	0.0	"2.5"	"F0034"	0	0	"PR"	909.437	"drain-rg"	26.705	0	1	4	0.0	0.0	0.0	null	911.223	0.089
1.5	0.0528	-187.5	1218.75	2278.125	NaN	NaN	NaN	0	0	0	0	1	0	0	0	0	0	0	0	0	0	0	0	0	0	0	0	1	0	0	0	1	18.0	-0.063	0.286	NaN	NaN	-0.15	0.636	NaN	NaN	-4.5	22.26	NaN	NaN	0.0	"2.5"	"F0034"	0	0	"PR"	919.474	"drip-rg"	9.034	0	1	4	0.0	0.0	0.0	null	921.26	0.086
1.3	0.05335	30187.5	2296.875	2221.875	NaN	NaN	NaN	0	0	1	0	0	1	0	0	0	0	0	0	1	0	0	0	0	0	0	0	1	0	0	0	1	16.0	0.045	0.28	NaN	NaN	0.107	0.622	NaN	NaN	3.21	21.77	NaN	NaN	0.0	"2.5"	"F0034"	0	0	"FR"	3.033	"fill-rg-di"	2.833	1	1	0	927.484	0.0	0.0	null	931.141	0.083
1.3	0.0528	30750.0	2053.125	1978.125	NaN	NaN	NaN	0	0	1	0	0	1	0	0	0	0	0	0	1	0	0	0	0	0	0	0	1	0	0	0	1	16.0	0.02	0.256	NaN	NaN	0.048	0.569	NaN	NaN	1.44	19.915	NaN	NaN	0.0	"2.5"	"F0034"	0	0	"FR"	13.073	"fill-rg-di"	12.873	1	1	0	927.484	0.0	0.0	null	941.181	0.088
0.9	0.050875	30562.5	2371.875	1715.625	NaN	NaN	NaN	0	0	1	0	0	1	0	0	0	0	0	0	1	0	0	0	0	0	0	0	1	0	0	0	1	11.0	0.052	0.23	NaN	NaN	0.124	0.511	NaN	NaN	3.72	17.885	NaN	NaN	0.0	"2.5"	"F0034"	0	0	"FR"	23.113	"fill-rg-di"	22.913	1	1	0	927.484	0.0	0.0	null	951.221	0.083
1.0	0.05005	29812.5	2690.625	1462.5	NaN	NaN	NaN	0	0	1	0	0	1	0	0	0	0	0	0	1	0	0	0	0	0	0	0	1	0	0	0	1	12.0	0.084	0.204	NaN	NaN	0.2	0.453	NaN	NaN	6.0	15.855	NaN	NaN	0.0	"2.5"	"F0034"	0	0	"FR"	33.148	"fill-rg-di"	32.948	1	1	0	927.484	0.0	0.0	null	961.256	0.086
1.3	0.048125	30000.0	2981.25	1228.125	NaN	NaN	NaN	0	0	1	0	0	1	0	0	0	0	0	0	1	0	0	0	0	0	0	0	1	0	0	0	1	16.0	0.113	0.181	NaN	NaN	0.269	0.402	NaN	NaN	8.07	14.07	NaN	NaN	0.0	"2.5"	"F0034"	0	0	"FR"	43.192	"fill-rg-di"	42.992	1	1	0	927.484	0.0	0.0	null	971.3	0.086
0.6	0.0473	30000.0	3271.875	975.0	NaN	NaN	NaN	0	0	0	0	0	1	1	0	0	0	0	0	1	0	0	0	0	0	0	0	1	0	0	0	1	7.0	0.142	0.155	NaN	NaN	0.338	0.344	NaN	NaN	10.14	12.04	NaN	NaN	0.0	"2.5"	"F0034"	0	0	"FR"	53.031	"wash-rg"	0.2	1	1	0	927.484	0.0	0.0	null	981.139	0.087
1.0	0.0473	-2250.0	2690.625	956.25	NaN	NaN	NaN	0	0	0	0	1	0	0	0	0	0	0	0	0	0	0	0	0	0	0	0	1	0	0	0	1	12.0	0.084	0.154	NaN	NaN	0.2	0.342	NaN	NaN	6.0	11.97	NaN	NaN	0.0	"2.5"	"F0034"	0	0	"FR"	63.073	"drain-rg"	10.042	1	1	0	927.484	0.0	0.0	null	991.181	0.086
1.8	0.0473	-3562.5	2381.25	965.625	NaN	NaN	NaN	0	0	0	0	1	0	0	0	0	0	0	0	0	0	0	0	0	0	0	0	1	0	0	0	1	22.0	0.053	0.155	NaN	NaN	0.126	0.344	NaN	NaN	3.78	12.04	NaN	NaN	0.0	"2.5"	"F0034"	0	0	"FR"	73.112	"drain-rg"	20.081	1	1	0	927.484	0.0	0.0	null	1001.22	0.083
1.9	0.0473	-3562.5	1996.875	984.375	NaN	NaN	NaN	0	0	0	0	1	0	0	0	0	0	0	0	0	0	0	0	0	0	0	0	1	0	0	0	1	23.0	0.015	0.156	NaN	NaN	0.036	0.347	NaN	NaN	1.08	12.145	NaN	NaN	0.0	"2.5"	"F0034"	0	0	"FR"	83.149	"drain-rg"	30.118	1	1	0	927.484	0.0	0.0	null	1011.257	0.086
1.8	0.047575	-3750.0	1575.0	956.25	NaN	NaN	NaN	0	0	0	0	1	0	0	0	0	0	0	0	0	0	0	0	0	0	0	0	1	0	0	0	1	22.0	-0.027	0.154	NaN	NaN	-0.064	0.342	NaN	NaN	-1.92	11.97	NaN	NaN	0.0	"2.5"	"F0034"	0	0	"FR"	93.19	"drip-rg"	5.824	1	1	0	927.484	0.0	0.0	null	1021.298	0.084
2.0	0.0473	-6000.0	0.0	975.0	NaN	NaN	NaN	0	0	0	0	0	0	0	0	0	0	0	0	0	0	0	0	0	0	0	0	1	0	0	0	1	24.0	-0.185	0.155	NaN	NaN	-0.44	0.344	NaN	NaN	-13.2	12.04	NaN	NaN	0.0	"2.5"	"F0034"	0	0	"ID"	0.622	"sby"	0.201	1	0	0	927.484	0.0	1030.731	null	1031.353	0.085
1.0	0.0473	29812.5	1903.125	740.625	NaN	NaN	NaN	0	0	1	0	0	1	0	0	0	0	0	0	1	0	0	0	0	0	0	0	1	0	0	0	1	12.0	0.005	0.132	NaN	NaN	0.012	0.293	NaN	NaN	0.36	10.255	NaN	NaN	0.0	"2.5"	"F0034"	0	0	"PR"	9.855	"fill-rg-di"	9.654	1	0	0	927.484	0.0	1030.731	null	1041.208	0.09
0.7	0.04565	30375.0	2240.625	487.5	NaN	NaN	NaN	0	0	1	0	0	1	0	0	0	0	0	0	1	0	0	0	0	0	0	0	1	0	0	0	1	8.0	0.039	0.107	NaN	NaN	0.093	0.238	NaN	NaN	2.79	8.33	NaN	NaN	0.0	"2.5"	"F0034"	0	0	"PR"	19.886	"fill-rg-di"	19.685	1	0	0	927.484	0.0	1030.731	null	1051.239	0.09
1.3	0.04565	28687.5	2550.0	253.125	NaN	NaN	NaN	0	0	1	0	0	1	0	0	0	0	0	0	1	0	0	0	0	0	0	0	1	0	0	0	1	16.0	0.07	0.083	NaN	NaN	0.167	0.184	NaN	NaN	5.01	6.44	NaN	NaN	0.0	"2.5"	"F0034"	0	0	"PR"	29.92	"fill-rg-di"	29.719	1	0	0	927.484	0.0	1030.731	null	1061.273	0.084
1.1	0.04455	2250.0	2793.75	187.5	NaN	NaN	NaN	1	0	0	0	0	0	0	0	0	0	0	0	0	1	0	0	0	0	0	0	1	0	0	0	1	13.0	0.094	0.077	NaN	NaN	0.224	0.171	NaN	NaN	6.72	5.985	NaN	NaN	0.0	"2.5"	"F0034"	0	0	"PR"	39.954	"fill-di-lb"	3.612	1	0	0	927.484	0.0	1030.731	null	1071.307	0.085
0.6	0.0451	3000.0	2746.875	450.0	NaN	NaN	NaN	1	0	0	0	0	0	0	0	0	0	0	0	0	1	0	0	0	0	0	0	1	0	0	0	1	7.0	0.09	0.103	NaN	NaN	0.214	0.229	NaN	NaN	6.42	8.015	NaN	NaN	0.0	"2.5"	"F0034"	0	0	"PR"	49.989	"fill-di-lb"	13.647	1	0	0	927.484	0.0	1030.731	null	1081.342	0.083
0.5	0.0451	2812.5	2746.875	759.375	NaN	NaN	NaN	1	0	0	0	0	0	0	0	0	0	0	0	0	1	0	0	0	0	0	0	1	0	0	0	1	6.0	0.09	0.134	NaN	NaN	0.214	0.298	NaN	NaN	6.42	10.43	NaN	NaN	0.0	"2.5"	"F0034"	0	0	"PR"	60.029	"fill-di-lb"	23.687	1	0	0	927.484	0.0	1030.731	null	1091.382	0.088
0.8	0.0451	2250.0	2737.5	1068.75	NaN	NaN	NaN	1	0	0	0	0	0	0	0	0	0	0	0	0	1	0	0	0	0	0	0	1	0	0	0	1	10.0	0.089	0.165	NaN	NaN	0.212	0.367	NaN	NaN	6.36	12.845	NaN	NaN	0.0	"2.5"	"F0034"	0	0	"PR"	70.066	"fill-di-lb"	33.724	1	0	0	927.484	0.0	1030.731	null	1101.419	0.085
1.3	0.0451	2062.5	2756.25	1359.375	NaN	NaN	NaN	1	0	0	0	0	0	0	0	0	0	0	0	0	1	0	0	0	0	0	0	1	0	0	0	1	16.0	0.091	0.194	NaN	NaN	0.217	0.431	NaN	NaN	6.51	15.085	NaN	NaN	0.0	"2.5"	"F0034"	0	0	"PR"	80.106	"fill-di-lb"	43.764	1	0	0	927.484	0.0	1030.731	null	1111.459	0.083
1.3	0.0451	1125.0	2746.875	1631.25	NaN	NaN	NaN	1	0	0	0	0	0	0	0	0	0	0	0	0	1	0	0	0	0	0	0	1	0	0	0	1	16.0	0.09	0.221	NaN	NaN	0.214	0.491	NaN	NaN	6.42	17.185	NaN	NaN	0.0	"2.5"	"F0034"	0	0	"PR"	89.944	"fill-di-lb"	53.602	1	0	0	927.484	0.0	1030.731	null	1121.297	0.09
1.3	0.0451	1687.5	2756.25	1921.875	NaN	NaN	NaN	1	0	0	0	0	0	0	0	0	0	0	0	0	1	0	0	0	0	0	0	1	0	0	0	1	16.0	0.091	0.25	NaN	NaN	0.217	0.556	NaN	NaN	6.51	19.46	NaN	NaN	0.0	"2.5"	"F0034"	0	0	"PR"	99.986	"fill-di-lb"	63.644	1	0	0	927.484	0.0	1030.731	null	1131.339	0.089
1.3	0.045375	2437.5	2746.875	2212.5	NaN	NaN	NaN	1	0	0	0	0	0	0	0	0	0	0	0	0	1	0	0	0	0	0	0	1	0	0	0	1	16.0	0.09	0.279	NaN	NaN	0.214	0.62	NaN	NaN	6.42	21.7	NaN	NaN	0.0	"2.5"	"F0034"	0	0	"PR"	110.027	"fill-di-lb"	73.685	1	0	0	927.484	0.0	1030.731	null	1141.38	0.091
0.8	0.045375	2250.0	2971.875	2137.5	NaN	NaN	NaN	1	0	0	0	0	0	0	0	0	0	0	0	0	1	0	0	0	0	0	0	1	0	0	0	1	10.0	0.112	0.272	NaN	NaN	0.267	0.604	NaN	NaN	8.01	21.14	NaN	NaN	0.0	"2.5"	"F0034"	0	0	"PR"	120.062	"fill-di"	1.405	1	0	0	927.484	0.0	1030.731	null	1151.415	0.09
12.2	0.044275	32250.0	2962.5	2578.125	NaN	NaN	NaN	0	1	1	0	0	0	0	0	0	0	0	0	1	0	0	0	0	1	1	1	0	1	1	1	0	146.0	0.111	0.316	NaN	NaN	0.264	0.702	NaN	NaN	7.92	24.57	NaN	NaN	0.0	"2.5"	"F0034"	1	1	"PR"	130.102	"deionize"	5.624	1	1	0	927.484	0.0	1030.731	null	1161.455	0.09
12.5	0.044	33187.5	2981.25	2531.25	NaN	NaN	NaN	0	1	1	0	0	0	0	0	0	0	0	0	1	0	0	0	0	1	1	1	0	1	1	1	0	150.0	0.113	0.311	NaN	NaN	0.269	0.691	NaN	NaN	8.07	24.185	NaN	NaN	0.0	"2.5"	"F0034"	1	1	"PR"	140.146	"deionize"	15.668	1	1	0	927.484	0.0	1030.731	null	1171.499	0.087
12.3	0.044	33000.0	2943.75	2578.125	NaN	NaN	NaN	0	1	1	0	0	0	0	0	0	0	0	0	1	0	0	0	0	1	1	1	0	1	1	1	0	148.0	0.109	0.316	NaN	NaN	0.26	0.702	NaN	NaN	7.8	24.57	NaN	NaN	0.0	"2.5"	"F0034"	1	1	"PR"	150.179	"deionize"	25.701	1	1	0	927.484	0.0	1030.731	null	1181.532	0.084
12.7	0.0418	31875.0	2962.5	2475.0	NaN	NaN	NaN	0	1	1	0	0	0	0	0	0	0	0	0	1	0	0	0	0	1	1	1	0	1	1	1	0	152.0	0.111	0.305	NaN	NaN	0.264	0.678	NaN	NaN	7.92	23.73	NaN	NaN	0.0	"2.5"	"F0034"	1	1	"PR"	160.216	"deionize"	35.738	1	1	0	927.484	0.0	1030.731	null	1191.569	0.084
12.2	0.04125	32625.0	2962.5	2512.5	NaN	NaN	NaN	0	1	1	0	0	0	0	0	0	0	0	0	1	0	0	0	0	1	1	1	0	1	1	1	0	146.0	0.111	0.309	NaN	NaN	0.264	0.687	NaN	NaN	7.92	24.045	NaN	NaN	0.0	"2.5"	"F0034"	1	1	"PR"	170.054	"deionize"	45.576	1	1	0	927.484	0.0	1030.731	null	1201.407	0.09
12.7	0.040425	34687.5	2971.875	2550.0	NaN	NaN	NaN	0	1	1	0	0	0	0	0	0	0	0	0	1	0	0	0	0	1	1	1	0	1	1	1	0	152.0	0.112	0.313	NaN	NaN	0.267	0.696	NaN	NaN	8.01	24.36	NaN	NaN	0.0	"2.5"	"F0034"	1	1	"PR"	180.089	"deionize"	55.611	1	1	0	927.484	0.0	1030.731	null	1211.442	0.087
9.7	0.038775	34312.5	2962.5	2493.75	NaN	NaN	NaN	0	1	1	0	0	0	0	0	0	0	0	0	1	0	0	0	0	1	1	1	0	1	1	1	0	116.0	0.111	0.307	NaN	NaN	0.264	0.682	NaN	NaN	7.92	23.87	NaN	NaN	0.0	"2.5"	"F0034"	1	1	"PR"	190.128	"deionize"	65.65	1	1	0	927.484	0.0	1030.731	null	1221.481	0.091
12.1	0.0385	32250.0	2981.25	2550.0	NaN	NaN	NaN	0	1	1	0	0	0	0	0	0	0	0	0	1	0	0	0	0	1	1	1	0	1	1	1	0	145.0	0.113	0.313	NaN	NaN	0.269	0.696	NaN	NaN	8.07	24.36	NaN	NaN	0.0	"2.5"	"F0034"	1	1	"PR"	200.164	"deionize"	75.686	1	1	0	927.484	0.0	1030.731	null	1231.517	0.09
12.4	0.03795	33937.5	2971.875	2493.75	NaN	NaN	NaN	0	1	1	0	0	0	0	0	0	0	0	0	1	0	0	0	0	1	1	1	0	1	1	1	0	149.0	0.112	0.307	NaN	NaN	0.267	0.682	NaN	NaN	8.01	23.87	NaN	NaN	0.0	"2.5"	"F0034"	1	1	"PR"	210.197	"deionize"	85.719	1	1	0	927.484	0.0	1030.731	null	1241.55	0.09
11.9	0.037125	33937.5	2981.25	2493.75	NaN	NaN	NaN	0	1	1	0	0	0	0	0	0	0	0	0	1	0	0	0	0	1	1	1	0	1	1	1	0	143.0	0.113	0.307	NaN	NaN	0.269	0.682	NaN	NaN	8.07	23.87	NaN	NaN	0.0	"2.5"	"F0034"	1	1	"PR"	220.235	"deionize"	95.757	1	1	0	927.484	0.0	1030.731	null	1251.588	0.089
12.0	0.036575	34687.5	2962.5	2550.0	NaN	NaN	NaN	0	1	1	0	0	0	0	0	0	0	0	0	1	0	0	0	0	1	1	1	0	1	1	1	0	144.0	0.111	0.313	NaN	NaN	0.264	0.696	NaN	NaN	7.92	24.36	NaN	NaN	0.0	"2.5"	"F0034"	1	1	"PR"	230.271	"deionize"	105.793	1	1	0	927.484	0.0	1030.731	null	1261.624	0.088
12.2	0.03575	32812.5	2981.25	2521.875	NaN	NaN	NaN	0	1	1	0	0	0	0	0	0	0	0	0	1	0	0	0	0	1	1	1	0	1	1	1	0	146.0	0.113	0.31	NaN	NaN	0.269	0.689	NaN	NaN	8.07	24.115	NaN	NaN	0.0	"2.5"	"F0034"	1	1	"PR"	240.102	"deionize"	115.624	1	1	0	927.484	0.0	1030.731	null	1271.455	0.087
12.5	0.034925	31687.5	2981.25	2550.0	NaN	NaN	NaN	0	1	1	0	0	0	0	0	0	0	0	0	1	0	0	0	0	1	1	1	0	1	1	1	0	150.0	0.113	0.313	NaN	NaN	0.269	0.696	NaN	NaN	8.07	24.36	NaN	NaN	0.0	"2.5"	"F0034"	1	1	"PR"	250.143	"deionize"	125.665	1	1	0	927.484	0.0	1030.731	null	1281.496	0.087
11.5	0.0352	33375.0	2981.25	2512.5	NaN	NaN	NaN	0	1	1	0	0	0	0	0	0	0	0	0	1	0	0	0	0	1	1	1	0	1	1	1	0	138.0	0.113	0.309	NaN	NaN	0.269	0.687	NaN	NaN	8.07	24.045	NaN	NaN	0.0	"2.5"	"F0034"	1	1	"PR"	260.177	"deionize"	135.699	1	1	0	927.484	0.0	1030.731	null	1291.53	0.091
11.9	0.034375	34125.0	2971.875	2521.875	NaN	NaN	NaN	0	1	1	0	0	0	0	0	0	0	0	0	1	0	0	0	0	1	1	1	0	1	1	1	0	143.0	0.112	0.31	NaN	NaN	0.267	0.689	NaN	NaN	8.01	24.115	NaN	NaN	0.0	"2.5"	"F0034"	1	1	"PR"	270.213	"deionize"	145.735	1	1	0	927.484	0.0	1030.731	null	1301.566	0.087
12.6	0.034375	35062.5	3000.0	2559.375	NaN	NaN	NaN	0	1	1	0	0	0	0	0	0	0	0	0	1	0	0	0	0	1	1	1	0	1	1	1	0	151.0	0.115	0.314	NaN	NaN	0.274	0.698	NaN	NaN	8.22	24.43	NaN	NaN	0.0	"2.5"	"F0034"	1	1	"PR"	280.249	"deionize"	155.771	1	1	0	927.484	0.0	1030.731	null	1311.602	0.091
12.0	0.033275	32062.5	2971.875	2465.625	NaN	NaN	NaN	0	1	1	0	0	0	0	0	0	0	0	0	1	0	0	0	0	1	1	1	0	1	1	1	0	144.0	0.112	0.305	NaN	NaN	0.267	0.678	NaN	NaN	8.01	23.73	NaN	NaN	0.0	"2.5"	"F0034"	1	1	"PR"	290.282	"deionize"	165.804	1	1	0	927.484	0.0	1030.731	null	1321.635	0.088
12.3	0.032725	32812.5	2962.5	2512.5	NaN	NaN	NaN	0	1	1	0	0	0	0	0	0	0	0	0	1	0	0	0	0	1	1	1	0	1	1	1	0	148.0	0.111	0.309	NaN	NaN	0.264	0.687	NaN	NaN	7.92	24.045	NaN	NaN	0.0	"2.5"	"F0034"	1	1	"PR"	300.319	"deionize"	175.841	1	1	0	927.484	0.0	1030.731	null	1331.672	0.089
12.8	0.032725	33187.5	2971.875	2493.75	NaN	NaN	NaN	0	1	1	0	0	0	0	0	0	0	0	0	1	0	0	0	0	1	1	1	0	1	1	1	0	154.0	0.112	0.307	NaN	NaN	0.267	0.682	NaN	NaN	8.01	23.87	NaN	NaN	0.0	"2.5"	"F0034"	1	1	"PR"	310.355	"deionize"	185.877	1	1	0	927.484	0.0	1030.731	null	1341.708	0.09
12.4	0.0319	31500.0	2990.625	2428.125	NaN	NaN	NaN	0	1	1	0	0	0	0	0	0	0	0	0	1	0	0	0	0	1	1	1	0	1	1	1	0	149.0	0.114	0.301	NaN	NaN	0.271	0.669	NaN	NaN	8.13	23.415	NaN	NaN	0.0	"2.5"	"F0034"	1	1	"PR"	320.382	"deionize"	195.904	1	1	0	927.484	0.0	1030.731	null	1351.735	0.09
12.2	0.0319	34312.5	2990.625	2446.875	NaN	NaN	NaN	0	1	1	0	0	0	0	0	0	0	0	0	1	0	0	0	0	1	1	1	0	1	1	1	0	146.0	0.114	0.303	NaN	NaN	0.271	0.673	NaN	NaN	8.13	23.555	NaN	NaN	0.0	"2.5"	"F0034"	1	1	"PR"	330.215	"deionize"	205.737	1	1	0	927.484	0.0	1030.731	null	1361.568	0.087
11.9	0.03135	34312.5	2971.875	2400.0	NaN	NaN	NaN	0	1	1	0	0	0	0	0	0	0	0	0	1	0	0	0	0	1	1	1	0	1	1	1	0	143.0	0.112	0.298	NaN	NaN	0.267	0.662	NaN	NaN	8.01	23.17	NaN	NaN	0.0	"2.5"	"F0034"	1	1	"PR"	340.254	"deionize"	215.776	1	1	0	927.484	0.0	1030.731	null	1371.607	0.087
12.3	0.031075	33750.0	2971.875	2437.5	NaN	NaN	NaN	0	1	1	0	0	0	0	0	0	0	0	0	1	0	0	0	0	1	1	1	0	1	1	1	0	148.0	0.112	0.302	NaN	NaN	0.267	0.671	NaN	NaN	8.01	23.485	NaN	NaN	0.0	"2.5"	"F0034"	1	1	"PR"	350.285	"deionize"	225.807	1	1	0	927.484	0.0	1030.731	null	1381.638	0.086
11.9	0.03025	31312.5	2971.875	2362.5	NaN	NaN	NaN	0	1	1	0	0	0	0	0	0	0	0	0	1	0	0	0	0	1	1	1	0	1	1	1	0	143.0	0.112	0.294	NaN	NaN	0.267	0.653	NaN	NaN	8.01	22.855	NaN	NaN	0.0	"2.5"	"F0034"	1	1	"PR"	360.322	"deionize"	235.844	1	1	0	927.484	0.0	1030.731	null	1391.675	0.088
11.9	0.030525	34312.5	2962.5	2446.875	NaN	NaN	NaN	0	1	1	0	0	0	0	0	0	0	0	0	1	0	0	0	1	1	1	1	0	1	1	1	0	143.0	0.111	0.303	NaN	NaN	0.264	0.673	NaN	NaN	7.92	23.555	NaN	NaN	0.0	"2.5"	"F0034"	1	1	"PR"	370.272	"deionize-uv"	5.733	1	1	0	927.484	0.0	1030.731	null	1401.625	0.083
11.6	0.029425	34125.0	2962.5	2400.0	NaN	NaN	NaN	0	1	1	0	0	0	0	0	0	0	0	0	1	0	0	0	1	1	1	1	0	1	1	1	0	139.0	0.111	0.298	NaN	NaN	0.264	0.662	NaN	NaN	7.92	23.17	NaN	NaN	0.0	"2.5"	"F0034"	1	1	"PR"	380.315	"deionize-uv"	15.776	1	1	0	927.484	0.0	1030.731	null	1411.668	0.086
11.4	0.02915	35625.0	2971.875	2400.0	NaN	NaN	NaN	0	1	1	0	0	0	0	0	0	0	0	0	1	0	0	0	1	1	1	1	0	1	1	1	0	137.0	0.112	0.298	NaN	NaN	0.267	0.662	NaN	NaN	8.01	23.17	NaN	NaN	0.0	"2.5"	"F0034"	1	1	"PR"	390.349	"deionize-uv"	25.81	1	1	0	927.484	0.0	1030.731	null	1421.702	0.086
11.5	0.0286	34687.5	2981.25	2475.0	NaN	NaN	NaN	0	1	1	0	0	0	0	0	0	0	0	0	1	0	0	0	1	1	1	1	0	1	1	1	0	138.0	0.113	0.305	NaN	NaN	0.269	0.678	NaN	NaN	8.07	23.73	NaN	NaN	0.0	"2.5"	"F0034"	1	1	"PR"	400.388	"deionize-uv"	35.849	1	1	0	927.484	0.0	1030.731	null	1431.741	0.086
11.6	0.028325	34312.5	2953.125	2446.875	NaN	NaN	NaN	0	1	1	0	0	0	0	0	0	0	0	0	1	0	0	0	1	1	1	1	0	1	1	1	0	139.0	0.11	0.303	NaN	NaN	0.262	0.673	NaN	NaN	7.86	23.555	NaN	NaN	0.0	"2.5"	"F0034"	1	1	"PR"	410.428	"deionize-uv"	45.889	1	1	0	927.484	0.0	1030.731	null	1441.781	0.087
11.3	0.02805	32625.0	2971.875	2418.75	NaN	NaN	NaN	0	1	1	0	0	0	0	0	0	0	0	0	1	0	0	0	1	1	1	1	0	1	1	1	0	136.0	0.112	0.3	NaN	NaN	0.267	0.667	NaN	NaN	8.01	23.345	NaN	NaN	0.0	"2.5"	"F0034"	1	1	"PR"	420.463	"deionize-uv"	55.924	1	1	0	927.484	0.0	1030.731	null	1451.816	0.086
10.4	0.0275	32250.0	2962.5	2409.375	NaN	NaN	NaN	0	1	1	0	0	0	0	0	0	0	0	0	1	0	0	0	1	1	1	1	0	1	1	1	0	125.0	0.111	0.299	NaN	NaN	0.264	0.664	NaN	NaN	7.92	23.24	NaN	NaN	0.0	"2.5"	"F0034"	1	1	"PR"	430.502	"deionize-uv"	65.963	1	1	0	927.484	0.0	1030.731	null	1461.855	0.09
11.1	0.0275	35062.5	2962.5	2428.125	NaN	NaN	NaN	0	1	1	0	0	0	0	0	0	0	0	0	1	0	0	0	1	1	1	1	0	1	1	1	0	133.0	0.111	0.301	NaN	NaN	0.264	0.669	NaN	NaN	7.92	23.415	NaN	NaN	0.0	"2.5"	"F0034"	1	1	"PR"	440.346	"deionize-uv"	75.807	1	1	0	927.484	0.0	1030.731	null	1471.699	0.084
8.9	0.02695	33000.0	2962.5	2390.625	NaN	NaN	NaN	0	1	1	0	0	0	0	0	0	0	0	0	1	0	0	0	1	1	1	1	0	1	1	1	0	107.0	0.111	0.297	NaN	NaN	0.264	0.66	NaN	NaN	7.92	23.1	NaN	NaN	0.0	"2.5"	"F0034"	1	1	"PR"	450.385	"deionize-uv"	85.846	1	1	0	927.484	0.0	1030.731	null	1481.738	0.083
11.4	0.026675	33750.0	2971.875	2400.0	NaN	NaN	NaN	0	1	1	0	0	0	0	0	0	0	0	0	1	0	0	0	1	1	1	1	0	1	1	1	0	137.0	0.112	0.298	NaN	NaN	0.267	0.662	NaN	NaN	8.01	23.17	NaN	NaN	0.0	"2.5"	"F0034"	1	1	"PR"	460.425	"deionize-uv"	95.886	1	1	0	927.484	0.0	1030.731	null	1491.778	0.088
10.4	0.026125	31500.0	2971.875	2418.75	NaN	NaN	NaN	0	1	1	0	0	0	0	0	0	0	0	0	1	0	0	0	1	1	1	1	0	1	1	1	0	125.0	0.112	0.3	NaN	NaN	0.267	0.667	NaN	NaN	8.01	23.345	NaN	NaN	0.0	"2.5"	"F0034"	1	1	"PR"	470.462	"deionize-uv"	105.923	1	1	0	927.484	0.0	1030.731	null	1501.815	0.083
9.8	0.026125	31312.5	2971.875	2418.75	NaN	NaN	NaN	0	1	1	0	0	0	0	0	0	0	0	0	1	0	0	0	1	1	1	1	0	1	1	1	0	118.0	0.112	0.3	NaN	NaN	0.267	0.667	NaN	NaN	8.01	23.345	NaN	NaN	0.0	"2.5"	"F0034"	1	1	"PR"	480.503	"deionize-uv"	115.964	1	1	0	927.484	0.0	1030.731	null	1511.856	0.086
10.3	0.025575	34687.5	2971.875	2006.25	NaN	NaN	NaN	0	0	1	0	0	0	0	1	0	0	0	0	1	0	0	0	1	1	1	1	0	1	1	1	0	124.0	0.112	0.259	NaN	NaN	0.267	0.576	NaN	NaN	8.01	20.16	NaN	NaN	0.0	"2.5"	"F0034"	1	1	"PR"	490.464	"drain-di-1"	5.744	1	1	0	927.484	0.0	1030.731	null	1521.817	0.084
9.7	0.0253	37312.5	2971.875	1762.5	NaN	NaN	NaN	0	0	1	0	0	0	0	1	0	0	0	0	1	0	0	0	1	1	1	1	0	1	1	1	0	116.0	0.112	0.234	NaN	NaN	0.267	0.52	NaN	NaN	8.01	18.2	NaN	NaN	0.0	"2.5"	"F0034"	1	1	"PR"	500.495	"drain-di-1"	15.775	1	1	0	927.484	0.0	1030.731	null	1531.848	0.084
10.1	0.025575	38062.5	2971.875	1500.0	NaN	NaN	NaN	0	0	1	0	0	0	0	1	0	0	0	0	1	0	0	0	1	1	1	1	0	1	1	1	0	121.0	0.112	0.208	NaN	NaN	0.267	0.462	NaN	NaN	8.01	16.17	NaN	NaN	0.0	"2.5"	"F0034"	1	1	"PR"	510.532	"drain-di-1"	25.812	1	1	0	927.484	0.0	1030.731	null	1541.885	0.086
9.7	0.0253	37125.0	2962.5	1228.125	NaN	NaN	NaN	0	0	1	0	0	0	0	1	0	0	0	0	1	0	0	0	1	1	1	1	0	1	1	1	0	116.0	0.111	0.181	NaN	NaN	0.264	0.402	NaN	NaN	7.92	14.07	NaN	NaN	0.0	"2.5"	"F0034"	1	1	"PR"	520.566	"drain-di-1"	35.846	1	1	0	927.484	0.0	1030.731	null	1551.919	0.087
9.8	0.0253	37875.0	2962.5	1040.625	NaN	NaN	NaN	0	0	1	0	0	0	0	1	0	0	0	0	1	0	0	0	1	1	1	1	0	1	1	1	0	118.0	0.111	0.162	NaN	NaN	0.264	0.36	NaN	NaN	7.92	12.6	NaN	NaN	0.0	"2.5"	"F0034"	1	1	"PR"	530.607	"drain-di-1"	45.887	1	1	0	927.484	0.0	1030.731	null	1561.96	0.087
8.9	0.025025	36187.5	2962.5	796.875	NaN	NaN	NaN	0	0	1	0	0	0	0	1	0	0	0	0	1	0	0	0	1	1	1	1	0	1	1	1	0	107.0	0.111	0.138	NaN	NaN	0.264	0.307	NaN	NaN	7.92	10.745	NaN	NaN	0.0	"2.5"	"F0034"	1	1	"PR"	540.446	"drain-di-1"	55.726	1	1	0	927.484	0.0	1030.731	null	1571.799	0.084
8.7	0.0242	36750.0	2971.875	543.75	NaN	NaN	NaN	0	0	1	0	0	0	0	1	0	0	0	0	1	0	0	0	1	1	1	1	0	1	1	1	0	104.0	0.112	0.112	NaN	NaN	0.267	0.249	NaN	NaN	8.01	8.715	NaN	NaN	0.0	"2.5"	"F0034"	1	1	"PR"	550.478	"drain-di-1"	65.758	1	1	0	927.484	0.0	1030.731	null	1581.831	0.084
9.2	0.024475	37687.5	2953.125	300.0	NaN	NaN	NaN	0	0	1	0	0	0	0	1	0	0	0	0	1	0	0	0	1	1	1	1	0	1	1	1	0	110.0	0.11	0.088	NaN	NaN	0.262	0.196	NaN	NaN	7.86	6.86	NaN	NaN	0.0	"2.5"	"F0034"	1	1	"PR"	560.512	"drain-di-1"	75.792	1	1	0	927.484	0.0	1030.731	null	1591.865	0.084
10.0	0.02475	38250.0	2953.125	18.75	NaN	NaN	NaN	0	0	1	0	0	0	0	1	0	0	0	0	1	0	0	0	1	1	1	1	0	1	1	1	0	120.0	0.11	0.06	NaN	NaN	0.262	0.133	NaN	NaN	7.86	4.655	NaN	NaN	0.0	"2.5"	"F0034"	1	1	"PR"	570.549	"drip-di-1"	0.201	1	1	0	927.484	0.0	1030.731	null	1601.902	0.092
9.3	0.0242	36750.0	2953.125	-18.75	NaN	NaN	NaN	0	0	1	0	0	0	0	1	0	0	0	0	1	0	0	0	1	1	1	1	0	1	1	1	0	112.0	0.11	0.056	NaN	NaN	0.262	0.124	NaN	NaN	7.86	4.34	NaN	NaN	0.0	"2.5"	"F0034"	1	1	"PR"	580.495	"drip-di-1"	10.147	1	1	0	927.484	0.0	1030.731	null	1611.848	0.084
-10.1	0.024475	29625.0	2812.5	-9.375	NaN	NaN	NaN	1	0	0	0	0	1	1	0	0	0	0	0	1	1	0	0	0	1	1	0	1	1	1	0	1	-121.0	0.096	0.057	NaN	NaN	0.229	0.127	NaN	NaN	6.87	4.445	NaN	NaN	0.0	"2.5"	"F0034"	1	0	"PR"	590.495	"reverse-f"	4.981	1	1	0	927.484	0.0	1030.731	null	1621.848	0.09
-12.4	0.026125	29625.0	2831.25	253.125	NaN	NaN	NaN	1	0	0	0	0	1	1	0	0	0	0	0	1	1	0	0	0	1	1	0	1	1	1	0	1	-149.0	0.098	0.083	NaN	NaN	0.233	0.184	NaN	NaN	6.99	6.44	NaN	NaN	0.0	"2.5"	"F0034"	1	0	"PR"	600.536	"reverse-f"	15.022	1	1	0	927.484	0.0	1030.731	null	1631.889	0.085
-11.5	0.02915	29625.0	2840.625	571.875	NaN	NaN	NaN	1	0	0	0	0	1	1	0	0	0	0	0	1	1	0	0	0	1	1	0	1	1	1	0	1	-138.0	0.099	0.115	NaN	NaN	0.236	0.256	NaN	NaN	7.08	8.96	NaN	NaN	0.0	"2.5"	"F0034"	1	0	"PR"	610.576	"reverse-f"	25.062	1	1	0	927.484	0.0	1030.731	null	1641.929	0.086
-11.7	0.03245	29250.0	2831.25	853.125	NaN	NaN	NaN	1	0	0	0	0	1	1	0	0	0	0	0	1	1	0	0	0	1	1	0	1	1	1	0	1	-140.0	0.098	0.143	NaN	NaN	0.233	0.318	NaN	NaN	6.99	11.13	NaN	NaN	0.0	"2.5"	"F0034"	1	0	"PR"	620.618	"reverse-f"	35.104	1	1	0	927.484	0.0	1030.731	null	1651.971	0.085
-12.4	0.034925	30000.0	2821.875	1153.125	NaN	NaN	NaN	1	0	0	0	0	1	1	0	0	0	0	0	1	1	0	0	0	1	1	0	1	1	1	0	1	-149.0	0.097	0.173	NaN	NaN	0.231	0.384	NaN	NaN	6.93	13.44	NaN	NaN	0.0	"2.5"	"F0034"	1	0	"PR"	630.653	"reverse-f"	45.139	1	1	0	927.484	0.0	1030.731	null	1662.006	0.084
-12.0	0.037125	30000.0	2821.875	1443.75	NaN	NaN	NaN	1	0	0	0	0	1	1	0	0	0	0	0	1	1	0	0	0	1	1	0	1	1	1	0	1	-144.0	0.097	0.202	NaN	NaN	0.231	0.449	NaN	NaN	6.93	15.715	NaN	NaN	0.0	"2.5"	"F0034"	1	0	"PR"	640.689	"reverse-f"	55.175	1	1	0	927.484	0.0	1030.731	null	1672.042	0.084
-12.2	0.039325	29812.5	2793.75	1715.625	NaN	NaN	NaN	1	0	0	0	0	1	1	0	0	0	0	0	1	1	0	0	0	1	1	0	1	1	1	0	1	-146.0	0.094	0.23	NaN	NaN	0.224	0.511	NaN	NaN	6.72	17.885	NaN	NaN	0.0	"2.5"	"F0034"	1	0	"PR"	650.725	"reverse-f"	65.211	1	1	0	927.484	0.0	1030.731	null	1682.078	0.085
-12.1	0.040975	27750.0	2821.875	2025.0	NaN	NaN	NaN	1	0	0	0	0	1	1	0	0	0	0	0	1	1	0	0	0	1	1	0	1	1	1	0	1	-145.0	0.097	0.261	NaN	NaN	0.231	0.58	NaN	NaN	6.93	20.3	NaN	NaN	0.0	"2.5"	"F0034"	1	0	"PR"	660.764	"reverse-f"	75.25	1	1	0	927.484	0.0	1030.731	null	1692.117	0.083
-11.9	0.0429	30187.5	2821.875	2250.0	NaN	NaN	NaN	0	0	0	0	0	1	1	0	0	0	0	0	1	0	0	0	0	1	1	0	1	1	1	0	1	-143.0	0.097	0.283	NaN	NaN	0.231	0.629	NaN	NaN	6.93	22.015	NaN	NaN	0.0	"2.5"	"F0034"	1	0	"PR"	670.71	"reverse"	85.196	1	1	0	927.484	0.0	1030.731	null	1702.063	0.086
-12.4	0.0451	30375.0	2850.0	2250.0	NaN	NaN	NaN	0	0	0	0	0	1	1	0	0	0	0	0	1	0	0	0	0	1	1	0	1	1	1	0	1	-149.0	0.1	0.283	NaN	NaN	0.238	0.629	NaN	NaN	7.14	22.015	NaN	NaN	0.0	"2.5"	"F0034"	1	0	"PR"	680.746	"reverse"	95.232	1	1	0	927.484	0.0	1030.731	null	1712.099	0.086
-12.2	0.0462	29625.0	2775.0	2259.375	NaN	NaN	NaN	0	0	0	0	0	1	1	0	0	0	0	0	1	0	0	0	0	1	1	0	1	1	1	0	1	-146.0	0.093	0.284	NaN	NaN	0.221	0.631	NaN	NaN	6.63	22.085	NaN	NaN	0.0	"2.5"	"F0034"	1	0	"PR"	690.785	"reverse"	105.271	1	1	0	927.484	0.0	1030.731	null	1722.138	0.083
-12.4	0.0473	29625.0	2840.625	2268.75	NaN	NaN	NaN	0	0	0	0	0	1	1	0	0	0	0	0	1	0	0	0	0	1	1	0	1	1	1	0	1	-149.0	0.099	0.285	NaN	NaN	0.236	0.633	NaN	NaN	7.08	22.155	NaN	NaN	0.0	"2.5"	"F0034"	1	0	"PR"	700.627	"reverse"	115.113	1	1	0	927.484	0.0	1030.731	null	1731.98	0.094
-12.7	0.048125	30000.0	2840.625	2259.375	NaN	NaN	NaN	0	0	0	0	0	1	1	0	0	0	0	0	1	0	0	0	0	1	1	0	1	1	1	0	1	-152.0	0.099	0.284	NaN	NaN	0.236	0.631	NaN	NaN	7.08	22.085	NaN	NaN	0.0	"2.5"	"F0034"	1	0	"PR"	710.666	"reverse"	125.152	1	1	0	927.484	0.0	1030.731	null	1742.019	0.089
-12.0	0.04895	29625.0	2831.25	2259.375	NaN	NaN	NaN	0	0	0	0	0	1	1	0	0	0	0	0	1	0	0	0	0	1	1	0	1	1	1	0	1	-144.0	0.098	0.284	NaN	NaN	0.233	0.631	NaN	NaN	6.99	22.085	NaN	NaN	0.0	"2.5"	"F0034"	1	0	"PR"	720.701	"reverse"	135.187	1	1	0	927.484	0.0	1030.731	null	1752.054	0.093
-12.2	0.049775	29625.0	2812.5	2268.75	NaN	NaN	NaN	0	0	0	0	0	1	1	0	0	0	0	0	1	0	0	0	0	1	1	0	1	1	1	0	1	-146.0	0.096	0.285	NaN	NaN	0.229	0.633	NaN	NaN	6.87	22.155	NaN	NaN	0.0	"2.5"	"F0034"	1	0	"PR"	730.745	"reverse"	145.231	1	1	0	927.484	0.0	1030.731	null	1762.098	0.09
-1.2	0.049775	1125.0	2990.625	2278.125	NaN	NaN	NaN	0	0	0	0	0	0	0	0	0	0	0	0	0	0	0	0	0	0	0	0	1	0	0	0	1	-14.0	0.114	0.286	NaN	NaN	0.271	0.636	NaN	NaN	8.13	22.26	NaN	NaN	0.0	"2.5"	"F0034"	0	0	"PR"	740.672	"diffuse"	5.109	1	1	1	927.484	0.0	1030.731	null	1772.025	0.087
-1.3	0.05005	937.5	2981.25	2287.5	NaN	NaN	NaN	0	0	0	0	0	0	0	0	0	0	0	0	0	0	0	0	0	0	0	0	1	0	0	0	1	-16.0	0.113	0.287	NaN	NaN	0.269	0.638	NaN	NaN	8.07	22.33	NaN	NaN	0.0	"2.5"	"F0034"	0	0	"PR"	750.712	"diffuse"	15.149	1	1	1	927.484	0.0	1030.731	null	1782.065	0.086
-1.6	0.0506	1500.0	2990.625	2259.375	NaN	NaN	NaN	0	0	0	0	0	0	0	0	0	0	0	0	0	0	0	0	0	0	0	0	1	0	0	0	1	-19.0	0.114	0.284	NaN	NaN	0.271	0.631	NaN	NaN	8.13	22.085	NaN	NaN	0.0	"2.5"	"F0034"	0	0	"PR"	760.75	"diffuse"	25.187	1	1	1	927.484	0.0	1030.731	null	1792.103	0.089
-12.6	0.05005	28500.0	2812.5	2250.0	NaN	NaN	NaN	0	0	0	0	0	1	1	0	0	0	0	0	1	0	0	0	0	1	1	0	1	1	1	0	1	-151.0	0.096	0.283	NaN	NaN	0.229	0.629	NaN	NaN	6.87	22.015	NaN	NaN	0.0	"2.5"	"F0034"	1	0	"PR"	770.881	"wash-en"	5.311	1	1	1	927.484	0.0	1030.731	null	1802.234	0.086
-11.4	0.050875	29250.0	2821.875	2259.375	NaN	NaN	NaN	0	0	0	0	0	1	1	0	0	0	0	0	1	0	0	0	0	1	1	0	1	1	1	0	1	-137.0	0.097	0.284	NaN	NaN	0.231	0.631	NaN	NaN	6.93	22.085	NaN	NaN	0.0	"2.5"	"F0034"	1	0	"PR"	780.72	"wash-en"	15.15	1	1	1	927.484	0.0	1030.731	null	1812.073	0.091
-0.8	0.052525	30000.0	2821.875	2278.125	NaN	NaN	NaN	0	0	0	0	0	1	1	0	0	0	0	0	1	0	0	0	0	0	0	0	1	0	0	0	1	-10.0	0.097	0.286	NaN	NaN	0.231	0.636	NaN	NaN	6.93	22.26	NaN	NaN	0.0	"2.5"	"F0034"	0	0	"PR"	790.847	"wash-sc"	5.108	1	1	1	927.484	0.0	1030.731	null	1822.2	0.094
-1.5	0.05225	375.0	3000.0	2278.125	NaN	NaN	NaN	0	0	0	0	0	0	0	0	0	0	0	0	0	0	0	0	0	0	0	0	1	0	0	0	1	-18.0	0.115	0.286	NaN	NaN	0.274	0.636	NaN	NaN	8.22	22.26	NaN	NaN	0.0	"2.5"	"F0034"	0	0	"PR"	800.882	"diffuse"	5.02	1	1	2	927.484	0.0	1030.731	null	1832.235	0.09
-1.3	0.051975	375.0	2990.625	2278.125	NaN	NaN	NaN	0	0	0	0	0	0	0	0	0	0	0	0	0	0	0	0	0	0	0	0	1	0	0	0	1	-16.0	0.114	0.286	NaN	NaN	0.271	0.636	NaN	NaN	8.13	22.26	NaN	NaN	0.0	"2.5"	"F0034"	0	0	"PR"	810.921	"diffuse"	15.059	1	1	2	927.484	0.0	1030.731	null	1842.274	0.091
-1.5	0.052525	375.0	3000.0	2259.375	NaN	NaN	NaN	0	0	0	0	0	0	0	0	0	0	0	0	0	0	0	0	0	0	0	0	1	0	0	0	1	-18.0	0.115	0.284	NaN	NaN	0.274	0.631	NaN	NaN	8.22	22.085	NaN	NaN	0.0	"2.5"	"F0034"	0	0	"PR"	820.76	"diffuse"	24.898	1	1	2	927.484	0.0	1030.731	null	1852.113	0.087
-11.1	0.051975	30000.0	2821.875	2259.375	NaN	NaN	NaN	0	0	0	0	0	1	1	0	0	0	0	0	1	0	0	0	0	1	1	0	1	1	1	0	1	-133.0	0.097	0.284	NaN	NaN	0.231	0.631	NaN	NaN	6.93	22.085	NaN	NaN	0.0	"2.5"	"F0034"	1	0	"PR"	830.888	"wash-en"	4.91	1	1	2	927.484	0.0	1030.731	null	1862.241	0.09
-11.8	0.051975	30562.5	2821.875	2268.75	NaN	NaN	NaN	0	0	0	0	0	1	1	0	0	0	0	0	1	0	0	0	0	1	1	0	1	1	1	0	1	-142.0	0.097	0.285	NaN	NaN	0.231	0.633	NaN	NaN	6.93	22.155	NaN	NaN	0.0	"2.5"	"F0034"	1	0	"PR"	840.931	"wash-en"	14.953	1	1	2	927.484	0.0	1030.731	null	1872.284	0.091
-0.3	0.051975	30000.0	2831.25	2268.75	NaN	NaN	NaN	0	0	0	0	0	1	1	0	0	0	0	0	1	0	0	0	0	0	0	0	1	0	0	0	1	-4.0	0.098	0.285	NaN	NaN	0.233	0.633	NaN	NaN	6.99	22.155	NaN	NaN	0.0	"2.5"	"F0034"	0	0	"PR"	850.853	"wash-sc"	4.701	1	1	2	927.484	0.0	1030.731	null	1882.206	0.096
-0.6	0.0528	3000.0	2981.25	2268.75	NaN	NaN	NaN	0	0	0	0	0	0	0	0	0	0	0	0	0	0	0	0	0	0	0	0	1	0	0	0	1	-7.0	0.113	0.285	NaN	NaN	0.269	0.633	NaN	NaN	8.07	22.155	NaN	NaN	0.0	"2.5"	"F0034"	0	0	"PR"	860.888	"diffuse"	4.617	1	1	3	927.484	0.0	1030.731	null	1892.241	0.09
-0.8	0.05225	1312.5	2990.625	2278.125	NaN	NaN	NaN	0	0	0	0	0	0	0	0	0	0	0	0	0	0	0	0	0	0	0	0	1	0	0	0	1	-10.0	0.114	0.286	NaN	NaN	0.271	0.636	NaN	NaN	8.13	22.26	NaN	NaN	0.0	"2.5"	"F0034"	0	0	"PR"	870.93	"diffuse"	14.659	1	1	3	927.484	0.0	1030.731	null	1902.283	0.092
-0.4	0.0528	1687.5	2962.5	2278.125	NaN	NaN	NaN	0	0	0	0	0	0	0	0	0	0	0	0	0	0	0	0	0	0	0	0	1	0	0	0	1	-5.0	0.111	0.286	NaN	NaN	0.264	0.636	NaN	NaN	7.92	22.26	NaN	NaN	0.0	"2.5"	"F0034"	0	0	"PR"	880.964	"diffuse"	24.693	1	1	3	927.484	0.0	1030.731	null	1912.317	0.093
-10.6	0.051975	29250.0	2821.875	2268.75	NaN	NaN	NaN	0	0	0	0	0	1	1	0	0	0	0	0	1	0	0	0	0	1	1	0	1	1	1	0	1	-127.0	0.097	0.285	NaN	NaN	0.231	0.633	NaN	NaN	6.93	22.155	NaN	NaN	0.0	"2.5"	"F0034"	1	0	"PR"	890.898	"wash-en"	4.512	1	1	3	927.484	0.0	1030.731	null	1922.251	0.09
-11.3	0.05225	30000.0	2821.875	2250.0	NaN	NaN	NaN	0	0	0	0	0	1	1	0	0	0	0	0	1	0	0	0	0	1	1	0	1	1	1	0	1	-136.0	0.097	0.283	NaN	NaN	0.231	0.629	NaN	NaN	6.93	22.015	NaN	NaN	0.0	"2.5"	"F0034"	1	0	"PR"	900.933	"wash-en"	14.547	1	1	3	927.484	0.0	1030.731	null	1932.286	0.092
-0.6	0.05225	30000.0	2840.625	2268.75	NaN	NaN	NaN	0	0	0	0	0	1	1	0	0	0	0	0	1	0	0	0	0	0	0	0	1	0	0	0	1	-7.0	0.099	0.285	NaN	NaN	0.236	0.633	NaN	NaN	7.08	22.155	NaN	NaN	0.0	"2.5"	"F0034"	0	0	"PR"	910.858	"wash-sc"	4.305	1	1	3	927.484	0.0	1030.731	null	1942.211	0.086
-0.7	0.053075	562.5	2990.625	2268.75	NaN	NaN	NaN	0	0	0	0	0	0	0	0	0	0	0	0	0	0	0	0	0	0	0	0	1	0	0	0	1	-8.0	0.114	0.285	NaN	NaN	0.271	0.633	NaN	NaN	8.13	22.155	NaN	NaN	0.0	"2.5"	"F0034"	0	0	"PR"	920.896	"diffuse"	4.218	1	1	4	927.484	0.0	1030.731	null	1952.249	0.086
-0.3	0.05225	187.5	2990.625	2287.5	NaN	NaN	NaN	0	0	0	0	0	0	0	0	0	0	0	0	0	0	0	0	0	0	0	0	1	0	0	0	1	-4.0	0.114	0.287	NaN	NaN	0.271	0.638	NaN	NaN	8.13	22.33	NaN	NaN	0.0	"2.5"	"F0034"	0	0	"PR"	930.939	"diffuse"	14.261	1	1	4	927.484	0.0	1030.731	null	1962.292	0.086
-0.8	0.0528	562.5	2990.625	2250.0	NaN	NaN	NaN	0	0	0	0	0	0	0	0	0	0	0	0	0	0	0	0	0	0	0	0	1	0	0	0	1	-10.0	0.114	0.283	NaN	NaN	0.271	0.629	NaN	NaN	8.13	22.015	NaN	NaN	0.0	"2.5"	"F0034"	0	0	"PR"	940.978	"diffuse"	24.3	1	1	4	927.484	0.0	1030.731	null	1972.331	0.097
-12.6	0.051975	29437.5	2803.125	2278.125	NaN	NaN	NaN	0	0	0	0	0	1	1	0	0	0	0	0	1	0	0	0	0	1	1	0	1	1	1	0	1	-151.0	0.095	0.286	NaN	NaN	0.226	0.636	NaN	NaN	6.78	22.26	NaN	NaN	0.0	"2.5"	"F0034"	1	0	"PR"	950.905	"wash-en"	4.104	1	1	4	927.484	0.0	1030.731	null	1982.258	0.086
-12.7	0.05225	29812.5	2803.125	2259.375	NaN	NaN	NaN	0	0	0	0	0	1	1	0	0	0	0	0	1	0	0	0	0	1	1	0	1	1	1	0	1	-152.0	0.095	0.284	NaN	NaN	0.226	0.631	NaN	NaN	6.78	22.085	NaN	NaN	0.0	"2.5"	"F0034"	1	0	"PR"	960.949	"wash-en"	14.148	1	1	4	927.484	0.0	1030.731	null	1992.302	0.086
0.5	0.0528	29625.0	2812.5	2259.375	NaN	NaN	NaN	0	0	0	0	0	1	1	0	0	0	0	0	1	0	0	0	0	0	0	0	1	0	0	0	1	6.0	0.096	0.284	NaN	NaN	0.229	0.631	NaN	NaN	6.87	22.085	NaN	NaN	0.0	"2.5"	"F0034"	0	0	"PR"	971.077	"wash-sc"	4.104	1	1	4	927.484	0.0	1030.731	null	2002.43	0.1
