cur	ec	mod-ps	rg-ps	di-ps	fw1-ps	fw2-ps	pf-ps	vlv-di-fill	vlv-di-in	vlv-di-out	vlv-rg-fill	vlv-rg-drain	vlv-rg-in	vlv-rg-out	vlv-fw1-in	vlv-fw1-out	vlv-fw2-in	vlv-po	vlv-mod-drain	pmp-sys	pmp-di	pmp-fw1	pmp-fw2	uv	en-anode1	en-cath1	pl-anode1	pl-cath1	en-anode2	en-cath2	pl-anode2	pl-cath2	pw	rg-he	di-he	fw1-he	fw2-he	rg-lev	di-lev	fw1-lev	fw2-lev	rg-vol	di-vol	fw1-vol	fw2-vol	pr-ec	ver	sn	mod-en	mod-pl	proc	proc-time	ph	ph-time	count	cyc	rnd	pr-last	rc-last	fr-last	halt-re	time	exec
-0.8	0.052525	25312.5	2793.75	2296.875	NaN	NaN	NaN	0	0	0	0	0	1	1	0	0	0	0	0	1	0	0	0	0	0	0	0	1	0	0	0	1	-10.0	0.094	0.288	NaN	NaN	0.224	0.64	NaN	NaN	6.72	22.4	NaN	NaN	0.0	"2.5"	"F0034"	0	0	"PR"	8.249	"prime"	7.026	0	0	0	0.0	0.0	0.0	null	10.032	0.083
-0.1	0.052525	24937.5	2821.875	2296.875	NaN	NaN	NaN	0	0	0	0	0	1	1	0	0	0	0	0	1	0	0	0	0	0	0	0	1	0	0	0	1	-1.0	0.097	0.288	NaN	NaN	0.231	0.64	NaN	NaN	6.93	22.4	NaN	NaN	0.0	"2.5"	"F0034"	0	0	"PR"	8.45	"prime"	7.227	0	0	0	0.0	0.0	0.0	null	10.233	0.089
0.4	0.051975	25500.0	2821.875	2325.0	NaN	NaN	NaN	0	0	0	0	0	1	1	0	0	0	0	0	1	0	0	0	0	0	0	0	1	0	0	0	1	5.0	0.097	0.291	NaN	NaN	0.231	0.647	NaN	NaN	6.93	22.645	NaN	NaN	0.0	"2.5"	"F0034"	0	0	"PR"	18.286	"prime"	17.063	0	0	0	0.0	0.0	0.0	null	20.069	0.086
-0.8	0.051975	25500.0	2821.875	2287.5	NaN	NaN	NaN	0	0	0	0	0	1	1	0	0	0	0	0	1	0	0	0	0	0	0	0	1	0	0	0	1	-10.0	0.097	0.287	NaN	NaN	0.231	0.638	NaN	NaN	6.93	22.33	NaN	NaN	0.0	"2.5"	"F0034"	0	0	"PR"	28.325	"prime"	27.102	0	0	0	0.0	0.0	0.0	null	30.108	0.083
-11.7	0.051975	29250.0	2981.25	2596.875	NaN	NaN	NaN	0	1	1	0	0	0	0	0	0	0	0	0	1	0	0	0	0	1	1	0	1	1	1	0	1	-140.0	0.113	0.318	NaN	NaN	0.269	0.707	NaN	NaN	8.07	24.745	NaN	NaN	0.0	"2.5"	"F0034"	1	0	"PR"	38.365	"deionize"	6.628	0	1	0	0.0	0.0	0.0	null	40.148	0.084
-12.0	0.05005	29812.5	2990.625	2625.0	NaN	NaN	NaN	0	1	1	0	0	0	0	0	0	0	0	0	1	0	0	0	0	1	1	0	1	1	1	0	1	-144.0	0.114	0.321	NaN	NaN	0.271	0.713	NaN	NaN	8.13	24.955	NaN	NaN	0.0	"2.5"	"F0034"	1	0	"PR"	48.403	"deionize"	16.666	0	1	0	0.0	0.0	0.0	null	50.186	0.084
-11.9	0.0495	31500.0	2981.25	2540.625	NaN	NaN	NaN	0	1	1	0	0	0	0	0	0	0	0	0	1	0	0	0	0	1	1	0	1	1	1	0	1	-143.0	0.113	0.312	NaN	NaN	0.269	0.693	NaN	NaN	8.07	24.255	NaN	NaN	0.0	"2.5"	"F0034"	1	0	"PR"	58.437	"deionize"	26.7	0	1	0	0.0	0.0	0.0	null	60.22	0.087
-11.4	0.048125	30750.0	2981.25	2625.0	NaN	NaN	NaN	0	1	1	0	0	0	0	0	0	0	0	0	1	0	0	0	0	1	1	0	1	1	1	0	1	-137.0	0.113	0.321	NaN	NaN	0.269	0.713	NaN	NaN	8.07	24.955	NaN	NaN	0.0	"2.5"	"F0034"	1	0	"PR"	68.475	"deionize"	36.738	0	1	0	0.0	0.0	0.0	null	70.258	0.085
-12.5	0.0473	30000.0	2981.25	2587.5	NaN	NaN	NaN	0	1	1	0	0	0	0	0	0	0	0	0	1	0	0	0	0	1	1	0	1	1	1	0	1	-150.0	0.113	0.317	NaN	NaN	0.269	0.704	NaN	NaN	8.07	24.64	NaN	NaN	0.0	"2.5"	"F0034"	1	0	"PR"	78.512	"deionize"	46.775	0	1	0	0.0	0.0	0.0	null	80.295	0.087
-12.3	0.0473	29812.5	2981.25	2578.125	NaN	NaN	NaN	0	1	1	0	0	0	0	0	0	0	0	0	1	0	0	0	0	1	1	0	1	1	1	0	1	-148.0	0.113	0.316	NaN	NaN	0.269	0.702	NaN	NaN	8.07	24.57	NaN	NaN	0.0	"2.5"	"F0034"	1	0	"PR"	88.344	"deionize"	56.607	0	1	0	0.0	0.0	0.0	null	90.127	0.087
-11.9	0.0462	29250.0	2971.875	2578.125	NaN	NaN	NaN	0	1	1	0	0	0	0	0	0	0	0	0	1	0	0	0	0	1	1	0	1	1	1	0	1	-143.0	0.112	0.316	NaN	NaN	0.267	0.702	NaN	NaN	8.01	24.57	NaN	NaN	0.0	"2.5"	"F0034"	1	0	"PR"	98.386	"deionize"	66.649	0	1	0	0.0	0.0	0.0	null	100.169	0.093
-12.2	0.045375	30000.0	2981.25	2568.75	NaN	NaN	NaN	0	1	1	0	0	0	0	0	0	0	0	0	1	0	0	0	0	1	1	0	1	1	1	0	1	-146.0	0.113	0.315	NaN	NaN	0.269	0.7	NaN	NaN	8.07	24.5	NaN	NaN	0.0	"2.5"	"F0034"	1	0	"PR"	108.419	"deionize"	76.682	0	1	0	0.0	0.0	0.0	null	110.202	0.09
-12.6	0.0451	30000.0	2981.25	2550.0	NaN	NaN	NaN	0	1	1	0	0	0	0	0	0	0	0	0	1	0	0	0	0	1	1	0	1	1	1	0	1	-151.0	0.113	0.313	NaN	NaN	0.269	0.696	NaN	NaN	8.07	24.36	NaN	NaN	0.0	"2.5"	"F0034"	1	0	"PR"	118.452	"deionize"	86.715	0	1	0	0.0	0.0	0.0	null	120.235	0.084
-11.2	0.044275	30000.0	2971.875	2493.75	NaN	NaN	NaN	0	1	1	0	0	0	0	0	0	0	0	0	1	0	0	0	0	1	1	0	1	1	1	0	1	-134.0	0.112	0.307	NaN	NaN	0.267	0.682	NaN	NaN	8.01	23.87	NaN	NaN	0.0	"2.5"	"F0034"	1	0	"PR"	128.494	"deionize"	96.757	0	1	0	0.0	0.0	0.0	null	130.277	0.085
-14.9	0.044	29625.0	2981.25	2512.5	NaN	NaN	NaN	0	1	1	0	0	0	0	0	0	0	0	0	1	0	0	0	0	1	1	0	1	1	1	0	1	-179.0	0.113	0.309	NaN	NaN	0.269	0.687	NaN	NaN	8.07	24.045	NaN	NaN	0.0	"2.5"	"F0034"	1	0	"PR"	138.528	"deionize"	106.791	0	1	0	0.0	0.0	0.0	null	140.311	0.09
-12.2	0.0429	29250.0	2981.25	2437.5	NaN	NaN	NaN	0	1	1	0	0	0	0	0	0	0	0	0	1	0	0	0	0	1	1	0	1	1	1	0	1	-146.0	0.113	0.302	NaN	NaN	0.269	0.671	NaN	NaN	8.07	23.485	NaN	NaN	0.0	"2.5"	"F0034"	1	0	"PR"	148.567	"deionize"	116.83	0	1	0	0.0	0.0	0.0	null	150.35	0.087
-12.0	0.0429	29062.5	2981.25	2456.25	NaN	NaN	NaN	0	1	1	0	0	0	0	0	0	0	0	0	1	0	0	0	0	1	1	0	1	1	1	0	1	-144.0	0.113	0.304	NaN	NaN	0.269	0.676	NaN	NaN	8.07	23.66	NaN	NaN	0.0	"2.5"	"F0034"	1	0	"PR"	158.607	"deionize"	126.87	0	1	0	0.0	0.0	0.0	null	160.39	0.084
-12.1	0.041525	29812.5	2981.25	2465.625	NaN	NaN	NaN	0	1	1	0	0	0	0	0	0	0	0	0	1	0	0	0	0	1	1	0	1	1	1	0	1	-145.0	0.113	0.305	NaN	NaN	0.269	0.678	NaN	NaN	8.07	23.73	NaN	NaN	0.0	"2.5"	"F0034"	1	0	"PR"	168.443	"deionize"	136.706	0	1	0	0.0	0.0	0.0	null	170.226	0.09
-12.3	0.041525	29812.5	2981.25	2475.0	NaN	NaN	NaN	0	1	1	0	0	0	0	0	0	0	0	0	1	0	0	0	0	1	1	0	1	1	1	0	1	-148.0	0.113	0.305	NaN	NaN	0.269	0.678	NaN	NaN	8.07	23.73	NaN	NaN	0.0	"2.5"	"F0034"	1	0	"PR"	178.482	"deionize"	146.745	0	1	0	0.0	0.0	0.0	null	180.265	0.092
-12.4	0.0407	30750.0	2971.875	2437.5	NaN	NaN	NaN	0	1	1	0	0	0	0	0	0	0	0	0	1	0	0	0	0	1	1	0	1	1	1	0	1	-149.0	0.112	0.302	NaN	NaN	0.267	0.671	NaN	NaN	8.01	23.485	NaN	NaN	0.0	"2.5"	"F0034"	1	0	"PR"	188.521	"deionize"	156.784	0	1	0	0.0	0.0	0.0	null	190.304	0.09
-11.7	0.040425	30000.0	2981.25	2493.75	NaN	NaN	NaN	0	1	1	0	0	0	0	0	0	0	0	0	1	0	0	0	0	1	1	0	1	1	1	0	1	-140.0	0.113	0.307	NaN	NaN	0.269	0.682	NaN	NaN	8.07	23.87	NaN	NaN	0.0	"2.5"	"F0034"	1	0	"PR"	198.557	"deionize"	166.82	0	1	0	0.0	0.0	0.0	null	200.34	0.087
-12.1	0.039875	31500.0	2990.625	2550.0	NaN	NaN	NaN	0	1	1	0	0	0	0	0	0	0	0	0	1	0	0	0	0	1	1	0	1	1	1	0	1	-145.0	0.114	0.313	NaN	NaN	0.271	0.696	NaN	NaN	8.13	24.36	NaN	NaN	0.0	"2.5"	"F0034"	1	0	"PR"	208.6	"deionize"	176.863	0	1	0	0.0	0.0	0.0	null	210.383	0.091
-11.7	0.0396	30187.5	2981.25	2550.0	NaN	NaN	NaN	0	1	1	0	0	0	0	0	0	0	0	0	1	0	0	0	0	1	1	0	1	1	1	0	1	-140.0	0.113	0.313	NaN	NaN	0.269	0.696	NaN	NaN	8.07	24.36	NaN	NaN	0.0	"2.5"	"F0034"	1	0	"PR"	218.635	"deionize"	186.898	0	1	0	0.0	0.0	0.0	null	220.418	0.09
-12.2	0.039325	29812.5	2990.625	2381.25	NaN	NaN	NaN	0	1	1	0	0	0	0	0	0	0	0	0	1	0	0	0	0	1	1	0	1	1	1	0	1	-146.0	0.114	0.296	NaN	NaN	0.271	0.658	NaN	NaN	8.13	23.03	NaN	NaN	0.0	"2.5"	"F0034"	1	0	"PR"	228.672	"deionize"	196.935	0	1	0	0.0	0.0	0.0	null	230.455	0.087
-12.0	0.039325	30000.0	2990.625	2456.25	NaN	NaN	NaN	0	1	1	0	0	0	0	0	0	0	0	0	1	0	0	0	0	1	1	0	1	1	1	0	1	-144.0	0.114	0.304	NaN	NaN	0.271	0.676	NaN	NaN	8.13	23.66	NaN	NaN	0.0	"2.5"	"F0034"	1	0	"PR"	238.506	"deionize"	206.769	0	1	0	0.0	0.0	0.0	null	240.289	0.089
-13.2	0.038225	32062.5	2990.625	2362.5	NaN	NaN	NaN	0	1	1	0	0	0	0	0	0	0	0	0	1	0	0	0	0	1	1	0	1	1	1	0	1	-158.0	0.114	0.294	NaN	NaN	0.271	0.653	NaN	NaN	8.13	22.855	NaN	NaN	0.0	"2.5"	"F0034"	1	0	"PR"	248.543	"deionize"	216.806	0	1	0	0.0	0.0	0.0	null	250.326	0.09
-12.3	0.037675	30750.0	2981.25	2437.5	NaN	NaN	NaN	0	1	1	0	0	0	0	0	0	0	0	0	1	0	0	0	0	1	1	0	1	1	1	0	1	-148.0	0.113	0.302	NaN	NaN	0.269	0.671	NaN	NaN	8.07	23.485	NaN	NaN	0.0	"2.5"	"F0034"	1	0	"PR"	258.581	"deionize"	226.844	0	1	0	0.0	0.0	0.0	null	260.364	0.092
-11.9	0.0374	31125.0	2981.25	2418.75	NaN	NaN	NaN	0	1	1	0	0	0	0	0	0	0	0	0	1	0	0	0	0	1	1	0	1	1	1	0	1	-143.0	0.113	0.3	NaN	NaN	0.269	0.667	NaN	NaN	8.07	23.345	NaN	NaN	0.0	"2.5"	"F0034"	1	0	"PR"	268.617	"deionize"	236.88	0	1	0	0.0	0.0	0.0	null	270.4	0.094
-11.5	0.037125	32062.5	2990.625	2446.875	NaN	NaN	NaN	0	1	1	0	0	0	0	0	0	0	0	0	1	0	0	0	1	1	1	0	1	1	1	0	1	-138.0	0.114	0.303	NaN	NaN	0.271	0.673	NaN	NaN	8.13	23.555	NaN	NaN	0.0	"2.5"	"F0034"	1	0	"PR"	278.563	"deionize-uv"	6.733	0	1	0	0.0	0.0	0.0	null	280.346	0.087
-12.2	0.03685	32250.0	2981.25	2446.875	NaN	NaN	NaN	0	1	1	0	0	0	0	0	0	0	0	0	1	0	0	0	1	1	1	0	1	1	1	0	1	-146.0	0.113	0.303	NaN	NaN	0.269	0.673	NaN	NaN	8.07	23.555	NaN	NaN	0.0	"2.5"	"F0034"	1	0	"PR"	288.603	"deionize-uv"	16.773	0	1	0	0.0	0.0	0.0	null	290.386	0.087
-11.6	0.036575	30562.5	2981.25	2428.125	NaN	NaN	NaN	0	1	1	0	0	0	0	0	0	0	0	0	1	0	0	0	1	1	1	0	1	1	1	0	1	-139.0	0.113	0.301	NaN	NaN	0.269	0.669	NaN	NaN	8.07	23.415	NaN	NaN	0.0	"2.5"	"F0034"	1	0	"PR"	298.639	"deionize-uv"	26.809	0	1	0	0.0	0.0	0.0	null	300.422	0.09
-11.5	0.0363	30000.0	2981.25	2559.375	NaN	NaN	NaN	0	1	1	0	0	0	0	0	0	0	0	0	1	0	0	0	1	1	1	0	1	1	1	0	1	-138.0	0.113	0.314	NaN	NaN	0.269	0.698	NaN	NaN	8.07	24.43	NaN	NaN	0.0	"2.5"	"F0034"	1	0	"PR"	308.676	"deionize-uv"	36.846	0	1	0	0.0	0.0	0.0	null	310.459	0.088
-11.1	0.03575	30187.5	3009.375	2456.25	NaN	NaN	NaN	0	1	1	0	0	0	0	0	0	0	0	0	1	0	0	0	1	1	1	0	1	1	1	0	1	-133.0	0.116	0.304	NaN	NaN	0.276	0.676	NaN	NaN	8.28	23.66	NaN	NaN	0.0	"2.5"	"F0034"	1	0	"PR"	318.716	"deionize-uv"	46.886	0	1	0	0.0	0.0	0.0	null	320.499	0.09
-11.9	0.034925	30000.0	2981.25	2390.625	NaN	NaN	NaN	0	1	1	0	0	0	0	0	0	0	0	0	1	0	0	0	1	1	1	0	1	1	1	0	1	-143.0	0.113	0.297	NaN	NaN	0.269	0.66	NaN	NaN	8.07	23.1	NaN	NaN	0.0	"2.5"	"F0034"	1	0	"PR"	328.756	"deionize-uv"	56.926	0	1	0	0.0	0.0	0.0	null	330.539	0.09
-13.3	0.03465	30937.5	2981.25	2390.625	NaN	NaN	NaN	0	1	1	0	0	0	0	0	0	0	0	0	1	0	0	0	1	1	1	0	1	1	1	0	1	-160.0	0.113	0.297	NaN	NaN	0.269	0.66	NaN	NaN	8.07	23.1	NaN	NaN	0.0	"2.5"	"F0034"	1	0	"PR"	338.796	"deionize-uv"	66.966	0	1	0	0.0	0.0	0.0	null	340.579	0.088
-12.2	0.0341	30000.0	2981.25	2446.875	NaN	NaN	NaN	0	1	1	0	0	0	0	0	0	0	0	0	1	0	0	0	1	1	1	0	1	1	1	0	1	-146.0	0.113	0.303	NaN	NaN	0.269	0.673	NaN	NaN	8.07	23.555	NaN	NaN	0.0	"2.5"	"F0034"	1	0	"PR"	348.632	"deionize-uv"	76.802	0	1	0	0.0	0.0	0.0	null	350.415	0.086
-11.1	0.033825	29625.0	2981.25	2428.125	NaN	NaN	NaN	0	1	1	0	0	0	0	0	0	0	0	0	1	0	0	0	1	1	1	0	1	1	1	0	1	-133.0	0.113	0.301	NaN	NaN	0.269	0.669	NaN	NaN	8.07	23.415	NaN	NaN	0.0	"2.5"	"F0034"	1	0	"PR"	358.67	"deionize-uv"	86.84	0	1	0	0.0	0.0	0.0	null	360.453	0.087
-10.7	0.03355	29250.0	2981.25	2456.25	NaN	NaN	NaN	0	1	1	0	0	0	0	0	0	0	0	0	1	0	0	0	1	1	1	0	1	1	1	0	1	-128.0	0.113	0.304	NaN	NaN	0.269	0.676	NaN	NaN	8.07	23.66	NaN	NaN	0.0	"2.5"	"F0034"	1	0	"PR"	368.71	"deionize-uv"	96.88	0	1	0	0.0	0.0	0.0	null	370.493	0.086
-10.6	0.033275	29250.0	2981.25	2390.625	NaN	NaN	NaN	0	1	1	0	0	0	0	0	0	0	0	0	1	0	0	0	1	1	1	0	1	1	1	0	1	-127.0	0.113	0.297	NaN	NaN	0.269	0.66	NaN	NaN	8.07	23.1	NaN	NaN	0.0	"2.5"	"F0034"	1	0	"PR"	378.75	"deionize-uv"	106.92	0	1	0	0.0	0.0	0.0	null	380.533	0.086
-10.6	0.03245	29437.5	2981.25	2465.625	NaN	NaN	NaN	0	1	1	0	0	0	0	0	0	0	0	0	1	0	0	0	1	1	1	0	1	1	1	0	1	-127.0	0.113	0.305	NaN	NaN	0.269	0.678	NaN	NaN	8.07	23.73	NaN	NaN	0.0	"2.5"	"F0034"	1	0	"PR"	388.788	"deionize-uv"	116.958	0	1	0	0.0	0.0	0.0	null	390.571	0.089
-10.2	0.03245	29062.5	2962.5	1950.0	NaN	NaN	NaN	0	0	1	0	0	0	0	1	0	0	0	0	1	0	0	0	1	1	1	0	1	1	1	0	1	-122.0	0.111	0.253	NaN	NaN	0.264	0.562	NaN	NaN	7.92	19.67	NaN	NaN	0.0	"2.5"	"F0034"	1	0	"PR"	398.749	"drain-di-1"	6.749	0	1	0	0.0	0.0	0.0	null	400.532	0.086
-10.1	0.032175	29062.5	2981.25	1687.5	NaN	NaN	NaN	0	0	1	0	0	0	0	1	0	0	0	0	1	0	0	0	1	1	1	0	1	1	1	0	1	-121.0	0.113	0.227	NaN	NaN	0.269	0.504	NaN	NaN	8.07	17.64	NaN	NaN	0.0	"2.5"	"F0034"	1	0	"PR"	408.789	"drain-di-1"	16.789	0	1	0	0.0	0.0	0.0	null	410.572	0.089
-9.5	0.032175	29812.5	2990.625	1462.5	NaN	NaN	NaN	0	0	1	0	0	0	0	1	0	0	0	0	1	0	0	0	1	1	1	0	1	1	1	0	1	-114.0	0.114	0.204	NaN	NaN	0.271	0.453	NaN	NaN	8.13	15.855	NaN	NaN	0.0	"2.5"	"F0034"	1	0	"PR"	418.825	"drain-di-1"	26.825	0	1	0	0.0	0.0	0.0	null	420.608	0.097
-12.7	0.0319	30000.0	2981.25	1209.375	NaN	NaN	NaN	0	0	1	0	0	0	0	1	0	0	0	0	1	0	0	0	1	1	1	0	1	1	1	0	1	-152.0	0.113	0.179	NaN	NaN	0.269	0.398	NaN	NaN	8.07	13.93	NaN	NaN	0.0	"2.5"	"F0034"	1	0	"PR"	428.861	"drain-di-1"	36.861	0	1	0	0.0	0.0	0.0	null	430.644	0.09
-8.3	0.031625	30187.5	2981.25	946.875	NaN	NaN	NaN	0	0	1	0	0	0	0	1	0	0	0	0	1	0	0	0	1	1	1	0	1	1	1	0	1	-100.0	0.113	0.153	NaN	NaN	0.269	0.34	NaN	NaN	8.07	11.9	NaN	NaN	0.0	"2.5"	"F0034"	1	0	"PR"	438.899	"drain-di-1"	46.899	0	1	0	0.0	0.0	0.0	null	440.682	0.092
-10.6	0.03135	30562.5	2981.25	712.5	NaN	NaN	NaN	0	0	1	0	0	0	0	1	0	0	0	0	1	0	0	0	1	1	1	0	1	1	1	0	1	-127.0	0.113	0.129	NaN	NaN	0.269	0.287	NaN	NaN	8.07	10.045	NaN	NaN	0.0	"2.5"	"F0034"	1	0	"PR"	448.734	"drain-di-1"	56.734	0	1	0	0.0	0.0	0.0	null	450.517	0.084
-9.8	0.0308	30000.0	2981.25	450.0	NaN	NaN	NaN	0	0	1	0	0	0	0	1	0	0	0	0	1	0	0	0	1	1	1	0	1	1	1	0	1	-118.0	0.113	0.103	NaN	NaN	0.269	0.229	NaN	NaN	8.07	8.015	NaN	NaN	0.0	"2.5"	"F0034"	1	0	"PR"	458.766	"drain-di-1"	66.766	0	1	0	0.0	0.0	0.0	null	460.549	0.084
-9.5	0.031625	29625.0	2990.625	178.125	NaN	NaN	NaN	0	0	1	0	0	0	0	1	0	0	0	0	1	0	0	0	1	1	1	0	1	1	1	0	1	-114.0	0.114	0.076	NaN	NaN	0.271	0.169	NaN	NaN	8.13	5.915	NaN	NaN	0.0	"2.5"	"F0034"	1	0	"PR"	468.803	"drain-di-1"	76.803	0	1	0	0.0	0.0	0.0	null	470.586	0.084
-10.0	0.03135	29812.5	2981.25	-65.625	NaN	NaN	NaN	0	0	1	0	0	0	0	1	0	0	0	0	1	0	0	0	1	1	1	0	1	1	1	0	1	-120.0	0.113	0.051	NaN	NaN	0.269	0.113	NaN	NaN	8.07	3.955	NaN	NaN	0.0	"2.5"	"F0034"	1	0	"PR"	478.951	"drip-di-1"	5.53	0	1	0	0.0	0.0	0.0	null	480.734	0.094
-9.4	0.031075	30187.5	2981.25	-46.875	NaN	NaN	NaN	1	0	0	0	0	1	1	0	0	0	0	0	1	1	0	0	0	1	1	1	0	1	1	1	0	-113.0	0.113	0.053	NaN	NaN	0.269	0.118	NaN	NaN	8.07	4.13	NaN	NaN	0.0	"2.5"	"F0034"	1	1	"PR"	488.792	"reverse-f"	0.2	0	1	0	0.0	0.0	0.0	null	490.575	0.096
12.1	0.03135	27000.0	2784.375	140.625	NaN	NaN	NaN	1	0	0	0	0	1	1	0	0	0	0	0	1	1	0	0	0	1	1	1	0	1	1	1	0	145.0	0.093	0.072	NaN	NaN	0.221	0.16	NaN	NaN	6.63	5.6	NaN	NaN	0.0	"2.5"	"F0034"	1	1	"PR"	498.801	"reverse-f"	10.209	0	1	0	0.0	0.0	0.0	null	500.584	0.084
12.7	0.033825	26625.0	2821.875	487.5	NaN	NaN	NaN	1	0	0	0	0	1	1	0	0	0	0	0	1	1	0	0	0	1	1	1	0	1	1	1	0	152.0	0.097	0.107	NaN	NaN	0.231	0.238	NaN	NaN	6.93	8.33	NaN	NaN	0.0	"2.5"	"F0034"	1	1	"PR"	508.837	"reverse-f"	20.245	0	1	0	0.0	0.0	0.0	null	510.62	0.087
12.3	0.03685	26250.0	2840.625	768.75	NaN	NaN	NaN	1	0	0	0	0	1	1	0	0	0	0	0	1	1	0	0	0	1	1	1	0	1	1	1	0	148.0	0.099	0.135	NaN	NaN	0.236	0.3	NaN	NaN	7.08	10.5	NaN	NaN	0.0	"2.5"	"F0034"	1	1	"PR"	518.875	"reverse-f"	30.283	0	1	0	0.0	0.0	0.0	null	520.658	0.085
12.3	0.03905	24187.5	2784.375	1068.75	NaN	NaN	NaN	1	0	0	0	0	1	1	0	0	0	0	0	1	1	0	0	0	1	1	1	0	1	1	1	0	148.0	0.093	0.165	NaN	NaN	0.221	0.367	NaN	NaN	6.63	12.845	NaN	NaN	0.0	"2.5"	"F0034"	1	1	"PR"	528.912	"reverse-f"	40.32	0	1	0	0.0	0.0	0.0	null	530.695	0.084
12.1	0.04125	25312.5	2821.875	1378.125	NaN	NaN	NaN	1	0	0	0	0	1	1	0	0	0	0	0	1	1	0	0	0	1	1	1	0	1	1	1	0	145.0	0.097	0.196	NaN	NaN	0.231	0.436	NaN	NaN	6.93	15.26	NaN	NaN	0.0	"2.5"	"F0034"	1	1	"PR"	538.945	"reverse-f"	50.353	0	1	0	0.0	0.0	0.0	null	540.728	0.086
12.2	0.04345	25687.5	2887.5	1659.375	NaN	NaN	NaN	1	0	0	0	0	1	1	0	0	0	0	0	1	1	0	0	0	1	1	1	0	1	1	1	0	146.0	0.104	0.224	NaN	NaN	0.248	0.498	NaN	NaN	7.44	17.43	NaN	NaN	0.0	"2.5"	"F0034"	1	1	"PR"	548.985	"reverse-f"	60.393	0	1	0	0.0	0.0	0.0	null	550.768	0.088
12.5	0.045925	26062.5	2821.875	1959.375	NaN	NaN	NaN	1	0	0	0	0	1	1	0	0	0	0	0	1	1	0	0	0	1	1	1	0	1	1	1	0	150.0	0.097	0.254	NaN	NaN	0.231	0.564	NaN	NaN	6.93	19.74	NaN	NaN	0.0	"2.5"	"F0034"	1	1	"PR"	559.02	"reverse-f"	70.428	0	1	0	0.0	0.0	0.0	null	560.803	0.086
12.3	0.04785	25500.0	2831.25	2240.625	NaN	NaN	NaN	1	0	0	0	0	1	1	0	0	0	0	0	1	1	0	0	0	1	1	1	0	1	1	1	0	148.0	0.098	0.282	NaN	NaN	0.233	0.627	NaN	NaN	6.99	21.945	NaN	NaN	0.0	"2.5"	"F0034"	1	1	"PR"	569.048	"reverse-f"	80.456	0	1	0	0.0	0.0	0.0	null	570.831	0.084
12.6	0.049775	25312.5	2784.375	2278.125	NaN	NaN	NaN	0	0	0	0	0	1	1	0	0	0	0	0	1	0	0	0	0	1	1	1	0	1	1	1	0	151.0	0.093	0.286	NaN	NaN	0.221	0.636	NaN	NaN	6.63	22.26	NaN	NaN	0.0	"2.5"	"F0034"	1	1	"PR"	579.0	"reverse"	90.408	0	1	0	0.0	0.0	0.0	null	580.783	0.084
12.6	0.0506	26625.0	2840.625	2278.125	NaN	NaN	NaN	0	0	0	0	0	1	1	0	0	0	0	0	1	0	0	0	0	1	1	1	0	1	1	1	0	151.0	0.099	0.286	NaN	NaN	0.236	0.636	NaN	NaN	7.08	22.26	NaN	NaN	0.0	"2.5"	"F0034"	1	1	"PR"	589.037	"reverse"	100.445	0	1	0	0.0	0.0	0.0	null	590.82	0.084
12.6	0.051975	27562.5	2831.25	2278.125	NaN	NaN	NaN	0	0	0	0	0	1	1	0	0	0	0	0	1	0	0	0	0	1	1	1	0	1	1	1	0	151.0	0.098	0.286	NaN	NaN	0.233	0.636	NaN	NaN	6.99	22.26	NaN	NaN	0.0	"2.5"	"F0034"	1	1	"PR"	599.074	"reverse"	110.482	0	1	0	0.0	0.0	0.0	null	600.857	0.085
12.4	0.051975	25312.5	2812.5	2287.5	NaN	NaN	NaN	0	0	0	0	0	1	1	0	0	0	0	0	1	0	0	0	0	1	1	1	0	1	1	1	0	149.0	0.096	0.287	NaN	NaN	0.229	0.638	NaN	NaN	6.87	22.33	NaN	NaN	0.0	"2.5"	"F0034"	1	1	"PR"	608.909	"reverse"	120.317	0	1	0	0.0	0.0	0.0	null	610.692	0.086
12.7	0.053075	25500.0	2821.875	2278.125	NaN	NaN	NaN	0	0	0	0	0	1	1	0	0	0	0	0	1	0	0	0	0	1	1	1	0	1	1	1	0	152.0	0.097	0.286	NaN	NaN	0.231	0.636	NaN	NaN	6.93	22.26	NaN	NaN	0.0	"2.5"	"F0034"	1	1	"PR"	618.944	"reverse"	130.352	0	1	0	0.0	0.0	0.0	null	620.727	0.086
12.8	0.053075	25687.5	2812.5	2278.125	NaN	NaN	NaN	0	0	0	0	0	1	1	0	0	0	0	0	1	0	0	0	0	1	1	1	0	1	1	1	0	154.0	0.096	0.286	NaN	NaN	0.229	0.636	NaN	NaN	6.87	22.26	NaN	NaN	0.0	"2.5"	"F0034"	1	1	"PR"	628.981	"reverse"	140.389	0	1	0	0.0	0.0	0.0	null	630.764	0.089
13.3	0.05335	26625.0	2793.75	2306.25	NaN	NaN	NaN	0	0	0	0	0	0	0	0	0	0	0	0	0	0	0	0	0	0	0	0	1	0	0	0	1	160.0	0.094	0.289	NaN	NaN	0.224	0.642	NaN	NaN	6.72	22.47	NaN	NaN	0.0	"2.5"	"F0034"	0	0	"PR"	638.812	"diffuse"	0.2	0	1	1	0.0	0.0	0.0	null	640.595	0.097
2.8	0.054725	750.0	2962.5	2287.5	NaN	NaN	NaN	0	0	0	0	0	0	0	0	0	0	0	0	0	0	0	0	0	0	0	0	1	0	0	0	1	34.0	0.111	0.287	NaN	NaN	0.264	0.638	NaN	NaN	7.92	22.33	NaN	NaN	0.0	"2.5"	"F0034"	0	0	"PR"	648.949	"diffuse"	10.337	0	1	1	0.0	0.0	0.0	null	650.732	0.089
3.1	0.054175	2250.0	2990.625	2296.875	NaN	NaN	NaN	0	0	0	0	0	0	0	0	0	0	0	0	0	0	0	0	0	0	0	0	1	0	0	0	1	37.0	0.114	0.288	NaN	NaN	0.271	0.64	NaN	NaN	8.13	22.4	NaN	NaN	0.0	"2.5"	"F0034"	0	0	"PR"	658.991	"diffuse"	20.379	0	1	1	0.0	0.0	0.0	null	660.774	0.086
2.9	0.0539	-375.0	3018.75	2278.125	NaN	NaN	NaN	0	0	0	0	0	1	1	0	0	0	0	0	1	0	0	0	0	1	1	1	0	1	1	1	0	35.0	0.117	0.286	NaN	NaN	0.279	0.636	NaN	NaN	8.37	22.26	NaN	NaN	0.0	"2.5"	"F0034"	1	1	"PR"	668.828	"wash-en"	0.2	0	1	1	0.0	0.0	0.0	null	670.611	0.093
12.6	0.0539	25312.5	2821.875	2278.125	NaN	NaN	NaN	0	0	0	0	0	1	1	0	0	0	0	0	1	0	0	0	0	1	1	1	0	1	1	1	0	151.0	0.097	0.286	NaN	NaN	0.231	0.636	NaN	NaN	6.93	22.26	NaN	NaN	0.0	"2.5"	"F0034"	1	1	"PR"	679.163	"wash-en"	10.535	0	1	1	0.0	0.0	0.0	null	680.946	0.084
12.4	0.055275	25875.0	2850.0	2278.125	NaN	NaN	NaN	0	0	0	0	0	1	1	0	0	0	0	0	1	0	0	0	0	0	0	0	1	0	0	0	1	149.0	0.1	0.286	NaN	NaN	0.238	0.636	NaN	NaN	7.14	22.26	NaN	NaN	0.0	"2.5"	"F0034"	0	0	"PR"	689.001	"wash-sc"	0.2	0	1	1	0.0	0.0	0.0	null	690.784	0.098
-0.1	0.05555	27750.0	2803.125	2287.5	NaN	NaN	NaN	0	0	0	0	0	0	0	0	0	0	0	0	0	0	0	0	0	0	0	0	1	0	0	0	1	-1.0	0.095	0.287	NaN	NaN	0.226	0.638	NaN	NaN	6.78	22.33	NaN	NaN	0.0	"2.5"	"F0034"	0	0	"PR"	699.131	"diffuse"	0.201	0	1	2	0.0	0.0	0.0	null	700.914	0.087
2.8	0.055275	750.0	2981.25	2306.25	NaN	NaN	NaN	0	0	0	0	0	0	0	0	0	0	0	0	0	0	0	0	0	0	0	0	1	0	0	0	1	34.0	0.113	0.289	NaN	NaN	0.269	0.642	NaN	NaN	8.07	22.47	NaN	NaN	0.0	"2.5"	"F0034"	0	0	"PR"	709.167	"diffuse"	10.237	0	1	2	0.0	0.0	0.0	null	710.95	0.084
2.7	0.055275	750.0	3000.0	2287.5	NaN	NaN	NaN	0	0	0	0	0	0	0	0	0	0	0	0	0	0	0	0	0	0	0	0	1	0	0	0	1	32.0	0.115	0.287	NaN	NaN	0.274	0.638	NaN	NaN	8.22	22.33	NaN	NaN	0.0	"2.5"	"F0034"	0	0	"PR"	719.202	"diffuse"	20.272	0	1	2	0.0	0.0	0.0	null	720.985	0.084
2.0	0.0561	937.5	3000.0	2296.875	NaN	NaN	NaN	0	0	0	0	0	0	0	0	0	0	0	0	0	0	0	0	0	0	0	0	1	0	0	0	1	24.0	0.115	0.288	NaN	NaN	0.274	0.64	NaN	NaN	8.22	22.4	NaN	NaN	0.0	"2.5"	"F0034"	0	0	"PR"	729.04	"diffuse"	30.11	0	1	2	0.0	0.0	0.0	null	730.823	0.1
12.6	0.055275	26062.5	2821.875	2250.0	NaN	NaN	NaN	0	0	0	0	0	1	1	0	0	0	0	0	1	0	0	0	0	1	1	1	0	1	1	1	0	151.0	0.097	0.283	NaN	NaN	0.231	0.629	NaN	NaN	6.93	22.015	NaN	NaN	0.0	"2.5"	"F0034"	1	1	"PR"	739.168	"wash-en"	10.128	0	1	2	0.0	0.0	0.0	null	740.951	0.085
12.5	0.055275	25500.0	2840.625	2287.5	NaN	NaN	NaN	0	0	0	0	0	1	1	0	0	0	0	0	1	0	0	0	0	1	1	1	0	1	1	1	0	150.0	0.099	0.287	NaN	NaN	0.236	0.638	NaN	NaN	7.08	22.33	NaN	NaN	0.0	"2.5"	"F0034"	1	1	"PR"	749.206	"wash-en"	20.166	0	1	2	0.0	0.0	0.0	null	750.989	0.084
2.1	0.055	27000.0	2756.25	2287.5	NaN	NaN	NaN	0	0	0	0	0	1	1	0	0	0	0	0	1	0	0	0	0	0	0	0	1	0	0	0	1	25.0	0.091	0.287	NaN	NaN	0.217	0.638	NaN	NaN	6.51	22.33	NaN	NaN	0.0	"2.5"	"F0034"	0	0	"PR"	759.134	"wash-sc"	9.928	0	1	2	0.0	0.0	0.0	null	760.917	0.099
1.8	0.055275	1500.0	3018.75	2287.5	NaN	NaN	NaN	0	0	0	0	0	0	0	0	0	0	0	0	0	0	0	0	0	0	0	0	1	0	0	0	1	22.0	0.117	0.287	NaN	NaN	0.279	0.638	NaN	NaN	8.37	22.33	NaN	NaN	0.0	"2.5"	"F0034"	0	0	"PR"	769.173	"diffuse"	9.838	0	1	3	0.0	0.0	0.0	null	770.956	0.09
2.0	0.055825	375.0	3018.75	2287.5	NaN	NaN	NaN	0	0	0	0	0	0	0	0	0	0	0	0	0	0	0	0	0	0	0	0	1	0	0	0	1	24.0	0.117	0.287	NaN	NaN	0.279	0.638	NaN	NaN	8.37	22.33	NaN	NaN	0.0	"2.5"	"F0034"	0	0	"PR"	779.209	"diffuse"	19.874	0	1	3	0.0	0.0	0.0	null	780.992	0.09
1.3	0.0561	375.0	3000.0	2306.25	NaN	NaN	NaN	0	0	0	0	0	0	0	0	0	0	0	0	0	0	0	0	0	0	0	0	1	0	0	0	1	16.0	0.115	0.289	NaN	NaN	0.274	0.642	NaN	NaN	8.22	22.47	NaN	NaN	0.0	"2.5"	"F0034"	0	0	"PR"	789.24	"diffuse"	29.905	0	1	3	0.0	0.0	0.0	null	791.023	0.086
11.6	0.055275	26437.5	2793.75	2296.875	NaN	NaN	NaN	0	0	0	0	0	1	1	0	0	0	0	0	1	0	0	0	0	1	1	1	0	1	1	1	0	139.0	0.094	0.288	NaN	NaN	0.224	0.64	NaN	NaN	6.72	22.4	NaN	NaN	0.0	"2.5"	"F0034"	1	1	"PR"	799.17	"wash-en"	9.729	0	1	3	0.0	0.0	0.0	null	800.953	0.09
12.3	0.055275	26062.5	2840.625	2278.125	NaN	NaN	NaN	0	0	0	0	0	1	1	0	0	0	0	0	1	0	0	0	0	1	1	1	0	1	1	1	0	148.0	0.099	0.286	NaN	NaN	0.236	0.636	NaN	NaN	7.08	22.26	NaN	NaN	0.0	"2.5"	"F0034"	1	1	"PR"	809.203	"wash-en"	19.762	0	1	3	0.0	0.0	0.0	null	810.986	0.09
1.0	0.05555	26437.5	2803.125	2296.875	NaN	NaN	NaN	0	0	0	0	0	1	1	0	0	0	0	0	1	0	0	0	0	0	0	0	1	0	0	0	1	12.0	0.095	0.288	NaN	NaN	0.226	0.64	NaN	NaN	6.78	22.4	NaN	NaN	0.0	"2.5"	"F0034"	0	0	"PR"	819.127	"wash-sc"	9.522	0	1	3	0.0	0.0	0.0	null	820.91	0.101
1.3	0.055825	562.5	3000.0	2296.875	NaN	NaN	NaN	0	0	0	0	0	0	0	0	0	0	0	0	0	0	0	0	0	0	0	0	1	0	0	0	1	16.0	0.115	0.288	NaN	NaN	0.274	0.64	NaN	NaN	8.22	22.4	NaN	NaN	0.0	"2.5"	"F0034"	0	0	"PR"	829.162	"diffuse"	9.434	0	1	4	0.0	0.0	0.0	null	830.945	0.09
1.3	0.055275	1312.5	2990.625	2325.0	NaN	NaN	NaN	0	0	0	0	0	0	0	0	0	0	0	0	0	0	0	0	0	0	0	0	1	0	0	0	1	16.0	0.114	0.291	NaN	NaN	0.271	0.647	NaN	NaN	8.13	22.645	NaN	NaN	0.0	"2.5"	"F0034"	0	0	"PR"	839.201	"diffuse"	19.473	0	1	4	0.0	0.0	0.0	null	840.984	0.087
1.4	0.055825	1125.0	2990.625	2287.5	NaN	NaN	NaN	0	0	0	0	0	0	0	0	0	0	0	0	0	0	0	0	0	0	0	0	1	0	0	0	1	17.0	0.114	0.287	NaN	NaN	0.271	0.638	NaN	NaN	8.13	22.33	NaN	NaN	0.0	"2.5"	"F0034"	0	0	"PR"	849.239	"diffuse"	29.511	0	1	4	0.0	0.0	0.0	null	851.022	0.089
12.4	0.054725	25125.0	2803.125	2268.75	NaN	NaN	NaN	0	0	0	0	0	1	1	0	0	0	0	0	1	0	0	0	0	1	1	1	0	1	1	1	0	149.0	0.095	0.285	NaN	NaN	0.226	0.633	NaN	NaN	6.78	22.155	NaN	NaN	0.0	"2.5"	"F0034"	1	1	"PR"	859.168	"wash-en"	9.327	0	1	4	0.0	0.0	0.0	null	860.951	0.087
12.5	0.054725	24562.5	2850.0	2268.75	NaN	NaN	NaN	0	0	0	0	0	1	1	0	0	0	0	0	1	0	0	0	0	1	1	1	0	1	1	1	0	150.0	0.1	0.285	NaN	NaN	0.238	0.633	NaN	NaN	7.14	22.155	NaN	NaN	0.0	"2.5"	"F0034"	1	1	"PR"	869.206	"wash-en"	19.365	0	1	4	0.0	0.0	0.0	null	870.989	0.09
0.5	0.055275	25500.0	2840.625	2306.25	NaN	NaN	NaN	0	0	0	0	0	1	1	0	0	0	0	0	1	0	0	0	0	0	0	0	1	0	0	0	1	6.0	0.099	0.289	NaN	NaN	0.236	0.642	NaN	NaN	7.08	22.47	NaN	NaN	0.0	"2.5"	"F0034"	0	0	"PR"	879.326	"wash-sc"	9.318	0	1	4	0.0	0.0	0.0	null	881.109	0.09
1.1	0.055275	-937.5	2437.5	2287.5	NaN	NaN	NaN	0	0	0	0	1	0	0	0	0	0	0	0	0	0	0	0	0	0	0	0	1	0	0	0	1	13.0	0.059	0.287	NaN	NaN	0.14	0.638	NaN	NaN	4.2	22.33	NaN	NaN	0.0	"2.5"	"F0034"	0	0	"PR"	889.362	"drain-rg"	9.234	0	1	4	0.0	0.0	0.0	null	891.145	0.09
1.5	0.055	-1125.0	2156.25	2287.5	NaN	NaN	NaN	0	0	0	0	1	0	0	0	0	0	0	0	0	0	0	0	0	0	0	0	1	0	0	0	1	18.0	0.031	0.287	NaN	NaN	0.074	0.638	NaN	NaN	2.22	22.33	NaN	NaN	0.0	"2.5"	"F0034"	0	0	"PR"	899.399	"drain-rg"	19.271	0	1	4	0.0	0.0	0.0	null	901.182	0.091
2.0	0.055825	-562.5	1753.125	2287.5	NaN	NaN	NaN	0	0	0	0	1	0	0	0	0	0	0	0	0	0	0	0	0	0	0	0	1	0	0	0	1	24.0	-0.01	0.287	NaN	NaN	-0.024	0.638	NaN	NaN	-0.72	22.33	NaN	NaN	0.0	"2.5"	"F0034"	0	0	"PR"	909.233	"drip-rg"	2.206	0	1	4	0.0	0.0	0.0	null	911.016	0.095
1.2	0.055275	-375.0	-18.75	2250.0	NaN	NaN	NaN	0	0	0	0	1	0	0	0	0	0	0	0	0	0	0	0	0	0	0	0	1	0	0	0	1	14.0	-0.187	0.283	NaN	NaN	-0.445	0.629	NaN	NaN	-13.35	22.015	NaN	NaN	0.0	"2.5"	"F0034"	0	0	"PR"	919.271	"drip-rg"	12.244	0	1	4	0.0	0.0	0.0	null	921.054	0.085
1.1	0.055275	23812.5	1743.75	2156.25	NaN	NaN	NaN	0	0	1	0	0	1	0	0	0	0	0	0	1	0	0	0	0	0	0	0	1	0	0	0	1	13.0	-0.011	0.274	NaN	NaN	-0.026	0.609	NaN	NaN	-0.78	21.315	NaN	NaN	0.0	"2.5"	"F0034"	0	0	"FR"	6.439	"fill-rg-di"	6.239	1	1	0	924.065	0.0	0.0	null	931.126	0.087
-1.3	0.05445	25125.0	2156.25	1893.75	NaN	NaN	NaN	0	0	1	0	0	1	0	0	0	0	0	0	1	0	0	0	0	0	0	0	1	0	0	0	1	-16.0	0.031	0.247	NaN	NaN	0.074	0.549	NaN	NaN	2.22	19.215	NaN	NaN	0.0	"2.5"	"F0034"	0	0	"FR"	16.474	"fill-rg-di"	16.274	1	1	0	924.065	0.0	0.0	null	941.161	0.088
1.2	0.0528	25312.5	2475.0	1631.25	NaN	NaN	NaN	0	0	1	0	0	1	0	0	0	0	0	0	1	0	0	0	0	0	0	0	1	0	0	0	1	14.0	0.062	0.221	NaN	NaN	0.148	0.491	NaN	NaN	4.44	17.185	NaN	NaN	0.0	"2.5"	"F0034"	0	0	"FR"	26.512	"fill-rg-di"	26.312	1	1	0	924.065	0.0	0.0	null	951.199	0.09
1.3	0.050875	25687.5	2784.375	1340.625	NaN	NaN	NaN	0	0	1	0	0	1	0	0	0	0	0	0	1	0	0	0	0	0	0	0	1	0	0	0	1	16.0	0.093	0.192	NaN	NaN	0.221	0.427	NaN	NaN	6.63	14.945	NaN	NaN	0.0	"2.5"	"F0034"	0	0	"FR"	36.549	"fill-rg-di"	36.349	1	1	0	924.065	0.0	0.0	null	961.236	0.087
1.7	0.049775	27937.5	3093.75	1143.75	NaN	NaN	NaN	0	0	1	0	0	1	0	0	0	0	0	0	1	0	0	0	0	0	0	0	1	0	0	0	1	20.0	0.124	0.172	NaN	NaN	0.295	0.382	NaN	NaN	8.85	13.37	NaN	NaN	0.0	"2.5"	"F0034"	0	0	"FR"	46.389	"fill-rg-di"	46.189	1	1	0	924.065	0.0	0.0	null	971.076	0.095
1.4	0.04895	1125.0	2896.875	993.75	NaN	NaN	NaN	0	0	0	0	1	0	0	0	0	0	0	0	0	0	0	0	0	0	0	0	1	0	0	0	1	17.0	0.105	0.157	NaN	NaN	0.25	0.349	NaN	NaN	7.5	12.215	NaN	NaN	0.0	"2.5"	"F0034"	0	0	"FR"	56.425	"drain-rg"	4.014	1	1	0	924.065	0.0	0.0	null	981.112	0.086
1.4	0.049775	375.0	2578.125	975.0	NaN	NaN	NaN	0	0	0	0	1	0	0	0	0	0	0	0	0	0	0	0	0	0	0	0	1	0	0	0	1	17.0	0.073	0.155	NaN	NaN	0.174	0.344	NaN	NaN	5.22	12.04	NaN	NaN	0.0	"2.5"	"F0034"	0	0	"FR"	66.461	"drain-rg"	14.05	1	1	0	924.065	0.0	0.0	null	991.148	0.086
1.6	0.049225	375.0	2193.75	993.75	NaN	NaN	NaN	0	0	0	0	1	0	0	0	0	0	0	0	0	0	0	0	0	0	0	0	1	0	0	0	1	19.0	0.034	0.157	NaN	NaN	0.081	0.349	NaN	NaN	2.43	12.215	NaN	NaN	0.0	"2.5"	"F0034"	0	0	"FR"	76.499	"drain-rg"	24.088	1	1	0	924.065	0.0	0.0	null	1001.186	0.09
1.1	0.04895	1125.0	1875.0	993.75	NaN	NaN	NaN	0	0	0	0	1	0	0	0	0	0	0	0	0	0	0	0	0	0	0	0	1	0	0	0	1	13.0	0.003	0.157	NaN	NaN	0.007	0.349	NaN	NaN	0.21	12.215	NaN	NaN	0.0	"2.5"	"F0034"	0	0	"FR"	86.533	"drain-rg"	34.122	1	1	0	924.065	0.0	0.0	null	1011.22	0.084
2.3	0.049775	1500.0	1153.125	993.75	NaN	NaN	NaN	0	0	0	0	1	0	0	0	0	0	0	0	0	0	0	0	0	0	0	0	1	0	0	0	1	28.0	-0.07	0.157	NaN	NaN	-0.167	0.349	NaN	NaN	-5.01	12.215	NaN	NaN	0.0	"2.5"	"F0034"	0	0	"FR"	96.57	"drip-rg"	9.836	1	1	0	924.065	0.0	0.0	null	1021.257	0.087
1.2	0.04895	23625.0	1668.75	900.0	NaN	NaN	NaN	0	0	1	0	0	1	0	0	0	0	0	0	1	0	0	0	0	0	0	0	1	0	0	0	1	14.0	-0.018	0.148	NaN	NaN	-0.043	0.329	NaN	NaN	-1.29	11.515	NaN	NaN	0.0	"2.5"	"F0034"	0	0	"PR"	4.032	"fill-rg-di"	3.831	1	0	0	924.065	0.0	1026.677	null	1031.329	0.089
1.0	0.0484	23250.0	2062.5	656.25	NaN	NaN	NaN	0	0	1	0	0	1	0	0	0	0	0	0	1	0	0	0	0	0	0	0	1	0	0	0	1	12.0	0.021	0.124	NaN	NaN	0.05	0.276	NaN	NaN	1.5	9.66	NaN	NaN	0.0	"2.5"	"F0034"	0	0	"PR"	13.872	"fill-rg-di"	13.671	1	0	0	924.065	0.0	1026.677	null	1041.169	0.087
0.7	0.047575	25687.5	2390.625	403.125	NaN	NaN	NaN	0	0	1	0	0	1	0	0	0	0	0	0	1	0	0	0	0	0	0	0	1	0	0	0	1	8.0	0.054	0.098	NaN	NaN	0.129	0.218	NaN	NaN	3.87	7.63	NaN	NaN	0.0	"2.5"	"F0034"	0	0	"PR"	23.909	"fill-rg-di"	23.708	1	0	0	924.065	0.0	1026.677	null	1051.206	0.086
1.3	0.0462	25312.5	2690.625	103.125	NaN	NaN	NaN	0	0	1	0	0	1	0	0	0	0	0	0	1	0	0	0	0	0	0	0	1	0	0	0	1	16.0	0.084	0.068	NaN	NaN	0.2	0.151	NaN	NaN	6.0	5.285	NaN	NaN	0.0	"2.5"	"F0034"	0	0	"PR"	33.946	"fill-rg-di"	33.745	1	0	0	924.065	0.0	1026.677	null	1061.243	0.09
0.6	0.0462	937.5	2765.625	281.25	NaN	NaN	NaN	1	0	0	0	0	0	0	0	0	0	0	0	0	1	0	0	0	0	0	0	1	0	0	0	1	7.0	0.092	0.086	NaN	NaN	0.219	0.191	NaN	NaN	6.57	6.685	NaN	NaN	0.0	"2.5"	"F0034"	0	0	"PR"	43.984	"fill-di-lb"	7.428	1	0	0	924.065	0.0	1026.677	null	1071.281	0.087
1.4	0.045925	2250.0	2775.0	600.0	NaN	NaN	NaN	1	0	0	0	0	0	0	0	0	0	0	0	0	1	0	0	0	0	0	0	1	0	0	0	1	17.0	0.093	0.118	NaN	NaN	0.221	0.262	NaN	NaN	6.63	9.17	NaN	NaN	0.0	"2.5"	"F0034"	0	0	"PR"	54.024	"fill-di-lb"	17.468	1	0	0	924.065	0.0	1026.677	null	1081.321	0.086
1.2	0.0462	1312.5	2737.5	900.0	NaN	NaN	NaN	1	0	0	0	0	0	0	0	0	0	0	0	0	1	0	0	0	0	0	0	1	0	0	0	1	14.0	0.089	0.148	NaN	NaN	0.212	0.329	NaN	NaN	6.36	11.515	NaN	NaN	0.0	"2.5"	"F0034"	0	0	"PR"	64.065	"fill-di-lb"	27.509	1	0	0	924.065	0.0	1026.677	null	1091.362	0.087
1.1	0.0462	3000.0	2784.375	1209.375	NaN	NaN	NaN	1	0	0	0	0	0	0	0	0	0	0	0	0	1	0	0	0	0	0	0	1	0	0	0	1	13.0	0.093	0.179	NaN	NaN	0.221	0.398	NaN	NaN	6.63	13.93	NaN	NaN	0.0	"2.5"	"F0034"	0	0	"PR"	73.9	"fill-di-lb"	37.344	1	0	0	924.065	0.0	1026.677	null	1101.197	0.083
1.1	0.0462	1500.0	2765.625	1481.25	NaN	NaN	NaN	1	0	0	0	0	0	0	0	0	0	0	0	0	1	0	0	0	0	0	0	1	0	0	0	1	13.0	0.092	0.206	NaN	NaN	0.219	0.458	NaN	NaN	6.57	16.03	NaN	NaN	0.0	"2.5"	"F0034"	0	0	"PR"	83.931	"fill-di-lb"	47.375	1	0	0	924.065	0.0	1026.677	null	1111.228	0.083
1.1	0.0462	937.5	2775.0	1771.875	NaN	NaN	NaN	1	0	0	0	0	0	0	0	0	0	0	0	0	1	0	0	0	0	0	0	1	0	0	0	1	13.0	0.093	0.235	NaN	NaN	0.221	0.522	NaN	NaN	6.63	18.27	NaN	NaN	0.0	"2.5"	"F0034"	0	0	"PR"	93.971	"fill-di-lb"	57.415	1	0	0	924.065	0.0	1026.677	null	1121.268	0.088
1.0	0.046475	1875.0	2784.375	2062.5	NaN	NaN	NaN	1	0	0	0	0	0	0	0	0	0	0	0	0	1	0	0	0	0	0	0	1	0	0	0	1	12.0	0.093	0.264	NaN	NaN	0.221	0.587	NaN	NaN	6.63	20.545	NaN	NaN	0.0	"2.5"	"F0034"	0	0	"PR"	104.004	"fill-di-lb"	67.448	1	0	0	924.065	0.0	1026.677	null	1131.301	0.083
1.3	0.04565	26437.5	2896.875	2137.5	NaN	NaN	NaN	0	0	1	0	0	1	0	0	0	0	0	0	1	0	0	0	0	0	0	0	1	0	0	0	1	16.0	0.105	0.272	NaN	NaN	0.25	0.604	NaN	NaN	7.5	21.14	NaN	NaN	0.0	"2.5"	"F0034"	0	0	"PR"	114.039	"fill-rg-di"	4.214	1	0	0	924.065	0.0	1026.677	null	1141.336	0.084
12.4	0.0451	30187.5	2934.375	2512.5	NaN	NaN	NaN	0	1	1	0	0	0	0	0	0	0	0	0	1	0	0	0	0	1	1	1	0	1	1	1	0	149.0	0.108	0.309	NaN	NaN	0.257	0.687	NaN	NaN	7.71	24.045	NaN	NaN	0.0	"2.5"	"F0034"	1	1	"PR"	124.08	"deionize"	1.609	1	1	0	924.065	0.0	1026.677	null	1151.377	0.095
12.3	0.044825	29812.5	2981.25	2521.875	NaN	NaN	NaN	0	1	1	0	0	0	0	0	0	0	0	0	1	0	0	0	0	1	1	1	0	1	1	1	0	148.0	0.113	0.31	NaN	NaN	0.269	0.689	NaN	NaN	8.07	24.115	NaN	NaN	0.0	"2.5"	"F0034"	1	1	"PR"	134.113	"deionize"	11.642	1	1	0	924.065	0.0	1026.677	null	1161.41	0.087
12.6	0.04345	29250.0	2971.875	2550.0	NaN	NaN	NaN	0	1	1	0	0	0	0	0	0	0	0	0	1	0	0	0	0	1	1	1	0	1	1	1	0	151.0	0.112	0.313	NaN	NaN	0.267	0.696	NaN	NaN	8.01	24.36	NaN	NaN	0.0	"2.5"	"F0034"	1	1	"PR"	144.15	"deionize"	21.679	1	1	0	924.065	0.0	1026.677	null	1171.447	0.084
12.5	0.04345	29812.5	2962.5	2625.0	NaN	NaN	NaN	0	1	1	0	0	0	0	0	0	0	0	0	1	0	0	0	0	1	1	1	0	1	1	1	0	150.0	0.111	0.321	NaN	NaN	0.264	0.713	NaN	NaN	7.92	24.955	NaN	NaN	0.0	"2.5"	"F0034"	1	1	"PR"	153.987	"deionize"	31.516	1	1	0	924.065	0.0	1026.677	null	1181.284	0.087
11.9	0.0418	30562.5	2962.5	2540.625	NaN	NaN	NaN	0	1	1	0	0	0	0	0	0	0	0	0	1	0	0	0	0	1	1	1	0	1	1	1	0	143.0	0.111	0.312	NaN	NaN	0.264	0.693	NaN	NaN	7.92	24.255	NaN	NaN	0.0	"2.5"	"F0034"	1	1	"PR"	164.018	"deionize"	41.547	1	1	0	924.065	0.0	1026.677	null	1191.315	0.084
12.6	0.04125	30000.0	2971.875	2531.25	NaN	NaN	NaN	0	1	1	0	0	0	0	0	0	0	0	0	1	0	0	0	0	1	1	1	0	1	1	1	0	151.0	0.112	0.311	NaN	NaN	0.267	0.691	NaN	NaN	8.01	24.185	NaN	NaN	0.0	"2.5"	"F0034"	1	1	"PR"	174.055	"deionize"	51.584	1	1	0	924.065	0.0	1026.677	null	1201.352	0.084
12.4	0.039875	30937.5	2971.875	2484.375	NaN	NaN	NaN	0	1	1	0	0	0	0	0	0	0	0	0	1	0	0	0	0	1	1	1	0	1	1	1	0	149.0	0.112	0.306	NaN	NaN	0.267	0.68	NaN	NaN	8.01	23.8	NaN	NaN	0.0	"2.5"	"F0034"	1	1	"PR"	184.094	"deionize"	61.623	1	1	0	924.065	0.0	1026.677	null	1211.391	0.087
12.3	0.038775	29250.0	2962.5	2559.375	NaN	NaN	NaN	0	1	1	0	0	0	0	0	0	0	0	0	1	0	0	0	0	1	1	1	0	1	1	1	0	148.0	0.111	0.314	NaN	NaN	0.264	0.698	NaN	NaN	7.92	24.43	NaN	NaN	0.0	"2.5"	"F0034"	1	1	"PR"	194.128	"deionize"	71.657	1	1	0	924.065	0.0	1026.677	null	1221.425	0.084
14.0	0.03795	29250.0	2981.25	2540.625	NaN	NaN	NaN	0	1	1	0	0	0	0	0	0	0	0	0	1	0	0	0	0	1	1	1	0	1	1	1	0	168.0	0.113	0.312	NaN	NaN	0.269	0.693	NaN	NaN	8.07	24.255	NaN	NaN	0.0	"2.5"	"F0034"	1	1	"PR"	204.168	"deionize"	81.697	1	1	0	924.065	0.0	1026.677	null	1231.465	0.089
11.8	0.0374	30187.5	2971.875	2484.375	NaN	NaN	NaN	0	1	1	0	0	0	0	0	0	0	0	0	1	0	0	0	0	1	1	1	0	1	1	1	0	142.0	0.112	0.306	NaN	NaN	0.267	0.68	NaN	NaN	8.01	23.8	NaN	NaN	0.0	"2.5"	"F0034"	1	1	"PR"	214.204	"deionize"	91.733	1	1	0	924.065	0.0	1026.677	null	1241.501	0.084
13.3	0.036575	31687.5	2981.25	2465.625	NaN	NaN	NaN	0	1	1	0	0	0	0	0	0	0	0	0	1	0	0	0	0	1	1	1	0	1	1	1	0	160.0	0.113	0.305	NaN	NaN	0.269	0.678	NaN	NaN	8.07	23.73	NaN	NaN	0.0	"2.5"	"F0034"	1	1	"PR"	224.238	"deionize"	101.767	1	1	0	924.065	0.0	1026.677	null	1251.535	0.087
12.7	0.0363	32250.0	2962.5	2475.0	NaN	NaN	NaN	0	1	1	0	0	0	0	0	0	0	0	0	1	0	0	0	0	1	1	1	0	1	1	1	0	152.0	0.111	0.305	NaN	NaN	0.264	0.678	NaN	NaN	7.92	23.73	NaN	NaN	0.0	"2.5"	"F0034"	1	1	"PR"	234.079	"deionize"	111.608	1	1	0	924.065	0.0	1026.677	null	1261.376	0.092
12.1	0.036025	30187.5	2971.875	2475.0	NaN	NaN	NaN	0	1	1	0	0	0	0	0	0	0	0	0	1	0	0	0	0	1	1	1	0	1	1	1	0	145.0	0.112	0.305	NaN	NaN	0.267	0.678	NaN	NaN	8.01	23.73	NaN	NaN	0.0	"2.5"	"F0034"	1	1	"PR"	244.115	"deionize"	121.644	1	1	0	924.065	0.0	1026.677	null	1271.412	0.09
12.4	0.03575	29812.5	2981.25	2475.0	NaN	NaN	NaN	0	1	1	0	0	0	0	0	0	0	0	0	1	0	0	0	0	1	1	1	0	1	1	1	0	149.0	0.113	0.305	NaN	NaN	0.269	0.678	NaN	NaN	8.07	23.73	NaN	NaN	0.0	"2.5"	"F0034"	1	1	"PR"	254.151	"deionize"	131.68	1	1	0	924.065	0.0	1026.677	null	1281.448	0.087
12.4	0.034925	30000.0	2971.875	2381.25	NaN	NaN	NaN	0	1	1	0	0	0	0	0	0	0	0	0	1	0	0	0	0	1	1	1	0	1	1	1	0	149.0	0.112	0.296	NaN	NaN	0.267	0.658	NaN	NaN	8.01	23.03	NaN	NaN	0.0	"2.5"	"F0034"	1	1	"PR"	264.187	"deionize"	141.716	1	1	0	924.065	0.0	1026.677	null	1291.484	0.085
12.6	0.034925	30187.5	2971.875	2446.875	NaN	NaN	NaN	0	1	1	0	0	0	0	0	0	0	0	0	1	0	0	0	0	1	1	1	0	1	1	1	0	151.0	0.112	0.303	NaN	NaN	0.267	0.673	NaN	NaN	8.01	23.555	NaN	NaN	0.0	"2.5"	"F0034"	1	1	"PR"	274.218	"deionize"	151.747	1	1	0	924.065	0.0	1026.677	null	1301.515	0.084
12.3	0.033825	29812.5	2953.125	2475.0	NaN	NaN	NaN	0	1	1	0	0	0	0	0	0	0	0	0	1	0	0	0	0	1	1	1	0	1	1	1	0	148.0	0.11	0.305	NaN	NaN	0.262	0.678	NaN	NaN	7.86	23.73	NaN	NaN	0.0	"2.5"	"F0034"	1	1	"PR"	284.249	"deionize"	161.778	1	1	0	924.065	0.0	1026.677	null	1311.546	0.084
12.7	0.03355	29812.5	2962.5	2437.5	NaN	NaN	NaN	0	1	1	0	0	0	0	0	0	0	0	0	1	0	0	0	0	1	1	1	0	1	1	1	0	152.0	0.111	0.302	NaN	NaN	0.264	0.671	NaN	NaN	7.92	23.485	NaN	NaN	0.0	"2.5"	"F0034"	1	1	"PR"	294.286	"deionize"	171.815	1	1	0	924.065	0.0	1026.677	null	1321.583	0.084
12.3	0.033275	30750.0	2962.5	2456.25	NaN	NaN	NaN	0	1	1	0	0	0	0	0	0	0	0	0	1	0	0	0	0	1	1	1	0	1	1	1	0	148.0	0.111	0.304	NaN	NaN	0.264	0.676	NaN	NaN	7.92	23.66	NaN	NaN	0.0	"2.5"	"F0034"	1	1	"PR"	304.318	"deionize"	181.847	1	1	0	924.065	0.0	1026.677	null	1331.615	0.084
12.3	0.032725	31125.0	2981.25	2390.625	NaN	NaN	NaN	0	1	1	0	0	0	0	0	0	0	0	0	1	0	0	0	0	1	1	1	0	1	1	1	0	148.0	0.113	0.297	NaN	NaN	0.269	0.66	NaN	NaN	8.07	23.1	NaN	NaN	0.0	"2.5"	"F0034"	1	1	"PR"	314.354	"deionize"	191.883	1	1	0	924.065	0.0	1026.677	null	1341.651	0.084
12.6	0.03245	30000.0	2971.875	2409.375	NaN	NaN	NaN	0	1	1	0	0	0	0	0	0	0	0	0	1	0	0	0	0	1	1	1	0	1	1	1	0	151.0	0.112	0.299	NaN	NaN	0.267	0.664	NaN	NaN	8.01	23.24	NaN	NaN	0.0	"2.5"	"F0034"	1	1	"PR"	324.195	"deionize"	201.724	1	1	0	924.065	0.0	1026.677	null	1351.492	0.087
12.1	0.032175	30000.0	2971.875	2409.375	NaN	NaN	NaN	0	1	1	0	0	0	0	0	0	0	0	0	1	0	0	0	0	1	1	1	0	1	1	1	0	145.0	0.112	0.299	NaN	NaN	0.267	0.664	NaN	NaN	8.01	23.24	NaN	NaN	0.0	"2.5"	"F0034"	1	1	"PR"	334.227	"deionize"	211.756	1	1	0	924.065	0.0	1026.677	null	1361.524	0.09
13.2	0.031625	30000.0	2981.25	2400.0	NaN	NaN	NaN	0	1	1	0	0	0	0	0	0	0	0	0	1	0	0	0	0	1	1	1	0	1	1	1	0	158.0	0.113	0.298	NaN	NaN	0.269	0.662	NaN	NaN	8.07	23.17	NaN	NaN	0.0	"2.5"	"F0034"	1	1	"PR"	344.263	"deionize"	221.792	1	1	0	924.065	0.0	1026.677	null	1371.56	0.088
11.8	0.031075	32250.0	2971.875	2409.375	NaN	NaN	NaN	0	1	1	0	0	0	0	0	0	0	0	0	1	0	0	0	0	1	1	1	0	1	1	1	0	142.0	0.112	0.299	NaN	NaN	0.267	0.664	NaN	NaN	8.01	23.24	NaN	NaN	0.0	"2.5"	"F0034"	1	1	"PR"	354.302	"deionize"	231.831	1	1	0	924.065	0.0	1026.677	null	1381.599	0.087
14.1	0.0308	30000.0	2971.875	2353.125	NaN	NaN	NaN	0	1	1	0	0	0	0	0	0	0	0	0	1	0	0	0	1	1	1	1	0	1	1	1	0	169.0	0.112	0.293	NaN	NaN	0.267	0.651	NaN	NaN	8.01	22.785	NaN	NaN	0.0	"2.5"	"F0034"	1	1	"PR"	364.242	"deionize-uv"	1.71	1	1	0	924.065	0.0	1026.677	null	1391.539	0.09
13.0	0.030525	30187.5	2971.875	2390.625	NaN	NaN	NaN	0	1	1	0	0	0	0	0	0	0	0	0	1	0	0	0	1	1	1	1	0	1	1	1	0	156.0	0.112	0.297	NaN	NaN	0.267	0.66	NaN	NaN	8.01	23.1	NaN	NaN	0.0	"2.5"	"F0034"	1	1	"PR"	374.283	"deionize-uv"	11.751	1	1	0	924.065	0.0	1026.677	null	1401.58	0.09
11.9	0.03025	30750.0	2971.875	2418.75	NaN	NaN	NaN	0	1	1	0	0	0	0	0	0	0	0	0	1	0	0	0	1	1	1	1	0	1	1	1	0	143.0	0.112	0.3	NaN	NaN	0.267	0.667	NaN	NaN	8.01	23.345	NaN	NaN	0.0	"2.5"	"F0034"	1	1	"PR"	384.323	"deionize-uv"	21.791	1	1	0	924.065	0.0	1026.677	null	1411.62	0.087
12.3	0.029425	29812.5	2962.5	2390.625	NaN	NaN	NaN	0	1	1	0	0	0	0	0	0	0	0	0	1	0	0	0	1	1	1	1	0	1	1	1	0	148.0	0.111	0.297	NaN	NaN	0.264	0.66	NaN	NaN	7.92	23.1	NaN	NaN	0.0	"2.5"	"F0034"	1	1	"PR"	394.364	"deionize-uv"	31.832	1	1	0	924.065	0.0	1026.677	null	1421.661	0.089
11.9	0.028875	30375.0	2953.125	2400.0	NaN	NaN	NaN	0	1	1	0	0	0	0	0	0	0	0	0	1	0	0	0	1	1	1	1	0	1	1	1	0	143.0	0.11	0.298	NaN	NaN	0.262	0.662	NaN	NaN	7.86	23.17	NaN	NaN	0.0	"2.5"	"F0034"	1	1	"PR"	404.4	"deionize-uv"	41.868	1	1	0	924.065	0.0	1026.677	null	1431.697	0.09
12.0	0.028875	31500.0	2971.875	2381.25	NaN	NaN	NaN	0	1	1	0	0	0	0	0	0	0	0	0	1	0	0	0	1	1	1	1	0	1	1	1	0	144.0	0.112	0.296	NaN	NaN	0.267	0.658	NaN	NaN	8.01	23.03	NaN	NaN	0.0	"2.5"	"F0034"	1	1	"PR"	414.437	"deionize-uv"	51.905	1	1	0	924.065	0.0	1026.677	null	1441.734	0.09
11.8	0.0286	31312.5	2981.25	2446.875	NaN	NaN	NaN	0	1	1	0	0	0	0	0	0	0	0	0	1	0	0	0	1	1	1	1	0	1	1	1	0	142.0	0.113	0.303	NaN	NaN	0.269	0.673	NaN	NaN	8.07	23.555	NaN	NaN	0.0	"2.5"	"F0034"	1	1	"PR"	424.276	"deionize-uv"	61.744	1	1	0	924.065	0.0	1026.677	null	1451.573	0.089
11.4	0.02805	29437.5	2962.5	2409.375	NaN	NaN	NaN	0	1	1	0	0	0	0	0	0	0	0	0	1	0	0	0	1	1	1	1	0	1	1	1	0	137.0	0.111	0.299	NaN	NaN	0.264	0.664	NaN	NaN	7.92	23.24	NaN	NaN	0.0	"2.5"	"F0034"	1	1	"PR"	434.309	"deionize-uv"	71.777	1	1	0	924.065	0.0	1026.677	null	1461.606	0.084
10.8	0.027225	29250.0	2962.5	2381.25	NaN	NaN	NaN	0	1	1	0	0	0	0	0	0	0	0	0	1	0	0	0	1	1	1	1	0	1	1	1	0	130.0	0.111	0.296	NaN	NaN	0.264	0.658	NaN	NaN	7.92	23.03	NaN	NaN	0.0	"2.5"	"F0034"	1	1	"PR"	444.35	"deionize-uv"	81.818	1	1	0	924.065	0.0	1026.677	null	1471.647	0.088
11.0	0.0275	30000.0	2962.5	2400.0	NaN	NaN	NaN	0	1	1	0	0	0	0	0	0	0	0	0	1	0	0	0	1	1	1	1	0	1	1	1	0	132.0	0.111	0.298	NaN	NaN	0.264	0.662	NaN	NaN	7.92	23.17	NaN	NaN	0.0	"2.5"	"F0034"	1	1	"PR"	454.384	"deionize-uv"	91.852	1	1	0	924.065	0.0	1026.677	null	1481.681	0.09
10.8	0.02695	31312.5	2971.875	2343.75	NaN	NaN	NaN	0	1	1	0	0	0	0	0	0	0	0	0	1	0	0	0	1	1	1	1	0	1	1	1	0	130.0	0.112	0.292	NaN	NaN	0.267	0.649	NaN	NaN	8.01	22.715	NaN	NaN	0.0	"2.5"	"F0034"	1	1	"PR"	464.42	"deionize-uv"	101.888	1	1	0	924.065	0.0	1026.677	null	1491.717	0.09
10.6	0.02695	30937.5	2971.875	2428.125	NaN	NaN	NaN	0	1	1	0	0	0	0	0	0	0	0	0	1	0	0	0	1	1	1	1	0	1	1	1	0	127.0	0.112	0.301	NaN	NaN	0.267	0.669	NaN	NaN	8.01	23.415	NaN	NaN	0.0	"2.5"	"F0034"	1	1	"PR"	474.454	"deionize-uv"	111.922	1	1	0	924.065	0.0	1026.677	null	1501.751	0.091
10.1	0.026125	29625.0	2981.25	2081.25	NaN	NaN	NaN	0	0	1	0	0	0	0	1	0	0	0	0	1	0	0	0	1	1	1	1	0	1	1	1	0	121.0	0.113	0.266	NaN	NaN	0.269	0.591	NaN	NaN	8.07	20.685	NaN	NaN	0.0	"2.5"	"F0034"	1	1	"PR"	484.419	"drain-di-1"	1.733	1	1	0	924.065	0.0	1026.677	null	1511.716	0.091
11.1	0.026125	30375.0	2962.5	1800.0	NaN	NaN	NaN	0	0	1	0	0	0	0	1	0	0	0	0	1	0	0	0	1	1	1	1	0	1	1	1	0	133.0	0.111	0.238	NaN	NaN	0.264	0.529	NaN	NaN	7.92	18.515	NaN	NaN	0.0	"2.5"	"F0034"	1	1	"PR"	494.455	"drain-di-1"	11.769	1	1	0	924.065	0.0	1026.677	null	1521.752	0.087
9.1	0.02585	30187.5	2962.5	1556.25	NaN	NaN	NaN	0	0	1	0	0	0	0	1	0	0	0	0	1	0	0	0	1	1	1	1	0	1	1	1	0	109.0	0.111	0.214	NaN	NaN	0.264	0.476	NaN	NaN	7.92	16.66	NaN	NaN	0.0	"2.5"	"F0034"	1	1	"PR"	504.494	"drain-di-1"	21.808	1	1	0	924.065	0.0	1026.677	null	1531.791	0.09
10.4	0.025575	28687.5	2953.125	1275.0	NaN	NaN	NaN	0	0	1	0	0	0	0	1	0	0	0	0	1	0	0	0	1	1	1	1	0	1	1	1	0	125.0	0.11	0.185	NaN	NaN	0.262	0.411	NaN	NaN	7.86	14.385	NaN	NaN	0.0	"2.5"	"F0034"	1	1	"PR"	514.531	"drain-di-1"	31.845	1	1	0	924.065	0.0	1026.677	null	1541.828	0.09
9.8	0.025575	29625.0	2962.5	1059.375	NaN	NaN	NaN	0	0	1	0	0	0	0	1	0	0	0	0	1	0	0	0	1	1	1	1	0	1	1	1	0	118.0	0.111	0.164	NaN	NaN	0.264	0.364	NaN	NaN	7.92	12.74	NaN	NaN	0.0	"2.5"	"F0034"	1	1	"PR"	524.572	"drain-di-1"	41.886	1	1	0	924.065	0.0	1026.677	null	1551.869	0.092
10.1	0.025025	29625.0	2962.5	806.25	NaN	NaN	NaN	0	0	1	0	0	0	0	1	0	0	0	0	1	0	0	0	1	1	1	1	0	1	1	1	0	121.0	0.111	0.139	NaN	NaN	0.264	0.309	NaN	NaN	7.92	10.815	NaN	NaN	0.0	"2.5"	"F0034"	1	1	"PR"	534.405	"drain-di-1"	51.719	1	1	0	924.065	0.0	1026.677	null	1561.702	0.087
10.1	0.024475	30375.0	2971.875	562.5	NaN	NaN	NaN	0	0	1	0	0	0	0	1	0	0	0	0	1	0	0	0	1	1	1	1	0	1	1	1	0	121.0	0.112	0.114	NaN	NaN	0.267	0.253	NaN	NaN	8.01	8.855	NaN	NaN	0.0	"2.5"	"F0034"	1	1	"PR"	544.437	"drain-di-1"	61.751	1	1	0	924.065	0.0	1026.677	null	1571.734	0.086
8.9	0.0253	30375.0	2943.75	318.75	NaN	NaN	NaN	0	0	1	0	0	0	0	1	0	0	0	0	1	0	0	0	1	1	1	1	0	1	1	1	0	107.0	0.109	0.09	NaN	NaN	0.26	0.2	NaN	NaN	7.8	7.0	NaN	NaN	0.0	"2.5"	"F0034"	1	1	"PR"	554.479	"drain-di-1"	71.793	1	1	0	924.065	0.0	1026.677	null	1581.776	0.087
10.1	0.025025	30000.0	2971.875	65.625	NaN	NaN	NaN	0	0	1	0	0	0	0	1	0	0	0	0	1	0	0	0	1	1	1	1	0	1	1	1	0	121.0	0.112	0.065	NaN	NaN	0.267	0.144	NaN	NaN	8.01	5.04	NaN	NaN	0.0	"2.5"	"F0034"	1	1	"PR"	564.315	"drip-di-1"	0.2	1	1	0	924.065	0.0	1026.677	null	1591.612	0.093
9.5	0.025025	29812.5	2953.125	-178.125	NaN	NaN	NaN	0	0	1	0	0	0	0	1	0	0	0	0	1	0	0	0	1	1	1	1	0	1	1	1	0	114.0	0.11	0.04	NaN	NaN	0.262	0.089	NaN	NaN	7.86	3.115	NaN	NaN	0.0	"2.5"	"F0034"	1	1	"PR"	574.464	"drip-di-1"	10.349	1	1	0	924.065	0.0	1026.677	null	1601.761	0.089
-12.2	0.025025	24562.5	2784.375	-18.75	NaN	NaN	NaN	1	0	0	0	0	1	1	0	0	0	0	0	1	1	0	0	0	1	1	0	1	1	1	0	1	-146.0	0.093	0.056	NaN	NaN	0.221	0.124	NaN	NaN	6.63	4.34	NaN	NaN	0.0	"2.5"	"F0034"	1	0	"PR"	584.471	"reverse-f"	5.188	1	1	0	924.065	0.0	1026.677	null	1611.768	0.089
-12.0	0.02695	27375.0	2821.875	290.625	NaN	NaN	NaN	1	0	0	0	0	1	1	0	0	0	0	0	1	1	0	0	0	1	1	0	1	1	1	0	1	-144.0	0.097	0.087	NaN	NaN	0.231	0.193	NaN	NaN	6.93	6.755	NaN	NaN	0.0	"2.5"	"F0034"	1	0	"PR"	594.506	"reverse-f"	15.223	1	1	0	924.065	0.0	1026.677	null	1621.803	0.083
-12.1	0.029975	26812.5	2784.375	600.0	NaN	NaN	NaN	1	0	0	0	0	1	1	0	0	0	0	0	1	1	0	0	0	1	1	0	1	1	1	0	1	-145.0	0.093	0.118	NaN	NaN	0.221	0.262	NaN	NaN	6.63	9.17	NaN	NaN	0.0	"2.5"	"F0034"	1	0	"PR"	604.535	"reverse-f"	25.252	1	1	0	924.065	0.0	1026.677	null	1631.832	0.086
-11.5	0.03245	27562.5	2784.375	900.0	NaN	NaN	NaN	1	0	0	0	0	1	1	0	0	0	0	0	1	1	0	0	0	1	1	0	1	1	1	0	1	-138.0	0.093	0.148	NaN	NaN	0.221	0.329	NaN	NaN	6.63	11.515	NaN	NaN	0.0	"2.5"	"F0034"	1	0	"PR"	614.577	"reverse-f"	35.294	1	1	0	924.065	0.0	1026.677	null	1641.874	0.089
-12.0	0.035475	24937.5	2793.75	1181.25	NaN	NaN	NaN	1	0	0	0	0	1	1	0	0	0	0	0	1	1	0	0	0	1	1	0	1	1	1	0	1	-144.0	0.094	0.176	NaN	NaN	0.224	0.391	NaN	NaN	6.72	13.685	NaN	NaN	0.0	"2.5"	"F0034"	1	0	"PR"	624.611	"reverse-f"	45.328	1	1	0	924.065	0.0	1026.677	null	1651.908	0.086
-11.9	0.038225	25875.0	2812.5	1462.5	NaN	NaN	NaN	1	0	0	0	0	1	1	0	0	0	0	0	1	1	0	0	0	1	1	0	1	1	1	0	1	-143.0	0.096	0.204	NaN	NaN	0.229	0.453	NaN	NaN	6.87	15.855	NaN	NaN	0.0	"2.5"	"F0034"	1	0	"PR"	634.643	"reverse-f"	55.36	1	1	0	924.065	0.0	1026.677	null	1661.94	0.086
-10.8	0.0407	26812.5	2831.25	1771.875	NaN	NaN	NaN	1	0	0	0	0	1	1	0	0	0	0	0	1	1	0	0	0	1	1	0	1	1	1	0	1	-130.0	0.098	0.235	NaN	NaN	0.233	0.522	NaN	NaN	6.99	18.27	NaN	NaN	0.0	"2.5"	"F0034"	1	0	"PR"	644.682	"reverse-f"	65.399	1	1	0	924.065	0.0	1026.677	null	1671.979	0.087
-12.0	0.04345	26812.5	2812.5	2081.25	NaN	NaN	NaN	1	0	0	0	0	1	1	0	0	0	0	0	1	1	0	0	0	1	1	0	1	1	1	0	1	-144.0	0.096	0.266	NaN	NaN	0.229	0.591	NaN	NaN	6.87	20.685	NaN	NaN	0.0	"2.5"	"F0034"	1	0	"PR"	654.716	"reverse-f"	75.433	1	1	0	924.065	0.0	1026.677	null	1682.013	0.083
-11.3	0.044825	26625.0	2812.5	2268.75	NaN	NaN	NaN	0	0	0	0	0	1	1	0	0	0	0	0	1	0	0	0	0	1	1	0	1	1	1	0	1	-136.0	0.096	0.285	NaN	NaN	0.229	0.633	NaN	NaN	6.87	22.155	NaN	NaN	0.0	"2.5"	"F0034"	1	0	"PR"	664.666	"reverse"	85.383	1	1	0	924.065	0.0	1026.677	null	1691.963	0.088
-11.8	0.0462	26437.5	2803.125	2259.375	NaN	NaN	NaN	0	0	0	0	0	1	1	0	0	0	0	0	1	0	0	0	0	1	1	0	1	1	1	0	1	-142.0	0.095	0.284	NaN	NaN	0.226	0.631	NaN	NaN	6.78	22.085	NaN	NaN	0.0	"2.5"	"F0034"	1	0	"PR"	674.705	"reverse"	95.422	1	1	0	924.065	0.0	1026.677	null	1702.002	0.086
-9.8	0.047575	27187.5	2821.875	2278.125	NaN	NaN	NaN	0	0	0	0	0	1	1	0	0	0	0	0	1	0	0	0	0	1	1	0	1	1	1	0	1	-118.0	0.097	0.286	NaN	NaN	0.231	0.636	NaN	NaN	6.93	22.26	NaN	NaN	0.0	"2.5"	"F0034"	1	0	"PR"	684.737	"reverse"	105.454	1	1	0	924.065	0.0	1026.677	null	1712.034	0.086
-11.7	0.048125	27000.0	2784.375	2259.375	NaN	NaN	NaN	0	0	0	0	0	1	1	0	0	0	0	0	1	0	0	0	0	1	1	0	1	1	1	0	1	-140.0	0.093	0.284	NaN	NaN	0.221	0.631	NaN	NaN	6.63	22.085	NaN	NaN	0.0	"2.5"	"F0034"	1	0	"PR"	694.576	"reverse"	115.293	1	1	0	924.065	0.0	1026.677	null	1721.873	0.088
-11.8	0.049225	25875.0	2840.625	2278.125	NaN	NaN	NaN	0	0	0	0	0	1	1	0	0	0	0	0	1	0	0	0	0	1	1	0	1	1	1	0	1	-142.0	0.099	0.286	NaN	NaN	0.236	0.636	NaN	NaN	7.08	22.26	NaN	NaN	0.0	"2.5"	"F0034"	1	0	"PR"	704.612	"reverse"	125.329	1	1	0	924.065	0.0	1026.677	null	1731.909	0.083
-11.9	0.049775	27562.5	2821.875	2278.125	NaN	NaN	NaN	0	0	0	0	0	1	1	0	0	0	0	0	1	0	0	0	0	1	1	0	1	1	1	0	1	-143.0	0.097	0.286	NaN	NaN	0.231	0.636	NaN	NaN	6.93	22.26	NaN	NaN	0.0	"2.5"	"F0034"	1	0	"PR"	714.647	"reverse"	135.364	1	1	0	924.065	0.0	1026.677	null	1741.944	0.086
-11.7	0.05005	26437.5	2793.75	2278.125	NaN	NaN	NaN	0	0	0	0	0	1	1	0	0	0	0	0	1	0	0	0	0	1	1	0	1	1	1	0	1	-140.0	0.094	0.286	NaN	NaN	0.224	0.636	NaN	NaN	6.72	22.26	NaN	NaN	0.0	"2.5"	"F0034"	1	0	"PR"	724.683	"reverse"	145.4	1	1	0	924.065	0.0	1026.677	null	1751.98	0.087
-1.5	0.050875	937.5	2981.25	2306.25	NaN	NaN	NaN	0	0	0	0	0	0	0	0	0	0	0	0	0	0	0	0	0	0	0	0	1	0	0	0	1	-18.0	0.113	0.289	NaN	NaN	0.269	0.642	NaN	NaN	8.07	22.47	NaN	NaN	0.0	"2.5"	"F0034"	0	0	"PR"	734.808	"diffuse"	5.508	1	1	1	924.065	0.0	1026.677	null	1762.105	0.086
-2.7	0.049775	1875.0	2981.25	2278.125	NaN	NaN	NaN	0	0	0	0	0	0	0	0	0	0	0	0	0	0	0	0	0	0	0	0	1	0	0	0	1	-32.0	0.113	0.286	NaN	NaN	0.269	0.636	NaN	NaN	8.07	22.26	NaN	NaN	0.0	"2.5"	"F0034"	0	0	"PR"	744.643	"diffuse"	15.343	1	1	1	924.065	0.0	1026.677	null	1771.94	0.084
-1.7	0.050875	2250.0	2981.25	2278.125	NaN	NaN	NaN	0	0	0	0	0	0	0	0	0	0	0	0	0	0	0	0	0	0	0	0	1	0	0	0	1	-20.0	0.113	0.286	NaN	NaN	0.269	0.636	NaN	NaN	8.07	22.26	NaN	NaN	0.0	"2.5"	"F0034"	0	0	"PR"	754.682	"diffuse"	25.382	1	1	1	924.065	0.0	1026.677	null	1781.979	0.085
-11.9	0.0506	28500.0	2803.125	2278.125	NaN	NaN	NaN	0	0	0	0	0	1	1	0	0	0	0	0	1	0	0	0	0	1	1	0	1	1	1	0	1	-143.0	0.095	0.286	NaN	NaN	0.226	0.636	NaN	NaN	6.78	22.26	NaN	NaN	0.0	"2.5"	"F0034"	1	0	"PR"	764.806	"wash-en"	5.309	1	1	1	924.065	0.0	1026.677	null	1792.103	0.083
-12.1	0.050875	25312.5	2775.0	2278.125	NaN	NaN	NaN	0	0	0	0	0	1	1	0	0	0	0	0	1	0	0	0	0	1	1	0	1	1	1	0	1	-145.0	0.093	0.286	NaN	NaN	0.221	0.636	NaN	NaN	6.63	22.26	NaN	NaN	0.0	"2.5"	"F0034"	1	0	"PR"	774.836	"wash-en"	15.339	1	1	1	924.065	0.0	1026.677	null	1802.133	0.083
-0.2	0.053075	27562.5	2821.875	2278.125	NaN	NaN	NaN	0	0	0	0	0	1	1	0	0	0	0	0	1	0	0	0	0	0	0	0	1	0	0	0	1	-2.0	0.097	0.286	NaN	NaN	0.231	0.636	NaN	NaN	6.93	22.26	NaN	NaN	0.0	"2.5"	"F0034"	0	0	"PR"	784.766	"wash-sc"	5.111	1	1	1	924.065	0.0	1026.677	null	1812.063	0.086
-1.2	0.05225	1875.0	2990.625	2287.5	NaN	NaN	NaN	0	0	0	0	0	0	0	0	0	0	0	0	0	0	0	0	0	0	0	0	1	0	0	0	1	-14.0	0.114	0.287	NaN	NaN	0.271	0.638	NaN	NaN	8.13	22.33	NaN	NaN	0.0	"2.5"	"F0034"	0	0	"PR"	794.802	"diffuse"	5.016	1	1	2	924.065	0.0	1026.677	null	1822.099	0.083
-1.2	0.051975	-562.5	2953.125	2278.125	NaN	NaN	NaN	0	0	0	0	0	0	0	0	0	0	0	0	0	0	0	0	0	0	0	0	1	0	0	0	1	-14.0	0.11	0.286	NaN	NaN	0.262	0.636	NaN	NaN	7.86	22.26	NaN	NaN	0.0	"2.5"	"F0034"	0	0	"PR"	804.836	"diffuse"	15.05	1	1	2	924.065	0.0	1026.677	null	1832.133	0.086
-1.5	0.0528	375.0	2981.25	2278.125	NaN	NaN	NaN	0	0	0	0	0	0	0	0	0	0	0	0	0	0	0	0	0	0	0	0	1	0	0	0	1	-18.0	0.113	0.286	NaN	NaN	0.269	0.636	NaN	NaN	8.07	22.26	NaN	NaN	0.0	"2.5"	"F0034"	0	0	"PR"	814.876	"diffuse"	25.09	1	1	2	924.065	0.0	1026.677	null	1842.173	0.086
-11.9	0.051975	26062.5	2793.75	2278.125	NaN	NaN	NaN	0	0	0	0	0	1	1	0	0	0	0	0	1	0	0	0	0	1	1	0	1	1	1	0	1	-143.0	0.094	0.286	NaN	NaN	0.224	0.636	NaN	NaN	6.72	22.26	NaN	NaN	0.0	"2.5"	"F0034"	1	0	"PR"	824.806	"wash-en"	4.911	1	1	2	924.065	0.0	1026.677	null	1852.103	0.086
-13.2	0.051975	26812.5	2812.5	2268.75	NaN	NaN	NaN	0	0	0	0	0	1	1	0	0	0	0	0	1	0	0	0	0	1	1	0	1	1	1	0	1	-158.0	0.096	0.285	NaN	NaN	0.229	0.633	NaN	NaN	6.87	22.155	NaN	NaN	0.0	"2.5"	"F0034"	1	0	"PR"	834.84	"wash-en"	14.945	1	1	2	924.065	0.0	1026.677	null	1862.137	0.084
-0.4	0.0528	26625.0	2793.75	2278.125	NaN	NaN	NaN	0	0	0	0	0	1	1	0	0	0	0	0	1	0	0	0	0	0	0	0	1	0	0	0	1	-5.0	0.094	0.286	NaN	NaN	0.224	0.636	NaN	NaN	6.72	22.26	NaN	NaN	0.0	"2.5"	"F0034"	0	0	"PR"	844.77	"wash-sc"	4.709	1	1	2	924.065	0.0	1026.677	null	1872.067	0.093
-1.0	0.05225	937.5	2971.875	2296.875	NaN	NaN	NaN	0	0	0	0	0	0	0	0	0	0	0	0	0	0	0	0	0	0	0	0	1	0	0	0	1	-12.0	0.112	0.288	NaN	NaN	0.267	0.64	NaN	NaN	8.01	22.4	NaN	NaN	0.0	"2.5"	"F0034"	0	0	"PR"	854.808	"diffuse"	4.619	1	1	3	924.065	0.0	1026.677	null	1882.105	0.087
-0.4	0.0528	1875.0	2981.25	2296.875	NaN	NaN	NaN	0	0	0	0	0	0	0	0	0	0	0	0	0	0	0	0	0	0	0	0	1	0	0	0	1	-5.0	0.113	0.288	NaN	NaN	0.269	0.64	NaN	NaN	8.07	22.4	NaN	NaN	0.0	"2.5"	"F0034"	0	0	"PR"	864.844	"diffuse"	14.655	1	1	3	924.065	0.0	1026.677	null	1892.141	0.09
-1.2	0.0528	2625.0	2981.25	2278.125	NaN	NaN	NaN	0	0	0	0	0	0	0	0	0	0	0	0	0	0	0	0	0	0	0	0	1	0	0	0	1	-14.0	0.113	0.286	NaN	NaN	0.269	0.636	NaN	NaN	8.07	22.26	NaN	NaN	0.0	"2.5"	"F0034"	0	0	"PR"	874.882	"diffuse"	24.693	1	1	3	924.065	0.0	1026.677	null	1902.179	0.086
-11.8	0.05225	27562.5	2784.375	2268.75	NaN	NaN	NaN	0	0	0	0	0	1	1	0	0	0	0	0	1	0	0	0	0	1	1	0	1	1	1	0	1	-142.0	0.093	0.285	NaN	NaN	0.221	0.633	NaN	NaN	6.63	22.155	NaN	NaN	0.0	"2.5"	"F0034"	1	0	"PR"	884.821	"wash-en"	4.521	1	1	3	924.065	0.0	1026.677	null	1912.118	0.09
-11.5	0.051975	29062.5	2812.5	2259.375	NaN	NaN	NaN	0	0	0	0	0	1	1	0	0	0	0	0	1	0	0	0	0	1	1	0	1	1	1	0	1	-138.0	0.096	0.284	NaN	NaN	0.229	0.631	NaN	NaN	6.87	22.085	NaN	NaN	0.0	"2.5"	"F0034"	1	0	"PR"	894.861	"wash-en"	14.561	1	1	3	924.065	0.0	1026.677	null	1922.158	0.091
-0.3	0.0528	26062.5	2831.25	2278.125	NaN	NaN	NaN	0	0	0	0	0	1	1	0	0	0	0	0	1	0	0	0	0	0	0	0	1	0	0	0	1	-4.0	0.098	0.286	NaN	NaN	0.233	0.636	NaN	NaN	6.99	22.26	NaN	NaN	0.0	"2.5"	"F0034"	0	0	"PR"	904.987	"wash-sc"	4.507	1	1	3	924.065	0.0	1026.677	null	1932.284	0.085
-0.4	0.053075	1875.0	2953.125	2278.125	NaN	NaN	NaN	0	0	0	0	0	0	0	0	0	0	0	0	0	0	0	0	0	0	0	0	1	0	0	0	1	-5.0	0.11	0.286	NaN	NaN	0.262	0.636	NaN	NaN	7.86	22.26	NaN	NaN	0.0	"2.5"	"F0034"	0	0	"PR"	914.824	"diffuse"	4.216	1	1	4	924.065	0.0	1026.677	null	1942.121	0.087
-0.1	0.0528	1125.0	2981.25	2306.25	NaN	NaN	NaN	0	0	0	0	0	0	0	0	0	0	0	0	0	0	0	0	0	0	0	0	1	0	0	0	1	-1.0	0.113	0.289	NaN	NaN	0.269	0.642	NaN	NaN	8.07	22.47	NaN	NaN	0.0	"2.5"	"F0034"	0	0	"PR"	924.859	"diffuse"	14.251	1	1	4	924.065	0.0	1026.677	null	1952.156	0.091
-0.4	0.05225	1687.5	2981.25	2278.125	NaN	NaN	NaN	0	0	0	0	0	0	0	0	0	0	0	0	0	0	0	0	0	0	0	0	1	0	0	0	1	-5.0	0.113	0.286	NaN	NaN	0.269	0.636	NaN	NaN	8.07	22.26	NaN	NaN	0.0	"2.5"	"F0034"	0	0	"PR"	934.9	"diffuse"	24.292	1	1	4	924.065	0.0	1026.677	null	1962.197	0.09
-11.3	0.051975	27187.5	2784.375	2259.375	NaN	NaN	NaN	0	0	0	0	0	1	1	0	0	0	0	0	1	0	0	0	0	1	1	0	1	1	1	0	1	-136.0	0.093	0.284	NaN	NaN	0.221	0.631	NaN	NaN	6.63	22.085	NaN	NaN	0.0	"2.5"	"F0034"	1	0	"PR"	945.025	"wash-en"	4.305	1	1	4	924.065	0.0	1026.677	null	1972.322	0.083
-12.0	0.05225	28500.0	2821.875	2259.375	NaN	NaN	NaN	0	0	0	0	0	1	1	0	0	0	0	0	1	0	0	0	0	1	1	0	1	1	1	0	1	-144.0	0.097	0.284	NaN	NaN	0.231	0.631	NaN	NaN	6.93	22.085	NaN	NaN	0.0	"2.5"	"F0034"	1	0	"PR"	954.864	"wash-en"	14.144	1	1	4	924.065	0.0	1026.677	null	1982.161	0.09
1.4	0.0528	25312.5	2850.0	2278.125	NaN	NaN	NaN	0	0	0	0	0	1	1	0	0	0	0	0	1	0	0	0	0	0	0	0	1	0	0	0	1	17.0	0.1	0.286	NaN	NaN	0.238	0.636	NaN	NaN	7.14	22.26	NaN	NaN	0.0	"2.5"	"F0034"	0	0	"PR"	964.992	"wash-sc"	4.108	1	1	4	924.065	0.0	1026.677	null	1992.289	0.087
-0.3	0.052525	-1500.0	2653.125	2278.125	NaN	NaN	NaN	0	0	0	0	1	0	0	0	0	0	0	0	0	0	0	0	0	0	0	0	1	0	0	0	1	-4.0	0.08	0.286	NaN	NaN	0.19	0.636	NaN	NaN	5.7	22.26	NaN	NaN	0.0	"2.5"	"F0034"	0	0	"PR"	975.027	"drain-rg"	4.016	1	1	4	924.065	0.0	1026.677	null	2002.324	0.09
-0.3	0.052525	-1500.0	2306.25	2268.75	NaN	NaN	NaN	0	0	0	0	1	0	0	0	0	0	0	0	0	0	0	0	0	0	0	0	1	0	0	0	1	-4.0	0.046	0.285	NaN	NaN	0.11	0.633	NaN	NaN	3.3	22.155	NaN	NaN	0.0	"2.5"	"F0034"	0	0	"PR"	985.066	"drain-rg"	14.055	1	1	4	924.065	0.0	1026.677	null	2012.363	0.092
-0.1	0.05225	-562.5	1931.25	2278.125	NaN	NaN	NaN	0	0	0	0	1	0	0	0	0	0	0	0	0	0	0	0	0	0	0	0	1	0	0	0	1	-1.0	0.008	0.286	NaN	NaN	0.019	0.636	NaN	NaN	0.57	22.26	NaN	NaN	0.0	"2.5"	"F0034"	0	0	"PR"	994.9	"drain-rg"	23.889	1	1	4	924.065	0.0	1026.677	null	2022.197	0.087
-0.5	0.052525	-937.5	1443.75	2287.5	NaN	NaN	NaN	0	0	0	0	1	0	0	0	0	0	0	0	0	0	0	0	0	0	0	0	1	0	0	0	1	-6.0	-0.041	0.287	NaN	NaN	-0.098	0.638	NaN	NaN	-2.94	22.33	NaN	NaN	0.0	"2.5"	"F0034"	0	0	"PR"	1004.937	"drip-rg"	7.829	1	1	4	924.065	0.0	1026.677	null	2032.234	0.09
-0.1	0.0528	23625.0	487.5	2250.0	NaN	NaN	NaN	0	0	1	0	0	1	0	0	0	0	0	0	1	0	0	0	0	0	0	0	1	0	0	0	1	-1.0	-0.136	0.283	NaN	NaN	-0.324	0.629	NaN	NaN	-9.72	22.015	NaN	NaN	0.0	"2.5"	"F0034"	0	0	"FR"	2.027	"fill-rg-di"	1.826	2	1	0	2039.66	0.0	1026.677	null	2042.311	0.09
0.3	0.051975	25125.0	1996.875	2006.25	NaN	NaN	NaN	0	0	1	0	0	1	0	0	0	0	0	0	1	0	0	0	0	0	0	0	1	0	0	0	1	4.0	0.015	0.259	NaN	NaN	0.036	0.576	NaN	NaN	1.08	20.16	NaN	NaN	0.0	"2.5"	"F0034"	0	0	"FR"	12.061	"fill-rg-di"	11.86	2	1	0	2039.66	0.0	1026.677	null	2052.345	0.09
-0.1	0.0506	27000.0	2362.5	1734.375	NaN	NaN	NaN	0	0	1	0	0	1	0	0	0	0	0	0	1	0	0	0	0	0	0	0	1	0	0	0	1	-1.0	0.051	0.231	NaN	NaN	0.121	0.513	NaN	NaN	3.63	17.955	NaN	NaN	0.0	"2.5"	"F0034"	0	0	"FR"	22.098	"fill-rg-di"	21.897	2	1	0	2039.66	0.0	1026.677	null	2062.382	0.089
1.0	0.049775	24562.5	2662.5	1500.0	NaN	NaN	NaN	0	0	1	0	0	1	0	0	0	0	0	0	1	0	0	0	0	0	0	0	1	0	0	0	1	12.0	0.081	0.208	NaN	NaN	0.193	0.462	NaN	NaN	5.79	16.17	NaN	NaN	0.0	"2.5"	"F0034"	0	0	"FR"	32.131	"fill-rg-di"	31.93	2	1	0	2039.66	0.0	1026.677	null	2072.415	0.087
-0.1	0.0484	27375.0	2943.75	1228.125	NaN	NaN	NaN	0	0	1	0	0	1	0	0	0	0	0	0	1	0	0	0	0	0	0	0	1	0	0	0	1	-1.0	0.109	0.181	NaN	NaN	0.26	0.402	NaN	NaN	7.8	14.07	NaN	NaN	0.0	"2.5"	"F0034"	0	0	"FR"	42.175	"fill-rg-di"	41.974	2	1	0	2039.66	0.0	1026.677	null	2082.459	0.089
0.1	0.047575	25500.0	3271.875	993.75	NaN	NaN	NaN	0	0	1	0	0	1	0	0	0	0	0	0	1	0	0	0	0	0	0	0	1	0	0	0	1	1.0	0.142	0.157	NaN	NaN	0.338	0.349	NaN	NaN	10.14	12.215	NaN	NaN	0.0	"2.5"	"F0034"	0	0	"FR"	52.009	"fill-rg-di"	51.808	2	1	0	2039.66	0.0	1026.677	null	2092.293	0.086
-0.1	0.04785	937.5	2690.625	993.75	NaN	NaN	NaN	0	0	0	0	1	0	0	0	0	0	0	0	0	0	0	0	0	0	0	0	1	0	0	0	1	-1.0	0.084	0.157	NaN	NaN	0.2	0.349	NaN	NaN	6.0	12.215	NaN	NaN	0.0	"2.5"	"F0034"	0	0	"FR"	62.043	"drain-rg"	9.834	2	1	0	2039.66	0.0	1026.677	null	2102.327	0.086
-1.4	0.047575	375.0	2390.625	984.375	NaN	NaN	NaN	0	0	0	0	1	0	0	0	0	0	0	0	0	0	0	0	0	0	0	0	1	0	0	0	1	-17.0	0.054	0.156	NaN	NaN	0.129	0.347	NaN	NaN	3.87	12.145	NaN	NaN	0.0	"2.5"	"F0034"	0	0	"FR"	72.083	"drain-rg"	19.874	2	1	0	2039.66	0.0	1026.677	null	2112.367	0.088
0.3	0.047575	937.5	1987.5	1021.875	NaN	NaN	NaN	0	0	0	0	1	0	0	0	0	0	0	0	0	0	0	0	0	0	0	0	1	0	0	0	1	4.0	0.014	0.16	NaN	NaN	0.033	0.356	NaN	NaN	0.99	12.46	NaN	NaN	0.0	"2.5"	"F0034"	0	0	"FR"	82.12	"drain-rg"	29.911	2	1	0	2039.66	0.0	1026.677	null	2122.404	0.09
1.3	0.0473	750.0	1556.25	984.375	NaN	NaN	NaN	0	0	0	0	1	0	0	0	0	0	0	0	0	0	0	0	0	0	0	0	1	0	0	0	1	16.0	-0.029	0.156	NaN	NaN	-0.069	0.347	NaN	NaN	-2.07	12.145	NaN	NaN	0.0	"2.5"	"F0034"	0	0	"FR"	92.15	"drip-rg"	5.817	2	1	0	2039.66	0.0	1026.677	null	2132.434	0.09
-0.4	0.047025	0.0	28.125	984.375	NaN	NaN	NaN	0	0	0	0	0	0	0	0	0	0	0	0	0	0	0	0	0	0	0	0	1	0	0	0	1	-5.0	-0.182	0.156	NaN	NaN	-0.433	0.347	NaN	NaN	-12.99	12.145	NaN	NaN	0.0	"2.5"	"F0034"	0	0	"ID"	0.627	"sby"	0.2	2	0	0	2039.66	0.0	2141.868	null	2142.495	0.086
-0.1	0.047025	24937.5	1921.875	731.25	NaN	NaN	NaN	0	0	1	0	0	1	0	0	0	0	0	0	1	0	0	0	0	0	0	0	1	0	0	0	1	-1.0	0.007	0.131	NaN	NaN	0.017	0.291	NaN	NaN	0.51	10.185	NaN	NaN	0.0	"2.5"	"F0034"	0	0	"PR"	9.857	"fill-rg-di"	9.656	2	0	0	2039.66	0.0	2141.868	null	2152.352	0.087
-0.3	0.0462	24937.5	2278.125	487.5	NaN	NaN	NaN	0	0	1	0	0	1	0	0	0	0	0	0	1	0	0	0	0	0	0	0	1	0	0	0	1	-4.0	0.043	0.107	NaN	NaN	0.102	0.238	NaN	NaN	3.06	8.33	NaN	NaN	0.0	"2.5"	"F0034"	0	0	"PR"	19.893	"fill-rg-di"	19.692	2	0	0	2039.66	0.0	2141.868	null	2162.388	0.084
-0.1	0.045375	26062.5	2587.5	225.0	NaN	NaN	NaN	0	0	1	0	0	1	0	0	0	0	0	0	1	0	0	0	0	0	0	0	1	0	0	0	1	-1.0	0.074	0.081	NaN	NaN	0.176	0.18	NaN	NaN	5.28	6.3	NaN	NaN	0.0	"2.5"	"F0034"	0	0	"PR"	29.93	"fill-rg-di"	29.729	2	0	0	2039.66	0.0	2141.868	null	2172.425	0.086
-0.5	0.04455	2250.0	2793.75	168.75	NaN	NaN	NaN	1	0	0	0	0	0	0	0	0	0	0	0	0	1	0	0	0	0	0	0	1	0	0	0	1	-6.0	0.094	0.075	NaN	NaN	0.224	0.167	NaN	NaN	6.72	5.845	NaN	NaN	0.0	"2.5"	"F0034"	0	0	"PR"	39.968	"fill-di-lb"	3.413	2	0	0	2039.66	0.0	2141.868	null	2182.463	0.088
-0.2	0.0451	2625.0	2793.75	459.375	NaN	NaN	NaN	1	0	0	0	0	0	0	0	0	0	0	0	0	1	0	0	0	0	0	0	1	0	0	0	1	-2.0	0.094	0.104	NaN	NaN	0.224	0.231	NaN	NaN	6.72	8.085	NaN	NaN	0.0	"2.5"	"F0034"	0	0	"PR"	50.003	"fill-di-lb"	13.448	2	0	0	2039.66	0.0	2141.868	null	2192.498	0.086
0.2	0.0451	937.5	2784.375	768.75	NaN	NaN	NaN	1	0	0	0	0	0	0	0	0	0	0	0	0	1	0	0	0	0	0	0	1	0	0	0	1	2.0	0.093	0.135	NaN	NaN	0.221	0.3	NaN	NaN	6.63	10.5	NaN	NaN	0.0	"2.5"	"F0034"	0	0	"PR"	60.039	"fill-di-lb"	23.484	2	0	0	2039.66	0.0	2141.868	null	2202.534	0.086
-0.1	0.0451	1500.0	2784.375	1068.75	NaN	NaN	NaN	1	0	0	0	0	0	0	0	0	0	0	0	0	1	0	0	0	0	0	0	1	0	0	0	1	-1.0	0.093	0.165	NaN	NaN	0.221	0.367	NaN	NaN	6.63	12.845	NaN	NaN	0.0	"2.5"	"F0034"	0	0	"PR"	70.078	"fill-di-lb"	33.523	2	0	0	2039.66	0.0	2141.868	null	2212.573	0.09
-0.4	0.0451	2250.0	2793.75	1378.125	NaN	NaN	NaN	1	0	0	0	0	0	0	0	0	0	0	0	0	1	0	0	0	0	0	0	1	0	0	0	1	-5.0	0.094	0.196	NaN	NaN	0.224	0.436	NaN	NaN	6.72	15.26	NaN	NaN	0.0	"2.5"	"F0034"	0	0	"PR"	80.117	"fill-di-lb"	43.562	2	0	0	2039.66	0.0	2141.868	null	2222.612	0.09
-0.1	0.04455	3187.5	2784.375	1650.0	NaN	NaN	NaN	1	0	0	0	0	0	0	0	0	0	0	0	0	1	0	0	0	0	0	0	1	0	0	0	1	-1.0	0.093	0.223	NaN	NaN	0.221	0.496	NaN	NaN	6.63	17.36	NaN	NaN	0.0	"2.5"	"F0034"	0	0	"PR"	89.953	"fill-di-lb"	53.398	2	0	0	2039.66	0.0	2141.868	null	2232.448	0.084
-0.1	0.0451	3375.0	2784.375	1931.25	NaN	NaN	NaN	1	0	0	0	0	0	0	0	0	0	0	0	0	1	0	0	0	0	0	0	1	0	0	0	1	-1.0	0.093	0.251	NaN	NaN	0.221	0.558	NaN	NaN	6.63	19.53	NaN	NaN	0.0	"2.5"	"F0034"	0	0	"PR"	99.993	"fill-di-lb"	63.438	2	0	0	2039.66	0.0	2141.868	null	2242.488	0.084
-0.1	0.0451	1687.5	2784.375	2250.0	NaN	NaN	NaN	1	0	0	0	0	0	0	0	0	0	0	0	0	1	0	0	0	0	0	0	1	0	0	0	1	-1.0	0.093	0.283	NaN	NaN	0.221	0.629	NaN	NaN	6.63	22.015	NaN	NaN	0.0	"2.5"	"F0034"	0	0	"PR"	110.025	"fill-di-lb"	73.47	2	0	0	2039.66	0.0	2141.868	null	2252.52	0.083
-0.8	0.04455	4312.5	2962.5	2231.25	NaN	NaN	NaN	1	0	0	0	0	0	0	0	0	0	0	0	0	1	0	0	0	0	0	0	1	0	0	0	1	-10.0	0.111	0.281	NaN	NaN	0.264	0.624	NaN	NaN	7.92	21.84	NaN	NaN	0.0	"2.5"	"F0034"	0	0	"PR"	120.057	"fill-di"	4.014	2	0	0	2039.66	0.0	2141.868	null	2262.552	0.087
-12.0	0.044275	30562.5	2971.875	2550.0	NaN	NaN	NaN	0	1	1	0	0	0	0	0	0	0	0	0	1	0	0	0	0	1	1	0	1	1	1	0	1	-144.0	0.112	0.313	NaN	NaN	0.267	0.696	NaN	NaN	8.01	24.36	NaN	NaN	0.0	"2.5"	"F0034"	1	0	"PR"	130.1	"deionize"	8.438	2	1	0	2039.66	0.0	2141.868	null	2272.595	0.084
-11.8	0.044	30000.0	2953.125	2503.125	NaN	NaN	NaN	0	1	1	0	0	0	0	0	0	0	0	0	1	0	0	0	0	1	1	0	1	1	1	0	1	-142.0	0.11	0.308	NaN	NaN	0.262	0.684	NaN	NaN	7.86	23.94	NaN	NaN	0.0	"2.5"	"F0034"	1	0	"PR"	140.135	"deionize"	18.473	2	1	0	2039.66	0.0	2141.868	null	2282.63	0.084
-11.8	0.0429	30562.5	2962.5	2512.5	NaN	NaN	NaN	0	1	1	0	0	0	0	0	0	0	0	0	1	0	0	0	0	1	1	0	1	1	1	0	1	-142.0	0.111	0.309	NaN	NaN	0.264	0.687	NaN	NaN	7.92	24.045	NaN	NaN	0.0	"2.5"	"F0034"	1	0	"PR"	150.177	"deionize"	28.515	2	1	0	2039.66	0.0	2141.868	null	2292.672	0.089
-12.3	0.0418	29437.5	2953.125	2550.0	NaN	NaN	NaN	0	1	1	0	0	0	0	0	0	0	0	0	1	0	0	0	0	1	1	0	1	1	1	0	1	-148.0	0.11	0.313	NaN	NaN	0.262	0.696	NaN	NaN	7.86	24.36	NaN	NaN	0.0	"2.5"	"F0034"	1	0	"PR"	160.01	"deionize"	38.348	2	1	0	2039.66	0.0	2141.868	null	2302.505	0.084
-11.8	0.0418	31125.0	2962.5	2568.75	NaN	NaN	NaN	0	1	1	0	0	0	0	0	0	0	0	0	1	0	0	0	0	1	1	0	1	1	1	0	1	-142.0	0.111	0.315	NaN	NaN	0.264	0.7	NaN	NaN	7.92	24.5	NaN	NaN	0.0	"2.5"	"F0034"	1	0	"PR"	170.044	"deionize"	48.382	2	1	0	2039.66	0.0	2141.868	null	2312.539	0.084
-11.9	0.040425	30750.0	2962.5	2550.0	NaN	NaN	NaN	0	1	1	0	0	0	0	0	0	0	0	0	1	0	0	0	0	1	1	0	1	1	1	0	1	-143.0	0.111	0.313	NaN	NaN	0.264	0.696	NaN	NaN	7.92	24.36	NaN	NaN	0.0	"2.5"	"F0034"	1	0	"PR"	180.085	"deionize"	58.423	2	1	0	2039.66	0.0	2141.868	null	2322.58	0.085
-12.9	0.039325	30750.0	2962.5	2550.0	NaN	NaN	NaN	0	1	1	0	0	0	0	0	0	0	0	0	1	0	0	0	0	1	1	0	1	1	1	0	1	-155.0	0.111	0.313	NaN	NaN	0.264	0.696	NaN	NaN	7.92	24.36	NaN	NaN	0.0	"2.5"	"F0034"	1	0	"PR"	190.119	"deionize"	68.457	2	1	0	2039.66	0.0	2141.868	null	2332.614	0.084
-12.0	0.03905	29625.0	2953.125	2512.5	NaN	NaN	NaN	0	1	1	0	0	0	0	0	0	0	0	0	1	0	0	0	0	1	1	0	1	1	1	0	1	-144.0	0.11	0.309	NaN	NaN	0.262	0.687	NaN	NaN	7.86	24.045	NaN	NaN	0.0	"2.5"	"F0034"	1	0	"PR"	200.155	"deionize"	78.493	2	1	0	2039.66	0.0	2141.868	null	2342.65	0.084
-11.4	0.03795	29625.0	2953.125	2512.5	NaN	NaN	NaN	0	1	1	0	0	0	0	0	0	0	0	0	1	0	0	0	0	1	1	0	1	1	1	0	1	-137.0	0.11	0.309	NaN	NaN	0.262	0.687	NaN	NaN	7.86	24.045	NaN	NaN	0.0	"2.5"	"F0034"	1	0	"PR"	210.194	"deionize"	88.532	2	1	0	2039.66	0.0	2141.868	null	2352.689	0.086
-12.6	0.037675	30000.0	2953.125	2446.875	NaN	NaN	NaN	0	1	1	0	0	0	0	0	0	0	0	0	1	0	0	0	0	1	1	0	1	1	1	0	1	-151.0	0.11	0.303	NaN	NaN	0.262	0.673	NaN	NaN	7.86	23.555	NaN	NaN	0.0	"2.5"	"F0034"	1	0	"PR"	220.234	"deionize"	98.572	2	1	0	2039.66	0.0	2141.868	null	2362.729	0.084
-12.4	0.036575	29812.5	2962.5	2550.0	NaN	NaN	NaN	0	1	1	0	0	0	0	0	0	0	0	0	1	0	0	0	0	1	1	0	1	1	1	0	1	-149.0	0.111	0.313	NaN	NaN	0.264	0.696	NaN	NaN	7.92	24.36	NaN	NaN	0.0	"2.5"	"F0034"	1	0	"PR"	230.274	"deionize"	108.612	2	1	0	2039.66	0.0	2141.868	null	2372.769	0.087
-11.9	0.03685	29250.0	2953.125	2568.75	NaN	NaN	NaN	0	1	1	0	0	0	0	0	0	0	0	0	1	0	0	0	0	1	1	0	1	1	1	0	1	-143.0	0.11	0.315	NaN	NaN	0.262	0.7	NaN	NaN	7.86	24.5	NaN	NaN	0.0	"2.5"	"F0034"	1	0	"PR"	240.109	"deionize"	118.447	2	1	0	2039.66	0.0	2141.868	null	2382.604	0.084
-12.0	0.036025	30937.5	2953.125	2446.875	NaN	NaN	NaN	0	1	1	0	0	0	0	0	0	0	0	0	1	0	0	0	0	1	1	0	1	1	1	0	1	-144.0	0.11	0.303	NaN	NaN	0.262	0.673	NaN	NaN	7.86	23.555	NaN	NaN	0.0	"2.5"	"F0034"	1	0	"PR"	250.142	"deionize"	128.48	2	1	0	2039.66	0.0	2141.868	null	2392.637	0.085
-11.8	0.035475	30750.0	2971.875	2484.375	NaN	NaN	NaN	0	1	1	0	0	0	0	0	0	0	0	0	1	0	0	0	0	1	1	0	1	1	1	0	1	-142.0	0.112	0.306	NaN	NaN	0.267	0.68	NaN	NaN	8.01	23.8	NaN	NaN	0.0	"2.5"	"F0034"	1	0	"PR"	260.185	"deionize"	138.523	2	1	0	2039.66	0.0	2141.868	null	2402.68	0.085
-12.7	0.0352	30000.0	2971.875	2437.5	NaN	NaN	NaN	0	1	1	0	0	0	0	0	0	0	0	0	1	0	0	0	0	1	1	0	1	1	1	0	1	-152.0	0.112	0.302	NaN	NaN	0.267	0.671	NaN	NaN	8.01	23.485	NaN	NaN	0.0	"2.5"	"F0034"	1	0	"PR"	270.222	"deionize"	148.56	2	1	0	2039.66	0.0	2141.868	null	2412.717	0.084
-11.9	0.03465	31125.0	2971.875	2493.75	NaN	NaN	NaN	0	1	1	0	0	0	0	0	0	0	0	0	1	0	0	0	0	1	1	0	1	1	1	0	1	-143.0	0.112	0.307	NaN	NaN	0.267	0.682	NaN	NaN	8.01	23.87	NaN	NaN	0.0	"2.5"	"F0034"	1	0	"PR"	280.257	"deionize"	158.595	2	1	0	2039.66	0.0	2141.868	null	2422.752	0.084
-11.7	0.034925	30562.5	2971.875	2437.5	NaN	NaN	NaN	0	1	1	0	0	0	0	0	0	0	0	0	1	0	0	0	0	1	1	0	1	1	1	0	1	-140.0	0.112	0.302	NaN	NaN	0.267	0.671	NaN	NaN	8.01	23.485	NaN	NaN	0.0	"2.5"	"F0034"	1	0	"PR"	290.295	"deionize"	168.633	2	1	0	2039.66	0.0	2141.868	null	2432.79	0.084
-12.0	0.034375	29250.0	2953.125	2465.625	NaN	NaN	NaN	0	1	1	0	0	0	0	0	0	0	0	0	1	0	0	0	0	1	1	0	1	1	1	0	1	-144.0	0.11	0.305	NaN	NaN	0.262	0.678	NaN	NaN	7.86	23.73	NaN	NaN	0.0	"2.5"	"F0034"	1	0	"PR"	300.33	"deionize"	178.668	2	1	0	2039.66	0.0	2141.868	null	2442.825	0.084
-11.3	0.033825	31500.0	2953.125	2437.5	NaN	NaN	NaN	0	1	1	0	0	0	0	0	0	0	0	0	1	0	0	0	0	1	1	0	1	1	1	0	1	-136.0	0.11	0.302	NaN	NaN	0.262	0.671	NaN	NaN	7.86	23.485	NaN	NaN	0.0	"2.5"	"F0034"	1	0	"PR"	310.363	"deionize"	188.701	2	1	0	2039.66	0.0	2141.868	null	2452.858	0.085
-11.5	0.033275	31125.0	2962.5	2390.625	NaN	NaN	NaN	0	1	1	0	0	0	0	0	0	0	0	0	1	0	0	0	0	1	1	0	1	1	1	0	1	-138.0	0.111	0.297	NaN	NaN	0.264	0.66	NaN	NaN	7.92	23.1	NaN	NaN	0.0	"2.5"	"F0034"	1	0	"PR"	320.199	"deionize"	198.537	2	1	0	2039.66	0.0	2141.868	null	2462.694	0.09
-12.0	0.03245	29812.5	2971.875	2446.875	NaN	NaN	NaN	0	1	1	0	0	0	0	0	0	0	0	0	1	0	0	0	0	1	1	0	1	1	1	0	1	-144.0	0.112	0.303	NaN	NaN	0.267	0.673	NaN	NaN	8.01	23.555	NaN	NaN	0.0	"2.5"	"F0034"	1	0	"PR"	330.233	"deionize"	208.571	2	1	0	2039.66	0.0	2141.868	null	2472.728	0.09
-11.0	0.03245	30750.0	2971.875	2437.5	NaN	NaN	NaN	0	1	1	0	0	0	0	0	0	0	0	0	1	0	0	0	0	1	1	0	1	1	1	0	1	-132.0	0.112	0.302	NaN	NaN	0.267	0.671	NaN	NaN	8.01	23.485	NaN	NaN	0.0	"2.5"	"F0034"	1	0	"PR"	340.27	"deionize"	218.608	2	1	0	2039.66	0.0	2141.868	null	2482.765	0.091
-11.4	0.03245	30000.0	2943.75	2371.875	NaN	NaN	NaN	0	1	1	0	0	0	0	0	0	0	0	0	1	0	0	0	0	1	1	0	1	1	1	0	1	-137.0	0.109	0.295	NaN	NaN	0.26	0.656	NaN	NaN	7.8	22.96	NaN	NaN	0.0	"2.5"	"F0034"	1	0	"PR"	350.305	"deionize"	228.643	2	1	0	2039.66	0.0	2141.868	null	2492.8	0.087
-11.7	0.03135	30750.0	2962.5	2428.125	NaN	NaN	NaN	0	1	1	0	0	0	0	0	0	0	0	0	1	0	0	0	0	1	1	0	1	1	1	0	1	-140.0	0.111	0.301	NaN	NaN	0.264	0.669	NaN	NaN	7.92	23.415	NaN	NaN	0.0	"2.5"	"F0034"	1	0	"PR"	360.34	"deionize"	238.678	2	1	0	2039.66	0.0	2141.868	null	2502.835	0.084
-11.5	0.031625	29812.5	2953.125	2390.625	NaN	NaN	NaN	0	1	1	0	0	0	0	0	0	0	0	0	1	0	0	0	1	1	1	0	1	1	1	0	1	-138.0	0.11	0.297	NaN	NaN	0.262	0.66	NaN	NaN	7.86	23.1	NaN	NaN	0.0	"2.5"	"F0034"	1	0	"PR"	370.29	"deionize-uv"	8.544	2	1	0	2039.66	0.0	2141.868	null	2512.785	0.09
-11.3	0.030525	30000.0	2971.875	2437.5	NaN	NaN	NaN	0	1	1	0	0	0	0	0	0	0	0	0	1	0	0	0	1	1	1	0	1	1	1	0	1	-136.0	0.112	0.302	NaN	NaN	0.267	0.671	NaN	NaN	8.01	23.485	NaN	NaN	0.0	"2.5"	"F0034"	1	0	"PR"	380.327	"deionize-uv"	18.581	2	1	0	2039.66	0.0	2141.868	null	2522.822	0.089
-11.7	0.03025	29812.5	2981.25	2390.625	NaN	NaN	NaN	0	1	1	0	0	0	0	0	0	0	0	0	1	0	0	0	1	1	1	0	1	1	1	0	1	-140.0	0.113	0.297	NaN	NaN	0.269	0.66	NaN	NaN	8.07	23.1	NaN	NaN	0.0	"2.5"	"F0034"	1	0	"PR"	390.368	"deionize-uv"	28.622	2	1	0	2039.66	0.0	2141.868	null	2532.863	0.092
-9.6	0.03025	30750.0	2953.125	2475.0	NaN	NaN	NaN	0	1	1	0	0	0	0	0	0	0	0	0	1	0	0	0	1	1	1	0	1	1	1	0	1	-115.0	0.11	0.305	NaN	NaN	0.262	0.678	NaN	NaN	7.86	23.73	NaN	NaN	0.0	"2.5"	"F0034"	1	0	"PR"	400.405	"deionize-uv"	38.659	2	1	0	2039.66	0.0	2141.868	null	2542.9	0.09
-10.6	0.03025	30750.0	2943.75	2456.25	NaN	NaN	NaN	0	1	1	0	0	0	0	0	0	0	0	0	1	0	0	0	1	1	1	0	1	1	1	0	1	-127.0	0.109	0.304	NaN	NaN	0.26	0.676	NaN	NaN	7.8	23.66	NaN	NaN	0.0	"2.5"	"F0034"	1	0	"PR"	410.443	"deionize-uv"	48.697	2	1	0	2039.66	0.0	2141.868	null	2552.938	0.084
-10.6	0.029425	31125.0	2981.25	2390.625	NaN	NaN	NaN	0	1	1	0	0	0	0	0	0	0	0	0	1	0	0	0	1	1	1	0	1	1	1	0	1	-127.0	0.113	0.297	NaN	NaN	0.269	0.66	NaN	NaN	8.07	23.1	NaN	NaN	0.0	"2.5"	"F0034"	1	0	"PR"	420.28	"deionize-uv"	58.534	2	1	0	2039.66	0.0	2141.868	null	2562.775	0.091
-10.6	0.02915	31312.5	2953.125	2465.625	NaN	NaN	NaN	0	1	1	0	0	0	0	0	0	0	0	0	1	0	0	0	1	1	1	0	1	1	1	0	1	-127.0	0.11	0.305	NaN	NaN	0.262	0.678	NaN	NaN	7.86	23.73	NaN	NaN	0.0	"2.5"	"F0034"	1	0	"PR"	430.32	"deionize-uv"	68.574	2	1	0	2039.66	0.0	2141.868	null	2572.815	0.089
-10.2	0.02915	30937.5	2953.125	2465.625	NaN	NaN	NaN	0	1	1	0	0	0	0	0	0	0	0	0	1	0	0	0	1	1	1	0	1	1	1	0	1	-122.0	0.11	0.305	NaN	NaN	0.262	0.678	NaN	NaN	7.86	23.73	NaN	NaN	0.0	"2.5"	"F0034"	1	0	"PR"	440.362	"deionize-uv"	78.616	2	1	0	2039.66	0.0	2141.868	null	2582.857	0.091
-10.1	0.02805	31125.0	2971.875	2362.5	NaN	NaN	NaN	0	1	1	0	0	0	0	0	0	0	0	0	1	0	0	0	1	1	1	0	1	1	1	0	1	-121.0	0.112	0.294	NaN	NaN	0.267	0.653	NaN	NaN	8.01	22.855	NaN	NaN	0.0	"2.5"	"F0034"	1	0	"PR"	450.402	"deionize-uv"	88.656	2	1	0	2039.66	0.0	2141.868	null	2592.897	0.09
-9.9	0.028325	30937.5	2943.75	2390.625	NaN	NaN	NaN	0	1	1	0	0	0	0	0	0	0	0	0	1	0	0	0	1	1	1	0	1	1	1	0	1	-119.0	0.109	0.297	NaN	NaN	0.26	0.66	NaN	NaN	7.8	23.1	NaN	NaN	0.0	"2.5"	"F0034"	1	0	"PR"	460.437	"deionize-uv"	98.691	2	1	0	2039.66	0.0	2141.868	null	2602.932	0.087
-10.0	0.028325	29812.5	2953.125	2400.0	NaN	NaN	NaN	0	1	1	0	0	0	0	0	0	0	0	0	1	0	0	0	1	1	1	0	1	1	1	0	1	-120.0	0.11	0.298	NaN	NaN	0.262	0.662	NaN	NaN	7.86	23.17	NaN	NaN	0.0	"2.5"	"F0034"	1	0	"PR"	470.472	"deionize-uv"	108.726	2	1	0	2039.66	0.0	2141.868	null	2612.967	0.093
-10.4	0.02805	30187.5	2971.875	2390.625	NaN	NaN	NaN	0	1	1	0	0	0	0	0	0	0	0	0	1	0	0	0	1	1	1	0	1	1	1	0	1	-125.0	0.112	0.297	NaN	NaN	0.267	0.66	NaN	NaN	8.01	23.1	NaN	NaN	0.0	"2.5"	"F0034"	1	0	"PR"	480.51	"deionize-uv"	118.764	2	1	0	2039.66	0.0	2141.868	null	2623.005	0.09
-9.6	0.0275	30187.5	2971.875	1912.5	NaN	NaN	NaN	0	0	1	0	0	0	0	1	0	0	0	0	1	0	0	0	1	1	1	0	1	1	1	0	1	-115.0	0.112	0.249	NaN	NaN	0.267	0.553	NaN	NaN	8.01	19.355	NaN	NaN	0.0	"2.5"	"F0034"	1	0	"PR"	490.475	"drain-di-1"	8.56	2	1	0	2039.66	0.0	2141.868	null	2632.97	0.093
-9.2	0.027225	29812.5	2953.125	1631.25	NaN	NaN	NaN	0	0	1	0	0	0	0	1	0	0	0	0	1	0	0	0	1	1	1	0	1	1	1	0	1	-110.0	0.11	0.221	NaN	NaN	0.262	0.491	NaN	NaN	7.86	17.185	NaN	NaN	0.0	"2.5"	"F0034"	1	0	"PR"	500.506	"drain-di-1"	18.591	2	1	0	2039.66	0.0	2141.868	null	2643.001	0.09
-8.7	0.027225	29812.5	2971.875	1368.75	NaN	NaN	NaN	0	0	1	0	0	0	0	1	0	0	0	0	1	0	0	0	1	1	1	0	1	1	1	0	1	-104.0	0.112	0.195	NaN	NaN	0.267	0.433	NaN	NaN	8.01	15.155	NaN	NaN	0.0	"2.5"	"F0034"	1	0	"PR"	510.542	"drain-di-1"	28.627	2	1	0	2039.66	0.0	2141.868	null	2653.037	0.091
-9.2	0.026675	29250.0	2953.125	1143.75	NaN	NaN	NaN	0	0	1	0	0	0	0	1	0	0	0	0	1	0	0	0	1	1	1	0	1	1	1	0	1	-110.0	0.11	0.172	NaN	NaN	0.262	0.382	NaN	NaN	7.86	13.37	NaN	NaN	0.0	"2.5"	"F0034"	1	0	"PR"	520.583	"drain-di-1"	38.668	2	1	0	2039.66	0.0	2141.868	null	2663.078	0.089
-9.2	0.0264	30000.0	2943.75	890.625	NaN	NaN	NaN	0	0	1	0	0	0	0	1	0	0	0	0	1	0	0	0	1	1	1	0	1	1	1	0	1	-110.0	0.109	0.147	NaN	NaN	0.26	0.327	NaN	NaN	7.8	11.445	NaN	NaN	0.0	"2.5"	"F0034"	1	0	"PR"	530.418	"drain-di-1"	48.503	2	1	0	2039.66	0.0	2141.868	null	2672.913	0.087
-9.2	0.0264	30187.5	2962.5	637.5	NaN	NaN	NaN	0	0	1	0	0	0	0	1	0	0	0	0	1	0	0	0	1	1	1	0	1	1	1	0	1	-110.0	0.111	0.122	NaN	NaN	0.264	0.271	NaN	NaN	7.92	9.485	NaN	NaN	0.0	"2.5"	"F0034"	1	0	"PR"	540.458	"drain-di-1"	58.543	2	1	0	2039.66	0.0	2141.868	null	2682.953	0.087
-8.6	0.0264	30000.0	2953.125	393.75	NaN	NaN	NaN	0	0	1	0	0	0	0	1	0	0	0	0	1	0	0	0	1	1	1	0	1	1	1	0	1	-103.0	0.11	0.097	NaN	NaN	0.262	0.216	NaN	NaN	7.86	7.56	NaN	NaN	0.0	"2.5"	"F0034"	1	0	"PR"	550.499	"drain-di-1"	68.584	2	1	0	2039.66	0.0	2141.868	null	2692.994	0.084
-9.8	0.0264	29437.5	2953.125	140.625	NaN	NaN	NaN	0	0	1	0	0	0	0	1	0	0	0	0	1	0	0	0	1	1	1	0	1	1	1	0	1	-118.0	0.11	0.072	NaN	NaN	0.262	0.16	NaN	NaN	7.86	5.6	NaN	NaN	0.0	"2.5"	"F0034"	1	0	"PR"	560.53	"drain-di-1"	78.615	2	1	0	2039.66	0.0	2141.868	null	2703.025	0.091
-8.4	0.026125	30000.0	2962.5	-121.875	NaN	NaN	NaN	0	0	1	0	0	0	0	1	0	0	0	0	1	0	0	0	1	1	1	0	1	1	1	0	1	-101.0	0.111	0.046	NaN	NaN	0.264	0.102	NaN	NaN	7.92	3.57	NaN	NaN	0.0	"2.5"	"F0034"	1	0	"PR"	570.477	"drip-di-1"	7.74	2	1	0	2039.66	0.0	2141.868	null	2712.972	0.089
13.7	0.026125	29062.5	2737.5	-18.75	NaN	NaN	NaN	1	0	0	0	0	1	1	0	0	0	0	0	1	1	0	0	0	1	1	1	0	1	1	1	0	164.0	0.089	0.056	NaN	NaN	0.212	0.124	NaN	NaN	6.36	4.34	NaN	NaN	0.0	"2.5"	"F0034"	1	1	"PR"	580.48	"reverse-f"	2.572	2	1	0	2039.66	0.0	2141.868	null	2722.975	0.088
12.3	0.02695	24937.5	2746.875	262.5	NaN	NaN	NaN	1	0	0	0	0	1	1	0	0	0	0	0	1	1	0	0	0	1	1	1	0	1	1	1	0	148.0	0.09	0.084	NaN	NaN	0.214	0.187	NaN	NaN	6.42	6.545	NaN	NaN	0.0	"2.5"	"F0034"	1	1	"PR"	590.512	"reverse-f"	12.604	2	1	0	2039.66	0.0	2141.868	null	2733.007	0.084
12.9	0.0297	25687.5	2775.0	496.875	NaN	NaN	NaN	1	0	0	0	0	1	1	0	0	0	0	0	1	1	0	0	0	1	1	1	0	1	1	1	0	155.0	0.093	0.108	NaN	NaN	0.221	0.24	NaN	NaN	6.63	8.4	NaN	NaN	0.0	"2.5"	"F0034"	1	1	"PR"	600.546	"reverse-f"	22.638	2	1	0	2039.66	0.0	2141.868	null	2743.041	0.086
12.3	0.03245	28500.0	2784.375	853.125	NaN	NaN	NaN	1	0	0	0	0	1	1	0	0	0	0	0	1	1	0	0	0	1	1	1	0	1	1	1	0	148.0	0.093	0.143	NaN	NaN	0.221	0.318	NaN	NaN	6.63	11.13	NaN	NaN	0.0	"2.5"	"F0034"	1	1	"PR"	610.586	"reverse-f"	32.678	2	1	0	2039.66	0.0	2141.868	null	2753.081	0.087
12.5	0.03465	27562.5	2775.0	1134.375	NaN	NaN	NaN	1	0	0	0	0	1	1	0	0	0	0	0	1	1	0	0	0	1	1	1	0	1	1	1	0	150.0	0.093	0.171	NaN	NaN	0.221	0.38	NaN	NaN	6.63	13.3	NaN	NaN	0.0	"2.5"	"F0034"	1	1	"PR"	620.622	"reverse-f"	42.714	2	1	0	2039.66	0.0	2141.868	null	2763.117	0.086
14.9	0.036575	26062.5	2756.25	1425.0	NaN	NaN	NaN	1	0	0	0	0	1	1	0	0	0	0	0	1	1	0	0	0	1	1	1	0	1	1	1	0	179.0	0.091	0.2	NaN	NaN	0.217	0.444	NaN	NaN	6.51	15.54	NaN	NaN	0.0	"2.5"	"F0034"	1	1	"PR"	630.658	"reverse-f"	52.75	2	1	0	2039.66	0.0	2141.868	null	2773.153	0.091
12.4	0.03905	25875.0	2775.0	1725.0	NaN	NaN	NaN	1	0	0	0	0	1	1	0	0	0	0	0	1	1	0	0	0	1	1	1	0	1	1	1	0	149.0	0.093	0.23	NaN	NaN	0.221	0.511	NaN	NaN	6.63	17.885	NaN	NaN	0.0	"2.5"	"F0034"	1	1	"PR"	640.694	"reverse-f"	62.786	2	1	0	2039.66	0.0	2141.868	null	2783.189	0.09
12.8	0.0407	27937.5	2746.875	2006.25	NaN	NaN	NaN	1	0	0	0	0	1	1	0	0	0	0	0	1	1	0	0	0	1	1	1	0	1	1	1	0	154.0	0.09	0.259	NaN	NaN	0.214	0.576	NaN	NaN	6.42	20.16	NaN	NaN	0.0	"2.5"	"F0034"	1	1	"PR"	650.725	"reverse-f"	72.817	2	1	0	2039.66	0.0	2141.868	null	2793.22	0.09
12.5	0.042625	27562.5	2765.625	2250.0	NaN	NaN	NaN	0	0	0	0	0	1	1	0	0	0	0	0	1	0	0	0	0	1	1	1	0	1	1	1	0	150.0	0.092	0.283	NaN	NaN	0.219	0.629	NaN	NaN	6.57	22.015	NaN	NaN	0.0	"2.5"	"F0034"	1	1	"PR"	660.67	"reverse"	82.762	2	1	0	2039.66	0.0	2141.868	null	2803.165	0.088
12.6	0.0451	27937.5	2765.625	2268.75	NaN	NaN	NaN	0	0	0	0	0	1	1	0	0	0	0	0	1	0	0	0	0	1	1	1	0	1	1	1	0	151.0	0.092	0.285	NaN	NaN	0.219	0.633	NaN	NaN	6.57	22.155	NaN	NaN	0.0	"2.5"	"F0034"	1	1	"PR"	670.706	"reverse"	92.798	2	1	0	2039.66	0.0	2141.868	null	2813.201	0.086
12.5	0.0451	26062.5	2803.125	2268.75	NaN	NaN	NaN	0	0	0	0	0	1	1	0	0	0	0	0	1	0	0	0	0	1	1	1	0	1	1	1	0	150.0	0.095	0.285	NaN	NaN	0.226	0.633	NaN	NaN	6.78	22.155	NaN	NaN	0.0	"2.5"	"F0034"	1	1	"PR"	680.74	"reverse"	102.832	2	1	0	2039.66	0.0	2141.868	null	2823.235	0.086
13.0	0.046475	23625.0	2784.375	2250.0	NaN	NaN	NaN	0	0	0	0	0	1	1	0	0	0	0	0	1	0	0	0	0	1	1	1	0	1	1	1	0	156.0	0.093	0.283	NaN	NaN	0.221	0.629	NaN	NaN	6.63	22.015	NaN	NaN	0.0	"2.5"	"F0034"	1	1	"PR"	690.576	"reverse"	112.668	2	1	0	2039.66	0.0	2141.868	null	2833.071	0.086
13.2	0.0473	24562.5	2793.75	2268.75	NaN	NaN	NaN	0	0	0	0	0	1	1	0	0	0	0	0	1	0	0	0	0	1	1	1	0	1	1	1	0	158.0	0.094	0.285	NaN	NaN	0.224	0.633	NaN	NaN	6.72	22.155	NaN	NaN	0.0	"2.5"	"F0034"	1	1	"PR"	700.613	"reverse"	122.705	2	1	0	2039.66	0.0	2141.868	null	2843.108	0.083
13.2	0.0473	26625.0	2775.0	2268.75	NaN	NaN	NaN	0	0	0	0	0	1	1	0	0	0	0	0	1	0	0	0	0	1	1	1	0	1	1	1	0	158.0	0.093	0.285	NaN	NaN	0.221	0.633	NaN	NaN	6.63	22.155	NaN	NaN	0.0	"2.5"	"F0034"	1	1	"PR"	710.649	"reverse"	132.741	2	1	0	2039.66	0.0	2141.868	null	2853.144	0.086
12.6	0.0473	27937.5	2784.375	2250.0	NaN	NaN	NaN	0	0	0	0	0	1	1	0	0	0	0	0	1	0	0	0	0	1	1	1	0	1	1	1	0	151.0	0.093	0.283	NaN	NaN	0.221	0.629	NaN	NaN	6.63	22.015	NaN	NaN	0.0	"2.5"	"F0034"	1	1	"PR"	720.684	"reverse"	142.776	2	1	0	2039.66	0.0	2141.868	null	2863.179	0.084
2.1	0.0484	750.0	2962.5	2268.75	NaN	NaN	NaN	0	0	0	0	0	0	0	0	0	0	0	0	0	0	0	0	0	0	0	0	1	0	0	0	1	25.0	0.111	0.285	NaN	NaN	0.264	0.633	NaN	NaN	7.92	22.155	NaN	NaN	0.0	"2.5"	"F0034"	0	0	"PR"	730.809	"diffuse"	2.899	2	1	1	2039.66	0.0	2141.868	null	2873.304	0.086
2.5	0.0495	1875.0	2962.5	2278.125	NaN	NaN	NaN	0	0	0	0	0	0	0	0	0	0	0	0	0	0	0	0	0	0	0	0	1	0	0	0	1	30.0	0.111	0.286	NaN	NaN	0.264	0.636	NaN	NaN	7.92	22.26	NaN	NaN	0.0	"2.5"	"F0034"	0	0	"PR"	740.645	"diffuse"	12.735	2	1	1	2039.66	0.0	2141.868	null	2883.14	0.086
2.7	0.0484	1312.5	2962.5	2278.125	NaN	NaN	NaN	0	0	0	0	0	0	0	0	0	0	0	0	0	0	0	0	0	0	0	0	1	0	0	0	1	32.0	0.111	0.286	NaN	NaN	0.264	0.636	NaN	NaN	7.92	22.26	NaN	NaN	0.0	"2.5"	"F0034"	0	0	"PR"	750.684	"diffuse"	22.774	2	1	1	2039.66	0.0	2141.868	null	2893.179	0.084
12.3	0.04785	25312.5	2784.375	2268.75	NaN	NaN	NaN	0	0	0	0	0	1	1	0	0	0	0	0	1	0	0	0	0	1	1	1	0	1	1	1	0	148.0	0.093	0.285	NaN	NaN	0.221	0.633	NaN	NaN	6.63	22.155	NaN	NaN	0.0	"2.5"	"F0034"	1	1	"PR"	760.81	"wash-en"	2.701	2	1	1	2039.66	0.0	2141.868	null	2903.305	0.084
12.1	0.049775	28500.0	2803.125	2250.0	NaN	NaN	NaN	0	0	0	0	0	1	1	0	0	0	0	0	1	0	0	0	0	1	1	1	0	1	1	1	0	145.0	0.095	0.283	NaN	NaN	0.226	0.629	NaN	NaN	6.78	22.015	NaN	NaN	0.0	"2.5"	"F0034"	1	1	"PR"	770.847	"wash-en"	12.738	2	1	1	2039.66	0.0	2141.868	null	2913.342	0.083
1.8	0.049775	26250.0	2831.25	2278.125	NaN	NaN	NaN	0	0	0	0	0	1	1	0	0	0	0	0	1	0	0	0	0	0	0	0	1	0	0	0	1	22.0	0.098	0.286	NaN	NaN	0.233	0.636	NaN	NaN	6.99	22.26	NaN	NaN	0.0	"2.5"	"F0034"	0	0	"PR"	780.775	"wash-sc"	2.498	2	1	1	2039.66	0.0	2141.868	null	2923.27	0.085
2.7	0.05005	-750.0	2943.75	2278.125	NaN	NaN	NaN	0	0	0	0	0	0	0	0	0	0	0	0	0	0	0	0	0	0	0	0	1	0	0	0	1	32.0	0.109	0.286	NaN	NaN	0.26	0.636	NaN	NaN	7.8	22.26	NaN	NaN	0.0	"2.5"	"F0034"	0	0	"PR"	790.814	"diffuse"	2.408	2	1	2	2039.66	0.0	2141.868	null	2933.309	0.083
2.5	0.050325	375.0	2971.875	2268.75	NaN	NaN	NaN	0	0	0	0	0	0	0	0	0	0	0	0	0	0	0	0	0	0	0	0	1	0	0	0	1	30.0	0.112	0.285	NaN	NaN	0.267	0.633	NaN	NaN	8.01	22.155	NaN	NaN	0.0	"2.5"	"F0034"	0	0	"PR"	800.852	"diffuse"	12.446	2	1	2	2039.66	0.0	2141.868	null	2943.347	0.083
2.6	0.050325	562.5	2971.875	2296.875	NaN	NaN	NaN	0	0	0	0	0	0	0	0	0	0	0	0	0	0	0	0	0	0	0	0	1	0	0	0	1	31.0	0.112	0.288	NaN	NaN	0.267	0.64	NaN	NaN	8.01	22.4	NaN	NaN	0.0	"2.5"	"F0034"	0	0	"PR"	810.888	"diffuse"	22.482	2	1	2	2039.66	0.0	2141.868	null	2953.383	0.087
12.5	0.050325	24187.5	2765.625	2250.0	NaN	NaN	NaN	0	0	0	0	0	1	1	0	0	0	0	0	1	0	0	0	0	1	1	1	0	1	1	1	0	150.0	0.092	0.283	NaN	NaN	0.219	0.629	NaN	NaN	6.57	22.015	NaN	NaN	0.0	"2.5"	"F0034"	1	1	"PR"	820.816	"wash-en"	2.3	2	1	2	2039.66	0.0	2141.868	null	2963.311	0.083
12.4	0.05005	25125.0	2812.5	2268.75	NaN	NaN	NaN	0	0	0	0	0	1	1	0	0	0	0	0	1	0	0	0	0	1	1	1	0	1	1	1	0	149.0	0.096	0.285	NaN	NaN	0.229	0.633	NaN	NaN	6.87	22.155	NaN	NaN	0.0	"2.5"	"F0034"	1	1	"PR"	830.856	"wash-en"	12.34	2	1	2	2039.66	0.0	2141.868	null	2973.351	0.083
1.1	0.0495	27937.5	2821.875	2259.375	NaN	NaN	NaN	0	0	0	0	0	1	1	0	0	0	0	0	1	0	0	0	0	0	0	0	1	0	0	0	1	13.0	0.097	0.284	NaN	NaN	0.231	0.631	NaN	NaN	6.93	22.085	NaN	NaN	0.0	"2.5"	"F0034"	0	0	"PR"	840.784	"wash-sc"	2.099	2	1	2	2039.66	0.0	2141.868	null	2983.279	0.088
