cur	ec	mod-ps	rg-ps	di-ps	fw1-ps	fw2-ps	pf-ps	vlv-di-fill	vlv-di-in	vlv-di-out	vlv-rg-fill	vlv-rg-drain	vlv-rg-in	vlv-rg-out	vlv-fw1-in	vlv-fw1-out	vlv-fw2-in	vlv-po	vlv-mod-drain	pmp-sys	pmp-di	pmp-fw1	pmp-fw2	uv	en-anode1	en-cath1	pl-anode1	pl-cath1	en-anode2	en-cath2	pl-anode2	pl-cath2	pw	rg-he	di-he	fw1-he	fw2-he	rg-lev	di-lev	fw1-lev	fw2-lev	rg-vol	di-vol	fw1-vol	fw2-vol	pr-ec	ver	sn	mod-en	mod-pl	proc	proc-time	ph	ph-time	count	cyc	rnd	pr-last	rc-last	fr-last	halt-re	time	exec
2.5	0.0484	1312.5	3262.5	1171.875	NaN	NaN	NaN	1	0	0	0	0	0	0	0	0	0	0	0	0	1	0	0	0	0	0	0	1	0	0	0	1	30.0	0.141	0.175	NaN	NaN	0.336	0.389	NaN	NaN	10.08	13.615	NaN	NaN	0.0	"2.5"	"F0034"	0	0	"PR"	8.246	"fill-di"	7.629	0	0	0	0.0	0.0	0.0	null	10.038	0.09
2.4	0.0484	1687.5	3262.5	1200.0	NaN	NaN	NaN	1	0	0	0	0	0	0	0	0	0	0	0	0	1	0	0	0	0	0	0	1	0	0	0	1	29.0	0.141	0.178	NaN	NaN	0.336	0.396	NaN	NaN	10.08	13.86	NaN	NaN	0.0	"2.5"	"F0034"	0	0	"PR"	8.447	"fill-di"	7.83	0	0	0	0.0	0.0	0.0	null	10.239	0.086
2.4	0.0484	1687.5	3281.25	1500.0	NaN	NaN	NaN	1	0	0	0	0	0	0	0	0	0	0	0	0	1	0	0	0	0	0	0	1	0	0	0	1	29.0	0.143	0.208	NaN	NaN	0.34	0.462	NaN	NaN	10.2	16.17	NaN	NaN	0.0	"2.5"	"F0034"	0	0	"PR"	18.285	"fill-di"	17.668	0	0	0	0.0	0.0	0.0	null	20.077	0.092
2.1	0.048675	937.5	3290.625	1771.875	NaN	NaN	NaN	1	0	0	0	0	0	0	0	0	0	0	0	0	1	0	0	0	0	0	0	1	0	0	0	1	25.0	0.144	0.235	NaN	NaN	0.343	0.522	NaN	NaN	10.29	18.27	NaN	NaN	0.0	"2.5"	"F0034"	0	0	"PR"	28.323	"fill-di"	27.706	0	0	0	0.0	0.0	0.0	null	30.115	0.09
1.9	0.048125	375.0	3271.875	2071.875	NaN	NaN	NaN	1	0	0	0	0	0	0	0	0	0	0	0	0	1	0	0	0	0	0	0	1	0	0	0	1	23.0	0.142	0.265	NaN	NaN	0.338	0.589	NaN	NaN	10.14	20.615	NaN	NaN	0.0	"2.5"	"F0034"	0	0	"PR"	38.356	"fill-di"	37.739	0	0	0	0.0	0.0	0.0	null	40.148	0.09
1.8	0.04785	30000.0	3065.625	2250.0	NaN	NaN	NaN	0	0	0	0	0	1	1	0	0	0	0	0	1	0	0	0	0	0	0	0	1	0	0	0	1	22.0	0.122	0.283	NaN	NaN	0.29	0.629	NaN	NaN	8.7	22.015	NaN	NaN	0.0	"2.5"	"F0034"	0	0	"PR"	48.395	"prime"	3.412	0	0	0	0.0	0.0	0.0	null	50.187	0.09
3.1	0.04895	30000.0	3103.125	2259.375	NaN	NaN	NaN	0	0	0	0	0	1	1	0	0	0	0	0	1	0	0	0	0	0	0	0	1	0	0	0	1	37.0	0.125	0.284	NaN	NaN	0.298	0.631	NaN	NaN	8.94	22.085	NaN	NaN	0.0	"2.5"	"F0034"	0	0	"PR"	58.436	"prime"	13.453	0	0	0	0.0	0.0	0.0	null	60.228	0.09
2.2	0.049775	29812.5	3093.75	2259.375	NaN	NaN	NaN	0	0	0	0	0	1	1	0	0	0	0	0	1	0	0	0	0	0	0	0	1	0	0	0	1	26.0	0.124	0.284	NaN	NaN	0.295	0.631	NaN	NaN	8.85	22.085	NaN	NaN	0.0	"2.5"	"F0034"	0	0	"PR"	68.476	"prime"	23.493	0	0	0	0.0	0.0	0.0	null	70.268	0.088
-12.2	0.049225	34312.5	3281.25	2484.375	NaN	NaN	NaN	0	1	1	0	0	0	0	0	0	0	0	0	1	0	0	0	0	1	1	0	1	1	1	0	1	-146.0	0.143	0.306	NaN	NaN	0.34	0.68	NaN	NaN	10.2	23.8	NaN	NaN	0.0	"2.5"	"F0034"	1	0	"PR"	78.52	"deionize"	3.02	0	1	0	0.0	0.0	0.0	null	80.312	0.087
-11.8	0.049225	34500.0	3262.5	2531.25	NaN	NaN	NaN	0	1	1	0	0	0	0	0	0	0	0	0	1	0	0	0	0	1	1	0	1	1	1	0	1	-142.0	0.141	0.311	NaN	NaN	0.336	0.691	NaN	NaN	10.08	24.185	NaN	NaN	0.0	"2.5"	"F0034"	1	0	"PR"	88.355	"deionize"	12.855	0	1	0	0.0	0.0	0.0	null	90.147	0.084
-12.4	0.04785	35250.0	3262.5	2512.5	NaN	NaN	NaN	0	1	1	0	0	0	0	0	0	0	0	0	1	0	0	0	0	1	1	0	1	1	1	0	1	-149.0	0.141	0.309	NaN	NaN	0.336	0.687	NaN	NaN	10.08	24.045	NaN	NaN	0.0	"2.5"	"F0034"	1	0	"PR"	98.392	"deionize"	22.892	0	1	0	0.0	0.0	0.0	null	100.184	0.088
-10.4	0.0462	36187.5	3253.125	2587.5	NaN	NaN	NaN	0	1	1	0	0	0	0	0	0	0	0	0	1	0	0	0	0	1	1	0	1	1	1	0	1	-125.0	0.14	0.317	NaN	NaN	0.333	0.704	NaN	NaN	9.99	24.64	NaN	NaN	0.0	"2.5"	"F0034"	1	0	"PR"	108.428	"deionize"	32.928	0	1	0	0.0	0.0	0.0	null	110.22	0.091
-11.5	0.045925	35437.5	3253.125	2531.25	NaN	NaN	NaN	0	1	1	0	0	0	0	0	0	0	0	0	1	0	0	0	0	1	1	0	1	1	1	0	1	-138.0	0.14	0.311	NaN	NaN	0.333	0.691	NaN	NaN	9.99	24.185	NaN	NaN	0.0	"2.5"	"F0034"	1	0	"PR"	118.462	"deionize"	42.962	0	1	0	0.0	0.0	0.0	null	120.254	0.091
-11.8	0.044825	35437.5	3271.875	2653.125	NaN	NaN	NaN	0	1	1	0	0	0	0	0	0	0	0	0	1	0	0	0	0	1	1	0	1	1	1	0	1	-142.0	0.142	0.323	NaN	NaN	0.338	0.718	NaN	NaN	10.14	25.13	NaN	NaN	0.0	"2.5"	"F0034"	1	0	"PR"	128.503	"deionize"	53.003	0	1	0	0.0	0.0	0.0	null	130.295	0.09
-12.0	0.04345	33375.0	3262.5	2465.625	NaN	NaN	NaN	0	1	1	0	0	0	0	0	0	0	0	0	1	0	0	0	0	1	1	0	1	1	1	0	1	-144.0	0.141	0.305	NaN	NaN	0.336	0.678	NaN	NaN	10.08	23.73	NaN	NaN	0.0	"2.5"	"F0034"	1	0	"PR"	138.539	"deionize"	63.039	0	1	0	0.0	0.0	0.0	null	140.331	0.09
-12.2	0.04345	35437.5	3262.5	2446.875	NaN	NaN	NaN	0	1	1	0	0	0	0	0	0	0	0	0	1	0	0	0	0	1	1	0	1	1	1	0	1	-146.0	0.141	0.303	NaN	NaN	0.336	0.673	NaN	NaN	10.08	23.555	NaN	NaN	0.0	"2.5"	"F0034"	1	0	"PR"	148.583	"deionize"	73.083	0	1	0	0.0	0.0	0.0	null	150.375	0.093
-11.3	0.0418	34312.5	3271.875	2503.125	NaN	NaN	NaN	0	1	1	0	0	0	0	0	0	0	0	0	1	0	0	0	0	1	1	0	1	1	1	0	1	-136.0	0.142	0.308	NaN	NaN	0.338	0.684	NaN	NaN	10.14	23.94	NaN	NaN	0.0	"2.5"	"F0034"	1	0	"PR"	158.417	"deionize"	82.917	0	1	0	0.0	0.0	0.0	null	160.209	0.084
-11.7	0.040975	35437.5	3281.25	2456.25	NaN	NaN	NaN	0	1	1	0	0	0	0	0	0	0	0	0	1	0	0	0	0	1	1	0	1	1	1	0	1	-140.0	0.143	0.304	NaN	NaN	0.34	0.676	NaN	NaN	10.2	23.66	NaN	NaN	0.0	"2.5"	"F0034"	1	0	"PR"	168.451	"deionize"	92.951	0	1	0	0.0	0.0	0.0	null	170.243	0.091
-10.6	0.04015	36187.5	3262.5	2475.0	NaN	NaN	NaN	0	1	1	0	0	0	0	0	0	0	0	0	1	0	0	0	0	1	1	0	1	1	1	0	1	-127.0	0.141	0.305	NaN	NaN	0.336	0.678	NaN	NaN	10.08	23.73	NaN	NaN	0.0	"2.5"	"F0034"	1	0	"PR"	178.492	"deionize"	102.992	0	1	0	0.0	0.0	0.0	null	180.284	0.088
-11.3	0.0396	36187.5	3281.25	2456.25	NaN	NaN	NaN	0	1	1	0	0	0	0	0	0	0	0	0	1	0	0	0	0	1	1	0	1	1	1	0	1	-136.0	0.143	0.304	NaN	NaN	0.34	0.676	NaN	NaN	10.2	23.66	NaN	NaN	0.0	"2.5"	"F0034"	1	0	"PR"	188.527	"deionize"	113.027	0	1	0	0.0	0.0	0.0	null	190.319	0.087
-11.3	0.038775	33937.5	3262.5	2475.0	NaN	NaN	NaN	0	1	1	0	0	0	0	0	0	0	0	0	1	0	0	0	0	1	1	0	1	1	1	0	1	-136.0	0.141	0.305	NaN	NaN	0.336	0.678	NaN	NaN	10.08	23.73	NaN	NaN	0.0	"2.5"	"F0034"	1	0	"PR"	198.56	"deionize"	123.06	0	1	0	0.0	0.0	0.0	null	200.352	0.09
-11.2	0.038225	33562.5	3271.875	2493.75	NaN	NaN	NaN	0	1	1	0	0	0	0	0	0	0	0	0	1	0	0	0	0	1	1	0	1	1	1	0	1	-134.0	0.142	0.307	NaN	NaN	0.338	0.682	NaN	NaN	10.14	23.87	NaN	NaN	0.0	"2.5"	"F0034"	1	0	"PR"	208.599	"deionize"	133.099	0	1	0	0.0	0.0	0.0	null	210.391	0.087
-11.5	0.037675	34687.5	3262.5	2493.75	NaN	NaN	NaN	0	1	1	0	0	0	0	0	0	0	0	0	1	0	0	0	0	1	1	0	1	1	1	0	1	-138.0	0.141	0.307	NaN	NaN	0.336	0.682	NaN	NaN	10.08	23.87	NaN	NaN	0.0	"2.5"	"F0034"	1	0	"PR"	218.635	"deionize"	143.135	0	1	0	0.0	0.0	0.0	null	220.427	0.084
-10.6	0.03685	35437.5	3243.75	2437.5	NaN	NaN	NaN	0	1	1	0	0	0	0	0	0	0	0	0	1	0	0	0	0	1	1	0	1	1	1	0	1	-127.0	0.139	0.302	NaN	NaN	0.331	0.671	NaN	NaN	9.93	23.485	NaN	NaN	0.0	"2.5"	"F0034"	1	0	"PR"	228.672	"deionize"	153.172	0	1	0	0.0	0.0	0.0	null	230.464	0.089
-10.2	0.03685	36187.5	3271.875	2409.375	NaN	NaN	NaN	0	1	1	0	0	0	0	0	0	0	0	0	1	0	0	0	0	1	1	0	1	1	1	0	1	-122.0	0.142	0.299	NaN	NaN	0.338	0.664	NaN	NaN	10.14	23.24	NaN	NaN	0.0	"2.5"	"F0034"	1	0	"PR"	238.507	"deionize"	163.007	0	1	0	0.0	0.0	0.0	null	240.299	0.084
-11.3	0.03685	33000.0	3271.875	2456.25	NaN	NaN	NaN	0	1	1	0	0	0	0	0	0	0	0	0	1	0	0	0	0	1	1	0	1	1	1	0	1	-136.0	0.142	0.304	NaN	NaN	0.338	0.676	NaN	NaN	10.14	23.66	NaN	NaN	0.0	"2.5"	"F0034"	1	0	"PR"	248.54	"deionize"	173.04	0	1	0	0.0	0.0	0.0	null	250.332	0.084
-9.7	0.036025	33937.5	3262.5	2475.0	NaN	NaN	NaN	0	1	1	0	0	0	0	0	0	0	0	0	1	0	0	0	0	1	1	0	1	1	1	0	1	-116.0	0.141	0.305	NaN	NaN	0.336	0.678	NaN	NaN	10.08	23.73	NaN	NaN	0.0	"2.5"	"F0034"	1	0	"PR"	258.581	"deionize"	183.081	0	1	0	0.0	0.0	0.0	null	260.373	0.085
-9.5	0.035475	33750.0	3271.875	2428.125	NaN	NaN	NaN	0	1	1	0	0	0	0	0	0	0	0	0	1	0	0	0	0	1	1	0	1	1	1	0	1	-114.0	0.142	0.301	NaN	NaN	0.338	0.669	NaN	NaN	10.14	23.415	NaN	NaN	0.0	"2.5"	"F0034"	1	0	"PR"	268.619	"deionize"	193.119	0	1	0	0.0	0.0	0.0	null	270.411	0.087
-9.3	0.034925	34687.5	3253.125	2390.625	NaN	NaN	NaN	0	1	1	0	0	0	0	0	0	0	0	0	1	0	0	0	0	1	1	0	1	1	1	0	1	-112.0	0.14	0.297	NaN	NaN	0.333	0.66	NaN	NaN	9.99	23.1	NaN	NaN	0.0	"2.5"	"F0034"	1	0	"PR"	278.654	"deionize"	203.154	0	1	0	0.0	0.0	0.0	null	280.446	0.084
-9.4	0.0341	34687.5	3271.875	2418.75	NaN	NaN	NaN	0	1	1	0	0	0	0	0	0	0	0	0	1	0	0	0	0	1	1	0	1	1	1	0	1	-113.0	0.142	0.3	NaN	NaN	0.338	0.667	NaN	NaN	10.14	23.345	NaN	NaN	0.0	"2.5"	"F0034"	1	0	"PR"	288.692	"deionize"	213.192	0	1	0	0.0	0.0	0.0	null	290.484	0.088
-9.3	0.0341	36000.0	3271.875	2428.125	NaN	NaN	NaN	0	1	1	0	0	0	0	0	0	0	0	0	1	0	0	0	0	1	1	0	1	1	1	0	1	-112.0	0.142	0.301	NaN	NaN	0.338	0.669	NaN	NaN	10.14	23.415	NaN	NaN	0.0	"2.5"	"F0034"	1	0	"PR"	298.726	"deionize"	223.226	0	1	0	0.0	0.0	0.0	null	300.518	0.087
-8.3	0.0341	33750.0	3271.875	2390.625	NaN	NaN	NaN	0	1	1	0	0	0	0	0	0	0	0	0	1	0	0	0	0	1	1	0	1	1	1	0	1	-100.0	0.142	0.297	NaN	NaN	0.338	0.66	NaN	NaN	10.14	23.1	NaN	NaN	0.0	"2.5"	"F0034"	1	0	"PR"	308.758	"deionize"	233.258	0	1	0	0.0	0.0	0.0	null	310.55	0.087
-8.8	0.033825	34687.5	3281.25	2381.25	NaN	NaN	NaN	0	1	1	0	0	0	0	0	0	0	0	0	1	0	0	0	1	1	1	0	1	1	1	0	1	-106.0	0.143	0.296	NaN	NaN	0.34	0.658	NaN	NaN	10.2	23.03	NaN	NaN	0.0	"2.5"	"F0034"	1	0	"PR"	318.716	"deionize-uv"	3.129	0	1	0	0.0	0.0	0.0	null	320.508	0.083
-8.5	0.032725	34312.5	3262.5	2475.0	NaN	NaN	NaN	0	1	1	0	0	0	0	0	0	0	0	0	1	0	0	0	1	1	1	0	1	1	1	0	1	-102.0	0.141	0.305	NaN	NaN	0.336	0.678	NaN	NaN	10.08	23.73	NaN	NaN	0.0	"2.5"	"F0034"	1	0	"PR"	328.758	"deionize-uv"	13.171	0	1	0	0.0	0.0	0.0	null	330.55	0.086
-9.4	0.03245	34312.5	3290.625	2371.875	NaN	NaN	NaN	0	1	1	0	0	0	0	0	0	0	0	0	1	0	0	0	1	1	1	0	1	1	1	0	1	-113.0	0.144	0.295	NaN	NaN	0.343	0.656	NaN	NaN	10.29	22.96	NaN	NaN	0.0	"2.5"	"F0034"	1	0	"PR"	338.798	"deionize-uv"	23.211	0	1	0	0.0	0.0	0.0	null	340.59	0.086
-8.4	0.032725	33937.5	3281.25	2390.625	NaN	NaN	NaN	0	1	1	0	0	0	0	0	0	0	0	0	1	0	0	0	1	1	1	0	1	1	1	0	1	-101.0	0.143	0.297	NaN	NaN	0.34	0.66	NaN	NaN	10.2	23.1	NaN	NaN	0.0	"2.5"	"F0034"	1	0	"PR"	348.638	"deionize-uv"	33.051	0	1	0	0.0	0.0	0.0	null	350.43	0.089
-8.7	0.03245	33750.0	3281.25	2353.125	NaN	NaN	NaN	0	1	1	0	0	0	0	0	0	0	0	0	1	0	0	0	1	1	1	0	1	1	1	0	1	-104.0	0.143	0.293	NaN	NaN	0.34	0.651	NaN	NaN	10.2	22.785	NaN	NaN	0.0	"2.5"	"F0034"	1	0	"PR"	358.68	"deionize-uv"	43.093	0	1	0	0.0	0.0	0.0	null	360.472	0.087
-9.4	0.031625	32812.5	3281.25	2390.625	NaN	NaN	NaN	0	1	1	0	0	0	0	0	0	0	0	0	1	0	0	0	1	1	1	0	1	1	1	0	1	-113.0	0.143	0.297	NaN	NaN	0.34	0.66	NaN	NaN	10.2	23.1	NaN	NaN	0.0	"2.5"	"F0034"	1	0	"PR"	368.719	"deionize-uv"	53.132	0	1	0	0.0	0.0	0.0	null	370.511	0.083
-8.2	0.03135	34875.0	3290.625	2418.75	NaN	NaN	NaN	0	1	1	0	0	0	0	0	0	0	0	0	1	0	0	0	1	1	1	0	1	1	1	0	1	-98.0	0.144	0.3	NaN	NaN	0.343	0.667	NaN	NaN	10.29	23.345	NaN	NaN	0.0	"2.5"	"F0034"	1	0	"PR"	378.763	"deionize-uv"	63.176	0	1	0	0.0	0.0	0.0	null	380.555	0.086
-8.4	0.03135	33937.5	3281.25	2409.375	NaN	NaN	NaN	0	1	1	0	0	0	0	0	0	0	0	0	1	0	0	0	1	1	1	0	1	1	1	0	1	-101.0	0.143	0.299	NaN	NaN	0.34	0.664	NaN	NaN	10.2	23.24	NaN	NaN	0.0	"2.5"	"F0034"	1	0	"PR"	388.8	"deionize-uv"	73.213	0	1	0	0.0	0.0	0.0	null	390.592	0.084
-9.1	0.031625	33750.0	3281.25	2437.5	NaN	NaN	NaN	0	1	1	0	0	0	0	0	0	0	0	0	1	0	0	0	1	1	1	0	1	1	1	0	1	-109.0	0.143	0.302	NaN	NaN	0.34	0.671	NaN	NaN	10.2	23.485	NaN	NaN	0.0	"2.5"	"F0034"	1	0	"PR"	398.839	"deionize-uv"	83.252	0	1	0	0.0	0.0	0.0	null	400.631	0.083
-8.4	0.031075	34687.5	3262.5	2456.25	NaN	NaN	NaN	0	1	1	0	0	0	0	0	0	0	0	0	1	0	0	0	1	1	1	0	1	1	1	0	1	-101.0	0.141	0.304	NaN	NaN	0.336	0.676	NaN	NaN	10.08	23.66	NaN	NaN	0.0	"2.5"	"F0034"	1	0	"PR"	408.877	"deionize-uv"	93.29	0	1	0	0.0	0.0	0.0	null	410.669	0.088
-7.3	0.03025	35250.0	3243.75	2418.75	NaN	NaN	NaN	0	1	1	0	0	0	0	0	0	0	0	0	1	0	0	0	1	1	1	0	1	1	1	0	1	-88.0	0.139	0.3	NaN	NaN	0.331	0.667	NaN	NaN	9.93	23.345	NaN	NaN	0.0	"2.5"	"F0034"	1	0	"PR"	418.714	"deionize-uv"	103.127	0	1	0	0.0	0.0	0.0	null	420.506	0.09
-7.9	0.0297	34125.0	3271.875	2390.625	NaN	NaN	NaN	0	1	1	0	0	0	0	0	0	0	0	0	1	0	0	0	1	1	1	0	1	1	1	0	1	-95.0	0.142	0.297	NaN	NaN	0.338	0.66	NaN	NaN	10.14	23.1	NaN	NaN	0.0	"2.5"	"F0034"	1	0	"PR"	428.752	"deionize-uv"	113.165	0	1	0	0.0	0.0	0.0	null	430.544	0.084
-8.0	0.029975	37312.5	3281.25	2025.0	NaN	NaN	NaN	0	0	1	0	0	0	0	1	0	0	0	0	1	0	0	0	1	1	1	0	1	1	1	0	1	-96.0	0.143	0.261	NaN	NaN	0.34	0.58	NaN	NaN	10.2	20.3	NaN	NaN	0.0	"2.5"	"F0034"	1	0	"PR"	438.917	"drain-di-1"	3.137	0	1	0	0.0	0.0	0.0	null	440.709	0.084
-9.2	0.029425	38437.5	3271.875	1790.625	NaN	NaN	NaN	0	0	1	0	0	0	0	1	0	0	0	0	1	0	0	0	1	1	1	0	1	1	1	0	1	-110.0	0.142	0.237	NaN	NaN	0.338	0.527	NaN	NaN	10.14	18.445	NaN	NaN	0.0	"2.5"	"F0034"	1	0	"PR"	448.75	"drain-di-1"	12.97	0	1	0	0.0	0.0	0.0	null	450.542	0.09
-7.8	0.0297	39000.0	3262.5	1565.625	NaN	NaN	NaN	0	0	1	0	0	0	0	1	0	0	0	0	1	0	0	0	1	1	1	0	1	1	1	0	1	-94.0	0.141	0.215	NaN	NaN	0.336	0.478	NaN	NaN	10.08	16.73	NaN	NaN	0.0	"2.5"	"F0034"	1	0	"PR"	458.789	"drain-di-1"	23.009	0	1	0	0.0	0.0	0.0	null	460.581	0.092
-7.7	0.029425	38625.0	3253.125	1265.625	NaN	NaN	NaN	0	0	1	0	0	0	0	1	0	0	0	0	1	0	0	0	1	1	1	0	1	1	1	0	1	-92.0	0.14	0.185	NaN	NaN	0.333	0.411	NaN	NaN	9.99	14.385	NaN	NaN	0.0	"2.5"	"F0034"	1	0	"PR"	468.822	"drain-di-1"	33.042	0	1	0	0.0	0.0	0.0	null	470.614	0.09
-8.2	0.02915	36750.0	3271.875	1068.75	NaN	NaN	NaN	0	0	1	0	0	0	0	1	0	0	0	0	1	0	0	0	1	1	1	0	1	1	1	0	1	-98.0	0.142	0.165	NaN	NaN	0.338	0.367	NaN	NaN	10.14	12.845	NaN	NaN	0.0	"2.5"	"F0034"	1	0	"PR"	478.857	"drain-di-1"	43.077	0	1	0	0.0	0.0	0.0	null	480.649	0.084
-8.9	0.02915	36937.5	3271.875	834.375	NaN	NaN	NaN	0	0	1	0	0	0	0	1	0	0	0	0	1	0	0	0	1	1	1	0	1	1	1	0	1	-107.0	0.142	0.141	NaN	NaN	0.338	0.313	NaN	NaN	10.14	10.955	NaN	NaN	0.0	"2.5"	"F0034"	1	0	"PR"	488.897	"drain-di-1"	53.117	0	1	0	0.0	0.0	0.0	null	490.689	0.087
-7.7	0.02915	38437.5	3290.625	590.625	NaN	NaN	NaN	0	0	1	0	0	0	0	1	0	0	0	0	1	0	0	0	1	1	1	0	1	1	1	0	1	-92.0	0.144	0.117	NaN	NaN	0.343	0.26	NaN	NaN	10.29	9.1	NaN	NaN	0.0	"2.5"	"F0034"	1	0	"PR"	498.931	"drain-di-1"	63.151	0	1	0	0.0	0.0	0.0	null	500.723	0.084
-5.2	0.02915	38437.5	3281.25	346.875	NaN	NaN	NaN	0	0	1	0	0	0	0	1	0	0	0	0	1	0	0	0	1	1	1	0	1	1	1	0	1	-62.0	0.143	0.093	NaN	NaN	0.34	0.207	NaN	NaN	10.2	7.245	NaN	NaN	0.0	"2.5"	"F0034"	1	0	"PR"	508.971	"drain-di-1"	73.191	0	1	0	0.0	0.0	0.0	null	510.763	0.084
-7.4	0.028875	38437.5	3262.5	84.375	NaN	NaN	NaN	0	0	1	0	0	0	0	1	0	0	0	0	1	0	0	0	1	1	1	0	1	1	1	0	1	-89.0	0.141	0.066	NaN	NaN	0.336	0.147	NaN	NaN	10.08	5.145	NaN	NaN	0.0	"2.5"	"F0034"	1	0	"PR"	519.006	"drain-di-1"	83.226	0	1	0	0.0	0.0	0.0	null	520.798	0.086
-7.6	0.02915	38812.5	3262.5	-159.375	NaN	NaN	NaN	0	0	1	0	0	0	0	1	0	0	0	0	1	0	0	0	1	1	1	0	1	1	1	0	1	-91.0	0.141	0.042	NaN	NaN	0.336	0.093	NaN	NaN	10.08	3.255	NaN	NaN	0.0	"2.5"	"F0034"	1	0	"PR"	528.95	"drip-di-1"	8.94	0	1	0	0.0	0.0	0.0	null	530.742	0.084
12.4	0.0286	29812.5	3121.875	-18.75	NaN	NaN	NaN	1	0	0	0	0	1	1	0	0	0	0	0	1	1	0	0	0	1	1	1	0	1	1	1	0	149.0	0.127	0.056	NaN	NaN	0.302	0.124	NaN	NaN	9.06	4.34	NaN	NaN	0.0	"2.5"	"F0034"	1	1	"PR"	538.949	"reverse-f"	3.772	0	1	0	0.0	0.0	0.0	null	540.741	0.087
12.6	0.029975	30000.0	3093.75	253.125	NaN	NaN	NaN	1	0	0	0	0	1	1	0	0	0	0	0	1	1	0	0	0	1	1	1	0	1	1	1	0	151.0	0.124	0.083	NaN	NaN	0.295	0.184	NaN	NaN	8.85	6.44	NaN	NaN	0.0	"2.5"	"F0034"	1	1	"PR"	548.986	"reverse-f"	13.809	0	1	0	0.0	0.0	0.0	null	550.778	0.086
12.6	0.033825	30562.5	3075.0	534.375	NaN	NaN	NaN	1	0	0	0	0	1	1	0	0	0	0	0	1	1	0	0	0	1	1	1	0	1	1	1	0	151.0	0.122	0.111	NaN	NaN	0.29	0.247	NaN	NaN	8.7	8.645	NaN	NaN	0.0	"2.5"	"F0034"	1	1	"PR"	559.027	"reverse-f"	23.85	0	1	0	0.0	0.0	0.0	null	560.819	0.086
11.8	0.036575	30187.5	3112.5	834.375	NaN	NaN	NaN	1	0	0	0	0	1	1	0	0	0	0	0	1	1	0	0	0	1	1	1	0	1	1	1	0	142.0	0.126	0.141	NaN	NaN	0.3	0.313	NaN	NaN	9.0	10.955	NaN	NaN	0.0	"2.5"	"F0034"	1	1	"PR"	569.067	"reverse-f"	33.89	0	1	0	0.0	0.0	0.0	null	570.859	0.086
13.3	0.038775	30187.5	3140.625	1115.625	NaN	NaN	NaN	1	0	0	0	0	1	1	0	0	0	0	0	1	1	0	0	0	1	1	1	0	1	1	1	0	160.0	0.129	0.17	NaN	NaN	0.307	0.378	NaN	NaN	9.21	13.23	NaN	NaN	0.0	"2.5"	"F0034"	1	1	"PR"	578.905	"reverse-f"	43.728	0	1	0	0.0	0.0	0.0	null	580.697	0.089
12.9	0.040975	30000.0	3131.25	1415.625	NaN	NaN	NaN	1	0	0	0	0	1	1	0	0	0	0	0	1	1	0	0	0	1	1	1	0	1	1	1	0	155.0	0.128	0.2	NaN	NaN	0.305	0.444	NaN	NaN	9.15	15.54	NaN	NaN	0.0	"2.5"	"F0034"	1	1	"PR"	588.941	"reverse-f"	53.764	0	1	0	0.0	0.0	0.0	null	590.733	0.09
11.1	0.043725	29437.5	3112.5	1696.875	NaN	NaN	NaN	1	0	0	0	0	1	1	0	0	0	0	0	1	1	0	0	0	1	1	1	0	1	1	1	0	133.0	0.126	0.228	NaN	NaN	0.3	0.507	NaN	NaN	9.0	17.745	NaN	NaN	0.0	"2.5"	"F0034"	1	1	"PR"	598.978	"reverse-f"	63.801	0	1	0	0.0	0.0	0.0	null	600.77	0.092
13.1	0.045375	29812.5	3121.875	2006.25	NaN	NaN	NaN	1	0	0	0	0	1	1	0	0	0	0	0	1	1	0	0	0	1	1	1	0	1	1	1	0	157.0	0.127	0.259	NaN	NaN	0.302	0.576	NaN	NaN	9.06	20.16	NaN	NaN	0.0	"2.5"	"F0034"	1	1	"PR"	609.017	"reverse-f"	73.84	0	1	0	0.0	0.0	0.0	null	610.809	0.09
12.7	0.0473	30000.0	3140.625	2278.125	NaN	NaN	NaN	0	0	0	0	0	1	1	0	0	0	0	0	1	0	0	0	0	1	1	1	0	1	1	1	0	152.0	0.129	0.286	NaN	NaN	0.307	0.636	NaN	NaN	9.21	22.26	NaN	NaN	0.0	"2.5"	"F0034"	1	1	"PR"	618.968	"reverse"	83.791	0	1	0	0.0	0.0	0.0	null	620.76	0.312
12.7	0.048125	30375.0	3084.375	2268.75	NaN	NaN	NaN	0	0	0	0	0	1	1	0	0	0	0	0	1	0	0	0	0	1	1	1	0	1	1	1	0	152.0	0.123	0.285	NaN	NaN	0.293	0.633	NaN	NaN	8.79	22.155	NaN	NaN	0.0	"2.5"	"F0034"	1	1	"PR"	629.006	"reverse"	93.829	0	1	0	0.0	0.0	0.0	null	630.798	0.09
12.9	0.049775	30000.0	3131.25	2287.5	NaN	NaN	NaN	0	0	0	0	0	1	1	0	0	0	0	0	1	0	0	0	0	1	1	1	0	1	1	1	0	155.0	0.128	0.287	NaN	NaN	0.305	0.638	NaN	NaN	9.15	22.33	NaN	NaN	0.0	"2.5"	"F0034"	1	1	"PR"	639.047	"reverse"	103.87	0	1	0	0.0	0.0	0.0	null	640.839	0.09
12.6	0.050875	30000.0	3150.0	2278.125	NaN	NaN	NaN	0	0	0	0	0	1	1	0	0	0	0	0	1	0	0	0	0	1	1	1	0	1	1	1	0	151.0	0.13	0.286	NaN	NaN	0.31	0.636	NaN	NaN	9.3	22.26	NaN	NaN	0.0	"2.5"	"F0034"	1	1	"PR"	649.084	"reverse"	113.907	0	1	0	0.0	0.0	0.0	null	650.876	0.093
12.0	0.051425	29250.0	3140.625	2250.0	NaN	NaN	NaN	0	0	0	0	0	1	1	0	0	0	0	0	1	0	0	0	0	1	1	1	0	1	1	1	0	144.0	0.129	0.283	NaN	NaN	0.307	0.629	NaN	NaN	9.21	22.015	NaN	NaN	0.0	"2.5"	"F0034"	1	1	"PR"	659.121	"reverse"	123.944	0	1	0	0.0	0.0	0.0	null	660.913	0.09
12.6	0.051975	29250.0	3131.25	2278.125	NaN	NaN	NaN	0	0	0	0	0	1	1	0	0	0	0	0	1	0	0	0	0	1	1	1	0	1	1	1	0	151.0	0.128	0.286	NaN	NaN	0.305	0.636	NaN	NaN	9.15	22.26	NaN	NaN	0.0	"2.5"	"F0034"	1	1	"PR"	669.159	"reverse"	133.982	0	1	0	0.0	0.0	0.0	null	670.951	0.09
12.8	0.05225	29250.0	3131.25	2278.125	NaN	NaN	NaN	0	0	0	0	0	1	1	0	0	0	0	0	1	0	0	0	0	1	1	1	0	1	1	1	0	154.0	0.128	0.286	NaN	NaN	0.305	0.636	NaN	NaN	9.15	22.26	NaN	NaN	0.0	"2.5"	"F0034"	1	1	"PR"	678.999	"reverse"	143.822	0	1	0	0.0	0.0	0.0	null	680.791	0.086
4.0	0.053075	1500.0	3290.625	2296.875	NaN	NaN	NaN	0	0	0	0	0	0	0	0	0	0	0	0	0	0	0	0	0	0	0	0	1	0	0	0	1	48.0	0.144	0.288	NaN	NaN	0.343	0.64	NaN	NaN	10.29	22.4	NaN	NaN	0.0	"2.5"	"F0034"	0	0	"PR"	689.124	"diffuse"	3.903	0	1	1	0.0	0.0	0.0	null	690.916	0.09
4.2	0.0528	2250.0	3300.0	2287.5	NaN	NaN	NaN	0	0	0	0	0	0	0	0	0	0	0	0	0	0	0	0	0	0	0	0	1	0	0	0	1	50.0	0.145	0.287	NaN	NaN	0.345	0.638	NaN	NaN	10.35	22.33	NaN	NaN	0.0	"2.5"	"F0034"	0	0	"PR"	699.159	"diffuse"	13.938	0	1	1	0.0	0.0	0.0	null	700.951	0.087
4.4	0.053075	2250.0	3290.625	2296.875	NaN	NaN	NaN	0	0	0	0	0	0	0	0	0	0	0	0	0	0	0	0	0	0	0	0	1	0	0	0	1	53.0	0.144	0.288	NaN	NaN	0.343	0.64	NaN	NaN	10.29	22.4	NaN	NaN	0.0	"2.5"	"F0034"	0	0	"PR"	709.199	"diffuse"	23.978	0	1	1	0.0	0.0	0.0	null	710.991	0.088
12.8	0.05225	28500.0	3112.5	2287.5	NaN	NaN	NaN	0	0	0	0	0	1	1	0	0	0	0	0	1	0	0	0	0	1	1	1	0	1	1	1	0	154.0	0.126	0.287	NaN	NaN	0.3	0.638	NaN	NaN	9.0	22.33	NaN	NaN	0.0	"2.5"	"F0034"	1	1	"PR"	719.122	"wash-en"	3.7	0	1	1	0.0	0.0	0.0	null	720.914	0.09
12.4	0.05335	29812.5	3159.375	2268.75	NaN	NaN	NaN	0	0	0	0	0	1	1	0	0	0	0	0	1	0	0	0	0	1	1	1	0	1	1	1	0	149.0	0.131	0.285	NaN	NaN	0.312	0.633	NaN	NaN	9.36	22.155	NaN	NaN	0.0	"2.5"	"F0034"	1	1	"PR"	729.16	"wash-en"	13.738	0	1	1	0.0	0.0	0.0	null	730.952	0.09
2.5	0.054725	30375.0	3131.25	2287.5	NaN	NaN	NaN	0	0	0	0	0	1	1	0	0	0	0	0	1	0	0	0	0	0	0	0	1	0	0	0	1	30.0	0.128	0.287	NaN	NaN	0.305	0.638	NaN	NaN	9.15	22.33	NaN	NaN	0.0	"2.5"	"F0034"	0	0	"PR"	739.092	"wash-sc"	3.507	0	1	1	0.0	0.0	0.0	null	740.884	0.088
3.8	0.05445	1312.5	3300.0	2287.5	NaN	NaN	NaN	0	0	0	0	0	0	0	0	0	0	0	0	0	0	0	0	0	0	0	0	1	0	0	0	1	46.0	0.145	0.287	NaN	NaN	0.345	0.638	NaN	NaN	10.35	22.33	NaN	NaN	0.0	"2.5"	"F0034"	0	0	"PR"	749.126	"diffuse"	3.412	0	1	2	0.0	0.0	0.0	null	750.918	0.086
3.2	0.05445	1125.0	3328.125	2278.125	NaN	NaN	NaN	0	0	0	0	0	0	0	0	0	0	0	0	0	0	0	0	0	0	0	0	1	0	0	0	1	38.0	0.148	0.286	NaN	NaN	0.352	0.636	NaN	NaN	10.56	22.26	NaN	NaN	0.0	"2.5"	"F0034"	0	0	"PR"	759.164	"diffuse"	13.45	0	1	2	0.0	0.0	0.0	null	760.956	0.086
3.8	0.055	2437.5	3318.75	2306.25	NaN	NaN	NaN	0	0	0	0	0	0	0	0	0	0	0	0	0	0	0	0	0	0	0	0	1	0	0	0	1	46.0	0.147	0.289	NaN	NaN	0.35	0.642	NaN	NaN	10.5	22.47	NaN	NaN	0.0	"2.5"	"F0034"	0	0	"PR"	769.199	"diffuse"	23.485	0	1	2	0.0	0.0	0.0	null	770.991	0.088
12.6	0.054175	30000.0	3131.25	2278.125	NaN	NaN	NaN	0	0	0	0	0	1	1	0	0	0	0	0	1	0	0	0	0	1	1	1	0	1	1	1	0	151.0	0.128	0.286	NaN	NaN	0.305	0.636	NaN	NaN	9.15	22.26	NaN	NaN	0.0	"2.5"	"F0034"	1	1	"PR"	779.13	"wash-en"	3.305	0	1	2	0.0	0.0	0.0	null	780.922	0.086
12.9	0.05445	30187.5	3140.625	2306.25	NaN	NaN	NaN	0	0	0	0	0	1	1	0	0	0	0	0	1	0	0	0	0	1	1	1	0	1	1	1	0	155.0	0.129	0.289	NaN	NaN	0.307	0.642	NaN	NaN	9.21	22.47	NaN	NaN	0.0	"2.5"	"F0034"	1	1	"PR"	789.171	"wash-en"	13.346	0	1	2	0.0	0.0	0.0	null	790.963	0.087
2.7	0.055275	30000.0	3131.25	2278.125	NaN	NaN	NaN	0	0	0	0	0	1	1	0	0	0	0	0	1	0	0	0	0	0	0	0	1	0	0	0	1	32.0	0.128	0.286	NaN	NaN	0.305	0.636	NaN	NaN	9.15	22.26	NaN	NaN	0.0	"2.5"	"F0034"	0	0	"PR"	799.299	"wash-sc"	3.302	0	1	2	0.0	0.0	0.0	null	801.091	0.087
3.4	0.055275	2812.5	3290.625	2296.875	NaN	NaN	NaN	0	0	0	0	0	0	0	0	0	0	0	0	0	0	0	0	0	0	0	0	1	0	0	0	1	41.0	0.144	0.288	NaN	NaN	0.343	0.64	NaN	NaN	10.29	22.4	NaN	NaN	0.0	"2.5"	"F0034"	0	0	"PR"	809.333	"diffuse"	3.213	0	1	3	0.0	0.0	0.0	null	811.125	0.086
3.2	0.055275	2812.5	3290.625	2287.5	NaN	NaN	NaN	0	0	0	0	0	0	0	0	0	0	0	0	0	0	0	0	0	0	0	0	1	0	0	0	1	38.0	0.144	0.287	NaN	NaN	0.343	0.638	NaN	NaN	10.29	22.33	NaN	NaN	0.0	"2.5"	"F0034"	0	0	"PR"	819.171	"diffuse"	13.051	0	1	3	0.0	0.0	0.0	null	820.963	0.083
3.2	0.05555	2812.5	3290.625	2278.125	NaN	NaN	NaN	0	0	0	0	0	0	0	0	0	0	0	0	0	0	0	0	0	0	0	0	1	0	0	0	1	38.0	0.144	0.286	NaN	NaN	0.343	0.636	NaN	NaN	10.29	22.26	NaN	NaN	0.0	"2.5"	"F0034"	0	0	"PR"	829.21	"diffuse"	23.09	0	1	3	0.0	0.0	0.0	null	831.002	0.083
13.2	0.0539	29812.5	3112.5	2278.125	NaN	NaN	NaN	0	0	0	0	0	1	1	0	0	0	0	0	1	0	0	0	0	1	1	1	0	1	1	1	0	158.0	0.126	0.286	NaN	NaN	0.3	0.636	NaN	NaN	9.0	22.26	NaN	NaN	0.0	"2.5"	"F0034"	1	1	"PR"	839.336	"wash-en"	3.099	0	1	3	0.0	0.0	0.0	null	841.128	0.083
12.6	0.05445	30562.5	3140.625	2287.5	NaN	NaN	NaN	0	0	0	0	0	1	1	0	0	0	0	0	1	0	0	0	0	1	1	1	0	1	1	1	0	151.0	0.129	0.287	NaN	NaN	0.307	0.638	NaN	NaN	9.21	22.33	NaN	NaN	0.0	"2.5"	"F0034"	1	1	"PR"	849.176	"wash-en"	12.939	0	1	3	0.0	0.0	0.0	null	850.968	0.085
2.8	0.055275	30187.5	3121.875	2296.875	NaN	NaN	NaN	0	0	0	0	0	1	1	0	0	0	0	0	1	0	0	0	0	0	0	0	1	0	0	0	1	34.0	0.127	0.288	NaN	NaN	0.302	0.64	NaN	NaN	9.06	22.4	NaN	NaN	0.0	"2.5"	"F0034"	0	0	"PR"	859.303	"wash-sc"	2.902	0	1	3	0.0	0.0	0.0	null	861.095	0.085
2.6	0.055275	2812.5	3290.625	2296.875	NaN	NaN	NaN	0	0	0	0	0	0	0	0	0	0	0	0	0	0	0	0	0	0	0	0	1	0	0	0	1	31.0	0.144	0.288	NaN	NaN	0.343	0.64	NaN	NaN	10.29	22.4	NaN	NaN	0.0	"2.5"	"F0034"	0	0	"PR"	869.336	"diffuse"	2.811	0	1	4	0.0	0.0	0.0	null	871.128	0.083
2.7	0.055275	2625.0	3290.625	2287.5	NaN	NaN	NaN	0	0	0	0	0	0	0	0	0	0	0	0	0	0	0	0	0	0	0	0	1	0	0	0	1	32.0	0.144	0.287	NaN	NaN	0.343	0.638	NaN	NaN	10.29	22.33	NaN	NaN	0.0	"2.5"	"F0034"	0	0	"PR"	879.377	"diffuse"	12.852	0	1	4	0.0	0.0	0.0	null	881.169	0.088
3.1	0.055275	2812.5	3290.625	2296.875	NaN	NaN	NaN	0	0	0	0	0	0	0	0	0	0	0	0	0	0	0	0	0	0	0	0	1	0	0	0	1	37.0	0.144	0.288	NaN	NaN	0.343	0.64	NaN	NaN	10.29	22.4	NaN	NaN	0.0	"2.5"	"F0034"	0	0	"PR"	889.41	"diffuse"	22.885	0	1	4	0.0	0.0	0.0	null	891.202	0.086
13.4	0.054175	30562.5	3093.75	2278.125	NaN	NaN	NaN	0	0	0	0	0	1	1	0	0	0	0	0	1	0	0	0	0	1	1	1	0	1	1	1	0	161.0	0.124	0.286	NaN	NaN	0.295	0.636	NaN	NaN	8.85	22.26	NaN	NaN	0.0	"2.5"	"F0034"	1	1	"PR"	899.336	"wash-en"	2.699	0	1	4	0.0	0.0	0.0	null	901.128	0.083
13.0	0.054725	30750.0	3103.125	2278.125	NaN	NaN	NaN	0	0	0	0	0	1	1	0	0	0	0	0	1	0	0	0	0	1	1	1	0	1	1	1	0	156.0	0.125	0.286	NaN	NaN	0.298	0.636	NaN	NaN	8.94	22.26	NaN	NaN	0.0	"2.5"	"F0034"	1	1	"PR"	909.378	"wash-en"	12.741	0	1	4	0.0	0.0	0.0	null	911.17	0.085
1.9	0.055275	30000.0	3150.0	2268.75	NaN	NaN	NaN	0	0	0	0	0	1	1	0	0	0	0	0	1	0	0	0	0	0	0	0	1	0	0	0	1	23.0	0.13	0.285	NaN	NaN	0.31	0.633	NaN	NaN	9.3	22.155	NaN	NaN	0.0	"2.5"	"F0034"	0	0	"PR"	919.299	"wash-sc"	2.493	0	1	4	0.0	0.0	0.0	null	921.091	0.084
1.9	0.05445	562.5	3009.375	2278.125	NaN	NaN	NaN	0	0	0	0	1	0	0	0	0	0	0	0	0	0	0	0	0	0	0	0	1	0	0	0	1	23.0	0.116	0.286	NaN	NaN	0.276	0.636	NaN	NaN	8.28	22.26	NaN	NaN	0.0	"2.5"	"F0034"	0	0	"PR"	929.335	"drain-rg"	2.408	0	1	4	0.0	0.0	0.0	null	931.127	0.086
2.0	0.054725	562.5	2671.875	2306.25	NaN	NaN	NaN	0	0	0	0	1	0	0	0	0	0	0	0	0	0	0	0	0	0	0	0	1	0	0	0	1	24.0	0.082	0.289	NaN	NaN	0.195	0.642	NaN	NaN	5.85	22.47	NaN	NaN	0.0	"2.5"	"F0034"	0	0	"PR"	939.375	"drain-rg"	12.448	0	1	4	0.0	0.0	0.0	null	941.167	0.085
2.1	0.055275	562.5	2296.875	2306.25	NaN	NaN	NaN	0	0	0	0	1	0	0	0	0	0	0	0	0	0	0	0	0	0	0	0	1	0	0	0	1	25.0	0.045	0.289	NaN	NaN	0.107	0.642	NaN	NaN	3.21	22.47	NaN	NaN	0.0	"2.5"	"F0034"	0	0	"PR"	949.41	"drain-rg"	22.483	0	1	4	0.0	0.0	0.0	null	951.202	0.083
1.9	0.055275	375.0	1921.875	2278.125	NaN	NaN	NaN	0	0	0	0	1	0	0	0	0	0	0	0	0	0	0	0	0	0	0	0	1	0	0	0	1	23.0	0.007	0.286	NaN	NaN	0.017	0.636	NaN	NaN	0.51	22.26	NaN	NaN	0.0	"2.5"	"F0034"	0	0	"PR"	959.448	"drain-rg"	32.521	0	1	4	0.0	0.0	0.0	null	961.24	0.083
2.7	0.055	937.5	1425.0	2287.5	NaN	NaN	NaN	0	0	0	0	1	0	0	0	0	0	0	0	0	0	0	0	0	0	0	0	1	0	0	0	1	32.0	-0.043	0.287	NaN	NaN	-0.102	0.638	NaN	NaN	-3.06	22.33	NaN	NaN	0.0	"2.5"	"F0034"	0	0	"PR"	969.489	"drip-rg"	8.031	0	1	4	0.0	0.0	0.0	null	971.281	0.085
2.7	0.054725	26812.5	675.0	2259.375	NaN	NaN	NaN	0	0	1	0	0	1	0	0	0	0	0	0	1	0	0	0	0	0	0	0	1	0	0	0	1	32.0	-0.117	0.284	NaN	NaN	-0.279	0.631	NaN	NaN	-8.37	22.085	NaN	NaN	0.0	"2.5"	"F0034"	0	0	"FR"	2.027	"fill-rg-di"	1.827	1	1	0	978.507	0.0	0.0	null	981.156	0.083
1.3	0.054175	30000.0	2006.25	2025.0	NaN	NaN	NaN	0	0	1	0	0	1	0	0	0	0	0	0	1	0	0	0	0	0	0	0	1	0	0	0	1	16.0	0.016	0.261	NaN	NaN	0.038	0.58	NaN	NaN	1.14	20.3	NaN	NaN	0.0	"2.5"	"F0034"	0	0	"FR"	12.061	"fill-rg-di"	11.861	1	1	0	978.507	0.0	0.0	null	991.19	0.084
2.2	0.052525	30000.0	2353.125	1762.5	NaN	NaN	NaN	0	0	1	0	0	1	0	0	0	0	0	0	1	0	0	0	0	0	0	0	1	0	0	0	1	26.0	0.05	0.234	NaN	NaN	0.119	0.52	NaN	NaN	3.57	18.2	NaN	NaN	0.0	"2.5"	"F0034"	0	0	"FR"	22.1	"fill-rg-di"	21.9	1	1	0	978.507	0.0	0.0	null	1001.229	0.085
2.5	0.05115	30375.0	2625.0	1528.125	NaN	NaN	NaN	0	0	1	0	0	1	0	0	0	0	0	0	1	0	0	0	0	0	0	0	1	0	0	0	1	30.0	0.078	0.211	NaN	NaN	0.186	0.469	NaN	NaN	5.58	16.415	NaN	NaN	0.0	"2.5"	"F0034"	0	0	"FR"	32.138	"fill-rg-di"	31.938	1	1	0	978.507	0.0	0.0	null	1011.267	0.088
2.4	0.049775	30375.0	2943.75	1256.25	NaN	NaN	NaN	0	0	1	0	0	1	0	0	0	0	0	0	1	0	0	0	0	0	0	0	1	0	0	0	1	29.0	0.109	0.184	NaN	NaN	0.26	0.409	NaN	NaN	7.8	14.315	NaN	NaN	0.0	"2.5"	"F0034"	0	0	"FR"	42.177	"fill-rg-di"	41.977	1	1	0	978.507	0.0	0.0	null	1021.306	0.083
2.0	0.0484	30375.0	3271.875	1003.125	NaN	NaN	NaN	0	0	1	0	0	1	0	0	0	0	0	0	1	0	0	0	0	0	0	0	1	0	0	0	1	24.0	0.142	0.158	NaN	NaN	0.338	0.351	NaN	NaN	10.14	12.285	NaN	NaN	0.0	"2.5"	"F0034"	0	0	"FR"	52.214	"fill-rg-di"	52.014	1	1	0	978.507	0.0	0.0	null	1031.343	0.083
2.2	0.04785	-1875.0	2690.625	1021.875	NaN	NaN	NaN	0	0	0	0	1	0	0	0	0	0	0	0	0	0	0	0	0	0	0	0	1	0	0	0	1	26.0	0.084	0.16	NaN	NaN	0.2	0.356	NaN	NaN	6.0	12.46	NaN	NaN	0.0	"2.5"	"F0034"	0	0	"FR"	62.054	"drain-rg"	9.64	1	1	0	978.507	0.0	0.0	null	1041.183	0.091
2.6	0.0484	-1687.5	2371.875	1031.25	NaN	NaN	NaN	0	0	0	0	1	0	0	0	0	0	0	0	0	0	0	0	0	0	0	0	1	0	0	0	1	31.0	0.052	0.161	NaN	NaN	0.124	0.358	NaN	NaN	3.72	12.53	NaN	NaN	0.0	"2.5"	"F0034"	0	0	"FR"	72.089	"drain-rg"	19.675	1	1	0	978.507	0.0	0.0	null	1051.218	0.09
2.1	0.048125	-3000.0	1996.875	993.75	NaN	NaN	NaN	0	0	0	0	1	0	0	0	0	0	0	0	0	0	0	0	0	0	0	0	1	0	0	0	1	25.0	0.015	0.157	NaN	NaN	0.036	0.349	NaN	NaN	1.08	12.215	NaN	NaN	0.0	"2.5"	"F0034"	0	0	"FR"	82.127	"drain-rg"	29.713	1	1	0	978.507	0.0	0.0	null	1061.256	0.091
2.4	0.048125	-3562.5	1565.625	993.75	NaN	NaN	NaN	0	0	0	0	1	0	0	0	0	0	0	0	0	0	0	0	0	0	0	0	1	0	0	0	1	29.0	-0.028	0.157	NaN	NaN	-0.067	0.349	NaN	NaN	-2.01	12.215	NaN	NaN	0.0	"2.5"	"F0034"	0	0	"FR"	92.165	"drip-rg"	6.021	1	1	0	978.507	0.0	0.0	null	1071.294	0.084
2.1	0.047575	-4312.5	18.75	1003.125	NaN	NaN	NaN	0	0	0	0	0	0	0	0	0	0	0	0	0	0	0	0	0	0	0	0	1	0	0	0	1	25.0	-0.183	0.158	NaN	NaN	-0.436	0.351	NaN	NaN	-13.08	12.285	NaN	NaN	0.0	"2.5"	"F0034"	0	0	"PR"	0.201	"begin"	0.201	1	0	0	978.507	0.0	1080.523	null	1081.345	0.097
2.2	0.0484	30750.0	1921.875	759.375	NaN	NaN	NaN	0	0	1	0	0	1	0	0	0	0	0	0	1	0	0	0	0	0	0	0	1	0	0	0	1	26.0	0.007	0.134	NaN	NaN	0.017	0.298	NaN	NaN	0.51	10.43	NaN	NaN	0.0	"2.5"	"F0034"	0	0	"PR"	10.262	"fill-rg-di"	10.061	1	0	0	978.507	0.0	1080.523	null	1091.406	0.084
2.2	0.0473	30375.0	2240.625	496.875	NaN	NaN	NaN	0	0	1	0	0	1	0	0	0	0	0	0	1	0	0	0	0	0	0	0	1	0	0	0	1	26.0	0.039	0.108	NaN	NaN	0.093	0.24	NaN	NaN	2.79	8.4	NaN	NaN	0.0	"2.5"	"F0034"	0	0	"PR"	20.099	"fill-rg-di"	19.898	1	0	0	978.507	0.0	1080.523	null	1101.243	0.091
2.5	0.046475	29625.0	2540.625	262.5	NaN	NaN	NaN	0	0	1	0	0	1	0	0	0	0	0	0	1	0	0	0	0	0	0	0	1	0	0	0	1	30.0	0.069	0.084	NaN	NaN	0.164	0.187	NaN	NaN	4.92	6.545	NaN	NaN	0.0	"2.5"	"F0034"	0	0	"PR"	30.136	"fill-rg-di"	29.935	1	0	0	978.507	0.0	1080.523	null	1111.28	0.092
2.8	0.0451	3187.5	2793.75	121.875	NaN	NaN	NaN	1	0	0	0	0	0	0	0	0	0	0	0	0	1	0	0	0	0	0	0	1	0	0	0	1	34.0	0.094	0.07	NaN	NaN	0.224	0.156	NaN	NaN	6.72	5.46	NaN	NaN	0.0	"2.5"	"F0034"	0	0	"PR"	40.17	"fill-di-lb"	2.405	1	0	0	978.507	0.0	1080.523	null	1121.314	0.09
2.2	0.04565	4312.5	2784.375	421.875	NaN	NaN	NaN	1	0	0	0	0	0	0	0	0	0	0	0	0	1	0	0	0	0	0	0	1	0	0	0	1	26.0	0.093	0.1	NaN	NaN	0.221	0.222	NaN	NaN	6.63	7.77	NaN	NaN	0.0	"2.5"	"F0034"	0	0	"PR"	50.207	"fill-di-lb"	12.442	1	0	0	978.507	0.0	1080.523	null	1131.351	0.09
2.1	0.04565	3562.5	2784.375	721.875	NaN	NaN	NaN	1	0	0	0	0	0	0	0	0	0	0	0	0	1	0	0	0	0	0	0	1	0	0	0	1	25.0	0.093	0.13	NaN	NaN	0.221	0.289	NaN	NaN	6.63	10.115	NaN	NaN	0.0	"2.5"	"F0034"	0	0	"PR"	60.248	"fill-di-lb"	22.483	1	0	0	978.507	0.0	1080.523	null	1141.392	0.087
1.3	0.045925	3750.0	2793.75	1012.5	NaN	NaN	NaN	1	0	0	0	0	0	0	0	0	0	0	0	0	1	0	0	0	0	0	0	1	0	0	0	1	16.0	0.094	0.159	NaN	NaN	0.224	0.353	NaN	NaN	6.72	12.355	NaN	NaN	0.0	"2.5"	"F0034"	0	0	"PR"	70.287	"fill-di-lb"	32.522	1	0	0	978.507	0.0	1080.523	null	1151.431	0.09
2.2	0.0451	2812.5	2784.375	1275.0	NaN	NaN	NaN	1	0	0	0	0	0	0	0	0	0	0	0	0	1	0	0	0	0	0	0	1	0	0	0	1	26.0	0.093	0.185	NaN	NaN	0.221	0.411	NaN	NaN	6.63	14.385	NaN	NaN	0.0	"2.5"	"F0034"	0	0	"PR"	80.128	"fill-di-lb"	42.363	1	0	0	978.507	0.0	1080.523	null	1161.272	0.091
3.0	0.04565	1687.5	2793.75	1612.5	NaN	NaN	NaN	1	0	0	0	0	0	0	0	0	0	0	0	0	1	0	0	0	0	0	0	1	0	0	0	1	36.0	0.094	0.219	NaN	NaN	0.224	0.487	NaN	NaN	6.72	17.045	NaN	NaN	0.0	"2.5"	"F0034"	0	0	"PR"	90.159	"fill-di-lb"	52.394	1	0	0	978.507	0.0	1080.523	null	1171.303	0.09
1.5	0.04565	2812.5	2793.75	1865.625	NaN	NaN	NaN	1	0	0	0	0	0	0	0	0	0	0	0	0	1	0	0	0	0	0	0	1	0	0	0	1	18.0	0.094	0.245	NaN	NaN	0.224	0.544	NaN	NaN	6.72	19.04	NaN	NaN	0.0	"2.5"	"F0034"	0	0	"PR"	100.195	"fill-di-lb"	62.43	1	0	0	978.507	0.0	1080.523	null	1181.339	0.09
2.2	0.045925	2625.0	2793.75	2146.875	NaN	NaN	NaN	1	0	0	0	0	0	0	0	0	0	0	0	0	1	0	0	0	0	0	0	1	0	0	0	1	26.0	0.094	0.273	NaN	NaN	0.224	0.607	NaN	NaN	6.72	21.245	NaN	NaN	0.0	"2.5"	"F0034"	0	0	"PR"	110.234	"fill-di-lb"	72.469	1	0	0	978.507	0.0	1080.523	null	1191.378	0.092
2.1	0.045375	5437.5	2934.375	2203.125	NaN	NaN	NaN	1	0	0	0	0	0	0	0	0	0	0	0	0	1	0	0	0	0	0	0	1	0	0	0	1	25.0	0.108	0.278	NaN	NaN	0.257	0.618	NaN	NaN	7.71	21.63	NaN	NaN	0.0	"2.5"	"F0034"	0	0	"PR"	120.267	"fill-di"	1.805	1	0	0	978.507	0.0	1080.523	null	1201.411	0.09
