cur	ec	mod-ps	rg-ps	di-ps	fw1-ps	fw2-ps	pf-ps	vlv-di-fill	vlv-di-in	vlv-di-out	vlv-rg-fill	vlv-rg-drain	vlv-rg-in	vlv-rg-out	vlv-fw1-in	vlv-fw1-out	vlv-fw2-in	vlv-po	vlv-mod-drain	pmp-sys	pmp-di	pmp-fw1	pmp-fw2	uv	en-anode1	en-cath1	pl-anode1	pl-cath1	en-anode2	en-cath2	pl-anode2	pl-cath2	pw	rg-he	di-he	fw1-he	fw2-he	rg-lev	di-lev	fw1-lev	fw2-lev	rg-vol	di-vol	fw1-vol	fw2-vol	pr-ec	ver	sn	mod-en	mod-pl	proc	proc-time	ph	ph-time	count	cyc	rnd	pr-last	rc-last	fr-last	halt-re	time	exec
0.6	0.036025	13500.0	2250.0	3243.75	NaN	NaN	NaN	0	0	1	0	0	1	0	0	0	0	0	0	1	0	0	0	0	0	0	0	1	0	0	0	1	7.0	0.04	0.372	NaN	NaN	0.095	0.827	NaN	NaN	2.85	28.945	NaN	NaN	0.0	"2.5"	"F0034"	0	0	"PR"	8.248	"fill-rg-di"	8.047	0	0	0	0.0	0.0	0.0	null	10.059	0.084
0.6	0.036025	13500.0	2250.0	3243.75	NaN	NaN	NaN	0	0	1	0	0	1	0	0	0	0	0	0	1	0	0	0	0	0	0	0	1	0	0	0	1	7.0	0.04	0.372	NaN	NaN	0.095	0.827	NaN	NaN	2.85	28.945	NaN	NaN	0.0	"2.5"	"F0034"	0	0	"PR"	8.248	"fill-rg-di"	8.047	0	0	0	0.0	0.0	0.0	null	10.059	0.084
-0.1	0.036575	13312.5	2493.75	3037.5	NaN	NaN	NaN	0	0	1	0	0	1	0	0	0	0	0	0	1	0	0	0	0	0	0	0	1	0	0	0	1	-1.0	0.064	0.352	NaN	NaN	0.152	0.782	NaN	NaN	4.56	27.37	NaN	NaN	0.0	"2.5"	"F0034"	0	0	"PR"	18.286	"fill-rg-di"	18.085	0	0	0	0.0	0.0	0.0	null	20.097	0.087
0.3	0.036575	11812.5	2718.75	2840.625	NaN	NaN	NaN	0	0	1	0	0	1	0	0	0	0	0	0	1	0	0	0	0	0	0	0	1	0	0	0	1	4.0	0.087	0.332	NaN	NaN	0.207	0.738	NaN	NaN	6.21	25.83	NaN	NaN	0.0	"2.5"	"F0034"	0	0	"PR"	28.327	"fill-rg-di"	28.126	0	0	0	0.0	0.0	0.0	null	30.138	0.086
0.2	0.037125	12937.5	2981.25	2662.5	NaN	NaN	NaN	0	0	1	0	0	1	0	0	0	0	0	0	1	0	0	0	0	0	0	0	1	0	0	0	1	2.0	0.113	0.314	NaN	NaN	0.269	0.698	NaN	NaN	8.07	24.43	NaN	NaN	0.0	"2.5"	"F0034"	0	0	"PR"	38.361	"fill-rg-di"	38.16	0	0	0	0.0	0.0	0.0	null	40.172	0.084
0.3	0.0363	14812.5	3215.625	2446.875	NaN	NaN	NaN	0	0	1	0	0	1	0	0	0	0	0	0	1	0	0	0	0	0	0	0	1	0	0	0	1	4.0	0.137	0.293	NaN	NaN	0.326	0.651	NaN	NaN	9.78	22.785	NaN	NaN	0.0	"2.5"	"F0034"	0	0	"PR"	48.393	"fill-rg-di"	48.192	0	0	0	0.0	0.0	0.0	null	50.204	0.087
0.3	0.037125	6562.5	3271.875	2662.5	NaN	NaN	NaN	1	0	0	0	0	0	0	0	0	0	0	0	0	1	0	0	0	0	0	0	1	0	0	0	1	4.0	0.142	0.314	NaN	NaN	0.338	0.698	NaN	NaN	10.14	24.43	NaN	NaN	0.0	"2.5"	"F0034"	0	0	"PR"	58.43	"fill-di"	8.431	0	0	0	0.0	0.0	0.0	null	60.241	0.087
0.2	0.037125	7125.0	3271.875	2981.25	NaN	NaN	NaN	1	0	0	0	0	0	0	0	0	0	0	0	0	1	0	0	0	0	0	0	1	0	0	0	1	2.0	0.142	0.346	NaN	NaN	0.338	0.769	NaN	NaN	10.14	26.915	NaN	NaN	0.0	"2.5"	"F0034"	0	0	"PR"	68.46	"fill-di"	18.461	0	0	0	0.0	0.0	0.0	null	70.271	0.084
-0.1	0.037125	8250.0	3271.875	3300.0	NaN	NaN	NaN	1	0	0	0	0	0	0	0	0	0	0	0	0	1	0	0	0	0	0	0	1	0	0	0	1	-1.0	0.142	0.378	NaN	NaN	0.338	0.84	NaN	NaN	10.14	29.4	NaN	NaN	0.0	"2.5"	"F0034"	0	0	"PR"	78.496	"fill-di"	28.497	0	0	0	0.0	0.0	0.0	null	80.307	0.084
0.2	0.0374	13875.0	3131.25	3403.125	NaN	NaN	NaN	0	0	0	0	0	1	1	0	0	0	0	0	1	0	0	0	0	0	0	0	1	0	0	0	1	2.0	0.128	0.388	NaN	NaN	0.305	0.862	NaN	NaN	9.15	30.17	NaN	NaN	0.0	"2.5"	"F0034"	0	0	"PR"	88.334	"prime"	7.429	0	0	0	0.0	0.0	0.0	null	90.145	0.092
-0.7	0.038225	12937.5	3187.5	3384.375	NaN	NaN	NaN	0	0	0	0	0	1	1	0	0	0	0	0	1	0	0	0	0	0	0	0	1	0	0	0	1	-8.0	0.134	0.386	NaN	NaN	0.319	0.858	NaN	NaN	9.57	30.03	NaN	NaN	0.0	"2.5"	"F0034"	0	0	"PR"	98.367	"prime"	17.462	0	0	0	0.0	0.0	0.0	null	100.178	0.089
0.3	0.038225	12562.5	3225.0	3403.125	NaN	NaN	NaN	0	0	0	0	0	1	1	0	0	0	0	0	1	0	0	0	0	0	0	0	1	0	0	0	1	4.0	0.138	0.388	NaN	NaN	0.329	0.862	NaN	NaN	9.87	30.17	NaN	NaN	0.0	"2.5"	"F0034"	0	0	"PR"	108.406	"prime"	27.501	0	0	0	0.0	0.0	0.0	null	110.217	0.086
-12.3	0.038225	17437.5	3262.5	3600.0	NaN	NaN	NaN	0	1	1	0	0	0	0	0	0	0	0	0	1	0	0	0	0	1	1	0	1	1	1	0	1	-148.0	0.141	0.408	NaN	NaN	0.336	0.907	NaN	NaN	10.08	31.745	NaN	NaN	0.0	"2.5"	"F0034"	1	0	"PR"	118.449	"deionize"	7.032	0	1	0	0.0	0.0	0.0	null	120.26	0.084
-12.2	0.0385	17062.5	3271.875	3600.0	NaN	NaN	NaN	0	1	1	0	0	0	0	0	0	0	0	0	1	0	0	0	0	1	1	0	1	1	1	0	1	-146.0	0.142	0.408	NaN	NaN	0.338	0.907	NaN	NaN	10.14	31.745	NaN	NaN	0.0	"2.5"	"F0034"	1	0	"PR"	128.485	"deionize"	17.068	0	1	0	0.0	0.0	0.0	null	130.296	0.084
-14.1	0.039325	17250.0	3262.5	3600.0	NaN	NaN	NaN	0	1	1	0	0	0	0	0	0	0	0	0	1	0	0	0	0	1	1	0	1	1	1	0	1	-169.0	0.141	0.408	NaN	NaN	0.336	0.907	NaN	NaN	10.08	31.745	NaN	NaN	0.0	"2.5"	"F0034"	1	0	"PR"	138.524	"deionize"	27.107	0	1	0	0.0	0.0	0.0	null	140.335	0.086
-12.0	0.039325	17625.0	3271.875	3618.75	NaN	NaN	NaN	0	1	1	0	0	0	0	0	0	0	0	0	1	0	0	0	0	1	1	0	1	1	1	0	1	-144.0	0.142	0.41	NaN	NaN	0.338	0.911	NaN	NaN	10.14	31.885	NaN	NaN	0.0	"2.5"	"F0034"	1	0	"PR"	148.561	"deionize"	37.144	0	1	0	0.0	0.0	0.0	null	150.372	0.084
-11.9	0.039325	18000.0	3271.875	3562.5	NaN	NaN	NaN	0	1	1	0	0	0	0	0	0	0	0	0	1	0	0	0	0	1	1	0	1	1	1	0	1	-143.0	0.142	0.404	NaN	NaN	0.338	0.898	NaN	NaN	10.14	31.43	NaN	NaN	0.0	"2.5"	"F0034"	1	0	"PR"	158.599	"deionize"	47.182	0	1	0	0.0	0.0	0.0	null	160.41	0.084
-11.6	0.039325	18937.5	3300.0	3571.875	NaN	NaN	NaN	0	1	1	0	0	0	0	0	0	0	0	0	1	0	0	0	0	1	1	0	1	1	1	0	1	-139.0	0.145	0.405	NaN	NaN	0.345	0.9	NaN	NaN	10.35	31.5	NaN	NaN	0.0	"2.5"	"F0034"	1	0	"PR"	168.436	"deionize"	57.019	0	1	0	0.0	0.0	0.0	null	170.247	0.092
-11.9	0.038775	17437.5	3271.875	3600.0	NaN	NaN	NaN	0	1	1	0	0	0	0	0	0	0	0	0	1	0	0	0	0	1	1	0	1	1	1	0	1	-143.0	0.142	0.408	NaN	NaN	0.338	0.907	NaN	NaN	10.14	31.745	NaN	NaN	0.0	"2.5"	"F0034"	1	0	"PR"	178.467	"deionize"	67.05	0	1	0	0.0	0.0	0.0	null	180.278	0.087
-11.7	0.039325	18375.0	3271.875	3562.5	NaN	NaN	NaN	0	1	1	0	0	0	0	0	0	0	0	0	1	0	0	0	0	1	1	0	1	1	1	0	1	-140.0	0.142	0.404	NaN	NaN	0.338	0.898	NaN	NaN	10.14	31.43	NaN	NaN	0.0	"2.5"	"F0034"	1	0	"PR"	188.504	"deionize"	77.087	0	1	0	0.0	0.0	0.0	null	190.315	0.091
-12.4	0.038225	17812.5	3262.5	3562.5	NaN	NaN	NaN	0	1	1	0	0	0	0	0	0	0	0	0	1	0	0	0	0	1	1	0	1	1	1	0	1	-149.0	0.141	0.404	NaN	NaN	0.336	0.898	NaN	NaN	10.08	31.43	NaN	NaN	0.0	"2.5"	"F0034"	1	0	"PR"	198.543	"deionize"	87.126	0	1	0	0.0	0.0	0.0	null	200.354	0.092
-10.6	0.038225	18187.5	3262.5	3600.0	NaN	NaN	NaN	0	1	1	0	0	0	0	0	0	0	0	0	1	0	0	0	0	1	1	0	1	1	1	0	1	-127.0	0.141	0.408	NaN	NaN	0.336	0.907	NaN	NaN	10.08	31.745	NaN	NaN	0.0	"2.5"	"F0034"	1	0	"PR"	208.581	"deionize"	97.164	0	1	0	0.0	0.0	0.0	null	210.392	0.087
-11.9	0.037675	18375.0	3271.875	3571.875	NaN	NaN	NaN	0	1	1	0	0	0	0	0	0	0	0	0	1	0	0	0	0	1	1	0	1	1	1	0	1	-143.0	0.142	0.405	NaN	NaN	0.338	0.9	NaN	NaN	10.14	31.5	NaN	NaN	0.0	"2.5"	"F0034"	1	0	"PR"	218.621	"deionize"	107.204	0	1	0	0.0	0.0	0.0	null	220.432	0.093
-11.9	0.037125	19125.0	3262.5	3581.25	NaN	NaN	NaN	0	1	1	0	0	0	0	0	0	0	0	0	1	0	0	0	0	1	1	0	1	1	1	0	1	-143.0	0.141	0.406	NaN	NaN	0.336	0.902	NaN	NaN	10.08	31.57	NaN	NaN	0.0	"2.5"	"F0034"	1	0	"PR"	228.658	"deionize"	117.241	0	1	0	0.0	0.0	0.0	null	230.469	0.087
-11.5	0.0374	17437.5	3281.25	3628.125	NaN	NaN	NaN	0	1	1	0	0	0	0	0	0	0	0	0	1	0	0	0	0	1	1	0	1	1	1	0	1	-138.0	0.143	0.411	NaN	NaN	0.34	0.913	NaN	NaN	10.2	31.955	NaN	NaN	0.0	"2.5"	"F0034"	1	0	"PR"	238.488	"deionize"	127.071	0	1	0	0.0	0.0	0.0	null	240.299	0.091
-12.5	0.036575	18187.5	3262.5	3609.375	NaN	NaN	NaN	0	1	1	0	0	0	0	0	0	0	0	0	1	0	0	0	0	1	1	0	1	1	1	0	1	-150.0	0.141	0.409	NaN	NaN	0.336	0.909	NaN	NaN	10.08	31.815	NaN	NaN	0.0	"2.5"	"F0034"	1	0	"PR"	248.529	"deionize"	137.112	0	1	0	0.0	0.0	0.0	null	250.34	0.093
-11.3	0.03575	17250.0	3271.875	3571.875	NaN	NaN	NaN	0	1	1	0	0	0	0	0	0	0	0	0	1	0	0	0	0	1	1	0	1	1	1	0	1	-136.0	0.142	0.405	NaN	NaN	0.338	0.9	NaN	NaN	10.14	31.5	NaN	NaN	0.0	"2.5"	"F0034"	1	0	"PR"	258.566	"deionize"	147.149	0	1	0	0.0	0.0	0.0	null	260.377	0.087
-11.7	0.034925	17437.5	3281.25	3562.5	NaN	NaN	NaN	0	1	1	0	0	0	0	0	0	0	0	0	1	0	0	0	0	1	1	0	1	1	1	0	1	-140.0	0.143	0.404	NaN	NaN	0.34	0.898	NaN	NaN	10.2	31.43	NaN	NaN	0.0	"2.5"	"F0034"	1	0	"PR"	268.603	"deionize"	157.186	0	1	0	0.0	0.0	0.0	null	270.414	0.09
-11.3	0.033825	17812.5	3271.875	3646.875	NaN	NaN	NaN	0	1	1	0	0	0	0	0	0	0	0	0	1	0	0	0	0	1	1	0	1	1	1	0	1	-136.0	0.142	0.413	NaN	NaN	0.338	0.918	NaN	NaN	10.14	32.13	NaN	NaN	0.0	"2.5"	"F0034"	1	0	"PR"	278.642	"deionize"	167.225	0	1	0	0.0	0.0	0.0	null	280.453	0.091
-11.3	0.033825	18937.5	3271.875	3590.625	NaN	NaN	NaN	0	1	1	0	0	0	0	0	0	0	0	0	1	0	0	0	0	1	1	0	1	1	1	0	1	-136.0	0.142	0.407	NaN	NaN	0.338	0.904	NaN	NaN	10.14	31.64	NaN	NaN	0.0	"2.5"	"F0034"	1	0	"PR"	288.679	"deionize"	177.262	0	1	0	0.0	0.0	0.0	null	290.49	0.09
-11.0	0.03245	19312.5	3271.875	3562.5	NaN	NaN	NaN	0	1	1	0	0	0	0	0	0	0	0	0	1	0	0	0	0	1	1	0	1	1	1	0	1	-132.0	0.142	0.404	NaN	NaN	0.338	0.898	NaN	NaN	10.14	31.43	NaN	NaN	0.0	"2.5"	"F0034"	1	0	"PR"	298.717	"deionize"	187.3	0	1	0	0.0	0.0	0.0	null	300.528	0.091
-10.3	0.0319	18375.0	3281.25	3581.25	NaN	NaN	NaN	0	1	1	0	0	0	0	0	0	0	0	0	1	0	0	0	0	1	1	0	1	1	1	0	1	-124.0	0.143	0.406	NaN	NaN	0.34	0.902	NaN	NaN	10.2	31.57	NaN	NaN	0.0	"2.5"	"F0034"	1	0	"PR"	308.551	"deionize"	197.134	0	1	0	0.0	0.0	0.0	null	310.362	0.087
-10.3	0.031625	17250.0	3281.25	3600.0	NaN	NaN	NaN	0	1	1	0	0	0	0	0	0	0	0	0	1	0	0	0	0	1	1	0	1	1	1	0	1	-124.0	0.143	0.408	NaN	NaN	0.34	0.907	NaN	NaN	10.2	31.745	NaN	NaN	0.0	"2.5"	"F0034"	1	0	"PR"	318.589	"deionize"	207.172	0	1	0	0.0	0.0	0.0	null	320.4	0.087
-10.5	0.031075	16875.0	3271.875	3581.25	NaN	NaN	NaN	0	1	1	0	0	0	0	0	0	0	0	0	1	0	0	0	0	1	1	0	1	1	1	0	1	-126.0	0.142	0.406	NaN	NaN	0.338	0.902	NaN	NaN	10.14	31.57	NaN	NaN	0.0	"2.5"	"F0034"	1	0	"PR"	328.629	"deionize"	217.212	0	1	0	0.0	0.0	0.0	null	330.44	0.089
-9.8	0.03025	16687.5	3281.25	3581.25	NaN	NaN	NaN	0	1	1	0	0	0	0	0	0	0	0	0	1	0	0	0	0	1	1	0	1	1	1	0	1	-118.0	0.143	0.406	NaN	NaN	0.34	0.902	NaN	NaN	10.2	31.57	NaN	NaN	0.0	"2.5"	"F0034"	1	0	"PR"	338.665	"deionize"	227.248	0	1	0	0.0	0.0	0.0	null	340.476	0.091
-10.2	0.03025	17812.5	3271.875	3609.375	NaN	NaN	NaN	0	1	1	0	0	0	0	0	0	0	0	0	1	0	0	0	0	1	1	0	1	1	1	0	1	-122.0	0.142	0.409	NaN	NaN	0.338	0.909	NaN	NaN	10.14	31.815	NaN	NaN	0.0	"2.5"	"F0034"	1	0	"PR"	348.699	"deionize"	237.282	0	1	0	0.0	0.0	0.0	null	350.51	0.088
-9.8	0.02915	18375.0	3262.5	3562.5	NaN	NaN	NaN	0	1	1	0	0	0	0	0	0	0	0	0	1	0	0	0	0	1	1	0	1	1	1	0	1	-118.0	0.141	0.404	NaN	NaN	0.336	0.898	NaN	NaN	10.08	31.43	NaN	NaN	0.0	"2.5"	"F0034"	1	0	"PR"	358.738	"deionize"	247.321	0	1	0	0.0	0.0	0.0	null	360.549	0.092
-9.7	0.02915	18562.5	3290.625	3562.5	NaN	NaN	NaN	0	1	1	0	0	0	0	0	0	0	0	0	1	0	0	0	0	1	1	0	1	1	1	0	1	-116.0	0.144	0.404	NaN	NaN	0.343	0.898	NaN	NaN	10.29	31.43	NaN	NaN	0.0	"2.5"	"F0034"	1	0	"PR"	368.777	"deionize"	257.36	0	1	0	0.0	0.0	0.0	null	370.588	0.091
-9.8	0.0286	18937.5	3262.5	3562.5	NaN	NaN	NaN	0	1	1	0	0	0	0	0	0	0	0	0	1	0	0	0	0	1	1	0	1	1	1	0	1	-118.0	0.141	0.404	NaN	NaN	0.336	0.898	NaN	NaN	10.08	31.43	NaN	NaN	0.0	"2.5"	"F0034"	1	0	"PR"	378.816	"deionize"	267.399	0	1	0	0.0	0.0	0.0	null	380.627	0.088
-9.2	0.0286	18937.5	3243.75	3581.25	NaN	NaN	NaN	0	1	1	0	0	0	0	0	0	0	0	0	1	0	0	0	0	1	1	0	1	1	1	0	1	-110.0	0.139	0.406	NaN	NaN	0.331	0.902	NaN	NaN	9.93	31.57	NaN	NaN	0.0	"2.5"	"F0034"	1	0	"PR"	388.655	"deionize"	277.238	0	1	0	0.0	0.0	0.0	null	390.466	0.084
-9.6	0.02805	18750.0	3271.875	3562.5	NaN	NaN	NaN	0	1	1	0	0	0	0	0	0	0	0	0	1	0	0	0	0	1	1	0	1	1	1	0	1	-115.0	0.142	0.404	NaN	NaN	0.338	0.898	NaN	NaN	10.14	31.43	NaN	NaN	0.0	"2.5"	"F0034"	1	0	"PR"	398.689	"deionize"	287.272	0	1	0	0.0	0.0	0.0	null	400.5	0.087
-8.8	0.027775	19875.0	3281.25	3562.5	NaN	NaN	NaN	0	1	1	0	0	0	0	0	0	0	0	0	1	0	0	0	0	1	1	0	1	1	1	0	1	-106.0	0.143	0.404	NaN	NaN	0.34	0.898	NaN	NaN	10.2	31.43	NaN	NaN	0.0	"2.5"	"F0034"	1	0	"PR"	408.732	"deionize"	297.315	0	1	0	0.0	0.0	0.0	null	410.543	0.086
-8.9	0.0275	17625.0	3271.875	3581.25	NaN	NaN	NaN	0	1	1	0	0	0	0	0	0	0	0	0	1	0	0	0	0	1	1	0	1	1	1	0	1	-107.0	0.142	0.406	NaN	NaN	0.338	0.902	NaN	NaN	10.14	31.57	NaN	NaN	0.0	"2.5"	"F0034"	1	0	"PR"	418.766	"deionize"	307.349	0	1	0	0.0	0.0	0.0	null	420.577	0.087
-8.4	0.0275	16875.0	3271.875	3581.25	NaN	NaN	NaN	0	1	1	0	0	0	0	0	0	0	0	0	1	0	0	0	0	1	1	0	1	1	1	0	1	-101.0	0.142	0.406	NaN	NaN	0.338	0.902	NaN	NaN	10.14	31.57	NaN	NaN	0.0	"2.5"	"F0034"	1	0	"PR"	428.804	"deionize"	317.387	0	1	0	0.0	0.0	0.0	null	430.615	0.087
-9.2	0.02695	18750.0	3271.875	3590.625	NaN	NaN	NaN	0	1	1	0	0	0	0	0	0	0	0	0	1	0	0	0	0	1	1	0	1	1	1	0	1	-110.0	0.142	0.407	NaN	NaN	0.338	0.904	NaN	NaN	10.14	31.64	NaN	NaN	0.0	"2.5"	"F0034"	1	0	"PR"	438.846	"deionize"	327.429	0	1	0	0.0	0.0	0.0	null	440.657	0.084
-12.2	0.026675	17437.5	3271.875	3581.25	NaN	NaN	NaN	0	1	1	0	0	0	0	0	0	0	0	0	1	0	0	0	0	1	1	0	1	1	1	0	1	-146.0	0.142	0.406	NaN	NaN	0.338	0.902	NaN	NaN	10.14	31.57	NaN	NaN	0.0	"2.5"	"F0034"	1	0	"PR"	448.884	"deionize"	337.467	0	1	0	0.0	0.0	0.0	null	450.695	0.091
-8.4	0.026125	18375.0	3281.25	3553.125	NaN	NaN	NaN	0	1	1	0	0	0	0	0	0	0	0	0	1	0	0	0	0	1	1	0	1	1	1	0	1	-101.0	0.143	0.403	NaN	NaN	0.34	0.896	NaN	NaN	10.2	31.36	NaN	NaN	0.0	"2.5"	"F0034"	1	0	"PR"	458.719	"deionize"	347.302	0	1	0	0.0	0.0	0.0	null	460.53	0.089
-8.0	0.026125	18375.0	3243.75	3590.625	NaN	NaN	NaN	0	1	1	0	0	0	0	0	0	0	0	0	1	0	0	0	0	1	1	0	1	1	1	0	1	-96.0	0.139	0.407	NaN	NaN	0.331	0.904	NaN	NaN	9.93	31.64	NaN	NaN	0.0	"2.5"	"F0034"	1	0	"PR"	468.757	"deionize"	357.34	0	1	0	0.0	0.0	0.0	null	470.568	0.084
-8.7	0.025575	18375.0	3281.25	3581.25	NaN	NaN	NaN	0	1	1	0	0	0	0	0	0	0	0	0	1	0	0	0	0	1	1	0	1	1	1	0	1	-104.0	0.143	0.406	NaN	NaN	0.34	0.902	NaN	NaN	10.2	31.57	NaN	NaN	0.0	"2.5"	"F0034"	1	0	"PR"	478.794	"deionize"	367.377	0	1	0	0.0	0.0	0.0	null	480.605	0.087
-7.8	0.02475	16500.0	3262.5	3600.0	NaN	NaN	NaN	0	1	1	0	0	0	0	0	0	0	0	0	1	0	0	0	0	1	1	0	1	1	1	0	1	-94.0	0.141	0.408	NaN	NaN	0.336	0.907	NaN	NaN	10.08	31.745	NaN	NaN	0.0	"2.5"	"F0034"	1	0	"PR"	488.836	"deionize"	377.419	0	1	0	0.0	0.0	0.0	null	490.647	0.086
-8.0	0.02475	19125.0	3281.25	3581.25	NaN	NaN	NaN	0	1	1	0	0	0	0	0	0	0	0	0	1	0	0	0	0	1	1	0	1	1	1	0	1	-96.0	0.143	0.406	NaN	NaN	0.34	0.902	NaN	NaN	10.2	31.57	NaN	NaN	0.0	"2.5"	"F0034"	1	0	"PR"	498.871	"deionize"	387.454	0	1	0	0.0	0.0	0.0	null	500.682	0.087
-7.4	0.024475	20062.5	3262.5	3581.25	NaN	NaN	NaN	0	1	1	0	0	0	0	0	0	0	0	0	1	0	0	0	0	1	1	0	1	1	1	0	1	-89.0	0.141	0.406	NaN	NaN	0.336	0.902	NaN	NaN	10.08	31.57	NaN	NaN	0.0	"2.5"	"F0034"	1	0	"PR"	508.907	"deionize"	397.49	0	1	0	0.0	0.0	0.0	null	510.718	0.087
-9.0	0.024475	18937.5	3262.5	3600.0	NaN	NaN	NaN	0	1	1	0	0	0	0	0	0	0	0	0	1	0	0	0	0	1	1	0	1	1	1	0	1	-108.0	0.141	0.408	NaN	NaN	0.336	0.907	NaN	NaN	10.08	31.745	NaN	NaN	0.0	"2.5"	"F0034"	1	0	"PR"	518.945	"deionize"	407.528	0	1	0	0.0	0.0	0.0	null	520.756	0.087
-8.0	0.0242	16312.5	3271.875	3600.0	NaN	NaN	NaN	0	1	1	0	0	0	0	0	0	0	0	0	1	0	0	0	0	1	1	0	1	1	1	0	1	-96.0	0.142	0.408	NaN	NaN	0.338	0.907	NaN	NaN	10.14	31.745	NaN	NaN	0.0	"2.5"	"F0034"	1	0	"PR"	528.781	"deionize"	417.364	0	1	0	0.0	0.0	0.0	null	530.592	0.084
-7.1	0.024475	17437.5	3271.875	3562.5	NaN	NaN	NaN	0	1	1	0	0	0	0	0	0	0	0	0	1	0	0	0	0	1	1	0	1	1	1	0	1	-85.0	0.142	0.404	NaN	NaN	0.338	0.898	NaN	NaN	10.14	31.43	NaN	NaN	0.0	"2.5"	"F0034"	1	0	"PR"	538.822	"deionize"	427.405	0	1	0	0.0	0.0	0.0	null	540.633	0.088
-5.9	0.02365	17437.5	3281.25	3571.875	NaN	NaN	NaN	0	1	1	0	0	0	0	0	0	0	0	0	1	0	0	0	0	1	1	0	1	1	1	0	1	-71.0	0.143	0.405	NaN	NaN	0.34	0.9	NaN	NaN	10.2	31.5	NaN	NaN	0.0	"2.5"	"F0034"	1	0	"PR"	548.863	"deionize"	437.446	0	1	0	0.0	0.0	0.0	null	550.674	0.086
-7.3	0.02365	18187.5	3271.875	3590.625	NaN	NaN	NaN	0	1	1	0	0	0	0	0	0	0	0	0	1	0	0	0	0	1	1	0	1	1	1	0	1	-88.0	0.142	0.407	NaN	NaN	0.338	0.904	NaN	NaN	10.14	31.64	NaN	NaN	0.0	"2.5"	"F0034"	1	0	"PR"	558.893	"deionize"	447.476	0	1	0	0.0	0.0	0.0	null	560.704	0.084
-7.8	0.023375	18937.5	3262.5	3600.0	NaN	NaN	NaN	0	1	1	0	0	0	0	0	0	0	0	0	1	0	0	0	0	1	1	0	1	1	1	0	1	-94.0	0.141	0.408	NaN	NaN	0.336	0.907	NaN	NaN	10.08	31.745	NaN	NaN	0.0	"2.5"	"F0034"	1	0	"PR"	568.931	"deionize"	457.514	0	1	0	0.0	0.0	0.0	null	570.742	0.088
-7.3	0.0231	19125.0	3271.875	3590.625	NaN	NaN	NaN	0	1	1	0	0	0	0	0	0	0	0	0	1	0	0	0	0	1	1	0	1	1	1	0	1	-88.0	0.142	0.407	NaN	NaN	0.338	0.904	NaN	NaN	10.14	31.64	NaN	NaN	0.0	"2.5"	"F0034"	1	0	"PR"	578.966	"deionize"	467.549	0	1	0	0.0	0.0	0.0	null	580.777	0.084
-7.3	0.022825	19500.0	3281.25	3571.875	NaN	NaN	NaN	0	1	1	0	0	0	0	0	0	0	0	0	1	0	0	0	0	1	1	0	1	1	1	0	1	-88.0	0.143	0.405	NaN	NaN	0.34	0.9	NaN	NaN	10.2	31.5	NaN	NaN	0.0	"2.5"	"F0034"	1	0	"PR"	589.006	"deionize"	477.589	0	1	0	0.0	0.0	0.0	null	590.817	0.086
-7.0	0.022275	19125.0	3281.25	3581.25	NaN	NaN	NaN	0	1	1	0	0	0	0	0	0	0	0	0	1	0	0	0	0	1	1	0	1	1	1	0	1	-84.0	0.143	0.406	NaN	NaN	0.34	0.902	NaN	NaN	10.2	31.57	NaN	NaN	0.0	"2.5"	"F0034"	1	0	"PR"	598.845	"deionize"	487.428	0	1	0	0.0	0.0	0.0	null	600.656	0.091
-7.1	0.023375	18187.5	3281.25	3562.5	NaN	NaN	NaN	0	1	1	0	0	0	0	0	0	0	0	0	1	0	0	0	0	1	1	0	1	1	1	0	1	-85.0	0.143	0.404	NaN	NaN	0.34	0.898	NaN	NaN	10.2	31.43	NaN	NaN	0.0	"2.5"	"F0034"	1	0	"PR"	608.876	"deionize"	497.459	0	1	0	0.0	0.0	0.0	null	610.687	0.09
-6.8	0.022275	17062.5	3271.875	3609.375	NaN	NaN	NaN	0	1	1	0	0	0	0	0	0	0	0	0	1	0	0	0	0	1	1	0	1	1	1	0	1	-82.0	0.142	0.409	NaN	NaN	0.338	0.909	NaN	NaN	10.14	31.815	NaN	NaN	0.0	"2.5"	"F0034"	1	0	"PR"	618.911	"deionize"	507.494	0	1	0	0.0	0.0	0.0	null	620.722	0.084
-6.4	0.022275	16687.5	3271.875	3562.5	NaN	NaN	NaN	0	1	1	0	0	0	0	0	0	0	0	0	1	0	0	0	0	1	1	0	1	1	1	0	1	-77.0	0.142	0.404	NaN	NaN	0.338	0.898	NaN	NaN	10.14	31.43	NaN	NaN	0.0	"2.5"	"F0034"	1	0	"PR"	628.952	"deionize"	517.535	0	1	0	0.0	0.0	0.0	null	630.763	0.086
-5.9	0.022275	16875.0	3281.25	3590.625	NaN	NaN	NaN	0	1	1	0	0	0	0	0	0	0	0	0	1	0	0	0	0	1	1	0	1	1	1	0	1	-71.0	0.143	0.407	NaN	NaN	0.34	0.904	NaN	NaN	10.2	31.64	NaN	NaN	0.0	"2.5"	"F0034"	1	0	"PR"	638.99	"deionize"	527.573	0	1	0	0.0	0.0	0.0	null	640.801	0.084
-4.7	0.021725	18187.5	3281.25	3571.875	NaN	NaN	NaN	0	1	1	0	0	0	0	0	0	0	0	0	1	0	0	0	0	1	1	0	1	1	1	0	1	-56.0	0.143	0.405	NaN	NaN	0.34	0.9	NaN	NaN	10.2	31.5	NaN	NaN	0.0	"2.5"	"F0034"	1	0	"PR"	649.033	"deionize"	537.616	0	1	0	0.0	0.0	0.0	null	650.844	0.086
-6.3	0.021725	17812.5	3271.875	3562.5	NaN	NaN	NaN	0	1	1	0	0	0	0	0	0	0	0	0	1	0	0	0	1	1	1	0	1	1	1	0	1	-76.0	0.142	0.404	NaN	NaN	0.338	0.898	NaN	NaN	10.14	31.43	NaN	NaN	0.0	"2.5"	"F0034"	1	0	"PR"	658.975	"deionize-uv"	7.532	0	1	0	0.0	0.0	0.0	null	660.786	0.084
-6.6	0.022	17250.0	3271.875	3562.5	NaN	NaN	NaN	0	1	1	0	0	0	0	0	0	0	0	0	1	0	0	0	1	1	1	0	1	1	1	0	1	-79.0	0.142	0.404	NaN	NaN	0.338	0.898	NaN	NaN	10.14	31.43	NaN	NaN	0.0	"2.5"	"F0034"	1	0	"PR"	669.015	"deionize-uv"	17.572	0	1	0	0.0	0.0	0.0	null	670.826	0.083
-6.3	0.0209	17812.5	3271.875	3581.25	NaN	NaN	NaN	0	1	1	0	0	0	0	0	0	0	0	0	1	0	0	0	1	1	1	0	1	1	1	0	1	-76.0	0.142	0.406	NaN	NaN	0.338	0.902	NaN	NaN	10.14	31.57	NaN	NaN	0.0	"2.5"	"F0034"	1	0	"PR"	679.05	"deionize-uv"	27.607	0	1	0	0.0	0.0	0.0	null	680.861	0.084
-6.6	0.0209	19125.0	3281.25	3571.875	NaN	NaN	NaN	0	1	1	0	0	0	0	0	0	0	0	0	1	0	0	0	1	1	1	0	1	1	1	0	1	-79.0	0.143	0.405	NaN	NaN	0.34	0.9	NaN	NaN	10.2	31.5	NaN	NaN	0.0	"2.5"	"F0034"	1	0	"PR"	689.083	"deionize-uv"	37.64	0	1	0	0.0	0.0	0.0	null	690.894	0.083
-6.5	0.0209	19125.0	3281.25	3562.5	NaN	NaN	NaN	0	1	1	0	0	0	0	0	0	0	0	0	1	0	0	0	1	1	1	0	1	1	1	0	1	-78.0	0.143	0.404	NaN	NaN	0.34	0.898	NaN	NaN	10.2	31.43	NaN	NaN	0.0	"2.5"	"F0034"	1	0	"PR"	699.12	"deionize-uv"	47.677	0	1	0	0.0	0.0	0.0	null	700.931	0.089
-6.4	0.021175	16875.0	3290.625	3600.0	NaN	NaN	NaN	0	1	1	0	0	0	0	0	0	0	0	0	1	0	0	0	1	1	1	0	1	1	1	0	1	-77.0	0.144	0.408	NaN	NaN	0.343	0.907	NaN	NaN	10.29	31.745	NaN	NaN	0.0	"2.5"	"F0034"	1	0	"PR"	708.954	"deionize-uv"	57.511	0	1	0	0.0	0.0	0.0	null	710.765	0.09
-6.1	0.020625	34875.0	3271.875	3243.75	NaN	NaN	NaN	0	0	1	0	0	0	0	1	0	0	0	0	1	0	0	0	1	1	1	0	1	1	1	0	1	-73.0	0.142	0.372	NaN	NaN	0.338	0.827	NaN	NaN	10.14	28.945	NaN	NaN	0.0	"2.5"	"F0034"	1	0	"PR"	719.116	"drain-di-1"	7.552	0	1	0	0.0	0.0	0.0	null	720.927	0.084
-6.9	0.0209	43125.0	3271.875	3093.75	NaN	NaN	NaN	0	0	1	0	0	0	0	1	0	0	0	0	1	0	0	0	1	1	1	0	1	1	1	0	1	-83.0	0.142	0.357	NaN	NaN	0.338	0.793	NaN	NaN	10.14	27.755	NaN	NaN	0.0	"2.5"	"F0034"	1	0	"PR"	729.151	"drain-di-1"	17.587	0	1	0	0.0	0.0	0.0	null	730.962	0.084
-5.7	0.020625	51937.5	3262.5	2962.5	NaN	NaN	NaN	0	0	1	0	0	0	0	1	0	0	0	0	1	0	0	0	1	1	1	0	1	1	1	0	1	-68.0	0.141	0.344	NaN	NaN	0.336	0.764	NaN	NaN	10.08	26.74	NaN	NaN	0.0	"2.5"	"F0034"	1	0	"PR"	738.986	"drain-di-1"	27.422	0	1	0	0.0	0.0	0.0	null	740.797	0.091
-5.6	0.0198	51750.0	3271.875	2831.25	NaN	NaN	NaN	0	0	1	0	0	0	0	1	0	0	0	0	1	0	0	0	1	1	1	0	1	1	1	0	1	-67.0	0.142	0.331	NaN	NaN	0.338	0.736	NaN	NaN	10.14	25.76	NaN	NaN	0.0	"2.5"	"F0034"	1	0	"PR"	749.028	"drain-di-1"	37.464	0	1	0	0.0	0.0	0.0	null	750.839	0.092
-5.9	0.020075	51750.0	3290.625	2690.625	NaN	NaN	NaN	0	0	1	0	0	0	0	1	0	0	0	0	1	0	0	0	1	1	1	0	1	1	1	0	1	-71.0	0.144	0.317	NaN	NaN	0.343	0.704	NaN	NaN	10.29	24.64	NaN	NaN	0.0	"2.5"	"F0034"	1	0	"PR"	759.066	"drain-di-1"	47.502	0	1	0	0.0	0.0	0.0	null	760.877	0.09
-6.0	0.020075	51562.5	3253.125	2550.0	NaN	NaN	NaN	0	0	1	0	0	0	0	1	0	0	0	0	1	0	0	0	1	1	1	0	1	1	1	0	1	-72.0	0.14	0.303	NaN	NaN	0.333	0.673	NaN	NaN	9.99	23.555	NaN	NaN	0.0	"2.5"	"F0034"	1	0	"PR"	769.103	"drain-di-1"	57.539	0	1	0	0.0	0.0	0.0	null	770.914	0.09
-5.7	0.0198	51562.5	3271.875	2437.5	NaN	NaN	NaN	0	0	1	0	0	0	0	1	0	0	0	0	1	0	0	0	1	1	1	0	1	1	1	0	1	-68.0	0.142	0.292	NaN	NaN	0.338	0.649	NaN	NaN	10.14	22.715	NaN	NaN	0.0	"2.5"	"F0034"	1	0	"PR"	779.14	"drain-di-1"	67.576	0	1	0	0.0	0.0	0.0	null	780.951	0.089
-5.7	0.019525	50250.0	3271.875	2287.5	NaN	NaN	NaN	0	0	1	0	0	0	0	1	0	0	0	0	1	0	0	0	1	1	1	0	1	1	1	0	1	-68.0	0.142	0.277	NaN	NaN	0.338	0.616	NaN	NaN	10.14	21.56	NaN	NaN	0.0	"2.5"	"F0034"	1	0	"PR"	789.176	"drain-di-1"	77.612	0	1	0	0.0	0.0	0.0	null	790.987	0.09
-5.5	0.018975	49500.0	3271.875	2146.875	NaN	NaN	NaN	0	0	1	0	0	0	0	1	0	0	0	0	1	0	0	0	1	1	1	0	1	1	1	0	1	-66.0	0.142	0.263	NaN	NaN	0.338	0.584	NaN	NaN	10.14	20.44	NaN	NaN	0.0	"2.5"	"F0034"	1	0	"PR"	799.217	"drain-di-1"	87.653	0	1	0	0.0	0.0	0.0	null	801.028	0.091
-5.4	0.018975	49125.0	3281.25	2015.625	NaN	NaN	NaN	0	0	1	0	0	0	0	1	0	0	0	0	1	0	0	0	1	1	1	0	1	1	1	0	1	-65.0	0.143	0.25	NaN	NaN	0.34	0.556	NaN	NaN	10.2	19.46	NaN	NaN	0.0	"2.5"	"F0034"	1	0	"PR"	809.055	"drain-di-1"	97.491	0	1	0	0.0	0.0	0.0	null	810.866	0.087
-5.9	0.018975	49312.5	3262.5	1875.0	NaN	NaN	NaN	0	0	1	0	0	0	0	1	0	0	0	0	1	0	0	0	1	1	1	0	1	1	1	0	1	-71.0	0.141	0.235	NaN	NaN	0.336	0.522	NaN	NaN	10.08	18.27	NaN	NaN	0.0	"2.5"	"F0034"	1	0	"PR"	819.094	"drain-di-1"	107.53	0	1	0	0.0	0.0	0.0	null	820.905	0.091
-5.9	0.01925	49312.5	3271.875	1734.375	NaN	NaN	NaN	0	0	1	0	0	0	0	1	0	0	0	0	1	0	0	0	1	1	1	0	1	1	1	0	1	-71.0	0.142	0.221	NaN	NaN	0.338	0.491	NaN	NaN	10.14	17.185	NaN	NaN	0.0	"2.5"	"F0034"	1	0	"PR"	829.134	"drain-di-1"	117.57	0	1	0	0.0	0.0	0.0	null	830.945	0.093
-5.1	0.018975	47437.5	3281.25	1575.0	NaN	NaN	NaN	0	0	1	0	0	0	0	1	0	0	0	0	1	0	0	0	1	1	1	0	1	1	1	0	1	-61.0	0.143	0.206	NaN	NaN	0.34	0.458	NaN	NaN	10.2	16.03	NaN	NaN	0.0	"2.5"	"F0034"	1	0	"PR"	839.171	"drain-di-1"	127.607	0	1	0	0.0	0.0	0.0	null	840.982	0.087
-6.2	0.018425	46875.0	3271.875	1462.5	NaN	NaN	NaN	0	0	1	0	0	0	0	1	0	0	0	0	1	0	0	0	1	1	1	0	1	1	1	0	1	-74.0	0.142	0.194	NaN	NaN	0.338	0.431	NaN	NaN	10.14	15.085	NaN	NaN	0.0	"2.5"	"F0034"	1	0	"PR"	849.21	"drain-di-1"	137.646	0	1	0	0.0	0.0	0.0	null	851.021	0.094
-5.2	0.018975	47062.5	3262.5	1303.125	NaN	NaN	NaN	0	0	1	0	0	0	0	1	0	0	0	0	1	0	0	0	1	1	1	0	1	1	1	0	1	-62.0	0.141	0.178	NaN	NaN	0.336	0.396	NaN	NaN	10.08	13.86	NaN	NaN	0.0	"2.5"	"F0034"	1	0	"PR"	859.251	"drain-di-1"	147.687	0	1	0	0.0	0.0	0.0	null	861.062	0.09
-5.4	0.018975	45937.5	3281.25	1162.5	NaN	NaN	NaN	0	0	1	0	0	0	0	1	0	0	0	0	1	0	0	0	1	1	1	0	1	1	1	0	1	-65.0	0.143	0.164	NaN	NaN	0.34	0.364	NaN	NaN	10.2	12.74	NaN	NaN	0.0	"2.5"	"F0034"	1	0	"PR"	869.288	"drain-di-1"	157.724	0	1	0	0.0	0.0	0.0	null	871.099	0.09
-5.5	0.018975	47625.0	3262.5	1031.25	NaN	NaN	NaN	0	0	1	0	0	0	0	1	0	0	0	0	1	0	0	0	1	1	1	0	1	1	1	0	1	-66.0	0.141	0.151	NaN	NaN	0.336	0.336	NaN	NaN	10.08	11.76	NaN	NaN	0.0	"2.5"	"F0034"	1	0	"PR"	879.126	"drain-di-1"	167.562	0	1	0	0.0	0.0	0.0	null	880.937	0.088
-5.1	0.018975	48187.5	3253.125	890.625	NaN	NaN	NaN	0	0	1	0	0	0	0	1	0	0	0	0	1	0	0	0	1	1	1	0	1	1	1	0	1	-61.0	0.14	0.137	NaN	NaN	0.333	0.304	NaN	NaN	9.99	10.64	NaN	NaN	0.0	"2.5"	"F0034"	1	0	"PR"	889.162	"drain-di-1"	177.598	0	1	0	0.0	0.0	0.0	null	890.973	0.087
-5.1	0.018975	49125.0	3262.5	759.375	NaN	NaN	NaN	0	0	1	0	0	0	0	1	0	0	0	0	1	0	0	0	1	1	1	0	1	1	1	0	1	-61.0	0.141	0.124	NaN	NaN	0.336	0.276	NaN	NaN	10.08	9.66	NaN	NaN	0.0	"2.5"	"F0034"	1	0	"PR"	899.197	"drain-di-1"	187.633	0	1	0	0.0	0.0	0.0	null	901.008	0.085
-5.6	0.018975	48562.5	3243.75	600.0	NaN	NaN	NaN	0	0	1	0	0	0	0	1	0	0	0	0	1	0	0	0	1	1	1	0	1	1	1	0	1	-67.0	0.139	0.108	NaN	NaN	0.331	0.24	NaN	NaN	9.93	8.4	NaN	NaN	0.0	"2.5"	"F0034"	1	0	"PR"	909.24	"drain-di-1"	197.676	0	1	0	0.0	0.0	0.0	null	911.051	0.087
-5.5	0.018975	49500.0	3290.625	478.125	NaN	NaN	NaN	0	0	1	0	0	0	0	1	0	0	0	0	1	0	0	0	1	1	1	0	1	1	1	0	1	-66.0	0.144	0.096	NaN	NaN	0.343	0.213	NaN	NaN	10.29	7.455	NaN	NaN	0.0	"2.5"	"F0034"	1	0	"PR"	919.277	"drain-di-1"	207.713	0	1	0	0.0	0.0	0.0	null	921.088	0.091
-5.9	0.01925	49312.5	3271.875	328.125	NaN	NaN	NaN	0	0	1	0	0	0	0	1	0	0	0	0	1	0	0	0	1	1	1	0	1	1	1	0	1	-71.0	0.142	0.081	NaN	NaN	0.338	0.18	NaN	NaN	10.14	6.3	NaN	NaN	0.0	"2.5"	"F0034"	1	0	"PR"	929.314	"drain-di-1"	217.75	0	1	0	0.0	0.0	0.0	null	931.125	0.091
-5.5	0.01925	48937.5	3290.625	187.5	NaN	NaN	NaN	0	0	1	0	0	0	0	1	0	0	0	0	1	0	0	0	1	1	1	0	1	1	1	0	1	-66.0	0.144	0.067	NaN	NaN	0.343	0.149	NaN	NaN	10.29	5.215	NaN	NaN	0.0	"2.5"	"F0034"	1	0	"PR"	939.353	"drain-di-1"	227.789	0	1	0	0.0	0.0	0.0	null	941.164	0.091
-4.9	0.018975	47250.0	3262.5	56.25	NaN	NaN	NaN	0	0	1	0	0	0	0	1	0	0	0	0	1	0	0	0	1	1	1	0	1	1	1	0	1	-59.0	0.141	0.054	NaN	NaN	0.336	0.12	NaN	NaN	10.08	4.2	NaN	NaN	0.0	"2.5"	"F0034"	1	0	"PR"	949.303	"drip-di-1"	7.541	0	1	0	0.0	0.0	0.0	null	951.114	0.087
-5.5	0.019525	46875.0	3262.5	-56.25	NaN	NaN	NaN	0	0	1	0	0	0	0	1	0	0	0	0	1	0	0	0	1	1	1	0	1	1	1	0	1	-66.0	0.141	0.042	NaN	NaN	0.336	0.093	NaN	NaN	10.08	3.255	NaN	NaN	0.0	"2.5"	"F0034"	1	0	"PR"	959.343	"drip-di-1"	17.581	0	1	0	0.0	0.0	0.0	null	961.154	0.088
11.5	0.019525	16500.0	3356.25	206.25	NaN	NaN	NaN	1	0	0	0	0	1	1	0	0	0	0	0	1	1	0	0	0	1	1	1	0	1	1	1	0	138.0	0.151	0.069	NaN	NaN	0.36	0.153	NaN	NaN	10.8	5.355	NaN	NaN	0.0	"2.5"	"F0034"	1	1	"PR"	969.344	"reverse-f"	9.399	0	1	0	0.0	0.0	0.0	null	971.155	0.084
11.2	0.021175	14437.5	3421.875	562.5	NaN	NaN	NaN	1	0	0	0	0	1	1	0	0	0	0	0	1	1	0	0	0	1	1	1	0	1	1	1	0	134.0	0.157	0.104	NaN	NaN	0.374	0.231	NaN	NaN	11.22	8.085	NaN	NaN	0.0	"2.5"	"F0034"	1	1	"PR"	979.379	"reverse-f"	19.434	0	1	0	0.0	0.0	0.0	null	981.19	0.086
12.3	0.023925	15187.5	3421.875	881.25	NaN	NaN	NaN	1	0	0	0	0	1	1	0	0	0	0	0	1	1	0	0	0	1	1	1	0	1	1	1	0	148.0	0.157	0.136	NaN	NaN	0.374	0.302	NaN	NaN	11.22	10.57	NaN	NaN	0.0	"2.5"	"F0034"	1	1	"PR"	989.213	"reverse-f"	29.268	0	1	0	0.0	0.0	0.0	null	991.024	0.084
12.2	0.0286	14250.0	3478.125	1200.0	NaN	NaN	NaN	1	0	0	0	0	1	1	0	0	0	0	0	1	1	0	0	0	1	1	1	0	1	1	1	0	146.0	0.163	0.168	NaN	NaN	0.388	0.373	NaN	NaN	11.64	13.055	NaN	NaN	0.0	"2.5"	"F0034"	1	1	"PR"	999.252	"reverse-f"	39.307	0	1	0	0.0	0.0	0.0	null	1001.063	0.083
13.4	0.03245	13125.0	3487.5	1518.75	NaN	NaN	NaN	1	0	0	0	0	1	1	0	0	0	0	0	1	1	0	0	0	1	1	1	0	1	1	1	0	161.0	0.164	0.2	NaN	NaN	0.39	0.444	NaN	NaN	11.7	15.54	NaN	NaN	0.0	"2.5"	"F0034"	1	1	"PR"	1009.285	"reverse-f"	49.34	0	1	0	0.0	0.0	0.0	null	1011.096	0.084
13.0	0.037675	12937.5	3487.5	1846.875	NaN	NaN	NaN	1	0	0	0	0	1	1	0	0	0	0	0	1	1	0	0	0	1	1	1	0	1	1	1	0	156.0	0.164	0.233	NaN	NaN	0.39	0.518	NaN	NaN	11.7	18.13	NaN	NaN	0.0	"2.5"	"F0034"	1	1	"PR"	1019.323	"reverse-f"	59.378	0	1	0	0.0	0.0	0.0	null	1021.134	0.088
15.5	0.041525	13687.5	3496.875	2156.25	NaN	NaN	NaN	1	0	0	0	0	1	1	0	0	0	0	0	1	1	0	0	0	1	1	1	0	1	1	1	0	186.0	0.165	0.264	NaN	NaN	0.393	0.587	NaN	NaN	11.79	20.545	NaN	NaN	0.0	"2.5"	"F0034"	1	1	"PR"	1029.356	"reverse-f"	69.411	0	1	0	0.0	0.0	0.0	null	1031.167	0.086
11.9	0.04455	14812.5	3543.75	2503.125	NaN	NaN	NaN	1	0	0	0	0	1	1	0	0	0	0	0	1	1	0	0	0	1	1	1	0	1	1	1	0	143.0	0.169	0.298	NaN	NaN	0.402	0.662	NaN	NaN	12.06	23.17	NaN	NaN	0.0	"2.5"	"F0034"	1	1	"PR"	1039.392	"reverse-f"	79.447	0	1	0	0.0	0.0	0.0	null	1041.203	0.084
12.3	0.0473	15187.5	3525.0	2803.125	NaN	NaN	NaN	1	0	0	0	0	1	1	0	0	0	0	0	1	1	0	0	0	1	1	1	0	1	1	1	0	148.0	0.167	0.328	NaN	NaN	0.398	0.729	NaN	NaN	11.94	25.515	NaN	NaN	0.0	"2.5"	"F0034"	1	1	"PR"	1049.433	"reverse-f"	89.488	0	1	0	0.0	0.0	0.0	null	1051.244	0.087
11.2	0.04895	14812.5	3534.375	3093.75	NaN	NaN	NaN	1	0	0	0	0	1	1	0	0	0	0	0	1	1	0	0	0	1	1	1	0	1	1	1	0	134.0	0.168	0.357	NaN	NaN	0.4	0.793	NaN	NaN	12.0	27.755	NaN	NaN	0.0	"2.5"	"F0034"	1	1	"PR"	1059.467	"reverse-f"	99.522	0	1	0	0.0	0.0	0.0	null	1061.278	0.086
12.4	0.0495	14062.5	3562.5	3403.125	NaN	NaN	NaN	0	0	0	0	0	1	1	0	0	0	0	0	1	0	0	0	0	1	1	1	0	1	1	1	0	149.0	0.171	0.388	NaN	NaN	0.407	0.862	NaN	NaN	12.21	30.17	NaN	NaN	0.0	"2.5"	"F0034"	1	1	"PR"	1069.413	"reverse"	109.468	0	1	0	0.0	0.0	0.0	null	1071.224	0.083
11.9	0.050875	15000.0	3571.875	3375.0	NaN	NaN	NaN	0	0	0	0	0	1	1	0	0	0	0	0	1	0	0	0	0	1	1	1	0	1	1	1	0	143.0	0.172	0.386	NaN	NaN	0.41	0.858	NaN	NaN	12.3	30.03	NaN	NaN	0.0	"2.5"	"F0034"	1	1	"PR"	1079.449	"reverse"	119.504	0	1	0	0.0	0.0	0.0	null	1081.26	0.083
12.3	0.050875	14437.5	3562.5	3412.5	NaN	NaN	NaN	0	0	0	0	0	1	1	0	0	0	0	0	1	0	0	0	0	1	1	1	0	1	1	1	0	148.0	0.171	0.389	NaN	NaN	0.407	0.864	NaN	NaN	12.21	30.24	NaN	NaN	0.0	"2.5"	"F0034"	1	1	"PR"	1089.486	"reverse"	129.541	0	1	0	0.0	0.0	0.0	null	1091.297	0.09
12.3	0.050875	14437.5	3543.75	3393.75	NaN	NaN	NaN	0	0	0	0	0	1	1	0	0	0	0	0	1	0	0	0	0	1	1	1	0	1	1	1	0	148.0	0.169	0.387	NaN	NaN	0.402	0.86	NaN	NaN	12.06	30.1	NaN	NaN	0.0	"2.5"	"F0034"	1	1	"PR"	1099.525	"reverse"	139.58	0	1	0	0.0	0.0	0.0	null	1101.336	0.088
12.4	0.050875	12187.5	3581.25	3393.75	NaN	NaN	NaN	0	0	0	0	0	1	1	0	0	0	0	0	1	0	0	0	0	1	1	1	0	1	1	1	0	149.0	0.173	0.387	NaN	NaN	0.412	0.86	NaN	NaN	12.36	30.1	NaN	NaN	0.0	"2.5"	"F0034"	1	1	"PR"	1109.36	"reverse"	149.415	0	1	0	0.0	0.0	0.0	null	1111.171	0.083
4.7	0.0517	9000.0	3675.0	3421.875	NaN	NaN	NaN	0	0	0	0	0	0	0	0	0	0	0	0	0	0	0	0	0	0	0	0	1	0	0	0	1	56.0	0.182	0.39	NaN	NaN	0.433	0.867	NaN	NaN	12.99	30.345	NaN	NaN	0.0	"2.5"	"F0034"	0	0	"PR"	1119.48	"diffuse"	9.519	0	1	1	0.0	0.0	0.0	null	1121.291	0.083
4.6	0.050875	11625.0	3703.125	3403.125	NaN	NaN	NaN	0	0	0	0	0	0	0	0	0	0	0	0	0	0	0	0	0	0	0	0	1	0	0	0	1	55.0	0.185	0.388	NaN	NaN	0.44	0.862	NaN	NaN	13.2	30.17	NaN	NaN	0.0	"2.5"	"F0034"	0	0	"PR"	1129.518	"diffuse"	19.557	0	1	1	0.0	0.0	0.0	null	1131.329	0.084
4.7	0.051425	12187.5	3675.0	3412.5	NaN	NaN	NaN	0	0	0	0	0	0	0	0	0	0	0	0	0	0	0	0	0	0	0	0	1	0	0	0	1	56.0	0.182	0.389	NaN	NaN	0.433	0.864	NaN	NaN	12.99	30.24	NaN	NaN	0.0	"2.5"	"F0034"	0	0	"PR"	1139.555	"diffuse"	29.594	0	1	1	0.0	0.0	0.0	null	1141.366	0.083
4.8	0.051975	13687.5	3693.75	3440.625	NaN	NaN	NaN	0	0	0	0	0	0	0	0	0	0	0	0	0	0	0	0	0	0	0	0	1	0	0	0	1	58.0	0.184	0.392	NaN	NaN	0.438	0.871	NaN	NaN	13.14	30.485	NaN	NaN	0.0	"2.5"	"F0034"	0	0	"PR"	1149.39	"diffuse"	39.429	0	1	1	0.0	0.0	0.0	null	1151.201	0.09
4.9	0.0517	13312.5	3693.75	3412.5	NaN	NaN	NaN	0	0	0	0	0	0	0	0	0	0	0	0	0	0	0	0	0	0	0	0	1	0	0	0	1	59.0	0.184	0.389	NaN	NaN	0.438	0.864	NaN	NaN	13.14	30.24	NaN	NaN	0.0	"2.5"	"F0034"	0	0	"PR"	1159.426	"diffuse"	49.465	0	1	1	0.0	0.0	0.0	null	1161.237	0.092
4.3	0.051425	12750.0	3712.5	3421.875	NaN	NaN	NaN	0	0	0	0	0	0	0	0	0	0	0	0	0	0	0	0	0	0	0	0	1	0	0	0	1	52.0	0.186	0.39	NaN	NaN	0.443	0.867	NaN	NaN	13.29	30.345	NaN	NaN	0.0	"2.5"	"F0034"	0	0	"PR"	1169.462	"diffuse"	59.501	0	1	1	0.0	0.0	0.0	null	1171.273	0.086
12.1	0.051425	15562.5	3562.5	3375.0	NaN	NaN	NaN	0	0	0	0	0	1	1	0	0	0	0	0	1	0	0	0	0	1	1	1	0	1	1	1	0	145.0	0.171	0.386	NaN	NaN	0.407	0.858	NaN	NaN	12.21	30.03	NaN	NaN	0.0	"2.5"	"F0034"	1	1	"PR"	1179.588	"wash-en"	9.524	0	1	1	0.0	0.0	0.0	null	1181.399	0.087
12.0	0.053075	14625.0	3600.0	3403.125	NaN	NaN	NaN	0	0	0	0	0	1	1	0	0	0	0	0	1	0	0	0	0	1	1	1	0	1	1	1	0	144.0	0.175	0.388	NaN	NaN	0.417	0.862	NaN	NaN	12.51	30.17	NaN	NaN	0.0	"2.5"	"F0034"	1	1	"PR"	1189.628	"wash-en"	19.564	0	1	1	0.0	0.0	0.0	null	1191.439	0.089
4.2	0.055275	13687.5	3581.25	3403.125	NaN	NaN	NaN	0	0	0	0	0	1	1	0	0	0	0	0	1	0	0	0	0	0	0	0	1	0	0	0	1	50.0	0.173	0.388	NaN	NaN	0.412	0.862	NaN	NaN	12.36	30.17	NaN	NaN	0.0	"2.5"	"F0034"	0	0	"PR"	1199.556	"wash-sc"	9.326	0	1	1	0.0	0.0	0.0	null	1201.367	0.084
3.5	0.054725	8812.5	3693.75	3403.125	NaN	NaN	NaN	0	0	0	0	0	0	0	0	0	0	0	0	0	0	0	0	0	0	0	0	1	0	0	0	1	42.0	0.184	0.388	NaN	NaN	0.438	0.862	NaN	NaN	13.14	30.17	NaN	NaN	0.0	"2.5"	"F0034"	0	0	"PR"	1209.591	"diffuse"	9.231	0	1	2	0.0	0.0	0.0	null	1211.402	0.083
4.1	0.055	9937.5	3703.125	3431.25	NaN	NaN	NaN	0	0	0	0	0	0	0	0	0	0	0	0	0	0	0	0	0	0	0	0	1	0	0	0	1	49.0	0.185	0.391	NaN	NaN	0.44	0.869	NaN	NaN	13.2	30.415	NaN	NaN	0.0	"2.5"	"F0034"	0	0	"PR"	1219.632	"diffuse"	19.272	0	1	2	0.0	0.0	0.0	null	1221.443	0.085
4.2	0.05445	11625.0	3703.125	3431.25	NaN	NaN	NaN	0	0	0	0	0	0	0	0	0	0	0	0	0	0	0	0	0	0	0	0	1	0	0	0	1	50.0	0.185	0.391	NaN	NaN	0.44	0.869	NaN	NaN	13.2	30.415	NaN	NaN	0.0	"2.5"	"F0034"	0	0	"PR"	1229.667	"diffuse"	29.307	0	1	2	0.0	0.0	0.0	null	1231.478	0.086
3.6	0.05445	12937.5	3731.25	3412.5	NaN	NaN	NaN	0	0	0	0	0	0	0	0	0	0	0	0	0	0	0	0	0	0	0	0	1	0	0	0	1	43.0	0.188	0.389	NaN	NaN	0.448	0.864	NaN	NaN	13.44	30.24	NaN	NaN	0.0	"2.5"	"F0034"	0	0	"PR"	1239.502	"diffuse"	39.142	0	1	2	0.0	0.0	0.0	null	1241.313	0.09
4.0	0.05445	12562.5	3703.125	3412.5	NaN	NaN	NaN	0	0	0	0	0	0	0	0	0	0	0	0	0	0	0	0	0	0	0	0	1	0	0	0	1	48.0	0.185	0.389	NaN	NaN	0.44	0.864	NaN	NaN	13.2	30.24	NaN	NaN	0.0	"2.5"	"F0034"	0	0	"PR"	1249.542	"diffuse"	49.182	0	1	2	0.0	0.0	0.0	null	1251.353	0.091
3.6	0.055	11062.5	3712.5	3412.5	NaN	NaN	NaN	0	0	0	0	0	0	0	0	0	0	0	0	0	0	0	0	0	0	0	0	1	0	0	0	1	43.0	0.186	0.389	NaN	NaN	0.443	0.864	NaN	NaN	13.29	30.24	NaN	NaN	0.0	"2.5"	"F0034"	0	0	"PR"	1259.574	"diffuse"	59.214	0	1	2	0.0	0.0	0.0	null	1261.385	0.087
11.3	0.05445	13687.5	3571.875	3412.5	NaN	NaN	NaN	0	0	0	0	0	1	1	0	0	0	0	0	1	0	0	0	0	1	1	1	0	1	1	1	0	136.0	0.172	0.389	NaN	NaN	0.41	0.864	NaN	NaN	12.3	30.24	NaN	NaN	0.0	"2.5"	"F0034"	1	1	"PR"	1269.704	"wash-en"	9.326	0	1	2	0.0	0.0	0.0	null	1271.515	0.09
12.3	0.055275	14437.5	3571.875	3403.125	NaN	NaN	NaN	0	0	0	0	0	1	1	0	0	0	0	0	1	0	0	0	0	1	1	1	0	1	1	1	0	148.0	0.172	0.388	NaN	NaN	0.41	0.862	NaN	NaN	12.3	30.17	NaN	NaN	0.0	"2.5"	"F0034"	1	1	"PR"	1279.542	"wash-en"	19.164	0	1	2	0.0	0.0	0.0	null	1281.353	0.091
3.0	0.055275	13687.5	3600.0	3403.125	NaN	NaN	NaN	0	0	0	0	0	1	1	0	0	0	0	0	1	0	0	0	0	0	0	0	1	0	0	0	1	36.0	0.175	0.388	NaN	NaN	0.417	0.862	NaN	NaN	12.51	30.17	NaN	NaN	0.0	"2.5"	"F0034"	0	0	"PR"	1289.668	"wash-sc"	9.122	0	1	2	0.0	0.0	0.0	null	1291.479	0.09
2.5	0.055	9562.5	3721.875	3431.25	NaN	NaN	NaN	0	0	0	0	0	0	0	0	0	0	0	0	0	0	0	0	0	0	0	0	1	0	0	0	1	30.0	0.187	0.391	NaN	NaN	0.445	0.869	NaN	NaN	13.35	30.415	NaN	NaN	0.0	"2.5"	"F0034"	0	0	"PR"	1299.703	"diffuse"	9.032	0	1	3	0.0	0.0	0.0	null	1301.514	0.086
3.0	0.055825	10500.0	3712.5	3403.125	NaN	NaN	NaN	0	0	0	0	0	0	0	0	0	0	0	0	0	0	0	0	0	0	0	0	1	0	0	0	1	36.0	0.186	0.388	NaN	NaN	0.443	0.862	NaN	NaN	13.29	30.17	NaN	NaN	0.0	"2.5"	"F0034"	0	0	"PR"	1309.741	"diffuse"	19.07	0	1	3	0.0	0.0	0.0	null	1311.552	0.088
2.8	0.055825	9000.0	3712.5	3403.125	NaN	NaN	NaN	0	0	0	0	0	0	0	0	0	0	0	0	0	0	0	0	0	0	0	0	1	0	0	0	1	34.0	0.186	0.388	NaN	NaN	0.443	0.862	NaN	NaN	13.29	30.17	NaN	NaN	0.0	"2.5"	"F0034"	0	0	"PR"	1319.574	"diffuse"	28.903	0	1	3	0.0	0.0	0.0	null	1321.385	0.09
3.0	0.054725	10500.0	3712.5	3421.875	NaN	NaN	NaN	0	0	0	0	0	0	0	0	0	0	0	0	0	0	0	0	0	0	0	0	1	0	0	0	1	36.0	0.186	0.39	NaN	NaN	0.443	0.867	NaN	NaN	13.29	30.345	NaN	NaN	0.0	"2.5"	"F0034"	0	0	"PR"	1329.612	"diffuse"	38.941	0	1	3	0.0	0.0	0.0	null	1331.423	0.091
2.6	0.055275	11250.0	3712.5	3431.25	NaN	NaN	NaN	0	0	0	0	0	0	0	0	0	0	0	0	0	0	0	0	0	0	0	0	1	0	0	0	1	31.0	0.186	0.391	NaN	NaN	0.443	0.869	NaN	NaN	13.29	30.415	NaN	NaN	0.0	"2.5"	"F0034"	0	0	"PR"	1339.651	"diffuse"	48.98	0	1	3	0.0	0.0	0.0	null	1341.462	0.09
3.6	0.05555	11250.0	3712.5	3412.5	NaN	NaN	NaN	0	0	0	0	0	0	0	0	0	0	0	0	0	0	0	0	0	0	0	0	1	0	0	0	1	43.0	0.186	0.389	NaN	NaN	0.443	0.864	NaN	NaN	13.29	30.24	NaN	NaN	0.0	"2.5"	"F0034"	0	0	"PR"	1349.686	"diffuse"	59.015	0	1	3	0.0	0.0	0.0	null	1351.497	0.087
12.3	0.055	13500.0	3609.375	3431.25	NaN	NaN	NaN	0	0	0	0	0	1	1	0	0	0	0	0	1	0	0	0	0	1	1	1	0	1	1	1	0	148.0	0.176	0.391	NaN	NaN	0.419	0.869	NaN	NaN	12.57	30.415	NaN	NaN	0.0	"2.5"	"F0034"	1	1	"PR"	1359.608	"wash-en"	8.918	0	1	3	0.0	0.0	0.0	null	1361.419	0.086
12.3	0.05445	14062.5	3562.5	3403.125	NaN	NaN	NaN	0	0	0	0	0	1	1	0	0	0	0	0	1	0	0	0	0	1	1	1	0	1	1	1	0	148.0	0.171	0.388	NaN	NaN	0.407	0.862	NaN	NaN	12.21	30.17	NaN	NaN	0.0	"2.5"	"F0034"	1	1	"PR"	1369.647	"wash-en"	18.957	0	1	3	0.0	0.0	0.0	null	1371.458	0.09
2.1	0.054175	13500.0	3609.375	3403.125	NaN	NaN	NaN	0	0	0	0	0	1	1	0	0	0	0	0	1	0	0	0	0	0	0	0	1	0	0	0	1	25.0	0.176	0.388	NaN	NaN	0.419	0.862	NaN	NaN	12.57	30.17	NaN	NaN	0.0	"2.5"	"F0034"	0	0	"PR"	1379.772	"wash-sc"	8.921	0	1	3	0.0	0.0	0.0	null	1381.583	0.09
2.2	0.05445	8250.0	3712.5	3403.125	NaN	NaN	NaN	0	0	0	0	0	0	0	0	0	0	0	0	0	0	0	0	0	0	0	0	1	0	0	0	1	26.0	0.186	0.388	NaN	NaN	0.443	0.862	NaN	NaN	13.29	30.17	NaN	NaN	0.0	"2.5"	"F0034"	0	0	"PR"	1389.805	"diffuse"	8.829	0	1	4	0.0	0.0	0.0	null	1391.616	0.094
5.9	0.05445	9937.5	3703.125	3431.25	NaN	NaN	NaN	0	0	0	0	0	0	0	0	0	0	0	0	0	0	0	0	0	0	0	0	1	0	0	0	1	71.0	0.185	0.391	NaN	NaN	0.44	0.869	NaN	NaN	13.2	30.415	NaN	NaN	0.0	"2.5"	"F0034"	0	0	"PR"	1399.643	"diffuse"	18.667	0	1	4	0.0	0.0	0.0	null	1401.454	0.086
2.2	0.054725	8250.0	3721.875	3412.5	NaN	NaN	NaN	0	0	0	0	0	0	0	0	0	0	0	0	0	0	0	0	0	0	0	0	1	0	0	0	1	26.0	0.187	0.389	NaN	NaN	0.445	0.864	NaN	NaN	13.35	30.24	NaN	NaN	0.0	"2.5"	"F0034"	0	0	"PR"	1409.674	"diffuse"	28.698	0	1	4	0.0	0.0	0.0	null	1411.485	0.084
2.4	0.053625	9937.5	3721.875	3412.5	NaN	NaN	NaN	0	0	0	0	0	0	0	0	0	0	0	0	0	0	0	0	0	0	0	0	1	0	0	0	1	29.0	0.187	0.389	NaN	NaN	0.445	0.864	NaN	NaN	13.35	30.24	NaN	NaN	0.0	"2.5"	"F0034"	0	0	"PR"	1419.711	"diffuse"	38.735	0	1	4	0.0	0.0	0.0	null	1421.522	0.084
2.4	0.054725	10500.0	3712.5	3421.875	NaN	NaN	NaN	0	0	0	0	0	0	0	0	0	0	0	0	0	0	0	0	0	0	0	0	1	0	0	0	1	29.0	0.186	0.39	NaN	NaN	0.443	0.867	NaN	NaN	13.29	30.345	NaN	NaN	0.0	"2.5"	"F0034"	0	0	"PR"	1429.746	"diffuse"	48.77	0	1	4	0.0	0.0	0.0	null	1431.557	0.087
2.1	0.054175	12000.0	3712.5	3412.5	NaN	NaN	NaN	0	0	0	0	0	0	0	0	0	0	0	0	0	0	0	0	0	0	0	0	1	0	0	0	1	25.0	0.186	0.389	NaN	NaN	0.443	0.864	NaN	NaN	13.29	30.24	NaN	NaN	0.0	"2.5"	"F0034"	0	0	"PR"	1439.779	"diffuse"	58.803	0	1	4	0.0	0.0	0.0	null	1441.59	0.09
14.1	0.05335	13687.5	3581.25	3421.875	NaN	NaN	NaN	0	0	0	0	0	1	1	0	0	0	0	0	1	0	0	0	0	1	1	1	0	1	1	1	0	169.0	0.173	0.39	NaN	NaN	0.412	0.867	NaN	NaN	12.36	30.345	NaN	NaN	0.0	"2.5"	"F0034"	1	1	"PR"	1449.706	"wash-en"	8.723	0	1	4	0.0	0.0	0.0	null	1451.517	0.086
12.1	0.05335	14437.5	3600.0	3403.125	NaN	NaN	NaN	0	0	0	0	0	1	1	0	0	0	0	0	1	0	0	0	0	1	1	1	0	1	1	1	0	145.0	0.175	0.388	NaN	NaN	0.417	0.862	NaN	NaN	12.51	30.17	NaN	NaN	0.0	"2.5"	"F0034"	1	1	"PR"	1459.744	"wash-en"	18.761	0	1	4	0.0	0.0	0.0	null	1461.555	0.087
1.7	0.053075	13687.5	3590.625	3431.25	NaN	NaN	NaN	0	0	0	0	0	1	1	0	0	0	0	0	1	0	0	0	0	0	0	0	1	0	0	0	1	20.0	0.174	0.391	NaN	NaN	0.414	0.869	NaN	NaN	12.42	30.415	NaN	NaN	0.0	"2.5"	"F0034"	0	0	"PR"	1469.872	"wash-sc"	8.722	0	1	4	0.0	0.0	0.0	null	1471.683	0.09
1.9	0.053075	7875.0	3712.5	3412.5	NaN	NaN	NaN	0	0	0	0	0	0	0	0	0	0	0	0	0	0	0	0	0	0	0	0	1	0	0	0	1	23.0	0.186	0.389	NaN	NaN	0.443	0.864	NaN	NaN	13.29	30.24	NaN	NaN	0.0	"2.5"	"F0034"	0	0	"PR"	1479.907	"diffuse"	8.63	0	1	5	0.0	0.0	0.0	null	1481.718	0.094
1.8	0.053625	8812.5	3712.5	3412.5	NaN	NaN	NaN	0	0	0	0	0	0	0	0	0	0	0	0	0	0	0	0	0	0	0	0	1	0	0	0	1	22.0	0.186	0.389	NaN	NaN	0.443	0.864	NaN	NaN	13.29	30.24	NaN	NaN	0.0	"2.5"	"F0034"	0	0	"PR"	1489.747	"diffuse"	18.47	0	1	5	0.0	0.0	0.0	null	1491.558	0.084
1.9	0.05335	10875.0	3721.875	3412.5	NaN	NaN	NaN	0	0	0	0	0	0	0	0	0	0	0	0	0	0	0	0	0	0	0	0	1	0	0	0	1	23.0	0.187	0.389	NaN	NaN	0.445	0.864	NaN	NaN	13.35	30.24	NaN	NaN	0.0	"2.5"	"F0034"	0	0	"PR"	1499.781	"diffuse"	28.504	0	1	5	0.0	0.0	0.0	null	1501.592	0.086
1.8	0.05335	10125.0	3731.25	3421.875	NaN	NaN	NaN	0	0	0	0	0	0	0	0	0	0	0	0	0	0	0	0	0	0	0	0	1	0	0	0	1	22.0	0.188	0.39	NaN	NaN	0.448	0.867	NaN	NaN	13.44	30.345	NaN	NaN	0.0	"2.5"	"F0034"	0	0	"PR"	1509.824	"diffuse"	38.547	0	1	5	0.0	0.0	0.0	null	1511.635	0.088
1.5	0.05335	9375.0	3721.875	3403.125	NaN	NaN	NaN	0	0	0	0	0	0	0	0	0	0	0	0	0	0	0	0	0	0	0	0	1	0	0	0	1	18.0	0.187	0.388	NaN	NaN	0.445	0.862	NaN	NaN	13.35	30.17	NaN	NaN	0.0	"2.5"	"F0034"	0	0	"PR"	1519.856	"diffuse"	48.579	0	1	5	0.0	0.0	0.0	null	1521.667	0.086
1.6	0.05335	9937.5	3721.875	3431.25	NaN	NaN	NaN	0	0	0	0	0	0	0	0	0	0	0	0	0	0	0	0	0	0	0	0	1	0	0	0	1	19.0	0.187	0.391	NaN	NaN	0.445	0.869	NaN	NaN	13.35	30.415	NaN	NaN	0.0	"2.5"	"F0034"	0	0	"PR"	1529.892	"diffuse"	58.615	0	1	5	0.0	0.0	0.0	null	1531.703	0.086
12.4	0.0528	13312.5	3590.625	3403.125	NaN	NaN	NaN	0	0	0	0	0	1	1	0	0	0	0	0	1	0	0	0	0	1	1	1	0	1	1	1	0	149.0	0.174	0.388	NaN	NaN	0.414	0.862	NaN	NaN	12.42	30.17	NaN	NaN	0.0	"2.5"	"F0034"	1	1	"PR"	1539.818	"wash-en"	8.521	0	1	5	0.0	0.0	0.0	null	1541.629	0.084
11.2	0.051975	12000.0	3618.75	3384.375	NaN	NaN	NaN	0	0	0	0	0	1	1	0	0	0	0	0	1	0	0	0	0	1	1	1	0	1	1	1	0	134.0	0.177	0.386	NaN	NaN	0.421	0.858	NaN	NaN	12.63	30.03	NaN	NaN	0.0	"2.5"	"F0034"	1	1	"PR"	1549.855	"wash-en"	18.558	0	1	5	0.0	0.0	0.0	null	1551.666	0.084
1.0	0.053075	13312.5	3637.5	3412.5	NaN	NaN	NaN	0	0	0	0	0	1	1	0	0	0	0	0	1	0	0	0	0	0	0	0	1	0	0	0	1	12.0	0.179	0.389	NaN	NaN	0.426	0.864	NaN	NaN	12.78	30.24	NaN	NaN	0.0	"2.5"	"F0034"	0	0	"PR"	1559.978	"wash-sc"	8.519	0	1	5	0.0	0.0	0.0	null	1561.789	0.087
1.4	0.053075	6375.0	3178.125	3431.25	NaN	NaN	NaN	0	0	0	0	1	0	0	0	0	0	0	0	0	0	0	0	0	0	0	0	1	0	0	0	1	17.0	0.133	0.391	NaN	NaN	0.317	0.869	NaN	NaN	9.51	30.415	NaN	NaN	0.0	"2.5"	"F0034"	0	0	"PR"	1569.812	"drain-rg"	8.227	0	1	5	0.0	0.0	0.0	null	1571.623	0.086
1.4	0.053075	8062.5	2840.625	3412.5	NaN	NaN	NaN	0	0	0	0	1	0	0	0	0	0	0	0	0	0	0	0	0	0	0	0	1	0	0	0	1	17.0	0.099	0.389	NaN	NaN	0.236	0.864	NaN	NaN	7.08	30.24	NaN	NaN	0.0	"2.5"	"F0034"	0	0	"PR"	1579.852	"drain-rg"	18.267	0	1	5	0.0	0.0	0.0	null	1581.663	0.083
1.8	0.053075	7500.0	2446.875	3412.5	NaN	NaN	NaN	0	0	0	0	1	0	0	0	0	0	0	0	0	0	0	0	0	0	0	0	1	0	0	0	1	22.0	0.06	0.389	NaN	NaN	0.143	0.864	NaN	NaN	4.29	30.24	NaN	NaN	0.0	"2.5"	"F0034"	0	0	"PR"	1589.886	"drain-rg"	28.301	0	1	5	0.0	0.0	0.0	null	1591.697	0.084
1.5	0.053075	7500.0	2118.75	3412.5	NaN	NaN	NaN	0	0	0	0	1	0	0	0	0	0	0	0	0	0	0	0	0	0	0	0	1	0	0	0	1	18.0	0.027	0.389	NaN	NaN	0.064	0.864	NaN	NaN	1.92	30.24	NaN	NaN	0.0	"2.5"	"F0034"	0	0	"PR"	1599.928	"drain-rg"	38.343	0	1	5	0.0	0.0	0.0	null	1601.739	0.088
1.3	0.052525	7312.5	1762.5	3412.5	NaN	NaN	NaN	0	0	0	0	1	0	0	0	0	0	0	0	0	0	0	0	0	0	0	0	1	0	0	0	1	16.0	-0.009	0.389	NaN	NaN	-0.021	0.864	NaN	NaN	-0.63	30.24	NaN	NaN	0.0	"2.5"	"F0034"	0	0	"PR"	1609.962	"drip-rg"	1.808	0	1	5	0.0	0.0	0.0	null	1611.773	0.083
1.6	0.053075	7312.5	-37.5	3412.5	NaN	NaN	NaN	0	0	0	0	1	0	0	0	0	0	0	0	0	0	0	0	0	0	0	0	1	0	0	0	1	19.0	-0.189	0.389	NaN	NaN	-0.45	0.864	NaN	NaN	-13.5	30.24	NaN	NaN	0.0	"2.5"	"F0034"	0	0	"PR"	1619.995	"drip-rg"	11.841	0	1	5	0.0	0.0	0.0	null	1621.806	0.084
-1.6	0.0528	13687.5	1659.375	3309.375	NaN	NaN	NaN	0	0	1	0	0	1	0	0	0	0	0	0	1	0	0	0	0	0	0	0	1	0	0	0	1	-19.0	-0.019	0.379	NaN	NaN	-0.045	0.842	NaN	NaN	-1.35	29.47	NaN	NaN	0.0	"2.5"	"F0034"	0	0	"PR"	5.843	"fill-rg-di"	5.642	1	0	0	1625.219	0.0	0.0	null	1631.692	0.084
3.2	0.05225	12937.5	2006.25	3103.125	NaN	NaN	NaN	0	0	1	0	0	1	0	0	0	0	0	0	1	0	0	0	0	0	0	0	1	0	0	0	1	38.0	0.016	0.358	NaN	NaN	0.038	0.796	NaN	NaN	1.14	27.86	NaN	NaN	0.0	"2.5"	"F0034"	0	0	"PR"	15.882	"fill-rg-di"	15.681	1	0	0	1625.219	0.0	0.0	null	1641.731	0.085
1.5	0.053075	11062.5	2268.75	2915.625	NaN	NaN	NaN	0	0	1	0	0	1	0	0	0	0	0	0	1	0	0	0	0	0	0	0	1	0	0	0	1	18.0	0.042	0.34	NaN	NaN	0.1	0.756	NaN	NaN	3.0	26.46	NaN	NaN	0.0	"2.5"	"F0034"	0	0	"PR"	25.918	"fill-rg-di"	25.717	1	0	0	1625.219	0.0	0.0	null	1651.767	0.084
1.8	0.05335	12937.5	2550.0	2709.375	NaN	NaN	NaN	0	0	1	0	0	1	0	0	0	0	0	0	1	0	0	0	0	0	0	0	1	0	0	0	1	22.0	0.07	0.319	NaN	NaN	0.167	0.709	NaN	NaN	5.01	24.815	NaN	NaN	0.0	"2.5"	"F0034"	0	0	"PR"	35.954	"fill-rg-di"	35.753	1	0	0	1625.219	0.0	0.0	null	1661.803	0.088
1.8	0.05225	12937.5	2784.375	2521.875	NaN	NaN	NaN	0	0	1	0	0	1	0	0	0	0	0	0	1	0	0	0	0	0	0	0	1	0	0	0	1	22.0	0.093	0.3	NaN	NaN	0.221	0.667	NaN	NaN	6.63	23.345	NaN	NaN	0.0	"2.5"	"F0034"	0	0	"PR"	45.99	"fill-rg-di"	45.789	1	0	0	1625.219	0.0	0.0	null	1671.839	0.086
1.9	0.050875	13687.5	3018.75	2306.25	NaN	NaN	NaN	0	0	1	0	0	1	0	0	0	0	0	0	1	0	0	0	0	0	0	0	1	0	0	0	1	23.0	0.117	0.279	NaN	NaN	0.279	0.62	NaN	NaN	8.37	21.7	NaN	NaN	0.0	"2.5"	"F0034"	0	0	"PR"	56.028	"fill-rg-di"	55.827	1	0	0	1625.219	0.0	0.0	null	1681.877	0.084
1.8	0.0506	5250.0	3271.875	2146.875	NaN	NaN	NaN	1	0	0	0	0	0	0	0	0	0	0	0	0	1	0	0	0	0	0	0	1	0	0	0	1	22.0	0.142	0.263	NaN	NaN	0.338	0.584	NaN	NaN	10.14	20.44	NaN	NaN	0.0	"2.5"	"F0034"	0	0	"PR"	66.064	"fill-di"	0.803	1	0	0	1625.219	0.0	0.0	null	1691.913	0.091
1.7	0.0506	9375.0	3281.25	2446.875	NaN	NaN	NaN	1	0	0	0	0	0	0	0	0	0	0	0	0	1	0	0	0	0	0	0	1	0	0	0	1	20.0	0.143	0.293	NaN	NaN	0.34	0.651	NaN	NaN	10.2	22.785	NaN	NaN	0.0	"2.5"	"F0034"	0	0	"PR"	75.904	"fill-di"	10.643	1	0	0	1625.219	0.0	0.0	null	1701.753	0.091
1.0	0.050325	8062.5	3262.5	2784.375	NaN	NaN	NaN	1	0	0	0	0	0	0	0	0	0	0	0	0	1	0	0	0	0	0	0	1	0	0	0	1	12.0	0.141	0.326	NaN	NaN	0.336	0.724	NaN	NaN	10.08	25.34	NaN	NaN	0.0	"2.5"	"F0034"	0	0	"PR"	85.939	"fill-di"	20.678	1	0	0	1625.219	0.0	0.0	null	1711.788	0.084
0.7	0.0506	9000.0	3253.125	3093.75	NaN	NaN	NaN	1	0	0	0	0	0	0	0	0	0	0	0	0	1	0	0	0	0	0	0	1	0	0	0	1	8.0	0.14	0.357	NaN	NaN	0.333	0.793	NaN	NaN	9.99	27.755	NaN	NaN	0.0	"2.5"	"F0034"	0	0	"PR"	95.979	"fill-di"	30.718	1	0	0	1625.219	0.0	0.0	null	1721.828	0.088
12.6	0.0495	18562.5	3253.125	3506.25	NaN	NaN	NaN	0	1	1	0	0	0	0	0	0	0	0	0	1	0	0	0	0	1	1	1	0	1	1	1	0	151.0	0.14	0.399	NaN	NaN	0.333	0.887	NaN	NaN	9.99	31.045	NaN	NaN	0.0	"2.5"	"F0034"	1	1	"PR"	106.024	"deionize"	1.813	1	1	0	1625.219	0.0	0.0	null	1731.873	0.084
12.4	0.049775	18562.5	3253.125	3515.625	NaN	NaN	NaN	0	1	1	0	0	0	0	0	0	0	0	0	1	0	0	0	0	1	1	1	0	1	1	1	0	149.0	0.14	0.4	NaN	NaN	0.333	0.889	NaN	NaN	9.99	31.115	NaN	NaN	0.0	"2.5"	"F0034"	1	1	"PR"	116.062	"deionize"	11.851	1	1	0	1625.219	0.0	0.0	null	1741.911	0.084
12.0	0.0484	18562.5	3243.75	3525.0	NaN	NaN	NaN	0	1	1	0	0	0	0	0	0	0	0	0	1	0	0	0	0	1	1	1	0	1	1	1	0	144.0	0.139	0.4	NaN	NaN	0.331	0.889	NaN	NaN	9.93	31.115	NaN	NaN	0.0	"2.5"	"F0034"	1	1	"PR"	126.103	"deionize"	21.892	1	1	0	1625.219	0.0	0.0	null	1751.952	0.088
11.9	0.0473	19125.0	3253.125	3496.875	NaN	NaN	NaN	0	1	1	0	0	0	0	0	0	0	0	0	1	0	0	0	0	1	1	1	0	1	1	1	0	143.0	0.14	0.398	NaN	NaN	0.333	0.884	NaN	NaN	9.99	30.94	NaN	NaN	0.0	"2.5"	"F0034"	1	1	"PR"	136.142	"deionize"	31.931	1	1	0	1625.219	0.0	0.0	null	1761.991	0.084
11.7	0.0462	17250.0	3271.875	3496.875	NaN	NaN	NaN	0	1	1	0	0	0	0	0	0	0	0	0	1	0	0	0	0	1	1	1	0	1	1	1	0	140.0	0.142	0.398	NaN	NaN	0.338	0.884	NaN	NaN	10.14	30.94	NaN	NaN	0.0	"2.5"	"F0034"	1	1	"PR"	146.175	"deionize"	41.964	1	1	0	1625.219	0.0	0.0	null	1772.024	0.084
11.9	0.0451	18375.0	3281.25	3515.625	NaN	NaN	NaN	0	1	1	0	0	0	0	0	0	0	0	0	1	0	0	0	0	1	1	1	0	1	1	1	0	143.0	0.143	0.4	NaN	NaN	0.34	0.889	NaN	NaN	10.2	31.115	NaN	NaN	0.0	"2.5"	"F0034"	1	1	"PR"	156.011	"deionize"	51.8	1	1	0	1625.219	0.0	0.0	null	1781.86	0.092
12.0	0.044	19125.0	3253.125	3562.5	NaN	NaN	NaN	0	1	1	0	0	0	0	0	0	0	0	0	1	0	0	0	0	1	1	1	0	1	1	1	0	144.0	0.14	0.404	NaN	NaN	0.333	0.898	NaN	NaN	9.99	31.43	NaN	NaN	0.0	"2.5"	"F0034"	1	1	"PR"	166.047	"deionize"	61.836	1	1	0	1625.219	0.0	0.0	null	1791.896	0.09
12.8	0.043175	19125.0	3253.125	3562.5	NaN	NaN	NaN	0	1	1	0	0	0	0	0	0	0	0	0	1	0	0	0	0	1	1	1	0	1	1	1	0	154.0	0.14	0.404	NaN	NaN	0.333	0.898	NaN	NaN	9.99	31.43	NaN	NaN	0.0	"2.5"	"F0034"	1	1	"PR"	176.087	"deionize"	71.876	1	1	0	1625.219	0.0	0.0	null	1801.936	0.092
12.3	0.042075	18187.5	3253.125	3562.5	NaN	NaN	NaN	0	1	1	0	0	0	0	0	0	0	0	0	1	0	0	0	0	1	1	1	0	1	1	1	0	148.0	0.14	0.404	NaN	NaN	0.333	0.898	NaN	NaN	9.99	31.43	NaN	NaN	0.0	"2.5"	"F0034"	1	1	"PR"	186.12	"deionize"	81.909	1	1	0	1625.219	0.0	0.0	null	1811.969	0.09
12.5	0.04125	18562.5	3253.125	3496.875	NaN	NaN	NaN	0	1	1	0	0	0	0	0	0	0	0	0	1	0	0	0	0	1	1	1	0	1	1	1	0	150.0	0.14	0.398	NaN	NaN	0.333	0.884	NaN	NaN	9.99	30.94	NaN	NaN	0.0	"2.5"	"F0034"	1	1	"PR"	196.158	"deionize"	91.947	1	1	0	1625.219	0.0	0.0	null	1822.007	0.087
12.2	0.0407	19125.0	3234.375	3525.0	NaN	NaN	NaN	0	1	1	0	0	0	0	0	0	0	0	0	1	0	0	0	0	1	1	1	0	1	1	1	0	146.0	0.138	0.4	NaN	NaN	0.329	0.889	NaN	NaN	9.87	31.115	NaN	NaN	0.0	"2.5"	"F0034"	1	1	"PR"	206.201	"deionize"	101.99	1	1	0	1625.219	0.0	0.0	null	1832.05	0.085
12.4	0.040425	17437.5	3253.125	3506.25	NaN	NaN	NaN	0	1	1	0	0	0	0	0	0	0	0	0	1	0	0	0	0	1	1	1	0	1	1	1	0	149.0	0.14	0.399	NaN	NaN	0.333	0.887	NaN	NaN	9.99	31.045	NaN	NaN	0.0	"2.5"	"F0034"	1	1	"PR"	216.236	"deionize"	112.025	1	1	0	1625.219	0.0	0.0	null	1842.085	0.091
12.6	0.039875	16687.5	3253.125	3515.625	NaN	NaN	NaN	0	1	1	0	0	0	0	0	0	0	0	0	1	0	0	0	0	1	1	1	0	1	1	1	0	151.0	0.14	0.4	NaN	NaN	0.333	0.889	NaN	NaN	9.99	31.115	NaN	NaN	0.0	"2.5"	"F0034"	1	1	"PR"	226.074	"deionize"	121.863	1	1	0	1625.219	0.0	0.0	null	1851.923	0.087
12.6	0.038775	17437.5	3225.0	3515.625	NaN	NaN	NaN	0	1	1	0	0	0	0	0	0	0	0	0	1	0	0	0	0	1	1	1	0	1	1	1	0	151.0	0.138	0.4	NaN	NaN	0.329	0.889	NaN	NaN	9.87	31.115	NaN	NaN	0.0	"2.5"	"F0034"	1	1	"PR"	236.111	"deionize"	131.9	1	1	0	1625.219	0.0	0.0	null	1861.96	0.091
12.4	0.038225	18375.0	3253.125	3525.0	NaN	NaN	NaN	0	1	1	0	0	0	0	0	0	0	0	0	1	0	0	0	0	1	1	1	0	1	1	1	0	149.0	0.14	0.4	NaN	NaN	0.333	0.889	NaN	NaN	9.99	31.115	NaN	NaN	0.0	"2.5"	"F0034"	1	1	"PR"	246.148	"deionize"	141.937	1	1	0	1625.219	0.0	0.0	null	1871.997	0.094
11.2	0.0374	19125.0	3253.125	3515.625	NaN	NaN	NaN	0	1	1	0	0	0	0	0	0	0	0	0	1	0	0	0	0	1	1	1	0	1	1	1	0	134.0	0.14	0.4	NaN	NaN	0.333	0.889	NaN	NaN	9.99	31.115	NaN	NaN	0.0	"2.5"	"F0034"	1	1	"PR"	256.186	"deionize"	151.975	1	1	0	1625.219	0.0	0.0	null	1882.035	0.091
12.4	0.036575	18187.5	3253.125	3515.625	NaN	NaN	NaN	0	1	1	0	0	0	0	0	0	0	0	0	1	0	0	0	0	1	1	1	0	1	1	1	0	149.0	0.14	0.4	NaN	NaN	0.333	0.889	NaN	NaN	9.99	31.115	NaN	NaN	0.0	"2.5"	"F0034"	1	1	"PR"	266.217	"deionize"	162.006	1	1	0	1625.219	0.0	0.0	null	1892.066	0.087
12.9	0.036025	17812.5	3243.75	3534.375	NaN	NaN	NaN	0	1	1	0	0	0	0	0	0	0	0	0	1	0	0	0	0	1	1	1	0	1	1	1	0	155.0	0.139	0.401	NaN	NaN	0.331	0.891	NaN	NaN	9.93	31.185	NaN	NaN	0.0	"2.5"	"F0034"	1	1	"PR"	276.253	"deionize"	172.042	1	1	0	1625.219	0.0	0.0	null	1902.102	0.093
13.3	0.034925	16687.5	3253.125	3515.625	NaN	NaN	NaN	0	1	1	0	0	0	0	0	0	0	0	0	1	0	0	0	0	1	1	1	0	1	1	1	0	160.0	0.14	0.4	NaN	NaN	0.333	0.889	NaN	NaN	9.99	31.115	NaN	NaN	0.0	"2.5"	"F0034"	1	1	"PR"	286.295	"deionize"	182.084	1	1	0	1625.219	0.0	0.0	null	1912.144	0.091
12.0	0.034375	17437.5	3243.75	3525.0	NaN	NaN	NaN	0	1	1	0	0	0	0	0	0	0	0	0	1	0	0	0	0	1	1	1	0	1	1	1	0	144.0	0.139	0.4	NaN	NaN	0.331	0.889	NaN	NaN	9.93	31.115	NaN	NaN	0.0	"2.5"	"F0034"	1	1	"PR"	296.331	"deionize"	192.12	1	1	0	1625.219	0.0	0.0	null	1922.18	0.09
12.2	0.033275	19125.0	3234.375	3562.5	NaN	NaN	NaN	0	1	1	0	0	0	0	0	0	0	0	0	1	0	0	0	0	1	1	1	0	1	1	1	0	146.0	0.138	0.404	NaN	NaN	0.329	0.898	NaN	NaN	9.87	31.43	NaN	NaN	0.0	"2.5"	"F0034"	1	1	"PR"	306.168	"deionize"	201.957	1	1	0	1625.219	0.0	0.0	null	1932.017	0.09
12.6	0.033	17812.5	3243.75	3562.5	NaN	NaN	NaN	0	1	1	0	0	0	0	0	0	0	0	0	1	0	0	0	0	1	1	1	0	1	1	1	0	151.0	0.139	0.404	NaN	NaN	0.331	0.898	NaN	NaN	9.93	31.43	NaN	NaN	0.0	"2.5"	"F0034"	1	1	"PR"	316.209	"deionize"	211.998	1	1	0	1625.219	0.0	0.0	null	1942.058	0.091
11.3	0.032175	18187.5	3262.5	3553.125	NaN	NaN	NaN	0	1	1	0	0	0	0	0	0	0	0	0	1	0	0	0	0	1	1	1	0	1	1	1	0	136.0	0.141	0.403	NaN	NaN	0.336	0.896	NaN	NaN	10.08	31.36	NaN	NaN	0.0	"2.5"	"F0034"	1	1	"PR"	326.246	"deionize"	222.035	1	1	0	1625.219	0.0	0.0	null	1952.095	0.087
11.8	0.031625	18562.5	3243.75	3487.5	NaN	NaN	NaN	0	1	1	0	0	0	0	0	0	0	0	0	1	0	0	0	0	1	1	1	0	1	1	1	0	142.0	0.139	0.397	NaN	NaN	0.331	0.882	NaN	NaN	9.93	30.87	NaN	NaN	0.0	"2.5"	"F0034"	1	1	"PR"	336.286	"deionize"	232.075	1	1	0	1625.219	0.0	0.0	null	1962.135	0.096
12.3	0.03135	19312.5	3215.625	3534.375	NaN	NaN	NaN	0	1	1	0	0	0	0	0	0	0	0	0	1	0	0	0	0	1	1	1	0	1	1	1	0	148.0	0.137	0.401	NaN	NaN	0.326	0.891	NaN	NaN	9.78	31.185	NaN	NaN	0.0	"2.5"	"F0034"	1	1	"PR"	346.323	"deionize"	242.112	1	1	0	1625.219	0.0	0.0	null	1972.172	0.09
8.5	0.03025	18562.5	3243.75	3534.375	NaN	NaN	NaN	0	1	1	0	0	0	0	0	0	0	0	0	1	0	0	0	0	1	1	1	0	1	1	1	0	102.0	0.139	0.401	NaN	NaN	0.331	0.891	NaN	NaN	9.93	31.185	NaN	NaN	0.0	"2.5"	"F0034"	1	1	"PR"	356.36	"deionize"	252.149	1	1	0	1625.219	0.0	0.0	null	1982.209	0.091
10.9	0.029975	18375.0	3253.125	3496.875	NaN	NaN	NaN	0	1	1	0	0	0	0	0	0	0	0	0	1	0	0	0	0	1	1	1	0	1	1	1	0	131.0	0.14	0.398	NaN	NaN	0.333	0.884	NaN	NaN	9.99	30.94	NaN	NaN	0.0	"2.5"	"F0034"	1	1	"PR"	366.398	"deionize"	262.187	1	1	0	1625.219	0.0	0.0	null	1992.247	0.092
10.8	0.0297	16687.5	3253.125	3525.0	NaN	NaN	NaN	0	1	1	0	0	0	0	0	0	0	0	0	1	0	0	0	0	1	1	1	0	1	1	1	0	130.0	0.14	0.4	NaN	NaN	0.333	0.889	NaN	NaN	9.99	31.115	NaN	NaN	0.0	"2.5"	"F0034"	1	1	"PR"	376.231	"deionize"	272.02	1	1	0	1625.219	0.0	0.0	null	2002.08	0.084
10.1	0.028875	16687.5	3243.75	3562.5	NaN	NaN	NaN	0	1	1	0	0	0	0	0	0	0	0	0	1	0	0	0	0	1	1	1	0	1	1	1	0	121.0	0.139	0.404	NaN	NaN	0.331	0.898	NaN	NaN	9.93	31.43	NaN	NaN	0.0	"2.5"	"F0034"	1	1	"PR"	386.271	"deionize"	282.06	1	1	0	1625.219	0.0	0.0	null	2012.12	0.087
11.7	0.02915	17812.5	3253.125	3543.75	NaN	NaN	NaN	0	1	1	0	0	0	0	0	0	0	0	0	1	0	0	0	0	1	1	1	0	1	1	1	0	140.0	0.14	0.402	NaN	NaN	0.333	0.893	NaN	NaN	9.99	31.255	NaN	NaN	0.0	"2.5"	"F0034"	1	1	"PR"	396.31	"deionize"	292.099	1	1	0	1625.219	0.0	0.0	null	2022.159	0.087
10.8	0.0286	18375.0	3253.125	3562.5	NaN	NaN	NaN	0	1	1	0	0	0	0	0	0	0	0	0	1	0	0	0	0	1	1	1	0	1	1	1	0	130.0	0.14	0.404	NaN	NaN	0.333	0.898	NaN	NaN	9.99	31.43	NaN	NaN	0.0	"2.5"	"F0034"	1	1	"PR"	406.345	"deionize"	302.134	1	1	0	1625.219	0.0	0.0	null	2032.194	0.087
10.4	0.02805	19125.0	3243.75	3515.625	NaN	NaN	NaN	0	1	1	0	0	0	0	0	0	0	0	0	1	0	0	0	0	1	1	1	0	1	1	1	0	125.0	0.139	0.4	NaN	NaN	0.331	0.889	NaN	NaN	9.93	31.115	NaN	NaN	0.0	"2.5"	"F0034"	1	1	"PR"	416.384	"deionize"	312.173	1	1	0	1625.219	0.0	0.0	null	2042.233	0.091
9.9	0.02805	19500.0	3253.125	3571.875	NaN	NaN	NaN	0	1	1	0	0	0	0	0	0	0	0	0	1	0	0	0	0	1	1	1	0	1	1	1	0	119.0	0.14	0.405	NaN	NaN	0.333	0.9	NaN	NaN	9.99	31.5	NaN	NaN	0.0	"2.5"	"F0034"	1	1	"PR"	426.419	"deionize"	322.208	1	1	0	1625.219	0.0	0.0	null	2052.268	0.094
10.0	0.02695	18000.0	3253.125	3506.25	NaN	NaN	NaN	0	1	1	0	0	0	0	0	0	0	0	0	1	0	0	0	0	1	1	1	0	1	1	1	0	120.0	0.14	0.399	NaN	NaN	0.333	0.887	NaN	NaN	9.99	31.045	NaN	NaN	0.0	"2.5"	"F0034"	1	1	"PR"	436.456	"deionize"	332.245	1	1	0	1625.219	0.0	0.0	null	2062.305	0.09
9.0	0.027225	19500.0	3253.125	3525.0	NaN	NaN	NaN	0	1	1	0	0	0	0	0	0	0	0	0	1	0	0	0	0	1	1	1	0	1	1	1	0	108.0	0.14	0.4	NaN	NaN	0.333	0.889	NaN	NaN	9.99	31.115	NaN	NaN	0.0	"2.5"	"F0034"	1	1	"PR"	446.496	"deionize"	342.285	1	1	0	1625.219	0.0	0.0	null	2072.345	0.093
9.9	0.02695	17062.5	3243.75	3562.5	NaN	NaN	NaN	0	1	1	0	0	0	0	0	0	0	0	0	1	0	0	0	0	1	1	1	0	1	1	1	0	119.0	0.139	0.404	NaN	NaN	0.331	0.898	NaN	NaN	9.93	31.43	NaN	NaN	0.0	"2.5"	"F0034"	1	1	"PR"	456.33	"deionize"	352.119	1	1	0	1625.219	0.0	0.0	null	2082.179	0.084
9.1	0.02695	17625.0	3253.125	3525.0	NaN	NaN	NaN	0	1	1	0	0	0	0	0	0	0	0	0	1	0	0	0	0	1	1	1	0	1	1	1	0	109.0	0.14	0.4	NaN	NaN	0.333	0.889	NaN	NaN	9.99	31.115	NaN	NaN	0.0	"2.5"	"F0034"	1	1	"PR"	466.368	"deionize"	362.157	1	1	0	1625.219	0.0	0.0	null	2092.217	0.087
9.0	0.0264	17062.5	3253.125	3515.625	NaN	NaN	NaN	0	1	1	0	0	0	0	0	0	0	0	0	1	0	0	0	0	1	1	1	0	1	1	1	0	108.0	0.14	0.4	NaN	NaN	0.333	0.889	NaN	NaN	9.99	31.115	NaN	NaN	0.0	"2.5"	"F0034"	1	1	"PR"	476.411	"deionize"	372.2	1	1	0	1625.219	0.0	0.0	null	2102.26	0.087
9.2	0.026125	19312.5	3253.125	3581.25	NaN	NaN	NaN	0	1	1	0	0	0	0	0	0	0	0	0	1	0	0	0	0	1	1	1	0	1	1	1	0	110.0	0.14	0.406	NaN	NaN	0.333	0.902	NaN	NaN	9.99	31.57	NaN	NaN	0.0	"2.5"	"F0034"	1	1	"PR"	486.448	"deionize"	382.237	1	1	0	1625.219	0.0	0.0	null	2112.297	0.091
8.6	0.0253	18187.5	3253.125	3515.625	NaN	NaN	NaN	0	1	1	0	0	0	0	0	0	0	0	0	1	0	0	0	0	1	1	1	0	1	1	1	0	103.0	0.14	0.4	NaN	NaN	0.333	0.889	NaN	NaN	9.99	31.115	NaN	NaN	0.0	"2.5"	"F0034"	1	1	"PR"	496.486	"deionize"	392.275	1	1	0	1625.219	0.0	0.0	null	2122.335	0.088
8.7	0.025575	19687.5	3234.375	3478.125	NaN	NaN	NaN	0	1	1	0	0	0	0	0	0	0	0	0	1	0	0	0	0	1	1	1	0	1	1	1	0	104.0	0.138	0.396	NaN	NaN	0.329	0.88	NaN	NaN	9.87	30.8	NaN	NaN	0.0	"2.5"	"F0034"	1	1	"PR"	506.521	"deionize"	402.31	1	1	0	1625.219	0.0	0.0	null	2132.37	0.087
8.6	0.025025	18000.0	3262.5	3571.875	NaN	NaN	NaN	0	1	1	0	0	0	0	0	0	0	0	0	1	0	0	0	0	1	1	1	0	1	1	1	0	103.0	0.141	0.405	NaN	NaN	0.336	0.9	NaN	NaN	10.08	31.5	NaN	NaN	0.0	"2.5"	"F0034"	1	1	"PR"	516.556	"deionize"	412.345	1	1	0	1625.219	0.0	0.0	null	2142.405	0.089
6.8	0.025025	18375.0	3281.25	3571.875	NaN	NaN	NaN	0	1	1	0	0	0	0	0	0	0	0	0	1	0	0	0	0	1	1	1	0	1	1	1	0	82.0	0.143	0.405	NaN	NaN	0.34	0.9	NaN	NaN	10.2	31.5	NaN	NaN	0.0	"2.5"	"F0034"	1	1	"PR"	526.396	"deionize"	422.185	1	1	0	1625.219	0.0	0.0	null	2152.245	0.086
8.2	0.02475	17062.5	3281.25	3525.0	NaN	NaN	NaN	0	1	1	0	0	0	0	0	0	0	0	0	1	0	0	0	0	1	1	1	0	1	1	1	0	98.0	0.143	0.4	NaN	NaN	0.34	0.889	NaN	NaN	10.2	31.115	NaN	NaN	0.0	"2.5"	"F0034"	1	1	"PR"	536.434	"deionize"	432.223	1	1	0	1625.219	0.0	0.0	null	2162.283	0.084
8.3	0.0242	16875.0	3253.125	3553.125	NaN	NaN	NaN	0	1	1	0	0	0	0	0	0	0	0	0	1	0	0	0	0	1	1	1	0	1	1	1	0	100.0	0.14	0.403	NaN	NaN	0.333	0.896	NaN	NaN	9.99	31.36	NaN	NaN	0.0	"2.5"	"F0034"	1	1	"PR"	546.474	"deionize"	442.263	1	1	0	1625.219	0.0	0.0	null	2172.323	0.084
8.4	0.0242	17437.5	3253.125	3525.0	NaN	NaN	NaN	0	1	1	0	0	0	0	0	0	0	0	0	1	0	0	0	0	1	1	1	0	1	1	1	0	101.0	0.14	0.4	NaN	NaN	0.333	0.889	NaN	NaN	9.99	31.115	NaN	NaN	0.0	"2.5"	"F0034"	1	1	"PR"	556.511	"deionize"	452.3	1	1	0	1625.219	0.0	0.0	null	2182.36	0.084
8.3	0.023375	16687.5	3253.125	3562.5	NaN	NaN	NaN	0	1	1	0	0	0	0	0	0	0	0	0	1	0	0	0	0	1	1	1	0	1	1	1	0	100.0	0.14	0.404	NaN	NaN	0.333	0.898	NaN	NaN	9.99	31.43	NaN	NaN	0.0	"2.5"	"F0034"	1	1	"PR"	566.55	"deionize"	462.339	1	1	0	1625.219	0.0	0.0	null	2192.399	0.084
8.0	0.023375	17625.0	3253.125	3496.875	NaN	NaN	NaN	0	1	1	0	0	0	0	0	0	0	0	0	1	0	0	0	0	1	1	1	0	1	1	1	0	96.0	0.14	0.398	NaN	NaN	0.333	0.884	NaN	NaN	9.99	30.94	NaN	NaN	0.0	"2.5"	"F0034"	1	1	"PR"	576.592	"deionize"	472.381	1	1	0	1625.219	0.0	0.0	null	2202.441	0.09
7.8	0.023375	16687.5	3262.5	3487.5	NaN	NaN	NaN	0	1	1	0	0	0	0	0	0	0	0	0	1	0	0	0	0	1	1	1	0	1	1	1	0	94.0	0.141	0.397	NaN	NaN	0.336	0.882	NaN	NaN	10.08	30.87	NaN	NaN	0.0	"2.5"	"F0034"	1	1	"PR"	586.632	"deionize"	482.421	1	1	0	1625.219	0.0	0.0	null	2212.481	0.084
7.6	0.02365	18187.5	3253.125	3525.0	NaN	NaN	NaN	0	1	1	0	0	0	0	0	0	0	0	0	1	0	0	0	0	1	1	1	0	1	1	1	0	91.0	0.14	0.4	NaN	NaN	0.333	0.889	NaN	NaN	9.99	31.115	NaN	NaN	0.0	"2.5"	"F0034"	1	1	"PR"	596.467	"deionize"	492.256	1	1	0	1625.219	0.0	0.0	null	2222.316	0.087
7.9	0.023375	18562.5	3243.75	3525.0	NaN	NaN	NaN	0	1	1	0	0	0	0	0	0	0	0	0	1	0	0	0	0	1	1	1	0	1	1	1	0	95.0	0.139	0.4	NaN	NaN	0.331	0.889	NaN	NaN	9.93	31.115	NaN	NaN	0.0	"2.5"	"F0034"	1	1	"PR"	606.507	"deionize"	502.296	1	1	0	1625.219	0.0	0.0	null	2232.356	0.085
7.8	0.023375	19125.0	3253.125	3515.625	NaN	NaN	NaN	0	1	1	0	0	0	0	0	0	0	0	0	1	0	0	0	0	1	1	1	0	1	1	1	0	94.0	0.14	0.4	NaN	NaN	0.333	0.889	NaN	NaN	9.99	31.115	NaN	NaN	0.0	"2.5"	"F0034"	1	1	"PR"	616.541	"deionize"	512.33	1	1	0	1625.219	0.0	0.0	null	2242.39	0.084
5.4	0.022825	19500.0	3253.125	3525.0	NaN	NaN	NaN	0	1	1	0	0	0	0	0	0	0	0	0	1	0	0	0	0	1	1	1	0	1	1	1	0	65.0	0.14	0.4	NaN	NaN	0.333	0.889	NaN	NaN	9.99	31.115	NaN	NaN	0.0	"2.5"	"F0034"	1	1	"PR"	626.579	"deionize"	522.368	1	1	0	1625.219	0.0	0.0	null	2252.428	0.085
7.4	0.02255	18000.0	3253.125	3496.875	NaN	NaN	NaN	0	1	1	0	0	0	0	0	0	0	0	0	1	0	0	0	0	1	1	1	0	1	1	1	0	89.0	0.14	0.398	NaN	NaN	0.333	0.884	NaN	NaN	9.99	30.94	NaN	NaN	0.0	"2.5"	"F0034"	1	1	"PR"	636.616	"deionize"	532.405	1	1	0	1625.219	0.0	0.0	null	2262.465	0.087
10.2	0.022	19500.0	3253.125	3515.625	NaN	NaN	NaN	0	1	1	0	0	0	0	0	0	0	0	0	1	0	0	0	1	1	1	1	0	1	1	1	0	122.0	0.14	0.4	NaN	NaN	0.333	0.889	NaN	NaN	9.99	31.115	NaN	NaN	0.0	"2.5"	"F0034"	1	1	"PR"	646.559	"deionize-uv"	2.316	1	1	0	1625.219	0.0	0.0	null	2272.408	0.086
7.2	0.022275	19125.0	3243.75	3534.375	NaN	NaN	NaN	0	1	1	0	0	0	0	0	0	0	0	0	1	0	0	0	1	1	1	1	0	1	1	1	0	86.0	0.139	0.401	NaN	NaN	0.331	0.891	NaN	NaN	9.93	31.185	NaN	NaN	0.0	"2.5"	"F0034"	1	1	"PR"	656.598	"deionize-uv"	12.355	1	1	0	1625.219	0.0	0.0	null	2282.447	0.085
7.5	0.021725	17625.0	3243.75	3562.5	NaN	NaN	NaN	0	1	1	0	0	0	0	0	0	0	0	0	1	0	0	0	1	1	1	1	0	1	1	1	0	90.0	0.139	0.404	NaN	NaN	0.331	0.898	NaN	NaN	9.93	31.43	NaN	NaN	0.0	"2.5"	"F0034"	1	1	"PR"	666.634	"deionize-uv"	22.391	1	1	0	1625.219	0.0	0.0	null	2292.483	0.087
5.4	0.02145	18375.0	3253.125	3515.625	NaN	NaN	NaN	0	1	1	0	0	0	0	0	0	0	0	0	1	0	0	0	1	1	1	1	0	1	1	1	0	65.0	0.14	0.4	NaN	NaN	0.333	0.889	NaN	NaN	9.99	31.115	NaN	NaN	0.0	"2.5"	"F0034"	1	1	"PR"	676.666	"deionize-uv"	32.423	1	1	0	1625.219	0.0	0.0	null	2302.515	0.084
7.7	0.02145	18937.5	3253.125	3562.5	NaN	NaN	NaN	0	1	1	0	0	0	0	0	0	0	0	0	1	0	0	0	1	1	1	1	0	1	1	1	0	92.0	0.14	0.404	NaN	NaN	0.333	0.898	NaN	NaN	9.99	31.43	NaN	NaN	0.0	"2.5"	"F0034"	1	1	"PR"	686.705	"deionize-uv"	42.462	1	1	0	1625.219	0.0	0.0	null	2312.554	0.084
7.5	0.0209	18375.0	3253.125	3534.375	NaN	NaN	NaN	0	1	1	0	0	0	0	0	0	0	0	0	1	0	0	0	1	1	1	1	0	1	1	1	0	90.0	0.14	0.401	NaN	NaN	0.333	0.891	NaN	NaN	9.99	31.185	NaN	NaN	0.0	"2.5"	"F0034"	1	1	"PR"	696.735	"deionize-uv"	52.492	1	1	0	1625.219	0.0	0.0	null	2322.584	0.087
7.2	0.020625	30000.0	3215.625	3290.625	NaN	NaN	NaN	0	0	1	0	0	0	0	1	0	0	0	0	1	0	0	0	1	1	1	1	0	1	1	1	0	86.0	0.137	0.377	NaN	NaN	0.326	0.838	NaN	NaN	9.78	29.33	NaN	NaN	0.0	"2.5"	"F0034"	1	1	"PR"	706.697	"drain-di-1"	2.335	1	1	0	1625.219	0.0	0.0	null	2332.546	0.088
7.2	0.021175	40687.5	3253.125	3121.875	NaN	NaN	NaN	0	0	1	0	0	0	0	1	0	0	0	0	1	0	0	0	1	1	1	1	0	1	1	1	0	86.0	0.14	0.36	NaN	NaN	0.333	0.8	NaN	NaN	9.99	28.0	NaN	NaN	0.0	"2.5"	"F0034"	1	1	"PR"	716.731	"drain-di-1"	12.369	1	1	0	1625.219	0.0	0.0	null	2342.58	0.084
6.8	0.02035	51000.0	3253.125	2981.25	NaN	NaN	NaN	0	0	1	0	0	0	0	1	0	0	0	0	1	0	0	0	1	1	1	1	0	1	1	1	0	82.0	0.14	0.346	NaN	NaN	0.333	0.769	NaN	NaN	9.99	26.915	NaN	NaN	0.0	"2.5"	"F0034"	1	1	"PR"	726.768	"drain-di-1"	22.406	1	1	0	1625.219	0.0	0.0	null	2352.617	0.087
6.6	0.020625	52875.0	3253.125	2859.375	NaN	NaN	NaN	0	0	1	0	0	0	0	1	0	0	0	0	1	0	0	0	1	1	1	1	0	1	1	1	0	79.0	0.14	0.334	NaN	NaN	0.333	0.742	NaN	NaN	9.99	25.97	NaN	NaN	0.0	"2.5"	"F0034"	1	1	"PR"	736.608	"drain-di-1"	32.246	1	1	0	1625.219	0.0	0.0	null	2362.457	0.091
6.5	0.02035	53250.0	3253.125	2718.75	NaN	NaN	NaN	0	0	1	0	0	0	0	1	0	0	0	0	1	0	0	0	1	1	1	1	0	1	1	1	0	78.0	0.14	0.32	NaN	NaN	0.333	0.711	NaN	NaN	9.99	24.885	NaN	NaN	0.0	"2.5"	"F0034"	1	1	"PR"	746.643	"drain-di-1"	42.281	1	1	0	1625.219	0.0	0.0	null	2372.492	0.09
6.4	0.020075	52500.0	3253.125	2587.5	NaN	NaN	NaN	0	0	1	0	0	0	0	1	0	0	0	0	1	0	0	0	1	1	1	1	0	1	1	1	0	77.0	0.14	0.307	NaN	NaN	0.333	0.682	NaN	NaN	9.99	23.87	NaN	NaN	0.0	"2.5"	"F0034"	1	1	"PR"	756.68	"drain-di-1"	52.318	1	1	0	1625.219	0.0	0.0	null	2382.529	0.094
6.5	0.020075	51000.0	3253.125	2465.625	NaN	NaN	NaN	0	0	1	0	0	0	0	1	0	0	0	0	1	0	0	0	1	1	1	1	0	1	1	1	0	78.0	0.14	0.295	NaN	NaN	0.333	0.656	NaN	NaN	9.99	22.96	NaN	NaN	0.0	"2.5"	"F0034"	1	1	"PR"	766.717	"drain-di-1"	62.355	1	1	0	1625.219	0.0	0.0	null	2392.566	0.09
6.2	0.01925	48937.5	3243.75	2315.625	NaN	NaN	NaN	0	0	1	0	0	0	0	1	0	0	0	0	1	0	0	0	1	1	1	1	0	1	1	1	0	74.0	0.139	0.28	NaN	NaN	0.331	0.622	NaN	NaN	9.93	21.77	NaN	NaN	0.0	"2.5"	"F0034"	1	1	"PR"	776.752	"drain-di-1"	72.39	1	1	0	1625.219	0.0	0.0	null	2402.601	0.09
6.2	0.0198	49500.0	3253.125	2175.0	NaN	NaN	NaN	0	0	1	0	0	0	0	1	0	0	0	0	1	0	0	0	1	1	1	1	0	1	1	1	0	74.0	0.14	0.266	NaN	NaN	0.333	0.591	NaN	NaN	9.99	20.685	NaN	NaN	0.0	"2.5"	"F0034"	1	1	"PR"	786.793	"drain-di-1"	82.431	1	1	0	1625.219	0.0	0.0	null	2412.642	0.089
7.7	0.018975	48750.0	3243.75	2034.375	NaN	NaN	NaN	0	0	1	0	0	0	0	1	0	0	0	0	1	0	0	0	1	1	1	1	0	1	1	1	0	92.0	0.139	0.251	NaN	NaN	0.331	0.558	NaN	NaN	9.93	19.53	NaN	NaN	0.0	"2.5"	"F0034"	1	1	"PR"	796.828	"drain-di-1"	92.466	1	1	0	1625.219	0.0	0.0	null	2422.677	0.084
6.5	0.018975	49500.0	3262.5	1903.125	NaN	NaN	NaN	0	0	1	0	0	0	0	1	0	0	0	0	1	0	0	0	1	1	1	1	0	1	1	1	0	78.0	0.141	0.238	NaN	NaN	0.336	0.529	NaN	NaN	10.08	18.515	NaN	NaN	0.0	"2.5"	"F0034"	1	1	"PR"	806.863	"drain-di-1"	102.501	1	1	0	1625.219	0.0	0.0	null	2432.712	0.084
6.5	0.018975	50250.0	3253.125	1753.125	NaN	NaN	NaN	0	0	1	0	0	0	0	1	0	0	0	0	1	0	0	0	1	1	1	1	0	1	1	1	0	78.0	0.14	0.223	NaN	NaN	0.333	0.496	NaN	NaN	9.99	17.36	NaN	NaN	0.0	"2.5"	"F0034"	1	1	"PR"	816.703	"drain-di-1"	112.341	1	1	0	1625.219	0.0	0.0	null	2442.552	0.095
6.5	0.01925	49125.0	3234.375	1612.5	NaN	NaN	NaN	0	0	1	0	0	0	0	1	0	0	0	0	1	0	0	0	1	1	1	1	0	1	1	1	0	78.0	0.138	0.209	NaN	NaN	0.329	0.464	NaN	NaN	9.87	16.24	NaN	NaN	0.0	"2.5"	"F0034"	1	1	"PR"	826.738	"drain-di-1"	122.376	1	1	0	1625.219	0.0	0.0	null	2452.587	0.091
6.2	0.018975	47812.5	3243.75	1471.875	NaN	NaN	NaN	0	0	1	0	0	0	0	1	0	0	0	0	1	0	0	0	1	1	1	1	0	1	1	1	0	74.0	0.139	0.195	NaN	NaN	0.331	0.433	NaN	NaN	9.93	15.155	NaN	NaN	0.0	"2.5"	"F0034"	1	1	"PR"	836.775	"drain-di-1"	132.413	1	1	0	1625.219	0.0	0.0	null	2462.624	0.092
4.7	0.01815	48375.0	3281.25	1331.25	NaN	NaN	NaN	0	0	1	0	0	0	0	1	0	0	0	0	1	0	0	0	1	1	1	1	0	1	1	1	0	56.0	0.143	0.181	NaN	NaN	0.34	0.402	NaN	NaN	10.2	14.07	NaN	NaN	0.0	"2.5"	"F0034"	1	1	"PR"	846.813	"drain-di-1"	142.451	1	1	0	1625.219	0.0	0.0	null	2472.662	0.09
5.7	0.018425	50437.5	3253.125	1190.625	NaN	NaN	NaN	0	0	1	0	0	0	0	1	0	0	0	0	1	0	0	0	1	1	1	1	0	1	1	1	0	68.0	0.14	0.167	NaN	NaN	0.333	0.371	NaN	NaN	9.99	12.985	NaN	NaN	0.0	"2.5"	"F0034"	1	1	"PR"	856.843	"drain-di-1"	152.481	1	1	0	1625.219	0.0	0.0	null	2482.692	0.09
6.0	0.018425	49125.0	3271.875	1050.0	NaN	NaN	NaN	0	0	1	0	0	0	0	1	0	0	0	0	1	0	0	0	1	1	1	1	0	1	1	1	0	72.0	0.142	0.153	NaN	NaN	0.338	0.34	NaN	NaN	10.14	11.9	NaN	NaN	0.0	"2.5"	"F0034"	1	1	"PR"	866.878	"drain-di-1"	162.516	1	1	0	1625.219	0.0	0.0	null	2492.727	0.091
5.9	0.01815	47062.5	3243.75	928.125	NaN	NaN	NaN	0	0	1	0	0	0	0	1	0	0	0	0	1	0	0	0	1	1	1	1	0	1	1	1	0	71.0	0.139	0.141	NaN	NaN	0.331	0.313	NaN	NaN	9.93	10.955	NaN	NaN	0.0	"2.5"	"F0034"	1	1	"PR"	876.914	"drain-di-1"	172.552	1	1	0	1625.219	0.0	0.0	null	2502.763	0.09
5.0	0.018425	49875.0	3243.75	787.5	NaN	NaN	NaN	0	0	1	0	0	0	0	1	0	0	0	0	1	0	0	0	1	1	1	1	0	1	1	1	0	60.0	0.139	0.127	NaN	NaN	0.331	0.282	NaN	NaN	9.93	9.87	NaN	NaN	0.0	"2.5"	"F0034"	1	1	"PR"	886.745	"drain-di-1"	182.383	1	1	0	1625.219	0.0	0.0	null	2512.594	0.086
6.5	0.018975	50250.0	3290.625	646.875	NaN	NaN	NaN	0	0	1	0	0	0	0	1	0	0	0	0	1	0	0	0	1	1	1	1	0	1	1	1	0	78.0	0.144	0.113	NaN	NaN	0.343	0.251	NaN	NaN	10.29	8.785	NaN	NaN	0.0	"2.5"	"F0034"	1	1	"PR"	896.787	"drain-di-1"	192.425	1	1	0	1625.219	0.0	0.0	null	2522.636	0.088
6.1	0.017875	49875.0	3253.125	506.25	NaN	NaN	NaN	0	0	1	0	0	0	0	1	0	0	0	0	1	0	0	0	1	1	1	1	0	1	1	1	0	73.0	0.14	0.099	NaN	NaN	0.333	0.22	NaN	NaN	9.99	7.7	NaN	NaN	0.0	"2.5"	"F0034"	1	1	"PR"	906.823	"drain-di-1"	202.461	1	1	0	1625.219	0.0	0.0	null	2532.672	0.094
6.1	0.018425	48937.5	3243.75	356.25	NaN	NaN	NaN	0	0	1	0	0	0	0	1	0	0	0	0	1	0	0	0	1	1	1	1	0	1	1	1	0	73.0	0.139	0.084	NaN	NaN	0.331	0.187	NaN	NaN	9.93	6.545	NaN	NaN	0.0	"2.5"	"F0034"	1	1	"PR"	916.858	"drain-di-1"	212.496	1	1	0	1625.219	0.0	0.0	null	2542.707	0.091
6.1	0.018425	49500.0	3253.125	187.5	NaN	NaN	NaN	0	0	1	0	0	0	0	1	0	0	0	0	1	0	0	0	1	1	1	1	0	1	1	1	0	73.0	0.14	0.067	NaN	NaN	0.333	0.149	NaN	NaN	9.99	5.215	NaN	NaN	0.0	"2.5"	"F0034"	1	1	"PR"	926.899	"drain-di-1"	222.537	1	1	0	1625.219	0.0	0.0	null	2552.748	0.092
6.1	0.018975	49687.5	3290.625	56.25	NaN	NaN	NaN	0	0	1	0	0	0	0	1	0	0	0	0	1	0	0	0	1	1	1	1	0	1	1	1	0	73.0	0.144	0.054	NaN	NaN	0.343	0.12	NaN	NaN	10.29	4.2	NaN	NaN	0.0	"2.5"	"F0034"	1	1	"PR"	936.843	"drip-di-1"	5.931	1	1	0	1625.219	0.0	0.0	null	2562.692	0.085
5.4	0.018975	50062.5	3243.75	-65.625	NaN	NaN	NaN	0	0	1	0	0	0	0	1	0	0	0	0	1	0	0	0	1	1	1	1	0	1	1	1	0	65.0	0.139	0.041	NaN	NaN	0.331	0.091	NaN	NaN	9.93	3.185	NaN	NaN	0.0	"2.5"	"F0034"	1	1	"PR"	946.884	"drip-di-1"	15.972	1	1	0	1625.219	0.0	0.0	null	2572.733	0.093
-12.3	0.01925	16687.5	3300.0	187.5	NaN	NaN	NaN	1	0	0	0	0	1	1	0	0	0	0	0	1	1	0	0	0	1	1	0	1	1	1	0	1	-148.0	0.145	0.067	NaN	NaN	0.345	0.149	NaN	NaN	10.35	5.215	NaN	NaN	0.0	"2.5"	"F0034"	1	0	"PR"	956.892	"reverse-f"	7.797	1	1	0	1625.219	0.0	0.0	null	2582.741	0.089
-11.8	0.021175	16687.5	3375.0	506.25	NaN	NaN	NaN	1	0	0	0	0	1	1	0	0	0	0	0	1	1	0	0	0	1	1	0	1	1	1	0	1	-142.0	0.153	0.099	NaN	NaN	0.364	0.22	NaN	NaN	10.92	7.7	NaN	NaN	0.0	"2.5"	"F0034"	1	0	"PR"	966.927	"reverse-f"	17.832	1	1	0	1625.219	0.0	0.0	null	2592.776	0.094
-12.3	0.02475	15750.0	3440.625	825.0	NaN	NaN	NaN	1	0	0	0	0	1	1	0	0	0	0	0	1	1	0	0	0	1	1	0	1	1	1	0	1	-148.0	0.159	0.131	NaN	NaN	0.379	0.291	NaN	NaN	11.37	10.185	NaN	NaN	0.0	"2.5"	"F0034"	1	0	"PR"	976.965	"reverse-f"	27.87	1	1	0	1625.219	0.0	0.0	null	2602.814	0.09
-12.3	0.03025	14437.5	3440.625	1153.125	NaN	NaN	NaN	1	0	0	0	0	1	1	0	0	0	0	0	1	1	0	0	0	1	1	0	1	1	1	0	1	-148.0	0.159	0.163	NaN	NaN	0.379	0.362	NaN	NaN	11.37	12.67	NaN	NaN	0.0	"2.5"	"F0034"	1	0	"PR"	987.0	"reverse-f"	37.905	1	1	0	1625.219	0.0	0.0	null	2612.849	0.09
-12.7	0.036025	13125.0	3459.375	1471.875	NaN	NaN	NaN	1	0	0	0	0	1	1	0	0	0	0	0	1	1	0	0	0	1	1	0	1	1	1	0	1	-152.0	0.161	0.195	NaN	NaN	0.383	0.433	NaN	NaN	11.49	15.155	NaN	NaN	0.0	"2.5"	"F0034"	1	0	"PR"	997.035	"reverse-f"	47.94	1	1	0	1625.219	0.0	0.0	null	2622.884	0.094
-11.9	0.040425	13687.5	3440.625	1781.25	NaN	NaN	NaN	1	0	0	0	0	1	1	0	0	0	0	0	1	1	0	0	0	1	1	0	1	1	1	0	1	-143.0	0.159	0.226	NaN	NaN	0.379	0.502	NaN	NaN	11.37	17.57	NaN	NaN	0.0	"2.5"	"F0034"	1	0	"PR"	1006.869	"reverse-f"	57.774	1	1	0	1625.219	0.0	0.0	null	2632.718	0.084
-12.7	0.045375	14437.5	3487.5	2109.375	NaN	NaN	NaN	1	0	0	0	0	1	1	0	0	0	0	0	1	1	0	0	0	1	1	0	1	1	1	0	1	-152.0	0.164	0.259	NaN	NaN	0.39	0.576	NaN	NaN	11.7	20.16	NaN	NaN	0.0	"2.5"	"F0034"	1	0	"PR"	1016.909	"reverse-f"	67.814	1	1	0	1625.219	0.0	0.0	null	2642.758	0.087
-12.4	0.049775	14625.0	3515.625	2428.125	NaN	NaN	NaN	1	0	0	0	0	1	1	0	0	0	0	0	1	1	0	0	0	1	1	0	1	1	1	0	1	-149.0	0.167	0.291	NaN	NaN	0.398	0.647	NaN	NaN	11.94	22.645	NaN	NaN	0.0	"2.5"	"F0034"	1	0	"PR"	1026.939	"reverse-f"	77.844	1	1	0	1625.219	0.0	0.0	null	2652.788	0.087
-12.0	0.053075	13312.5	3571.875	2746.875	NaN	NaN	NaN	1	0	0	0	0	1	1	0	0	0	0	0	1	1	0	0	0	1	1	0	1	1	1	0	1	-144.0	0.172	0.323	NaN	NaN	0.41	0.718	NaN	NaN	12.3	25.13	NaN	NaN	0.0	"2.5"	"F0034"	1	0	"PR"	1036.977	"reverse-f"	87.882	1	1	0	1625.219	0.0	0.0	null	2662.826	0.086
-12.0	0.055825	13500.0	3534.375	3056.25	NaN	NaN	NaN	1	0	0	0	0	1	1	0	0	0	0	0	1	1	0	0	0	1	1	0	1	1	1	0	1	-144.0	0.168	0.354	NaN	NaN	0.4	0.787	NaN	NaN	12.0	27.545	NaN	NaN	0.0	"2.5"	"F0034"	1	0	"PR"	1047.012	"reverse-f"	97.917	1	1	0	1625.219	0.0	0.0	null	2672.861	0.084
-11.9	0.05775	15000.0	3534.375	3384.375	NaN	NaN	NaN	1	0	0	0	0	1	1	0	0	0	0	0	1	1	0	0	0	1	1	0	1	1	1	0	1	-143.0	0.168	0.386	NaN	NaN	0.4	0.858	NaN	NaN	12.0	30.03	NaN	NaN	0.0	"2.5"	"F0034"	1	0	"PR"	1057.044	"reverse-f"	107.949	1	1	0	1625.219	0.0	0.0	null	2682.893	0.084
-12.5	0.059125	13500.0	3562.5	3393.75	NaN	NaN	NaN	0	0	0	0	0	1	1	0	0	0	0	0	1	0	0	0	0	1	1	0	1	1	1	0	1	-150.0	0.171	0.387	NaN	NaN	0.407	0.86	NaN	NaN	12.21	30.1	NaN	NaN	0.0	"2.5"	"F0034"	1	0	"PR"	1066.992	"reverse"	117.897	1	1	0	1625.219	0.0	0.0	null	2692.841	0.086
-12.5	0.0594	15000.0	3581.25	3412.5	NaN	NaN	NaN	0	0	0	0	0	1	1	0	0	0	0	0	1	0	0	0	0	1	1	0	1	1	1	0	1	-150.0	0.173	0.389	NaN	NaN	0.412	0.864	NaN	NaN	12.36	30.24	NaN	NaN	0.0	"2.5"	"F0034"	1	0	"PR"	1077.026	"reverse"	127.931	1	1	0	1625.219	0.0	0.0	null	2702.875	0.086
-12.0	0.0594	15750.0	3562.5	3393.75	NaN	NaN	NaN	0	0	0	0	0	1	1	0	0	0	0	0	1	0	0	0	0	1	1	0	1	1	1	0	1	-144.0	0.171	0.387	NaN	NaN	0.407	0.86	NaN	NaN	12.21	30.1	NaN	NaN	0.0	"2.5"	"F0034"	1	0	"PR"	1087.061	"reverse"	137.966	1	1	0	1625.219	0.0	0.0	null	2712.91	0.087
-11.7	0.05995	14812.5	3590.625	3393.75	NaN	NaN	NaN	0	0	0	0	0	1	1	0	0	0	0	0	1	0	0	0	0	1	1	0	1	1	1	0	1	-140.0	0.174	0.387	NaN	NaN	0.414	0.86	NaN	NaN	12.42	30.1	NaN	NaN	0.0	"2.5"	"F0034"	1	0	"PR"	1097.103	"reverse"	148.008	1	1	0	1625.219	0.0	0.0	null	2722.952	0.086
-3.7	0.060225	10500.0	3684.375	3403.125	NaN	NaN	NaN	0	0	0	0	0	0	0	0	0	0	0	0	0	0	0	0	0	0	0	0	1	0	0	0	1	-44.0	0.183	0.388	NaN	NaN	0.436	0.862	NaN	NaN	13.08	30.17	NaN	NaN	0.0	"2.5"	"F0034"	0	0	"PR"	1107.027	"diffuse"	7.916	1	1	1	1625.219	0.0	0.0	null	2732.876	0.083
-3.9	0.05995	11250.0	3684.375	3412.5	NaN	NaN	NaN	0	0	0	0	0	0	0	0	0	0	0	0	0	0	0	0	0	0	0	0	1	0	0	0	1	-47.0	0.183	0.389	NaN	NaN	0.436	0.864	NaN	NaN	13.08	30.24	NaN	NaN	0.0	"2.5"	"F0034"	0	0	"PR"	1117.052	"diffuse"	17.941	1	1	1	1625.219	0.0	0.0	null	2742.901	0.084
-2.3	0.0605	12000.0	3693.75	3403.125	NaN	NaN	NaN	0	0	0	0	0	0	0	0	0	0	0	0	0	0	0	0	0	0	0	0	1	0	0	0	1	-28.0	0.184	0.388	NaN	NaN	0.438	0.862	NaN	NaN	13.14	30.17	NaN	NaN	0.0	"2.5"	"F0034"	0	0	"PR"	1127.092	"diffuse"	27.981	1	1	1	1625.219	0.0	0.0	null	2752.941	0.087
-3.5	0.05995	13312.5	3693.75	3403.125	NaN	NaN	NaN	0	0	0	0	0	0	0	0	0	0	0	0	0	0	0	0	0	0	0	0	1	0	0	0	1	-42.0	0.184	0.388	NaN	NaN	0.438	0.862	NaN	NaN	13.14	30.17	NaN	NaN	0.0	"2.5"	"F0034"	0	0	"PR"	1137.127	"diffuse"	38.016	1	1	1	1625.219	0.0	0.0	null	2762.976	0.086
-3.4	0.05995	13687.5	3684.375	3412.5	NaN	NaN	NaN	0	0	0	0	0	0	0	0	0	0	0	0	0	0	0	0	0	0	0	0	1	0	0	0	1	-41.0	0.183	0.389	NaN	NaN	0.436	0.864	NaN	NaN	13.08	30.24	NaN	NaN	0.0	"2.5"	"F0034"	0	0	"PR"	1147.161	"diffuse"	48.05	1	1	1	1625.219	0.0	0.0	null	2773.01	0.084
-3.3	0.05995	11625.0	3684.375	3412.5	NaN	NaN	NaN	0	0	0	0	0	0	0	0	0	0	0	0	0	0	0	0	0	0	0	0	1	0	0	0	1	-40.0	0.183	0.389	NaN	NaN	0.436	0.864	NaN	NaN	13.08	30.24	NaN	NaN	0.0	"2.5"	"F0034"	0	0	"PR"	1157.2	"diffuse"	58.089	1	1	1	1625.219	0.0	0.0	null	2783.049	0.085
-11.9	0.05995	13875.0	3581.25	3393.75	NaN	NaN	NaN	0	0	0	0	0	1	1	0	0	0	0	0	1	0	0	0	0	1	1	0	1	1	1	0	1	-143.0	0.173	0.387	NaN	NaN	0.412	0.86	NaN	NaN	12.36	30.1	NaN	NaN	0.0	"2.5"	"F0034"	1	0	"PR"	1167.124	"wash-en"	7.916	1	1	1	1625.219	0.0	0.0	null	2792.973	0.084
-11.5	0.061875	12562.5	3581.25	3403.125	NaN	NaN	NaN	0	0	0	0	0	1	1	0	0	0	0	0	1	0	0	0	0	1	1	0	1	1	1	0	1	-138.0	0.173	0.388	NaN	NaN	0.412	0.862	NaN	NaN	12.36	30.17	NaN	NaN	0.0	"2.5"	"F0034"	1	0	"PR"	1177.157	"wash-en"	17.949	1	1	1	1625.219	0.0	0.0	null	2803.006	0.085
-1.2	0.063525	14812.5	3562.5	3412.5	NaN	NaN	NaN	0	0	0	0	0	1	1	0	0	0	0	0	1	0	0	0	0	0	0	0	1	0	0	0	1	-14.0	0.171	0.389	NaN	NaN	0.407	0.864	NaN	NaN	12.21	30.24	NaN	NaN	0.0	"2.5"	"F0034"	0	0	"PR"	1187.092	"wash-sc"	7.726	1	1	1	1625.219	0.0	0.0	null	2812.941	0.087
