cur	ec	mod-ps	rg-ps	di-ps	fw1-ps	fw2-ps	pf-ps	vlv-di-fill	vlv-di-in	vlv-di-out	vlv-rg-fill	vlv-rg-drain	vlv-rg-in	vlv-rg-out	vlv-fw1-in	vlv-fw1-out	vlv-fw2-in	vlv-po	vlv-mod-drain	pmp-sys	pmp-di	pmp-fw1	pmp-fw2	uv	en-anode1	en-cath1	pl-anode1	pl-cath1	en-anode2	en-cath2	pl-anode2	pl-cath2	pw	rg-he	di-he	fw1-he	fw2-he	rg-lev	di-lev	fw1-lev	fw2-lev	rg-vol	di-vol	fw1-vol	fw2-vol	pr-ec	ver	sn	mod-en	mod-pl	proc	proc-time	ph	ph-time	count	cyc	rnd	pr-last	rc-last	fr-last	halt-re	time	exec
2.1	0.045375	3562.5	9.375	9.375	NaN	NaN	NaN	1	0	0	0	0	0	0	0	0	0	0	0	0	1	0	0	0	0	0	0	1	0	0	0	1	25.0	-0.184	0.049	NaN	NaN	-0.438	0.109	NaN	NaN	-13.14	3.815	NaN	NaN	0.0	"2.5"	"F0034"	0	0	"PR"	8.249	"fill-di-lb"	7.628	0	0	0	0.0	0.0	0.0	null	10.041	0.087
2.1	0.045375	3562.5	9.375	9.375	NaN	NaN	NaN	1	0	0	0	0	0	0	0	0	0	0	0	0	1	0	0	0	0	0	0	1	0	0	0	1	25.0	-0.184	0.049	NaN	NaN	-0.438	0.109	NaN	NaN	-13.14	3.815	NaN	NaN	0.0	"2.5"	"F0034"	0	0	"PR"	8.249	"fill-di-lb"	7.628	0	0	0	0.0	0.0	0.0	null	10.041	0.087
1.0	0.0451	4875.0	9.375	337.5	NaN	NaN	NaN	1	0	0	0	0	0	0	0	0	0	0	0	0	1	0	0	0	0	0	0	1	0	0	0	1	12.0	-0.184	0.082	NaN	NaN	-0.438	0.182	NaN	NaN	-13.14	6.37	NaN	NaN	0.0	"2.5"	"F0034"	0	0	"PR"	18.277	"fill-di-lb"	17.656	0	0	0	0.0	0.0	0.0	null	20.069	0.084
2.3	0.045375	5625.0	9.375	675.0	NaN	NaN	NaN	1	0	0	0	0	0	0	0	0	0	0	0	0	1	0	0	0	0	0	0	1	0	0	0	1	28.0	-0.184	0.116	NaN	NaN	-0.438	0.258	NaN	NaN	-13.14	9.03	NaN	NaN	0.0	"2.5"	"F0034"	0	0	"PR"	28.311	"fill-di-lb"	27.69	0	0	0	0.0	0.0	0.0	null	30.103	0.084
1.2	0.044825	6000.0	9.375	993.75	NaN	NaN	NaN	1	0	0	0	0	0	0	0	0	0	0	0	0	1	0	0	0	0	0	0	1	0	0	0	1	14.0	-0.184	0.147	NaN	NaN	-0.438	0.327	NaN	NaN	-13.14	11.445	NaN	NaN	0.0	"2.5"	"F0034"	0	0	"PR"	38.351	"fill-di-lb"	37.73	0	0	0	0.0	0.0	0.0	null	40.143	0.084
1.0	0.044825	7125.0	9.375	1312.5	NaN	NaN	NaN	1	0	0	0	0	0	0	0	0	0	0	0	0	1	0	0	0	0	0	0	1	0	0	0	1	12.0	-0.184	0.179	NaN	NaN	-0.438	0.398	NaN	NaN	-13.14	13.93	NaN	NaN	0.0	"2.5"	"F0034"	0	0	"PR"	48.386	"fill-di-lb"	47.765	0	0	0	0.0	0.0	0.0	null	50.178	0.083
1.2	0.044825	7500.0	0.0	1621.875	NaN	NaN	NaN	1	0	0	0	0	0	0	0	0	0	0	0	0	1	0	0	0	0	0	0	1	0	0	0	1	14.0	-0.185	0.21	NaN	NaN	-0.44	0.467	NaN	NaN	-13.2	16.345	NaN	NaN	0.0	"2.5"	"F0034"	0	0	"PR"	58.426	"fill-di-lb"	57.805	0	0	0	0.0	0.0	0.0	null	60.218	0.088
1.8	0.0451	8250.0	0.0	1912.5	NaN	NaN	NaN	1	0	0	0	0	0	0	0	0	0	0	0	0	1	0	0	0	0	0	0	1	0	0	0	1	22.0	-0.185	0.239	NaN	NaN	-0.44	0.531	NaN	NaN	-13.2	18.585	NaN	NaN	0.0	"2.5"	"F0034"	0	0	"PR"	68.464	"fill-di-lb"	67.843	0	0	0	0.0	0.0	0.0	null	70.256	0.09
1.1	0.045375	7500.0	9.375	2250.0	NaN	NaN	NaN	1	0	0	0	0	0	0	0	0	0	0	0	0	1	0	0	0	0	0	0	1	0	0	0	1	13.0	-0.184	0.273	NaN	NaN	-0.438	0.607	NaN	NaN	-13.14	21.245	NaN	NaN	0.0	"2.5"	"F0034"	0	0	"PR"	78.503	"fill-di-lb"	77.882	0	0	0	0.0	0.0	0.0	null	80.295	0.09
1.8	0.0451	7687.5	9.375	2587.5	NaN	NaN	NaN	1	0	0	0	0	0	0	0	0	0	0	0	0	1	0	0	0	0	0	0	1	0	0	0	1	22.0	-0.184	0.307	NaN	NaN	-0.438	0.682	NaN	NaN	-13.14	23.87	NaN	NaN	0.0	"2.5"	"F0034"	0	0	"PR"	88.344	"fill-di-lb"	87.723	0	0	0	0.0	0.0	0.0	null	90.136	0.085
1.2	0.045375	6375.0	9.375	2887.5	NaN	NaN	NaN	1	0	0	0	0	0	0	0	0	0	0	0	0	1	0	0	0	0	0	0	1	0	0	0	1	14.0	-0.184	0.337	NaN	NaN	-0.438	0.749	NaN	NaN	-13.14	26.215	NaN	NaN	0.0	"2.5"	"F0034"	0	0	"PR"	98.378	"fill-di-lb"	97.757	0	0	0	0.0	0.0	0.0	null	100.17	0.084
-0.3	0.0451	7125.0	9.375	3178.125	NaN	NaN	NaN	1	0	0	0	0	0	0	0	0	0	0	0	0	1	0	0	0	0	0	0	1	0	0	0	1	-4.0	-0.184	0.366	NaN	NaN	-0.438	0.813	NaN	NaN	-13.14	28.455	NaN	NaN	0.0	"2.5"	"F0034"	0	0	"PR"	108.414	"fill-di-lb"	107.793	0	0	0	0.0	0.0	0.0	null	110.206	0.084
0.3	0.0451	12562.5	1678.125	3281.25	NaN	NaN	NaN	0	0	1	0	0	1	0	0	0	0	0	0	1	0	0	0	0	0	0	0	1	0	0	0	1	4.0	-0.017	0.376	NaN	NaN	-0.04	0.836	NaN	NaN	-1.2	29.26	NaN	NaN	0.0	"2.5"	"F0034"	0	0	"PR"	118.455	"fill-rg-di"	4.819	0	0	0	0.0	0.0	0.0	null	120.247	0.087
1.3	0.045925	13687.5	2025.0	3075.0	NaN	NaN	NaN	0	0	1	0	0	1	0	0	0	0	0	0	1	0	0	0	0	0	0	0	1	0	0	0	1	16.0	0.018	0.355	NaN	NaN	0.043	0.789	NaN	NaN	1.29	27.615	NaN	NaN	0.0	"2.5"	"F0034"	0	0	"PR"	128.491	"fill-rg-di"	14.855	0	0	0	0.0	0.0	0.0	null	130.283	0.087
1.0	0.0462	13500.0	2296.875	2859.375	NaN	NaN	NaN	0	0	1	0	0	1	0	0	0	0	0	0	1	0	0	0	0	0	0	0	1	0	0	0	1	12.0	0.045	0.334	NaN	NaN	0.107	0.742	NaN	NaN	3.21	25.97	NaN	NaN	0.0	"2.5"	"F0034"	0	0	"PR"	138.529	"fill-rg-di"	24.893	0	0	0	0.0	0.0	0.0	null	140.321	0.088
0.6	0.046475	14812.5	2550.0	2671.875	NaN	NaN	NaN	0	0	1	0	0	1	0	0	0	0	0	0	1	0	0	0	0	0	0	0	1	0	0	0	1	7.0	0.07	0.315	NaN	NaN	0.167	0.7	NaN	NaN	5.01	24.5	NaN	NaN	0.0	"2.5"	"F0034"	0	0	"PR"	148.564	"fill-rg-di"	34.928	0	0	0	0.0	0.0	0.0	null	150.356	0.087
1.3	0.0462	14437.5	2784.375	2465.625	NaN	NaN	NaN	0	0	1	0	0	1	0	0	0	0	0	0	1	0	0	0	0	0	0	0	1	0	0	0	1	16.0	0.093	0.295	NaN	NaN	0.221	0.656	NaN	NaN	6.63	22.96	NaN	NaN	0.0	"2.5"	"F0034"	0	0	"PR"	158.602	"fill-rg-di"	44.966	0	0	0	0.0	0.0	0.0	null	160.394	0.087
0.3	0.045925	14437.5	3037.5	2268.75	NaN	NaN	NaN	0	0	1	0	0	1	0	0	0	0	0	0	1	0	0	0	0	0	0	0	1	0	0	0	1	4.0	0.119	0.275	NaN	NaN	0.283	0.611	NaN	NaN	8.49	21.385	NaN	NaN	0.0	"2.5"	"F0034"	0	0	"PR"	168.441	"fill-rg-di"	54.805	0	0	0	0.0	0.0	0.0	null	170.233	0.085
1.6	0.0462	6187.5	3253.125	2109.375	NaN	NaN	NaN	1	0	0	0	0	0	0	0	0	0	0	0	0	1	0	0	0	0	0	0	1	0	0	0	1	19.0	0.14	0.259	NaN	NaN	0.333	0.576	NaN	NaN	9.99	20.16	NaN	NaN	0.0	"2.5"	"F0034"	0	0	"PR"	178.478	"fill-di"	1.204	0	0	0	0.0	0.0	0.0	null	180.27	0.084
1.7	0.046475	6000.0	3234.375	2428.125	NaN	NaN	NaN	1	0	0	0	0	0	0	0	0	0	0	0	0	1	0	0	0	0	0	0	1	0	0	0	1	20.0	0.138	0.291	NaN	NaN	0.329	0.647	NaN	NaN	9.87	22.645	NaN	NaN	0.0	"2.5"	"F0034"	0	0	"PR"	188.509	"fill-di"	11.235	0	0	0	0.0	0.0	0.0	null	190.301	0.087
0.9	0.0462	6937.5	3253.125	2728.125	NaN	NaN	NaN	1	0	0	0	0	0	0	0	0	0	0	0	0	1	0	0	0	0	0	0	1	0	0	0	1	11.0	0.14	0.321	NaN	NaN	0.333	0.713	NaN	NaN	9.99	24.955	NaN	NaN	0.0	"2.5"	"F0034"	0	0	"PR"	198.548	"fill-di"	21.274	0	0	0	0.0	0.0	0.0	null	200.34	0.086
0.9	0.0462	7500.0	3262.5	3056.25	NaN	NaN	NaN	1	0	0	0	0	0	0	0	0	0	0	0	0	1	0	0	0	0	0	0	1	0	0	0	1	11.0	0.141	0.354	NaN	NaN	0.336	0.787	NaN	NaN	10.08	27.545	NaN	NaN	0.0	"2.5"	"F0034"	0	0	"PR"	208.583	"fill-di"	31.309	0	0	0	0.0	0.0	0.0	null	210.375	0.084
-7.0	0.0462	5437.5	3253.125	3375.0	NaN	NaN	NaN	1	0	0	0	0	0	0	0	0	0	0	0	0	1	0	0	0	0	0	0	1	0	0	0	1	-84.0	0.14	0.386	NaN	NaN	0.333	0.858	NaN	NaN	9.99	30.03	NaN	NaN	0.0	"2.5"	"F0034"	0	0	"PR"	218.617	"fill-di"	41.343	0	0	0	0.0	0.0	0.0	null	220.409	0.087
0.6	0.045925	13875.0	3112.5	3384.375	NaN	NaN	NaN	0	0	0	0	0	1	1	0	0	0	0	0	1	0	0	0	0	0	0	0	1	0	0	0	1	7.0	0.126	0.386	NaN	NaN	0.3	0.858	NaN	NaN	9.0	30.03	NaN	NaN	0.0	"2.5"	"F0034"	0	0	"PR"	228.653	"prime"	10.036	0	0	0	0.0	0.0	0.0	null	230.445	0.084
0.6	0.0462	14437.5	3093.75	3375.0	NaN	NaN	NaN	0	0	0	0	0	1	1	0	0	0	0	0	1	0	0	0	0	0	0	0	1	0	0	0	1	7.0	0.124	0.386	NaN	NaN	0.295	0.858	NaN	NaN	8.85	30.03	NaN	NaN	0.0	"2.5"	"F0034"	0	0	"PR"	238.685	"prime"	20.068	0	0	0	0.0	0.0	0.0	null	240.477	0.086
1.0	0.0462	13875.0	3103.125	3365.625	NaN	NaN	NaN	0	0	0	0	0	1	1	0	0	0	0	0	1	0	0	0	0	0	0	0	1	0	0	0	1	12.0	0.125	0.385	NaN	NaN	0.298	0.856	NaN	NaN	8.94	29.96	NaN	NaN	0.0	"2.5"	"F0034"	0	0	"PR"	248.722	"prime"	30.105	0	0	0	0.0	0.0	0.0	null	250.514	0.087
-12.7	0.045375	19312.5	3253.125	3600.0	NaN	NaN	NaN	0	1	1	0	0	0	0	0	0	0	0	0	1	0	0	0	0	1	1	0	1	1	1	0	1	-152.0	0.14	0.408	NaN	NaN	0.333	0.907	NaN	NaN	9.99	31.745	NaN	NaN	0.0	"2.5"	"F0034"	1	0	"PR"	258.567	"deionize"	9.444	0	1	0	0.0	0.0	0.0	null	260.359	0.084
-12.4	0.0451	20437.5	3253.125	3618.75	NaN	NaN	NaN	0	1	1	0	0	0	0	0	0	0	0	0	1	0	0	0	0	1	1	0	1	1	1	0	1	-149.0	0.14	0.41	NaN	NaN	0.333	0.911	NaN	NaN	9.99	31.885	NaN	NaN	0.0	"2.5"	"F0034"	1	0	"PR"	268.606	"deionize"	19.483	0	1	0	0.0	0.0	0.0	null	270.398	0.087
-11.6	0.045375	19875.0	3253.125	3553.125	NaN	NaN	NaN	0	1	1	0	0	0	0	0	0	0	0	0	1	0	0	0	0	1	1	0	1	1	1	0	1	-139.0	0.14	0.403	NaN	NaN	0.333	0.896	NaN	NaN	9.99	31.36	NaN	NaN	0.0	"2.5"	"F0034"	1	0	"PR"	278.648	"deionize"	29.525	0	1	0	0.0	0.0	0.0	null	280.44	0.087
-12.4	0.0451	18562.5	3234.375	3600.0	NaN	NaN	NaN	0	1	1	0	0	0	0	0	0	0	0	0	1	0	0	0	0	1	1	0	1	1	1	0	1	-149.0	0.138	0.408	NaN	NaN	0.329	0.907	NaN	NaN	9.87	31.745	NaN	NaN	0.0	"2.5"	"F0034"	1	0	"PR"	288.681	"deionize"	39.558	0	1	0	0.0	0.0	0.0	null	290.473	0.084
-10.2	0.0451	18562.5	3271.875	3571.875	NaN	NaN	NaN	0	1	1	0	0	0	0	0	0	0	0	0	1	0	0	0	0	1	1	0	1	1	1	0	1	-122.0	0.142	0.405	NaN	NaN	0.338	0.9	NaN	NaN	10.14	31.5	NaN	NaN	0.0	"2.5"	"F0034"	1	0	"PR"	298.721	"deionize"	49.598	0	1	0	0.0	0.0	0.0	null	300.513	0.089
-11.6	0.044275	17625.0	3262.5	3600.0	NaN	NaN	NaN	0	1	1	0	0	0	0	0	0	0	0	0	1	0	0	0	0	1	1	0	1	1	1	0	1	-139.0	0.141	0.408	NaN	NaN	0.336	0.907	NaN	NaN	10.08	31.745	NaN	NaN	0.0	"2.5"	"F0034"	1	0	"PR"	308.758	"deionize"	59.635	0	1	0	0.0	0.0	0.0	null	310.55	0.084
-12.0	0.044	18000.0	3253.125	3562.5	NaN	NaN	NaN	0	1	1	0	0	0	0	0	0	0	0	0	1	0	0	0	0	1	1	0	1	1	1	0	1	-144.0	0.14	0.404	NaN	NaN	0.333	0.898	NaN	NaN	9.99	31.43	NaN	NaN	0.0	"2.5"	"F0034"	1	0	"PR"	318.798	"deionize"	69.675	0	1	0	0.0	0.0	0.0	null	320.59	0.084
-11.3	0.04345	17250.0	3281.25	3534.375	NaN	NaN	NaN	0	1	1	0	0	0	0	0	0	0	0	0	1	0	0	0	0	1	1	0	1	1	1	0	1	-136.0	0.143	0.401	NaN	NaN	0.34	0.891	NaN	NaN	10.2	31.185	NaN	NaN	0.0	"2.5"	"F0034"	1	0	"PR"	328.638	"deionize"	79.515	0	1	0	0.0	0.0	0.0	null	330.43	0.092
-11.7	0.0429	19500.0	3253.125	3553.125	NaN	NaN	NaN	0	1	1	0	0	0	0	0	0	0	0	0	1	0	0	0	0	1	1	0	1	1	1	0	1	-140.0	0.14	0.403	NaN	NaN	0.333	0.896	NaN	NaN	9.99	31.36	NaN	NaN	0.0	"2.5"	"F0034"	1	0	"PR"	338.673	"deionize"	89.55	0	1	0	0.0	0.0	0.0	null	340.465	0.091
-12.1	0.042625	18750.0	3253.125	3525.0	NaN	NaN	NaN	0	1	1	0	0	0	0	0	0	0	0	0	1	0	0	0	0	1	1	0	1	1	1	0	1	-145.0	0.14	0.4	NaN	NaN	0.333	0.889	NaN	NaN	9.99	31.115	NaN	NaN	0.0	"2.5"	"F0034"	1	0	"PR"	348.712	"deionize"	99.589	0	1	0	0.0	0.0	0.0	null	350.504	0.087
-11.4	0.04125	18750.0	3253.125	3543.75	NaN	NaN	NaN	0	1	1	0	0	0	0	0	0	0	0	0	1	0	0	0	0	1	1	0	1	1	1	0	1	-137.0	0.14	0.402	NaN	NaN	0.333	0.893	NaN	NaN	9.99	31.255	NaN	NaN	0.0	"2.5"	"F0034"	1	0	"PR"	358.752	"deionize"	109.629	0	1	0	0.0	0.0	0.0	null	360.544	0.086
-12.0	0.040975	19312.5	3262.5	3553.125	NaN	NaN	NaN	0	1	1	0	0	0	0	0	0	0	0	0	1	0	0	0	0	1	1	0	1	1	1	0	1	-144.0	0.141	0.403	NaN	NaN	0.336	0.896	NaN	NaN	10.08	31.36	NaN	NaN	0.0	"2.5"	"F0034"	1	0	"PR"	368.789	"deionize"	119.666	0	1	0	0.0	0.0	0.0	null	370.581	0.084
-12.0	0.040425	18375.0	3253.125	3600.0	NaN	NaN	NaN	0	1	1	0	0	0	0	0	0	0	0	0	1	0	0	0	0	1	1	0	1	1	1	0	1	-144.0	0.14	0.408	NaN	NaN	0.333	0.907	NaN	NaN	9.99	31.745	NaN	NaN	0.0	"2.5"	"F0034"	1	0	"PR"	378.832	"deionize"	129.709	0	1	0	0.0	0.0	0.0	null	380.624	0.089
-11.0	0.040425	19687.5	3262.5	3562.5	NaN	NaN	NaN	0	1	1	0	0	0	0	0	0	0	0	0	1	0	0	0	0	1	1	0	1	1	1	0	1	-132.0	0.141	0.404	NaN	NaN	0.336	0.898	NaN	NaN	10.08	31.43	NaN	NaN	0.0	"2.5"	"F0034"	1	0	"PR"	388.87	"deionize"	139.747	0	1	0	0.0	0.0	0.0	null	390.662	0.084
-10.6	0.039325	19687.5	3253.125	3543.75	NaN	NaN	NaN	0	1	1	0	0	0	0	0	0	0	0	0	1	0	0	0	0	1	1	0	1	1	1	0	1	-127.0	0.14	0.402	NaN	NaN	0.333	0.893	NaN	NaN	9.99	31.255	NaN	NaN	0.0	"2.5"	"F0034"	1	0	"PR"	398.708	"deionize"	149.585	0	1	0	0.0	0.0	0.0	null	400.5	0.09
-11.3	0.038775	19687.5	3262.5	3571.875	NaN	NaN	NaN	0	1	1	0	0	0	0	0	0	0	0	0	1	0	0	0	0	1	1	0	1	1	1	0	1	-136.0	0.141	0.405	NaN	NaN	0.336	0.9	NaN	NaN	10.08	31.5	NaN	NaN	0.0	"2.5"	"F0034"	1	0	"PR"	408.75	"deionize"	159.627	0	1	0	0.0	0.0	0.0	null	410.542	0.09
-11.3	0.038225	20062.5	3253.125	3571.875	NaN	NaN	NaN	0	1	1	0	0	0	0	0	0	0	0	0	1	0	0	0	0	1	1	0	1	1	1	0	1	-136.0	0.14	0.405	NaN	NaN	0.333	0.9	NaN	NaN	9.99	31.5	NaN	NaN	0.0	"2.5"	"F0034"	1	0	"PR"	418.786	"deionize"	169.663	0	1	0	0.0	0.0	0.0	null	420.578	0.087
-10.7	0.03685	19125.0	3262.5	3571.875	NaN	NaN	NaN	0	1	1	0	0	0	0	0	0	0	0	0	1	0	0	0	0	1	1	0	1	1	1	0	1	-128.0	0.141	0.405	NaN	NaN	0.336	0.9	NaN	NaN	10.08	31.5	NaN	NaN	0.0	"2.5"	"F0034"	1	0	"PR"	428.823	"deionize"	179.7	0	1	0	0.0	0.0	0.0	null	430.615	0.092
-10.2	0.036025	17437.5	3253.125	3571.875	NaN	NaN	NaN	0	1	1	0	0	0	0	0	0	0	0	0	1	0	0	0	0	1	1	0	1	1	1	0	1	-122.0	0.14	0.405	NaN	NaN	0.333	0.9	NaN	NaN	9.99	31.5	NaN	NaN	0.0	"2.5"	"F0034"	1	0	"PR"	438.861	"deionize"	189.738	0	1	0	0.0	0.0	0.0	null	440.653	0.09
-7.8	0.035475	18375.0	3253.125	3562.5	NaN	NaN	NaN	0	1	1	0	0	0	0	0	0	0	0	0	1	0	0	0	0	1	1	0	1	1	1	0	1	-94.0	0.14	0.404	NaN	NaN	0.333	0.898	NaN	NaN	9.99	31.43	NaN	NaN	0.0	"2.5"	"F0034"	1	0	"PR"	448.896	"deionize"	199.773	0	1	0	0.0	0.0	0.0	null	450.688	0.087
-9.8	0.035475	17812.5	3253.125	3600.0	NaN	NaN	NaN	0	1	1	0	0	0	0	0	0	0	0	0	1	0	0	0	0	1	1	0	1	1	1	0	1	-118.0	0.14	0.408	NaN	NaN	0.333	0.907	NaN	NaN	9.99	31.745	NaN	NaN	0.0	"2.5"	"F0034"	1	0	"PR"	458.937	"deionize"	209.814	0	1	0	0.0	0.0	0.0	null	460.729	0.086
-8.5	0.03465	18562.5	3253.125	3534.375	NaN	NaN	NaN	0	1	1	0	0	0	0	0	0	0	0	0	1	0	0	0	0	1	1	0	1	1	1	0	1	-102.0	0.14	0.401	NaN	NaN	0.333	0.891	NaN	NaN	9.99	31.185	NaN	NaN	0.0	"2.5"	"F0034"	1	0	"PR"	468.973	"deionize"	219.85	0	1	0	0.0	0.0	0.0	null	470.765	0.084
-9.1	0.034375	19687.5	3253.125	3609.375	NaN	NaN	NaN	0	1	1	0	0	0	0	0	0	0	0	0	1	0	0	0	0	1	1	0	1	1	1	0	1	-109.0	0.14	0.409	NaN	NaN	0.333	0.909	NaN	NaN	9.99	31.815	NaN	NaN	0.0	"2.5"	"F0034"	1	0	"PR"	478.808	"deionize"	229.685	0	1	0	0.0	0.0	0.0	null	480.6	0.091
-7.6	0.033	19312.5	3253.125	3562.5	NaN	NaN	NaN	0	1	1	0	0	0	0	0	0	0	0	0	1	0	0	0	0	1	1	0	1	1	1	0	1	-91.0	0.14	0.404	NaN	NaN	0.333	0.898	NaN	NaN	9.99	31.43	NaN	NaN	0.0	"2.5"	"F0034"	1	0	"PR"	488.846	"deionize"	239.723	0	1	0	0.0	0.0	0.0	null	490.638	0.091
-9.2	0.03355	18750.0	3253.125	3562.5	NaN	NaN	NaN	0	1	1	0	0	0	0	0	0	0	0	0	1	0	0	0	0	1	1	0	1	1	1	0	1	-110.0	0.14	0.404	NaN	NaN	0.333	0.898	NaN	NaN	9.99	31.43	NaN	NaN	0.0	"2.5"	"F0034"	1	0	"PR"	498.883	"deionize"	249.76	0	1	0	0.0	0.0	0.0	null	500.675	0.09
-9.1	0.033	17437.5	3271.875	3553.125	NaN	NaN	NaN	0	1	1	0	0	0	0	0	0	0	0	0	1	0	0	0	0	1	1	0	1	1	1	0	1	-109.0	0.142	0.403	NaN	NaN	0.338	0.896	NaN	NaN	10.14	31.36	NaN	NaN	0.0	"2.5"	"F0034"	1	0	"PR"	508.92	"deionize"	259.797	0	1	0	0.0	0.0	0.0	null	510.712	0.091
-8.7	0.03245	18000.0	3271.875	3562.5	NaN	NaN	NaN	0	1	1	0	0	0	0	0	0	0	0	0	1	0	0	0	0	1	1	0	1	1	1	0	1	-104.0	0.142	0.404	NaN	NaN	0.338	0.898	NaN	NaN	10.14	31.43	NaN	NaN	0.0	"2.5"	"F0034"	1	0	"PR"	518.962	"deionize"	269.839	0	1	0	0.0	0.0	0.0	null	520.754	0.09
-8.3	0.0319	17250.0	3262.5	3562.5	NaN	NaN	NaN	0	1	1	0	0	0	0	0	0	0	0	0	1	0	0	0	0	1	1	0	1	1	1	0	1	-100.0	0.141	0.404	NaN	NaN	0.336	0.898	NaN	NaN	10.08	31.43	NaN	NaN	0.0	"2.5"	"F0034"	1	0	"PR"	529.0	"deionize"	279.877	0	1	0	0.0	0.0	0.0	null	530.792	0.091
-8.4	0.031625	18937.5	3253.125	3562.5	NaN	NaN	NaN	0	1	1	0	0	0	0	0	0	0	0	0	1	0	0	0	0	1	1	0	1	1	1	0	1	-101.0	0.14	0.404	NaN	NaN	0.333	0.898	NaN	NaN	9.99	31.43	NaN	NaN	0.0	"2.5"	"F0034"	1	0	"PR"	539.037	"deionize"	289.914	0	1	0	0.0	0.0	0.0	null	540.829	0.089
-8.6	0.031625	19125.0	3253.125	3515.625	NaN	NaN	NaN	0	1	1	0	0	0	0	0	0	0	0	0	1	0	0	0	0	1	1	0	1	1	1	0	1	-103.0	0.14	0.4	NaN	NaN	0.333	0.889	NaN	NaN	9.99	31.115	NaN	NaN	0.0	"2.5"	"F0034"	1	0	"PR"	548.872	"deionize"	299.749	0	1	0	0.0	0.0	0.0	null	550.664	0.087
-8.0	0.031075	19125.0	3262.5	3562.5	NaN	NaN	NaN	0	1	1	0	0	0	0	0	0	0	0	0	1	0	0	0	0	1	1	0	1	1	1	0	1	-96.0	0.141	0.404	NaN	NaN	0.336	0.898	NaN	NaN	10.08	31.43	NaN	NaN	0.0	"2.5"	"F0034"	1	0	"PR"	558.912	"deionize"	309.789	0	1	0	0.0	0.0	0.0	null	560.704	0.092
-7.1	0.03025	18375.0	3253.125	3600.0	NaN	NaN	NaN	0	1	1	0	0	0	0	0	0	0	0	0	1	0	0	0	0	1	1	0	1	1	1	0	1	-85.0	0.14	0.408	NaN	NaN	0.333	0.907	NaN	NaN	9.99	31.745	NaN	NaN	0.0	"2.5"	"F0034"	1	0	"PR"	568.954	"deionize"	319.831	0	1	0	0.0	0.0	0.0	null	570.746	0.09
-7.7	0.029975	19875.0	3243.75	3553.125	NaN	NaN	NaN	0	1	1	0	0	0	0	0	0	0	0	0	1	0	0	0	0	1	1	0	1	1	1	0	1	-92.0	0.139	0.403	NaN	NaN	0.331	0.896	NaN	NaN	9.93	31.36	NaN	NaN	0.0	"2.5"	"F0034"	1	0	"PR"	578.991	"deionize"	329.868	0	1	0	0.0	0.0	0.0	null	580.783	0.09
-7.1	0.029425	19500.0	3243.75	3571.875	NaN	NaN	NaN	0	1	1	0	0	0	0	0	0	0	0	0	1	0	0	0	0	1	1	0	1	1	1	0	1	-85.0	0.139	0.405	NaN	NaN	0.331	0.9	NaN	NaN	9.93	31.5	NaN	NaN	0.0	"2.5"	"F0034"	1	0	"PR"	589.031	"deionize"	339.908	0	1	0	0.0	0.0	0.0	null	590.823	0.094
-7.8	0.029975	19687.5	3262.5	3543.75	NaN	NaN	NaN	0	1	1	0	0	0	0	0	0	0	0	0	1	0	0	0	0	1	1	0	1	1	1	0	1	-94.0	0.141	0.402	NaN	NaN	0.336	0.893	NaN	NaN	10.08	31.255	NaN	NaN	0.0	"2.5"	"F0034"	1	0	"PR"	599.067	"deionize"	349.944	0	1	0	0.0	0.0	0.0	null	600.859	0.091
-8.2	0.02915	19875.0	3290.625	3571.875	NaN	NaN	NaN	0	1	1	0	0	0	0	0	0	0	0	0	1	0	0	0	0	1	1	0	1	1	1	0	1	-98.0	0.144	0.405	NaN	NaN	0.343	0.9	NaN	NaN	10.29	31.5	NaN	NaN	0.0	"2.5"	"F0034"	1	0	"PR"	609.106	"deionize"	359.983	0	1	0	0.0	0.0	0.0	null	610.898	0.09
-7.3	0.0286	19125.0	3253.125	3543.75	NaN	NaN	NaN	0	1	1	0	0	0	0	0	0	0	0	0	1	0	0	0	1	1	1	0	1	1	1	0	1	-88.0	0.14	0.402	NaN	NaN	0.333	0.893	NaN	NaN	9.99	31.255	NaN	NaN	0.0	"2.5"	"F0034"	1	0	"PR"	619.053	"deionize-uv"	9.746	0	1	0	0.0	0.0	0.0	null	620.845	0.09
-7.0	0.028325	19312.5	3271.875	3562.5	NaN	NaN	NaN	0	1	1	0	0	0	0	0	0	0	0	0	1	0	0	0	1	1	1	0	1	1	1	0	1	-84.0	0.142	0.404	NaN	NaN	0.338	0.898	NaN	NaN	10.14	31.43	NaN	NaN	0.0	"2.5"	"F0034"	1	0	"PR"	629.087	"deionize-uv"	19.78	0	1	0	0.0	0.0	0.0	null	630.879	0.09
-6.6	0.02805	18750.0	3253.125	3543.75	NaN	NaN	NaN	0	1	1	0	0	0	0	0	0	0	0	0	1	0	0	0	1	1	1	0	1	1	1	0	1	-79.0	0.14	0.402	NaN	NaN	0.333	0.893	NaN	NaN	9.99	31.255	NaN	NaN	0.0	"2.5"	"F0034"	1	0	"PR"	639.124	"deionize-uv"	29.817	0	1	0	0.0	0.0	0.0	null	640.916	0.091
-6.8	0.02805	17625.0	3253.125	3487.5	NaN	NaN	NaN	0	1	1	0	0	0	0	0	0	0	0	0	1	0	0	0	1	1	1	0	1	1	1	0	1	-82.0	0.14	0.397	NaN	NaN	0.333	0.882	NaN	NaN	9.99	30.87	NaN	NaN	0.0	"2.5"	"F0034"	1	0	"PR"	649.158	"deionize-uv"	39.851	0	1	0	0.0	0.0	0.0	null	650.95	0.09
-7.3	0.027775	19125.0	3253.125	3618.75	NaN	NaN	NaN	0	1	1	0	0	0	0	0	0	0	0	0	1	0	0	0	1	1	1	0	1	1	1	0	1	-88.0	0.14	0.41	NaN	NaN	0.333	0.911	NaN	NaN	9.99	31.885	NaN	NaN	0.0	"2.5"	"F0034"	1	0	"PR"	658.991	"deionize-uv"	49.684	0	1	0	0.0	0.0	0.0	null	660.783	0.086
-7.3	0.02805	19500.0	3253.125	3562.5	NaN	NaN	NaN	0	1	1	0	0	0	0	0	0	0	0	0	1	0	0	0	1	1	1	0	1	1	1	0	1	-88.0	0.14	0.404	NaN	NaN	0.333	0.898	NaN	NaN	9.99	31.43	NaN	NaN	0.0	"2.5"	"F0034"	1	0	"PR"	669.028	"deionize-uv"	59.721	0	1	0	0.0	0.0	0.0	null	670.82	0.088
-5.8	0.0275	39375.0	3290.625	3140.625	NaN	NaN	NaN	0	0	1	0	0	0	0	1	0	0	0	0	1	0	0	0	1	1	1	0	1	1	1	0	1	-70.0	0.144	0.362	NaN	NaN	0.343	0.804	NaN	NaN	10.29	28.14	NaN	NaN	0.0	"2.5"	"F0034"	1	0	"PR"	679.187	"drain-di-1"	9.758	0	1	0	0.0	0.0	0.0	null	680.979	0.091
-6.3	0.0275	48750.0	3253.125	3028.125	NaN	NaN	NaN	0	0	1	0	0	0	0	1	0	0	0	0	1	0	0	0	1	1	1	0	1	1	1	0	1	-76.0	0.14	0.351	NaN	NaN	0.333	0.78	NaN	NaN	9.99	27.3	NaN	NaN	0.0	"2.5"	"F0034"	1	0	"PR"	689.023	"drain-di-1"	19.594	0	1	0	0.0	0.0	0.0	null	690.815	0.086
-6.6	0.027775	56062.5	3253.125	2859.375	NaN	NaN	NaN	0	0	1	0	0	0	0	1	0	0	0	0	1	0	0	0	1	1	1	0	1	1	1	0	1	-79.0	0.14	0.334	NaN	NaN	0.333	0.742	NaN	NaN	9.99	25.97	NaN	NaN	0.0	"2.5"	"F0034"	1	0	"PR"	699.06	"drain-di-1"	29.631	0	1	0	0.0	0.0	0.0	null	700.852	0.087
-6.0	0.027225	56437.5	3262.5	2746.875	NaN	NaN	NaN	0	0	1	0	0	0	0	1	0	0	0	0	1	0	0	0	1	1	1	0	1	1	1	0	1	-72.0	0.141	0.323	NaN	NaN	0.336	0.718	NaN	NaN	10.08	25.13	NaN	NaN	0.0	"2.5"	"F0034"	1	0	"PR"	709.095	"drain-di-1"	39.666	0	1	0	0.0	0.0	0.0	null	710.887	0.086
-5.2	0.026675	55312.5	3253.125	2559.375	NaN	NaN	NaN	0	0	1	0	0	0	0	1	0	0	0	0	1	0	0	0	1	1	1	0	1	1	1	0	1	-62.0	0.14	0.304	NaN	NaN	0.333	0.676	NaN	NaN	9.99	23.66	NaN	NaN	0.0	"2.5"	"F0034"	1	0	"PR"	719.136	"drain-di-1"	49.707	0	1	0	0.0	0.0	0.0	null	720.928	0.089
-6.7	0.026675	55500.0	3243.75	2465.625	NaN	NaN	NaN	0	0	1	0	0	0	0	1	0	0	0	0	1	0	0	0	1	1	1	0	1	1	1	0	1	-80.0	0.139	0.295	NaN	NaN	0.331	0.656	NaN	NaN	9.93	22.96	NaN	NaN	0.0	"2.5"	"F0034"	1	0	"PR"	729.17	"drain-di-1"	59.741	0	1	0	0.0	0.0	0.0	null	730.962	0.087
-6.9	0.026675	53250.0	3281.25	2296.875	NaN	NaN	NaN	0	0	1	0	0	0	0	1	0	0	0	0	1	0	0	0	1	1	1	0	1	1	1	0	1	-83.0	0.143	0.278	NaN	NaN	0.34	0.618	NaN	NaN	10.2	21.63	NaN	NaN	0.0	"2.5"	"F0034"	1	0	"PR"	739.204	"drain-di-1"	69.775	0	1	0	0.0	0.0	0.0	null	740.996	0.087
-6.3	0.025575	53625.0	3253.125	2175.0	NaN	NaN	NaN	0	0	1	0	0	0	0	1	0	0	0	0	1	0	0	0	1	1	1	0	1	1	1	0	1	-76.0	0.14	0.266	NaN	NaN	0.333	0.591	NaN	NaN	9.99	20.685	NaN	NaN	0.0	"2.5"	"F0034"	1	0	"PR"	749.246	"drain-di-1"	79.817	0	1	0	0.0	0.0	0.0	null	751.038	0.088
-6.9	0.0253	52500.0	3271.875	2006.25	NaN	NaN	NaN	0	0	1	0	0	0	0	1	0	0	0	0	1	0	0	0	1	1	1	0	1	1	1	0	1	-83.0	0.142	0.249	NaN	NaN	0.338	0.553	NaN	NaN	10.14	19.355	NaN	NaN	0.0	"2.5"	"F0034"	1	0	"PR"	759.081	"drain-di-1"	89.652	0	1	0	0.0	0.0	0.0	null	760.873	0.084
-6.1	0.025575	52312.5	3253.125	1893.75	NaN	NaN	NaN	0	0	1	0	0	0	0	1	0	0	0	0	1	0	0	0	1	1	1	0	1	1	1	0	1	-73.0	0.14	0.237	NaN	NaN	0.333	0.527	NaN	NaN	9.99	18.445	NaN	NaN	0.0	"2.5"	"F0034"	1	0	"PR"	769.12	"drain-di-1"	99.691	0	1	0	0.0	0.0	0.0	null	770.912	0.084
-5.2	0.0253	52500.0	3262.5	1753.125	NaN	NaN	NaN	0	0	1	0	0	0	0	1	0	0	0	0	1	0	0	0	1	1	1	0	1	1	1	0	1	-62.0	0.141	0.223	NaN	NaN	0.336	0.496	NaN	NaN	10.08	17.36	NaN	NaN	0.0	"2.5"	"F0034"	1	0	"PR"	779.16	"drain-di-1"	109.731	0	1	0	0.0	0.0	0.0	null	780.952	0.087
-6.3	0.0253	52312.5	3215.625	1612.5	NaN	NaN	NaN	0	0	1	0	0	0	0	1	0	0	0	0	1	0	0	0	1	1	1	0	1	1	1	0	1	-76.0	0.137	0.209	NaN	NaN	0.326	0.464	NaN	NaN	9.78	16.24	NaN	NaN	0.0	"2.5"	"F0034"	1	0	"PR"	789.197	"drain-di-1"	119.768	0	1	0	0.0	0.0	0.0	null	790.989	0.084
-5.0	0.024475	51750.0	3271.875	1471.875	NaN	NaN	NaN	0	0	1	0	0	0	0	1	0	0	0	0	1	0	0	0	1	1	1	0	1	1	1	0	1	-60.0	0.142	0.195	NaN	NaN	0.338	0.433	NaN	NaN	10.14	15.155	NaN	NaN	0.0	"2.5"	"F0034"	1	0	"PR"	799.245	"drain-di-1"	129.816	0	1	0	0.0	0.0	0.0	null	801.037	0.085
-6.0	0.0253	50250.0	3262.5	1321.875	NaN	NaN	NaN	0	0	1	0	0	0	0	1	0	0	0	0	1	0	0	0	1	1	1	0	1	1	1	0	1	-72.0	0.141	0.18	NaN	NaN	0.336	0.4	NaN	NaN	10.08	14.0	NaN	NaN	0.0	"2.5"	"F0034"	1	0	"PR"	809.284	"drain-di-1"	139.855	0	1	0	0.0	0.0	0.0	null	811.076	0.084
-6.3	0.0253	51187.5	3253.125	1181.25	NaN	NaN	NaN	0	0	1	0	0	0	0	1	0	0	0	0	1	0	0	0	1	1	1	0	1	1	1	0	1	-76.0	0.14	0.166	NaN	NaN	0.333	0.369	NaN	NaN	9.99	12.915	NaN	NaN	0.0	"2.5"	"F0034"	1	0	"PR"	819.324	"drain-di-1"	149.895	0	1	0	0.0	0.0	0.0	null	821.116	0.088
-6.6	0.0253	51562.5	3262.5	1031.25	NaN	NaN	NaN	0	0	1	0	0	0	0	1	0	0	0	0	1	0	0	0	1	1	1	0	1	1	1	0	1	-79.0	0.141	0.151	NaN	NaN	0.336	0.336	NaN	NaN	10.08	11.76	NaN	NaN	0.0	"2.5"	"F0034"	1	0	"PR"	829.16	"drain-di-1"	159.731	0	1	0	0.0	0.0	0.0	null	830.952	0.087
-6.4	0.025025	52125.0	3253.125	862.5	NaN	NaN	NaN	0	0	1	0	0	0	0	1	0	0	0	0	1	0	0	0	1	1	1	0	1	1	1	0	1	-77.0	0.14	0.134	NaN	NaN	0.333	0.298	NaN	NaN	9.99	10.43	NaN	NaN	0.0	"2.5"	"F0034"	1	0	"PR"	839.197	"drain-di-1"	169.768	0	1	0	0.0	0.0	0.0	null	840.989	0.084
-8.4	0.02475	52125.0	3262.5	731.25	NaN	NaN	NaN	0	0	1	0	0	0	0	1	0	0	0	0	1	0	0	0	1	1	1	0	1	1	1	0	1	-101.0	0.141	0.121	NaN	NaN	0.336	0.269	NaN	NaN	10.08	9.415	NaN	NaN	0.0	"2.5"	"F0034"	1	0	"PR"	849.238	"drain-di-1"	179.809	0	1	0	0.0	0.0	0.0	null	851.03	0.086
-1.5	0.0253	52125.0	3253.125	590.625	NaN	NaN	NaN	0	0	1	0	0	0	0	1	0	0	0	0	1	0	0	0	1	1	1	0	1	1	1	0	1	-18.0	0.14	0.107	NaN	NaN	0.333	0.238	NaN	NaN	9.99	8.33	NaN	NaN	0.0	"2.5"	"F0034"	1	0	"PR"	859.277	"drain-di-1"	189.848	0	1	0	0.0	0.0	0.0	null	861.069	0.084
-5.8	0.025575	52125.0	3253.125	450.0	NaN	NaN	NaN	0	0	1	0	0	0	0	1	0	0	0	0	1	0	0	0	1	1	1	0	1	1	1	0	1	-70.0	0.14	0.093	NaN	NaN	0.333	0.207	NaN	NaN	9.99	7.245	NaN	NaN	0.0	"2.5"	"F0034"	1	0	"PR"	869.316	"drain-di-1"	199.887	0	1	0	0.0	0.0	0.0	null	871.108	0.084
-6.1	0.0253	51750.0	3253.125	300.0	NaN	NaN	NaN	0	0	1	0	0	0	0	1	0	0	0	0	1	0	0	0	1	1	1	0	1	1	1	0	1	-73.0	0.14	0.078	NaN	NaN	0.333	0.173	NaN	NaN	9.99	6.055	NaN	NaN	0.0	"2.5"	"F0034"	1	0	"PR"	879.354	"drain-di-1"	209.925	0	1	0	0.0	0.0	0.0	null	881.146	0.084
-5.4	0.0253	52687.5	3253.125	131.25	NaN	NaN	NaN	0	0	1	0	0	0	0	1	0	0	0	0	1	0	0	0	1	1	1	0	1	1	1	0	1	-65.0	0.14	0.061	NaN	NaN	0.333	0.136	NaN	NaN	9.99	4.76	NaN	NaN	0.0	"2.5"	"F0034"	1	0	"PR"	889.392	"drain-di-1"	219.963	0	1	0	0.0	0.0	0.0	null	891.184	0.084
-6.0	0.025025	51750.0	3253.125	37.5	NaN	NaN	NaN	0	0	1	0	0	0	0	1	0	0	0	0	1	0	0	0	1	1	1	0	1	1	1	0	1	-72.0	0.14	0.052	NaN	NaN	0.333	0.116	NaN	NaN	9.99	4.06	NaN	NaN	0.0	"2.5"	"F0034"	1	0	"PR"	899.337	"drip-di-1"	9.945	0	1	0	0.0	0.0	0.0	null	901.129	0.089
12.3	0.025025	28687.5	3234.375	-18.75	NaN	NaN	NaN	1	0	0	0	0	1	1	0	0	0	0	0	1	1	0	0	0	1	1	1	0	1	1	1	0	148.0	0.138	0.046	NaN	NaN	0.329	0.102	NaN	NaN	9.87	3.57	NaN	NaN	0.0	"2.5"	"F0034"	1	1	"PR"	909.333	"reverse-f"	1.767	0	1	0	0.0	0.0	0.0	null	911.125	0.087
13.6	0.025575	19312.5	3421.875	300.0	NaN	NaN	NaN	1	0	0	0	0	1	1	0	0	0	0	0	1	1	0	0	0	1	1	1	0	1	1	1	0	163.0	0.157	0.078	NaN	NaN	0.374	0.173	NaN	NaN	11.22	6.055	NaN	NaN	0.0	"2.5"	"F0034"	1	1	"PR"	919.364	"reverse-f"	11.798	0	1	0	0.0	0.0	0.0	null	921.156	0.084
12.4	0.02805	15562.5	3459.375	618.75	NaN	NaN	NaN	1	0	0	0	0	1	1	0	0	0	0	0	1	1	0	0	0	1	1	1	0	1	1	1	0	149.0	0.161	0.11	NaN	NaN	0.383	0.244	NaN	NaN	11.49	8.54	NaN	NaN	0.0	"2.5"	"F0034"	1	1	"PR"	929.396	"reverse-f"	21.83	0	1	0	0.0	0.0	0.0	null	931.188	0.084
14.8	0.0319	14437.5	3506.25	918.75	NaN	NaN	NaN	1	0	0	0	0	1	1	0	0	0	0	0	1	1	0	0	0	1	1	1	0	1	1	1	0	178.0	0.166	0.14	NaN	NaN	0.395	0.311	NaN	NaN	11.85	10.885	NaN	NaN	0.0	"2.5"	"F0034"	1	1	"PR"	939.434	"reverse-f"	31.868	0	1	0	0.0	0.0	0.0	null	941.226	0.089
12.4	0.036025	15375.0	3496.875	1265.625	NaN	NaN	NaN	1	0	0	0	0	1	1	0	0	0	0	0	1	1	0	0	0	1	1	1	0	1	1	1	0	149.0	0.165	0.175	NaN	NaN	0.393	0.389	NaN	NaN	11.79	13.615	NaN	NaN	0.0	"2.5"	"F0034"	1	1	"PR"	949.27	"reverse-f"	41.704	0	1	0	0.0	0.0	0.0	null	951.062	0.087
13.0	0.04125	12562.5	3487.5	1556.25	NaN	NaN	NaN	1	0	0	0	0	1	1	0	0	0	0	0	1	1	0	0	0	1	1	1	0	1	1	1	0	156.0	0.164	0.204	NaN	NaN	0.39	0.453	NaN	NaN	11.7	15.855	NaN	NaN	0.0	"2.5"	"F0034"	1	1	"PR"	959.302	"reverse-f"	51.736	0	1	0	0.0	0.0	0.0	null	961.094	0.087
12.3	0.04565	12750.0	3562.5	1884.375	NaN	NaN	NaN	1	0	0	0	0	1	1	0	0	0	0	0	1	1	0	0	0	1	1	1	0	1	1	1	0	148.0	0.171	0.236	NaN	NaN	0.407	0.524	NaN	NaN	12.21	18.34	NaN	NaN	0.0	"2.5"	"F0034"	1	1	"PR"	969.34	"reverse-f"	61.774	0	1	0	0.0	0.0	0.0	null	971.132	0.091
12.8	0.0495	14437.5	3600.0	2184.375	NaN	NaN	NaN	1	0	0	0	0	1	1	0	0	0	0	0	1	1	0	0	0	1	1	1	0	1	1	1	0	154.0	0.175	0.266	NaN	NaN	0.417	0.591	NaN	NaN	12.51	20.685	NaN	NaN	0.0	"2.5"	"F0034"	1	1	"PR"	979.374	"reverse-f"	71.808	0	1	0	0.0	0.0	0.0	null	981.166	0.087
11.1	0.0528	12937.5	3562.5	2512.5	NaN	NaN	NaN	1	0	0	0	0	1	1	0	0	0	0	0	1	1	0	0	0	1	1	1	0	1	1	1	0	133.0	0.171	0.299	NaN	NaN	0.407	0.664	NaN	NaN	12.21	23.24	NaN	NaN	0.0	"2.5"	"F0034"	1	1	"PR"	989.403	"reverse-f"	81.837	0	1	0	0.0	0.0	0.0	null	991.195	0.087
12.7	0.05445	13875.0	3571.875	2821.875	NaN	NaN	NaN	1	0	0	0	0	1	1	0	0	0	0	0	1	1	0	0	0	1	1	1	0	1	1	1	0	152.0	0.172	0.33	NaN	NaN	0.41	0.733	NaN	NaN	12.3	25.655	NaN	NaN	0.0	"2.5"	"F0034"	1	1	"PR"	999.443	"reverse-f"	91.877	0	1	0	0.0	0.0	0.0	null	1001.235	0.091
12.2	0.055825	13500.0	3609.375	3131.25	NaN	NaN	NaN	1	0	0	0	0	1	1	0	0	0	0	0	1	1	0	0	0	1	1	1	0	1	1	1	0	146.0	0.176	0.361	NaN	NaN	0.419	0.802	NaN	NaN	12.57	28.07	NaN	NaN	0.0	"2.5"	"F0034"	1	1	"PR"	1009.478	"reverse-f"	101.912	0	1	0	0.0	0.0	0.0	null	1011.27	0.084
14.1	0.05665	13125.0	3637.5	3403.125	NaN	NaN	NaN	0	0	0	0	0	1	1	0	0	0	0	0	1	0	0	0	0	1	1	1	0	1	1	1	0	169.0	0.179	0.388	NaN	NaN	0.426	0.862	NaN	NaN	12.78	30.17	NaN	NaN	0.0	"2.5"	"F0034"	1	1	"PR"	1019.42	"reverse"	111.854	0	1	0	0.0	0.0	0.0	null	1021.212	0.091
12.6	0.055825	13500.0	3600.0	3421.875	NaN	NaN	NaN	0	0	0	0	0	1	1	0	0	0	0	0	1	0	0	0	0	1	1	1	0	1	1	1	0	151.0	0.175	0.39	NaN	NaN	0.417	0.867	NaN	NaN	12.51	30.345	NaN	NaN	0.0	"2.5"	"F0034"	1	1	"PR"	1029.457	"reverse"	121.891	0	1	0	0.0	0.0	0.0	null	1031.249	0.09
13.8	0.0561	14625.0	3600.0	3403.125	NaN	NaN	NaN	0	0	0	0	0	1	1	0	0	0	0	0	1	0	0	0	0	1	1	1	0	1	1	1	0	166.0	0.175	0.388	NaN	NaN	0.417	0.862	NaN	NaN	12.51	30.17	NaN	NaN	0.0	"2.5"	"F0034"	1	1	"PR"	1039.491	"reverse"	131.925	0	1	0	0.0	0.0	0.0	null	1041.283	0.09
12.6	0.056375	15000.0	3600.0	3403.125	NaN	NaN	NaN	0	0	0	0	0	1	1	0	0	0	0	0	1	0	0	0	0	1	1	1	0	1	1	1	0	151.0	0.175	0.388	NaN	NaN	0.417	0.862	NaN	NaN	12.51	30.17	NaN	NaN	0.0	"2.5"	"F0034"	1	1	"PR"	1049.53	"reverse"	141.964	0	1	0	0.0	0.0	0.0	null	1051.322	0.092
4.4	0.05665	5625.0	3750.0	3412.5	NaN	NaN	NaN	0	0	0	0	0	0	0	0	0	0	0	0	0	0	0	0	0	0	0	0	1	0	0	0	1	53.0	0.19	0.389	NaN	NaN	0.452	0.864	NaN	NaN	13.56	30.24	NaN	NaN	0.0	"2.5"	"F0034"	0	0	"PR"	1059.455	"diffuse"	1.695	0	1	1	0.0	0.0	0.0	null	1061.247	0.09
4.5	0.056925	9937.5	3740.625	3412.5	NaN	NaN	NaN	0	0	0	0	0	0	0	0	0	0	0	0	0	0	0	0	0	0	0	0	1	0	0	0	1	54.0	0.189	0.389	NaN	NaN	0.45	0.864	NaN	NaN	13.5	30.24	NaN	NaN	0.0	"2.5"	"F0034"	0	0	"PR"	1069.485	"diffuse"	11.725	0	1	1	0.0	0.0	0.0	null	1071.277	0.087
4.8	0.05665	9375.0	3731.25	3412.5	NaN	NaN	NaN	0	0	0	0	0	0	0	0	0	0	0	0	0	0	0	0	0	0	0	0	1	0	0	0	1	58.0	0.188	0.389	NaN	NaN	0.448	0.864	NaN	NaN	13.44	30.24	NaN	NaN	0.0	"2.5"	"F0034"	0	0	"PR"	1079.523	"diffuse"	21.763	0	1	1	0.0	0.0	0.0	null	1081.315	0.091
5.0	0.056925	10312.5	3778.125	3403.125	NaN	NaN	NaN	0	0	0	0	0	0	0	0	0	0	0	0	0	0	0	0	0	0	0	0	1	0	0	0	1	60.0	0.193	0.388	NaN	NaN	0.46	0.862	NaN	NaN	13.8	30.17	NaN	NaN	0.0	"2.5"	"F0034"	0	0	"PR"	1089.559	"diffuse"	31.799	0	1	1	0.0	0.0	0.0	null	1091.351	0.09
4.5	0.05665	12000.0	3740.625	3421.875	NaN	NaN	NaN	0	0	0	0	0	0	0	0	0	0	0	0	0	0	0	0	0	0	0	0	1	0	0	0	1	54.0	0.189	0.39	NaN	NaN	0.45	0.867	NaN	NaN	13.5	30.345	NaN	NaN	0.0	"2.5"	"F0034"	0	0	"PR"	1099.59	"diffuse"	41.83	0	1	1	0.0	0.0	0.0	null	1101.382	0.09
3.8	0.05665	10312.5	3759.375	3421.875	NaN	NaN	NaN	0	0	0	0	0	0	0	0	0	0	0	0	0	0	0	0	0	0	0	0	1	0	0	0	1	46.0	0.191	0.39	NaN	NaN	0.455	0.867	NaN	NaN	13.65	30.345	NaN	NaN	0.0	"2.5"	"F0034"	0	0	"PR"	1109.42	"diffuse"	51.66	0	1	1	0.0	0.0	0.0	null	1111.212	0.087
9.0	0.05665	11437.5	3590.625	3403.125	NaN	NaN	NaN	0	0	0	0	0	1	1	0	0	0	0	0	1	0	0	0	0	1	1	1	0	1	1	1	0	108.0	0.174	0.388	NaN	NaN	0.414	0.862	NaN	NaN	12.42	30.17	NaN	NaN	0.0	"2.5"	"F0034"	1	1	"PR"	1119.544	"wash-en"	1.692	0	1	1	0.0	0.0	0.0	null	1121.336	0.091
14.3	0.057475	15000.0	3618.75	3440.625	NaN	NaN	NaN	0	0	0	0	0	1	1	0	0	0	0	0	1	0	0	0	0	1	1	1	0	1	1	1	0	172.0	0.177	0.392	NaN	NaN	0.421	0.871	NaN	NaN	12.63	30.485	NaN	NaN	0.0	"2.5"	"F0034"	1	1	"PR"	1129.574	"wash-en"	11.722	0	1	1	0.0	0.0	0.0	null	1131.366	0.09
5.4	0.0594	14625.0	3675.0	3403.125	NaN	NaN	NaN	0	0	0	0	0	1	1	0	0	0	0	0	1	0	0	0	0	0	0	0	1	0	0	0	1	65.0	0.182	0.388	NaN	NaN	0.433	0.862	NaN	NaN	12.99	30.17	NaN	NaN	0.0	"2.5"	"F0034"	0	0	"PR"	1139.492	"wash-sc"	1.494	0	1	1	0.0	0.0	0.0	null	1141.284	0.087
4.1	0.05995	5250.0	3750.0	3412.5	NaN	NaN	NaN	0	0	0	0	0	0	0	0	0	0	0	0	0	0	0	0	0	0	0	0	1	0	0	0	1	49.0	0.19	0.389	NaN	NaN	0.452	0.864	NaN	NaN	13.56	30.24	NaN	NaN	0.0	"2.5"	"F0034"	0	0	"PR"	1149.531	"diffuse"	1.407	0	1	2	0.0	0.0	0.0	null	1151.323	0.093
4.0	0.05995	9000.0	3759.375	3412.5	NaN	NaN	NaN	0	0	0	0	0	0	0	0	0	0	0	0	0	0	0	0	0	0	0	0	1	0	0	0	1	48.0	0.191	0.389	NaN	NaN	0.455	0.864	NaN	NaN	13.65	30.24	NaN	NaN	0.0	"2.5"	"F0034"	0	0	"PR"	1159.568	"diffuse"	11.444	0	1	2	0.0	0.0	0.0	null	1161.36	0.087
4.3	0.05995	9187.5	3759.375	3421.875	NaN	NaN	NaN	0	0	0	0	0	0	0	0	0	0	0	0	0	0	0	0	0	0	0	0	1	0	0	0	1	52.0	0.191	0.39	NaN	NaN	0.455	0.867	NaN	NaN	13.65	30.345	NaN	NaN	0.0	"2.5"	"F0034"	0	0	"PR"	1169.598	"diffuse"	21.474	0	1	2	0.0	0.0	0.0	null	1171.39	0.09
4.0	0.0594	8625.0	3759.375	3412.5	NaN	NaN	NaN	0	0	0	0	0	0	0	0	0	0	0	0	0	0	0	0	0	0	0	0	1	0	0	0	1	48.0	0.191	0.389	NaN	NaN	0.455	0.864	NaN	NaN	13.65	30.24	NaN	NaN	0.0	"2.5"	"F0034"	0	0	"PR"	1179.638	"diffuse"	31.514	0	1	2	0.0	0.0	0.0	null	1181.43	0.092
2.2	0.05885	9937.5	3759.375	3412.5	NaN	NaN	NaN	0	0	0	0	0	0	0	0	0	0	0	0	0	0	0	0	0	0	0	0	1	0	0	0	1	26.0	0.191	0.389	NaN	NaN	0.455	0.864	NaN	NaN	13.65	30.24	NaN	NaN	0.0	"2.5"	"F0034"	0	0	"PR"	1189.675	"diffuse"	41.551	0	1	2	0.0	0.0	0.0	null	1191.467	0.09
4.0	0.0594	11437.5	3759.375	3421.875	NaN	NaN	NaN	0	0	0	0	0	0	0	0	0	0	0	0	0	0	0	0	0	0	0	0	1	0	0	0	1	48.0	0.191	0.39	NaN	NaN	0.455	0.867	NaN	NaN	13.65	30.345	NaN	NaN	0.0	"2.5"	"F0034"	0	0	"PR"	1199.508	"diffuse"	51.384	0	1	2	0.0	0.0	0.0	null	1201.3	0.086
12.6	0.059675	12750.0	3656.25	3403.125	NaN	NaN	NaN	0	0	0	0	0	1	1	0	0	0	0	0	1	0	0	0	0	1	1	1	0	1	1	1	0	151.0	0.181	0.388	NaN	NaN	0.431	0.862	NaN	NaN	12.93	30.17	NaN	NaN	0.0	"2.5"	"F0034"	1	1	"PR"	1209.639	"wash-en"	1.494	0	1	2	0.0	0.0	0.0	null	1211.431	0.088
12.6	0.059675	14437.5	3646.875	3403.125	NaN	NaN	NaN	0	0	0	0	0	1	1	0	0	0	0	0	1	0	0	0	0	1	1	1	0	1	1	1	0	151.0	0.18	0.388	NaN	NaN	0.429	0.862	NaN	NaN	12.87	30.17	NaN	NaN	0.0	"2.5"	"F0034"	1	1	"PR"	1219.667	"wash-en"	11.522	0	1	2	0.0	0.0	0.0	null	1221.459	0.09
3.5	0.060225	14812.5	3703.125	3412.5	NaN	NaN	NaN	0	0	0	0	0	1	1	0	0	0	0	0	1	0	0	0	0	0	0	0	1	0	0	0	1	42.0	0.185	0.389	NaN	NaN	0.44	0.864	NaN	NaN	13.2	30.24	NaN	NaN	0.0	"2.5"	"F0034"	0	0	"PR"	1229.595	"wash-sc"	1.296	0	1	2	0.0	0.0	0.0	null	1231.387	0.084
3.2	0.060225	3375.0	3778.125	3403.125	NaN	NaN	NaN	0	0	0	0	0	0	0	0	0	0	0	0	0	0	0	0	0	0	0	0	1	0	0	0	1	38.0	0.193	0.388	NaN	NaN	0.46	0.862	NaN	NaN	13.8	30.17	NaN	NaN	0.0	"2.5"	"F0034"	0	0	"PR"	1239.636	"diffuse"	1.203	0	1	3	0.0	0.0	0.0	null	1241.428	0.088
3.3	0.05995	8625.0	3759.375	3421.875	NaN	NaN	NaN	0	0	0	0	0	0	0	0	0	0	0	0	0	0	0	0	0	0	0	0	1	0	0	0	1	40.0	0.191	0.39	NaN	NaN	0.455	0.867	NaN	NaN	13.65	30.345	NaN	NaN	0.0	"2.5"	"F0034"	0	0	"PR"	1249.668	"diffuse"	11.235	0	1	3	0.0	0.0	0.0	null	1251.46	0.086
2.3	0.060225	7500.0	3759.375	3412.5	NaN	NaN	NaN	0	0	0	0	0	0	0	0	0	0	0	0	0	0	0	0	0	0	0	0	1	0	0	0	1	28.0	0.191	0.389	NaN	NaN	0.455	0.864	NaN	NaN	13.65	30.24	NaN	NaN	0.0	"2.5"	"F0034"	0	0	"PR"	1259.702	"diffuse"	21.269	0	1	3	0.0	0.0	0.0	null	1261.494	0.084
3.5	0.05995	8250.0	3759.375	3431.25	NaN	NaN	NaN	0	0	0	0	0	0	0	0	0	0	0	0	0	0	0	0	0	0	0	0	1	0	0	0	1	42.0	0.191	0.391	NaN	NaN	0.455	0.869	NaN	NaN	13.65	30.415	NaN	NaN	0.0	"2.5"	"F0034"	0	0	"PR"	1269.741	"diffuse"	31.308	0	1	3	0.0	0.0	0.0	null	1271.533	0.088
3.2	0.05995	9000.0	3759.375	3403.125	NaN	NaN	NaN	0	0	0	0	0	0	0	0	0	0	0	0	0	0	0	0	0	0	0	0	1	0	0	0	1	38.0	0.191	0.388	NaN	NaN	0.455	0.862	NaN	NaN	13.65	30.17	NaN	NaN	0.0	"2.5"	"F0034"	0	0	"PR"	1279.774	"diffuse"	41.341	0	1	3	0.0	0.0	0.0	null	1281.566	0.086
3.1	0.060225	9750.0	3787.5	3421.875	NaN	NaN	NaN	0	0	0	0	0	0	0	0	0	0	0	0	0	0	0	0	0	0	0	0	1	0	0	0	1	37.0	0.194	0.39	NaN	NaN	0.462	0.867	NaN	NaN	13.86	30.345	NaN	NaN	0.0	"2.5"	"F0034"	0	0	"PR"	1289.606	"diffuse"	51.173	0	1	3	0.0	0.0	0.0	null	1291.398	0.084
12.5	0.05995	12375.0	3675.0	3403.125	NaN	NaN	NaN	0	0	0	0	0	1	1	0	0	0	0	0	1	0	0	0	0	1	1	1	0	1	1	1	0	150.0	0.182	0.388	NaN	NaN	0.433	0.862	NaN	NaN	12.99	30.17	NaN	NaN	0.0	"2.5"	"F0034"	1	1	"PR"	1299.741	"wash-en"	1.298	0	1	3	0.0	0.0	0.0	null	1301.533	0.085
12.5	0.05885	14812.5	3637.5	3403.125	NaN	NaN	NaN	0	0	0	0	0	1	1	0	0	0	0	0	1	0	0	0	0	1	1	1	0	1	1	1	0	150.0	0.179	0.388	NaN	NaN	0.426	0.862	NaN	NaN	12.78	30.17	NaN	NaN	0.0	"2.5"	"F0034"	1	1	"PR"	1309.774	"wash-en"	11.331	0	1	3	0.0	0.0	0.0	null	1311.566	0.086
1.9	0.059675	12937.5	3637.5	3412.5	NaN	NaN	NaN	0	0	0	0	0	1	1	0	0	0	0	0	1	0	0	0	0	0	0	0	1	0	0	0	1	23.0	0.179	0.389	NaN	NaN	0.426	0.864	NaN	NaN	12.78	30.24	NaN	NaN	0.0	"2.5"	"F0034"	0	0	"PR"	1319.705	"wash-sc"	1.095	0	1	3	0.0	0.0	0.0	null	1321.497	0.084
2.5	0.05885	375.0	3562.5	3421.875	NaN	NaN	NaN	0	0	0	0	1	0	0	0	0	0	0	0	0	0	0	0	0	0	0	0	1	0	0	0	1	30.0	0.171	0.39	NaN	NaN	0.407	0.867	NaN	NaN	12.21	30.345	NaN	NaN	0.0	"2.5"	"F0034"	0	0	"PR"	1329.739	"drain-rg"	1.002	0	1	3	0.0	0.0	0.0	null	1331.531	0.085
5.1	0.059675	5062.5	3168.75	3412.5	NaN	NaN	NaN	0	0	0	0	1	0	0	0	0	0	0	0	0	0	0	0	0	0	0	0	1	0	0	0	1	61.0	0.132	0.389	NaN	NaN	0.314	0.864	NaN	NaN	9.42	30.24	NaN	NaN	0.0	"2.5"	"F0034"	0	0	"PR"	1339.773	"drain-rg"	11.036	0	1	3	0.0	0.0	0.0	null	1341.565	0.084
2.9	0.059125	5437.5	2784.375	3412.5	NaN	NaN	NaN	0	0	0	0	1	0	0	0	0	0	0	0	0	0	0	0	0	0	0	0	1	0	0	0	1	35.0	0.093	0.389	NaN	NaN	0.221	0.864	NaN	NaN	6.63	30.24	NaN	NaN	0.0	"2.5"	"F0034"	0	0	"PR"	1349.808	"drain-rg"	21.071	0	1	3	0.0	0.0	0.0	null	1351.6	0.084
3.3	0.0583	4312.5	2428.125	3412.5	NaN	NaN	NaN	0	0	0	0	1	0	0	0	0	0	0	0	0	0	0	0	0	0	0	0	1	0	0	0	1	40.0	0.058	0.389	NaN	NaN	0.138	0.864	NaN	NaN	4.14	30.24	NaN	NaN	0.0	"2.5"	"F0034"	0	0	"PR"	1359.844	"drain-rg"	31.107	0	1	3	0.0	0.0	0.0	null	1361.636	0.087
2.4	0.056925	5250.0	2090.625	3403.125	NaN	NaN	NaN	0	0	0	0	1	0	0	0	0	0	0	0	0	0	0	0	0	0	0	0	1	0	0	0	1	29.0	0.024	0.388	NaN	NaN	0.057	0.862	NaN	NaN	1.71	30.17	NaN	NaN	0.0	"2.5"	"F0034"	0	0	"PR"	1369.678	"drain-rg"	40.941	0	1	3	0.0	0.0	0.0	null	1371.47	0.086
2.7	0.054175	5062.5	1734.375	3412.5	NaN	NaN	NaN	0	0	0	0	1	0	0	0	0	0	0	0	0	0	0	0	0	0	0	0	1	0	0	0	1	32.0	-0.012	0.389	NaN	NaN	-0.029	0.864	NaN	NaN	-0.87	30.24	NaN	NaN	0.0	"2.5"	"F0034"	0	0	"PR"	1379.707	"drip-rg"	2.81	0	1	3	0.0	0.0	0.0	null	1381.499	0.084
2.7	0.045375	3562.5	-18.75	3412.5	NaN	NaN	NaN	0	0	0	0	1	0	0	0	0	0	0	0	0	0	0	0	0	0	0	0	1	0	0	0	1	32.0	-0.187	0.389	NaN	NaN	-0.445	0.864	NaN	NaN	-13.35	30.24	NaN	NaN	0.0	"2.5"	"F0034"	0	0	"PR"	1389.745	"drip-rg"	12.848	0	1	3	0.0	0.0	0.0	null	1391.537	0.085
2.1	0.05885	11625.0	1734.375	3290.625	NaN	NaN	NaN	0	0	1	0	0	1	0	0	0	0	0	0	1	0	0	0	0	0	0	0	1	0	0	0	1	25.0	-0.012	0.377	NaN	NaN	-0.029	0.838	NaN	NaN	-0.87	29.33	NaN	NaN	0.0	"2.5"	"F0034"	0	0	"PR"	7.051	"fill-rg-di"	6.851	1	0	0	1393.945	0.0	0.0	null	1401.618	0.088
2.1	0.058025	12750.0	2071.875	3065.625	NaN	NaN	NaN	0	0	1	0	0	1	0	0	0	0	0	0	1	0	0	0	0	0	0	0	1	0	0	0	1	25.0	0.022	0.355	NaN	NaN	0.052	0.789	NaN	NaN	1.56	27.615	NaN	NaN	0.0	"2.5"	"F0034"	0	0	"PR"	17.087	"fill-rg-di"	16.887	1	0	0	1393.945	0.0	0.0	null	1411.654	0.084
2.5	0.058025	13125.0	2343.75	2878.125	NaN	NaN	NaN	0	0	1	0	0	1	0	0	0	0	0	0	1	0	0	0	0	0	0	0	1	0	0	0	1	30.0	0.049	0.336	NaN	NaN	0.117	0.747	NaN	NaN	3.51	26.145	NaN	NaN	0.0	"2.5"	"F0034"	0	0	"PR"	27.123	"fill-rg-di"	26.923	1	0	0	1393.945	0.0	0.0	null	1421.69	0.086
2.2	0.056925	13875.0	2568.75	2671.875	NaN	NaN	NaN	0	0	1	0	0	1	0	0	0	0	0	0	1	0	0	0	0	0	0	0	1	0	0	0	1	26.0	0.072	0.315	NaN	NaN	0.171	0.7	NaN	NaN	5.13	24.5	NaN	NaN	0.0	"2.5"	"F0034"	0	0	"PR"	36.964	"fill-rg-di"	36.764	1	0	0	1393.945	0.0	0.0	null	1431.531	0.091
2.8	0.05665	13687.5	2831.25	2475.0	NaN	NaN	NaN	0	0	1	0	0	1	0	0	0	0	0	0	1	0	0	0	0	0	0	0	1	0	0	0	1	34.0	0.098	0.295	NaN	NaN	0.233	0.656	NaN	NaN	6.99	22.96	NaN	NaN	0.0	"2.5"	"F0034"	0	0	"PR"	47.004	"fill-rg-di"	46.804	1	0	0	1393.945	0.0	0.0	null	1441.571	0.09
2.8	0.054725	13875.0	3084.375	2259.375	NaN	NaN	NaN	0	0	1	0	0	1	0	0	0	0	0	0	1	0	0	0	0	0	0	0	1	0	0	0	1	34.0	0.123	0.274	NaN	NaN	0.293	0.609	NaN	NaN	8.79	21.315	NaN	NaN	0.0	"2.5"	"F0034"	0	0	"PR"	57.043	"fill-rg-di"	56.843	1	0	0	1393.945	0.0	0.0	null	1451.61	0.087
2.2	0.054175	7312.5	3271.875	2156.25	NaN	NaN	NaN	1	0	0	0	0	0	0	0	0	0	0	0	0	1	0	0	0	0	0	0	1	0	0	0	1	26.0	0.142	0.264	NaN	NaN	0.338	0.587	NaN	NaN	10.14	20.545	NaN	NaN	0.0	"2.5"	"F0034"	0	0	"PR"	67.08	"fill-di"	2.208	1	0	0	1393.945	0.0	0.0	null	1461.647	0.087
2.6	0.053625	7500.0	3281.25	2484.375	NaN	NaN	NaN	1	0	0	0	0	0	0	0	0	0	0	0	0	1	0	0	0	0	0	0	1	0	0	0	1	31.0	0.143	0.296	NaN	NaN	0.34	0.658	NaN	NaN	10.2	23.03	NaN	NaN	0.0	"2.5"	"F0034"	0	0	"PR"	77.114	"fill-di"	12.242	1	0	0	1393.945	0.0	0.0	null	1471.681	0.084
0.8	0.0539	7687.5	3271.875	2793.75	NaN	NaN	NaN	1	0	0	0	0	0	0	0	0	0	0	0	0	1	0	0	0	0	0	0	1	0	0	0	1	10.0	0.142	0.327	NaN	NaN	0.338	0.727	NaN	NaN	10.14	25.445	NaN	NaN	0.0	"2.5"	"F0034"	0	0	"PR"	87.154	"fill-di"	22.282	1	0	0	1393.945	0.0	0.0	null	1481.721	0.085
0.0	0.054175	7500.0	3281.25	3103.125	NaN	NaN	NaN	1	0	0	0	0	0	0	0	0	0	0	0	0	1	0	0	0	0	0	0	1	0	0	0	1	0.0	0.143	0.358	NaN	NaN	0.34	0.796	NaN	NaN	10.2	27.86	NaN	NaN	0.0	"2.5"	"F0034"	0	0	"PR"	97.192	"fill-di"	32.32	1	0	0	1393.945	0.0	0.0	null	1491.759	0.086
12.6	0.053075	15562.5	3281.25	3571.875	NaN	NaN	NaN	0	1	1	0	0	0	0	0	0	0	0	0	1	0	0	0	0	1	1	1	0	1	1	1	0	151.0	0.143	0.405	NaN	NaN	0.34	0.9	NaN	NaN	10.2	31.5	NaN	NaN	0.0	"2.5"	"F0034"	1	1	"PR"	107.031	"deionize"	1.21	1	1	0	1393.945	0.0	0.0	null	1501.598	0.091
12.3	0.05225	18375.0	3281.25	3628.125	NaN	NaN	NaN	0	1	1	0	0	0	0	0	0	0	0	0	1	0	0	0	0	1	1	1	0	1	1	1	0	148.0	0.143	0.411	NaN	NaN	0.34	0.913	NaN	NaN	10.2	31.955	NaN	NaN	0.0	"2.5"	"F0034"	1	1	"PR"	117.073	"deionize"	11.252	1	1	0	1393.945	0.0	0.0	null	1511.64	0.091
12.1	0.051425	17812.5	3271.875	3562.5	NaN	NaN	NaN	0	1	1	0	0	0	0	0	0	0	0	0	1	0	0	0	0	1	1	1	0	1	1	1	0	145.0	0.142	0.404	NaN	NaN	0.338	0.898	NaN	NaN	10.14	31.43	NaN	NaN	0.0	"2.5"	"F0034"	1	1	"PR"	127.109	"deionize"	21.288	1	1	0	1393.945	0.0	0.0	null	1521.676	0.09
12.1	0.05005	17250.0	3281.25	3553.125	NaN	NaN	NaN	0	1	1	0	0	0	0	0	0	0	0	0	1	0	0	0	0	1	1	1	0	1	1	1	0	145.0	0.143	0.403	NaN	NaN	0.34	0.896	NaN	NaN	10.2	31.36	NaN	NaN	0.0	"2.5"	"F0034"	1	1	"PR"	137.152	"deionize"	31.331	1	1	0	1393.945	0.0	0.0	null	1531.719	0.092
12.7	0.048675	18375.0	3262.5	3600.0	NaN	NaN	NaN	0	1	1	0	0	0	0	0	0	0	0	0	1	0	0	0	0	1	1	1	0	1	1	1	0	152.0	0.141	0.408	NaN	NaN	0.336	0.907	NaN	NaN	10.08	31.745	NaN	NaN	0.0	"2.5"	"F0034"	1	1	"PR"	147.189	"deionize"	41.368	1	1	0	1393.945	0.0	0.0	null	1541.756	0.087
11.9	0.04785	18750.0	3271.875	3609.375	NaN	NaN	NaN	0	1	1	0	0	0	0	0	0	0	0	0	1	0	0	0	0	1	1	1	0	1	1	1	0	143.0	0.142	0.409	NaN	NaN	0.338	0.909	NaN	NaN	10.14	31.815	NaN	NaN	0.0	"2.5"	"F0034"	1	1	"PR"	157.226	"deionize"	51.405	1	1	0	1393.945	0.0	0.0	null	1551.793	0.091
12.4	0.047025	18000.0	3262.5	3581.25	NaN	NaN	NaN	0	1	1	0	0	0	0	0	0	0	0	0	1	0	0	0	0	1	1	1	0	1	1	1	0	149.0	0.141	0.406	NaN	NaN	0.336	0.902	NaN	NaN	10.08	31.57	NaN	NaN	0.0	"2.5"	"F0034"	1	1	"PR"	167.269	"deionize"	61.448	1	1	0	1393.945	0.0	0.0	null	1561.836	0.085
12.5	0.0462	19125.0	3262.5	3581.25	NaN	NaN	NaN	0	1	1	0	0	0	0	0	0	0	0	0	1	0	0	0	0	1	1	1	0	1	1	1	0	150.0	0.141	0.406	NaN	NaN	0.336	0.902	NaN	NaN	10.08	31.57	NaN	NaN	0.0	"2.5"	"F0034"	1	1	"PR"	177.103	"deionize"	71.282	1	1	0	1393.945	0.0	0.0	null	1571.67	0.09
13.3	0.0451	19875.0	3271.875	3553.125	NaN	NaN	NaN	0	1	1	0	0	0	0	0	0	0	0	0	1	0	0	0	0	1	1	1	0	1	1	1	0	160.0	0.142	0.403	NaN	NaN	0.338	0.896	NaN	NaN	10.14	31.36	NaN	NaN	0.0	"2.5"	"F0034"	1	1	"PR"	187.141	"deionize"	81.32	1	1	0	1393.945	0.0	0.0	null	1581.708	0.091
12.5	0.0451	20250.0	3290.625	3581.25	NaN	NaN	NaN	0	1	1	0	0	0	0	0	0	0	0	0	1	0	0	0	0	1	1	1	0	1	1	1	0	150.0	0.144	0.406	NaN	NaN	0.343	0.902	NaN	NaN	10.29	31.57	NaN	NaN	0.0	"2.5"	"F0034"	1	1	"PR"	197.181	"deionize"	91.36	1	1	0	1393.945	0.0	0.0	null	1591.748	0.09
12.3	0.044	19875.0	3253.125	3571.875	NaN	NaN	NaN	0	1	1	0	0	0	0	0	0	0	0	0	1	0	0	0	0	1	1	1	0	1	1	1	0	148.0	0.14	0.405	NaN	NaN	0.333	0.9	NaN	NaN	9.99	31.5	NaN	NaN	0.0	"2.5"	"F0034"	1	1	"PR"	207.217	"deionize"	101.396	1	1	0	1393.945	0.0	0.0	null	1601.784	0.091
12.7	0.04345	19125.0	3271.875	3534.375	NaN	NaN	NaN	0	1	1	0	0	0	0	0	0	0	0	0	1	0	0	0	0	1	1	1	0	1	1	1	0	152.0	0.142	0.401	NaN	NaN	0.338	0.891	NaN	NaN	10.14	31.185	NaN	NaN	0.0	"2.5"	"F0034"	1	1	"PR"	217.257	"deionize"	111.436	1	1	0	1393.945	0.0	0.0	null	1611.824	0.09
11.8	0.04345	17625.0	3271.875	3525.0	NaN	NaN	NaN	0	1	1	0	0	0	0	0	0	0	0	0	1	0	0	0	0	1	1	1	0	1	1	1	0	142.0	0.142	0.4	NaN	NaN	0.338	0.889	NaN	NaN	10.14	31.115	NaN	NaN	0.0	"2.5"	"F0034"	1	1	"PR"	227.293	"deionize"	121.472	1	1	0	1393.945	0.0	0.0	null	1621.86	0.087
12.9	0.0429	17437.5	3271.875	3562.5	NaN	NaN	NaN	0	1	1	0	0	0	0	0	0	0	0	0	1	0	0	0	0	1	1	1	0	1	1	1	0	155.0	0.142	0.404	NaN	NaN	0.338	0.898	NaN	NaN	10.14	31.43	NaN	NaN	0.0	"2.5"	"F0034"	1	1	"PR"	237.331	"deionize"	131.51	1	1	0	1393.945	0.0	0.0	null	1631.898	0.091
11.9	0.042625	18750.0	3290.625	3600.0	NaN	NaN	NaN	0	1	1	0	0	0	0	0	0	0	0	0	1	0	0	0	0	1	1	1	0	1	1	1	0	143.0	0.144	0.408	NaN	NaN	0.343	0.907	NaN	NaN	10.29	31.745	NaN	NaN	0.0	"2.5"	"F0034"	1	1	"PR"	247.169	"deionize"	141.348	1	1	0	1393.945	0.0	0.0	null	1641.736	0.086
12.7	0.0418	19500.0	3281.25	3525.0	NaN	NaN	NaN	0	1	1	0	0	0	0	0	0	0	0	0	1	0	0	0	0	1	1	1	0	1	1	1	0	152.0	0.143	0.4	NaN	NaN	0.34	0.889	NaN	NaN	10.2	31.115	NaN	NaN	0.0	"2.5"	"F0034"	1	1	"PR"	257.205	"deionize"	151.384	1	1	0	1393.945	0.0	0.0	null	1651.772	0.087
12.9	0.040975	18750.0	3271.875	3571.875	NaN	NaN	NaN	0	1	1	0	0	0	0	0	0	0	0	0	1	0	0	0	0	1	1	1	0	1	1	1	0	155.0	0.142	0.405	NaN	NaN	0.338	0.9	NaN	NaN	10.14	31.5	NaN	NaN	0.0	"2.5"	"F0034"	1	1	"PR"	267.247	"deionize"	161.426	1	1	0	1393.945	0.0	0.0	null	1661.814	0.086
12.5	0.040975	19687.5	3271.875	3581.25	NaN	NaN	NaN	0	1	1	0	0	0	0	0	0	0	0	0	1	0	0	0	0	1	1	1	0	1	1	1	0	150.0	0.142	0.406	NaN	NaN	0.338	0.902	NaN	NaN	10.14	31.57	NaN	NaN	0.0	"2.5"	"F0034"	1	1	"PR"	277.286	"deionize"	171.465	1	1	0	1393.945	0.0	0.0	null	1671.853	0.091
12.6	0.0396	18562.5	3271.875	3534.375	NaN	NaN	NaN	0	1	1	0	0	0	0	0	0	0	0	0	1	0	0	0	0	1	1	1	0	1	1	1	0	151.0	0.142	0.401	NaN	NaN	0.338	0.891	NaN	NaN	10.14	31.185	NaN	NaN	0.0	"2.5"	"F0034"	1	1	"PR"	287.321	"deionize"	181.5	1	1	0	1393.945	0.0	0.0	null	1681.888	0.09
12.6	0.039325	19687.5	3271.875	3562.5	NaN	NaN	NaN	0	1	1	0	0	0	0	0	0	0	0	0	1	0	0	0	0	1	1	1	0	1	1	1	0	151.0	0.142	0.404	NaN	NaN	0.338	0.898	NaN	NaN	10.14	31.43	NaN	NaN	0.0	"2.5"	"F0034"	1	1	"PR"	297.362	"deionize"	191.541	1	1	0	1393.945	0.0	0.0	null	1691.929	0.091
12.6	0.038225	18562.5	3281.25	3562.5	NaN	NaN	NaN	0	1	1	0	0	0	0	0	0	0	0	0	1	0	0	0	0	1	1	1	0	1	1	1	0	151.0	0.143	0.404	NaN	NaN	0.34	0.898	NaN	NaN	10.2	31.43	NaN	NaN	0.0	"2.5"	"F0034"	1	1	"PR"	307.4	"deionize"	201.579	1	1	0	1393.945	0.0	0.0	null	1701.967	0.09
11.9	0.037675	16687.5	3271.875	3571.875	NaN	NaN	NaN	0	1	1	0	0	0	0	0	0	0	0	0	1	0	0	0	0	1	1	1	0	1	1	1	0	143.0	0.142	0.405	NaN	NaN	0.338	0.9	NaN	NaN	10.14	31.5	NaN	NaN	0.0	"2.5"	"F0034"	1	1	"PR"	317.234	"deionize"	211.413	1	1	0	1393.945	0.0	0.0	null	1711.801	0.084
12.6	0.03685	18375.0	3281.25	3571.875	NaN	NaN	NaN	0	1	1	0	0	0	0	0	0	0	0	0	1	0	0	0	0	1	1	1	0	1	1	1	0	151.0	0.143	0.405	NaN	NaN	0.34	0.9	NaN	NaN	10.2	31.5	NaN	NaN	0.0	"2.5"	"F0034"	1	1	"PR"	327.272	"deionize"	221.451	1	1	0	1393.945	0.0	0.0	null	1721.839	0.088
12.7	0.036575	19875.0	3271.875	3562.5	NaN	NaN	NaN	0	1	1	0	0	0	0	0	0	0	0	0	1	0	0	0	0	1	1	1	0	1	1	1	0	152.0	0.142	0.404	NaN	NaN	0.338	0.898	NaN	NaN	10.14	31.43	NaN	NaN	0.0	"2.5"	"F0034"	1	1	"PR"	337.305	"deionize"	231.484	1	1	0	1393.945	0.0	0.0	null	1731.872	0.087
13.9	0.03575	20250.0	3271.875	3590.625	NaN	NaN	NaN	0	1	1	0	0	0	0	0	0	0	0	0	1	0	0	0	0	1	1	1	0	1	1	1	0	167.0	0.142	0.407	NaN	NaN	0.338	0.904	NaN	NaN	10.14	31.64	NaN	NaN	0.0	"2.5"	"F0034"	1	1	"PR"	347.34	"deionize"	241.519	1	1	0	1393.945	0.0	0.0	null	1741.907	0.087
12.3	0.0352	17812.5	3281.25	3590.625	NaN	NaN	NaN	0	1	1	0	0	0	0	0	0	0	0	0	1	0	0	0	0	1	1	1	0	1	1	1	0	148.0	0.143	0.407	NaN	NaN	0.34	0.904	NaN	NaN	10.2	31.64	NaN	NaN	0.0	"2.5"	"F0034"	1	1	"PR"	357.378	"deionize"	251.557	1	1	0	1393.945	0.0	0.0	null	1751.945	0.087
12.1	0.0341	18375.0	3281.25	3553.125	NaN	NaN	NaN	0	1	1	0	0	0	0	0	0	0	0	0	1	0	0	0	0	1	1	1	0	1	1	1	0	145.0	0.143	0.403	NaN	NaN	0.34	0.896	NaN	NaN	10.2	31.36	NaN	NaN	0.0	"2.5"	"F0034"	1	1	"PR"	367.411	"deionize"	261.59	1	1	0	1393.945	0.0	0.0	null	1761.978	0.086
12.9	0.033825	17437.5	3262.5	3515.625	NaN	NaN	NaN	0	1	1	0	0	0	0	0	0	0	0	0	1	0	0	0	0	1	1	1	0	1	1	1	0	155.0	0.141	0.4	NaN	NaN	0.336	0.889	NaN	NaN	10.08	31.115	NaN	NaN	0.0	"2.5"	"F0034"	1	1	"PR"	377.452	"deionize"	271.631	1	1	0	1393.945	0.0	0.0	null	1772.019	0.085
12.0	0.033275	19312.5	3271.875	3562.5	NaN	NaN	NaN	0	1	1	0	0	0	0	0	0	0	0	0	1	0	0	0	0	1	1	1	0	1	1	1	0	144.0	0.142	0.404	NaN	NaN	0.338	0.898	NaN	NaN	10.14	31.43	NaN	NaN	0.0	"2.5"	"F0034"	1	1	"PR"	387.487	"deionize"	281.666	1	1	0	1393.945	0.0	0.0	null	1782.054	0.084
10.9	0.03245	18375.0	3281.25	3525.0	NaN	NaN	NaN	0	1	1	0	0	0	0	0	0	0	0	0	1	0	0	0	0	1	1	1	0	1	1	1	0	131.0	0.143	0.4	NaN	NaN	0.34	0.889	NaN	NaN	10.2	31.115	NaN	NaN	0.0	"2.5"	"F0034"	1	1	"PR"	397.32	"deionize"	291.499	1	1	0	1393.945	0.0	0.0	null	1791.887	0.087
10.8	0.0319	18562.5	3290.625	3553.125	NaN	NaN	NaN	0	1	1	0	0	0	0	0	0	0	0	0	1	0	0	0	0	1	1	1	0	1	1	1	0	130.0	0.144	0.403	NaN	NaN	0.343	0.896	NaN	NaN	10.29	31.36	NaN	NaN	0.0	"2.5"	"F0034"	1	1	"PR"	407.359	"deionize"	301.538	1	1	0	1393.945	0.0	0.0	null	1801.926	0.088
11.2	0.031625	17437.5	3281.25	3590.625	NaN	NaN	NaN	0	1	1	0	0	0	0	0	0	0	0	0	1	0	0	0	0	1	1	1	0	1	1	1	0	134.0	0.143	0.407	NaN	NaN	0.34	0.904	NaN	NaN	10.2	31.64	NaN	NaN	0.0	"2.5"	"F0034"	1	1	"PR"	417.397	"deionize"	311.576	1	1	0	1393.945	0.0	0.0	null	1811.964	0.084
15.4	0.03135	18187.5	3271.875	3543.75	NaN	NaN	NaN	0	1	1	0	0	0	0	0	0	0	0	0	1	0	0	0	0	1	1	1	0	1	1	1	0	185.0	0.142	0.402	NaN	NaN	0.338	0.893	NaN	NaN	10.14	31.255	NaN	NaN	0.0	"2.5"	"F0034"	1	1	"PR"	427.434	"deionize"	321.613	1	1	0	1393.945	0.0	0.0	null	1822.001	0.084
11.7	0.0308	18375.0	3271.875	3543.75	NaN	NaN	NaN	0	1	1	0	0	0	0	0	0	0	0	0	1	0	0	0	0	1	1	1	0	1	1	1	0	140.0	0.142	0.402	NaN	NaN	0.338	0.893	NaN	NaN	10.14	31.255	NaN	NaN	0.0	"2.5"	"F0034"	1	1	"PR"	437.473	"deionize"	331.652	1	1	0	1393.945	0.0	0.0	null	1832.04	0.085
12.8	0.03025	19125.0	3271.875	3543.75	NaN	NaN	NaN	0	1	1	0	0	0	0	0	0	0	0	0	1	0	0	0	0	1	1	1	0	1	1	1	0	154.0	0.142	0.402	NaN	NaN	0.338	0.893	NaN	NaN	10.14	31.255	NaN	NaN	0.0	"2.5"	"F0034"	1	1	"PR"	447.51	"deionize"	341.689	1	1	0	1393.945	0.0	0.0	null	1842.077	0.087
10.6	0.03025	19687.5	3290.625	3571.875	NaN	NaN	NaN	0	1	1	0	0	0	0	0	0	0	0	0	1	0	0	0	0	1	1	1	0	1	1	1	0	127.0	0.144	0.405	NaN	NaN	0.343	0.9	NaN	NaN	10.29	31.5	NaN	NaN	0.0	"2.5"	"F0034"	1	1	"PR"	457.547	"deionize"	351.726	1	1	0	1393.945	0.0	0.0	null	1852.114	0.085
10.8	0.0297	18937.5	3290.625	3534.375	NaN	NaN	NaN	0	1	1	0	0	0	0	0	0	0	0	0	1	0	0	0	1	1	1	1	0	1	1	1	0	130.0	0.144	0.401	NaN	NaN	0.343	0.891	NaN	NaN	10.29	31.185	NaN	NaN	0.0	"2.5"	"F0034"	1	1	"PR"	467.485	"deionize-uv"	1.509	1	1	0	1393.945	0.0	0.0	null	1862.052	0.084
10.2	0.0297	17625.0	3281.25	3590.625	NaN	NaN	NaN	0	1	1	0	0	0	0	0	0	0	0	0	1	0	0	0	1	1	1	1	0	1	1	1	0	122.0	0.143	0.407	NaN	NaN	0.34	0.904	NaN	NaN	10.2	31.64	NaN	NaN	0.0	"2.5"	"F0034"	1	1	"PR"	477.515	"deionize-uv"	11.539	1	1	0	1393.945	0.0	0.0	null	1872.082	0.084
10.1	0.02915	16312.5	3271.875	3600.0	NaN	NaN	NaN	0	1	1	0	0	0	0	0	0	0	0	0	1	0	0	0	1	1	1	1	0	1	1	1	0	121.0	0.142	0.408	NaN	NaN	0.338	0.907	NaN	NaN	10.14	31.745	NaN	NaN	0.0	"2.5"	"F0034"	1	1	"PR"	487.556	"deionize-uv"	21.58	1	1	0	1393.945	0.0	0.0	null	1882.123	0.086
9.9	0.028875	18375.0	3281.25	3600.0	NaN	NaN	NaN	0	1	1	0	0	0	0	0	0	0	0	0	1	0	0	0	1	1	1	1	0	1	1	1	0	119.0	0.143	0.408	NaN	NaN	0.34	0.907	NaN	NaN	10.2	31.745	NaN	NaN	0.0	"2.5"	"F0034"	1	1	"PR"	497.59	"deionize-uv"	31.614	1	1	0	1393.945	0.0	0.0	null	1892.157	0.084
9.4	0.02915	18750.0	3271.875	3534.375	NaN	NaN	NaN	0	1	1	0	0	0	0	0	0	0	0	0	1	0	0	0	1	1	1	1	0	1	1	1	0	113.0	0.142	0.401	NaN	NaN	0.338	0.891	NaN	NaN	10.14	31.185	NaN	NaN	0.0	"2.5"	"F0034"	1	1	"PR"	507.422	"deionize-uv"	41.446	1	1	0	1393.945	0.0	0.0	null	1901.989	0.084
9.7	0.02805	20062.5	3281.25	3562.5	NaN	NaN	NaN	0	1	1	0	0	0	0	0	0	0	0	0	1	0	0	0	1	1	1	1	0	1	1	1	0	116.0	0.143	0.404	NaN	NaN	0.34	0.898	NaN	NaN	10.2	31.43	NaN	NaN	0.0	"2.5"	"F0034"	1	1	"PR"	517.466	"deionize-uv"	51.49	1	1	0	1393.945	0.0	0.0	null	1912.033	0.085
8.3	0.02805	30375.0	3262.5	3206.25	NaN	NaN	NaN	0	0	1	0	0	0	0	1	0	0	0	0	1	0	0	0	1	1	1	1	0	1	1	1	0	100.0	0.141	0.369	NaN	NaN	0.336	0.82	NaN	NaN	10.08	28.7	NaN	NaN	0.0	"2.5"	"F0034"	1	1	"PR"	527.623	"drain-di-1"	1.527	1	1	0	1393.945	0.0	0.0	null	1922.19	0.085
9.0	0.02805	40687.5	3271.875	3159.375	NaN	NaN	NaN	0	0	1	0	0	0	0	1	0	0	0	0	1	0	0	0	1	1	1	1	0	1	1	1	0	108.0	0.142	0.364	NaN	NaN	0.338	0.809	NaN	NaN	10.14	28.315	NaN	NaN	0.0	"2.5"	"F0034"	1	1	"PR"	537.46	"drain-di-1"	11.364	1	1	0	1393.945	0.0	0.0	null	1932.027	0.094
10.8	0.027775	50250.0	3271.875	3018.75	NaN	NaN	NaN	0	0	1	0	0	0	0	1	0	0	0	0	1	0	0	0	1	1	1	1	0	1	1	1	0	130.0	0.142	0.35	NaN	NaN	0.338	0.778	NaN	NaN	10.14	27.23	NaN	NaN	0.0	"2.5"	"F0034"	1	1	"PR"	547.499	"drain-di-1"	21.403	1	1	0	1393.945	0.0	0.0	null	1942.066	0.084
8.5	0.027775	55687.5	3281.25	2859.375	NaN	NaN	NaN	0	0	1	0	0	0	0	1	0	0	0	0	1	0	0	0	1	1	1	1	0	1	1	1	0	102.0	0.143	0.334	NaN	NaN	0.34	0.742	NaN	NaN	10.2	25.97	NaN	NaN	0.0	"2.5"	"F0034"	1	1	"PR"	557.536	"drain-di-1"	31.44	1	1	0	1393.945	0.0	0.0	null	1952.103	0.084
9.0	0.02695	56437.5	3281.25	2709.375	NaN	NaN	NaN	0	0	1	0	0	0	0	1	0	0	0	0	1	0	0	0	1	1	1	1	0	1	1	1	0	108.0	0.143	0.319	NaN	NaN	0.34	0.709	NaN	NaN	10.2	24.815	NaN	NaN	0.0	"2.5"	"F0034"	1	1	"PR"	567.575	"drain-di-1"	41.479	1	1	0	1393.945	0.0	0.0	null	1962.142	0.082
10.4	0.0264	55687.5	3262.5	2568.75	NaN	NaN	NaN	0	0	1	0	0	0	0	1	0	0	0	0	1	0	0	0	1	1	1	1	0	1	1	1	0	125.0	0.141	0.305	NaN	NaN	0.336	0.678	NaN	NaN	10.08	23.73	NaN	NaN	0.0	"2.5"	"F0034"	1	1	"PR"	577.61	"drain-di-1"	51.514	1	1	0	1393.945	0.0	0.0	null	1972.177	0.084
8.3	0.026125	54750.0	3243.75	2437.5	NaN	NaN	NaN	0	0	1	0	0	0	0	1	0	0	0	0	1	0	0	0	1	1	1	1	0	1	1	1	0	100.0	0.139	0.292	NaN	NaN	0.331	0.649	NaN	NaN	9.93	22.715	NaN	NaN	0.0	"2.5"	"F0034"	1	1	"PR"	587.649	"drain-di-1"	61.553	1	1	0	1393.945	0.0	0.0	null	1982.216	0.089
9.7	0.02585	54187.5	3281.25	2296.875	NaN	NaN	NaN	0	0	1	0	0	0	0	1	0	0	0	0	1	0	0	0	1	1	1	1	0	1	1	1	0	116.0	0.143	0.278	NaN	NaN	0.34	0.618	NaN	NaN	10.2	21.63	NaN	NaN	0.0	"2.5"	"F0034"	1	1	"PR"	597.683	"drain-di-1"	71.587	1	1	0	1393.945	0.0	0.0	null	1992.25	0.087
8.3	0.025025	51562.5	3281.25	2165.625	NaN	NaN	NaN	0	0	1	0	0	0	0	1	0	0	0	0	1	0	0	0	1	1	1	1	0	1	1	1	0	100.0	0.143	0.265	NaN	NaN	0.34	0.589	NaN	NaN	10.2	20.615	NaN	NaN	0.0	"2.5"	"F0034"	1	1	"PR"	607.719	"drain-di-1"	81.623	1	1	0	1393.945	0.0	0.0	null	2002.286	0.084
8.2	0.02475	51562.5	3300.0	2006.25	NaN	NaN	NaN	0	0	1	0	0	0	0	1	0	0	0	0	1	0	0	0	1	1	1	1	0	1	1	1	0	98.0	0.145	0.249	NaN	NaN	0.345	0.553	NaN	NaN	10.35	19.355	NaN	NaN	0.0	"2.5"	"F0034"	1	1	"PR"	617.558	"drain-di-1"	91.462	1	1	0	1393.945	0.0	0.0	null	2012.125	0.092
8.2	0.02475	51562.5	3271.875	1884.375	NaN	NaN	NaN	0	0	1	0	0	0	0	1	0	0	0	0	1	0	0	0	1	1	1	1	0	1	1	1	0	98.0	0.142	0.236	NaN	NaN	0.338	0.524	NaN	NaN	10.14	18.34	NaN	NaN	0.0	"2.5"	"F0034"	1	1	"PR"	627.595	"drain-di-1"	101.499	1	1	0	1393.945	0.0	0.0	null	2022.162	0.09
7.8	0.024475	52500.0	3271.875	1725.0	NaN	NaN	NaN	0	0	1	0	0	0	0	1	0	0	0	0	1	0	0	0	1	1	1	1	0	1	1	1	0	94.0	0.142	0.22	NaN	NaN	0.338	0.489	NaN	NaN	10.14	17.115	NaN	NaN	0.0	"2.5"	"F0034"	1	1	"PR"	637.633	"drain-di-1"	111.537	1	1	0	1393.945	0.0	0.0	null	2032.2	0.089
6.8	0.024475	52125.0	3281.25	1575.0	NaN	NaN	NaN	0	0	1	0	0	0	0	1	0	0	0	0	1	0	0	0	1	1	1	1	0	1	1	1	0	82.0	0.143	0.206	NaN	NaN	0.34	0.458	NaN	NaN	10.2	16.03	NaN	NaN	0.0	"2.5"	"F0034"	1	1	"PR"	647.674	"drain-di-1"	121.578	1	1	0	1393.945	0.0	0.0	null	2042.241	0.091
7.8	0.024475	53062.5	3281.25	1425.0	NaN	NaN	NaN	0	0	1	0	0	0	0	1	0	0	0	0	1	0	0	0	1	1	1	1	0	1	1	1	0	94.0	0.143	0.191	NaN	NaN	0.34	0.424	NaN	NaN	10.2	14.84	NaN	NaN	0.0	"2.5"	"F0034"	1	1	"PR"	657.71	"drain-di-1"	131.614	1	1	0	1393.945	0.0	0.0	null	2052.277	0.087
8.1	0.0242	53437.5	3281.25	1293.75	NaN	NaN	NaN	0	0	1	0	0	0	0	1	0	0	0	0	1	0	0	0	1	1	1	1	0	1	1	1	0	97.0	0.143	0.177	NaN	NaN	0.34	0.393	NaN	NaN	10.2	13.755	NaN	NaN	0.0	"2.5"	"F0034"	1	1	"PR"	667.748	"drain-di-1"	141.652	1	1	0	1393.945	0.0	0.0	null	2062.315	0.085
7.7	0.024475	52500.0	3271.875	1134.375	NaN	NaN	NaN	0	0	1	0	0	0	0	1	0	0	0	0	1	0	0	0	1	1	1	1	0	1	1	1	0	92.0	0.142	0.161	NaN	NaN	0.338	0.358	NaN	NaN	10.14	12.53	NaN	NaN	0.0	"2.5"	"F0034"	1	1	"PR"	677.783	"drain-di-1"	151.687	1	1	0	1393.945	0.0	0.0	null	2072.35	0.09
6.9	0.024475	51000.0	3271.875	1012.5	NaN	NaN	NaN	0	0	1	0	0	0	0	1	0	0	0	0	1	0	0	0	1	1	1	1	0	1	1	1	0	83.0	0.142	0.149	NaN	NaN	0.338	0.331	NaN	NaN	10.14	11.585	NaN	NaN	0.0	"2.5"	"F0034"	1	1	"PR"	687.615	"drain-di-1"	161.519	1	1	0	1393.945	0.0	0.0	null	2082.182	0.087
7.4	0.02475	51750.0	3271.875	862.5	NaN	NaN	NaN	0	0	1	0	0	0	0	1	0	0	0	0	1	0	0	0	1	1	1	1	0	1	1	1	0	89.0	0.142	0.134	NaN	NaN	0.338	0.298	NaN	NaN	10.14	10.43	NaN	NaN	0.0	"2.5"	"F0034"	1	1	"PR"	697.655	"drain-di-1"	171.559	1	1	0	1393.945	0.0	0.0	null	2092.222	0.093
6.4	0.024475	51937.5	3281.25	721.875	NaN	NaN	NaN	0	0	1	0	0	0	0	1	0	0	0	0	1	0	0	0	1	1	1	1	0	1	1	1	0	77.0	0.143	0.12	NaN	NaN	0.34	0.267	NaN	NaN	10.2	9.345	NaN	NaN	0.0	"2.5"	"F0034"	1	1	"PR"	707.692	"drain-di-1"	181.596	1	1	0	1393.945	0.0	0.0	null	2102.259	0.09
9.1	0.024475	52500.0	3271.875	571.875	NaN	NaN	NaN	0	0	1	0	0	0	0	1	0	0	0	0	1	0	0	0	1	1	1	1	0	1	1	1	0	109.0	0.142	0.105	NaN	NaN	0.338	0.233	NaN	NaN	10.14	8.155	NaN	NaN	0.0	"2.5"	"F0034"	1	1	"PR"	717.732	"drain-di-1"	191.636	1	1	0	1393.945	0.0	0.0	null	2112.299	0.089
7.4	0.025025	51937.5	3271.875	431.25	NaN	NaN	NaN	0	0	1	0	0	0	0	1	0	0	0	0	1	0	0	0	1	1	1	1	0	1	1	1	0	89.0	0.142	0.091	NaN	NaN	0.338	0.202	NaN	NaN	10.14	7.07	NaN	NaN	0.0	"2.5"	"F0034"	1	1	"PR"	727.773	"drain-di-1"	201.677	1	1	0	1393.945	0.0	0.0	null	2122.34	0.091
7.8	0.025025	53250.0	3262.5	262.5	NaN	NaN	NaN	0	0	1	0	0	0	0	1	0	0	0	0	1	0	0	0	1	1	1	1	0	1	1	1	0	94.0	0.141	0.074	NaN	NaN	0.336	0.164	NaN	NaN	10.08	5.74	NaN	NaN	0.0	"2.5"	"F0034"	1	1	"PR"	737.81	"drain-di-1"	211.714	1	1	0	1393.945	0.0	0.0	null	2132.377	0.091
9.4	0.024475	51750.0	3271.875	159.375	NaN	NaN	NaN	0	0	1	0	0	0	0	1	0	0	0	0	1	0	0	0	1	1	1	1	0	1	1	1	0	113.0	0.142	0.064	NaN	NaN	0.338	0.142	NaN	NaN	10.14	4.97	NaN	NaN	0.0	"2.5"	"F0034"	1	1	"PR"	747.756	"drip-di-1"	1.513	1	1	0	1393.945	0.0	0.0	null	2142.323	0.094
8.1	0.025025	52875.0	3271.875	-9.375	NaN	NaN	NaN	0	0	1	0	0	0	0	1	0	0	0	0	1	0	0	0	1	1	1	1	0	1	1	1	0	97.0	0.142	0.047	NaN	NaN	0.338	0.104	NaN	NaN	10.14	3.64	NaN	NaN	0.0	"2.5"	"F0034"	1	1	"PR"	757.791	"drip-di-1"	11.548	1	1	0	1393.945	0.0	0.0	null	2152.358	0.087
-12.1	0.024475	25312.5	3271.875	-9.375	NaN	NaN	NaN	1	0	0	0	0	1	1	0	0	0	0	0	1	1	0	0	0	1	1	0	1	1	1	0	1	-145.0	0.142	0.047	NaN	NaN	0.338	0.104	NaN	NaN	10.14	3.64	NaN	NaN	0.0	"2.5"	"F0034"	1	0	"PR"	767.794	"reverse-f"	3.378	1	1	0	1393.945	0.0	0.0	null	2162.361	0.09
-13.0	0.02585	19500.0	3440.625	328.125	NaN	NaN	NaN	1	0	0	0	0	1	1	0	0	0	0	0	1	1	0	0	0	1	1	0	1	1	1	0	1	-156.0	0.159	0.081	NaN	NaN	0.379	0.18	NaN	NaN	11.37	6.3	NaN	NaN	0.0	"2.5"	"F0034"	1	0	"PR"	777.83	"reverse-f"	13.414	1	1	0	1393.945	0.0	0.0	null	2172.397	0.09
-12.4	0.028325	15187.5	3515.625	675.0	NaN	NaN	NaN	1	0	0	0	0	1	1	0	0	0	0	0	1	1	0	0	0	1	1	0	1	1	1	0	1	-149.0	0.167	0.116	NaN	NaN	0.398	0.258	NaN	NaN	11.94	9.03	NaN	NaN	0.0	"2.5"	"F0034"	1	0	"PR"	787.869	"reverse-f"	23.453	1	1	0	1393.945	0.0	0.0	null	2182.436	0.088
-12.7	0.03245	13687.5	3496.875	984.375	NaN	NaN	NaN	1	0	0	0	0	1	1	0	0	0	0	0	1	1	0	0	0	1	1	0	1	1	1	0	1	-152.0	0.165	0.146	NaN	NaN	0.393	0.324	NaN	NaN	11.79	11.34	NaN	NaN	0.0	"2.5"	"F0034"	1	0	"PR"	797.902	"reverse-f"	33.486	1	1	0	1393.945	0.0	0.0	null	2192.469	0.089
-9.8	0.038225	13500.0	3600.0	1303.125	NaN	NaN	NaN	1	0	0	0	0	1	1	0	0	0	0	0	1	1	0	0	0	1	1	0	1	1	1	0	1	-118.0	0.175	0.178	NaN	NaN	0.417	0.396	NaN	NaN	12.51	13.86	NaN	NaN	0.0	"2.5"	"F0034"	1	0	"PR"	807.741	"reverse-f"	43.325	1	1	0	1393.945	0.0	0.0	null	2202.308	0.087
-12.0	0.043725	12937.5	3553.125	1612.5	NaN	NaN	NaN	1	0	0	0	0	1	1	0	0	0	0	0	1	1	0	0	0	1	1	0	1	1	1	0	1	-144.0	0.17	0.209	NaN	NaN	0.405	0.464	NaN	NaN	12.15	16.24	NaN	NaN	0.0	"2.5"	"F0034"	1	0	"PR"	817.779	"reverse-f"	53.363	1	1	0	1393.945	0.0	0.0	null	2212.346	0.086
-11.7	0.048675	14437.5	3600.0	1884.375	NaN	NaN	NaN	1	0	0	0	0	1	1	0	0	0	0	0	1	1	0	0	0	1	1	0	1	1	1	0	1	-140.0	0.175	0.236	NaN	NaN	0.417	0.524	NaN	NaN	12.51	18.34	NaN	NaN	0.0	"2.5"	"F0034"	1	0	"PR"	827.812	"reverse-f"	63.396	1	1	0	1393.945	0.0	0.0	null	2222.379	0.084
-12.0	0.0528	14437.5	3590.625	2240.625	NaN	NaN	NaN	1	0	0	0	0	1	1	0	0	0	0	0	1	1	0	0	0	1	1	0	1	1	1	0	1	-144.0	0.174	0.272	NaN	NaN	0.414	0.604	NaN	NaN	12.42	21.14	NaN	NaN	0.0	"2.5"	"F0034"	1	0	"PR"	837.851	"reverse-f"	73.435	1	1	0	1393.945	0.0	0.0	null	2232.418	0.092
-11.7	0.05555	13875.0	3581.25	2578.125	NaN	NaN	NaN	1	0	0	0	0	1	1	0	0	0	0	0	1	1	0	0	0	1	1	0	1	1	1	0	1	-140.0	0.173	0.306	NaN	NaN	0.412	0.68	NaN	NaN	12.36	23.8	NaN	NaN	0.0	"2.5"	"F0034"	1	0	"PR"	847.889	"reverse-f"	83.473	1	1	0	1393.945	0.0	0.0	null	2242.456	0.09
-13.1	0.058575	12937.5	3628.125	2878.125	NaN	NaN	NaN	1	0	0	0	0	1	1	0	0	0	0	0	1	1	0	0	0	1	1	0	1	1	1	0	1	-157.0	0.178	0.336	NaN	NaN	0.424	0.747	NaN	NaN	12.72	26.145	NaN	NaN	0.0	"2.5"	"F0034"	1	0	"PR"	857.92	"reverse-f"	93.504	1	1	0	1393.945	0.0	0.0	null	2252.487	0.09
-11.7	0.0605	13687.5	3618.75	3187.5	NaN	NaN	NaN	1	0	0	0	0	1	1	0	0	0	0	0	1	1	0	0	0	1	1	0	1	1	1	0	1	-140.0	0.177	0.367	NaN	NaN	0.421	0.816	NaN	NaN	12.63	28.56	NaN	NaN	0.0	"2.5"	"F0034"	1	0	"PR"	867.962	"reverse-f"	103.546	1	1	0	1393.945	0.0	0.0	null	2262.529	0.091
-11.9	0.061325	13500.0	3609.375	3384.375	NaN	NaN	NaN	0	0	0	0	0	1	1	0	0	0	0	0	1	0	0	0	0	1	1	0	1	1	1	0	1	-143.0	0.176	0.386	NaN	NaN	0.419	0.858	NaN	NaN	12.57	30.03	NaN	NaN	0.0	"2.5"	"F0034"	1	0	"PR"	877.902	"reverse"	113.486	1	1	0	1393.945	0.0	0.0	null	2272.469	0.086
-12.4	0.0616	13125.0	3609.375	3384.375	NaN	NaN	NaN	0	0	0	0	0	1	1	0	0	0	0	0	1	0	0	0	0	1	1	0	1	1	1	0	1	-149.0	0.176	0.386	NaN	NaN	0.419	0.858	NaN	NaN	12.57	30.03	NaN	NaN	0.0	"2.5"	"F0034"	1	0	"PR"	887.935	"reverse"	123.519	1	1	0	1393.945	0.0	0.0	null	2282.502	0.087
-12.0	0.06215	12937.5	3646.875	3412.5	NaN	NaN	NaN	0	0	0	0	0	1	1	0	0	0	0	0	1	0	0	0	0	1	1	0	1	1	1	0	1	-144.0	0.18	0.389	NaN	NaN	0.429	0.864	NaN	NaN	12.87	30.24	NaN	NaN	0.0	"2.5"	"F0034"	1	0	"PR"	897.976	"reverse"	133.56	1	1	0	1393.945	0.0	0.0	null	2292.543	0.09
-11.7	0.061875	14437.5	3665.625	3384.375	NaN	NaN	NaN	0	0	0	0	0	1	1	0	0	0	0	0	1	0	0	0	0	1	1	0	1	1	1	0	1	-140.0	0.182	0.386	NaN	NaN	0.433	0.858	NaN	NaN	12.99	30.03	NaN	NaN	0.0	"2.5"	"F0034"	1	0	"PR"	908.01	"reverse"	143.594	1	1	0	1393.945	0.0	0.0	null	2302.577	0.09
-1.2	0.06215	6562.5	3778.125	3393.75	NaN	NaN	NaN	0	0	0	0	0	0	0	0	0	0	0	0	0	0	0	0	0	0	0	0	1	0	0	0	1	-14.0	0.193	0.387	NaN	NaN	0.46	0.86	NaN	NaN	13.8	30.1	NaN	NaN	0.0	"2.5"	"F0034"	0	0	"PR"	917.936	"diffuse"	3.504	1	1	1	1393.945	0.0	0.0	null	2312.503	0.087
-2.1	0.061325	8812.5	3768.75	3393.75	NaN	NaN	NaN	0	0	0	0	0	0	0	0	0	0	0	0	0	0	0	0	0	0	0	0	1	0	0	0	1	-25.0	0.192	0.387	NaN	NaN	0.457	0.86	NaN	NaN	13.71	30.1	NaN	NaN	0.0	"2.5"	"F0034"	0	0	"PR"	927.973	"diffuse"	13.541	1	1	1	1393.945	0.0	0.0	null	2322.54	0.087
-2.1	0.061875	10687.5	3768.75	3403.125	NaN	NaN	NaN	0	0	0	0	0	0	0	0	0	0	0	0	0	0	0	0	0	0	0	0	1	0	0	0	1	-25.0	0.192	0.388	NaN	NaN	0.457	0.862	NaN	NaN	13.71	30.17	NaN	NaN	0.0	"2.5"	"F0034"	0	0	"PR"	938.005	"diffuse"	23.573	1	1	1	1393.945	0.0	0.0	null	2332.572	0.086
-2.1	0.061325	10125.0	3778.125	3403.125	NaN	NaN	NaN	0	0	0	0	0	0	0	0	0	0	0	0	0	0	0	0	0	0	0	0	1	0	0	0	1	-25.0	0.193	0.388	NaN	NaN	0.46	0.862	NaN	NaN	13.8	30.17	NaN	NaN	0.0	"2.5"	"F0034"	0	0	"PR"	948.042	"diffuse"	33.61	1	1	1	1393.945	0.0	0.0	null	2342.609	0.09
-2.2	0.061325	10500.0	3768.75	3403.125	NaN	NaN	NaN	0	0	0	0	0	0	0	0	0	0	0	0	0	0	0	0	0	0	0	0	1	0	0	0	1	-26.0	0.192	0.388	NaN	NaN	0.457	0.862	NaN	NaN	13.71	30.17	NaN	NaN	0.0	"2.5"	"F0034"	0	0	"PR"	957.877	"diffuse"	43.445	1	1	1	1393.945	0.0	0.0	null	2352.444	0.084
-1.5	0.06215	11250.0	3768.75	3403.125	NaN	NaN	NaN	0	0	0	0	0	0	0	0	0	0	0	0	0	0	0	0	0	0	0	0	1	0	0	0	1	-18.0	0.192	0.388	NaN	NaN	0.457	0.862	NaN	NaN	13.71	30.17	NaN	NaN	0.0	"2.5"	"F0034"	0	0	"PR"	967.909	"diffuse"	53.477	1	1	1	1393.945	0.0	0.0	null	2362.476	0.084
-11.2	0.06105	12750.0	3675.0	3393.75	NaN	NaN	NaN	0	0	0	0	0	1	1	0	0	0	0	0	1	0	0	0	0	1	1	0	1	1	1	0	1	-134.0	0.182	0.387	NaN	NaN	0.433	0.86	NaN	NaN	12.99	30.1	NaN	NaN	0.0	"2.5"	"F0034"	1	0	"PR"	978.038	"wash-en"	3.503	1	1	1	1393.945	0.0	0.0	null	2372.605	0.085
-13.1	0.06215	13500.0	3646.875	3337.5	NaN	NaN	NaN	0	0	0	0	0	1	1	0	0	0	0	0	1	0	0	0	0	1	1	0	1	1	1	0	1	-157.0	0.18	0.382	NaN	NaN	0.429	0.849	NaN	NaN	12.87	29.715	NaN	NaN	0.0	"2.5"	"F0034"	1	0	"PR"	988.077	"wash-en"	13.542	1	1	1	1393.945	0.0	0.0	null	2382.644	0.086
-1.8	0.064075	13687.5	3675.0	3384.375	NaN	NaN	NaN	0	0	0	0	0	1	1	0	0	0	0	0	1	0	0	0	0	0	0	0	1	0	0	0	1	-22.0	0.182	0.386	NaN	NaN	0.433	0.858	NaN	NaN	12.99	30.03	NaN	NaN	0.0	"2.5"	"F0034"	0	0	"PR"	997.999	"wash-sc"	3.301	1	1	1	1393.945	0.0	0.0	null	2392.566	0.084
-1.6	0.0638	5625.0	3787.5	3393.75	NaN	NaN	NaN	0	0	0	0	0	0	0	0	0	0	0	0	0	0	0	0	0	0	0	0	1	0	0	0	1	-19.0	0.194	0.387	NaN	NaN	0.462	0.86	NaN	NaN	13.86	30.1	NaN	NaN	0.0	"2.5"	"F0034"	0	0	"PR"	1008.036	"diffuse"	3.211	1	1	2	1393.945	0.0	0.0	null	2402.603	0.086
-1.6	0.064625	7500.0	3759.375	3403.125	NaN	NaN	NaN	0	0	0	0	0	0	0	0	0	0	0	0	0	0	0	0	0	0	0	0	1	0	0	0	1	-19.0	0.191	0.388	NaN	NaN	0.455	0.862	NaN	NaN	13.65	30.17	NaN	NaN	0.0	"2.5"	"F0034"	0	0	"PR"	1018.076	"diffuse"	13.251	1	1	2	1393.945	0.0	0.0	null	2412.643	0.084
-1.7	0.06435	8625.0	3778.125	3403.125	NaN	NaN	NaN	0	0	0	0	0	0	0	0	0	0	0	0	0	0	0	0	0	0	0	0	1	0	0	0	1	-20.0	0.193	0.388	NaN	NaN	0.46	0.862	NaN	NaN	13.8	30.17	NaN	NaN	0.0	"2.5"	"F0034"	0	0	"PR"	1028.109	"diffuse"	23.284	1	1	2	1393.945	0.0	0.0	null	2422.676	0.083
-1.6	0.064075	10312.5	3778.125	3403.125	NaN	NaN	NaN	0	0	0	0	0	0	0	0	0	0	0	0	0	0	0	0	0	0	0	0	1	0	0	0	1	-19.0	0.193	0.388	NaN	NaN	0.46	0.862	NaN	NaN	13.8	30.17	NaN	NaN	0.0	"2.5"	"F0034"	0	0	"PR"	1037.948	"diffuse"	33.123	1	1	2	1393.945	0.0	0.0	null	2432.515	0.086
-1.8	0.063525	10500.0	3796.875	3403.125	NaN	NaN	NaN	0	0	0	0	0	0	0	0	0	0	0	0	0	0	0	0	0	0	0	0	1	0	0	0	1	-22.0	0.195	0.388	NaN	NaN	0.464	0.862	NaN	NaN	13.92	30.17	NaN	NaN	0.0	"2.5"	"F0034"	0	0	"PR"	1047.985	"diffuse"	43.16	1	1	2	1393.945	0.0	0.0	null	2442.552	0.086
-4.6	0.0638	9000.0	3787.5	3403.125	NaN	NaN	NaN	0	0	0	0	0	0	0	0	0	0	0	0	0	0	0	0	0	0	0	0	1	0	0	0	1	-55.0	0.194	0.388	NaN	NaN	0.462	0.862	NaN	NaN	13.86	30.17	NaN	NaN	0.0	"2.5"	"F0034"	0	0	"PR"	1058.02	"diffuse"	53.195	1	1	2	1393.945	0.0	0.0	null	2452.587	0.084
-12.5	0.062975	13500.0	3646.875	3393.75	NaN	NaN	NaN	0	0	0	0	0	1	1	0	0	0	0	0	1	0	0	0	0	1	1	0	1	1	1	0	1	-150.0	0.18	0.387	NaN	NaN	0.429	0.86	NaN	NaN	12.87	30.1	NaN	NaN	0.0	"2.5"	"F0034"	1	0	"PR"	1068.155	"wash-en"	3.307	1	1	2	1393.945	0.0	0.0	null	2462.722	0.089
-11.3	0.0638	15000.0	3637.5	3393.75	NaN	NaN	NaN	0	0	0	0	0	1	1	0	0	0	0	0	1	0	0	0	0	1	1	0	1	1	1	0	1	-136.0	0.179	0.387	NaN	NaN	0.426	0.86	NaN	NaN	12.78	30.1	NaN	NaN	0.0	"2.5"	"F0034"	1	0	"PR"	1078.189	"wash-en"	13.341	1	1	2	1393.945	0.0	0.0	null	2472.756	0.084
-1.4	0.0649	13687.5	3665.625	3412.5	NaN	NaN	NaN	0	0	0	0	0	1	1	0	0	0	0	0	1	0	0	0	0	0	0	0	1	0	0	0	1	-17.0	0.182	0.389	NaN	NaN	0.433	0.864	NaN	NaN	12.99	30.24	NaN	NaN	0.0	"2.5"	"F0034"	0	0	"PR"	1088.113	"wash-sc"	3.102	1	1	2	1393.945	0.0	0.0	null	2482.68	0.084
-2.6	0.064075	5250.0	3787.5	3403.125	NaN	NaN	NaN	0	0	0	0	0	0	0	0	0	0	0	0	0	0	0	0	0	0	0	0	1	0	0	0	1	-31.0	0.194	0.388	NaN	NaN	0.462	0.862	NaN	NaN	13.86	30.17	NaN	NaN	0.0	"2.5"	"F0034"	0	0	"PR"	1098.152	"diffuse"	3.012	1	1	3	1393.945	0.0	0.0	null	2492.719	0.088
-1.2	0.0638	8062.5	3778.125	3403.125	NaN	NaN	NaN	0	0	0	0	0	0	0	0	0	0	0	0	0	0	0	0	0	0	0	0	1	0	0	0	1	-14.0	0.193	0.388	NaN	NaN	0.46	0.862	NaN	NaN	13.8	30.17	NaN	NaN	0.0	"2.5"	"F0034"	0	0	"PR"	1108.184	"diffuse"	13.044	1	1	3	1393.945	0.0	0.0	null	2502.751	0.084
-1.2	0.064625	8062.5	3787.5	3403.125	NaN	NaN	NaN	0	0	0	0	0	0	0	0	0	0	0	0	0	0	0	0	0	0	0	0	1	0	0	0	1	-14.0	0.194	0.388	NaN	NaN	0.462	0.862	NaN	NaN	13.86	30.17	NaN	NaN	0.0	"2.5"	"F0034"	0	0	"PR"	1118.218	"diffuse"	23.078	1	1	3	1393.945	0.0	0.0	null	2512.785	0.084
-1.1	0.064075	7687.5	3806.25	3412.5	NaN	NaN	NaN	0	0	0	0	0	0	0	0	0	0	0	0	0	0	0	0	0	0	0	0	1	0	0	0	1	-13.0	0.196	0.389	NaN	NaN	0.467	0.864	NaN	NaN	14.01	30.24	NaN	NaN	0.0	"2.5"	"F0034"	0	0	"PR"	1128.059	"diffuse"	32.919	1	1	3	1393.945	0.0	0.0	null	2522.626	0.092
-1.3	0.064075	9000.0	3796.875	3403.125	NaN	NaN	NaN	0	0	0	0	0	0	0	0	0	0	0	0	0	0	0	0	0	0	0	0	1	0	0	0	1	-16.0	0.195	0.388	NaN	NaN	0.464	0.862	NaN	NaN	13.92	30.17	NaN	NaN	0.0	"2.5"	"F0034"	0	0	"PR"	1138.091	"diffuse"	42.951	1	1	3	1393.945	0.0	0.0	null	2532.658	0.09
-0.8	0.064075	10500.0	3787.5	3403.125	NaN	NaN	NaN	0	0	0	0	0	0	0	0	0	0	0	0	0	0	0	0	0	0	0	0	1	0	0	0	1	-10.0	0.194	0.388	NaN	NaN	0.462	0.862	NaN	NaN	13.86	30.17	NaN	NaN	0.0	"2.5"	"F0034"	0	0	"PR"	1148.126	"diffuse"	52.986	1	1	3	1393.945	0.0	0.0	null	2542.693	0.09
-11.7	0.06325	14437.5	3684.375	3403.125	NaN	NaN	NaN	0	0	0	0	0	1	1	0	0	0	0	0	1	0	0	0	0	1	1	0	1	1	1	0	1	-140.0	0.183	0.388	NaN	NaN	0.436	0.862	NaN	NaN	13.08	30.17	NaN	NaN	0.0	"2.5"	"F0034"	1	0	"PR"	1158.265	"wash-en"	3.106	1	1	3	1393.945	0.0	0.0	null	2552.832	0.088
-12.0	0.063525	13875.0	3675.0	3384.375	NaN	NaN	NaN	0	0	0	0	0	1	1	0	0	0	0	0	1	0	0	0	0	1	1	0	1	1	1	0	1	-144.0	0.182	0.386	NaN	NaN	0.433	0.858	NaN	NaN	12.99	30.03	NaN	NaN	0.0	"2.5"	"F0034"	1	0	"PR"	1168.099	"wash-en"	12.94	1	1	3	1393.945	0.0	0.0	null	2562.666	0.09
-0.1	0.064075	14625.0	3665.625	3403.125	NaN	NaN	NaN	0	0	0	0	0	1	1	0	0	0	0	0	1	0	0	0	0	0	0	0	1	0	0	0	1	-1.0	0.182	0.388	NaN	NaN	0.433	0.862	NaN	NaN	12.99	30.17	NaN	NaN	0.0	"2.5"	"F0034"	0	0	"PR"	1178.224	"wash-sc"	2.899	1	1	3	1393.945	0.0	0.0	null	2572.791	0.085
-1.9	0.06325	4312.5	3459.375	3384.375	NaN	NaN	NaN	0	0	0	0	1	0	0	0	0	0	0	0	0	0	0	0	0	0	0	0	1	0	0	0	1	-23.0	0.161	0.386	NaN	NaN	0.383	0.858	NaN	NaN	11.49	30.03	NaN	NaN	0.0	"2.5"	"F0034"	0	0	"PR"	1188.267	"drain-rg"	2.809	1	1	3	1393.945	0.0	0.0	null	2582.834	0.085
-0.3	0.06325	5250.0	3103.125	3403.125	NaN	NaN	NaN	0	0	0	0	1	0	0	0	0	0	0	0	0	0	0	0	0	0	0	0	1	0	0	0	1	-4.0	0.125	0.388	NaN	NaN	0.298	0.862	NaN	NaN	8.94	30.17	NaN	NaN	0.0	"2.5"	"F0034"	0	0	"PR"	1198.297	"drain-rg"	12.839	1	1	3	1393.945	0.0	0.0	null	2592.864	0.084
-0.6	0.06325	4312.5	2746.875	3412.5	NaN	NaN	NaN	0	0	0	0	1	0	0	0	0	0	0	0	0	0	0	0	0	0	0	0	1	0	0	0	1	-7.0	0.09	0.389	NaN	NaN	0.214	0.864	NaN	NaN	6.42	30.24	NaN	NaN	0.0	"2.5"	"F0034"	0	0	"PR"	1208.135	"drain-rg"	22.677	1	1	3	1393.945	0.0	0.0	null	2602.702	0.09
-0.5	0.06325	4312.5	2390.625	3403.125	NaN	NaN	NaN	0	0	0	0	1	0	0	0	0	0	0	0	0	0	0	0	0	0	0	0	1	0	0	0	1	-6.0	0.054	0.388	NaN	NaN	0.129	0.862	NaN	NaN	3.87	30.17	NaN	NaN	0.0	"2.5"	"F0034"	0	0	"PR"	1218.173	"drain-rg"	32.715	1	1	3	1393.945	0.0	0.0	null	2612.74	0.089
-0.4	0.06215	5812.5	2043.75	3375.0	NaN	NaN	NaN	0	0	0	0	1	0	0	0	0	0	0	0	0	0	0	0	0	0	0	0	1	0	0	0	1	-5.0	0.019	0.386	NaN	NaN	0.045	0.858	NaN	NaN	1.35	30.03	NaN	NaN	0.0	"2.5"	"F0034"	0	0	"PR"	1228.207	"drain-rg"	42.749	1	1	3	1393.945	0.0	0.0	null	2622.774	0.09
-1.0	0.05995	5062.5	1696.875	3403.125	NaN	NaN	NaN	0	0	0	0	1	0	0	0	0	0	0	0	0	0	0	0	0	0	0	0	1	0	0	0	1	-12.0	-0.015	0.388	NaN	NaN	-0.036	0.862	NaN	NaN	-1.08	30.17	NaN	NaN	0.0	"2.5"	"F0034"	0	0	"PR"	1238.246	"drip-rg"	3.816	1	1	3	1393.945	0.0	0.0	null	2632.813	0.09
-0.4	0.05775	2625.0	0.0	3393.75	NaN	NaN	NaN	0	0	0	0	1	0	0	0	0	0	0	0	0	0	0	0	0	0	0	0	1	0	0	0	1	-5.0	-0.185	0.387	NaN	NaN	-0.44	0.86	NaN	NaN	-13.2	30.1	NaN	NaN	0.0	"2.5"	"F0034"	0	0	"PR"	1248.28	"drip-rg"	13.85	1	1	3	1393.945	0.0	0.0	null	2642.847	0.09
-0.8	0.0627	12187.5	1809.375	3253.125	NaN	NaN	NaN	0	0	1	0	0	1	0	0	0	0	0	0	1	0	0	0	0	0	0	0	1	0	0	0	1	-10.0	-0.004	0.373	NaN	NaN	-0.01	0.829	NaN	NaN	-0.3	29.015	NaN	NaN	0.0	"2.5"	"F0034"	0	0	"PR"	8.053	"fill-rg-di"	7.853	2	0	0	2644.252	0.0	0.0	null	2652.927	0.089
-0.8	0.0627	12937.5	2118.75	3028.125	NaN	NaN	NaN	0	0	1	0	0	1	0	0	0	0	0	0	1	0	0	0	0	0	0	0	1	0	0	0	1	-10.0	0.027	0.351	NaN	NaN	0.064	0.78	NaN	NaN	1.92	27.3	NaN	NaN	0.0	"2.5"	"F0034"	0	0	"PR"	18.087	"fill-rg-di"	17.887	2	0	0	2644.252	0.0	0.0	null	2662.961	0.084
-0.6	0.06215	14250.0	2371.875	2859.375	NaN	NaN	NaN	0	0	1	0	0	1	0	0	0	0	0	0	1	0	0	0	0	0	0	0	1	0	0	0	1	-7.0	0.052	0.334	NaN	NaN	0.124	0.742	NaN	NaN	3.72	25.97	NaN	NaN	0.0	"2.5"	"F0034"	0	0	"PR"	27.918	"fill-rg-di"	27.718	2	0	0	2644.252	0.0	0.0	null	2672.792	0.091
-0.9	0.060225	13875.0	2625.0	2634.375	NaN	NaN	NaN	0	0	1	0	0	1	0	0	0	0	0	0	1	0	0	0	0	0	0	0	1	0	0	0	1	-11.0	0.078	0.311	NaN	NaN	0.186	0.691	NaN	NaN	5.58	24.185	NaN	NaN	0.0	"2.5"	"F0034"	0	0	"PR"	37.957	"fill-rg-di"	37.757	2	0	0	2644.252	0.0	0.0	null	2682.831	0.091
-0.3	0.059125	12187.5	2859.375	2428.125	NaN	NaN	NaN	0	0	1	0	0	1	0	0	0	0	0	0	1	0	0	0	0	0	0	0	1	0	0	0	1	-4.0	0.101	0.291	NaN	NaN	0.24	0.647	NaN	NaN	7.2	22.645	NaN	NaN	0.0	"2.5"	"F0034"	0	0	"PR"	47.994	"fill-rg-di"	47.794	2	0	0	2644.252	0.0	0.0	null	2692.868	0.087
-2.1	0.05775	13687.5	3093.75	2221.875	NaN	NaN	NaN	0	0	1	0	0	1	0	0	0	0	0	0	1	0	0	0	0	0	0	0	1	0	0	0	1	-25.0	0.124	0.27	NaN	NaN	0.295	0.6	NaN	NaN	8.85	21.0	NaN	NaN	0.0	"2.5"	"F0034"	0	0	"PR"	58.031	"fill-rg-di"	57.831	2	0	0	2644.252	0.0	0.0	null	2702.905	0.092
-0.6	0.056925	6562.5	3253.125	2250.0	NaN	NaN	NaN	1	0	0	0	0	0	0	0	0	0	0	0	0	1	0	0	0	0	0	0	1	0	0	0	1	-7.0	0.14	0.273	NaN	NaN	0.333	0.607	NaN	NaN	9.99	21.245	NaN	NaN	0.0	"2.5"	"F0034"	0	0	"PR"	68.067	"fill-di"	4.416	2	0	0	2644.252	0.0	0.0	null	2712.941	0.09
-0.2	0.05775	8625.0	3253.125	2568.75	NaN	NaN	NaN	1	0	0	0	0	0	0	0	0	0	0	0	0	1	0	0	0	0	0	0	1	0	0	0	1	-2.0	0.14	0.305	NaN	NaN	0.333	0.678	NaN	NaN	9.99	23.73	NaN	NaN	0.0	"2.5"	"F0034"	0	0	"PR"	78.101	"fill-di"	14.45	2	0	0	2644.252	0.0	0.0	null	2722.975	0.09
-0.6	0.05775	8250.0	3262.5	2868.75	NaN	NaN	NaN	1	0	0	0	0	0	0	0	0	0	0	0	0	1	0	0	0	0	0	0	1	0	0	0	1	-7.0	0.141	0.335	NaN	NaN	0.336	0.744	NaN	NaN	10.08	26.04	NaN	NaN	0.0	"2.5"	"F0034"	0	0	"PR"	88.138	"fill-di"	24.487	2	0	0	2644.252	0.0	0.0	null	2733.012	0.092
-0.5	0.057475	6937.5	3300.0	3178.125	NaN	NaN	NaN	1	0	0	0	0	0	0	0	0	0	0	0	0	1	0	0	0	0	0	0	1	0	0	0	1	-6.0	0.145	0.366	NaN	NaN	0.345	0.813	NaN	NaN	10.35	28.455	NaN	NaN	0.0	"2.5"	"F0034"	0	0	"PR"	97.975	"fill-di"	34.324	2	0	0	2644.252	0.0	0.0	null	2742.849	0.087
-11.5	0.055275	17625.0	3290.625	3618.75	NaN	NaN	NaN	0	1	1	0	0	0	0	0	0	0	0	0	1	0	0	0	0	1	1	0	1	1	1	0	1	-138.0	0.144	0.41	NaN	NaN	0.343	0.911	NaN	NaN	10.29	31.885	NaN	NaN	0.0	"2.5"	"F0034"	1	0	"PR"	108.016	"deionize"	3.622	2	1	0	2644.252	0.0	0.0	null	2752.89	0.087
-11.9	0.055275	17437.5	3253.125	3562.5	NaN	NaN	NaN	0	1	1	0	0	0	0	0	0	0	0	0	1	0	0	0	0	1	1	0	1	1	1	0	1	-143.0	0.14	0.404	NaN	NaN	0.333	0.898	NaN	NaN	9.99	31.43	NaN	NaN	0.0	"2.5"	"F0034"	1	0	"PR"	118.056	"deionize"	13.662	2	1	0	2644.252	0.0	0.0	null	2762.93	0.089
-12.0	0.054175	16500.0	3253.125	3534.375	NaN	NaN	NaN	0	1	1	0	0	0	0	0	0	0	0	0	1	0	0	0	0	1	1	0	1	1	1	0	1	-144.0	0.14	0.401	NaN	NaN	0.333	0.891	NaN	NaN	9.99	31.185	NaN	NaN	0.0	"2.5"	"F0034"	1	0	"PR"	128.094	"deionize"	23.7	2	1	0	2644.252	0.0	0.0	null	2772.968	0.091
-11.9	0.05225	18937.5	3253.125	3543.75	NaN	NaN	NaN	0	1	1	0	0	0	0	0	0	0	0	0	1	0	0	0	0	1	1	0	1	1	1	0	1	-143.0	0.14	0.402	NaN	NaN	0.333	0.893	NaN	NaN	9.99	31.255	NaN	NaN	0.0	"2.5"	"F0034"	1	0	"PR"	138.139	"deionize"	33.745	2	1	0	2644.252	0.0	0.0	null	2783.013	0.091
-12.4	0.050875	18750.0	3253.125	3515.625	NaN	NaN	NaN	0	1	1	0	0	0	0	0	0	0	0	0	1	0	0	0	0	1	1	0	1	1	1	0	1	-149.0	0.14	0.4	NaN	NaN	0.333	0.889	NaN	NaN	9.99	31.115	NaN	NaN	0.0	"2.5"	"F0034"	1	0	"PR"	148.18	"deionize"	43.786	2	1	0	2644.252	0.0	0.0	null	2793.054	0.09
-12.4	0.049775	17437.5	3234.375	3543.75	NaN	NaN	NaN	0	1	1	0	0	0	0	0	0	0	0	0	1	0	0	0	0	1	1	0	1	1	1	0	1	-149.0	0.138	0.402	NaN	NaN	0.329	0.893	NaN	NaN	9.87	31.255	NaN	NaN	0.0	"2.5"	"F0034"	1	0	"PR"	158.216	"deionize"	53.822	2	1	0	2644.252	0.0	0.0	null	2803.09	0.09
-13.8	0.048675	17250.0	3253.125	3553.125	NaN	NaN	NaN	0	1	1	0	0	0	0	0	0	0	0	0	1	0	0	0	0	1	1	0	1	1	1	0	1	-166.0	0.14	0.403	NaN	NaN	0.333	0.896	NaN	NaN	9.99	31.36	NaN	NaN	0.0	"2.5"	"F0034"	1	0	"PR"	168.056	"deionize"	63.662	2	1	0	2644.252	0.0	0.0	null	2812.93	0.089
-12.1	0.047575	17437.5	3243.75	3656.25	NaN	NaN	NaN	0	1	1	0	0	0	0	0	0	0	0	0	1	0	0	0	0	1	1	0	1	1	1	0	1	-145.0	0.139	0.414	NaN	NaN	0.331	0.92	NaN	NaN	9.93	32.2	NaN	NaN	0.0	"2.5"	"F0034"	1	0	"PR"	178.093	"deionize"	73.699	2	1	0	2644.252	0.0	0.0	null	2822.967	0.087
-11.7	0.047575	19312.5	3253.125	3553.125	NaN	NaN	NaN	0	1	1	0	0	0	0	0	0	0	0	0	1	0	0	0	0	1	1	0	1	1	1	0	1	-140.0	0.14	0.403	NaN	NaN	0.333	0.896	NaN	NaN	9.99	31.36	NaN	NaN	0.0	"2.5"	"F0034"	1	0	"PR"	188.129	"deionize"	83.735	2	1	0	2644.252	0.0	0.0	null	2833.003	0.086
-12.6	0.046475	19125.0	3253.125	3581.25	NaN	NaN	NaN	0	1	1	0	0	0	0	0	0	0	0	0	1	0	0	0	0	1	1	0	1	1	1	0	1	-151.0	0.14	0.406	NaN	NaN	0.333	0.902	NaN	NaN	9.99	31.57	NaN	NaN	0.0	"2.5"	"F0034"	1	0	"PR"	198.167	"deionize"	93.773	2	1	0	2644.252	0.0	0.0	null	2843.041	0.087
-11.7	0.046475	19875.0	3253.125	3581.25	NaN	NaN	NaN	0	1	1	0	0	0	0	0	0	0	0	0	1	0	0	0	0	1	1	0	1	1	1	0	1	-140.0	0.14	0.406	NaN	NaN	0.333	0.902	NaN	NaN	9.99	31.57	NaN	NaN	0.0	"2.5"	"F0034"	1	0	"PR"	208.205	"deionize"	103.811	2	1	0	2644.252	0.0	0.0	null	2853.079	0.087
-11.1	0.04565	19312.5	3262.5	3562.5	NaN	NaN	NaN	0	1	1	0	0	0	0	0	0	0	0	0	1	0	0	0	0	1	1	0	1	1	1	0	1	-133.0	0.141	0.404	NaN	NaN	0.336	0.898	NaN	NaN	10.08	31.43	NaN	NaN	0.0	"2.5"	"F0034"	1	0	"PR"	218.245	"deionize"	113.851	2	1	0	2644.252	0.0	0.0	null	2863.119	0.089
-12.0	0.045375	20062.5	3243.75	3525.0	NaN	NaN	NaN	0	1	1	0	0	0	0	0	0	0	0	0	1	0	0	0	0	1	1	0	1	1	1	0	1	-144.0	0.139	0.4	NaN	NaN	0.331	0.889	NaN	NaN	9.93	31.115	NaN	NaN	0.0	"2.5"	"F0034"	1	0	"PR"	228.285	"deionize"	123.891	2	1	0	2644.252	0.0	0.0	null	2873.159	0.088
-12.0	0.045375	19125.0	3253.125	3562.5	NaN	NaN	NaN	0	1	1	0	0	0	0	0	0	0	0	0	1	0	0	0	0	1	1	0	1	1	1	0	1	-144.0	0.14	0.404	NaN	NaN	0.333	0.898	NaN	NaN	9.99	31.43	NaN	NaN	0.0	"2.5"	"F0034"	1	0	"PR"	238.121	"deionize"	133.727	2	1	0	2644.252	0.0	0.0	null	2882.995	0.084
-12.5	0.0451	19875.0	3234.375	3571.875	NaN	NaN	NaN	0	1	1	0	0	0	0	0	0	0	0	0	1	0	0	0	0	1	1	0	1	1	1	0	1	-150.0	0.138	0.405	NaN	NaN	0.329	0.9	NaN	NaN	9.87	31.5	NaN	NaN	0.0	"2.5"	"F0034"	1	0	"PR"	248.164	"deionize"	143.77	2	1	0	2644.252	0.0	0.0	null	2893.038	0.085
-11.0	0.04455	19125.0	3253.125	3628.125	NaN	NaN	NaN	0	1	1	0	0	0	0	0	0	0	0	0	1	0	0	0	0	1	1	0	1	1	1	0	1	-132.0	0.14	0.411	NaN	NaN	0.333	0.913	NaN	NaN	9.99	31.955	NaN	NaN	0.0	"2.5"	"F0034"	1	0	"PR"	258.2	"deionize"	153.806	2	1	0	2644.252	0.0	0.0	null	2903.074	0.087
-11.7	0.04455	17062.5	3253.125	3590.625	NaN	NaN	NaN	0	1	1	0	0	0	0	0	0	0	0	0	1	0	0	0	0	1	1	0	1	1	1	0	1	-140.0	0.14	0.407	NaN	NaN	0.333	0.904	NaN	NaN	9.99	31.64	NaN	NaN	0.0	"2.5"	"F0034"	1	0	"PR"	268.235	"deionize"	163.841	2	1	0	2644.252	0.0	0.0	null	2913.109	0.085
-12.4	0.043175	17437.5	3253.125	3600.0	NaN	NaN	NaN	0	1	1	0	0	0	0	0	0	0	0	0	1	0	0	0	0	1	1	0	1	1	1	0	1	-149.0	0.14	0.408	NaN	NaN	0.333	0.907	NaN	NaN	9.99	31.745	NaN	NaN	0.0	"2.5"	"F0034"	1	0	"PR"	278.275	"deionize"	173.881	2	1	0	2644.252	0.0	0.0	null	2923.149	0.086
-12.2	0.042625	18750.0	3253.125	3571.875	NaN	NaN	NaN	0	1	1	0	0	0	0	0	0	0	0	0	1	0	0	0	0	1	1	0	1	1	1	0	1	-146.0	0.14	0.405	NaN	NaN	0.333	0.9	NaN	NaN	9.99	31.5	NaN	NaN	0.0	"2.5"	"F0034"	1	0	"PR"	288.31	"deionize"	183.916	2	1	0	2644.252	0.0	0.0	null	2933.184	0.087
-12.5	0.0418	18750.0	3262.5	3543.75	NaN	NaN	NaN	0	1	1	0	0	0	0	0	0	0	0	0	1	0	0	0	0	1	1	0	1	1	1	0	1	-150.0	0.141	0.402	NaN	NaN	0.336	0.893	NaN	NaN	10.08	31.255	NaN	NaN	0.0	"2.5"	"F0034"	1	0	"PR"	298.349	"deionize"	193.955	2	1	0	2644.252	0.0	0.0	null	2943.223	0.093
-12.2	0.0418	18750.0	3253.125	3618.75	NaN	NaN	NaN	0	1	1	0	0	0	0	0	0	0	0	0	1	0	0	0	0	1	1	0	1	1	1	0	1	-146.0	0.14	0.41	NaN	NaN	0.333	0.911	NaN	NaN	9.99	31.885	NaN	NaN	0.0	"2.5"	"F0034"	1	0	"PR"	308.185	"deionize"	203.791	2	1	0	2644.252	0.0	0.0	null	2953.059	0.084
-11.8	0.041525	19500.0	3253.125	3553.125	NaN	NaN	NaN	0	1	1	0	0	0	0	0	0	0	0	0	1	0	0	0	0	1	1	0	1	1	1	0	1	-142.0	0.14	0.403	NaN	NaN	0.333	0.896	NaN	NaN	9.99	31.36	NaN	NaN	0.0	"2.5"	"F0034"	1	0	"PR"	318.22	"deionize"	213.826	2	1	0	2644.252	0.0	0.0	null	2963.094	0.087
-12.9	0.04015	19687.5	3243.75	3525.0	NaN	NaN	NaN	0	1	1	0	0	0	0	0	0	0	0	0	1	0	0	0	0	1	1	0	1	1	1	0	1	-155.0	0.139	0.4	NaN	NaN	0.331	0.889	NaN	NaN	9.93	31.115	NaN	NaN	0.0	"2.5"	"F0034"	1	0	"PR"	328.26	"deionize"	223.866	2	1	0	2644.252	0.0	0.0	null	2973.134	0.085
-11.9	0.0396	19125.0	3262.5	3600.0	NaN	NaN	NaN	0	1	1	0	0	0	0	0	0	0	0	0	1	0	0	0	0	1	1	0	1	1	1	0	1	-143.0	0.141	0.408	NaN	NaN	0.336	0.907	NaN	NaN	10.08	31.745	NaN	NaN	0.0	"2.5"	"F0034"	1	0	"PR"	338.3	"deionize"	233.906	2	1	0	2644.252	0.0	0.0	null	2983.174	0.084
-11.3	0.039325	18000.0	3253.125	3562.5	NaN	NaN	NaN	0	1	1	0	0	0	0	0	0	0	0	0	1	0	0	0	0	1	1	0	1	1	1	0	1	-136.0	0.14	0.404	NaN	NaN	0.333	0.898	NaN	NaN	9.99	31.43	NaN	NaN	0.0	"2.5"	"F0034"	1	0	"PR"	348.337	"deionize"	243.943	2	1	0	2644.252	0.0	0.0	null	2993.211	0.085
-11.4	0.039325	17437.5	3271.875	3534.375	NaN	NaN	NaN	0	1	1	0	0	0	0	0	0	0	0	0	1	0	0	0	0	1	1	0	1	1	1	0	1	-137.0	0.142	0.401	NaN	NaN	0.338	0.891	NaN	NaN	10.14	31.185	NaN	NaN	0.0	"2.5"	"F0034"	1	0	"PR"	358.375	"deionize"	253.981	2	1	0	2644.252	0.0	0.0	null	3003.249	0.084
-11.5	0.0374	18375.0	3253.125	3581.25	NaN	NaN	NaN	0	1	1	0	0	0	0	0	0	0	0	0	1	0	0	0	0	1	1	0	1	1	1	0	1	-138.0	0.14	0.406	NaN	NaN	0.333	0.902	NaN	NaN	9.99	31.57	NaN	NaN	0.0	"2.5"	"F0034"	1	0	"PR"	368.413	"deionize"	264.019	2	1	0	2644.252	0.0	0.0	null	3013.287	0.084
-10.7	0.03795	17625.0	3262.5	3571.875	NaN	NaN	NaN	0	1	1	0	0	0	0	0	0	0	0	0	1	0	0	0	0	1	1	0	1	1	1	0	1	-128.0	0.141	0.405	NaN	NaN	0.336	0.9	NaN	NaN	10.08	31.5	NaN	NaN	0.0	"2.5"	"F0034"	1	0	"PR"	378.452	"deionize"	274.058	2	1	0	2644.252	0.0	0.0	null	3023.326	0.086
-9.8	0.03685	19125.0	3253.125	3562.5	NaN	NaN	NaN	0	1	1	0	0	0	0	0	0	0	0	0	1	0	0	0	0	1	1	0	1	1	1	0	1	-118.0	0.14	0.404	NaN	NaN	0.333	0.898	NaN	NaN	9.99	31.43	NaN	NaN	0.0	"2.5"	"F0034"	1	0	"PR"	388.285	"deionize"	283.891	2	1	0	2644.252	0.0	0.0	null	3033.159	0.09
-10.3	0.0363	18562.5	3253.125	3562.5	NaN	NaN	NaN	0	1	1	0	0	0	0	0	0	0	0	0	1	0	0	0	0	1	1	0	1	1	1	0	1	-124.0	0.14	0.404	NaN	NaN	0.333	0.898	NaN	NaN	9.99	31.43	NaN	NaN	0.0	"2.5"	"F0034"	1	0	"PR"	398.319	"deionize"	293.925	2	1	0	2644.252	0.0	0.0	null	3043.193	0.084
-10.2	0.03685	18375.0	3290.625	3562.5	NaN	NaN	NaN	0	1	1	0	0	0	0	0	0	0	0	0	1	0	0	0	0	1	1	0	1	1	1	0	1	-122.0	0.144	0.404	NaN	NaN	0.343	0.898	NaN	NaN	10.29	31.43	NaN	NaN	0.0	"2.5"	"F0034"	1	0	"PR"	408.36	"deionize"	303.966	2	1	0	2644.252	0.0	0.0	null	3053.234	0.086
-11.1	0.0352	17250.0	3262.5	3534.375	NaN	NaN	NaN	0	1	1	0	0	0	0	0	0	0	0	0	1	0	0	0	0	1	1	0	1	1	1	0	1	-133.0	0.141	0.401	NaN	NaN	0.336	0.891	NaN	NaN	10.08	31.185	NaN	NaN	0.0	"2.5"	"F0034"	1	0	"PR"	418.398	"deionize"	314.004	2	1	0	2644.252	0.0	0.0	null	3063.272	0.084
-10.1	0.035475	19125.0	3253.125	3571.875	NaN	NaN	NaN	0	1	1	0	0	0	0	0	0	0	0	0	1	0	0	0	0	1	1	0	1	1	1	0	1	-121.0	0.14	0.405	NaN	NaN	0.333	0.9	NaN	NaN	9.99	31.5	NaN	NaN	0.0	"2.5"	"F0034"	1	0	"PR"	428.44	"deionize"	324.046	2	1	0	2644.252	0.0	0.0	null	3073.314	0.085
-9.8	0.034925	18375.0	3253.125	3571.875	NaN	NaN	NaN	0	1	1	0	0	0	0	0	0	0	0	0	1	0	0	0	0	1	1	0	1	1	1	0	1	-118.0	0.14	0.405	NaN	NaN	0.333	0.9	NaN	NaN	9.99	31.5	NaN	NaN	0.0	"2.5"	"F0034"	1	0	"PR"	438.479	"deionize"	334.085	2	1	0	2644.252	0.0	0.0	null	3083.353	0.084
-9.6	0.034925	18187.5	3253.125	3525.0	NaN	NaN	NaN	0	1	1	0	0	0	0	0	0	0	0	0	1	0	0	0	0	1	1	0	1	1	1	0	1	-115.0	0.14	0.4	NaN	NaN	0.333	0.889	NaN	NaN	9.99	31.115	NaN	NaN	0.0	"2.5"	"F0034"	1	0	"PR"	448.511	"deionize"	344.117	2	1	0	2644.252	0.0	0.0	null	3093.385	0.085
-9.6	0.034375	18937.5	3234.375	3590.625	NaN	NaN	NaN	0	1	1	0	0	0	0	0	0	0	0	0	1	0	0	0	0	1	1	0	1	1	1	0	1	-115.0	0.138	0.407	NaN	NaN	0.329	0.904	NaN	NaN	9.87	31.64	NaN	NaN	0.0	"2.5"	"F0034"	1	0	"PR"	458.353	"deionize"	353.959	2	1	0	2644.252	0.0	0.0	null	3103.227	0.091
-10.5	0.033825	16687.5	3253.125	3581.25	NaN	NaN	NaN	0	1	1	0	0	0	0	0	0	0	0	0	1	0	0	0	1	1	1	0	1	1	1	0	1	-126.0	0.14	0.406	NaN	NaN	0.333	0.902	NaN	NaN	9.99	31.57	NaN	NaN	0.0	"2.5"	"F0034"	1	0	"PR"	468.495	"deionize-uv"	3.917	2	1	0	2644.252	0.0	0.0	null	3113.369	0.084
-11.1	0.0341	18375.0	3281.25	3543.75	NaN	NaN	NaN	0	1	1	0	0	0	0	0	0	0	0	0	1	0	0	0	1	1	1	0	1	1	1	0	1	-133.0	0.143	0.402	NaN	NaN	0.34	0.893	NaN	NaN	10.2	31.255	NaN	NaN	0.0	"2.5"	"F0034"	1	0	"PR"	478.531	"deionize-uv"	13.953	2	1	0	2644.252	0.0	0.0	null	3123.405	0.087
-8.8	0.03355	18937.5	3234.375	3590.625	NaN	NaN	NaN	0	1	1	0	0	0	0	0	0	0	0	0	1	0	0	0	1	1	1	0	1	1	1	0	1	-106.0	0.138	0.407	NaN	NaN	0.329	0.904	NaN	NaN	9.87	31.64	NaN	NaN	0.0	"2.5"	"F0034"	1	0	"PR"	488.569	"deionize-uv"	23.991	2	1	0	2644.252	0.0	0.0	null	3133.443	0.084
-10.6	0.03355	19687.5	3253.125	3562.5	NaN	NaN	NaN	0	1	1	0	0	0	0	0	0	0	0	0	1	0	0	0	1	1	1	0	1	1	1	0	1	-127.0	0.14	0.404	NaN	NaN	0.333	0.898	NaN	NaN	9.99	31.43	NaN	NaN	0.0	"2.5"	"F0034"	1	0	"PR"	498.404	"deionize-uv"	33.826	2	1	0	2644.252	0.0	0.0	null	3143.278	0.087
-8.8	0.033	19500.0	3253.125	3590.625	NaN	NaN	NaN	0	1	1	0	0	0	0	0	0	0	0	0	1	0	0	0	1	1	1	0	1	1	1	0	1	-106.0	0.14	0.407	NaN	NaN	0.333	0.904	NaN	NaN	9.99	31.64	NaN	NaN	0.0	"2.5"	"F0034"	1	0	"PR"	508.448	"deionize-uv"	43.87	2	1	0	2644.252	0.0	0.0	null	3153.322	0.092
-8.2	0.03245	19500.0	3253.125	3543.75	NaN	NaN	NaN	0	1	1	0	0	0	0	0	0	0	0	0	1	0	0	0	1	1	1	0	1	1	1	0	1	-98.0	0.14	0.402	NaN	NaN	0.333	0.893	NaN	NaN	9.99	31.255	NaN	NaN	0.0	"2.5"	"F0034"	1	0	"PR"	518.481	"deionize-uv"	53.903	2	1	0	2644.252	0.0	0.0	null	3163.355	0.087
-8.9	0.03245	31500.0	3281.25	3271.875	NaN	NaN	NaN	0	0	1	0	0	0	0	1	0	0	0	0	1	0	0	0	1	1	1	0	1	1	1	0	1	-107.0	0.143	0.375	NaN	NaN	0.34	0.833	NaN	NaN	10.2	29.155	NaN	NaN	0.0	"2.5"	"F0034"	1	0	"PR"	528.447	"drain-di-1"	3.741	2	1	0	2644.252	0.0	0.0	null	3173.321	0.091
-8.3	0.031625	43312.5	3290.625	3112.5	NaN	NaN	NaN	0	0	1	0	0	0	0	1	0	0	0	0	1	0	0	0	1	1	1	0	1	1	1	0	1	-100.0	0.144	0.359	NaN	NaN	0.343	0.798	NaN	NaN	10.29	27.93	NaN	NaN	0.0	"2.5"	"F0034"	1	0	"PR"	538.481	"drain-di-1"	13.775	2	1	0	2644.252	0.0	0.0	null	3183.355	0.09
-8.3	0.031625	51750.0	3253.125	2971.875	NaN	NaN	NaN	0	0	1	0	0	0	0	1	0	0	0	0	1	0	0	0	1	1	1	0	1	1	1	0	1	-100.0	0.14	0.345	NaN	NaN	0.333	0.767	NaN	NaN	9.99	26.845	NaN	NaN	0.0	"2.5"	"F0034"	1	0	"PR"	548.516	"drain-di-1"	23.81	2	1	0	2644.252	0.0	0.0	null	3193.39	0.09
-8.3	0.0319	55312.5	3253.125	2831.25	NaN	NaN	NaN	0	0	1	0	0	0	0	1	0	0	0	0	1	0	0	0	1	1	1	0	1	1	1	0	1	-100.0	0.14	0.331	NaN	NaN	0.333	0.736	NaN	NaN	9.99	25.76	NaN	NaN	0.0	"2.5"	"F0034"	1	0	"PR"	558.555	"drain-di-1"	33.849	2	1	0	2644.252	0.0	0.0	null	3203.429	0.092
-7.8	0.03135	53812.5	3253.125	2681.25	NaN	NaN	NaN	0	0	1	0	0	0	0	1	0	0	0	0	1	0	0	0	1	1	1	0	1	1	1	0	1	-94.0	0.14	0.316	NaN	NaN	0.333	0.702	NaN	NaN	9.99	24.57	NaN	NaN	0.0	"2.5"	"F0034"	1	0	"PR"	568.596	"drain-di-1"	43.89	2	1	0	2644.252	0.0	0.0	null	3213.47	0.091
-7.3	0.031075	55687.5	3281.25	2521.875	NaN	NaN	NaN	0	0	1	0	0	0	0	1	0	0	0	0	1	0	0	0	1	1	1	0	1	1	1	0	1	-88.0	0.143	0.3	NaN	NaN	0.34	0.667	NaN	NaN	10.2	23.345	NaN	NaN	0.0	"2.5"	"F0034"	1	0	"PR"	578.633	"drain-di-1"	53.927	2	1	0	2644.252	0.0	0.0	null	3223.507	0.091
-7.9	0.0308	54000.0	3271.875	2400.0	NaN	NaN	NaN	0	0	1	0	0	0	0	1	0	0	0	0	1	0	0	0	1	1	1	0	1	1	1	0	1	-95.0	0.142	0.288	NaN	NaN	0.338	0.64	NaN	NaN	10.14	22.4	NaN	NaN	0.0	"2.5"	"F0034"	1	0	"PR"	588.472	"drain-di-1"	63.766	2	1	0	2644.252	0.0	0.0	null	3233.346	0.091
-7.8	0.029975	54375.0	3262.5	2268.75	NaN	NaN	NaN	0	0	1	0	0	0	0	1	0	0	0	0	1	0	0	0	1	1	1	0	1	1	1	0	1	-94.0	0.141	0.275	NaN	NaN	0.336	0.611	NaN	NaN	10.08	21.385	NaN	NaN	0.0	"2.5"	"F0034"	1	0	"PR"	598.51	"drain-di-1"	73.804	2	1	0	2644.252	0.0	0.0	null	3243.384	0.091
-7.7	0.0297	54375.0	3262.5	2137.5	NaN	NaN	NaN	0	0	1	0	0	0	0	1	0	0	0	0	1	0	0	0	1	1	1	0	1	1	1	0	1	-92.0	0.141	0.262	NaN	NaN	0.336	0.582	NaN	NaN	10.08	20.37	NaN	NaN	0.0	"2.5"	"F0034"	1	0	"PR"	608.548	"drain-di-1"	83.842	2	1	0	2644.252	0.0	0.0	null	3253.422	0.093
-7.7	0.029425	53437.5	3243.75	1987.5	NaN	NaN	NaN	0	0	1	0	0	0	0	1	0	0	0	0	1	0	0	0	1	1	1	0	1	1	1	0	1	-92.0	0.139	0.247	NaN	NaN	0.331	0.549	NaN	NaN	9.93	19.215	NaN	NaN	0.0	"2.5"	"F0034"	1	0	"PR"	618.583	"drain-di-1"	93.877	2	1	0	2644.252	0.0	0.0	null	3263.457	0.088
-7.8	0.02915	52875.0	3253.125	1846.875	NaN	NaN	NaN	0	0	1	0	0	0	0	1	0	0	0	0	1	0	0	0	1	1	1	0	1	1	1	0	1	-94.0	0.14	0.233	NaN	NaN	0.333	0.518	NaN	NaN	9.99	18.13	NaN	NaN	0.0	"2.5"	"F0034"	1	0	"PR"	628.621	"drain-di-1"	103.915	2	1	0	2644.252	0.0	0.0	null	3273.495	0.091
-7.0	0.029425	51937.5	3262.5	1696.875	NaN	NaN	NaN	0	0	1	0	0	0	0	1	0	0	0	0	1	0	0	0	1	1	1	0	1	1	1	0	1	-84.0	0.141	0.218	NaN	NaN	0.336	0.484	NaN	NaN	10.08	16.94	NaN	NaN	0.0	"2.5"	"F0034"	1	0	"PR"	638.66	"drain-di-1"	113.954	2	1	0	2644.252	0.0	0.0	null	3283.534	0.09
-7.4	0.0286	51937.5	3253.125	1556.25	NaN	NaN	NaN	0	0	1	0	0	0	0	1	0	0	0	0	1	0	0	0	1	1	1	0	1	1	1	0	1	-89.0	0.14	0.204	NaN	NaN	0.333	0.453	NaN	NaN	9.99	15.855	NaN	NaN	0.0	"2.5"	"F0034"	1	0	"PR"	648.696	"drain-di-1"	123.99	2	1	0	2644.252	0.0	0.0	null	3293.57	0.09
-6.2	0.02805	51750.0	3253.125	1434.375	NaN	NaN	NaN	0	0	1	0	0	0	0	1	0	0	0	0	1	0	0	0	1	1	1	0	1	1	1	0	1	-74.0	0.14	0.191	NaN	NaN	0.333	0.424	NaN	NaN	9.99	14.84	NaN	NaN	0.0	"2.5"	"F0034"	1	0	"PR"	658.542	"drain-di-1"	133.836	2	1	0	2644.252	0.0	0.0	null	3303.416	0.089
-6.6	0.02915	50437.5	3253.125	1275.0	NaN	NaN	NaN	0	0	1	0	0	0	0	1	0	0	0	0	1	0	0	0	1	1	1	0	1	1	1	0	1	-79.0	0.14	0.175	NaN	NaN	0.333	0.389	NaN	NaN	9.99	13.615	NaN	NaN	0.0	"2.5"	"F0034"	1	0	"PR"	668.577	"drain-di-1"	143.871	2	1	0	2644.252	0.0	0.0	null	3313.451	0.087
-6.7	0.0286	51375.0	3253.125	1134.375	NaN	NaN	NaN	0	0	1	0	0	0	0	1	0	0	0	0	1	0	0	0	1	1	1	0	1	1	1	0	1	-80.0	0.14	0.161	NaN	NaN	0.333	0.358	NaN	NaN	9.99	12.53	NaN	NaN	0.0	"2.5"	"F0034"	1	0	"PR"	678.617	"drain-di-1"	153.911	2	1	0	2644.252	0.0	0.0	null	3323.491	0.087
-7.3	0.028325	52125.0	3281.25	993.75	NaN	NaN	NaN	0	0	1	0	0	0	0	1	0	0	0	0	1	0	0	0	1	1	1	0	1	1	1	0	1	-88.0	0.143	0.147	NaN	NaN	0.34	0.327	NaN	NaN	10.2	11.445	NaN	NaN	0.0	"2.5"	"F0034"	1	0	"PR"	688.654	"drain-di-1"	163.948	2	1	0	2644.252	0.0	0.0	null	3333.528	0.088
-6.4	0.028325	52875.0	3253.125	834.375	NaN	NaN	NaN	0	0	1	0	0	0	0	1	0	0	0	0	1	0	0	0	1	1	1	0	1	1	1	0	1	-77.0	0.14	0.131	NaN	NaN	0.333	0.291	NaN	NaN	9.99	10.185	NaN	NaN	0.0	"2.5"	"F0034"	1	0	"PR"	698.692	"drain-di-1"	173.986	2	1	0	2644.252	0.0	0.0	null	3343.566	0.091
-7.1	0.02915	51937.5	3225.0	684.375	NaN	NaN	NaN	0	0	1	0	0	0	0	1	0	0	0	0	1	0	0	0	1	1	1	0	1	1	1	0	1	-85.0	0.138	0.116	NaN	NaN	0.329	0.258	NaN	NaN	9.87	9.03	NaN	NaN	0.0	"2.5"	"F0034"	1	0	"PR"	708.732	"drain-di-1"	184.026	2	1	0	2644.252	0.0	0.0	null	3353.606	0.09
-6.5	0.028875	52687.5	3253.125	515.625	NaN	NaN	NaN	0	0	1	0	0	0	0	1	0	0	0	0	1	0	0	0	1	1	1	0	1	1	1	0	1	-78.0	0.14	0.1	NaN	NaN	0.333	0.222	NaN	NaN	9.99	7.77	NaN	NaN	0.0	"2.5"	"F0034"	1	0	"PR"	718.768	"drain-di-1"	194.062	2	1	0	2644.252	0.0	0.0	null	3363.642	0.091
-6.7	0.02915	53250.0	3253.125	403.125	NaN	NaN	NaN	0	0	1	0	0	0	0	1	0	0	0	0	1	0	0	0	1	1	1	0	1	1	1	0	1	-80.0	0.14	0.088	NaN	NaN	0.333	0.196	NaN	NaN	9.99	6.86	NaN	NaN	0.0	"2.5"	"F0034"	1	0	"PR"	728.805	"drain-di-1"	204.099	2	1	0	2644.252	0.0	0.0	null	3373.679	0.087
-7.1	0.02915	52500.0	3253.125	253.125	NaN	NaN	NaN	0	0	1	0	0	0	0	1	0	0	0	0	1	0	0	0	1	1	1	0	1	1	1	0	1	-85.0	0.14	0.073	NaN	NaN	0.333	0.162	NaN	NaN	9.99	5.67	NaN	NaN	0.0	"2.5"	"F0034"	1	0	"PR"	738.641	"drain-di-1"	213.935	2	1	0	2644.252	0.0	0.0	null	3383.515	0.089
-7.2	0.02915	51562.5	3253.125	112.5	NaN	NaN	NaN	0	0	1	0	0	0	0	1	0	0	0	0	1	0	0	0	1	1	1	0	1	1	1	0	1	-86.0	0.14	0.059	NaN	NaN	0.333	0.131	NaN	NaN	9.99	4.585	NaN	NaN	0.0	"2.5"	"F0034"	1	0	"PR"	748.791	"drip-di-1"	3.524	2	1	0	2644.252	0.0	0.0	null	3393.665	0.091
-7.2	0.028875	52125.0	3271.875	-28.125	NaN	NaN	NaN	0	0	1	0	0	0	0	1	0	0	0	0	1	0	0	0	1	1	1	0	1	1	1	0	1	-86.0	0.142	0.045	NaN	NaN	0.338	0.1	NaN	NaN	10.14	3.5	NaN	NaN	0.0	"2.5"	"F0034"	1	0	"PR"	758.832	"drip-di-1"	13.565	2	1	0	2644.252	0.0	0.0	null	3403.706	0.092
9.7	0.02915	20812.5	3281.25	93.75	NaN	NaN	NaN	1	0	0	0	0	1	1	0	0	0	0	0	1	1	0	0	0	1	1	1	0	1	1	1	0	116.0	0.143	0.057	NaN	NaN	0.34	0.127	NaN	NaN	10.2	4.445	NaN	NaN	0.0	"2.5"	"F0034"	1	1	"PR"	768.839	"reverse-f"	5.388	2	1	0	2644.252	0.0	0.0	null	3413.713	0.092
12.6	0.03025	16687.5	3459.375	412.5	NaN	NaN	NaN	1	0	0	0	0	1	1	0	0	0	0	0	1	1	0	0	0	1	1	1	0	1	1	1	0	151.0	0.161	0.089	NaN	NaN	0.383	0.198	NaN	NaN	11.49	6.93	NaN	NaN	0.0	"2.5"	"F0034"	1	1	"PR"	778.675	"reverse-f"	15.224	2	1	0	2644.252	0.0	0.0	null	3423.549	0.087
12.4	0.032725	15562.5	3506.25	740.625	NaN	NaN	NaN	1	0	0	0	0	1	1	0	0	0	0	0	1	1	0	0	0	1	1	1	0	1	1	1	0	149.0	0.166	0.122	NaN	NaN	0.395	0.271	NaN	NaN	11.85	9.485	NaN	NaN	0.0	"2.5"	"F0034"	1	1	"PR"	788.707	"reverse-f"	25.256	2	1	0	2644.252	0.0	0.0	null	3433.581	0.086
12.9	0.037125	14812.5	3487.5	1040.625	NaN	NaN	NaN	1	0	0	0	0	1	1	0	0	0	0	0	1	1	0	0	0	1	1	1	0	1	1	1	0	155.0	0.164	0.152	NaN	NaN	0.39	0.338	NaN	NaN	11.7	11.83	NaN	NaN	0.0	"2.5"	"F0034"	1	1	"PR"	798.744	"reverse-f"	35.293	2	1	0	2644.252	0.0	0.0	null	3443.618	0.085
12.2	0.04235	12562.5	3525.0	1359.375	NaN	NaN	NaN	1	0	0	0	0	1	1	0	0	0	0	0	1	1	0	0	0	1	1	1	0	1	1	1	0	146.0	0.167	0.184	NaN	NaN	0.398	0.409	NaN	NaN	11.94	14.315	NaN	NaN	0.0	"2.5"	"F0034"	1	1	"PR"	808.778	"reverse-f"	45.327	2	1	0	2644.252	0.0	0.0	null	3453.652	0.084
12.6	0.04675	14437.5	3562.5	1696.875	NaN	NaN	NaN	1	0	0	0	0	1	1	0	0	0	0	0	1	1	0	0	0	1	1	1	0	1	1	1	0	151.0	0.171	0.218	NaN	NaN	0.407	0.484	NaN	NaN	12.21	16.94	NaN	NaN	0.0	"2.5"	"F0034"	1	1	"PR"	818.811	"reverse-f"	55.36	2	1	0	2644.252	0.0	0.0	null	3463.685	0.084
11.2	0.051975	13500.0	3562.5	1978.125	NaN	NaN	NaN	1	0	0	0	0	1	1	0	0	0	0	0	1	1	0	0	0	1	1	1	0	1	1	1	0	134.0	0.171	0.246	NaN	NaN	0.407	0.547	NaN	NaN	12.21	19.145	NaN	NaN	0.0	"2.5"	"F0034"	1	1	"PR"	828.854	"reverse-f"	65.403	2	1	0	2644.252	0.0	0.0	null	3473.728	0.089
13.3	0.055825	14250.0	3562.5	2325.0	NaN	NaN	NaN	1	0	0	0	0	1	1	0	0	0	0	0	1	1	0	0	0	1	1	1	0	1	1	1	0	160.0	0.171	0.281	NaN	NaN	0.407	0.624	NaN	NaN	12.21	21.84	NaN	NaN	0.0	"2.5"	"F0034"	1	1	"PR"	838.882	"reverse-f"	75.431	2	1	0	2644.252	0.0	0.0	null	3483.756	0.087
12.8	0.058575	12375.0	3600.0	2625.0	NaN	NaN	NaN	1	0	0	0	0	1	1	0	0	0	0	0	1	1	0	0	0	1	1	1	0	1	1	1	0	154.0	0.175	0.31	NaN	NaN	0.417	0.689	NaN	NaN	12.51	24.115	NaN	NaN	0.0	"2.5"	"F0034"	1	1	"PR"	848.918	"reverse-f"	85.467	2	1	0	2644.252	0.0	0.0	null	3493.792	0.087
12.1	0.06105	12562.5	3571.875	2943.75	NaN	NaN	NaN	1	0	0	0	0	1	1	0	0	0	0	0	1	1	0	0	0	1	1	1	0	1	1	1	0	145.0	0.172	0.342	NaN	NaN	0.41	0.76	NaN	NaN	12.3	26.6	NaN	NaN	0.0	"2.5"	"F0034"	1	1	"PR"	858.756	"reverse-f"	95.305	2	1	0	2644.252	0.0	0.0	null	3503.63	0.088
12.3	0.06215	13687.5	3600.0	3262.5	NaN	NaN	NaN	1	0	0	0	0	1	1	0	0	0	0	0	1	1	0	0	0	1	1	1	0	1	1	1	0	148.0	0.175	0.374	NaN	NaN	0.417	0.831	NaN	NaN	12.51	29.085	NaN	NaN	0.0	"2.5"	"F0034"	1	1	"PR"	868.79	"reverse-f"	105.339	2	1	0	2644.252	0.0	0.0	null	3513.664	0.084
10.4	0.06215	11625.0	3600.0	3421.875	NaN	NaN	NaN	0	0	0	0	0	1	1	0	0	0	0	0	1	0	0	0	0	1	1	1	0	1	1	1	0	125.0	0.175	0.39	NaN	NaN	0.417	0.867	NaN	NaN	12.51	30.345	NaN	NaN	0.0	"2.5"	"F0034"	1	1	"PR"	878.939	"reverse"	115.488	2	1	0	2644.252	0.0	0.0	null	3523.813	0.088
12.7	0.0627	13125.0	3590.625	3393.75	NaN	NaN	NaN	0	0	0	0	0	1	1	0	0	0	0	0	1	0	0	0	0	1	1	1	0	1	1	1	0	152.0	0.174	0.387	NaN	NaN	0.414	0.86	NaN	NaN	12.42	30.1	NaN	NaN	0.0	"2.5"	"F0034"	1	1	"PR"	888.973	"reverse"	125.522	2	1	0	2644.252	0.0	0.0	null	3533.847	0.086
12.6	0.0627	13687.5	3618.75	3393.75	NaN	NaN	NaN	0	0	0	0	0	1	1	0	0	0	0	0	1	0	0	0	0	1	1	1	0	1	1	1	0	151.0	0.177	0.387	NaN	NaN	0.421	0.86	NaN	NaN	12.63	30.1	NaN	NaN	0.0	"2.5"	"F0034"	1	1	"PR"	898.803	"reverse"	135.352	2	1	0	2644.252	0.0	0.0	null	3543.677	0.084
12.6	0.06215	12750.0	3618.75	3393.75	NaN	NaN	NaN	0	0	0	0	0	1	1	0	0	0	0	0	1	0	0	0	0	1	1	1	0	1	1	1	0	151.0	0.177	0.387	NaN	NaN	0.421	0.86	NaN	NaN	12.63	30.1	NaN	NaN	0.0	"2.5"	"F0034"	1	1	"PR"	908.839	"reverse"	145.388	2	1	0	2644.252	0.0	0.0	null	3553.713	0.085
4.3	0.062425	9187.5	3759.375	3403.125	NaN	NaN	NaN	0	0	0	0	0	0	0	0	0	0	0	0	0	0	0	0	0	0	0	0	1	0	0	0	1	52.0	0.191	0.388	NaN	NaN	0.455	0.862	NaN	NaN	13.65	30.17	NaN	NaN	0.0	"2.5"	"F0034"	0	0	"PR"	918.965	"diffuse"	5.508	2	1	1	2644.252	0.0	0.0	null	3563.839	0.084
4.0	0.0627	8812.5	3759.375	3403.125	NaN	NaN	NaN	0	0	0	0	0	0	0	0	0	0	0	0	0	0	0	0	0	0	0	0	1	0	0	0	1	48.0	0.191	0.388	NaN	NaN	0.455	0.862	NaN	NaN	13.65	30.17	NaN	NaN	0.0	"2.5"	"F0034"	0	0	"PR"	928.996	"diffuse"	15.539	2	1	1	2644.252	0.0	0.0	null	3573.87	0.083
4.2	0.0627	10687.5	3759.375	3393.75	NaN	NaN	NaN	0	0	0	0	0	0	0	0	0	0	0	0	0	0	0	0	0	0	0	0	1	0	0	0	1	50.0	0.191	0.387	NaN	NaN	0.455	0.86	NaN	NaN	13.65	30.1	NaN	NaN	0.0	"2.5"	"F0034"	0	0	"PR"	939.027	"diffuse"	25.57	2	1	1	2644.252	0.0	0.0	null	3583.901	0.084
3.9	0.06215	10500.0	3768.75	3403.125	NaN	NaN	NaN	0	0	0	0	0	0	0	0	0	0	0	0	0	0	0	0	0	0	0	0	1	0	0	0	1	47.0	0.192	0.388	NaN	NaN	0.457	0.862	NaN	NaN	13.71	30.17	NaN	NaN	0.0	"2.5"	"F0034"	0	0	"PR"	948.868	"diffuse"	35.411	2	1	1	2644.252	0.0	0.0	null	3593.742	0.087
4.8	0.06325	11250.0	3759.375	3393.75	NaN	NaN	NaN	0	0	0	0	0	0	0	0	0	0	0	0	0	0	0	0	0	0	0	0	1	0	0	0	1	58.0	0.191	0.387	NaN	NaN	0.455	0.86	NaN	NaN	13.65	30.1	NaN	NaN	0.0	"2.5"	"F0034"	0	0	"PR"	958.905	"diffuse"	45.448	2	1	1	2644.252	0.0	0.0	null	3603.779	0.084
4.3	0.0627	10500.0	3768.75	3393.75	NaN	NaN	NaN	0	0	0	0	0	0	0	0	0	0	0	0	0	0	0	0	0	0	0	0	1	0	0	0	1	52.0	0.192	0.387	NaN	NaN	0.457	0.86	NaN	NaN	13.71	30.1	NaN	NaN	0.0	"2.5"	"F0034"	0	0	"PR"	968.947	"diffuse"	55.49	2	1	1	2644.252	0.0	0.0	null	3613.821	0.085
12.6	0.06215	13500.0	3646.875	3384.375	NaN	NaN	NaN	0	0	0	0	0	1	1	0	0	0	0	0	1	0	0	0	0	1	1	1	0	1	1	1	0	151.0	0.18	0.386	NaN	NaN	0.429	0.858	NaN	NaN	12.87	30.03	NaN	NaN	0.0	"2.5"	"F0034"	1	1	"PR"	979.072	"wash-en"	5.507	2	1	1	2644.252	0.0	0.0	null	3623.946	0.086
12.7	0.06325	14250.0	3693.75	3393.75	NaN	NaN	NaN	0	0	0	0	0	1	1	0	0	0	0	0	1	0	0	0	0	1	1	1	0	1	1	1	0	152.0	0.184	0.387	NaN	NaN	0.438	0.86	NaN	NaN	13.14	30.1	NaN	NaN	0.0	"2.5"	"F0034"	1	1	"PR"	988.902	"wash-en"	15.337	2	1	1	2644.252	0.0	0.0	null	3633.776	0.09
3.2	0.064625	15187.5	3628.125	3393.75	NaN	NaN	NaN	0	0	0	0	0	1	1	0	0	0	0	0	1	0	0	0	0	0	0	0	1	0	0	0	1	38.0	0.178	0.387	NaN	NaN	0.424	0.86	NaN	NaN	12.72	30.1	NaN	NaN	0.0	"2.5"	"F0034"	0	0	"PR"	999.022	"wash-sc"	5.307	2	1	1	2644.252	0.0	0.0	null	3643.896	0.084
