cur	ec	mod-ps	rg-ps	di-ps	fw1-ps	fw2-ps	pf-ps	vlv-di-fill	vlv-di-in	vlv-di-out	vlv-rg-fill	vlv-rg-drain	vlv-rg-in	vlv-rg-out	vlv-fw1-in	vlv-fw1-out	vlv-fw2-in	vlv-po	vlv-mod-drain	pmp-sys	pmp-di	pmp-fw1	pmp-fw2	uv	en-anode1	en-cath1	pl-anode1	pl-cath1	en-anode2	en-cath2	pl-anode2	pl-cath2	pw	rg-he	di-he	fw1-he	fw2-he	rg-lev	di-lev	fw1-lev	fw2-lev	rg-vol	di-vol	fw1-vol	fw2-vol	pr-ec	ver	sn	mod-en	mod-pl	proc	proc-time	ph	ph-time	count	cyc	rnd	pr-last	rc-last	fr-last	halt-re	time	exec
2.4	0.049775	30000.0	2812.5	2306.25	NaN	NaN	NaN	0	0	0	0	0	1	1	0	0	0	0	0	1	0	0	0	0	0	0	0	1	0	0	0	1	29.0	0.096	0.289	NaN	NaN	0.229	0.642	NaN	NaN	6.87	22.47	NaN	NaN	0.0	"2.5"	"F0034"	0	0	"PR"	8.248	"prime"	7.428	0	0	0	0.0	0.0	0.0	null	10.053	0.083
2.4	0.049775	30000.0	2812.5	2306.25	NaN	NaN	NaN	0	0	0	0	0	1	1	0	0	0	0	0	1	0	0	0	0	0	0	0	1	0	0	0	1	29.0	0.096	0.289	NaN	NaN	0.229	0.642	NaN	NaN	6.87	22.47	NaN	NaN	0.0	"2.5"	"F0034"	0	0	"PR"	8.248	"prime"	7.428	0	0	0	0.0	0.0	0.0	null	10.053	0.083
2.9	0.050875	30000.0	2812.5	2296.875	NaN	NaN	NaN	0	0	0	0	0	1	1	0	0	0	0	0	1	0	0	0	0	0	0	0	1	0	0	0	1	35.0	0.096	0.288	NaN	NaN	0.229	0.64	NaN	NaN	6.87	22.4	NaN	NaN	0.0	"2.5"	"F0034"	0	0	"PR"	18.287	"prime"	17.467	0	0	0	0.0	0.0	0.0	null	20.092	0.083
2.7	0.05005	29250.0	2812.5	2306.25	NaN	NaN	NaN	0	0	0	0	0	1	1	0	0	0	0	0	1	0	0	0	0	0	0	0	1	0	0	0	1	32.0	0.096	0.289	NaN	NaN	0.229	0.642	NaN	NaN	6.87	22.47	NaN	NaN	0.0	"2.5"	"F0034"	0	0	"PR"	28.327	"prime"	27.507	0	0	0	0.0	0.0	0.0	null	30.132	0.083
-11.5	0.049225	31500.0	2962.5	2643.75	NaN	NaN	NaN	0	1	1	0	0	0	0	0	0	0	0	0	1	0	0	0	0	1	1	0	1	1	1	0	1	-138.0	0.111	0.322	NaN	NaN	0.264	0.716	NaN	NaN	7.92	25.06	NaN	NaN	0.0	"2.5"	"F0034"	1	0	"PR"	38.384	"deionize"	7.047	0	1	0	0.0	0.0	0.0	null	40.189	0.087
-12.0	0.0484	30937.5	2990.625	2559.375	NaN	NaN	NaN	0	1	1	0	0	0	0	0	0	0	0	0	1	0	0	0	0	1	1	0	1	1	1	0	1	-144.0	0.114	0.314	NaN	NaN	0.271	0.698	NaN	NaN	8.13	24.43	NaN	NaN	0.0	"2.5"	"F0034"	1	0	"PR"	48.416	"deionize"	17.079	0	1	0	0.0	0.0	0.0	null	50.221	0.075
-12.0	0.047575	32812.5	2971.875	2437.5	NaN	NaN	NaN	0	1	1	0	0	0	0	0	0	0	0	0	1	0	0	0	0	1	1	0	1	1	1	0	1	-144.0	0.112	0.302	NaN	NaN	0.267	0.671	NaN	NaN	8.01	23.485	NaN	NaN	0.0	"2.5"	"F0034"	1	0	"PR"	58.45	"deionize"	27.113	0	1	0	0.0	0.0	0.0	null	60.255	0.087
-12.0	0.045375	32437.5	2962.5	2606.25	NaN	NaN	NaN	0	1	1	0	0	0	0	0	0	0	0	0	1	0	0	0	0	1	1	0	1	1	1	0	1	-144.0	0.111	0.319	NaN	NaN	0.264	0.709	NaN	NaN	7.92	24.815	NaN	NaN	0.0	"2.5"	"F0034"	1	0	"PR"	68.488	"deionize"	37.151	0	1	0	0.0	0.0	0.0	null	70.293	0.097
-12.0	0.04455	29812.5	2971.875	2503.125	NaN	NaN	NaN	0	1	1	0	0	0	0	0	0	0	0	0	1	0	0	0	0	1	1	0	1	1	1	0	1	-144.0	0.112	0.308	NaN	NaN	0.267	0.684	NaN	NaN	8.01	23.94	NaN	NaN	0.0	"2.5"	"F0034"	1	0	"PR"	78.321	"deionize"	46.984	0	1	0	0.0	0.0	0.0	null	80.126	0.084
-11.4	0.044	33187.5	2962.5	2475.0	NaN	NaN	NaN	0	1	1	0	0	0	0	0	0	0	0	0	1	0	0	0	0	1	1	0	1	1	1	0	1	-137.0	0.111	0.305	NaN	NaN	0.264	0.678	NaN	NaN	7.92	23.73	NaN	NaN	0.0	"2.5"	"F0034"	1	0	"PR"	88.358	"deionize"	57.021	0	1	0	0.0	0.0	0.0	null	90.163	0.085
-11.6	0.042075	30000.0	2962.5	2587.5	NaN	NaN	NaN	0	1	1	0	0	0	0	0	0	0	0	0	1	0	0	0	0	1	1	0	1	1	1	0	1	-139.0	0.111	0.317	NaN	NaN	0.264	0.704	NaN	NaN	7.92	24.64	NaN	NaN	0.0	"2.5"	"F0034"	1	0	"PR"	98.399	"deionize"	67.062	0	1	0	0.0	0.0	0.0	null	100.204	0.096
-12.0	0.040425	32062.5	2962.5	2465.625	NaN	NaN	NaN	0	1	1	0	0	0	0	0	0	0	0	0	1	0	0	0	0	1	1	0	1	1	1	0	1	-144.0	0.111	0.305	NaN	NaN	0.264	0.678	NaN	NaN	7.92	23.73	NaN	NaN	0.0	"2.5"	"F0034"	1	0	"PR"	108.433	"deionize"	77.096	0	1	0	0.0	0.0	0.0	null	110.238	0.084
-11.9	0.039875	33000.0	2962.5	2475.0	NaN	NaN	NaN	0	1	1	0	0	0	0	0	0	0	0	0	1	0	0	0	0	1	1	0	1	1	1	0	1	-143.0	0.111	0.305	NaN	NaN	0.264	0.678	NaN	NaN	7.92	23.73	NaN	NaN	0.0	"2.5"	"F0034"	1	0	"PR"	118.474	"deionize"	87.137	0	1	0	0.0	0.0	0.0	null	120.279	0.086
-12.4	0.038775	30562.5	2962.5	2521.875	NaN	NaN	NaN	0	1	1	0	0	0	0	0	0	0	0	0	1	0	0	0	0	1	1	0	1	1	1	0	1	-149.0	0.111	0.31	NaN	NaN	0.264	0.689	NaN	NaN	7.92	24.115	NaN	NaN	0.0	"2.5"	"F0034"	1	0	"PR"	128.509	"deionize"	97.172	0	1	0	0.0	0.0	0.0	null	130.314	0.084
-11.3	0.038225	29812.5	2962.5	2493.75	NaN	NaN	NaN	0	1	1	0	0	0	0	0	0	0	0	0	1	0	0	0	0	1	1	0	1	1	1	0	1	-136.0	0.111	0.307	NaN	NaN	0.264	0.682	NaN	NaN	7.92	23.87	NaN	NaN	0.0	"2.5"	"F0034"	1	0	"PR"	138.545	"deionize"	107.208	0	1	0	0.0	0.0	0.0	null	140.35	0.084
-10.6	0.037125	29625.0	2971.875	2550.0	NaN	NaN	NaN	0	1	1	0	0	0	0	0	0	0	0	0	1	0	0	0	0	1	1	0	1	1	1	0	1	-127.0	0.112	0.313	NaN	NaN	0.267	0.696	NaN	NaN	8.01	24.36	NaN	NaN	0.0	"2.5"	"F0034"	1	0	"PR"	148.582	"deionize"	117.245	0	1	0	0.0	0.0	0.0	null	150.387	0.087
-11.0	0.0363	30562.5	2962.5	2503.125	NaN	NaN	NaN	0	1	1	0	0	0	0	0	0	0	0	0	1	0	0	0	0	1	1	0	1	1	1	0	1	-132.0	0.111	0.308	NaN	NaN	0.264	0.684	NaN	NaN	7.92	23.94	NaN	NaN	0.0	"2.5"	"F0034"	1	0	"PR"	158.417	"deionize"	127.08	0	1	0	0.0	0.0	0.0	null	160.222	0.084
-11.0	0.036025	30562.5	2953.125	2493.75	NaN	NaN	NaN	0	1	1	0	0	0	0	0	0	0	0	0	1	0	0	0	0	1	1	0	1	1	1	0	1	-132.0	0.11	0.307	NaN	NaN	0.262	0.682	NaN	NaN	7.86	23.87	NaN	NaN	0.0	"2.5"	"F0034"	1	0	"PR"	168.456	"deionize"	137.119	0	1	0	0.0	0.0	0.0	null	170.261	0.088
-11.0	0.035475	31312.5	2934.375	2437.5	NaN	NaN	NaN	0	1	1	0	0	0	0	0	0	0	0	0	1	0	0	0	0	1	1	0	1	1	1	0	1	-132.0	0.108	0.302	NaN	NaN	0.257	0.671	NaN	NaN	7.71	23.485	NaN	NaN	0.0	"2.5"	"F0034"	1	0	"PR"	178.492	"deionize"	147.155	0	1	0	0.0	0.0	0.0	null	180.297	0.084
-9.9	0.0352	31500.0	2971.875	2475.0	NaN	NaN	NaN	0	1	1	0	0	0	0	0	0	0	0	0	1	0	0	0	0	1	1	0	1	1	1	0	1	-119.0	0.112	0.305	NaN	NaN	0.267	0.678	NaN	NaN	8.01	23.73	NaN	NaN	0.0	"2.5"	"F0034"	1	0	"PR"	188.526	"deionize"	157.189	0	1	0	0.0	0.0	0.0	null	190.331	0.084
-10.2	0.034925	30000.0	2943.75	2484.375	NaN	NaN	NaN	0	1	1	0	0	0	0	0	0	0	0	0	1	0	0	0	0	1	1	0	1	1	1	0	1	-122.0	0.109	0.306	NaN	NaN	0.26	0.68	NaN	NaN	7.8	23.8	NaN	NaN	0.0	"2.5"	"F0034"	1	0	"PR"	198.562	"deionize"	167.225	0	1	0	0.0	0.0	0.0	null	200.367	0.085
-9.7	0.0341	31312.5	2971.875	2512.5	NaN	NaN	NaN	0	1	1	0	0	0	0	0	0	0	0	0	1	0	0	0	0	1	1	0	1	1	1	0	1	-116.0	0.112	0.309	NaN	NaN	0.267	0.687	NaN	NaN	8.01	24.045	NaN	NaN	0.0	"2.5"	"F0034"	1	0	"PR"	208.596	"deionize"	177.259	0	1	0	0.0	0.0	0.0	null	210.401	0.084
-10.6	0.033825	33000.0	2971.875	2437.5	NaN	NaN	NaN	0	1	1	0	0	0	0	0	0	0	0	0	1	0	0	0	0	1	1	0	1	1	1	0	1	-127.0	0.112	0.302	NaN	NaN	0.267	0.671	NaN	NaN	8.01	23.485	NaN	NaN	0.0	"2.5"	"F0034"	1	0	"PR"	218.628	"deionize"	187.291	0	1	0	0.0	0.0	0.0	null	220.433	0.086
-8.5	0.032725	30187.5	2953.125	2437.5	NaN	NaN	NaN	0	1	1	0	0	0	0	0	0	0	0	0	1	0	0	0	0	1	1	0	1	1	1	0	1	-102.0	0.11	0.302	NaN	NaN	0.262	0.671	NaN	NaN	7.86	23.485	NaN	NaN	0.0	"2.5"	"F0034"	1	0	"PR"	228.663	"deionize"	197.326	0	1	0	0.0	0.0	0.0	null	230.468	0.088
-9.8	0.033275	30000.0	2981.25	2475.0	NaN	NaN	NaN	0	1	1	0	0	0	0	0	0	0	0	0	1	0	0	0	0	1	1	0	1	1	1	0	1	-118.0	0.113	0.305	NaN	NaN	0.269	0.678	NaN	NaN	8.07	23.73	NaN	NaN	0.0	"2.5"	"F0034"	1	0	"PR"	238.498	"deionize"	207.161	0	1	0	0.0	0.0	0.0	null	240.303	0.09
-9.5	0.03245	33375.0	2962.5	2484.375	NaN	NaN	NaN	0	1	1	0	0	0	0	0	0	0	0	0	1	0	0	0	0	1	1	0	1	1	1	0	1	-114.0	0.111	0.306	NaN	NaN	0.264	0.68	NaN	NaN	7.92	23.8	NaN	NaN	0.0	"2.5"	"F0034"	1	0	"PR"	248.532	"deionize"	217.195	0	1	0	0.0	0.0	0.0	null	250.337	0.09
-10.2	0.032175	33750.0	2925.0	2465.625	NaN	NaN	NaN	0	1	1	0	0	0	0	0	0	0	0	0	1	0	0	0	0	1	1	0	1	1	1	0	1	-122.0	0.107	0.305	NaN	NaN	0.255	0.678	NaN	NaN	7.65	23.73	NaN	NaN	0.0	"2.5"	"F0034"	1	0	"PR"	258.571	"deionize"	227.234	0	1	0	0.0	0.0	0.0	null	260.376	0.086
-11.9	0.0319	30000.0	2962.5	2503.125	NaN	NaN	NaN	0	1	1	0	0	0	0	0	0	0	0	0	1	0	0	0	0	1	1	0	1	1	1	0	1	-143.0	0.111	0.308	NaN	NaN	0.264	0.684	NaN	NaN	7.92	23.94	NaN	NaN	0.0	"2.5"	"F0034"	1	0	"PR"	268.604	"deionize"	237.267	0	1	0	0.0	0.0	0.0	null	270.409	0.084
-9.0	0.03135	35437.5	2981.25	2456.25	NaN	NaN	NaN	0	1	1	0	0	0	0	0	0	0	0	0	1	0	0	0	1	1	1	0	1	1	1	0	1	-108.0	0.113	0.304	NaN	NaN	0.269	0.676	NaN	NaN	8.07	23.66	NaN	NaN	0.0	"2.5"	"F0034"	1	0	"PR"	278.552	"deionize-uv"	7.138	0	1	0	0.0	0.0	0.0	null	280.357	0.09
-9.3	0.03135	33000.0	2962.5	2465.625	NaN	NaN	NaN	0	1	1	0	0	0	0	0	0	0	0	0	1	0	0	0	1	1	1	0	1	1	1	0	1	-112.0	0.111	0.305	NaN	NaN	0.264	0.678	NaN	NaN	7.92	23.73	NaN	NaN	0.0	"2.5"	"F0034"	1	0	"PR"	288.593	"deionize-uv"	17.179	0	1	0	0.0	0.0	0.0	null	290.398	0.089
-9.6	0.03135	33375.0	2962.5	2456.25	NaN	NaN	NaN	0	1	1	0	0	0	0	0	0	0	0	0	1	0	0	0	1	1	1	0	1	1	1	0	1	-115.0	0.111	0.304	NaN	NaN	0.264	0.676	NaN	NaN	7.92	23.66	NaN	NaN	0.0	"2.5"	"F0034"	1	0	"PR"	298.631	"deionize-uv"	27.217	0	1	0	0.0	0.0	0.0	null	300.436	0.089
-8.7	0.03025	31875.0	2981.25	2437.5	NaN	NaN	NaN	0	1	1	0	0	0	0	0	0	0	0	0	1	0	0	0	1	1	1	0	1	1	1	0	1	-104.0	0.113	0.302	NaN	NaN	0.269	0.671	NaN	NaN	8.07	23.485	NaN	NaN	0.0	"2.5"	"F0034"	1	0	"PR"	308.674	"deionize-uv"	37.26	0	1	0	0.0	0.0	0.0	null	310.479	0.086
-7.0	0.0308	32625.0	2962.5	2465.625	NaN	NaN	NaN	0	1	1	0	0	0	0	0	0	0	0	0	1	0	0	0	1	1	1	0	1	1	1	0	1	-84.0	0.111	0.305	NaN	NaN	0.264	0.678	NaN	NaN	7.92	23.73	NaN	NaN	0.0	"2.5"	"F0034"	1	0	"PR"	318.708	"deionize-uv"	47.294	0	1	0	0.0	0.0	0.0	null	320.513	0.086
-8.7	0.03025	30562.5	2962.5	2409.375	NaN	NaN	NaN	0	1	1	0	0	0	0	0	0	0	0	0	1	0	0	0	1	1	1	0	1	1	1	0	1	-104.0	0.111	0.299	NaN	NaN	0.264	0.664	NaN	NaN	7.92	23.24	NaN	NaN	0.0	"2.5"	"F0034"	1	0	"PR"	328.744	"deionize-uv"	57.33	0	1	0	0.0	0.0	0.0	null	330.549	0.084
-7.8	0.029975	31500.0	2962.5	2409.375	NaN	NaN	NaN	0	1	1	0	0	0	0	0	0	0	0	0	1	0	0	0	1	1	1	0	1	1	1	0	1	-94.0	0.111	0.299	NaN	NaN	0.264	0.664	NaN	NaN	7.92	23.24	NaN	NaN	0.0	"2.5"	"F0034"	1	0	"PR"	338.782	"deionize-uv"	67.368	0	1	0	0.0	0.0	0.0	null	340.587	0.084
-9.1	0.02915	32062.5	2962.5	2456.25	NaN	NaN	NaN	0	1	1	0	0	0	0	0	0	0	0	0	1	0	0	0	1	1	1	0	1	1	1	0	1	-109.0	0.111	0.304	NaN	NaN	0.264	0.676	NaN	NaN	7.92	23.66	NaN	NaN	0.0	"2.5"	"F0034"	1	0	"PR"	348.616	"deionize-uv"	77.202	0	1	0	0.0	0.0	0.0	null	350.421	0.09
-8.4	0.02915	30750.0	2981.25	2390.625	NaN	NaN	NaN	0	1	1	0	0	0	0	0	0	0	0	0	1	0	0	0	1	1	1	0	1	1	1	0	1	-101.0	0.113	0.297	NaN	NaN	0.269	0.66	NaN	NaN	8.07	23.1	NaN	NaN	0.0	"2.5"	"F0034"	1	0	"PR"	358.655	"deionize-uv"	87.241	0	1	0	0.0	0.0	0.0	null	360.46	0.09
-7.3	0.02915	31125.0	2943.75	2437.5	NaN	NaN	NaN	0	1	1	0	0	0	0	0	0	0	0	0	1	0	0	0	1	1	1	0	1	1	1	0	1	-88.0	0.109	0.302	NaN	NaN	0.26	0.671	NaN	NaN	7.8	23.485	NaN	NaN	0.0	"2.5"	"F0034"	1	0	"PR"	368.694	"deionize-uv"	97.28	0	1	0	0.0	0.0	0.0	null	370.499	0.087
-11.3	0.0286	32437.5	2943.75	2456.25	NaN	NaN	NaN	0	1	1	0	0	0	0	0	0	0	0	0	1	0	0	0	1	1	1	0	1	1	1	0	1	-136.0	0.109	0.304	NaN	NaN	0.26	0.676	NaN	NaN	7.8	23.66	NaN	NaN	0.0	"2.5"	"F0034"	1	0	"PR"	378.734	"deionize-uv"	107.32	0	1	0	0.0	0.0	0.0	null	380.539	0.087
-5.9	0.028325	31500.0	2971.875	2550.0	NaN	NaN	NaN	0	1	1	0	0	0	0	0	0	0	0	0	1	0	0	0	1	1	1	0	1	1	1	0	1	-71.0	0.112	0.313	NaN	NaN	0.267	0.696	NaN	NaN	8.01	24.36	NaN	NaN	0.0	"2.5"	"F0034"	1	0	"PR"	388.776	"deionize-uv"	117.362	0	1	0	0.0	0.0	0.0	null	390.581	0.088
-8.0	0.02805	30562.5	2981.25	1931.25	NaN	NaN	NaN	0	0	1	0	0	0	0	1	0	0	0	0	1	0	0	0	1	1	1	0	1	1	1	0	1	-96.0	0.113	0.251	NaN	NaN	0.269	0.558	NaN	NaN	8.07	19.53	NaN	NaN	0.0	"2.5"	"F0034"	1	0	"PR"	398.734	"drain-di-1"	7.149	0	1	0	0.0	0.0	0.0	null	400.539	0.09
-8.7	0.02805	32437.5	2971.875	1678.125	NaN	NaN	NaN	0	0	1	0	0	0	0	1	0	0	0	0	1	0	0	0	1	1	1	0	1	1	1	0	1	-104.0	0.112	0.226	NaN	NaN	0.267	0.502	NaN	NaN	8.01	17.57	NaN	NaN	0.0	"2.5"	"F0034"	1	0	"PR"	408.773	"drain-di-1"	17.188	0	1	0	0.0	0.0	0.0	null	410.578	0.099
-8.3	0.0275	32062.5	2981.25	1434.375	NaN	NaN	NaN	0	0	1	0	0	0	0	1	0	0	0	0	1	0	0	0	1	1	1	0	1	1	1	0	1	-100.0	0.113	0.201	NaN	NaN	0.269	0.447	NaN	NaN	8.07	15.645	NaN	NaN	0.0	"2.5"	"F0034"	1	0	"PR"	418.807	"drain-di-1"	27.222	0	1	0	0.0	0.0	0.0	null	420.612	0.087
-8.4	0.0275	29250.0	2962.5	1190.625	NaN	NaN	NaN	0	0	1	0	0	0	0	1	0	0	0	0	1	0	0	0	1	1	1	0	1	1	1	0	1	-101.0	0.111	0.177	NaN	NaN	0.264	0.393	NaN	NaN	7.92	13.755	NaN	NaN	0.0	"2.5"	"F0034"	1	0	"PR"	428.843	"drain-di-1"	37.258	0	1	0	0.0	0.0	0.0	null	430.648	0.087
-8.0	0.0275	29250.0	2971.875	965.625	NaN	NaN	NaN	0	0	1	0	0	0	0	1	0	0	0	0	1	0	0	0	1	1	1	0	1	1	1	0	1	-96.0	0.112	0.155	NaN	NaN	0.267	0.344	NaN	NaN	8.01	12.04	NaN	NaN	0.0	"2.5"	"F0034"	1	0	"PR"	438.681	"drain-di-1"	47.096	0	1	0	0.0	0.0	0.0	null	440.486	0.088
-8.4	0.0275	33000.0	2971.875	721.875	NaN	NaN	NaN	0	0	1	0	0	0	0	1	0	0	0	0	1	0	0	0	1	1	1	0	1	1	1	0	1	-101.0	0.112	0.13	NaN	NaN	0.267	0.289	NaN	NaN	8.01	10.115	NaN	NaN	0.0	"2.5"	"F0034"	1	0	"PR"	448.712	"drain-di-1"	57.127	0	1	0	0.0	0.0	0.0	null	450.517	0.086
-8.3	0.02695	30562.5	2971.875	450.0	NaN	NaN	NaN	0	0	1	0	0	0	0	1	0	0	0	0	1	0	0	0	1	1	1	0	1	1	1	0	1	-100.0	0.112	0.103	NaN	NaN	0.267	0.229	NaN	NaN	8.01	8.015	NaN	NaN	0.0	"2.5"	"F0034"	1	0	"PR"	458.747	"drain-di-1"	67.162	0	1	0	0.0	0.0	0.0	null	460.552	0.084
-7.1	0.02695	30375.0	2971.875	206.25	NaN	NaN	NaN	0	0	1	0	0	0	0	1	0	0	0	0	1	0	0	0	1	1	1	0	1	1	1	0	1	-85.0	0.112	0.079	NaN	NaN	0.267	0.176	NaN	NaN	8.01	6.16	NaN	NaN	0.0	"2.5"	"F0034"	1	0	"PR"	468.784	"drain-di-1"	77.199	0	1	0	0.0	0.0	0.0	null	470.589	0.088
-7.6	0.0275	31125.0	2971.875	-28.125	NaN	NaN	NaN	0	0	1	0	0	0	0	1	0	0	0	0	1	0	0	0	1	1	1	0	1	1	1	0	1	-91.0	0.112	0.055	NaN	NaN	0.267	0.122	NaN	NaN	8.01	4.27	NaN	NaN	0.0	"2.5"	"F0034"	1	0	"PR"	478.725	"drip-di-1"	4.325	0	1	0	0.0	0.0	0.0	null	480.53	0.087
-7.8	0.02695	31125.0	2981.25	-56.25	NaN	NaN	NaN	0	0	1	0	0	0	0	1	0	0	0	0	1	0	0	0	1	1	1	0	1	1	1	0	1	-94.0	0.113	0.052	NaN	NaN	0.269	0.116	NaN	NaN	8.07	4.06	NaN	NaN	0.0	"2.5"	"F0034"	1	0	"PR"	488.768	"drip-di-1"	14.368	0	1	0	0.0	0.0	0.0	null	490.573	0.086
12.6	0.02805	29437.5	2812.5	93.75	NaN	NaN	NaN	1	0	0	0	0	1	1	0	0	0	0	0	1	1	0	0	0	1	1	1	0	1	1	1	0	151.0	0.096	0.067	NaN	NaN	0.229	0.149	NaN	NaN	6.87	5.215	NaN	NaN	0.0	"2.5"	"F0034"	1	1	"PR"	498.77	"reverse-f"	9.2	0	1	0	0.0	0.0	0.0	null	500.575	0.086
12.6	0.03025	30000.0	2812.5	412.5	NaN	NaN	NaN	1	0	0	0	0	1	1	0	0	0	0	0	1	1	0	0	0	1	1	1	0	1	1	1	0	151.0	0.096	0.099	NaN	NaN	0.229	0.22	NaN	NaN	6.87	7.7	NaN	NaN	0.0	"2.5"	"F0034"	1	1	"PR"	508.808	"reverse-f"	19.238	0	1	0	0.0	0.0	0.0	null	510.613	0.086
12.3	0.033	29812.5	2821.875	787.5	NaN	NaN	NaN	1	0	0	0	0	1	1	0	0	0	0	0	1	1	0	0	0	1	1	1	0	1	1	1	0	148.0	0.097	0.137	NaN	NaN	0.231	0.304	NaN	NaN	6.93	10.64	NaN	NaN	0.0	"2.5"	"F0034"	1	1	"PR"	518.844	"reverse-f"	29.274	0	1	0	0.0	0.0	0.0	null	520.649	0.086
11.5	0.036025	30000.0	2803.125	1012.5	NaN	NaN	NaN	1	0	0	0	0	1	1	0	0	0	0	0	1	1	0	0	0	1	1	1	0	1	1	1	0	138.0	0.095	0.159	NaN	NaN	0.226	0.353	NaN	NaN	6.78	12.355	NaN	NaN	0.0	"2.5"	"F0034"	1	1	"PR"	528.883	"reverse-f"	39.313	0	1	0	0.0	0.0	0.0	null	530.688	0.086
12.3	0.03795	26062.5	2821.875	1312.5	NaN	NaN	NaN	1	0	0	0	0	1	1	0	0	0	0	0	1	1	0	0	0	1	1	1	0	1	1	1	0	148.0	0.097	0.189	NaN	NaN	0.231	0.42	NaN	NaN	6.93	14.7	NaN	NaN	0.0	"2.5"	"F0034"	1	1	"PR"	538.919	"reverse-f"	49.349	0	1	0	0.0	0.0	0.0	null	540.724	0.088
12.2	0.040425	26625.0	2850.0	1612.5	NaN	NaN	NaN	1	0	0	0	0	1	1	0	0	0	0	0	1	1	0	0	0	1	1	1	0	1	1	1	0	146.0	0.1	0.219	NaN	NaN	0.238	0.487	NaN	NaN	7.14	17.045	NaN	NaN	0.0	"2.5"	"F0034"	1	1	"PR"	548.959	"reverse-f"	59.389	0	1	0	0.0	0.0	0.0	null	550.764	0.092
12.3	0.043175	25875.0	2821.875	1903.125	NaN	NaN	NaN	1	0	0	0	0	1	1	0	0	0	0	0	1	1	0	0	0	1	1	1	0	1	1	1	0	148.0	0.097	0.248	NaN	NaN	0.231	0.551	NaN	NaN	6.93	19.285	NaN	NaN	0.0	"2.5"	"F0034"	1	1	"PR"	558.995	"reverse-f"	69.425	0	1	0	0.0	0.0	0.0	null	560.8	0.087
13.1	0.0451	30000.0	2812.5	2212.5	NaN	NaN	NaN	1	0	0	0	0	1	1	0	0	0	0	0	1	1	0	0	0	1	1	1	0	1	1	1	0	157.0	0.096	0.279	NaN	NaN	0.229	0.62	NaN	NaN	6.87	21.7	NaN	NaN	0.0	"2.5"	"F0034"	1	1	"PR"	568.825	"reverse-f"	79.255	0	1	0	0.0	0.0	0.0	null	570.63	0.086
12.5	0.04675	26812.5	2850.0	2268.75	NaN	NaN	NaN	0	0	0	0	0	1	1	0	0	0	0	0	1	0	0	0	0	1	1	1	0	1	1	1	0	150.0	0.1	0.285	NaN	NaN	0.238	0.633	NaN	NaN	7.14	22.155	NaN	NaN	0.0	"2.5"	"F0034"	1	1	"PR"	578.975	"reverse"	89.405	0	1	0	0.0	0.0	0.0	null	580.78	0.088
13.1	0.04785	28687.5	2840.625	2268.75	NaN	NaN	NaN	0	0	0	0	0	1	1	0	0	0	0	0	1	0	0	0	0	1	1	1	0	1	1	1	0	157.0	0.099	0.285	NaN	NaN	0.236	0.633	NaN	NaN	7.08	22.155	NaN	NaN	0.0	"2.5"	"F0034"	1	1	"PR"	589.012	"reverse"	99.442	0	1	0	0.0	0.0	0.0	null	590.817	0.09
12.4	0.049225	30000.0	2821.875	2278.125	NaN	NaN	NaN	0	0	0	0	0	1	1	0	0	0	0	0	1	0	0	0	0	1	1	1	0	1	1	1	0	149.0	0.097	0.286	NaN	NaN	0.231	0.636	NaN	NaN	6.93	22.26	NaN	NaN	0.0	"2.5"	"F0034"	1	1	"PR"	598.847	"reverse"	109.277	0	1	0	0.0	0.0	0.0	null	600.652	0.084
12.3	0.050325	29250.0	2821.875	2278.125	NaN	NaN	NaN	0	0	0	0	0	1	1	0	0	0	0	0	1	0	0	0	0	1	1	1	0	1	1	1	0	148.0	0.097	0.286	NaN	NaN	0.231	0.636	NaN	NaN	6.93	22.26	NaN	NaN	0.0	"2.5"	"F0034"	1	1	"PR"	608.883	"reverse"	119.313	0	1	0	0.0	0.0	0.0	null	610.688	0.084
13.0	0.05115	28125.0	2803.125	2306.25	NaN	NaN	NaN	0	0	0	0	0	1	1	0	0	0	0	0	1	0	0	0	0	1	1	1	0	1	1	1	0	156.0	0.095	0.289	NaN	NaN	0.226	0.642	NaN	NaN	6.78	22.47	NaN	NaN	0.0	"2.5"	"F0034"	1	1	"PR"	618.913	"reverse"	129.343	0	1	0	0.0	0.0	0.0	null	620.718	0.086
12.3	0.0517	30000.0	2821.875	2268.75	NaN	NaN	NaN	0	0	0	0	0	1	1	0	0	0	0	0	1	0	0	0	0	1	1	1	0	1	1	1	0	148.0	0.097	0.285	NaN	NaN	0.231	0.633	NaN	NaN	6.93	22.155	NaN	NaN	0.0	"2.5"	"F0034"	1	1	"PR"	628.944	"reverse"	139.374	0	1	0	0.0	0.0	0.0	null	630.749	0.084
12.6	0.051975	28500.0	2821.875	2268.75	NaN	NaN	NaN	0	0	0	0	0	1	1	0	0	0	0	0	1	0	0	0	0	1	1	1	0	1	1	1	0	151.0	0.097	0.285	NaN	NaN	0.231	0.633	NaN	NaN	6.93	22.155	NaN	NaN	0.0	"2.5"	"F0034"	1	1	"PR"	638.98	"reverse"	149.41	0	1	0	0.0	0.0	0.0	null	640.785	0.085
4.5	0.05225	2625.0	2981.25	2296.875	NaN	NaN	NaN	0	0	0	0	0	0	0	0	0	0	0	0	0	0	0	0	0	0	0	0	1	0	0	0	1	54.0	0.113	0.288	NaN	NaN	0.269	0.64	NaN	NaN	8.07	22.4	NaN	NaN	0.0	"2.5"	"F0034"	0	0	"PR"	648.904	"diffuse"	9.322	0	1	1	0.0	0.0	0.0	null	650.709	0.083
4.6	0.0528	937.5	2971.875	2278.125	NaN	NaN	NaN	0	0	0	0	0	0	0	0	0	0	0	0	0	0	0	0	0	0	0	0	1	0	0	0	1	55.0	0.112	0.286	NaN	NaN	0.267	0.636	NaN	NaN	8.01	22.26	NaN	NaN	0.0	"2.5"	"F0034"	0	0	"PR"	658.938	"diffuse"	19.356	0	1	1	0.0	0.0	0.0	null	660.743	0.084
4.3	0.0528	750.0	2981.25	2296.875	NaN	NaN	NaN	0	0	0	0	0	0	0	0	0	0	0	0	0	0	0	0	0	0	0	0	1	0	0	0	1	52.0	0.113	0.288	NaN	NaN	0.269	0.64	NaN	NaN	8.07	22.4	NaN	NaN	0.0	"2.5"	"F0034"	0	0	"PR"	668.977	"diffuse"	29.395	0	1	1	0.0	0.0	0.0	null	670.782	0.085
11.8	0.053075	30750.0	2784.375	2278.125	NaN	NaN	NaN	0	0	0	0	0	1	1	0	0	0	0	0	1	0	0	0	0	1	1	1	0	1	1	1	0	142.0	0.093	0.286	NaN	NaN	0.221	0.636	NaN	NaN	6.63	22.26	NaN	NaN	0.0	"2.5"	"F0034"	1	1	"PR"	679.105	"wash-en"	9.325	0	1	1	0.0	0.0	0.0	null	680.91	0.086
11.7	0.054175	28875.0	2821.875	2278.125	NaN	NaN	NaN	0	0	0	0	0	1	1	0	0	0	0	0	1	0	0	0	0	1	1	1	0	1	1	1	0	140.0	0.097	0.286	NaN	NaN	0.231	0.636	NaN	NaN	6.93	22.26	NaN	NaN	0.0	"2.5"	"F0034"	1	1	"PR"	688.947	"wash-en"	19.167	0	1	1	0.0	0.0	0.0	null	690.752	0.083
3.3	0.055	27750.0	2831.25	2268.75	NaN	NaN	NaN	0	0	0	0	0	1	1	0	0	0	0	0	1	0	0	0	0	0	0	0	1	0	0	0	1	40.0	0.098	0.285	NaN	NaN	0.233	0.633	NaN	NaN	6.99	22.155	NaN	NaN	0.0	"2.5"	"F0034"	0	0	"PR"	699.077	"wash-sc"	9.125	0	1	1	0.0	0.0	0.0	null	700.882	0.085
4.0	0.055275	375.0	2981.25	2259.375	NaN	NaN	NaN	0	0	0	0	0	0	0	0	0	0	0	0	0	0	0	0	0	0	0	0	1	0	0	0	1	48.0	0.113	0.284	NaN	NaN	0.269	0.631	NaN	NaN	8.07	22.085	NaN	NaN	0.0	"2.5"	"F0034"	0	0	"PR"	709.11	"diffuse"	9.03	0	1	2	0.0	0.0	0.0	null	710.915	0.085
4.5	0.055275	1125.0	2981.25	2306.25	NaN	NaN	NaN	0	0	0	0	0	0	0	0	0	0	0	0	0	0	0	0	0	0	0	0	1	0	0	0	1	54.0	0.113	0.289	NaN	NaN	0.269	0.642	NaN	NaN	8.07	22.47	NaN	NaN	0.0	"2.5"	"F0034"	0	0	"PR"	719.146	"diffuse"	19.066	0	1	2	0.0	0.0	0.0	null	720.951	0.086
3.7	0.055275	1500.0	2981.25	2287.5	NaN	NaN	NaN	0	0	0	0	0	0	0	0	0	0	0	0	0	0	0	0	0	0	0	0	1	0	0	0	1	44.0	0.113	0.287	NaN	NaN	0.269	0.638	NaN	NaN	8.07	22.33	NaN	NaN	0.0	"2.5"	"F0034"	0	0	"PR"	728.983	"diffuse"	28.903	0	1	2	0.0	0.0	0.0	null	730.788	0.084
11.7	0.055	26625.0	2756.25	2268.75	NaN	NaN	NaN	0	0	0	0	0	1	1	0	0	0	0	0	1	0	0	0	0	1	1	1	0	1	1	1	0	140.0	0.091	0.285	NaN	NaN	0.217	0.633	NaN	NaN	6.51	22.155	NaN	NaN	0.0	"2.5"	"F0034"	1	1	"PR"	739.112	"wash-en"	8.924	0	1	2	0.0	0.0	0.0	null	740.917	0.083
12.0	0.055825	26250.0	2831.25	2278.125	NaN	NaN	NaN	0	0	0	0	0	1	1	0	0	0	0	0	1	0	0	0	0	1	1	1	0	1	1	1	0	144.0	0.098	0.286	NaN	NaN	0.233	0.636	NaN	NaN	6.99	22.26	NaN	NaN	0.0	"2.5"	"F0034"	1	1	"PR"	749.151	"wash-en"	18.963	0	1	2	0.0	0.0	0.0	null	750.956	0.086
3.5	0.0561	27562.5	2821.875	2278.125	NaN	NaN	NaN	0	0	0	0	0	1	1	0	0	0	0	0	1	0	0	0	0	0	0	0	1	0	0	0	1	42.0	0.097	0.286	NaN	NaN	0.231	0.636	NaN	NaN	6.93	22.26	NaN	NaN	0.0	"2.5"	"F0034"	0	0	"PR"	759.084	"wash-sc"	8.729	0	1	2	0.0	0.0	0.0	null	760.889	0.084
3.3	0.056375	2437.5	2981.25	2315.625	NaN	NaN	NaN	0	0	0	0	0	0	0	0	0	0	0	0	0	0	0	0	0	0	0	0	1	0	0	0	1	40.0	0.113	0.29	NaN	NaN	0.269	0.644	NaN	NaN	8.07	22.54	NaN	NaN	0.0	"2.5"	"F0034"	0	0	"PR"	769.122	"diffuse"	8.633	0	1	3	0.0	0.0	0.0	null	770.927	0.083
3.3	0.055825	1875.0	2981.25	2287.5	NaN	NaN	NaN	0	0	0	0	0	0	0	0	0	0	0	0	0	0	0	0	0	0	0	0	1	0	0	0	1	40.0	0.113	0.287	NaN	NaN	0.269	0.638	NaN	NaN	8.07	22.33	NaN	NaN	0.0	"2.5"	"F0034"	0	0	"PR"	779.161	"diffuse"	18.672	0	1	3	0.0	0.0	0.0	null	780.966	0.085
4.7	0.055825	750.0	2990.625	2278.125	NaN	NaN	NaN	0	0	0	0	0	0	0	0	0	0	0	0	0	0	0	0	0	0	0	0	1	0	0	0	1	56.0	0.114	0.286	NaN	NaN	0.271	0.636	NaN	NaN	8.13	22.26	NaN	NaN	0.0	"2.5"	"F0034"	0	0	"PR"	789.202	"diffuse"	28.713	0	1	3	0.0	0.0	0.0	null	791.007	0.083
12.9	0.055275	27187.5	2803.125	2278.125	NaN	NaN	NaN	0	0	0	0	0	1	1	0	0	0	0	0	1	0	0	0	0	1	1	1	0	1	1	1	0	155.0	0.095	0.286	NaN	NaN	0.226	0.636	NaN	NaN	6.78	22.26	NaN	NaN	0.0	"2.5"	"F0034"	1	1	"PR"	799.133	"wash-en"	8.525	0	1	3	0.0	0.0	0.0	null	800.938	0.083
13.3	0.05555	27562.5	2821.875	2287.5	NaN	NaN	NaN	0	0	0	0	0	1	1	0	0	0	0	0	1	0	0	0	0	1	1	1	0	1	1	1	0	160.0	0.097	0.287	NaN	NaN	0.231	0.638	NaN	NaN	6.93	22.33	NaN	NaN	0.0	"2.5"	"F0034"	1	1	"PR"	809.171	"wash-en"	18.563	0	1	3	0.0	0.0	0.0	null	810.976	0.086
2.8	0.056375	28312.5	2784.375	2315.625	NaN	NaN	NaN	0	0	0	0	0	1	1	0	0	0	0	0	1	0	0	0	0	0	0	0	1	0	0	0	1	34.0	0.093	0.29	NaN	NaN	0.221	0.644	NaN	NaN	6.63	22.54	NaN	NaN	0.0	"2.5"	"F0034"	0	0	"PR"	819.093	"wash-sc"	8.316	0	1	3	0.0	0.0	0.0	null	820.898	0.096
3.3	0.056925	562.5	2990.625	2278.125	NaN	NaN	NaN	0	0	0	0	0	0	0	0	0	0	0	0	0	0	0	0	0	0	0	0	1	0	0	0	1	40.0	0.114	0.286	NaN	NaN	0.271	0.636	NaN	NaN	8.13	22.26	NaN	NaN	0.0	"2.5"	"F0034"	0	0	"PR"	829.129	"diffuse"	8.229	0	1	4	0.0	0.0	0.0	null	830.934	0.09
2.8	0.05665	937.5	2981.25	2278.125	NaN	NaN	NaN	0	0	0	0	0	0	0	0	0	0	0	0	0	0	0	0	0	0	0	0	1	0	0	0	1	34.0	0.113	0.286	NaN	NaN	0.269	0.636	NaN	NaN	8.07	22.26	NaN	NaN	0.0	"2.5"	"F0034"	0	0	"PR"	839.168	"diffuse"	18.268	0	1	4	0.0	0.0	0.0	null	840.973	0.09
3.1	0.05665	1875.0	2981.25	2287.5	NaN	NaN	NaN	0	0	0	0	0	0	0	0	0	0	0	0	0	0	0	0	0	0	0	0	1	0	0	0	1	37.0	0.113	0.287	NaN	NaN	0.269	0.638	NaN	NaN	8.07	22.33	NaN	NaN	0.0	"2.5"	"F0034"	0	0	"PR"	849.206	"diffuse"	28.306	0	1	4	0.0	0.0	0.0	null	851.011	0.095
13.3	0.055825	26625.0	2803.125	2268.75	NaN	NaN	NaN	0	0	0	0	0	1	1	0	0	0	0	0	1	0	0	0	0	1	1	1	0	1	1	1	0	160.0	0.095	0.285	NaN	NaN	0.226	0.633	NaN	NaN	6.78	22.155	NaN	NaN	0.0	"2.5"	"F0034"	1	1	"PR"	859.134	"wash-en"	8.121	0	1	4	0.0	0.0	0.0	null	860.939	0.09
12.8	0.05665	28500.0	2784.375	2278.125	NaN	NaN	NaN	0	0	0	0	0	1	1	0	0	0	0	0	1	0	0	0	0	1	1	1	0	1	1	1	0	154.0	0.093	0.286	NaN	NaN	0.221	0.636	NaN	NaN	6.63	22.26	NaN	NaN	0.0	"2.5"	"F0034"	1	1	"PR"	869.178	"wash-en"	18.165	0	1	4	0.0	0.0	0.0	null	870.983	0.091
2.1	0.05665	27562.5	2821.875	2278.125	NaN	NaN	NaN	0	0	0	0	0	1	1	0	0	0	0	0	1	0	0	0	0	0	0	0	1	0	0	0	1	25.0	0.097	0.286	NaN	NaN	0.231	0.636	NaN	NaN	6.93	22.26	NaN	NaN	0.0	"2.5"	"F0034"	0	0	"PR"	879.303	"wash-sc"	8.117	0	1	4	0.0	0.0	0.0	null	881.108	0.084
