cur	ec	mod-ps	rg-ps	di-ps	fw1-ps	fw2-ps	pf-ps	vlv-di-fill	vlv-di-in	vlv-di-out	vlv-rg-fill	vlv-rg-drain	vlv-rg-in	vlv-rg-out	vlv-fw1-in	vlv-fw1-out	vlv-fw2-in	vlv-po	vlv-mod-drain	pmp-sys	pmp-di	pmp-fw1	pmp-fw2	uv	en-anode1	en-cath1	pl-anode1	pl-cath1	en-anode2	en-cath2	pl-anode2	pl-cath2	pw	rg-he	di-he	fw1-he	fw2-he	rg-lev	di-lev	fw1-lev	fw2-lev	rg-vol	di-vol	fw1-vol	fw2-vol	pr-ec	ver	sn	mod-en	mod-pl	proc	proc-time	ph	ph-time	count	cyc	rnd	pr-last	rc-last	fr-last	halt-re	time	exec
3.9	0.055	28500.0	2812.5	2296.875	NaN	NaN	NaN	0	0	0	0	0	1	1	0	0	0	0	0	1	0	0	0	0	0	0	0	1	0	0	0	1	47.0	0.096	0.288	NaN	NaN	0.229	0.64	NaN	NaN	6.87	22.4	NaN	NaN	0.0	"2.5"	"F0034"	0	0	"PR"	8.25	"prime"	7.43	0	0	0	0.0	0.0	0.0	null	10.045	0.083
3.9	0.055	28500.0	2812.5	2296.875	NaN	NaN	NaN	0	0	0	0	0	1	1	0	0	0	0	0	1	0	0	0	0	0	0	0	1	0	0	0	1	47.0	0.096	0.288	NaN	NaN	0.229	0.64	NaN	NaN	6.87	22.4	NaN	NaN	0.0	"2.5"	"F0034"	0	0	"PR"	8.25	"prime"	7.43	0	0	0	0.0	0.0	0.0	null	10.045	0.083
3.5	0.055275	29250.0	2821.875	2306.25	NaN	NaN	NaN	0	0	0	0	0	1	1	0	0	0	0	0	1	0	0	0	0	0	0	0	1	0	0	0	1	42.0	0.097	0.289	NaN	NaN	0.231	0.642	NaN	NaN	6.93	22.47	NaN	NaN	0.0	"2.5"	"F0034"	0	0	"PR"	18.293	"prime"	17.473	0	0	0	0.0	0.0	0.0	null	20.088	0.089
3.3	0.055275	30000.0	2821.875	2287.5	NaN	NaN	NaN	0	0	0	0	0	1	1	0	0	0	0	0	1	0	0	0	0	0	0	0	1	0	0	0	1	40.0	0.097	0.287	NaN	NaN	0.231	0.638	NaN	NaN	6.93	22.33	NaN	NaN	0.0	"2.5"	"F0034"	0	0	"PR"	28.332	"prime"	27.512	0	0	0	0.0	0.0	0.0	null	30.127	0.086
-11.8	0.054175	30375.0	3000.0	2671.875	NaN	NaN	NaN	0	1	1	0	0	0	0	0	0	0	0	0	1	0	0	0	0	1	1	0	1	1	1	0	1	-142.0	0.115	0.325	NaN	NaN	0.274	0.722	NaN	NaN	8.22	25.27	NaN	NaN	0.0	"2.5"	"F0034"	1	0	"PR"	38.368	"deionize"	7.025	0	1	0	0.0	0.0	0.0	null	40.163	0.084
-12.1	0.05335	29250.0	2990.625	2596.875	NaN	NaN	NaN	0	1	1	0	0	0	0	0	0	0	0	0	1	0	0	0	0	1	1	0	1	1	1	0	1	-145.0	0.114	0.318	NaN	NaN	0.271	0.707	NaN	NaN	8.13	24.745	NaN	NaN	0.0	"2.5"	"F0034"	1	0	"PR"	48.404	"deionize"	17.061	0	1	0	0.0	0.0	0.0	null	50.199	0.088
-12.2	0.050875	30562.5	2981.25	2540.625	NaN	NaN	NaN	0	1	1	0	0	0	0	0	0	0	0	0	1	0	0	0	0	1	1	0	1	1	1	0	1	-146.0	0.113	0.312	NaN	NaN	0.269	0.693	NaN	NaN	8.07	24.255	NaN	NaN	0.0	"2.5"	"F0034"	1	0	"PR"	58.439	"deionize"	27.096	0	1	0	0.0	0.0	0.0	null	60.234	0.087
-11.9	0.049775	31687.5	2981.25	2662.5	NaN	NaN	NaN	0	1	1	0	0	0	0	0	0	0	0	0	1	0	0	0	0	1	1	0	1	1	1	0	1	-143.0	0.113	0.324	NaN	NaN	0.269	0.72	NaN	NaN	8.07	25.2	NaN	NaN	0.0	"2.5"	"F0034"	1	0	"PR"	68.474	"deionize"	37.131	0	1	0	0.0	0.0	0.0	null	70.269	0.092
-13.3	0.047575	32062.5	3000.0	2596.875	NaN	NaN	NaN	0	1	1	0	0	0	0	0	0	0	0	0	1	0	0	0	0	1	1	0	1	1	1	0	1	-160.0	0.115	0.318	NaN	NaN	0.274	0.707	NaN	NaN	8.22	24.745	NaN	NaN	0.0	"2.5"	"F0034"	1	0	"PR"	78.515	"deionize"	47.172	0	1	0	0.0	0.0	0.0	null	80.31	0.09
-11.8	0.0462	33187.5	2981.25	2540.625	NaN	NaN	NaN	0	1	1	0	0	0	0	0	0	0	0	0	1	0	0	0	0	1	1	0	1	1	1	0	1	-142.0	0.113	0.312	NaN	NaN	0.269	0.693	NaN	NaN	8.07	24.255	NaN	NaN	0.0	"2.5"	"F0034"	1	0	"PR"	88.351	"deionize"	57.008	0	1	0	0.0	0.0	0.0	null	90.146	0.087
-11.7	0.044825	34312.5	2990.625	2587.5	NaN	NaN	NaN	0	1	1	0	0	0	0	0	0	0	0	0	1	0	0	0	0	1	1	0	1	1	1	0	1	-140.0	0.114	0.317	NaN	NaN	0.271	0.704	NaN	NaN	8.13	24.64	NaN	NaN	0.0	"2.5"	"F0034"	1	0	"PR"	98.392	"deionize"	67.049	0	1	0	0.0	0.0	0.0	null	100.187	0.086
-14.8	0.044	30937.5	2981.25	2465.625	NaN	NaN	NaN	0	1	1	0	0	0	0	0	0	0	0	0	1	0	0	0	0	1	1	0	1	1	1	0	1	-178.0	0.113	0.305	NaN	NaN	0.269	0.678	NaN	NaN	8.07	23.73	NaN	NaN	0.0	"2.5"	"F0034"	1	0	"PR"	108.426	"deionize"	77.083	0	1	0	0.0	0.0	0.0	null	110.221	0.084
-12.0	0.04235	30187.5	2981.25	2475.0	NaN	NaN	NaN	0	1	1	0	0	0	0	0	0	0	0	0	1	0	0	0	0	1	1	0	1	1	1	0	1	-144.0	0.113	0.305	NaN	NaN	0.269	0.678	NaN	NaN	8.07	23.73	NaN	NaN	0.0	"2.5"	"F0034"	1	0	"PR"	118.46	"deionize"	87.117	0	1	0	0.0	0.0	0.0	null	120.255	0.087
-11.8	0.0407	30750.0	3000.0	2475.0	NaN	NaN	NaN	0	1	1	0	0	0	0	0	0	0	0	0	1	0	0	0	0	1	1	0	1	1	1	0	1	-142.0	0.115	0.305	NaN	NaN	0.274	0.678	NaN	NaN	8.22	23.73	NaN	NaN	0.0	"2.5"	"F0034"	1	0	"PR"	128.498	"deionize"	97.155	0	1	0	0.0	0.0	0.0	null	130.293	0.089
-14.5	0.039875	31687.5	2981.25	2503.125	NaN	NaN	NaN	0	1	1	0	0	0	0	0	0	0	0	0	1	0	0	0	0	1	1	0	1	1	1	0	1	-174.0	0.113	0.308	NaN	NaN	0.269	0.684	NaN	NaN	8.07	23.94	NaN	NaN	0.0	"2.5"	"F0034"	1	0	"PR"	138.53	"deionize"	107.187	0	1	0	0.0	0.0	0.0	null	140.325	0.084
-10.6	0.038775	30000.0	2981.25	2512.5	NaN	NaN	NaN	0	1	1	0	0	0	0	0	0	0	0	0	1	0	0	0	0	1	1	0	1	1	1	0	1	-127.0	0.113	0.309	NaN	NaN	0.269	0.687	NaN	NaN	8.07	24.045	NaN	NaN	0.0	"2.5"	"F0034"	1	0	"PR"	148.564	"deionize"	117.221	0	1	0	0.0	0.0	0.0	null	150.359	0.087
-11.2	0.038225	29812.5	2981.25	2484.375	NaN	NaN	NaN	0	1	1	0	0	0	0	0	0	0	0	0	1	0	0	0	0	1	1	0	1	1	1	0	1	-134.0	0.113	0.306	NaN	NaN	0.269	0.68	NaN	NaN	8.07	23.8	NaN	NaN	0.0	"2.5"	"F0034"	1	0	"PR"	158.603	"deionize"	127.26	0	1	0	0.0	0.0	0.0	null	160.398	0.088
-10.9	0.038225	30750.0	2990.625	2512.5	NaN	NaN	NaN	0	1	1	0	0	0	0	0	0	0	0	0	1	0	0	0	0	1	1	0	1	1	1	0	1	-131.0	0.114	0.309	NaN	NaN	0.271	0.687	NaN	NaN	8.13	24.045	NaN	NaN	0.0	"2.5"	"F0034"	1	0	"PR"	168.435	"deionize"	137.092	0	1	0	0.0	0.0	0.0	null	170.23	0.084
-10.9	0.037125	31687.5	2990.625	2475.0	NaN	NaN	NaN	0	1	1	0	0	0	0	0	0	0	0	0	1	0	0	0	0	1	1	0	1	1	1	0	1	-131.0	0.114	0.305	NaN	NaN	0.271	0.678	NaN	NaN	8.13	23.73	NaN	NaN	0.0	"2.5"	"F0034"	1	0	"PR"	178.473	"deionize"	147.13	0	1	0	0.0	0.0	0.0	null	180.268	0.087
-9.2	0.037125	31687.5	3000.0	2446.875	NaN	NaN	NaN	0	1	1	0	0	0	0	0	0	0	0	0	1	0	0	0	0	1	1	0	1	1	1	0	1	-110.0	0.115	0.303	NaN	NaN	0.274	0.673	NaN	NaN	8.22	23.555	NaN	NaN	0.0	"2.5"	"F0034"	1	0	"PR"	188.512	"deionize"	157.169	0	1	0	0.0	0.0	0.0	null	190.307	0.084
-10.2	0.036025	30000.0	2981.25	2484.375	NaN	NaN	NaN	0	1	1	0	0	0	0	0	0	0	0	0	1	0	0	0	0	1	1	0	1	1	1	0	1	-122.0	0.113	0.306	NaN	NaN	0.269	0.68	NaN	NaN	8.07	23.8	NaN	NaN	0.0	"2.5"	"F0034"	1	0	"PR"	198.543	"deionize"	167.2	0	1	0	0.0	0.0	0.0	null	200.338	0.084
-9.3	0.036025	30000.0	2981.25	2512.5	NaN	NaN	NaN	0	1	1	0	0	0	0	0	0	0	0	0	1	0	0	0	0	1	1	0	1	1	1	0	1	-112.0	0.113	0.309	NaN	NaN	0.269	0.687	NaN	NaN	8.07	24.045	NaN	NaN	0.0	"2.5"	"F0034"	1	0	"PR"	208.579	"deionize"	177.236	0	1	0	0.0	0.0	0.0	null	210.374	0.084
-9.8	0.035475	30000.0	2990.625	2493.75	NaN	NaN	NaN	0	1	1	0	0	0	0	0	0	0	0	0	1	0	0	0	0	1	1	0	1	1	1	0	1	-118.0	0.114	0.307	NaN	NaN	0.271	0.682	NaN	NaN	8.13	23.87	NaN	NaN	0.0	"2.5"	"F0034"	1	0	"PR"	218.616	"deionize"	187.273	0	1	0	0.0	0.0	0.0	null	220.411	0.084
-10.2	0.03465	32250.0	2990.625	2465.625	NaN	NaN	NaN	0	1	1	0	0	0	0	0	0	0	0	0	1	0	0	0	0	1	1	0	1	1	1	0	1	-122.0	0.114	0.305	NaN	NaN	0.271	0.678	NaN	NaN	8.13	23.73	NaN	NaN	0.0	"2.5"	"F0034"	1	0	"PR"	228.646	"deionize"	197.303	0	1	0	0.0	0.0	0.0	null	230.441	0.085
-8.9	0.03465	30750.0	2981.25	2428.125	NaN	NaN	NaN	0	1	1	0	0	0	0	0	0	0	0	0	1	0	0	0	0	1	1	0	1	1	1	0	1	-107.0	0.113	0.301	NaN	NaN	0.269	0.669	NaN	NaN	8.07	23.415	NaN	NaN	0.0	"2.5"	"F0034"	1	0	"PR"	238.686	"deionize"	207.343	0	1	0	0.0	0.0	0.0	null	240.481	0.085
-9.2	0.03465	29250.0	2990.625	2446.875	NaN	NaN	NaN	0	1	1	0	0	0	0	0	0	0	0	0	1	0	0	0	0	1	1	0	1	1	1	0	1	-110.0	0.114	0.303	NaN	NaN	0.271	0.673	NaN	NaN	8.13	23.555	NaN	NaN	0.0	"2.5"	"F0034"	1	0	"PR"	248.523	"deionize"	217.18	0	1	0	0.0	0.0	0.0	null	250.318	0.084
-11.0	0.03355	31312.5	2990.625	2493.75	NaN	NaN	NaN	0	1	1	0	0	0	0	0	0	0	0	0	1	0	0	0	0	1	1	0	1	1	1	0	1	-132.0	0.114	0.307	NaN	NaN	0.271	0.682	NaN	NaN	8.13	23.87	NaN	NaN	0.0	"2.5"	"F0034"	1	0	"PR"	258.559	"deionize"	227.216	0	1	0	0.0	0.0	0.0	null	260.354	0.084
-11.4	0.03355	29812.5	2990.625	2559.375	NaN	NaN	NaN	0	1	1	0	0	0	0	0	0	0	0	0	1	0	0	0	0	1	1	0	1	1	1	0	1	-137.0	0.114	0.314	NaN	NaN	0.271	0.698	NaN	NaN	8.13	24.43	NaN	NaN	0.0	"2.5"	"F0034"	1	0	"PR"	268.598	"deionize"	237.255	0	1	0	0.0	0.0	0.0	null	270.393	0.086
-9.2	0.033275	30750.0	2981.25	2512.5	NaN	NaN	NaN	0	1	1	0	0	0	0	0	0	0	0	0	1	0	0	0	1	1	1	0	1	1	1	0	1	-110.0	0.113	0.309	NaN	NaN	0.269	0.687	NaN	NaN	8.07	24.045	NaN	NaN	0.0	"2.5"	"F0034"	1	0	"PR"	278.747	"deionize-uv"	7.339	0	1	0	0.0	0.0	0.0	null	280.542	0.083
-9.2	0.033	31687.5	2981.25	2493.75	NaN	NaN	NaN	0	1	1	0	0	0	0	0	0	0	0	0	1	0	0	0	1	1	1	0	1	1	1	0	1	-110.0	0.113	0.307	NaN	NaN	0.269	0.682	NaN	NaN	8.07	23.87	NaN	NaN	0.0	"2.5"	"F0034"	1	0	"PR"	288.588	"deionize-uv"	17.18	0	1	0	0.0	0.0	0.0	null	290.383	0.088
-9.8	0.032725	31500.0	2990.625	2428.125	NaN	NaN	NaN	0	1	1	0	0	0	0	0	0	0	0	0	1	0	0	0	1	1	1	0	1	1	1	0	1	-118.0	0.114	0.301	NaN	NaN	0.271	0.669	NaN	NaN	8.13	23.415	NaN	NaN	0.0	"2.5"	"F0034"	1	0	"PR"	298.627	"deionize-uv"	27.219	0	1	0	0.0	0.0	0.0	null	300.422	0.083
-8.4	0.03245	30000.0	2990.625	2437.5	NaN	NaN	NaN	0	1	1	0	0	0	0	0	0	0	0	0	1	0	0	0	1	1	1	0	1	1	1	0	1	-101.0	0.114	0.302	NaN	NaN	0.271	0.671	NaN	NaN	8.13	23.485	NaN	NaN	0.0	"2.5"	"F0034"	1	0	"PR"	308.664	"deionize-uv"	37.256	0	1	0	0.0	0.0	0.0	null	310.459	0.086
-9.7	0.032175	30750.0	3000.0	2437.5	NaN	NaN	NaN	0	1	1	0	0	0	0	0	0	0	0	0	1	0	0	0	1	1	1	0	1	1	1	0	1	-116.0	0.115	0.302	NaN	NaN	0.274	0.671	NaN	NaN	8.22	23.485	NaN	NaN	0.0	"2.5"	"F0034"	1	0	"PR"	318.705	"deionize-uv"	47.297	0	1	0	0.0	0.0	0.0	null	320.5	0.087
-8.9	0.031625	29812.5	2990.625	2465.625	NaN	NaN	NaN	0	1	1	0	0	0	0	0	0	0	0	0	1	0	0	0	1	1	1	0	1	1	1	0	1	-107.0	0.114	0.305	NaN	NaN	0.271	0.678	NaN	NaN	8.13	23.73	NaN	NaN	0.0	"2.5"	"F0034"	1	0	"PR"	328.744	"deionize-uv"	57.336	0	1	0	0.0	0.0	0.0	null	330.539	0.084
-9.5	0.03135	30000.0	2981.25	2475.0	NaN	NaN	NaN	0	1	1	0	0	0	0	0	0	0	0	0	1	0	0	0	1	1	1	0	1	1	1	0	1	-114.0	0.113	0.305	NaN	NaN	0.269	0.678	NaN	NaN	8.07	23.73	NaN	NaN	0.0	"2.5"	"F0034"	1	0	"PR"	338.785	"deionize-uv"	67.377	0	1	0	0.0	0.0	0.0	null	340.58	0.087
-8.3	0.03135	29812.5	3009.375	2465.625	NaN	NaN	NaN	0	1	1	0	0	0	0	0	0	0	0	0	1	0	0	0	1	1	1	0	1	1	1	0	1	-100.0	0.116	0.305	NaN	NaN	0.276	0.678	NaN	NaN	8.28	23.73	NaN	NaN	0.0	"2.5"	"F0034"	1	0	"PR"	348.62	"deionize-uv"	77.212	0	1	0	0.0	0.0	0.0	null	350.415	0.09
-8.8	0.0308	30937.5	3000.0	2493.75	NaN	NaN	NaN	0	1	1	0	0	0	0	0	0	0	0	0	1	0	0	0	1	1	1	0	1	1	1	0	1	-106.0	0.115	0.307	NaN	NaN	0.274	0.682	NaN	NaN	8.22	23.87	NaN	NaN	0.0	"2.5"	"F0034"	1	0	"PR"	358.661	"deionize-uv"	87.253	0	1	0	0.0	0.0	0.0	null	360.456	0.087
-9.5	0.031075	29250.0	3009.375	2456.25	NaN	NaN	NaN	0	1	1	0	0	0	0	0	0	0	0	0	1	0	0	0	1	1	1	0	1	1	1	0	1	-114.0	0.116	0.304	NaN	NaN	0.276	0.676	NaN	NaN	8.28	23.66	NaN	NaN	0.0	"2.5"	"F0034"	1	0	"PR"	368.701	"deionize-uv"	97.293	0	1	0	0.0	0.0	0.0	null	370.496	0.09
-8.4	0.030525	29625.0	2981.25	2456.25	NaN	NaN	NaN	0	1	1	0	0	0	0	0	0	0	0	0	1	0	0	0	1	1	1	0	1	1	1	0	1	-101.0	0.113	0.304	NaN	NaN	0.269	0.676	NaN	NaN	8.07	23.66	NaN	NaN	0.0	"2.5"	"F0034"	1	0	"PR"	378.741	"deionize-uv"	107.333	0	1	0	0.0	0.0	0.0	null	380.536	0.09
-8.8	0.03025	30750.0	3000.0	2418.75	NaN	NaN	NaN	0	1	1	0	0	0	0	0	0	0	0	0	1	0	0	0	1	1	1	0	1	1	1	0	1	-106.0	0.115	0.3	NaN	NaN	0.274	0.667	NaN	NaN	8.22	23.345	NaN	NaN	0.0	"2.5"	"F0034"	1	0	"PR"	388.785	"deionize-uv"	117.377	0	1	0	0.0	0.0	0.0	null	390.58	0.084
-8.9	0.029975	30187.5	2981.25	1959.375	NaN	NaN	NaN	0	0	1	0	0	0	0	1	0	0	0	0	1	0	0	0	1	1	1	0	1	1	1	0	1	-107.0	0.113	0.254	NaN	NaN	0.269	0.564	NaN	NaN	8.07	19.74	NaN	NaN	0.0	"2.5"	"F0034"	1	0	"PR"	398.748	"drain-di-1"	7.152	0	1	0	0.0	0.0	0.0	null	400.543	0.089
-8.6	0.0297	29812.5	2981.25	1668.75	NaN	NaN	NaN	0	0	1	0	0	0	0	1	0	0	0	0	1	0	0	0	1	1	1	0	1	1	1	0	1	-103.0	0.113	0.225	NaN	NaN	0.269	0.5	NaN	NaN	8.07	17.5	NaN	NaN	0.0	"2.5"	"F0034"	1	0	"PR"	408.784	"drain-di-1"	17.188	0	1	0	0.0	0.0	0.0	null	410.579	0.088
-8.3	0.03025	30000.0	2981.25	1453.125	NaN	NaN	NaN	0	0	1	0	0	0	0	1	0	0	0	0	1	0	0	0	1	1	1	0	1	1	1	0	1	-100.0	0.113	0.203	NaN	NaN	0.269	0.451	NaN	NaN	8.07	15.785	NaN	NaN	0.0	"2.5"	"F0034"	1	0	"PR"	418.821	"drain-di-1"	27.225	0	1	0	0.0	0.0	0.0	null	420.616	0.09
-8.2	0.02915	29812.5	2990.625	1228.125	NaN	NaN	NaN	0	0	1	0	0	0	0	1	0	0	0	0	1	0	0	0	1	1	1	0	1	1	1	0	1	-98.0	0.114	0.181	NaN	NaN	0.271	0.402	NaN	NaN	8.13	14.07	NaN	NaN	0.0	"2.5"	"F0034"	1	0	"PR"	428.857	"drain-di-1"	37.261	0	1	0	0.0	0.0	0.0	null	430.652	0.09
-7.8	0.02915	29625.0	2981.25	946.875	NaN	NaN	NaN	0	0	1	0	0	0	0	1	0	0	0	0	1	0	0	0	1	1	1	0	1	1	1	0	1	-94.0	0.113	0.153	NaN	NaN	0.269	0.34	NaN	NaN	8.07	11.9	NaN	NaN	0.0	"2.5"	"F0034"	1	0	"PR"	438.897	"drain-di-1"	47.301	0	1	0	0.0	0.0	0.0	null	440.692	0.088
-8.0	0.02915	30000.0	3000.0	712.5	NaN	NaN	NaN	0	0	1	0	0	0	0	1	0	0	0	0	1	0	0	0	1	1	1	0	1	1	1	0	1	-96.0	0.115	0.129	NaN	NaN	0.274	0.287	NaN	NaN	8.22	10.045	NaN	NaN	0.0	"2.5"	"F0034"	1	0	"PR"	448.737	"drain-di-1"	57.141	0	1	0	0.0	0.0	0.0	null	450.532	0.089
-8.0	0.029425	29812.5	2990.625	450.0	NaN	NaN	NaN	0	0	1	0	0	0	0	1	0	0	0	0	1	0	0	0	1	1	1	0	1	1	1	0	1	-96.0	0.114	0.103	NaN	NaN	0.271	0.229	NaN	NaN	8.13	8.015	NaN	NaN	0.0	"2.5"	"F0034"	1	0	"PR"	458.766	"drain-di-1"	67.17	0	1	0	0.0	0.0	0.0	null	460.561	0.091
-8.0	0.02915	30000.0	2990.625	196.875	NaN	NaN	NaN	0	0	1	0	0	0	0	1	0	0	0	0	1	0	0	0	1	1	1	0	1	1	1	0	1	-96.0	0.114	0.078	NaN	NaN	0.271	0.173	NaN	NaN	8.13	6.055	NaN	NaN	0.0	"2.5"	"F0034"	1	0	"PR"	468.806	"drain-di-1"	77.21	0	1	0	0.0	0.0	0.0	null	470.601	0.091
-7.7	0.028875	31687.5	2990.625	-37.5	NaN	NaN	NaN	0	0	1	0	0	0	0	1	0	0	0	0	1	0	0	0	1	1	1	0	1	1	1	0	1	-92.0	0.114	0.054	NaN	NaN	0.271	0.12	NaN	NaN	8.13	4.2	NaN	NaN	0.0	"2.5"	"F0034"	1	0	"PR"	478.756	"drip-di-1"	4.128	0	1	0	0.0	0.0	0.0	null	480.551	0.087
-7.9	0.028325	29812.5	3000.0	-46.875	NaN	NaN	NaN	0	0	1	0	0	0	0	1	0	0	0	0	1	0	0	0	1	1	1	0	1	1	1	0	1	-95.0	0.115	0.053	NaN	NaN	0.274	0.118	NaN	NaN	8.22	4.13	NaN	NaN	0.0	"2.5"	"F0034"	1	0	"PR"	488.8	"drip-di-1"	14.172	0	1	0	0.0	0.0	0.0	null	490.595	0.092
12.2	0.0297	27562.5	2859.375	65.625	NaN	NaN	NaN	1	0	0	0	0	1	1	0	0	0	0	0	1	1	0	0	0	1	1	1	0	1	1	1	0	146.0	0.101	0.065	NaN	NaN	0.24	0.144	NaN	NaN	7.2	5.04	NaN	NaN	0.0	"2.5"	"F0034"	1	1	"PR"	498.808	"reverse-f"	9.003	0	1	0	0.0	0.0	0.0	null	500.603	0.087
14.5	0.03245	26437.5	2840.625	393.75	NaN	NaN	NaN	1	0	0	0	0	1	1	0	0	0	0	0	1	1	0	0	0	1	1	1	0	1	1	1	0	174.0	0.099	0.097	NaN	NaN	0.236	0.216	NaN	NaN	7.08	7.56	NaN	NaN	0.0	"2.5"	"F0034"	1	1	"PR"	508.843	"reverse-f"	19.038	0	1	0	0.0	0.0	0.0	null	510.638	0.09
13.6	0.034925	27562.5	2868.75	703.125	NaN	NaN	NaN	1	0	0	0	0	1	1	0	0	0	0	0	1	1	0	0	0	1	1	1	0	1	1	1	0	163.0	0.102	0.128	NaN	NaN	0.243	0.284	NaN	NaN	7.29	9.94	NaN	NaN	0.0	"2.5"	"F0034"	1	1	"PR"	518.883	"reverse-f"	29.078	0	1	0	0.0	0.0	0.0	null	520.678	0.091
12.0	0.037675	26437.5	2831.25	1003.125	NaN	NaN	NaN	1	0	0	0	0	1	1	0	0	0	0	0	1	1	0	0	0	1	1	1	0	1	1	1	0	144.0	0.098	0.158	NaN	NaN	0.233	0.351	NaN	NaN	6.99	12.285	NaN	NaN	0.0	"2.5"	"F0034"	1	1	"PR"	528.917	"reverse-f"	39.112	0	1	0	0.0	0.0	0.0	null	530.712	0.09
12.6	0.0407	28500.0	2784.375	1312.5	NaN	NaN	NaN	1	0	0	0	0	1	1	0	0	0	0	0	1	1	0	0	0	1	1	1	0	1	1	1	0	151.0	0.093	0.189	NaN	NaN	0.221	0.42	NaN	NaN	6.63	14.7	NaN	NaN	0.0	"2.5"	"F0034"	1	1	"PR"	538.955	"reverse-f"	49.15	0	1	0	0.0	0.0	0.0	null	540.75	0.088
13.3	0.043175	27375.0	2821.875	1603.125	NaN	NaN	NaN	1	0	0	0	0	1	1	0	0	0	0	0	1	1	0	0	0	1	1	1	0	1	1	1	0	160.0	0.097	0.218	NaN	NaN	0.231	0.484	NaN	NaN	6.93	16.94	NaN	NaN	0.0	"2.5"	"F0034"	1	1	"PR"	548.994	"reverse-f"	59.189	0	1	0	0.0	0.0	0.0	null	550.789	0.093
12.3	0.045925	27937.5	2840.625	1903.125	NaN	NaN	NaN	1	0	0	0	0	1	1	0	0	0	0	0	1	1	0	0	0	1	1	1	0	1	1	1	0	148.0	0.099	0.248	NaN	NaN	0.236	0.551	NaN	NaN	7.08	19.285	NaN	NaN	0.0	"2.5"	"F0034"	1	1	"PR"	559.028	"reverse-f"	69.223	0	1	0	0.0	0.0	0.0	null	560.823	0.089
12.1	0.048125	26250.0	2850.0	2165.625	NaN	NaN	NaN	1	0	0	0	0	1	1	0	0	0	0	0	1	1	0	0	0	1	1	1	0	1	1	1	0	145.0	0.1	0.275	NaN	NaN	0.238	0.611	NaN	NaN	7.14	21.385	NaN	NaN	0.0	"2.5"	"F0034"	1	1	"PR"	568.865	"reverse-f"	79.06	0	1	0	0.0	0.0	0.0	null	570.66	0.086
12.3	0.049775	28125.0	2831.25	2259.375	NaN	NaN	NaN	0	0	0	0	0	1	1	0	0	0	0	0	1	0	0	0	0	1	1	1	0	1	1	1	0	148.0	0.098	0.284	NaN	NaN	0.233	0.631	NaN	NaN	6.99	22.085	NaN	NaN	0.0	"2.5"	"F0034"	1	1	"PR"	579.015	"reverse"	89.21	0	1	0	0.0	0.0	0.0	null	580.81	0.09
12.3	0.050875	26437.5	2831.25	2250.0	NaN	NaN	NaN	0	0	0	0	0	1	1	0	0	0	0	0	1	0	0	0	0	1	1	1	0	1	1	1	0	148.0	0.098	0.283	NaN	NaN	0.233	0.629	NaN	NaN	6.99	22.015	NaN	NaN	0.0	"2.5"	"F0034"	1	1	"PR"	589.048	"reverse"	99.243	0	1	0	0.0	0.0	0.0	null	590.843	0.09
12.6	0.051975	29062.5	2821.875	2250.0	NaN	NaN	NaN	0	0	0	0	0	1	1	0	0	0	0	0	1	0	0	0	0	1	1	1	0	1	1	1	0	151.0	0.097	0.283	NaN	NaN	0.231	0.629	NaN	NaN	6.93	22.015	NaN	NaN	0.0	"2.5"	"F0034"	1	1	"PR"	598.888	"reverse"	109.083	0	1	0	0.0	0.0	0.0	null	600.683	0.085
12.5	0.0539	28312.5	2859.375	2278.125	NaN	NaN	NaN	0	0	0	0	0	1	1	0	0	0	0	0	1	0	0	0	0	1	1	1	0	1	1	1	0	150.0	0.101	0.286	NaN	NaN	0.24	0.636	NaN	NaN	7.2	22.26	NaN	NaN	0.0	"2.5"	"F0034"	1	1	"PR"	608.927	"reverse"	119.122	0	1	0	0.0	0.0	0.0	null	610.722	0.086
12.2	0.0539	27562.5	2821.875	2250.0	NaN	NaN	NaN	0	0	0	0	0	1	1	0	0	0	0	0	1	0	0	0	0	1	1	1	0	1	1	1	0	146.0	0.097	0.283	NaN	NaN	0.231	0.629	NaN	NaN	6.93	22.015	NaN	NaN	0.0	"2.5"	"F0034"	1	1	"PR"	618.965	"reverse"	129.16	0	1	0	0.0	0.0	0.0	null	620.76	0.085
12.5	0.054725	27750.0	2840.625	2268.75	NaN	NaN	NaN	0	0	0	0	0	1	1	0	0	0	0	0	1	0	0	0	0	1	1	1	0	1	1	1	0	150.0	0.099	0.285	NaN	NaN	0.236	0.633	NaN	NaN	7.08	22.155	NaN	NaN	0.0	"2.5"	"F0034"	1	1	"PR"	629.007	"reverse"	139.202	0	1	0	0.0	0.0	0.0	null	630.802	0.087
12.9	0.055825	24937.5	2821.875	2250.0	NaN	NaN	NaN	0	0	0	0	0	1	1	0	0	0	0	0	1	0	0	0	0	1	1	1	0	1	1	1	0	155.0	0.097	0.283	NaN	NaN	0.231	0.629	NaN	NaN	6.93	22.015	NaN	NaN	0.0	"2.5"	"F0034"	1	1	"PR"	639.042	"reverse"	149.237	0	1	0	0.0	0.0	0.0	null	640.837	0.086
4.5	0.055825	1875.0	3000.0	2278.125	NaN	NaN	NaN	0	0	0	0	0	0	0	0	0	0	0	0	0	0	0	0	0	0	0	0	1	0	0	0	1	54.0	0.115	0.286	NaN	NaN	0.274	0.636	NaN	NaN	8.22	22.26	NaN	NaN	0.0	"2.5"	"F0034"	0	0	"PR"	648.972	"diffuse"	9.128	0	1	1	0.0	0.0	0.0	null	650.767	0.083
4.5	0.0561	1312.5	3009.375	2278.125	NaN	NaN	NaN	0	0	0	0	0	0	0	0	0	0	0	0	0	0	0	0	0	0	0	0	1	0	0	0	1	54.0	0.116	0.286	NaN	NaN	0.276	0.636	NaN	NaN	8.28	22.26	NaN	NaN	0.0	"2.5"	"F0034"	0	0	"PR"	659.015	"diffuse"	19.171	0	1	1	0.0	0.0	0.0	null	660.81	0.086
4.6	0.0561	1125.0	3009.375	2278.125	NaN	NaN	NaN	0	0	0	0	0	0	0	0	0	0	0	0	0	0	0	0	0	0	0	0	1	0	0	0	1	55.0	0.116	0.286	NaN	NaN	0.276	0.636	NaN	NaN	8.28	22.26	NaN	NaN	0.0	"2.5"	"F0034"	0	0	"PR"	669.053	"diffuse"	29.209	0	1	1	0.0	0.0	0.0	null	670.848	0.086
12.5	0.05665	25687.5	2859.375	2259.375	NaN	NaN	NaN	0	0	0	0	0	1	1	0	0	0	0	0	1	0	0	0	0	1	1	1	0	1	1	1	0	150.0	0.101	0.284	NaN	NaN	0.24	0.631	NaN	NaN	7.2	22.085	NaN	NaN	0.0	"2.5"	"F0034"	1	1	"PR"	678.98	"wash-en"	9.124	0	1	1	0.0	0.0	0.0	null	680.775	0.086
12.6	0.058025	28500.0	2850.0	2268.75	NaN	NaN	NaN	0	0	0	0	0	1	1	0	0	0	0	0	1	0	0	0	0	1	1	1	0	1	1	1	0	151.0	0.1	0.285	NaN	NaN	0.238	0.633	NaN	NaN	7.14	22.155	NaN	NaN	0.0	"2.5"	"F0034"	1	1	"PR"	689.015	"wash-en"	19.159	0	1	1	0.0	0.0	0.0	null	690.81	0.086
4.2	0.059125	28125.0	2859.375	2259.375	NaN	NaN	NaN	0	0	0	0	0	1	1	0	0	0	0	0	1	0	0	0	0	0	0	0	1	0	0	0	1	50.0	0.101	0.284	NaN	NaN	0.24	0.631	NaN	NaN	7.2	22.085	NaN	NaN	0.0	"2.5"	"F0034"	0	0	"PR"	699.135	"wash-sc"	9.118	0	1	1	0.0	0.0	0.0	null	700.93	0.087
4.2	0.0594	2250.0	3009.375	2278.125	NaN	NaN	NaN	0	0	0	0	0	0	0	0	0	0	0	0	0	0	0	0	0	0	0	0	1	0	0	0	1	50.0	0.116	0.286	NaN	NaN	0.276	0.636	NaN	NaN	8.28	22.26	NaN	NaN	0.0	"2.5"	"F0034"	0	0	"PR"	709.17	"diffuse"	9.031	0	1	2	0.0	0.0	0.0	null	710.965	0.086
4.2	0.05885	1687.5	3000.0	2278.125	NaN	NaN	NaN	0	0	0	0	0	0	0	0	0	0	0	0	0	0	0	0	0	0	0	0	1	0	0	0	1	50.0	0.115	0.286	NaN	NaN	0.274	0.636	NaN	NaN	8.22	22.26	NaN	NaN	0.0	"2.5"	"F0034"	0	0	"PR"	719.007	"diffuse"	18.868	0	1	2	0.0	0.0	0.0	null	720.802	0.084
4.0	0.059125	937.5	2981.25	2268.75	NaN	NaN	NaN	0	0	0	0	0	0	0	0	0	0	0	0	0	0	0	0	0	0	0	0	1	0	0	0	1	48.0	0.113	0.285	NaN	NaN	0.269	0.633	NaN	NaN	8.07	22.155	NaN	NaN	0.0	"2.5"	"F0034"	0	0	"PR"	729.045	"diffuse"	28.906	0	1	2	0.0	0.0	0.0	null	730.84	0.083
12.1	0.059125	28312.5	2878.125	2268.75	NaN	NaN	NaN	0	0	0	0	0	1	1	0	0	0	0	0	1	0	0	0	0	1	1	1	0	1	1	1	0	145.0	0.103	0.285	NaN	NaN	0.245	0.633	NaN	NaN	7.35	22.155	NaN	NaN	0.0	"2.5"	"F0034"	1	1	"PR"	739.174	"wash-en"	8.925	0	1	2	0.0	0.0	0.0	null	740.969	0.086
12.2	0.059675	29250.0	2878.125	2259.375	NaN	NaN	NaN	0	0	0	0	0	1	1	0	0	0	0	0	1	0	0	0	0	1	1	1	0	1	1	1	0	146.0	0.103	0.284	NaN	NaN	0.245	0.631	NaN	NaN	7.35	22.085	NaN	NaN	0.0	"2.5"	"F0034"	1	1	"PR"	749.212	"wash-en"	18.963	0	1	2	0.0	0.0	0.0	null	751.007	0.086
2.2	0.05995	27000.0	2850.0	2278.125	NaN	NaN	NaN	0	0	0	0	0	1	1	0	0	0	0	0	1	0	0	0	0	0	0	0	1	0	0	0	1	26.0	0.1	0.286	NaN	NaN	0.238	0.636	NaN	NaN	7.14	22.26	NaN	NaN	0.0	"2.5"	"F0034"	0	0	"PR"	759.137	"wash-sc"	8.72	0	1	2	0.0	0.0	0.0	null	760.932	0.084
3.5	0.05995	937.5	3009.375	2268.75	NaN	NaN	NaN	0	0	0	0	0	0	0	0	0	0	0	0	0	0	0	0	0	0	0	0	1	0	0	0	1	42.0	0.116	0.285	NaN	NaN	0.276	0.633	NaN	NaN	8.28	22.155	NaN	NaN	0.0	"2.5"	"F0034"	0	0	"PR"	769.176	"diffuse"	8.633	0	1	3	0.0	0.0	0.0	null	770.971	0.083
3.5	0.05995	1687.5	3009.375	2278.125	NaN	NaN	NaN	0	0	0	0	0	0	0	0	0	0	0	0	0	0	0	0	0	0	0	0	1	0	0	0	1	42.0	0.116	0.286	NaN	NaN	0.276	0.636	NaN	NaN	8.28	22.26	NaN	NaN	0.0	"2.5"	"F0034"	0	0	"PR"	779.213	"diffuse"	18.67	0	1	3	0.0	0.0	0.0	null	781.008	0.083
3.3	0.059675	1125.0	3000.0	2278.125	NaN	NaN	NaN	0	0	0	0	0	0	0	0	0	0	0	0	0	0	0	0	0	0	0	0	1	0	0	0	1	40.0	0.115	0.286	NaN	NaN	0.274	0.636	NaN	NaN	8.22	22.26	NaN	NaN	0.0	"2.5"	"F0034"	0	0	"PR"	789.255	"diffuse"	28.712	0	1	3	0.0	0.0	0.0	null	791.05	0.083
13.5	0.05995	24375.0	2831.25	2250.0	NaN	NaN	NaN	0	0	0	0	0	1	1	0	0	0	0	0	1	0	0	0	0	1	1	1	0	1	1	1	0	162.0	0.098	0.283	NaN	NaN	0.233	0.629	NaN	NaN	6.99	22.015	NaN	NaN	0.0	"2.5"	"F0034"	1	1	"PR"	799.183	"wash-en"	8.524	0	1	3	0.0	0.0	0.0	null	800.978	0.087
12.1	0.059675	25875.0	2850.0	2240.625	NaN	NaN	NaN	0	0	0	0	0	1	1	0	0	0	0	0	1	0	0	0	0	1	1	1	0	1	1	1	0	145.0	0.1	0.282	NaN	NaN	0.238	0.627	NaN	NaN	7.14	21.945	NaN	NaN	0.0	"2.5"	"F0034"	1	1	"PR"	809.22	"wash-en"	18.561	0	1	3	0.0	0.0	0.0	null	811.015	0.083
3.4	0.05995	27937.5	2859.375	2268.75	NaN	NaN	NaN	0	0	0	0	0	1	1	0	0	0	0	0	1	0	0	0	0	0	0	0	1	0	0	0	1	41.0	0.101	0.285	NaN	NaN	0.24	0.633	NaN	NaN	7.2	22.155	NaN	NaN	0.0	"2.5"	"F0034"	0	0	"PR"	819.148	"wash-sc"	8.321	0	1	3	0.0	0.0	0.0	null	820.943	0.084
3.5	0.05995	375.0	3009.375	2268.75	NaN	NaN	NaN	0	0	0	0	0	0	0	0	0	0	0	0	0	0	0	0	0	0	0	0	1	0	0	0	1	42.0	0.116	0.285	NaN	NaN	0.276	0.633	NaN	NaN	8.28	22.155	NaN	NaN	0.0	"2.5"	"F0034"	0	0	"PR"	829.185	"diffuse"	8.231	0	1	4	0.0	0.0	0.0	null	830.98	0.085
3.3	0.0605	562.5	3000.0	2278.125	NaN	NaN	NaN	0	0	0	0	0	0	0	0	0	0	0	0	0	0	0	0	0	0	0	0	1	0	0	0	1	40.0	0.115	0.286	NaN	NaN	0.274	0.636	NaN	NaN	8.22	22.26	NaN	NaN	0.0	"2.5"	"F0034"	0	0	"PR"	839.224	"diffuse"	18.27	0	1	4	0.0	0.0	0.0	null	841.019	0.083
3.2	0.06105	750.0	3018.75	2259.375	NaN	NaN	NaN	0	0	0	0	0	0	0	0	0	0	0	0	0	0	0	0	0	0	0	0	1	0	0	0	1	38.0	0.117	0.284	NaN	NaN	0.279	0.631	NaN	NaN	8.37	22.085	NaN	NaN	0.0	"2.5"	"F0034"	0	0	"PR"	849.264	"diffuse"	28.31	0	1	4	0.0	0.0	0.0	null	851.059	0.083
12.6	0.05995	27562.5	2831.25	2278.125	NaN	NaN	NaN	0	0	0	0	0	1	1	0	0	0	0	0	1	0	0	0	0	1	1	1	0	1	1	1	0	151.0	0.098	0.286	NaN	NaN	0.233	0.636	NaN	NaN	6.99	22.26	NaN	NaN	0.0	"2.5"	"F0034"	1	1	"PR"	859.197	"wash-en"	8.124	0	1	4	0.0	0.0	0.0	null	860.992	0.086
12.6	0.0605	26437.5	2831.25	2259.375	NaN	NaN	NaN	0	0	0	0	0	1	1	0	0	0	0	0	1	0	0	0	0	1	1	1	0	1	1	1	0	151.0	0.098	0.284	NaN	NaN	0.233	0.631	NaN	NaN	6.99	22.085	NaN	NaN	0.0	"2.5"	"F0034"	1	1	"PR"	869.237	"wash-en"	18.164	0	1	4	0.0	0.0	0.0	null	871.032	0.083
2.2	0.0605	25875.0	2821.875	2287.5	NaN	NaN	NaN	0	0	0	0	0	1	1	0	0	0	0	0	1	0	0	0	0	0	0	0	1	0	0	0	1	26.0	0.097	0.287	NaN	NaN	0.231	0.638	NaN	NaN	6.93	22.33	NaN	NaN	0.0	"2.5"	"F0034"	0	0	"PR"	879.165	"wash-sc"	7.921	0	1	4	0.0	0.0	0.0	null	880.96	0.09
2.7	0.0605	-1125.0	2531.25	2306.25	NaN	NaN	NaN	0	0	0	0	1	0	0	0	0	0	0	0	0	0	0	0	0	0	0	0	1	0	0	0	1	32.0	0.068	0.289	NaN	NaN	0.162	0.642	NaN	NaN	4.86	22.47	NaN	NaN	0.0	"2.5"	"F0034"	0	0	"PR"	889.204	"drain-rg"	7.832	0	1	4	0.0	0.0	0.0	null	890.999	0.09
2.5	0.0605	-1125.0	2156.25	2278.125	NaN	NaN	NaN	0	0	0	0	1	0	0	0	0	0	0	0	0	0	0	0	0	0	0	0	1	0	0	0	1	30.0	0.031	0.286	NaN	NaN	0.074	0.636	NaN	NaN	2.22	22.26	NaN	NaN	0.0	"2.5"	"F0034"	0	0	"PR"	899.239	"drain-rg"	17.867	0	1	4	0.0	0.0	0.0	null	901.034	0.09
2.7	0.0605	-750.0	1809.375	2278.125	NaN	NaN	NaN	0	0	0	0	1	0	0	0	0	0	0	0	0	0	0	0	0	0	0	0	1	0	0	0	1	32.0	-0.004	0.286	NaN	NaN	-0.01	0.636	NaN	NaN	-0.3	22.26	NaN	NaN	0.0	"2.5"	"F0034"	0	0	"PR"	909.28	"drip-rg"	0.804	0	1	4	0.0	0.0	0.0	null	911.075	0.09
6.5	0.060775	-1500.0	918.75	2259.375	NaN	NaN	NaN	0	0	0	0	1	0	0	0	0	0	0	0	0	0	0	0	0	0	0	0	1	0	0	0	1	78.0	-0.093	0.284	NaN	NaN	-0.221	0.631	NaN	NaN	-6.63	22.085	NaN	NaN	0.0	"2.5"	"F0034"	0	0	"PR"	919.317	"drip-rg"	10.841	0	1	4	0.0	0.0	0.0	null	921.112	0.083
2.6	0.05995	26062.5	1650.0	2165.625	NaN	NaN	NaN	0	0	1	0	0	1	0	0	0	0	0	0	1	0	0	0	0	0	0	0	1	0	0	0	1	31.0	-0.02	0.275	NaN	NaN	-0.048	0.611	NaN	NaN	-1.44	21.385	NaN	NaN	0.0	"2.5"	"F0034"	0	0	"FR"	5.041	"fill-rg-di"	4.84	1	1	0	925.53	0.0	0.0	null	931.194	0.085
2.5	0.05885	26062.5	2118.75	1893.75	NaN	NaN	NaN	0	0	1	0	0	1	0	0	0	0	0	0	1	0	0	0	0	0	0	0	1	0	0	0	1	30.0	0.027	0.247	NaN	NaN	0.064	0.549	NaN	NaN	1.92	19.215	NaN	NaN	0.0	"2.5"	"F0034"	0	0	"FR"	14.876	"fill-rg-di"	14.675	1	1	0	925.53	0.0	0.0	null	941.029	0.09
1.8	0.05775	28875.0	2437.5	1678.125	NaN	NaN	NaN	0	0	1	0	0	1	0	0	0	0	0	0	1	0	0	0	0	0	0	0	1	0	0	0	1	22.0	0.059	0.226	NaN	NaN	0.14	0.502	NaN	NaN	4.2	17.57	NaN	NaN	0.0	"2.5"	"F0034"	0	0	"FR"	24.912	"fill-rg-di"	24.711	1	1	0	925.53	0.0	0.0	null	951.065	0.09
4.0	0.055275	28125.0	2737.5	1415.625	NaN	NaN	NaN	0	0	1	0	0	1	0	0	0	0	0	0	1	0	0	0	0	0	0	0	1	0	0	0	1	48.0	0.089	0.2	NaN	NaN	0.212	0.444	NaN	NaN	6.36	15.54	NaN	NaN	0.0	"2.5"	"F0034"	0	0	"FR"	34.952	"fill-rg-di"	34.751	1	1	0	925.53	0.0	0.0	null	961.105	0.087
1.0	0.05335	28500.0	3037.5	1171.875	NaN	NaN	NaN	0	0	1	0	0	1	0	0	0	0	0	0	1	0	0	0	0	0	0	0	1	0	0	0	1	12.0	0.119	0.175	NaN	NaN	0.283	0.389	NaN	NaN	8.49	13.615	NaN	NaN	0.0	"2.5"	"F0034"	0	0	"FR"	44.989	"fill-rg-di"	44.788	1	1	0	925.53	0.0	0.0	null	971.142	0.087
2.8	0.05225	375.0	2943.75	975.0	NaN	NaN	NaN	0	0	0	0	1	0	0	0	0	0	0	0	0	0	0	0	0	0	0	0	1	0	0	0	1	34.0	0.109	0.155	NaN	NaN	0.26	0.344	NaN	NaN	7.8	12.04	NaN	NaN	0.0	"2.5"	"F0034"	0	0	"FR"	55.03	"drain-rg"	2.611	1	1	0	925.53	0.0	0.0	null	981.183	0.089
2.5	0.051975	-3187.5	2615.625	946.875	NaN	NaN	NaN	0	0	0	0	1	0	0	0	0	0	0	0	0	0	0	0	0	0	0	0	1	0	0	0	1	30.0	0.077	0.153	NaN	NaN	0.183	0.34	NaN	NaN	5.49	11.9	NaN	NaN	0.0	"2.5"	"F0034"	0	0	"FR"	65.067	"drain-rg"	12.648	1	1	0	925.53	0.0	0.0	null	991.22	0.09
2.5	0.051975	-3562.5	2250.0	975.0	NaN	NaN	NaN	0	0	0	0	1	0	0	0	0	0	0	0	0	0	0	0	0	0	0	0	1	0	0	0	1	30.0	0.04	0.155	NaN	NaN	0.095	0.344	NaN	NaN	2.85	12.04	NaN	NaN	0.0	"2.5"	"F0034"	0	0	"FR"	75.105	"drain-rg"	22.686	1	1	0	925.53	0.0	0.0	null	1001.258	0.09
2.5	0.0528	-3937.5	1912.5	965.625	NaN	NaN	NaN	0	0	0	0	1	0	0	0	0	0	0	0	0	0	0	0	0	0	0	0	1	0	0	0	1	30.0	0.006	0.155	NaN	NaN	0.014	0.344	NaN	NaN	0.42	12.04	NaN	NaN	0.0	"2.5"	"F0034"	0	0	"FR"	84.944	"drain-rg"	32.525	1	1	0	925.53	0.0	0.0	null	1011.097	0.088
2.3	0.051975	-4312.5	1340.625	975.0	NaN	NaN	NaN	0	0	0	0	1	0	0	0	0	0	0	0	0	0	0	0	0	0	0	0	1	0	0	0	1	28.0	-0.051	0.155	NaN	NaN	-0.121	0.344	NaN	NaN	-3.63	12.04	NaN	NaN	0.0	"2.5"	"F0034"	0	0	"FR"	94.977	"drip-rg"	8.226	1	1	0	925.53	0.0	0.0	null	1021.13	0.09
1.8	0.052525	23812.5	900.0	918.75	NaN	NaN	NaN	0	0	1	0	0	1	0	0	0	0	0	0	1	0	0	0	0	0	0	0	1	0	0	0	1	22.0	-0.095	0.15	NaN	NaN	-0.226	0.333	NaN	NaN	-6.78	11.655	NaN	NaN	0.0	"2.5"	"F0034"	0	0	"PR"	2.425	"fill-rg-di"	2.224	1	0	0	925.53	0.0	1028.154	null	1031.201	0.091
0.6	0.051975	26812.5	1968.75	675.0	NaN	NaN	NaN	0	0	1	0	0	1	0	0	0	0	0	0	1	0	0	0	0	0	0	0	1	0	0	0	1	7.0	0.012	0.126	NaN	NaN	0.029	0.28	NaN	NaN	0.87	9.8	NaN	NaN	0.0	"2.5"	"F0034"	0	0	"PR"	12.461	"fill-rg-di"	12.26	1	0	0	925.53	0.0	1028.154	null	1041.237	0.09
2.4	0.0506	27187.5	2325.0	440.625	NaN	NaN	NaN	0	0	1	0	0	1	0	0	0	0	0	0	1	0	0	0	0	0	0	0	1	0	0	0	1	29.0	0.048	0.102	NaN	NaN	0.114	0.227	NaN	NaN	3.42	7.945	NaN	NaN	0.0	"2.5"	"F0034"	0	0	"PR"	22.494	"fill-rg-di"	22.293	1	0	0	925.53	0.0	1028.154	null	1051.27	0.091
2.1	0.049775	29437.5	2587.5	159.375	NaN	NaN	NaN	0	0	1	0	0	1	0	0	0	0	0	0	1	0	0	0	0	0	0	0	1	0	0	0	1	25.0	0.074	0.074	NaN	NaN	0.176	0.164	NaN	NaN	5.28	5.74	NaN	NaN	0.0	"2.5"	"F0034"	0	0	"PR"	32.53	"fill-rg-di"	32.329	1	0	0	925.53	0.0	1028.154	null	1061.306	0.09
2.2	0.048675	2437.5	2718.75	253.125	NaN	NaN	NaN	1	0	0	0	0	0	0	0	0	0	0	0	0	1	0	0	0	0	0	0	1	0	0	0	1	26.0	0.087	0.083	NaN	NaN	0.207	0.184	NaN	NaN	6.21	6.44	NaN	NaN	0.0	"2.5"	"F0034"	0	0	"PR"	42.368	"fill-di-lb"	6.223	1	0	0	925.53	0.0	1028.154	null	1071.144	0.086
2.7	0.0484	3375.0	2718.75	562.5	NaN	NaN	NaN	1	0	0	0	0	0	0	0	0	0	0	0	0	1	0	0	0	0	0	0	1	0	0	0	1	32.0	0.087	0.114	NaN	NaN	0.207	0.253	NaN	NaN	6.21	8.855	NaN	NaN	0.0	"2.5"	"F0034"	0	0	"PR"	52.41	"fill-di-lb"	16.265	1	0	0	925.53	0.0	1028.154	null	1081.186	0.085
1.8	0.0484	937.5	2709.375	853.125	NaN	NaN	NaN	1	0	0	0	0	0	0	0	0	0	0	0	0	1	0	0	0	0	0	0	1	0	0	0	1	22.0	0.086	0.143	NaN	NaN	0.205	0.318	NaN	NaN	6.15	11.13	NaN	NaN	0.0	"2.5"	"F0034"	0	0	"PR"	62.442	"fill-di-lb"	26.297	1	0	0	925.53	0.0	1028.154	null	1091.218	0.086
2.0	0.048675	1312.5	2718.75	1153.125	NaN	NaN	NaN	1	0	0	0	0	0	0	0	0	0	0	0	0	1	0	0	0	0	0	0	1	0	0	0	1	24.0	0.087	0.173	NaN	NaN	0.207	0.384	NaN	NaN	6.21	13.44	NaN	NaN	0.0	"2.5"	"F0034"	0	0	"PR"	72.48	"fill-di-lb"	36.335	1	0	0	925.53	0.0	1028.154	null	1101.256	0.091
1.9	0.0484	1125.0	2746.875	1462.5	NaN	NaN	NaN	1	0	0	0	0	0	0	0	0	0	0	0	0	1	0	0	0	0	0	0	1	0	0	0	1	23.0	0.09	0.204	NaN	NaN	0.214	0.453	NaN	NaN	6.42	15.855	NaN	NaN	0.0	"2.5"	"F0034"	0	0	"PR"	82.522	"fill-di-lb"	46.377	1	0	0	925.53	0.0	1028.154	null	1111.298	0.09
2.1	0.049225	1875.0	2718.75	1771.875	NaN	NaN	NaN	1	0	0	0	0	0	0	0	0	0	0	0	0	1	0	0	0	0	0	0	1	0	0	0	1	25.0	0.087	0.235	NaN	NaN	0.207	0.522	NaN	NaN	6.21	18.27	NaN	NaN	0.0	"2.5"	"F0034"	0	0	"PR"	92.561	"fill-di-lb"	56.416	1	0	0	925.53	0.0	1028.154	null	1121.337	0.09
2.1	0.048675	1500.0	2737.5	2053.125	NaN	NaN	NaN	1	0	0	0	0	0	0	0	0	0	0	0	0	1	0	0	0	0	0	0	1	0	0	0	1	25.0	0.089	0.263	NaN	NaN	0.212	0.584	NaN	NaN	6.36	20.44	NaN	NaN	0.0	"2.5"	"F0034"	0	0	"PR"	102.597	"fill-di-lb"	66.452	1	0	0	925.53	0.0	1028.154	null	1131.373	0.091
1.6	0.048125	26062.5	2803.125	2203.125	NaN	NaN	NaN	0	0	1	0	0	1	0	0	0	0	0	0	1	0	0	0	0	0	0	0	1	0	0	0	1	19.0	0.095	0.278	NaN	NaN	0.226	0.618	NaN	NaN	6.78	21.63	NaN	NaN	0.0	"2.5"	"F0034"	0	0	"PR"	112.434	"fill-rg-di"	2.808	1	0	0	925.53	0.0	1028.154	null	1141.21	0.086
2.1	0.048125	4312.5	2981.25	2203.125	NaN	NaN	NaN	1	0	0	0	0	0	0	0	0	0	0	0	0	1	0	0	0	0	0	0	1	0	0	0	1	25.0	0.113	0.278	NaN	NaN	0.269	0.618	NaN	NaN	8.07	21.63	NaN	NaN	0.0	"2.5"	"F0034"	0	0	"PR"	122.47	"fill-di"	4.617	1	0	0	925.53	0.0	1028.154	null	1151.246	0.083
12.7	0.047575	31875.0	2943.75	2512.5	NaN	NaN	NaN	0	1	1	0	0	0	0	0	0	0	0	0	1	0	0	0	0	1	1	1	0	1	1	1	0	152.0	0.109	0.309	NaN	NaN	0.26	0.687	NaN	NaN	7.8	24.045	NaN	NaN	0.0	"2.5"	"F0034"	1	1	"PR"	132.513	"deionize"	9.04	1	1	0	925.53	0.0	1028.154	null	1161.289	0.089
12.5	0.046475	30187.5	2953.125	2512.5	NaN	NaN	NaN	0	1	1	0	0	0	0	0	0	0	0	0	1	0	0	0	0	1	1	1	0	1	1	1	0	150.0	0.11	0.309	NaN	NaN	0.262	0.687	NaN	NaN	7.86	24.045	NaN	NaN	0.0	"2.5"	"F0034"	1	1	"PR"	142.548	"deionize"	19.075	1	1	0	925.53	0.0	1028.154	null	1171.324	0.086
12.6	0.0451	29625.0	2962.5	2512.5	NaN	NaN	NaN	0	1	1	0	0	0	0	0	0	0	0	0	1	0	0	0	0	1	1	1	0	1	1	1	0	151.0	0.111	0.309	NaN	NaN	0.264	0.687	NaN	NaN	7.92	24.045	NaN	NaN	0.0	"2.5"	"F0034"	1	1	"PR"	152.584	"deionize"	29.111	1	1	0	925.53	0.0	1028.154	null	1181.36	0.087
12.6	0.044275	29812.5	2943.75	2550.0	NaN	NaN	NaN	0	1	1	0	0	0	0	0	0	0	0	0	1	0	0	0	0	1	1	1	0	1	1	1	0	151.0	0.109	0.313	NaN	NaN	0.26	0.696	NaN	NaN	7.8	24.36	NaN	NaN	0.0	"2.5"	"F0034"	1	1	"PR"	162.621	"deionize"	39.148	1	1	0	925.53	0.0	1028.154	null	1191.397	0.088
12.5	0.04345	31500.0	2962.5	2550.0	NaN	NaN	NaN	0	1	1	0	0	0	0	0	0	0	0	0	1	0	0	0	0	1	1	1	0	1	1	1	0	150.0	0.111	0.313	NaN	NaN	0.264	0.696	NaN	NaN	7.92	24.36	NaN	NaN	0.0	"2.5"	"F0034"	1	1	"PR"	172.652	"deionize"	49.179	1	1	0	925.53	0.0	1028.154	null	1201.428	0.087
12.8	0.04235	31875.0	2953.125	2512.5	NaN	NaN	NaN	0	1	1	0	0	0	0	0	0	0	0	0	1	0	0	0	0	1	1	1	0	1	1	1	0	154.0	0.11	0.309	NaN	NaN	0.262	0.687	NaN	NaN	7.86	24.045	NaN	NaN	0.0	"2.5"	"F0034"	1	1	"PR"	182.689	"deionize"	59.216	1	1	0	925.53	0.0	1028.154	null	1211.465	0.091
12.6	0.040975	31125.0	2971.875	2437.5	NaN	NaN	NaN	0	1	1	0	0	0	0	0	0	0	0	0	1	0	0	0	0	1	1	1	0	1	1	1	0	151.0	0.112	0.302	NaN	NaN	0.267	0.671	NaN	NaN	8.01	23.485	NaN	NaN	0.0	"2.5"	"F0034"	1	1	"PR"	192.528	"deionize"	69.055	1	1	0	925.53	0.0	1028.154	null	1221.304	0.084
11.5	0.04125	29625.0	2953.125	2493.75	NaN	NaN	NaN	0	1	1	0	0	0	0	0	0	0	0	0	1	0	0	0	0	1	1	1	0	1	1	1	0	138.0	0.11	0.307	NaN	NaN	0.262	0.682	NaN	NaN	7.86	23.87	NaN	NaN	0.0	"2.5"	"F0034"	1	1	"PR"	202.563	"deionize"	79.09	1	1	0	925.53	0.0	1028.154	null	1231.339	0.085
12.5	0.040425	30375.0	2981.25	2465.625	NaN	NaN	NaN	0	1	1	0	0	0	0	0	0	0	0	0	1	0	0	0	0	1	1	1	0	1	1	1	0	150.0	0.113	0.305	NaN	NaN	0.269	0.678	NaN	NaN	8.07	23.73	NaN	NaN	0.0	"2.5"	"F0034"	1	1	"PR"	212.598	"deionize"	89.125	1	1	0	925.53	0.0	1028.154	null	1241.374	0.084
12.4	0.0396	30562.5	2953.125	2465.625	NaN	NaN	NaN	0	1	1	0	0	0	0	0	0	0	0	0	1	0	0	0	0	1	1	1	0	1	1	1	0	149.0	0.11	0.305	NaN	NaN	0.262	0.678	NaN	NaN	7.86	23.73	NaN	NaN	0.0	"2.5"	"F0034"	1	1	"PR"	222.634	"deionize"	99.161	1	1	0	925.53	0.0	1028.154	null	1251.41	0.084
12.6	0.039325	31125.0	2953.125	2428.125	NaN	NaN	NaN	0	1	1	0	0	0	0	0	0	0	0	0	1	0	0	0	0	1	1	1	0	1	1	1	0	151.0	0.11	0.301	NaN	NaN	0.262	0.669	NaN	NaN	7.86	23.415	NaN	NaN	0.0	"2.5"	"F0034"	1	1	"PR"	232.667	"deionize"	109.194	1	1	0	925.53	0.0	1028.154	null	1261.443	0.084
11.7	0.03905	30562.5	2962.5	2475.0	NaN	NaN	NaN	0	1	1	0	0	0	0	0	0	0	0	0	1	0	0	0	0	1	1	1	0	1	1	1	0	140.0	0.111	0.305	NaN	NaN	0.264	0.678	NaN	NaN	7.92	23.73	NaN	NaN	0.0	"2.5"	"F0034"	1	1	"PR"	242.706	"deionize"	119.233	1	1	0	925.53	0.0	1028.154	null	1271.482	0.088
12.6	0.03795	30375.0	2943.75	2475.0	NaN	NaN	NaN	0	1	1	0	0	0	0	0	0	0	0	0	1	0	0	0	0	1	1	1	0	1	1	1	0	151.0	0.109	0.305	NaN	NaN	0.26	0.678	NaN	NaN	7.8	23.73	NaN	NaN	0.0	"2.5"	"F0034"	1	1	"PR"	252.739	"deionize"	129.266	1	1	0	925.53	0.0	1028.154	null	1281.515	0.087
13.3	0.0374	32437.5	2953.125	2437.5	NaN	NaN	NaN	0	1	1	0	0	0	0	0	0	0	0	0	1	0	0	0	0	1	1	1	0	1	1	1	0	160.0	0.11	0.302	NaN	NaN	0.262	0.671	NaN	NaN	7.86	23.485	NaN	NaN	0.0	"2.5"	"F0034"	1	1	"PR"	262.77	"deionize"	139.297	1	1	0	925.53	0.0	1028.154	null	1291.546	0.084
11.9	0.03795	31125.0	2953.125	2428.125	NaN	NaN	NaN	0	1	1	0	0	0	0	0	0	0	0	0	1	0	0	0	0	1	1	1	0	1	1	1	0	143.0	0.11	0.301	NaN	NaN	0.262	0.669	NaN	NaN	7.86	23.415	NaN	NaN	0.0	"2.5"	"F0034"	1	1	"PR"	272.607	"deionize"	149.134	1	1	0	925.53	0.0	1028.154	null	1301.383	0.086
12.1	0.0374	30562.5	2953.125	2390.625	NaN	NaN	NaN	0	1	1	0	0	0	0	0	0	0	0	0	1	0	0	0	0	1	1	1	0	1	1	1	0	145.0	0.11	0.297	NaN	NaN	0.262	0.66	NaN	NaN	7.86	23.1	NaN	NaN	0.0	"2.5"	"F0034"	1	1	"PR"	282.64	"deionize"	159.167	1	1	0	925.53	0.0	1028.154	null	1311.416	0.084
12.4	0.037125	32062.5	2962.5	2446.875	NaN	NaN	NaN	0	1	1	0	0	0	0	0	0	0	0	0	1	0	0	0	0	1	1	1	0	1	1	1	0	149.0	0.111	0.303	NaN	NaN	0.264	0.673	NaN	NaN	7.92	23.555	NaN	NaN	0.0	"2.5"	"F0034"	1	1	"PR"	292.675	"deionize"	169.202	1	1	0	925.53	0.0	1028.154	null	1321.451	0.084
12.6	0.0363	32062.5	2953.125	2371.875	NaN	NaN	NaN	0	1	1	0	0	0	0	0	0	0	0	0	1	0	0	0	0	1	1	1	0	1	1	1	0	151.0	0.11	0.295	NaN	NaN	0.262	0.656	NaN	NaN	7.86	22.96	NaN	NaN	0.0	"2.5"	"F0034"	1	1	"PR"	302.713	"deionize"	179.24	1	1	0	925.53	0.0	1028.154	null	1331.489	0.089
12.0	0.0363	32062.5	2953.125	2353.125	NaN	NaN	NaN	0	1	1	0	0	0	0	0	0	0	0	0	1	0	0	0	0	1	1	1	0	1	1	1	0	144.0	0.11	0.293	NaN	NaN	0.262	0.651	NaN	NaN	7.86	22.785	NaN	NaN	0.0	"2.5"	"F0034"	1	1	"PR"	312.747	"deionize"	189.274	1	1	0	925.53	0.0	1028.154	null	1341.523	0.087
12.0	0.036025	29437.5	2953.125	2390.625	NaN	NaN	NaN	0	1	1	0	0	0	0	0	0	0	0	0	1	0	0	0	0	1	1	1	0	1	1	1	0	144.0	0.11	0.297	NaN	NaN	0.262	0.66	NaN	NaN	7.86	23.1	NaN	NaN	0.0	"2.5"	"F0034"	1	1	"PR"	322.78	"deionize"	199.307	1	1	0	925.53	0.0	1028.154	null	1351.556	0.084
12.7	0.036025	30375.0	2962.5	2381.25	NaN	NaN	NaN	0	1	1	0	0	0	0	0	0	0	0	0	1	0	0	0	0	1	1	1	0	1	1	1	0	152.0	0.111	0.296	NaN	NaN	0.264	0.658	NaN	NaN	7.92	23.03	NaN	NaN	0.0	"2.5"	"F0034"	1	1	"PR"	332.82	"deionize"	209.347	1	1	0	925.53	0.0	1028.154	null	1361.596	0.088
12.6	0.035475	31687.5	2943.75	2371.875	NaN	NaN	NaN	0	1	1	0	0	0	0	0	0	0	0	0	1	0	0	0	0	1	1	1	0	1	1	1	0	151.0	0.109	0.295	NaN	NaN	0.26	0.656	NaN	NaN	7.8	22.96	NaN	NaN	0.0	"2.5"	"F0034"	1	1	"PR"	342.853	"deionize"	219.38	1	1	0	925.53	0.0	1028.154	null	1371.629	0.084
12.6	0.03465	31500.0	2953.125	2409.375	NaN	NaN	NaN	0	1	1	0	0	0	0	0	0	0	0	0	1	0	0	0	0	1	1	1	0	1	1	1	0	151.0	0.11	0.299	NaN	NaN	0.262	0.664	NaN	NaN	7.86	23.24	NaN	NaN	0.0	"2.5"	"F0034"	1	1	"PR"	352.687	"deionize"	229.214	1	1	0	925.53	0.0	1028.154	null	1381.463	0.087
12.6	0.03465	31687.5	2971.875	2400.0	NaN	NaN	NaN	0	1	1	0	0	0	0	0	0	0	0	0	1	0	0	0	0	1	1	1	0	1	1	1	0	151.0	0.112	0.298	NaN	NaN	0.267	0.662	NaN	NaN	8.01	23.17	NaN	NaN	0.0	"2.5"	"F0034"	1	1	"PR"	362.726	"deionize"	239.253	1	1	0	925.53	0.0	1028.154	null	1391.502	0.091
13.8	0.033825	32625.0	2943.75	2390.625	NaN	NaN	NaN	0	1	1	0	0	0	0	0	0	0	0	0	1	0	0	0	1	1	1	1	0	1	1	1	0	166.0	0.109	0.297	NaN	NaN	0.26	0.66	NaN	NaN	7.8	23.1	NaN	NaN	0.0	"2.5"	"F0034"	1	1	"PR"	372.873	"deionize-uv"	9.344	1	1	0	925.53	0.0	1028.154	null	1401.649	0.083
12.6	0.033825	31875.0	2962.5	2409.375	NaN	NaN	NaN	0	1	1	0	0	0	0	0	0	0	0	0	1	0	0	0	1	1	1	1	0	1	1	1	0	151.0	0.111	0.299	NaN	NaN	0.264	0.664	NaN	NaN	7.92	23.24	NaN	NaN	0.0	"2.5"	"F0034"	1	1	"PR"	382.713	"deionize-uv"	19.184	1	1	0	925.53	0.0	1028.154	null	1411.489	0.089
12.7	0.03355	32250.0	2953.125	2371.875	NaN	NaN	NaN	0	1	1	0	0	0	0	0	0	0	0	0	1	0	0	0	1	1	1	1	0	1	1	1	0	152.0	0.11	0.295	NaN	NaN	0.262	0.656	NaN	NaN	7.86	22.96	NaN	NaN	0.0	"2.5"	"F0034"	1	1	"PR"	392.75	"deionize-uv"	29.221	1	1	0	925.53	0.0	1028.154	null	1421.526	0.09
12.2	0.03355	32625.0	2962.5	2400.0	NaN	NaN	NaN	0	1	1	0	0	0	0	0	0	0	0	0	1	0	0	0	1	1	1	1	0	1	1	1	0	146.0	0.111	0.298	NaN	NaN	0.264	0.662	NaN	NaN	7.92	23.17	NaN	NaN	0.0	"2.5"	"F0034"	1	1	"PR"	402.79	"deionize-uv"	39.261	1	1	0	925.53	0.0	1028.154	null	1431.566	0.09
12.7	0.032175	31312.5	2953.125	2400.0	NaN	NaN	NaN	0	1	1	0	0	0	0	0	0	0	0	0	1	0	0	0	1	1	1	1	0	1	1	1	0	152.0	0.11	0.298	NaN	NaN	0.262	0.662	NaN	NaN	7.86	23.17	NaN	NaN	0.0	"2.5"	"F0034"	1	1	"PR"	412.83	"deionize-uv"	49.301	1	1	0	925.53	0.0	1028.154	null	1441.606	0.09
12.2	0.032175	32625.0	2962.5	2362.5	NaN	NaN	NaN	0	1	1	0	0	0	0	0	0	0	0	0	1	0	0	0	1	1	1	1	0	1	1	1	0	146.0	0.111	0.294	NaN	NaN	0.264	0.653	NaN	NaN	7.92	22.855	NaN	NaN	0.0	"2.5"	"F0034"	1	1	"PR"	422.867	"deionize-uv"	59.338	1	1	0	925.53	0.0	1028.154	null	1451.643	0.083
11.8	0.03135	32062.5	2971.875	2400.0	NaN	NaN	NaN	0	1	1	0	0	0	0	0	0	0	0	0	1	0	0	0	1	1	1	1	0	1	1	1	0	142.0	0.112	0.298	NaN	NaN	0.267	0.662	NaN	NaN	8.01	23.17	NaN	NaN	0.0	"2.5"	"F0034"	1	1	"PR"	432.908	"deionize-uv"	69.379	1	1	0	925.53	0.0	1028.154	null	1461.684	0.085
12.6	0.0308	30000.0	2943.75	2418.75	NaN	NaN	NaN	0	1	1	0	0	0	0	0	0	0	0	0	1	0	0	0	1	1	1	1	0	1	1	1	0	151.0	0.109	0.3	NaN	NaN	0.26	0.667	NaN	NaN	7.8	23.345	NaN	NaN	0.0	"2.5"	"F0034"	1	1	"PR"	442.944	"deionize-uv"	79.415	1	1	0	925.53	0.0	1028.154	null	1471.72	0.083
10.8	0.03135	29250.0	2953.125	2381.25	NaN	NaN	NaN	0	1	1	0	0	0	0	0	0	0	0	0	1	0	0	0	1	1	1	1	0	1	1	1	0	130.0	0.11	0.296	NaN	NaN	0.262	0.658	NaN	NaN	7.86	23.03	NaN	NaN	0.0	"2.5"	"F0034"	1	1	"PR"	452.782	"deionize-uv"	89.253	1	1	0	925.53	0.0	1028.154	null	1481.558	0.09
12.3	0.030525	30562.5	2953.125	2381.25	NaN	NaN	NaN	0	1	1	0	0	0	0	0	0	0	0	0	1	0	0	0	1	1	1	1	0	1	1	1	0	148.0	0.11	0.296	NaN	NaN	0.262	0.658	NaN	NaN	7.86	23.03	NaN	NaN	0.0	"2.5"	"F0034"	1	1	"PR"	462.823	"deionize-uv"	99.294	1	1	0	925.53	0.0	1028.154	null	1491.599	0.088
11.9	0.03025	30187.5	2953.125	2381.25	NaN	NaN	NaN	0	1	1	0	0	0	0	0	0	0	0	0	1	0	0	0	1	1	1	1	0	1	1	1	0	143.0	0.11	0.296	NaN	NaN	0.262	0.658	NaN	NaN	7.86	23.03	NaN	NaN	0.0	"2.5"	"F0034"	1	1	"PR"	472.863	"deionize-uv"	109.334	1	1	0	925.53	0.0	1028.154	null	1501.639	0.087
11.5	0.029975	30000.0	2953.125	2437.5	NaN	NaN	NaN	0	1	1	0	0	0	0	0	0	0	0	0	1	0	0	0	1	1	1	1	0	1	1	1	0	138.0	0.11	0.302	NaN	NaN	0.262	0.671	NaN	NaN	7.86	23.485	NaN	NaN	0.0	"2.5"	"F0034"	1	1	"PR"	482.9	"deionize-uv"	119.371	1	1	0	925.53	0.0	1028.154	null	1511.676	0.091
14.1	0.029425	29812.5	2971.875	1828.125	NaN	NaN	NaN	0	0	1	0	0	0	0	1	0	0	0	0	1	0	0	0	1	1	1	1	0	1	1	1	0	169.0	0.112	0.241	NaN	NaN	0.267	0.536	NaN	NaN	8.01	18.76	NaN	NaN	0.0	"2.5"	"F0034"	1	1	"PR"	492.863	"drain-di-1"	9.161	1	1	0	925.53	0.0	1028.154	null	1521.639	0.09
10.8	0.02915	29250.0	2934.375	1593.75	NaN	NaN	NaN	0	0	1	0	0	0	0	1	0	0	0	0	1	0	0	0	1	1	1	1	0	1	1	1	0	130.0	0.108	0.217	NaN	NaN	0.257	0.482	NaN	NaN	7.71	16.87	NaN	NaN	0.0	"2.5"	"F0034"	1	1	"PR"	502.902	"drain-di-1"	19.2	1	1	0	925.53	0.0	1028.154	null	1531.678	0.091
10.4	0.028875	29812.5	2962.5	1340.625	NaN	NaN	NaN	0	0	1	0	0	0	0	1	0	0	0	0	1	0	0	0	1	1	1	1	0	1	1	1	0	125.0	0.111	0.192	NaN	NaN	0.264	0.427	NaN	NaN	7.92	14.945	NaN	NaN	0.0	"2.5"	"F0034"	1	1	"PR"	512.94	"drain-di-1"	29.238	1	1	0	925.53	0.0	1028.154	null	1541.716	0.09
11.2	0.02805	30937.5	2953.125	1096.875	NaN	NaN	NaN	0	0	1	0	0	0	0	1	0	0	0	0	1	0	0	0	1	1	1	1	0	1	1	1	0	134.0	0.11	0.168	NaN	NaN	0.262	0.373	NaN	NaN	7.86	13.055	NaN	NaN	0.0	"2.5"	"F0034"	1	1	"PR"	522.971	"drain-di-1"	39.269	1	1	0	925.53	0.0	1028.154	null	1551.747	0.091
10.1	0.028325	30937.5	2953.125	862.5	NaN	NaN	NaN	0	0	1	0	0	0	0	1	0	0	0	0	1	0	0	0	1	1	1	1	0	1	1	1	0	121.0	0.11	0.144	NaN	NaN	0.262	0.32	NaN	NaN	7.86	11.2	NaN	NaN	0.0	"2.5"	"F0034"	1	1	"PR"	533.012	"drain-di-1"	49.31	1	1	0	925.53	0.0	1028.154	null	1561.788	0.093
10.9	0.027775	30000.0	2953.125	618.75	NaN	NaN	NaN	0	0	1	0	0	0	0	1	0	0	0	0	1	0	0	0	1	1	1	1	0	1	1	1	0	131.0	0.11	0.12	NaN	NaN	0.262	0.267	NaN	NaN	7.86	9.345	NaN	NaN	0.0	"2.5"	"F0034"	1	1	"PR"	543.046	"drain-di-1"	59.344	1	1	0	925.53	0.0	1028.154	null	1571.822	0.09
11.1	0.02805	29812.5	2962.5	375.0	NaN	NaN	NaN	0	0	1	0	0	0	0	1	0	0	0	0	1	0	0	0	1	1	1	1	0	1	1	1	0	133.0	0.111	0.096	NaN	NaN	0.264	0.213	NaN	NaN	7.92	7.455	NaN	NaN	0.0	"2.5"	"F0034"	1	1	"PR"	552.88	"drain-di-1"	69.178	1	1	0	925.53	0.0	1028.154	null	1581.656	0.084
10.4	0.02805	29250.0	2943.75	112.5	NaN	NaN	NaN	0	0	1	0	0	0	0	1	0	0	0	0	1	0	0	0	1	1	1	1	0	1	1	1	0	125.0	0.109	0.069	NaN	NaN	0.26	0.153	NaN	NaN	7.8	5.355	NaN	NaN	0.0	"2.5"	"F0034"	1	1	"PR"	562.921	"drain-di-1"	79.219	1	1	0	925.53	0.0	1028.154	null	1591.697	0.085
10.4	0.027775	29625.0	2971.875	-150.0	NaN	NaN	NaN	0	0	1	0	0	0	0	1	0	0	0	0	1	0	0	0	1	1	1	1	0	1	1	1	0	125.0	0.112	0.043	NaN	NaN	0.267	0.096	NaN	NaN	8.01	3.36	NaN	NaN	0.0	"2.5"	"F0034"	1	1	"PR"	573.064	"drip-di-1"	8.336	1	1	0	925.53	0.0	1028.154	null	1601.84	0.09
-11.7	0.02805	28500.0	2784.375	-18.75	NaN	NaN	NaN	1	0	0	0	0	1	1	0	0	0	0	0	1	1	0	0	0	1	1	0	1	1	1	0	1	-140.0	0.093	0.056	NaN	NaN	0.221	0.124	NaN	NaN	6.63	4.34	NaN	NaN	0.0	"2.5"	"F0034"	1	0	"PR"	583.073	"reverse-f"	3.186	1	1	0	925.53	0.0	1028.154	null	1611.849	0.087
-11.7	0.028325	29250.0	2821.875	206.25	NaN	NaN	NaN	1	0	0	0	0	1	1	0	0	0	0	0	1	1	0	0	0	1	1	0	1	1	1	0	1	-140.0	0.097	0.079	NaN	NaN	0.231	0.176	NaN	NaN	6.93	6.16	NaN	NaN	0.0	"2.5"	"F0034"	1	0	"PR"	592.914	"reverse-f"	13.027	1	1	0	925.53	0.0	1028.154	null	1621.69	0.089
-13.4	0.03135	29812.5	2821.875	525.0	NaN	NaN	NaN	1	0	0	0	0	1	1	0	0	0	0	0	1	1	0	0	0	1	1	0	1	1	1	0	1	-161.0	0.097	0.111	NaN	NaN	0.231	0.247	NaN	NaN	6.93	8.645	NaN	NaN	0.0	"2.5"	"F0034"	1	0	"PR"	602.952	"reverse-f"	23.065	1	1	0	925.53	0.0	1028.154	null	1631.728	0.086
-11.0	0.034925	27562.5	2803.125	825.0	NaN	NaN	NaN	1	0	0	0	0	1	1	0	0	0	0	0	1	1	0	0	0	1	1	0	1	1	1	0	1	-132.0	0.095	0.141	NaN	NaN	0.226	0.313	NaN	NaN	6.78	10.955	NaN	NaN	0.0	"2.5"	"F0034"	1	0	"PR"	612.989	"reverse-f"	33.102	1	1	0	925.53	0.0	1028.154	null	1641.765	0.086
-14.1	0.0374	28687.5	2784.375	1125.0	NaN	NaN	NaN	1	0	0	0	0	1	1	0	0	0	0	0	1	1	0	0	0	1	1	0	1	1	1	0	1	-169.0	0.093	0.171	NaN	NaN	0.221	0.38	NaN	NaN	6.63	13.3	NaN	NaN	0.0	"2.5"	"F0034"	1	0	"PR"	623.028	"reverse-f"	43.141	1	1	0	925.53	0.0	1028.154	null	1651.804	0.086
-12.7	0.040425	26437.5	2803.125	1434.375	NaN	NaN	NaN	1	0	0	0	0	1	1	0	0	0	0	0	1	1	0	0	0	1	1	0	1	1	1	0	1	-152.0	0.095	0.201	NaN	NaN	0.226	0.447	NaN	NaN	6.78	15.645	NaN	NaN	0.0	"2.5"	"F0034"	1	0	"PR"	633.067	"reverse-f"	53.18	1	1	0	925.53	0.0	1028.154	null	1661.843	0.09
-13.5	0.0429	26625.0	2784.375	1696.875	NaN	NaN	NaN	1	0	0	0	0	1	1	0	0	0	0	0	1	1	0	0	0	1	1	0	1	1	1	0	1	-162.0	0.093	0.228	NaN	NaN	0.221	0.507	NaN	NaN	6.63	17.745	NaN	NaN	0.0	"2.5"	"F0034"	1	0	"PR"	643.102	"reverse-f"	63.215	1	1	0	925.53	0.0	1028.154	null	1671.878	0.092
-11.9	0.044275	27562.5	2821.875	2006.25	NaN	NaN	NaN	1	0	0	0	0	1	1	0	0	0	0	0	1	1	0	0	0	1	1	0	1	1	1	0	1	-143.0	0.097	0.259	NaN	NaN	0.231	0.576	NaN	NaN	6.93	20.16	NaN	NaN	0.0	"2.5"	"F0034"	1	0	"PR"	653.14	"reverse-f"	73.253	1	1	0	925.53	0.0	1028.154	null	1681.916	0.087
-10.6	0.0462	27187.5	2784.375	2259.375	NaN	NaN	NaN	0	0	0	0	0	1	1	0	0	0	0	0	1	0	0	0	0	1	1	0	1	1	1	0	1	-127.0	0.093	0.284	NaN	NaN	0.221	0.631	NaN	NaN	6.63	22.085	NaN	NaN	0.0	"2.5"	"F0034"	1	0	"PR"	663.084	"reverse"	83.197	1	1	0	925.53	0.0	1028.154	null	1691.86	0.086
-13.1	0.0484	25500.0	2784.375	2287.5	NaN	NaN	NaN	0	0	0	0	0	1	1	0	0	0	0	0	1	0	0	0	0	1	1	0	1	1	1	0	1	-157.0	0.093	0.287	NaN	NaN	0.221	0.638	NaN	NaN	6.63	22.33	NaN	NaN	0.0	"2.5"	"F0034"	1	0	"PR"	673.124	"reverse"	93.237	1	1	0	925.53	0.0	1028.154	null	1701.9	0.086
-11.0	0.04895	26625.0	2812.5	2268.75	NaN	NaN	NaN	0	0	0	0	0	1	1	0	0	0	0	0	1	0	0	0	0	1	1	0	1	1	1	0	1	-132.0	0.096	0.285	NaN	NaN	0.229	0.633	NaN	NaN	6.87	22.155	NaN	NaN	0.0	"2.5"	"F0034"	1	0	"PR"	683.164	"reverse"	103.277	1	1	0	925.53	0.0	1028.154	null	1711.94	0.09
-13.5	0.05005	27187.5	2803.125	2268.75	NaN	NaN	NaN	0	0	0	0	0	1	1	0	0	0	0	0	1	0	0	0	0	1	1	0	1	1	1	0	1	-162.0	0.095	0.285	NaN	NaN	0.226	0.633	NaN	NaN	6.78	22.155	NaN	NaN	0.0	"2.5"	"F0034"	1	0	"PR"	693.204	"reverse"	113.317	1	1	0	925.53	0.0	1028.154	null	1721.98	0.091
-12.2	0.050875	29812.5	2784.375	2278.125	NaN	NaN	NaN	0	0	0	0	0	1	1	0	0	0	0	0	1	0	0	0	0	1	1	0	1	1	1	0	1	-146.0	0.093	0.286	NaN	NaN	0.221	0.636	NaN	NaN	6.63	22.26	NaN	NaN	0.0	"2.5"	"F0034"	1	0	"PR"	703.04	"reverse"	123.153	1	1	0	925.53	0.0	1028.154	null	1731.816	0.083
-11.7	0.0517	28500.0	2812.5	2278.125	NaN	NaN	NaN	0	0	0	0	0	1	1	0	0	0	0	0	1	0	0	0	0	1	1	0	1	1	1	0	1	-140.0	0.096	0.286	NaN	NaN	0.229	0.636	NaN	NaN	6.87	22.26	NaN	NaN	0.0	"2.5"	"F0034"	1	0	"PR"	713.076	"reverse"	133.189	1	1	0	925.53	0.0	1028.154	null	1741.852	0.086
-11.6	0.05225	27375.0	2803.125	2268.75	NaN	NaN	NaN	0	0	0	0	0	1	1	0	0	0	0	0	1	0	0	0	0	1	1	0	1	1	1	0	1	-139.0	0.095	0.285	NaN	NaN	0.226	0.633	NaN	NaN	6.78	22.155	NaN	NaN	0.0	"2.5"	"F0034"	1	0	"PR"	723.116	"reverse"	143.229	1	1	0	925.53	0.0	1028.154	null	1751.892	0.086
-0.2	0.053075	1125.0	2971.875	2278.125	NaN	NaN	NaN	0	0	0	0	0	0	0	0	0	0	0	0	0	0	0	0	0	0	0	0	1	0	0	0	1	-2.0	0.112	0.286	NaN	NaN	0.267	0.636	NaN	NaN	8.01	22.26	NaN	NaN	0.0	"2.5"	"F0034"	0	0	"PR"	733.239	"diffuse"	3.3	1	1	1	925.53	0.0	1028.154	null	1762.015	0.086
-0.9	0.052525	2250.0	2971.875	2296.875	NaN	NaN	NaN	0	0	0	0	0	0	0	0	0	0	0	0	0	0	0	0	0	0	0	0	1	0	0	0	1	-11.0	0.112	0.288	NaN	NaN	0.267	0.64	NaN	NaN	8.01	22.4	NaN	NaN	0.0	"2.5"	"F0034"	0	0	"PR"	743.073	"diffuse"	13.134	1	1	1	925.53	0.0	1028.154	null	1771.849	0.086
-1.0	0.053075	1875.0	2971.875	2287.5	NaN	NaN	NaN	0	0	0	0	0	0	0	0	0	0	0	0	0	0	0	0	0	0	0	0	1	0	0	0	1	-12.0	0.112	0.287	NaN	NaN	0.267	0.638	NaN	NaN	8.01	22.33	NaN	NaN	0.0	"2.5"	"F0034"	0	0	"PR"	753.113	"diffuse"	23.174	1	1	1	925.53	0.0	1028.154	null	1781.889	0.086
-12.0	0.051425	26812.5	2775.0	2278.125	NaN	NaN	NaN	0	0	0	0	0	1	1	0	0	0	0	0	1	0	0	0	0	1	1	0	1	1	1	0	1	-144.0	0.093	0.286	NaN	NaN	0.221	0.636	NaN	NaN	6.63	22.26	NaN	NaN	0.0	"2.5"	"F0034"	1	0	"PR"	763.242	"wash-en"	3.106	1	1	1	925.53	0.0	1028.154	null	1792.018	0.086
-12.0	0.053075	27750.0	2793.75	2278.125	NaN	NaN	NaN	0	0	0	0	0	1	1	0	0	0	0	0	1	0	0	0	0	1	1	0	1	1	1	0	1	-144.0	0.094	0.286	NaN	NaN	0.224	0.636	NaN	NaN	6.72	22.26	NaN	NaN	0.0	"2.5"	"F0034"	1	0	"PR"	773.279	"wash-en"	13.143	1	1	1	925.53	0.0	1028.154	null	1802.055	0.086
0.2	0.054175	27000.0	2803.125	2278.125	NaN	NaN	NaN	0	0	0	0	0	1	1	0	0	0	0	0	1	0	0	0	0	0	0	0	1	0	0	0	1	2.0	0.095	0.286	NaN	NaN	0.226	0.636	NaN	NaN	6.78	22.26	NaN	NaN	0.0	"2.5"	"F0034"	0	0	"PR"	783.209	"wash-sc"	2.902	1	1	1	925.53	0.0	1028.154	null	1811.985	0.088
-0.9	0.05445	-562.5	2971.875	2278.125	NaN	NaN	NaN	0	0	0	0	0	0	0	0	0	0	0	0	0	0	0	0	0	0	0	0	1	0	0	0	1	-11.0	0.112	0.286	NaN	NaN	0.267	0.636	NaN	NaN	8.01	22.26	NaN	NaN	0.0	"2.5"	"F0034"	0	0	"PR"	793.243	"diffuse"	2.811	1	1	2	925.53	0.0	1028.154	null	1822.019	0.083
0.6	0.054175	375.0	2981.25	2287.5	NaN	NaN	NaN	0	0	0	0	0	0	0	0	0	0	0	0	0	0	0	0	0	0	0	0	1	0	0	0	1	7.0	0.113	0.287	NaN	NaN	0.269	0.638	NaN	NaN	8.07	22.33	NaN	NaN	0.0	"2.5"	"F0034"	0	0	"PR"	803.282	"diffuse"	12.85	1	1	2	925.53	0.0	1028.154	null	1832.058	0.083
-0.2	0.0539	937.5	2981.25	2278.125	NaN	NaN	NaN	0	0	0	0	0	0	0	0	0	0	0	0	0	0	0	0	0	0	0	0	1	0	0	0	1	-2.0	0.113	0.286	NaN	NaN	0.269	0.636	NaN	NaN	8.07	22.26	NaN	NaN	0.0	"2.5"	"F0034"	0	0	"PR"	813.321	"diffuse"	22.889	1	1	2	925.53	0.0	1028.154	null	1842.097	0.084
-12.3	0.053625	30000.0	2775.0	2268.75	NaN	NaN	NaN	0	0	0	0	0	1	1	0	0	0	0	0	1	0	0	0	0	1	1	0	1	1	1	0	1	-148.0	0.093	0.285	NaN	NaN	0.221	0.633	NaN	NaN	6.63	22.155	NaN	NaN	0.0	"2.5"	"F0034"	1	0	"PR"	823.25	"wash-en"	2.7	1	1	2	925.53	0.0	1028.154	null	1852.026	0.083
-11.9	0.054175	26812.5	2803.125	2278.125	NaN	NaN	NaN	0	0	0	0	0	1	1	0	0	0	0	0	1	0	0	0	0	1	1	0	1	1	1	0	1	-143.0	0.095	0.286	NaN	NaN	0.226	0.636	NaN	NaN	6.78	22.26	NaN	NaN	0.0	"2.5"	"F0034"	1	0	"PR"	833.286	"wash-en"	12.736	1	1	2	925.53	0.0	1028.154	null	1862.062	0.083
0.3	0.054175	28500.0	2812.5	2296.875	NaN	NaN	NaN	0	0	0	0	0	1	1	0	0	0	0	0	1	0	0	0	0	0	0	0	1	0	0	0	1	4.0	0.096	0.288	NaN	NaN	0.229	0.64	NaN	NaN	6.87	22.4	NaN	NaN	0.0	"2.5"	"F0034"	0	0	"PR"	843.215	"wash-sc"	2.498	1	1	2	925.53	0.0	1028.154	null	1871.991	0.089
0.3	0.05445	1875.0	2943.75	2287.5	NaN	NaN	NaN	0	0	0	0	0	0	0	0	0	0	0	0	0	0	0	0	0	0	0	0	1	0	0	0	1	4.0	0.109	0.287	NaN	NaN	0.26	0.638	NaN	NaN	7.8	22.33	NaN	NaN	0.0	"2.5"	"F0034"	0	0	"PR"	853.252	"diffuse"	2.408	1	1	3	925.53	0.0	1028.154	null	1882.028	0.084
0.0	0.054725	2062.5	2981.25	2296.875	NaN	NaN	NaN	0	0	0	0	0	0	0	0	0	0	0	0	0	0	0	0	0	0	0	0	1	0	0	0	1	0.0	0.113	0.288	NaN	NaN	0.269	0.64	NaN	NaN	8.07	22.4	NaN	NaN	0.0	"2.5"	"F0034"	0	0	"PR"	863.29	"diffuse"	12.446	1	1	3	925.53	0.0	1028.154	null	1892.066	0.083
-0.9	0.054175	1312.5	2981.25	2287.5	NaN	NaN	NaN	0	0	0	0	0	0	0	0	0	0	0	0	0	0	0	0	0	0	0	0	1	0	0	0	1	-11.0	0.113	0.287	NaN	NaN	0.269	0.638	NaN	NaN	8.07	22.33	NaN	NaN	0.0	"2.5"	"F0034"	0	0	"PR"	873.329	"diffuse"	22.485	1	1	3	925.53	0.0	1028.154	null	1902.105	0.082
-11.3	0.054175	29437.5	2784.375	2278.125	NaN	NaN	NaN	0	0	0	0	0	1	1	0	0	0	0	0	1	0	0	0	0	1	1	0	1	1	1	0	1	-136.0	0.093	0.286	NaN	NaN	0.221	0.636	NaN	NaN	6.63	22.26	NaN	NaN	0.0	"2.5"	"F0034"	1	0	"PR"	883.253	"wash-en"	2.298	1	1	3	925.53	0.0	1028.154	null	1912.029	0.083
-12.3	0.053625	28875.0	2821.875	2278.125	NaN	NaN	NaN	0	0	0	0	0	1	1	0	0	0	0	0	1	0	0	0	0	1	1	0	1	1	1	0	1	-148.0	0.097	0.286	NaN	NaN	0.231	0.636	NaN	NaN	6.93	22.26	NaN	NaN	0.0	"2.5"	"F0034"	1	0	"PR"	893.294	"wash-en"	12.339	1	1	3	925.53	0.0	1028.154	null	1922.07	0.083
0.2	0.053625	28500.0	2821.875	2278.125	NaN	NaN	NaN	0	0	0	0	0	1	1	0	0	0	0	0	1	0	0	0	0	0	0	0	1	0	0	0	1	2.0	0.097	0.286	NaN	NaN	0.231	0.636	NaN	NaN	6.93	22.26	NaN	NaN	0.0	"2.5"	"F0034"	0	0	"PR"	903.42	"wash-sc"	2.3	1	1	3	925.53	0.0	1028.154	null	1932.196	0.085
1.0	0.05445	375.0	2981.25	2287.5	NaN	NaN	NaN	0	0	0	0	0	0	0	0	0	0	0	0	0	0	0	0	0	0	0	0	1	0	0	0	1	12.0	0.113	0.287	NaN	NaN	0.269	0.638	NaN	NaN	8.07	22.33	NaN	NaN	0.0	"2.5"	"F0034"	0	0	"PR"	913.257	"diffuse"	2.009	1	1	4	925.53	0.0	1028.154	null	1942.033	0.087
0.3	0.054175	1687.5	2981.25	2278.125	NaN	NaN	NaN	0	0	0	0	0	0	0	0	0	0	0	0	0	0	0	0	0	0	0	0	1	0	0	0	1	4.0	0.113	0.286	NaN	NaN	0.269	0.636	NaN	NaN	8.07	22.26	NaN	NaN	0.0	"2.5"	"F0034"	0	0	"PR"	923.296	"diffuse"	12.048	1	1	4	925.53	0.0	1028.154	null	1952.072	0.09
0.3	0.054725	-187.5	2981.25	2287.5	NaN	NaN	NaN	0	0	0	0	0	0	0	0	0	0	0	0	0	0	0	0	0	0	0	0	1	0	0	0	1	4.0	0.113	0.287	NaN	NaN	0.269	0.638	NaN	NaN	8.07	22.33	NaN	NaN	0.0	"2.5"	"F0034"	0	0	"PR"	933.328	"diffuse"	22.08	1	1	4	925.53	0.0	1028.154	null	1962.104	0.087
-15.2	0.05335	26812.5	2793.75	2287.5	NaN	NaN	NaN	0	0	0	0	0	1	1	0	0	0	0	0	1	0	0	0	0	1	1	0	1	1	1	0	1	-182.0	0.094	0.287	NaN	NaN	0.224	0.638	NaN	NaN	6.72	22.33	NaN	NaN	0.0	"2.5"	"F0034"	1	0	"PR"	943.459	"wash-en"	2.099	1	1	4	925.53	0.0	1028.154	null	1972.235	0.086
-11.0	0.054175	30000.0	2784.375	2287.5	NaN	NaN	NaN	0	0	0	0	0	1	1	0	0	0	0	0	1	0	0	0	0	1	1	0	1	1	1	0	1	-132.0	0.093	0.287	NaN	NaN	0.221	0.638	NaN	NaN	6.63	22.33	NaN	NaN	0.0	"2.5"	"F0034"	1	0	"PR"	953.297	"wash-en"	11.937	1	1	4	925.53	0.0	1028.154	null	1982.073	0.09
1.0	0.0539	27375.0	2803.125	2278.125	NaN	NaN	NaN	0	0	0	0	0	1	1	0	0	0	0	0	1	0	0	0	0	0	0	0	1	0	0	0	1	12.0	0.095	0.286	NaN	NaN	0.226	0.636	NaN	NaN	6.78	22.26	NaN	NaN	0.0	"2.5"	"F0034"	0	0	"PR"	963.421	"wash-sc"	1.891	1	1	4	925.53	0.0	1028.154	null	1992.197	0.085
0.8	0.054175	-2250.0	2709.375	2315.625	NaN	NaN	NaN	0	0	0	0	1	0	0	0	0	0	0	0	0	0	0	0	0	0	0	0	1	0	0	0	1	10.0	0.086	0.29	NaN	NaN	0.205	0.644	NaN	NaN	6.15	22.54	NaN	NaN	0.0	"2.5"	"F0034"	0	0	"PR"	973.456	"drain-rg"	1.806	1	1	4	925.53	0.0	1028.154	null	2002.232	0.084
0.0	0.054175	-1125.0	2353.125	2296.875	NaN	NaN	NaN	0	0	0	0	1	0	0	0	0	0	0	0	0	0	0	0	0	0	0	0	1	0	0	0	1	0.0	0.05	0.288	NaN	NaN	0.119	0.64	NaN	NaN	3.57	22.4	NaN	NaN	0.0	"2.5"	"F0034"	0	0	"PR"	983.497	"drain-rg"	11.847	1	1	4	925.53	0.0	1028.154	null	2012.273	0.086
1.1	0.054175	-937.5	2015.625	2287.5	NaN	NaN	NaN	0	0	0	0	1	0	0	0	0	0	0	0	0	0	0	0	0	0	0	0	1	0	0	0	1	13.0	0.017	0.287	NaN	NaN	0.04	0.638	NaN	NaN	1.2	22.33	NaN	NaN	0.0	"2.5"	"F0034"	0	0	"PR"	993.333	"drain-rg"	21.683	1	1	4	925.53	0.0	1028.154	null	2022.109	0.09
0.2	0.053625	-375.0	1593.75	2287.5	NaN	NaN	NaN	0	0	0	0	1	0	0	0	0	0	0	0	0	0	0	0	0	0	0	0	1	0	0	0	1	2.0	-0.026	0.287	NaN	NaN	-0.062	0.638	NaN	NaN	-1.86	22.33	NaN	NaN	0.0	"2.5"	"F0034"	0	0	"PR"	1003.37	"drip-rg"	5.019	1	1	4	925.53	0.0	1028.154	null	2032.146	0.088
0.1	0.054175	375.0	18.75	2315.625	NaN	NaN	NaN	0	0	0	0	1	0	0	0	0	0	0	0	0	0	0	0	0	0	0	0	1	0	0	0	1	1.0	-0.183	0.29	NaN	NaN	-0.436	0.644	NaN	NaN	-13.08	22.54	NaN	NaN	0.0	"2.5"	"F0034"	0	0	"PR"	1013.413	"drip-rg"	15.062	1	1	4	925.53	0.0	1028.154	null	2042.189	0.09
0.1	0.053625	27187.5	1884.375	2034.375	NaN	NaN	NaN	0	0	1	0	0	1	0	0	0	0	0	0	1	0	0	0	0	0	0	0	1	0	0	0	1	1.0	0.003	0.261	NaN	NaN	0.007	0.58	NaN	NaN	0.21	20.3	NaN	NaN	0.0	"2.5"	"F0034"	0	0	"FR"	9.254	"fill-rg-di"	9.054	2	1	0	2042.389	0.0	1028.154	null	2052.267	0.09
0.5	0.053075	25312.5	2240.625	1818.75	NaN	NaN	NaN	0	0	1	0	0	1	0	0	0	0	0	0	1	0	0	0	0	0	0	0	1	0	0	0	1	6.0	0.039	0.24	NaN	NaN	0.093	0.533	NaN	NaN	2.79	18.655	NaN	NaN	0.0	"2.5"	"F0034"	0	0	"FR"	19.29	"fill-rg-di"	19.09	2	1	0	2042.389	0.0	1028.154	null	2062.303	0.09
0.6	0.051975	26812.5	2550.0	1565.625	NaN	NaN	NaN	0	0	1	0	0	1	0	0	0	0	0	0	1	0	0	0	0	0	0	0	1	0	0	0	1	7.0	0.07	0.215	NaN	NaN	0.167	0.478	NaN	NaN	5.01	16.73	NaN	NaN	0.0	"2.5"	"F0034"	0	0	"FR"	29.326	"fill-rg-di"	29.126	2	1	0	2042.389	0.0	1028.154	null	2072.339	0.083
-0.6	0.050325	26625.0	2859.375	1340.625	NaN	NaN	NaN	0	0	1	0	0	1	0	0	0	0	0	0	1	0	0	0	0	0	0	0	1	0	0	0	1	-7.0	0.101	0.192	NaN	NaN	0.24	0.427	NaN	NaN	7.2	14.945	NaN	NaN	0.0	"2.5"	"F0034"	0	0	"FR"	39.166	"fill-rg-di"	38.966	2	1	0	2042.389	0.0	1028.154	null	2082.179	0.089
0.3	0.04895	27000.0	3159.375	1078.125	NaN	NaN	NaN	0	0	1	0	0	1	0	0	0	0	0	0	1	0	0	0	0	0	0	0	1	0	0	0	1	4.0	0.131	0.166	NaN	NaN	0.312	0.369	NaN	NaN	9.36	12.915	NaN	NaN	0.0	"2.5"	"F0034"	0	0	"FR"	49.203	"fill-rg-di"	49.003	2	1	0	2042.389	0.0	1028.154	null	2092.216	0.09
0.4	0.0484	-1687.5	2831.25	984.375	NaN	NaN	NaN	0	0	0	0	1	0	0	0	0	0	0	0	0	0	0	0	0	0	0	0	1	0	0	0	1	5.0	0.098	0.156	NaN	NaN	0.233	0.347	NaN	NaN	6.99	12.145	NaN	NaN	0.0	"2.5"	"F0034"	0	0	"FR"	59.24	"drain-rg"	6.625	2	1	0	2042.389	0.0	1028.154	null	2102.253	0.09
0.1	0.0484	-3375.0	2465.625	984.375	NaN	NaN	NaN	0	0	0	0	1	0	0	0	0	0	0	0	0	0	0	0	0	0	0	0	1	0	0	0	1	1.0	0.062	0.156	NaN	NaN	0.148	0.347	NaN	NaN	4.44	12.145	NaN	NaN	0.0	"2.5"	"F0034"	0	0	"FR"	69.284	"drain-rg"	16.669	2	1	0	2042.389	0.0	1028.154	null	2112.297	0.091
-0.1	0.048675	-3562.5	2100.0	984.375	NaN	NaN	NaN	0	0	0	0	1	0	0	0	0	0	0	0	0	0	0	0	0	0	0	0	1	0	0	0	1	-1.0	0.025	0.156	NaN	NaN	0.06	0.347	NaN	NaN	1.8	12.145	NaN	NaN	0.0	"2.5"	"F0034"	0	0	"FR"	79.321	"drain-rg"	26.706	2	1	0	2042.389	0.0	1028.154	null	2122.334	0.089
0.4	0.048675	-3937.5	1725.0	975.0	NaN	NaN	NaN	0	0	0	0	1	0	0	0	0	0	0	0	0	0	0	0	0	0	0	0	1	0	0	0	1	5.0	-0.013	0.155	NaN	NaN	-0.031	0.344	NaN	NaN	-0.93	12.04	NaN	NaN	0.0	"2.5"	"F0034"	0	0	"FR"	89.36	"drip-rg"	2.61	2	1	0	2042.389	0.0	1028.154	null	2132.373	0.09
-1.5	0.049225	-4312.5	9.375	993.75	NaN	NaN	NaN	0	0	0	0	1	0	0	0	0	0	0	0	0	0	0	0	0	0	0	0	1	0	0	0	1	-18.0	-0.184	0.157	NaN	NaN	-0.438	0.349	NaN	NaN	-13.14	12.215	NaN	NaN	0.0	"2.5"	"F0034"	0	0	"FR"	99.399	"drip-rg"	12.649	2	1	0	2042.389	0.0	1028.154	null	2142.412	0.09
-0.6	0.0484	27375.0	1753.125	796.875	NaN	NaN	NaN	0	0	1	0	0	1	0	0	0	0	0	0	1	0	0	0	0	0	0	0	1	0	0	0	1	-7.0	-0.01	0.138	NaN	NaN	-0.024	0.307	NaN	NaN	-0.72	10.745	NaN	NaN	0.0	"2.5"	"F0034"	0	0	"PR"	6.648	"fill-rg-di"	6.447	2	0	0	2042.389	0.0	2145.021	null	2152.291	0.092
-0.4	0.0484	27000.0	2165.625	581.25	NaN	NaN	NaN	0	0	1	0	0	1	0	0	0	0	0	0	1	0	0	0	0	0	0	0	1	0	0	0	1	-5.0	0.032	0.116	NaN	NaN	0.076	0.258	NaN	NaN	2.28	9.03	NaN	NaN	0.0	"2.5"	"F0034"	0	0	"PR"	16.686	"fill-rg-di"	16.485	2	0	0	2042.389	0.0	2145.021	null	2162.329	0.09
0.6	0.046475	25125.0	2475.0	309.375	NaN	NaN	NaN	0	0	1	0	0	1	0	0	0	0	0	0	1	0	0	0	0	0	0	0	1	0	0	0	1	7.0	0.062	0.089	NaN	NaN	0.148	0.198	NaN	NaN	4.44	6.93	NaN	NaN	0.0	"2.5"	"F0034"	0	0	"PR"	26.723	"fill-rg-di"	26.522	2	0	0	2042.389	0.0	2145.021	null	2172.366	0.09
0.6	0.045925	26062.5	2784.375	65.625	NaN	NaN	NaN	1	0	0	0	0	0	0	0	0	0	0	0	0	1	0	0	0	0	0	0	1	0	0	0	1	7.0	0.093	0.065	NaN	NaN	0.221	0.144	NaN	NaN	6.63	5.04	NaN	NaN	0.0	"2.5"	"F0034"	0	0	"PR"	36.761	"fill-di-lb"	0.2	2	0	0	2042.389	0.0	2145.021	null	2182.404	0.091
-0.7	0.0462	1500.0	2812.5	375.0	NaN	NaN	NaN	1	0	0	0	0	0	0	0	0	0	0	0	0	1	0	0	0	0	0	0	1	0	0	0	1	-8.0	0.096	0.096	NaN	NaN	0.229	0.213	NaN	NaN	6.87	7.455	NaN	NaN	0.0	"2.5"	"F0034"	0	0	"PR"	46.798	"fill-di-lb"	10.237	2	0	0	2042.389	0.0	2145.021	null	2192.441	0.089
-0.6	0.0462	1875.0	2746.875	675.0	NaN	NaN	NaN	1	0	0	0	0	0	0	0	0	0	0	0	0	1	0	0	0	0	0	0	1	0	0	0	1	-7.0	0.09	0.126	NaN	NaN	0.214	0.28	NaN	NaN	6.42	9.8	NaN	NaN	0.0	"2.5"	"F0034"	0	0	"PR"	56.636	"fill-di-lb"	20.075	2	0	0	2042.389	0.0	2145.021	null	2202.279	0.087
0.5	0.045375	1875.0	2765.625	993.75	NaN	NaN	NaN	1	0	0	0	0	0	0	0	0	0	0	0	0	1	0	0	0	0	0	0	1	0	0	0	1	6.0	0.092	0.157	NaN	NaN	0.219	0.349	NaN	NaN	6.57	12.215	NaN	NaN	0.0	"2.5"	"F0034"	0	0	"PR"	66.675	"fill-di-lb"	30.114	2	0	0	2042.389	0.0	2145.021	null	2212.318	0.086
0.5	0.045925	3375.0	2784.375	1265.625	NaN	NaN	NaN	1	0	0	0	0	0	0	0	0	0	0	0	0	1	0	0	0	0	0	0	1	0	0	0	1	6.0	0.093	0.185	NaN	NaN	0.221	0.411	NaN	NaN	6.63	14.385	NaN	NaN	0.0	"2.5"	"F0034"	0	0	"PR"	76.712	"fill-di-lb"	40.151	2	0	0	2042.389	0.0	2145.021	null	2222.355	0.086
0.4	0.045925	3562.5	2784.375	1575.0	NaN	NaN	NaN	1	0	0	0	0	0	0	0	0	0	0	0	0	1	0	0	0	0	0	0	1	0	0	0	1	5.0	0.093	0.215	NaN	NaN	0.221	0.478	NaN	NaN	6.63	16.73	NaN	NaN	0.0	"2.5"	"F0034"	0	0	"PR"	86.751	"fill-di-lb"	50.19	2	0	0	2042.389	0.0	2145.021	null	2232.394	0.088
0.6	0.045925	750.0	2756.25	1856.25	NaN	NaN	NaN	1	0	0	0	0	0	0	0	0	0	0	0	0	1	0	0	0	0	0	0	1	0	0	0	1	7.0	0.091	0.244	NaN	NaN	0.217	0.542	NaN	NaN	6.51	18.97	NaN	NaN	0.0	"2.5"	"F0034"	0	0	"PR"	96.785	"fill-di-lb"	60.224	2	0	0	2042.389	0.0	2145.021	null	2242.428	0.086
0.6	0.0462	1875.0	2775.0	2156.25	NaN	NaN	NaN	1	0	0	0	0	0	0	0	0	0	0	0	0	1	0	0	0	0	0	0	1	0	0	0	1	7.0	0.093	0.274	NaN	NaN	0.221	0.609	NaN	NaN	6.63	21.315	NaN	NaN	0.0	"2.5"	"F0034"	0	0	"PR"	106.822	"fill-di-lb"	70.261	2	0	0	2042.389	0.0	2145.021	null	2252.465	0.086
0.1	0.045375	2625.0	3028.125	2137.5	NaN	NaN	NaN	1	0	0	0	0	0	0	0	0	0	0	0	0	1	0	0	0	0	0	0	1	0	0	0	1	1.0	0.118	0.272	NaN	NaN	0.281	0.604	NaN	NaN	8.43	21.14	NaN	NaN	0.0	"2.5"	"F0034"	0	0	"PR"	116.856	"fill-di"	0.602	2	0	0	2042.389	0.0	2145.021	null	2262.499	0.084
-12.4	0.045375	29625.0	2953.125	2615.625	NaN	NaN	NaN	0	1	1	0	0	0	0	0	0	0	0	0	1	0	0	0	0	1	1	0	1	1	1	0	1	-149.0	0.11	0.32	NaN	NaN	0.262	0.711	NaN	NaN	7.86	24.885	NaN	NaN	0.0	"2.5"	"F0034"	1	0	"PR"	126.901	"deionize"	6.231	2	1	0	2042.389	0.0	2145.021	null	2272.544	0.09
-11.6	0.04455	29250.0	2953.125	2521.875	NaN	NaN	NaN	0	1	1	0	0	0	0	0	0	0	0	0	1	0	0	0	0	1	1	0	1	1	1	0	1	-139.0	0.11	0.31	NaN	NaN	0.262	0.689	NaN	NaN	7.86	24.115	NaN	NaN	0.0	"2.5"	"F0034"	1	0	"PR"	136.743	"deionize"	16.073	2	1	0	2042.389	0.0	2145.021	null	2282.386	0.086
-12.0	0.044275	30937.5	2943.75	2456.25	NaN	NaN	NaN	0	1	1	0	0	0	0	0	0	0	0	0	1	0	0	0	0	1	1	0	1	1	1	0	1	-144.0	0.109	0.304	NaN	NaN	0.26	0.676	NaN	NaN	7.8	23.66	NaN	NaN	0.0	"2.5"	"F0034"	1	0	"PR"	146.778	"deionize"	26.108	2	1	0	2042.389	0.0	2145.021	null	2292.421	0.084
-11.7	0.044	30750.0	2943.75	2493.75	NaN	NaN	NaN	0	1	1	0	0	0	0	0	0	0	0	0	1	0	0	0	0	1	1	0	1	1	1	0	1	-140.0	0.109	0.307	NaN	NaN	0.26	0.682	NaN	NaN	7.8	23.87	NaN	NaN	0.0	"2.5"	"F0034"	1	0	"PR"	156.816	"deionize"	36.146	2	1	0	2042.389	0.0	2145.021	null	2302.459	0.084
-12.3	0.04235	31312.5	2915.625	2475.0	NaN	NaN	NaN	0	1	1	0	0	0	0	0	0	0	0	0	1	0	0	0	0	1	1	0	1	1	1	0	1	-148.0	0.107	0.305	NaN	NaN	0.255	0.678	NaN	NaN	7.65	23.73	NaN	NaN	0.0	"2.5"	"F0034"	1	0	"PR"	166.855	"deionize"	46.185	2	1	0	2042.389	0.0	2145.021	null	2312.498	0.085
-11.9	0.042075	30000.0	2943.75	2550.0	NaN	NaN	NaN	0	1	1	0	0	0	0	0	0	0	0	0	1	0	0	0	0	1	1	0	1	1	1	0	1	-143.0	0.109	0.313	NaN	NaN	0.26	0.696	NaN	NaN	7.8	24.36	NaN	NaN	0.0	"2.5"	"F0034"	1	0	"PR"	176.895	"deionize"	56.225	2	1	0	2042.389	0.0	2145.021	null	2322.538	0.087
-12.0	0.04125	31125.0	2953.125	2503.125	NaN	NaN	NaN	0	1	1	0	0	0	0	0	0	0	0	0	1	0	0	0	0	1	1	0	1	1	1	0	1	-144.0	0.11	0.308	NaN	NaN	0.262	0.684	NaN	NaN	7.86	23.94	NaN	NaN	0.0	"2.5"	"F0034"	1	0	"PR"	186.935	"deionize"	66.265	2	1	0	2042.389	0.0	2145.021	null	2332.578	0.089
-12.3	0.040425	31312.5	2953.125	2475.0	NaN	NaN	NaN	0	1	1	0	0	0	0	0	0	0	0	0	1	0	0	0	0	1	1	0	1	1	1	0	1	-148.0	0.11	0.305	NaN	NaN	0.262	0.678	NaN	NaN	7.86	23.73	NaN	NaN	0.0	"2.5"	"F0034"	1	0	"PR"	196.972	"deionize"	76.302	2	1	0	2042.389	0.0	2145.021	null	2342.615	0.084
-11.7	0.04015	30187.5	2934.375	2587.5	NaN	NaN	NaN	0	1	1	0	0	0	0	0	0	0	0	0	1	0	0	0	0	1	1	0	1	1	1	0	1	-140.0	0.108	0.317	NaN	NaN	0.257	0.704	NaN	NaN	7.71	24.64	NaN	NaN	0.0	"2.5"	"F0034"	1	0	"PR"	206.805	"deionize"	86.135	2	1	0	2042.389	0.0	2145.021	null	2352.448	0.084
-12.0	0.039325	31500.0	2943.75	2418.75	NaN	NaN	NaN	0	1	1	0	0	0	0	0	0	0	0	0	1	0	0	0	0	1	1	0	1	1	1	0	1	-144.0	0.109	0.3	NaN	NaN	0.26	0.667	NaN	NaN	7.8	23.345	NaN	NaN	0.0	"2.5"	"F0034"	1	0	"PR"	216.848	"deionize"	96.178	2	1	0	2042.389	0.0	2145.021	null	2362.491	0.087
-12.0	0.039325	29250.0	2962.5	2437.5	NaN	NaN	NaN	0	1	1	0	0	0	0	0	0	0	0	0	1	0	0	0	0	1	1	0	1	1	1	0	1	-144.0	0.111	0.302	NaN	NaN	0.264	0.671	NaN	NaN	7.92	23.485	NaN	NaN	0.0	"2.5"	"F0034"	1	0	"PR"	226.882	"deionize"	106.212	2	1	0	2042.389	0.0	2145.021	null	2372.525	0.084
-12.1	0.037675	31875.0	2981.25	2446.875	NaN	NaN	NaN	0	1	1	0	0	0	0	0	0	0	0	0	1	0	0	0	0	1	1	0	1	1	1	0	1	-145.0	0.113	0.303	NaN	NaN	0.269	0.673	NaN	NaN	8.07	23.555	NaN	NaN	0.0	"2.5"	"F0034"	1	0	"PR"	236.914	"deionize"	116.244	2	1	0	2042.389	0.0	2145.021	null	2382.557	0.084
-12.5	0.037675	31687.5	2981.25	2475.0	NaN	NaN	NaN	0	1	1	0	0	0	0	0	0	0	0	0	1	0	0	0	0	1	1	0	1	1	1	0	1	-150.0	0.113	0.305	NaN	NaN	0.269	0.678	NaN	NaN	8.07	23.73	NaN	NaN	0.0	"2.5"	"F0034"	1	0	"PR"	246.954	"deionize"	126.284	2	1	0	2042.389	0.0	2145.021	null	2392.597	0.085
-12.2	0.037125	32062.5	2925.0	2456.25	NaN	NaN	NaN	0	1	1	0	0	0	0	0	0	0	0	0	1	0	0	0	0	1	1	0	1	1	1	0	1	-146.0	0.107	0.304	NaN	NaN	0.255	0.676	NaN	NaN	7.65	23.66	NaN	NaN	0.0	"2.5"	"F0034"	1	0	"PR"	256.988	"deionize"	136.318	2	1	0	2042.389	0.0	2145.021	null	2402.631	0.084
-12.7	0.037125	30937.5	2943.75	2456.25	NaN	NaN	NaN	0	1	1	0	0	0	0	0	0	0	0	0	1	0	0	0	0	1	1	0	1	1	1	0	1	-152.0	0.109	0.304	NaN	NaN	0.26	0.676	NaN	NaN	7.8	23.66	NaN	NaN	0.0	"2.5"	"F0034"	1	0	"PR"	267.025	"deionize"	146.355	2	1	0	2042.389	0.0	2145.021	null	2412.668	0.087
-11.9	0.0363	31125.0	2953.125	2428.125	NaN	NaN	NaN	0	1	1	0	0	0	0	0	0	0	0	0	1	0	0	0	0	1	1	0	1	1	1	0	1	-143.0	0.11	0.301	NaN	NaN	0.262	0.669	NaN	NaN	7.86	23.415	NaN	NaN	0.0	"2.5"	"F0034"	1	0	"PR"	277.068	"deionize"	156.398	2	1	0	2042.389	0.0	2145.021	null	2422.711	0.084
-11.7	0.03575	29250.0	2943.75	2446.875	NaN	NaN	NaN	0	1	1	0	0	0	0	0	0	0	0	0	1	0	0	0	0	1	1	0	1	1	1	0	1	-140.0	0.109	0.303	NaN	NaN	0.26	0.673	NaN	NaN	7.8	23.555	NaN	NaN	0.0	"2.5"	"F0034"	1	0	"PR"	286.901	"deionize"	166.231	2	1	0	2042.389	0.0	2145.021	null	2432.544	0.084
-12.0	0.035475	30000.0	2953.125	2409.375	NaN	NaN	NaN	0	1	1	0	0	0	0	0	0	0	0	0	1	0	0	0	0	1	1	0	1	1	1	0	1	-144.0	0.11	0.299	NaN	NaN	0.262	0.664	NaN	NaN	7.86	23.24	NaN	NaN	0.0	"2.5"	"F0034"	1	0	"PR"	296.938	"deionize"	176.268	2	1	0	2042.389	0.0	2145.021	null	2442.581	0.085
-12.4	0.03465	31312.5	2953.125	2428.125	NaN	NaN	NaN	0	1	1	0	0	0	0	0	0	0	0	0	1	0	0	0	0	1	1	0	1	1	1	0	1	-149.0	0.11	0.301	NaN	NaN	0.262	0.669	NaN	NaN	7.86	23.415	NaN	NaN	0.0	"2.5"	"F0034"	1	0	"PR"	306.975	"deionize"	186.305	2	1	0	2042.389	0.0	2145.021	null	2452.618	0.084
-12.0	0.03465	31500.0	2981.25	2371.875	NaN	NaN	NaN	0	1	1	0	0	0	0	0	0	0	0	0	1	0	0	0	0	1	1	0	1	1	1	0	1	-144.0	0.113	0.295	NaN	NaN	0.269	0.656	NaN	NaN	8.07	22.96	NaN	NaN	0.0	"2.5"	"F0034"	1	0	"PR"	317.008	"deionize"	196.338	2	1	0	2042.389	0.0	2145.021	null	2462.651	0.084
-11.7	0.033825	32062.5	2953.125	2437.5	NaN	NaN	NaN	0	1	1	0	0	0	0	0	0	0	0	0	1	0	0	0	0	1	1	0	1	1	1	0	1	-140.0	0.11	0.302	NaN	NaN	0.262	0.671	NaN	NaN	7.86	23.485	NaN	NaN	0.0	"2.5"	"F0034"	1	0	"PR"	327.047	"deionize"	206.377	2	1	0	2042.389	0.0	2145.021	null	2472.69	0.086
-11.8	0.033275	30000.0	2962.5	2371.875	NaN	NaN	NaN	0	1	1	0	0	0	0	0	0	0	0	0	1	0	0	0	0	1	1	0	1	1	1	0	1	-142.0	0.111	0.295	NaN	NaN	0.264	0.656	NaN	NaN	7.92	22.96	NaN	NaN	0.0	"2.5"	"F0034"	1	0	"PR"	337.083	"deionize"	216.413	2	1	0	2042.389	0.0	2145.021	null	2482.726	0.084
-11.7	0.033275	29812.5	2925.0	2400.0	NaN	NaN	NaN	0	1	1	0	0	0	0	0	0	0	0	0	1	0	0	0	0	1	1	0	1	1	1	0	1	-140.0	0.107	0.298	NaN	NaN	0.255	0.662	NaN	NaN	7.65	23.17	NaN	NaN	0.0	"2.5"	"F0034"	1	0	"PR"	347.119	"deionize"	226.449	2	1	0	2042.389	0.0	2145.021	null	2492.762	0.084
-11.3	0.033275	30000.0	2934.375	2390.625	NaN	NaN	NaN	0	1	1	0	0	0	0	0	0	0	0	0	1	0	0	0	0	1	1	0	1	1	1	0	1	-136.0	0.108	0.297	NaN	NaN	0.257	0.66	NaN	NaN	7.71	23.1	NaN	NaN	0.0	"2.5"	"F0034"	1	0	"PR"	356.961	"deionize"	236.291	2	1	0	2042.389	0.0	2145.021	null	2502.604	0.09
-10.1	0.03245	30187.5	2962.5	2428.125	NaN	NaN	NaN	0	1	1	0	0	0	0	0	0	0	0	0	1	0	0	0	1	1	1	0	1	1	1	0	1	-121.0	0.111	0.301	NaN	NaN	0.264	0.669	NaN	NaN	7.92	23.415	NaN	NaN	0.0	"2.5"	"F0034"	1	0	"PR"	367.106	"deionize-uv"	6.333	2	1	0	2042.389	0.0	2145.021	null	2512.749	0.086
-10.7	0.03245	30000.0	2953.125	2437.5	NaN	NaN	NaN	0	1	1	0	0	0	0	0	0	0	0	0	1	0	0	0	1	1	1	0	1	1	1	0	1	-128.0	0.11	0.302	NaN	NaN	0.262	0.671	NaN	NaN	7.86	23.485	NaN	NaN	0.0	"2.5"	"F0034"	1	0	"PR"	377.146	"deionize-uv"	16.373	2	1	0	2042.389	0.0	2145.021	null	2522.789	0.089
-11.2	0.031625	29250.0	2953.125	2465.625	NaN	NaN	NaN	0	1	1	0	0	0	0	0	0	0	0	0	1	0	0	0	1	1	1	0	1	1	1	0	1	-134.0	0.11	0.305	NaN	NaN	0.262	0.678	NaN	NaN	7.86	23.73	NaN	NaN	0.0	"2.5"	"F0034"	1	0	"PR"	387.184	"deionize-uv"	26.411	2	1	0	2042.389	0.0	2145.021	null	2532.827	0.083
-10.9	0.03135	30187.5	2953.125	2371.875	NaN	NaN	NaN	0	1	1	0	0	0	0	0	0	0	0	0	1	0	0	0	1	1	1	0	1	1	1	0	1	-131.0	0.11	0.295	NaN	NaN	0.262	0.656	NaN	NaN	7.86	22.96	NaN	NaN	0.0	"2.5"	"F0034"	1	0	"PR"	397.021	"deionize-uv"	36.248	2	1	0	2042.389	0.0	2145.021	null	2542.664	0.09
-10.8	0.0308	30000.0	2943.75	2437.5	NaN	NaN	NaN	0	1	1	0	0	0	0	0	0	0	0	0	1	0	0	0	1	1	1	0	1	1	1	0	1	-130.0	0.109	0.302	NaN	NaN	0.26	0.671	NaN	NaN	7.8	23.485	NaN	NaN	0.0	"2.5"	"F0034"	1	0	"PR"	407.06	"deionize-uv"	46.287	2	1	0	2042.389	0.0	2145.021	null	2552.703	0.09
-9.9	0.031075	30000.0	2953.125	2409.375	NaN	NaN	NaN	0	1	1	0	0	0	0	0	0	0	0	0	1	0	0	0	1	1	1	0	1	1	1	0	1	-119.0	0.11	0.299	NaN	NaN	0.262	0.664	NaN	NaN	7.86	23.24	NaN	NaN	0.0	"2.5"	"F0034"	1	0	"PR"	417.098	"deionize-uv"	56.325	2	1	0	2042.389	0.0	2145.021	null	2562.741	0.086
-10.2	0.030525	31312.5	2925.0	2446.875	NaN	NaN	NaN	0	1	1	0	0	0	0	0	0	0	0	0	1	0	0	0	1	1	1	0	1	1	1	0	1	-122.0	0.107	0.303	NaN	NaN	0.255	0.673	NaN	NaN	7.65	23.555	NaN	NaN	0.0	"2.5"	"F0034"	1	0	"PR"	427.134	"deionize-uv"	66.361	2	1	0	2042.389	0.0	2145.021	null	2572.777	0.091
-9.8	0.03025	31500.0	2943.75	2390.625	NaN	NaN	NaN	0	1	1	0	0	0	0	0	0	0	0	0	1	0	0	0	1	1	1	0	1	1	1	0	1	-118.0	0.109	0.297	NaN	NaN	0.26	0.66	NaN	NaN	7.8	23.1	NaN	NaN	0.0	"2.5"	"F0034"	1	0	"PR"	437.174	"deionize-uv"	76.401	2	1	0	2042.389	0.0	2145.021	null	2582.817	0.09
-10.4	0.029975	30937.5	2971.875	2315.625	NaN	NaN	NaN	0	1	1	0	0	0	0	0	0	0	0	0	1	0	0	0	1	1	1	0	1	1	1	0	1	-125.0	0.112	0.29	NaN	NaN	0.267	0.644	NaN	NaN	8.01	22.54	NaN	NaN	0.0	"2.5"	"F0034"	1	0	"PR"	447.209	"deionize-uv"	86.436	2	1	0	2042.389	0.0	2145.021	null	2592.852	0.083
-10.2	0.0297	31875.0	2943.75	2446.875	NaN	NaN	NaN	0	1	1	0	0	0	0	0	0	0	0	0	1	0	0	0	1	1	1	0	1	1	1	0	1	-122.0	0.109	0.303	NaN	NaN	0.26	0.673	NaN	NaN	7.8	23.555	NaN	NaN	0.0	"2.5"	"F0034"	1	0	"PR"	457.247	"deionize-uv"	96.474	2	1	0	2042.389	0.0	2145.021	null	2602.89	0.086
-9.5	0.029975	30750.0	2943.75	2409.375	NaN	NaN	NaN	0	1	1	0	0	0	0	0	0	0	0	0	1	0	0	0	1	1	1	0	1	1	1	0	1	-114.0	0.109	0.299	NaN	NaN	0.26	0.664	NaN	NaN	7.8	23.24	NaN	NaN	0.0	"2.5"	"F0034"	1	0	"PR"	467.08	"deionize-uv"	106.307	2	1	0	2042.389	0.0	2145.021	null	2612.723	0.089
-9.7	0.0286	30000.0	2934.375	2390.625	NaN	NaN	NaN	0	1	1	0	0	0	0	0	0	0	0	0	1	0	0	0	1	1	1	0	1	1	1	0	1	-116.0	0.108	0.297	NaN	NaN	0.257	0.66	NaN	NaN	7.71	23.1	NaN	NaN	0.0	"2.5"	"F0034"	1	0	"PR"	477.12	"deionize-uv"	116.347	2	1	0	2042.389	0.0	2145.021	null	2622.763	0.089
-9.7	0.028325	29250.0	2971.875	1931.25	NaN	NaN	NaN	0	0	1	0	0	0	0	1	0	0	0	0	1	0	0	0	1	1	1	0	1	1	1	0	1	-116.0	0.112	0.251	NaN	NaN	0.267	0.558	NaN	NaN	8.01	19.53	NaN	NaN	0.0	"2.5"	"F0034"	1	0	"PR"	487.284	"drain-di-1"	6.347	2	1	0	2042.389	0.0	2145.021	null	2632.927	0.084
-9.1	0.028875	30750.0	2934.375	1696.875	NaN	NaN	NaN	0	0	1	0	0	0	0	1	0	0	0	0	1	0	0	0	1	1	1	0	1	1	1	0	1	-109.0	0.108	0.228	NaN	NaN	0.257	0.507	NaN	NaN	7.71	17.745	NaN	NaN	0.0	"2.5"	"F0034"	1	0	"PR"	497.119	"drain-di-1"	16.182	2	1	0	2042.389	0.0	2145.021	null	2642.762	0.089
-7.4	0.0286	29437.5	2953.125	1462.5	NaN	NaN	NaN	0	0	1	0	0	0	0	1	0	0	0	0	1	0	0	0	1	1	1	0	1	1	1	0	1	-89.0	0.11	0.204	NaN	NaN	0.262	0.453	NaN	NaN	7.86	15.855	NaN	NaN	0.0	"2.5"	"F0034"	1	0	"PR"	507.158	"drain-di-1"	26.221	2	1	0	2042.389	0.0	2145.021	null	2652.801	0.092
-9.5	0.02805	30750.0	2943.75	1209.375	NaN	NaN	NaN	0	0	1	0	0	0	0	1	0	0	0	0	1	0	0	0	1	1	1	0	1	1	1	0	1	-114.0	0.109	0.179	NaN	NaN	0.26	0.398	NaN	NaN	7.8	13.93	NaN	NaN	0.0	"2.5"	"F0034"	1	0	"PR"	517.19	"drain-di-1"	36.253	2	1	0	2042.389	0.0	2145.021	null	2662.833	0.09
-9.6	0.02805	29812.5	2943.75	946.875	NaN	NaN	NaN	0	0	1	0	0	0	0	1	0	0	0	0	1	0	0	0	1	1	1	0	1	1	1	0	1	-115.0	0.109	0.153	NaN	NaN	0.26	0.34	NaN	NaN	7.8	11.9	NaN	NaN	0.0	"2.5"	"F0034"	1	0	"PR"	527.224	"drain-di-1"	46.287	2	1	0	2042.389	0.0	2145.021	null	2672.867	0.092
-8.8	0.027775	29437.5	2943.75	703.125	NaN	NaN	NaN	0	0	1	0	0	0	0	1	0	0	0	0	1	0	0	0	1	1	1	0	1	1	1	0	1	-106.0	0.109	0.128	NaN	NaN	0.26	0.284	NaN	NaN	7.8	9.94	NaN	NaN	0.0	"2.5"	"F0034"	1	0	"PR"	537.266	"drain-di-1"	56.329	2	1	0	2042.389	0.0	2145.021	null	2682.909	0.089
-9.4	0.027775	29625.0	2953.125	440.625	NaN	NaN	NaN	0	0	1	0	0	0	0	1	0	0	0	0	1	0	0	0	1	1	1	0	1	1	1	0	1	-113.0	0.11	0.102	NaN	NaN	0.262	0.227	NaN	NaN	7.86	7.945	NaN	NaN	0.0	"2.5"	"F0034"	1	0	"PR"	547.301	"drain-di-1"	66.364	2	1	0	2042.389	0.0	2145.021	null	2692.944	0.09
-9.0	0.027775	30750.0	2953.125	234.375	NaN	NaN	NaN	0	0	1	0	0	0	0	1	0	0	0	0	1	0	0	0	1	1	1	0	1	1	1	0	1	-108.0	0.11	0.081	NaN	NaN	0.262	0.18	NaN	NaN	7.86	6.3	NaN	NaN	0.0	"2.5"	"F0034"	1	0	"PR"	557.34	"drain-di-1"	76.403	2	1	0	2042.389	0.0	2145.021	null	2702.983	0.089
-8.7	0.0275	30375.0	2953.125	-18.75	NaN	NaN	NaN	0	0	1	0	0	0	0	1	0	0	0	0	1	0	0	0	1	1	1	0	1	1	1	0	1	-104.0	0.11	0.056	NaN	NaN	0.262	0.124	NaN	NaN	7.86	4.34	NaN	NaN	0.0	"2.5"	"F0034"	1	0	"PR"	567.295	"drip-di-1"	4.133	2	1	0	2042.389	0.0	2145.021	null	2712.938	0.09
-9.7	0.027225	31125.0	2925.0	-46.875	NaN	NaN	NaN	0	0	1	0	0	0	0	1	0	0	0	0	1	0	0	0	1	1	1	0	1	1	1	0	1	-116.0	0.107	0.053	NaN	NaN	0.255	0.118	NaN	NaN	7.65	4.13	NaN	NaN	0.0	"2.5"	"F0034"	1	0	"PR"	577.33	"drip-di-1"	14.168	2	1	0	2042.389	0.0	2145.021	null	2722.973	0.091
12.1	0.02805	25875.0	2821.875	75.0	NaN	NaN	NaN	1	0	0	0	0	1	1	0	0	0	0	0	1	1	0	0	0	1	1	1	0	1	1	1	0	145.0	0.097	0.066	NaN	NaN	0.231	0.147	NaN	NaN	6.93	5.145	NaN	NaN	0.0	"2.5"	"F0034"	1	1	"PR"	587.327	"reverse-f"	8.992	2	1	0	2042.389	0.0	2145.021	null	2732.97	0.091
13.3	0.029975	26062.5	2803.125	421.875	NaN	NaN	NaN	1	0	0	0	0	1	1	0	0	0	0	0	1	1	0	0	0	1	1	1	0	1	1	1	0	160.0	0.095	0.1	NaN	NaN	0.226	0.222	NaN	NaN	6.78	7.77	NaN	NaN	0.0	"2.5"	"F0034"	1	1	"PR"	597.364	"reverse-f"	19.029	2	1	0	2042.389	0.0	2145.021	null	2743.007	0.09
12.6	0.032175	29625.0	2831.25	693.75	NaN	NaN	NaN	1	0	0	0	0	1	1	0	0	0	0	0	1	1	0	0	0	1	1	1	0	1	1	1	0	151.0	0.098	0.127	NaN	NaN	0.233	0.282	NaN	NaN	6.99	9.87	NaN	NaN	0.0	"2.5"	"F0034"	1	1	"PR"	607.4	"reverse-f"	29.065	2	1	0	2042.389	0.0	2145.021	null	2753.043	0.09
13.1	0.034925	27562.5	2793.75	975.0	NaN	NaN	NaN	1	0	0	0	0	1	1	0	0	0	0	0	1	1	0	0	0	1	1	1	0	1	1	1	0	157.0	0.094	0.155	NaN	NaN	0.224	0.344	NaN	NaN	6.72	12.04	NaN	NaN	0.0	"2.5"	"F0034"	1	1	"PR"	617.231	"reverse-f"	38.896	2	1	0	2042.389	0.0	2145.021	null	2762.874	0.087
12.3	0.0374	27187.5	2821.875	1284.375	NaN	NaN	NaN	1	0	0	0	0	1	1	0	0	0	0	0	1	1	0	0	0	1	1	1	0	1	1	1	0	148.0	0.097	0.186	NaN	NaN	0.231	0.413	NaN	NaN	6.93	14.455	NaN	NaN	0.0	"2.5"	"F0034"	1	1	"PR"	627.266	"reverse-f"	48.931	2	1	0	2042.389	0.0	2145.021	null	2772.909	0.086
12.6	0.039875	29812.5	2793.75	1593.75	NaN	NaN	NaN	1	0	0	0	0	1	1	0	0	0	0	0	1	1	0	0	0	1	1	1	0	1	1	1	0	151.0	0.094	0.217	NaN	NaN	0.224	0.482	NaN	NaN	6.72	16.87	NaN	NaN	0.0	"2.5"	"F0034"	1	1	"PR"	637.298	"reverse-f"	58.963	2	1	0	2042.389	0.0	2145.021	null	2782.941	0.086
12.3	0.041525	28125.0	2803.125	1875.0	NaN	NaN	NaN	1	0	0	0	0	1	1	0	0	0	0	0	1	1	0	0	0	1	1	1	0	1	1	1	0	148.0	0.095	0.245	NaN	NaN	0.226	0.544	NaN	NaN	6.78	19.04	NaN	NaN	0.0	"2.5"	"F0034"	1	1	"PR"	647.338	"reverse-f"	69.003	2	1	0	2042.389	0.0	2145.021	null	2792.981	0.086
13.3	0.04345	29062.5	2784.375	2184.375	NaN	NaN	NaN	1	0	0	0	0	1	1	0	0	0	0	0	1	1	0	0	0	1	1	1	0	1	1	1	0	160.0	0.093	0.276	NaN	NaN	0.221	0.613	NaN	NaN	6.63	21.455	NaN	NaN	0.0	"2.5"	"F0034"	1	1	"PR"	657.377	"reverse-f"	79.042	2	1	0	2042.389	0.0	2145.021	null	2803.02	0.084
12.3	0.0451	29812.5	2803.125	2231.25	NaN	NaN	NaN	0	0	0	0	0	1	1	0	0	0	0	0	1	0	0	0	0	1	1	1	0	1	1	1	0	148.0	0.095	0.281	NaN	NaN	0.226	0.624	NaN	NaN	6.78	21.84	NaN	NaN	0.0	"2.5"	"F0034"	1	1	"PR"	667.32	"reverse"	88.985	2	1	0	2042.389	0.0	2145.021	null	2812.963	0.084
12.6	0.0462	29062.5	2821.875	2250.0	NaN	NaN	NaN	0	0	0	0	0	1	1	0	0	0	0	0	1	0	0	0	0	1	1	1	0	1	1	1	0	151.0	0.097	0.283	NaN	NaN	0.231	0.629	NaN	NaN	6.93	22.015	NaN	NaN	0.0	"2.5"	"F0034"	1	1	"PR"	677.361	"reverse"	99.026	2	1	0	2042.389	0.0	2145.021	null	2823.004	0.087
12.6	0.047575	30187.5	2821.875	2250.0	NaN	NaN	NaN	0	0	0	0	0	1	1	0	0	0	0	0	1	0	0	0	0	1	1	1	0	1	1	1	0	151.0	0.097	0.283	NaN	NaN	0.231	0.629	NaN	NaN	6.93	22.015	NaN	NaN	0.0	"2.5"	"F0034"	1	1	"PR"	687.399	"reverse"	109.064	2	1	0	2042.389	0.0	2145.021	null	2833.042	0.086
12.4	0.048125	28500.0	2812.5	2250.0	NaN	NaN	NaN	0	0	0	0	0	1	1	0	0	0	0	0	1	0	0	0	0	1	1	1	0	1	1	1	0	149.0	0.096	0.283	NaN	NaN	0.229	0.629	NaN	NaN	6.87	22.015	NaN	NaN	0.0	"2.5"	"F0034"	1	1	"PR"	697.437	"reverse"	119.102	2	1	0	2042.389	0.0	2145.021	null	2843.08	0.085
12.6	0.0484	28125.0	2831.25	2250.0	NaN	NaN	NaN	0	0	0	0	0	1	1	0	0	0	0	0	1	0	0	0	0	1	1	1	0	1	1	1	0	151.0	0.098	0.283	NaN	NaN	0.233	0.629	NaN	NaN	6.99	22.015	NaN	NaN	0.0	"2.5"	"F0034"	1	1	"PR"	707.472	"reverse"	129.137	2	1	0	2042.389	0.0	2145.021	null	2853.115	0.083
12.6	0.049775	26625.0	2784.375	2250.0	NaN	NaN	NaN	0	0	0	0	0	1	1	0	0	0	0	0	1	0	0	0	0	1	1	1	0	1	1	1	0	151.0	0.093	0.283	NaN	NaN	0.221	0.629	NaN	NaN	6.63	22.015	NaN	NaN	0.0	"2.5"	"F0034"	1	1	"PR"	717.511	"reverse"	139.176	2	1	0	2042.389	0.0	2145.021	null	2863.154	0.086
12.3	0.0495	26812.5	2831.25	2250.0	NaN	NaN	NaN	0	0	0	0	0	1	1	0	0	0	0	0	1	0	0	0	0	1	1	1	0	1	1	1	0	148.0	0.098	0.283	NaN	NaN	0.233	0.629	NaN	NaN	6.99	22.015	NaN	NaN	0.0	"2.5"	"F0034"	1	1	"PR"	727.351	"reverse"	149.016	2	1	0	2042.389	0.0	2145.021	null	2872.994	0.085
3.0	0.050325	937.5	2971.875	2259.375	NaN	NaN	NaN	0	0	0	0	0	0	0	0	0	0	0	0	0	0	0	0	0	0	0	0	1	0	0	0	1	36.0	0.112	0.284	NaN	NaN	0.267	0.631	NaN	NaN	8.01	22.085	NaN	NaN	0.0	"2.5"	"F0034"	0	0	"PR"	737.466	"diffuse"	9.113	2	1	1	2042.389	0.0	2145.021	null	2883.109	0.086
2.8	0.0506	-375.0	2971.875	2250.0	NaN	NaN	NaN	0	0	0	0	0	0	0	0	0	0	0	0	0	0	0	0	0	0	0	0	1	0	0	0	1	34.0	0.112	0.283	NaN	NaN	0.267	0.629	NaN	NaN	8.01	22.015	NaN	NaN	0.0	"2.5"	"F0034"	0	0	"PR"	747.508	"diffuse"	19.155	2	1	1	2042.389	0.0	2145.021	null	2893.151	0.083
3.7	0.0506	375.0	2962.5	2268.75	NaN	NaN	NaN	0	0	0	0	0	0	0	0	0	0	0	0	0	0	0	0	0	0	0	0	1	0	0	0	1	44.0	0.111	0.285	NaN	NaN	0.264	0.633	NaN	NaN	7.92	22.155	NaN	NaN	0.0	"2.5"	"F0034"	0	0	"PR"	757.55	"diffuse"	29.197	2	1	1	2042.389	0.0	2145.021	null	2903.193	0.088
12.6	0.049775	24562.5	2821.875	2240.625	NaN	NaN	NaN	0	0	0	0	0	1	1	0	0	0	0	0	1	0	0	0	0	1	1	1	0	1	1	1	0	151.0	0.097	0.282	NaN	NaN	0.231	0.627	NaN	NaN	6.93	21.945	NaN	NaN	0.0	"2.5"	"F0034"	1	1	"PR"	767.472	"wash-en"	8.92	2	1	1	2042.389	0.0	2145.021	null	2913.115	0.084
12.2	0.051425	26812.5	2775.0	2240.625	NaN	NaN	NaN	0	0	0	0	0	1	1	0	0	0	0	0	1	0	0	0	0	1	1	1	0	1	1	1	0	146.0	0.093	0.282	NaN	NaN	0.221	0.627	NaN	NaN	6.63	21.945	NaN	NaN	0.0	"2.5"	"F0034"	1	1	"PR"	777.507	"wash-en"	18.955	2	1	1	2042.389	0.0	2145.021	null	2923.15	0.081
3.1	0.051975	28312.5	2821.875	2259.375	NaN	NaN	NaN	0	0	0	0	0	1	1	0	0	0	0	0	1	0	0	0	0	0	0	0	1	0	0	0	1	37.0	0.097	0.284	NaN	NaN	0.231	0.631	NaN	NaN	6.93	22.085	NaN	NaN	0.0	"2.5"	"F0034"	0	0	"PR"	787.431	"wash-sc"	8.72	2	1	1	2042.389	0.0	2145.021	null	2933.074	0.087
2.7	0.051425	375.0	2962.5	2268.75	NaN	NaN	NaN	0	0	0	0	0	0	0	0	0	0	0	0	0	0	0	0	0	0	0	0	1	0	0	0	1	32.0	0.111	0.285	NaN	NaN	0.264	0.633	NaN	NaN	7.92	22.155	NaN	NaN	0.0	"2.5"	"F0034"	0	0	"PR"	797.471	"diffuse"	8.632	2	1	2	2042.389	0.0	2145.021	null	2943.114	0.085
2.9	0.05225	0.0	2981.25	2268.75	NaN	NaN	NaN	0	0	0	0	0	0	0	0	0	0	0	0	0	0	0	0	0	0	0	0	1	0	0	0	1	35.0	0.113	0.285	NaN	NaN	0.269	0.633	NaN	NaN	8.07	22.155	NaN	NaN	0.0	"2.5"	"F0034"	0	0	"PR"	807.508	"diffuse"	18.669	2	1	2	2042.389	0.0	2145.021	null	2953.151	0.083
2.6	0.051425	562.5	2971.875	2278.125	NaN	NaN	NaN	0	0	0	0	0	0	0	0	0	0	0	0	0	0	0	0	0	0	0	0	1	0	0	0	1	31.0	0.112	0.286	NaN	NaN	0.267	0.636	NaN	NaN	8.01	22.26	NaN	NaN	0.0	"2.5"	"F0034"	0	0	"PR"	817.545	"diffuse"	28.706	2	1	2	2042.389	0.0	2145.021	null	2963.188	0.089
12.5	0.05115	27937.5	2803.125	2250.0	NaN	NaN	NaN	0	0	0	0	0	1	1	0	0	0	0	0	1	0	0	0	0	1	1	1	0	1	1	1	0	150.0	0.095	0.283	NaN	NaN	0.226	0.629	NaN	NaN	6.78	22.015	NaN	NaN	0.0	"2.5"	"F0034"	1	1	"PR"	827.475	"wash-en"	8.524	2	1	2	2042.389	0.0	2145.021	null	2973.118	0.083
12.1	0.051975	27562.5	2803.125	2250.0	NaN	NaN	NaN	0	0	0	0	0	1	1	0	0	0	0	0	1	0	0	0	0	1	1	1	0	1	1	1	0	145.0	0.095	0.283	NaN	NaN	0.226	0.629	NaN	NaN	6.78	22.015	NaN	NaN	0.0	"2.5"	"F0034"	1	1	"PR"	837.513	"wash-en"	18.562	2	1	2	2042.389	0.0	2145.021	null	2983.156	0.084
1.8	0.052525	27562.5	2793.75	2268.75	NaN	NaN	NaN	0	0	0	0	0	1	1	0	0	0	0	0	1	0	0	0	0	0	0	0	1	0	0	0	1	22.0	0.094	0.285	NaN	NaN	0.224	0.633	NaN	NaN	6.72	22.155	NaN	NaN	0.0	"2.5"	"F0034"	0	0	"PR"	847.635	"wash-sc"	8.517	2	1	2	2042.389	0.0	2145.021	null	2993.278	0.085
