cur	ec	mod-ps	rg-ps	di-ps	fw1-ps	fw2-ps	pf-ps	vlv-di-fill	vlv-di-in	vlv-di-out	vlv-rg-fill	vlv-rg-drain	vlv-rg-in	vlv-rg-out	vlv-fw1-in	vlv-fw1-out	vlv-fw2-in	vlv-po	vlv-mod-drain	pmp-sys	pmp-di	pmp-fw1	pmp-fw2	uv	en-anode1	en-cath1	pl-anode1	pl-cath1	en-anode2	en-cath2	pl-anode2	pl-cath2	pw	rg-he	di-he	fw1-he	fw2-he	rg-lev	di-lev	fw1-lev	fw2-lev	rg-vol	di-vol	fw1-vol	fw2-vol	pr-ec	ver	sn	mod-en	mod-pl	proc	proc-time	ph	ph-time	count	cyc	rnd	pr-last	rc-last	fr-last	halt-re	time	exec
1.4	0.044	2812.5	2971.875	196.875	NaN	NaN	NaN	1	0	0	0	0	0	0	0	0	0	0	0	0	1	0	0	0	0	0	0	1	0	0	0	1	17.0	0.112	0.078	NaN	NaN	0.267	0.173	NaN	NaN	8.01	6.055	NaN	NaN	0.0	"2.5"	"F0034"	0	0	"PR"	8.25	"fill-di-lb"	4.216	0	0	0	0.0	0.0	0.0	null	10.051	0.087
1.4	0.044	2812.5	2971.875	196.875	NaN	NaN	NaN	1	0	0	0	0	0	0	0	0	0	0	0	0	1	0	0	0	0	0	0	1	0	0	0	1	17.0	0.112	0.078	NaN	NaN	0.267	0.173	NaN	NaN	8.01	6.055	NaN	NaN	0.0	"2.5"	"F0034"	0	0	"PR"	8.25	"fill-di-lb"	4.216	0	0	0	0.0	0.0	0.0	null	10.051	0.087
1.9	0.04455	2250.0	2971.875	487.5	NaN	NaN	NaN	1	0	0	0	0	0	0	0	0	0	0	0	0	1	0	0	0	0	0	0	1	0	0	0	1	23.0	0.112	0.107	NaN	NaN	0.267	0.238	NaN	NaN	8.01	8.33	NaN	NaN	0.0	"2.5"	"F0034"	0	0	"PR"	18.288	"fill-di-lb"	14.254	0	0	0	0.0	0.0	0.0	null	20.089	0.089
2.0	0.044275	2250.0	2981.25	796.875	NaN	NaN	NaN	1	0	0	0	0	0	0	0	0	0	0	0	0	1	0	0	0	0	0	0	1	0	0	0	1	24.0	0.113	0.138	NaN	NaN	0.269	0.307	NaN	NaN	8.07	10.745	NaN	NaN	0.0	"2.5"	"F0034"	0	0	"PR"	28.325	"fill-di-lb"	24.291	0	0	0	0.0	0.0	0.0	null	30.126	0.087
1.7	0.04455	2812.5	2981.25	1078.125	NaN	NaN	NaN	1	0	0	0	0	0	0	0	0	0	0	0	0	1	0	0	0	0	0	0	1	0	0	0	1	20.0	0.113	0.166	NaN	NaN	0.269	0.369	NaN	NaN	8.07	12.915	NaN	NaN	0.0	"2.5"	"F0034"	0	0	"PR"	38.359	"fill-di-lb"	34.325	0	0	0	0.0	0.0	0.0	null	40.16	0.087
1.3	0.044825	3187.5	2981.25	1378.125	NaN	NaN	NaN	1	0	0	0	0	0	0	0	0	0	0	0	0	1	0	0	0	0	0	0	1	0	0	0	1	16.0	0.113	0.196	NaN	NaN	0.269	0.436	NaN	NaN	8.07	15.26	NaN	NaN	0.0	"2.5"	"F0034"	0	0	"PR"	48.395	"fill-di-lb"	44.361	0	0	0	0.0	0.0	0.0	null	50.196	0.089
2.0	0.04455	3562.5	2971.875	1696.875	NaN	NaN	NaN	1	0	0	0	0	0	0	0	0	0	0	0	0	1	0	0	0	0	0	0	1	0	0	0	1	24.0	0.112	0.228	NaN	NaN	0.267	0.507	NaN	NaN	8.01	17.745	NaN	NaN	0.0	"2.5"	"F0034"	0	0	"PR"	58.432	"fill-di-lb"	54.398	0	0	0	0.0	0.0	0.0	null	60.233	0.09
1.7	0.04455	3562.5	2990.625	1940.625	NaN	NaN	NaN	1	0	0	0	0	0	0	0	0	0	0	0	0	1	0	0	0	0	0	0	1	0	0	0	1	20.0	0.114	0.252	NaN	NaN	0.271	0.56	NaN	NaN	8.13	19.6	NaN	NaN	0.0	"2.5"	"F0034"	0	0	"PR"	68.472	"fill-di-lb"	64.438	0	0	0	0.0	0.0	0.0	null	70.273	0.084
1.4	0.04455	2250.0	2981.25	2259.375	NaN	NaN	NaN	1	0	0	0	0	0	0	0	0	0	0	0	0	1	0	0	0	0	0	0	1	0	0	0	1	17.0	0.113	0.284	NaN	NaN	0.269	0.631	NaN	NaN	8.07	22.085	NaN	NaN	0.0	"2.5"	"F0034"	0	0	"PR"	78.509	"fill-di-lb"	74.475	0	0	0	0.0	0.0	0.0	null	80.31	0.083
0.9	0.044	29625.0	2850.0	2278.125	NaN	NaN	NaN	0	0	0	0	0	1	1	0	0	0	0	0	1	0	0	0	0	0	0	0	1	0	0	0	1	11.0	0.1	0.286	NaN	NaN	0.238	0.636	NaN	NaN	7.14	22.26	NaN	NaN	0.0	"2.5"	"F0034"	0	0	"PR"	88.345	"prime"	9.435	0	0	0	0.0	0.0	0.0	null	90.146	0.088
1.7	0.045375	29812.5	2812.5	2287.5	NaN	NaN	NaN	0	0	0	0	0	1	1	0	0	0	0	0	1	0	0	0	0	0	0	0	1	0	0	0	1	20.0	0.096	0.287	NaN	NaN	0.229	0.638	NaN	NaN	6.87	22.33	NaN	NaN	0.0	"2.5"	"F0034"	0	0	"PR"	98.385	"prime"	19.475	0	0	0	0.0	0.0	0.0	null	100.186	0.089
1.0	0.045375	30000.0	2793.75	2278.125	NaN	NaN	NaN	0	0	0	0	0	1	1	0	0	0	0	0	1	0	0	0	0	0	0	0	1	0	0	0	1	12.0	0.094	0.286	NaN	NaN	0.224	0.636	NaN	NaN	6.72	22.26	NaN	NaN	0.0	"2.5"	"F0034"	0	0	"PR"	108.422	"prime"	29.512	0	0	0	0.0	0.0	0.0	null	110.223	0.09
-11.6	0.0451	32812.5	3009.375	2512.5	NaN	NaN	NaN	0	1	1	0	0	0	0	0	0	0	0	0	1	0	0	0	0	1	1	0	1	1	1	0	1	-139.0	0.116	0.309	NaN	NaN	0.276	0.687	NaN	NaN	8.28	24.045	NaN	NaN	0.0	"2.5"	"F0034"	1	0	"PR"	118.457	"deionize"	9.032	0	1	0	0.0	0.0	0.0	null	120.258	0.09
-11.9	0.044275	33937.5	2971.875	2625.0	NaN	NaN	NaN	0	1	1	0	0	0	0	0	0	0	0	0	1	0	0	0	0	1	1	0	1	1	1	0	1	-143.0	0.112	0.321	NaN	NaN	0.267	0.713	NaN	NaN	8.01	24.955	NaN	NaN	0.0	"2.5"	"F0034"	1	0	"PR"	128.497	"deionize"	19.072	0	1	0	0.0	0.0	0.0	null	130.298	0.091
-11.3	0.04345	34125.0	2981.25	2578.125	NaN	NaN	NaN	0	1	1	0	0	0	0	0	0	0	0	0	1	0	0	0	0	1	1	0	1	1	1	0	1	-136.0	0.113	0.316	NaN	NaN	0.269	0.702	NaN	NaN	8.07	24.57	NaN	NaN	0.0	"2.5"	"F0034"	1	0	"PR"	138.533	"deionize"	29.108	0	1	0	0.0	0.0	0.0	null	140.334	0.09
-11.9	0.0429	34125.0	2953.125	2550.0	NaN	NaN	NaN	0	1	1	0	0	0	0	0	0	0	0	0	1	0	0	0	0	1	1	0	1	1	1	0	1	-143.0	0.11	0.313	NaN	NaN	0.262	0.696	NaN	NaN	7.86	24.36	NaN	NaN	0.0	"2.5"	"F0034"	1	0	"PR"	148.572	"deionize"	39.147	0	1	0	0.0	0.0	0.0	null	150.373	0.092
-11.3	0.0418	32437.5	2981.25	2662.5	NaN	NaN	NaN	0	1	1	0	0	0	0	0	0	0	0	0	1	0	0	0	0	1	1	0	1	1	1	0	1	-136.0	0.113	0.324	NaN	NaN	0.269	0.72	NaN	NaN	8.07	25.2	NaN	NaN	0.0	"2.5"	"F0034"	1	0	"PR"	158.609	"deionize"	49.184	0	1	0	0.0	0.0	0.0	null	160.41	0.09
-12.8	0.04235	32250.0	2981.25	2550.0	NaN	NaN	NaN	0	1	1	0	0	0	0	0	0	0	0	0	1	0	0	0	0	1	1	0	1	1	1	0	1	-154.0	0.113	0.313	NaN	NaN	0.269	0.696	NaN	NaN	8.07	24.36	NaN	NaN	0.0	"2.5"	"F0034"	1	0	"PR"	168.441	"deionize"	59.016	0	1	0	0.0	0.0	0.0	null	170.242	0.086
-12.2	0.040975	32437.5	2971.875	2643.75	NaN	NaN	NaN	0	1	1	0	0	0	0	0	0	0	0	0	1	0	0	0	0	1	1	0	1	1	1	0	1	-146.0	0.112	0.322	NaN	NaN	0.267	0.716	NaN	NaN	8.01	25.06	NaN	NaN	0.0	"2.5"	"F0034"	1	0	"PR"	178.481	"deionize"	69.056	0	1	0	0.0	0.0	0.0	null	180.282	0.093
-11.8	0.0407	34687.5	2981.25	2512.5	NaN	NaN	NaN	0	1	1	0	0	0	0	0	0	0	0	0	1	0	0	0	0	1	1	0	1	1	1	0	1	-142.0	0.113	0.309	NaN	NaN	0.269	0.687	NaN	NaN	8.07	24.045	NaN	NaN	0.0	"2.5"	"F0034"	1	0	"PR"	188.515	"deionize"	79.09	0	1	0	0.0	0.0	0.0	null	190.316	0.09
-11.3	0.04015	31687.5	2981.25	2596.875	NaN	NaN	NaN	0	1	1	0	0	0	0	0	0	0	0	0	1	0	0	0	0	1	1	0	1	1	1	0	1	-136.0	0.113	0.318	NaN	NaN	0.269	0.707	NaN	NaN	8.07	24.745	NaN	NaN	0.0	"2.5"	"F0034"	1	0	"PR"	198.547	"deionize"	89.122	0	1	0	0.0	0.0	0.0	null	200.348	0.09
-11.9	0.040425	31687.5	2981.25	2540.625	NaN	NaN	NaN	0	1	1	0	0	0	0	0	0	0	0	0	1	0	0	0	0	1	1	0	1	1	1	0	1	-143.0	0.113	0.312	NaN	NaN	0.269	0.693	NaN	NaN	8.07	24.255	NaN	NaN	0.0	"2.5"	"F0034"	1	0	"PR"	208.588	"deionize"	99.163	0	1	0	0.0	0.0	0.0	null	210.389	0.093
-10.6	0.03795	33750.0	2971.875	2521.875	NaN	NaN	NaN	0	1	1	0	0	0	0	0	0	0	0	0	1	0	0	0	0	1	1	0	1	1	1	0	1	-127.0	0.112	0.31	NaN	NaN	0.267	0.689	NaN	NaN	8.01	24.115	NaN	NaN	0.0	"2.5"	"F0034"	1	0	"PR"	218.62	"deionize"	109.195	0	1	0	0.0	0.0	0.0	null	220.421	0.09
-12.4	0.037675	34687.5	2981.25	2587.5	NaN	NaN	NaN	0	1	1	0	0	0	0	0	0	0	0	0	1	0	0	0	0	1	1	0	1	1	1	0	1	-149.0	0.113	0.317	NaN	NaN	0.269	0.704	NaN	NaN	8.07	24.64	NaN	NaN	0.0	"2.5"	"F0034"	1	0	"PR"	228.652	"deionize"	119.227	0	1	0	0.0	0.0	0.0	null	230.453	0.091
-12.4	0.03685	33937.5	2990.625	2531.25	NaN	NaN	NaN	0	1	1	0	0	0	0	0	0	0	0	0	1	0	0	0	0	1	1	0	1	1	1	0	1	-149.0	0.114	0.311	NaN	NaN	0.271	0.691	NaN	NaN	8.13	24.185	NaN	NaN	0.0	"2.5"	"F0034"	1	0	"PR"	238.694	"deionize"	129.269	0	1	0	0.0	0.0	0.0	null	240.495	0.091
-10.7	0.03685	32250.0	2981.25	2493.75	NaN	NaN	NaN	0	1	1	0	0	0	0	0	0	0	0	0	1	0	0	0	0	1	1	0	1	1	1	0	1	-128.0	0.113	0.307	NaN	NaN	0.269	0.682	NaN	NaN	8.07	23.87	NaN	NaN	0.0	"2.5"	"F0034"	1	0	"PR"	248.522	"deionize"	139.097	0	1	0	0.0	0.0	0.0	null	250.323	0.087
-11.1	0.0363	33000.0	2981.25	2484.375	NaN	NaN	NaN	0	1	1	0	0	0	0	0	0	0	0	0	1	0	0	0	0	1	1	0	1	1	1	0	1	-133.0	0.113	0.306	NaN	NaN	0.269	0.68	NaN	NaN	8.07	23.8	NaN	NaN	0.0	"2.5"	"F0034"	1	0	"PR"	258.558	"deionize"	149.133	0	1	0	0.0	0.0	0.0	null	260.359	0.087
-11.0	0.03575	33937.5	2981.25	2512.5	NaN	NaN	NaN	0	1	1	0	0	0	0	0	0	0	0	0	1	0	0	0	0	1	1	0	1	1	1	0	1	-132.0	0.113	0.309	NaN	NaN	0.269	0.687	NaN	NaN	8.07	24.045	NaN	NaN	0.0	"2.5"	"F0034"	1	0	"PR"	268.597	"deionize"	159.172	0	1	0	0.0	0.0	0.0	null	270.398	0.087
-10.6	0.034925	33375.0	2943.75	2503.125	NaN	NaN	NaN	0	1	1	0	0	0	0	0	0	0	0	0	1	0	0	0	0	1	1	0	1	1	1	0	1	-127.0	0.109	0.308	NaN	NaN	0.26	0.684	NaN	NaN	7.8	23.94	NaN	NaN	0.0	"2.5"	"F0034"	1	0	"PR"	278.632	"deionize"	169.207	0	1	0	0.0	0.0	0.0	null	280.433	0.087
-10.1	0.034375	33000.0	3000.0	2484.375	NaN	NaN	NaN	0	1	1	0	0	0	0	0	0	0	0	0	1	0	0	0	0	1	1	0	1	1	1	0	1	-121.0	0.115	0.306	NaN	NaN	0.274	0.68	NaN	NaN	8.22	23.8	NaN	NaN	0.0	"2.5"	"F0034"	1	0	"PR"	288.68	"deionize"	179.255	0	1	0	0.0	0.0	0.0	null	290.481	0.088
-10.3	0.033825	33937.5	2971.875	2446.875	NaN	NaN	NaN	0	1	1	0	0	0	0	0	0	0	0	0	1	0	0	0	0	1	1	0	1	1	1	0	1	-124.0	0.112	0.303	NaN	NaN	0.267	0.673	NaN	NaN	8.01	23.555	NaN	NaN	0.0	"2.5"	"F0034"	1	0	"PR"	298.715	"deionize"	189.29	0	1	0	0.0	0.0	0.0	null	300.516	0.088
-9.6	0.033825	33937.5	2971.875	2484.375	NaN	NaN	NaN	0	1	1	0	0	0	0	0	0	0	0	0	1	0	0	0	0	1	1	0	1	1	1	0	1	-115.0	0.112	0.306	NaN	NaN	0.267	0.68	NaN	NaN	8.01	23.8	NaN	NaN	0.0	"2.5"	"F0034"	1	0	"PR"	308.752	"deionize"	199.327	0	1	0	0.0	0.0	0.0	null	310.553	0.093
-10.4	0.033275	32625.0	2990.625	2390.625	NaN	NaN	NaN	0	1	1	0	0	0	0	0	0	0	0	0	1	0	0	0	0	1	1	0	1	1	1	0	1	-125.0	0.114	0.297	NaN	NaN	0.271	0.66	NaN	NaN	8.13	23.1	NaN	NaN	0.0	"2.5"	"F0034"	1	0	"PR"	318.593	"deionize"	209.168	0	1	0	0.0	0.0	0.0	null	320.394	0.085
-9.8	0.033275	30562.5	2990.625	2484.375	NaN	NaN	NaN	0	1	1	0	0	0	0	0	0	0	0	0	1	0	0	0	0	1	1	0	1	1	1	0	1	-118.0	0.114	0.306	NaN	NaN	0.271	0.68	NaN	NaN	8.13	23.8	NaN	NaN	0.0	"2.5"	"F0034"	1	0	"PR"	328.625	"deionize"	219.2	0	1	0	0.0	0.0	0.0	null	330.426	0.084
-9.8	0.032725	33000.0	3009.375	2362.5	NaN	NaN	NaN	0	1	1	0	0	0	0	0	0	0	0	0	1	0	0	0	0	1	1	0	1	1	1	0	1	-118.0	0.116	0.294	NaN	NaN	0.276	0.653	NaN	NaN	8.28	22.855	NaN	NaN	0.0	"2.5"	"F0034"	1	0	"PR"	338.658	"deionize"	229.233	0	1	0	0.0	0.0	0.0	null	340.459	0.087
-9.3	0.03245	33750.0	2981.25	2475.0	NaN	NaN	NaN	0	1	1	0	0	0	0	0	0	0	0	0	1	0	0	0	0	1	1	0	1	1	1	0	1	-112.0	0.113	0.305	NaN	NaN	0.269	0.678	NaN	NaN	8.07	23.73	NaN	NaN	0.0	"2.5"	"F0034"	1	0	"PR"	348.697	"deionize"	239.272	0	1	0	0.0	0.0	0.0	null	350.498	0.085
-9.2	0.031625	33375.0	2953.125	2475.0	NaN	NaN	NaN	0	1	1	0	0	0	0	0	0	0	0	0	1	0	0	0	1	1	1	0	1	1	1	0	1	-110.0	0.11	0.305	NaN	NaN	0.262	0.678	NaN	NaN	7.86	23.73	NaN	NaN	0.0	"2.5"	"F0034"	1	0	"PR"	358.638	"deionize-uv"	9.138	0	1	0	0.0	0.0	0.0	null	360.439	0.083
-8.9	0.03135	34125.0	2981.25	2446.875	NaN	NaN	NaN	0	1	1	0	0	0	0	0	0	0	0	0	1	0	0	0	1	1	1	0	1	1	1	0	1	-107.0	0.113	0.303	NaN	NaN	0.269	0.673	NaN	NaN	8.07	23.555	NaN	NaN	0.0	"2.5"	"F0034"	1	0	"PR"	368.675	"deionize-uv"	19.175	0	1	0	0.0	0.0	0.0	null	370.476	0.087
-9.8	0.03135	33375.0	2981.25	2409.375	NaN	NaN	NaN	0	1	1	0	0	0	0	0	0	0	0	0	1	0	0	0	1	1	1	0	1	1	1	0	1	-118.0	0.113	0.299	NaN	NaN	0.269	0.664	NaN	NaN	8.07	23.24	NaN	NaN	0.0	"2.5"	"F0034"	1	0	"PR"	378.715	"deionize-uv"	29.215	0	1	0	0.0	0.0	0.0	null	380.516	0.083
-9.0	0.03135	34125.0	2981.25	2446.875	NaN	NaN	NaN	0	1	1	0	0	0	0	0	0	0	0	0	1	0	0	0	1	1	1	0	1	1	1	0	1	-108.0	0.113	0.303	NaN	NaN	0.269	0.673	NaN	NaN	8.07	23.555	NaN	NaN	0.0	"2.5"	"F0034"	1	0	"PR"	388.755	"deionize-uv"	39.255	0	1	0	0.0	0.0	0.0	null	390.556	0.083
-10.4	0.03025	35062.5	2981.25	2409.375	NaN	NaN	NaN	0	1	1	0	0	0	0	0	0	0	0	0	1	0	0	0	1	1	1	0	1	1	1	0	1	-125.0	0.113	0.299	NaN	NaN	0.269	0.664	NaN	NaN	8.07	23.24	NaN	NaN	0.0	"2.5"	"F0034"	1	0	"PR"	398.792	"deionize-uv"	49.292	0	1	0	0.0	0.0	0.0	null	400.593	0.085
-9.1	0.0297	32250.0	2981.25	2428.125	NaN	NaN	NaN	0	1	1	0	0	0	0	0	0	0	0	0	1	0	0	0	1	1	1	0	1	1	1	0	1	-109.0	0.113	0.301	NaN	NaN	0.269	0.669	NaN	NaN	8.07	23.415	NaN	NaN	0.0	"2.5"	"F0034"	1	0	"PR"	408.826	"deionize-uv"	59.326	0	1	0	0.0	0.0	0.0	null	410.627	0.086
-8.6	0.029975	31125.0	2971.875	2428.125	NaN	NaN	NaN	0	1	1	0	0	0	0	0	0	0	0	0	1	0	0	0	1	1	1	0	1	1	1	0	1	-103.0	0.112	0.301	NaN	NaN	0.267	0.669	NaN	NaN	8.01	23.415	NaN	NaN	0.0	"2.5"	"F0034"	1	0	"PR"	418.865	"deionize-uv"	69.365	0	1	0	0.0	0.0	0.0	null	420.666	0.084
-8.7	0.029975	31312.5	2981.25	2437.5	NaN	NaN	NaN	0	1	1	0	0	0	0	0	0	0	0	0	1	0	0	0	1	1	1	0	1	1	1	0	1	-104.0	0.113	0.302	NaN	NaN	0.269	0.671	NaN	NaN	8.07	23.485	NaN	NaN	0.0	"2.5"	"F0034"	1	0	"PR"	428.702	"deionize-uv"	79.202	0	1	0	0.0	0.0	0.0	null	430.503	0.085
-9.8	0.02915	31500.0	2981.25	2409.375	NaN	NaN	NaN	0	1	1	0	0	0	0	0	0	0	0	0	1	0	0	0	1	1	1	0	1	1	1	0	1	-118.0	0.113	0.299	NaN	NaN	0.269	0.664	NaN	NaN	8.07	23.24	NaN	NaN	0.0	"2.5"	"F0034"	1	0	"PR"	438.738	"deionize-uv"	89.238	0	1	0	0.0	0.0	0.0	null	440.539	0.083
-8.9	0.02915	33562.5	2981.25	2390.625	NaN	NaN	NaN	0	1	1	0	0	0	0	0	0	0	0	0	1	0	0	0	1	1	1	0	1	1	1	0	1	-107.0	0.113	0.297	NaN	NaN	0.269	0.66	NaN	NaN	8.07	23.1	NaN	NaN	0.0	"2.5"	"F0034"	1	0	"PR"	448.776	"deionize-uv"	99.276	0	1	0	0.0	0.0	0.0	null	450.577	0.088
-8.5	0.029975	35062.5	2971.875	2456.25	NaN	NaN	NaN	0	1	1	0	0	0	0	0	0	0	0	0	1	0	0	0	1	1	1	0	1	1	1	0	1	-102.0	0.112	0.304	NaN	NaN	0.267	0.676	NaN	NaN	8.01	23.66	NaN	NaN	0.0	"2.5"	"F0034"	1	0	"PR"	458.814	"deionize-uv"	109.314	0	1	0	0.0	0.0	0.0	null	460.615	0.083
-11.7	0.028325	32812.5	2953.125	2390.625	NaN	NaN	NaN	0	1	1	0	0	0	0	0	0	0	0	0	1	0	0	0	1	1	1	0	1	1	1	0	1	-140.0	0.11	0.297	NaN	NaN	0.262	0.66	NaN	NaN	7.86	23.1	NaN	NaN	0.0	"2.5"	"F0034"	1	0	"PR"	468.852	"deionize-uv"	119.352	0	1	0	0.0	0.0	0.0	null	470.653	0.086
-8.8	0.0286	35812.5	2971.875	1884.375	NaN	NaN	NaN	0	0	1	0	0	0	0	1	0	0	0	0	1	0	0	0	1	1	1	0	1	1	1	0	1	-106.0	0.112	0.246	NaN	NaN	0.267	0.547	NaN	NaN	8.01	19.145	NaN	NaN	0.0	"2.5"	"F0034"	1	0	"PR"	478.818	"drain-di-1"	9.163	0	1	0	0.0	0.0	0.0	null	480.619	0.084
-8.5	0.02805	34687.5	2981.25	1650.0	NaN	NaN	NaN	0	0	1	0	0	0	0	1	0	0	0	0	1	0	0	0	1	1	1	0	1	1	1	0	1	-102.0	0.113	0.223	NaN	NaN	0.269	0.496	NaN	NaN	8.07	17.36	NaN	NaN	0.0	"2.5"	"F0034"	1	0	"PR"	488.855	"drain-di-1"	19.2	0	1	0	0.0	0.0	0.0	null	490.656	0.087
-8.6	0.02805	35062.5	2981.25	1415.625	NaN	NaN	NaN	0	0	1	0	0	0	0	1	0	0	0	0	1	0	0	0	1	1	1	0	1	1	1	0	1	-103.0	0.113	0.2	NaN	NaN	0.269	0.444	NaN	NaN	8.07	15.54	NaN	NaN	0.0	"2.5"	"F0034"	1	0	"PR"	498.892	"drain-di-1"	29.237	0	1	0	0.0	0.0	0.0	null	500.693	0.088
-8.4	0.028325	33000.0	2981.25	1190.625	NaN	NaN	NaN	0	0	1	0	0	0	0	1	0	0	0	0	1	0	0	0	1	1	1	0	1	1	1	0	1	-101.0	0.113	0.177	NaN	NaN	0.269	0.393	NaN	NaN	8.07	13.755	NaN	NaN	0.0	"2.5"	"F0034"	1	0	"PR"	508.923	"drain-di-1"	39.268	0	1	0	0.0	0.0	0.0	null	510.724	0.087
-8.4	0.027775	35625.0	2990.625	918.75	NaN	NaN	NaN	0	0	1	0	0	0	0	1	0	0	0	0	1	0	0	0	1	1	1	0	1	1	1	0	1	-101.0	0.114	0.15	NaN	NaN	0.271	0.333	NaN	NaN	8.13	11.655	NaN	NaN	0.0	"2.5"	"F0034"	1	0	"PR"	518.955	"drain-di-1"	49.3	0	1	0	0.0	0.0	0.0	null	520.756	0.084
-8.3	0.02805	35812.5	2971.875	665.625	NaN	NaN	NaN	0	0	1	0	0	0	0	1	0	0	0	0	1	0	0	0	1	1	1	0	1	1	1	0	1	-100.0	0.112	0.125	NaN	NaN	0.267	0.278	NaN	NaN	8.01	9.73	NaN	NaN	0.0	"2.5"	"F0034"	1	0	"PR"	528.991	"drain-di-1"	59.336	0	1	0	0.0	0.0	0.0	null	530.792	0.089
-7.9	0.02695	33562.5	2981.25	431.25	NaN	NaN	NaN	0	0	1	0	0	0	0	1	0	0	0	0	1	0	0	0	1	1	1	0	1	1	1	0	1	-95.0	0.113	0.101	NaN	NaN	0.269	0.224	NaN	NaN	8.07	7.84	NaN	NaN	0.0	"2.5"	"F0034"	1	0	"PR"	538.823	"drain-di-1"	69.168	0	1	0	0.0	0.0	0.0	null	540.624	0.087
-7.7	0.0275	33000.0	2971.875	215.625	NaN	NaN	NaN	0	0	1	0	0	0	0	1	0	0	0	0	1	0	0	0	1	1	1	0	1	1	1	0	1	-92.0	0.112	0.08	NaN	NaN	0.267	0.178	NaN	NaN	8.01	6.23	NaN	NaN	0.0	"2.5"	"F0034"	1	0	"PR"	548.861	"drain-di-1"	79.206	0	1	0	0.0	0.0	0.0	null	550.662	0.091
-7.3	0.027225	32062.5	2981.25	-56.25	NaN	NaN	NaN	0	0	1	0	0	0	0	1	0	0	0	0	1	0	0	0	1	1	1	0	1	1	1	0	1	-88.0	0.113	0.052	NaN	NaN	0.269	0.116	NaN	NaN	8.07	4.06	NaN	NaN	0.0	"2.5"	"F0034"	1	0	"PR"	559.006	"drip-di-1"	4.924	0	1	0	0.0	0.0	0.0	null	560.807	0.086
-7.9	0.027225	35437.5	2971.875	-37.5	NaN	NaN	NaN	0	0	1	0	0	0	0	1	0	0	0	0	1	0	0	0	1	1	1	0	1	1	1	0	1	-95.0	0.112	0.054	NaN	NaN	0.267	0.12	NaN	NaN	8.01	4.2	NaN	NaN	0.0	"2.5"	"F0034"	1	0	"PR"	569.038	"drip-di-1"	14.956	0	1	0	0.0	0.0	0.0	null	570.839	0.084
12.8	0.02805	30187.5	2850.0	131.25	NaN	NaN	NaN	1	0	0	0	0	1	1	0	0	0	0	0	1	1	0	0	0	1	1	1	0	1	1	1	0	154.0	0.1	0.071	NaN	NaN	0.238	0.158	NaN	NaN	7.14	5.53	NaN	NaN	0.0	"2.5"	"F0034"	1	1	"PR"	579.035	"reverse-f"	9.796	0	1	0	0.0	0.0	0.0	null	580.836	0.084
12.8	0.0297	29625.0	2812.5	412.5	NaN	NaN	NaN	1	0	0	0	0	1	1	0	0	0	0	0	1	1	0	0	0	1	1	1	0	1	1	1	0	154.0	0.096	0.099	NaN	NaN	0.229	0.22	NaN	NaN	6.87	7.7	NaN	NaN	0.0	"2.5"	"F0034"	1	1	"PR"	589.069	"reverse-f"	19.83	0	1	0	0.0	0.0	0.0	null	590.87	0.087
13.0	0.03245	29625.0	2831.25	703.125	NaN	NaN	NaN	1	0	0	0	0	1	1	0	0	0	0	0	1	1	0	0	0	1	1	1	0	1	1	1	0	156.0	0.098	0.128	NaN	NaN	0.233	0.284	NaN	NaN	6.99	9.94	NaN	NaN	0.0	"2.5"	"F0034"	1	1	"PR"	598.904	"reverse-f"	29.665	0	1	0	0.0	0.0	0.0	null	600.705	0.09
12.4	0.034925	28687.5	2840.625	1003.125	NaN	NaN	NaN	1	0	0	0	0	1	1	0	0	0	0	0	1	1	0	0	0	1	1	1	0	1	1	1	0	149.0	0.099	0.158	NaN	NaN	0.236	0.351	NaN	NaN	7.08	12.285	NaN	NaN	0.0	"2.5"	"F0034"	1	1	"PR"	608.942	"reverse-f"	39.703	0	1	0	0.0	0.0	0.0	null	610.743	0.089
12.6	0.0363	29062.5	2831.25	1303.125	NaN	NaN	NaN	1	0	0	0	0	1	1	0	0	0	0	0	1	1	0	0	0	1	1	1	0	1	1	1	0	151.0	0.098	0.188	NaN	NaN	0.233	0.418	NaN	NaN	6.99	14.63	NaN	NaN	0.0	"2.5"	"F0034"	1	1	"PR"	618.985	"reverse-f"	49.746	0	1	0	0.0	0.0	0.0	null	620.786	0.096
12.5	0.038775	29812.5	2840.625	1593.75	NaN	NaN	NaN	1	0	0	0	0	1	1	0	0	0	0	0	1	1	0	0	0	1	1	1	0	1	1	1	0	150.0	0.099	0.217	NaN	NaN	0.236	0.482	NaN	NaN	7.08	16.87	NaN	NaN	0.0	"2.5"	"F0034"	1	1	"PR"	629.017	"reverse-f"	59.778	0	1	0	0.0	0.0	0.0	null	630.818	0.087
12.3	0.0407	30000.0	2850.0	1884.375	NaN	NaN	NaN	1	0	0	0	0	1	1	0	0	0	0	0	1	1	0	0	0	1	1	1	0	1	1	1	0	148.0	0.1	0.246	NaN	NaN	0.238	0.547	NaN	NaN	7.14	19.145	NaN	NaN	0.0	"2.5"	"F0034"	1	1	"PR"	639.055	"reverse-f"	69.816	0	1	0	0.0	0.0	0.0	null	640.856	0.09
12.0	0.042625	30000.0	2859.375	2165.625	NaN	NaN	NaN	1	0	0	0	0	1	1	0	0	0	0	0	1	1	0	0	0	1	1	1	0	1	1	1	0	144.0	0.101	0.275	NaN	NaN	0.24	0.611	NaN	NaN	7.2	21.385	NaN	NaN	0.0	"2.5"	"F0034"	1	1	"PR"	649.098	"reverse-f"	79.859	0	1	0	0.0	0.0	0.0	null	650.899	0.086
12.6	0.044	29812.5	2831.25	2250.0	NaN	NaN	NaN	0	0	0	0	0	1	1	0	0	0	0	0	1	0	0	0	0	1	1	1	0	1	1	1	0	151.0	0.098	0.283	NaN	NaN	0.233	0.629	NaN	NaN	6.99	22.015	NaN	NaN	0.0	"2.5"	"F0034"	1	1	"PR"	659.042	"reverse"	89.803	0	1	0	0.0	0.0	0.0	null	660.843	0.089
12.6	0.045375	29625.0	2850.0	2278.125	NaN	NaN	NaN	0	0	0	0	0	1	1	0	0	0	0	0	1	0	0	0	0	1	1	1	0	1	1	1	0	151.0	0.1	0.286	NaN	NaN	0.238	0.636	NaN	NaN	7.14	22.26	NaN	NaN	0.0	"2.5"	"F0034"	1	1	"PR"	669.078	"reverse"	99.839	0	1	0	0.0	0.0	0.0	null	670.879	0.092
12.6	0.046475	30000.0	2812.5	2287.5	NaN	NaN	NaN	0	0	0	0	0	1	1	0	0	0	0	0	1	0	0	0	0	1	1	1	0	1	1	1	0	151.0	0.096	0.287	NaN	NaN	0.229	0.638	NaN	NaN	6.87	22.33	NaN	NaN	0.0	"2.5"	"F0034"	1	1	"PR"	679.114	"reverse"	109.875	0	1	0	0.0	0.0	0.0	null	680.915	0.09
12.5	0.047025	28500.0	2840.625	2278.125	NaN	NaN	NaN	0	0	0	0	0	1	1	0	0	0	0	0	1	0	0	0	0	1	1	1	0	1	1	1	0	150.0	0.099	0.286	NaN	NaN	0.236	0.636	NaN	NaN	7.08	22.26	NaN	NaN	0.0	"2.5"	"F0034"	1	1	"PR"	689.149	"reverse"	119.91	0	1	0	0.0	0.0	0.0	null	690.95	0.09
13.9	0.048125	28125.0	2850.0	2278.125	NaN	NaN	NaN	0	0	0	0	0	1	1	0	0	0	0	0	1	0	0	0	0	1	1	1	0	1	1	1	0	167.0	0.1	0.286	NaN	NaN	0.238	0.636	NaN	NaN	7.14	22.26	NaN	NaN	0.0	"2.5"	"F0034"	1	1	"PR"	699.186	"reverse"	129.947	0	1	0	0.0	0.0	0.0	null	700.987	0.086
13.1	0.0484	29437.5	2850.0	2278.125	NaN	NaN	NaN	0	0	0	0	0	1	1	0	0	0	0	0	1	0	0	0	0	1	1	1	0	1	1	1	0	157.0	0.1	0.286	NaN	NaN	0.238	0.636	NaN	NaN	7.14	22.26	NaN	NaN	0.0	"2.5"	"F0034"	1	1	"PR"	709.022	"reverse"	139.783	0	1	0	0.0	0.0	0.0	null	710.823	0.09
11.9	0.04895	29812.5	2821.875	2287.5	NaN	NaN	NaN	0	0	0	0	0	1	1	0	0	0	0	0	1	0	0	0	0	1	1	1	0	1	1	1	0	143.0	0.097	0.287	NaN	NaN	0.231	0.638	NaN	NaN	6.93	22.33	NaN	NaN	0.0	"2.5"	"F0034"	1	1	"PR"	719.059	"reverse"	149.82	0	1	0	0.0	0.0	0.0	null	720.86	0.09
4.1	0.04895	562.5	3009.375	2278.125	NaN	NaN	NaN	0	0	0	0	0	0	0	0	0	0	0	0	0	0	0	0	0	0	0	0	1	0	0	0	1	49.0	0.116	0.286	NaN	NaN	0.276	0.636	NaN	NaN	8.28	22.26	NaN	NaN	0.0	"2.5"	"F0034"	0	0	"PR"	729.188	"diffuse"	9.928	0	1	1	0.0	0.0	0.0	null	730.989	0.089
3.1	0.049775	562.5	3000.0	2287.5	NaN	NaN	NaN	0	0	0	0	0	0	0	0	0	0	0	0	0	0	0	0	0	0	0	0	1	0	0	0	1	37.0	0.115	0.287	NaN	NaN	0.274	0.638	NaN	NaN	8.22	22.33	NaN	NaN	0.0	"2.5"	"F0034"	0	0	"PR"	739.226	"diffuse"	19.966	0	1	1	0.0	0.0	0.0	null	741.027	0.088
4.1	0.04895	2812.5	2990.625	2268.75	NaN	NaN	NaN	0	0	0	0	0	0	0	0	0	0	0	0	0	0	0	0	0	0	0	0	1	0	0	0	1	49.0	0.114	0.285	NaN	NaN	0.271	0.633	NaN	NaN	8.13	22.155	NaN	NaN	0.0	"2.5"	"F0034"	0	0	"PR"	749.258	"diffuse"	29.998	0	1	1	0.0	0.0	0.0	null	751.059	0.087
14.8	0.049775	29250.0	2831.25	2278.125	NaN	NaN	NaN	0	0	0	0	0	1	1	0	0	0	0	0	1	0	0	0	0	1	1	1	0	1	1	1	0	178.0	0.098	0.286	NaN	NaN	0.233	0.636	NaN	NaN	6.99	22.26	NaN	NaN	0.0	"2.5"	"F0034"	1	1	"PR"	759.184	"wash-en"	9.725	0	1	1	0.0	0.0	0.0	null	760.985	0.093
10.8	0.050325	29812.5	2821.875	2278.125	NaN	NaN	NaN	0	0	0	0	0	1	1	0	0	0	0	0	1	0	0	0	0	1	1	1	0	1	1	1	0	130.0	0.097	0.286	NaN	NaN	0.231	0.636	NaN	NaN	6.93	22.26	NaN	NaN	0.0	"2.5"	"F0034"	1	1	"PR"	769.224	"wash-en"	19.765	0	1	1	0.0	0.0	0.0	null	771.025	0.088
3.7	0.050875	29437.5	2840.625	2287.5	NaN	NaN	NaN	0	0	0	0	0	1	1	0	0	0	0	0	1	0	0	0	0	0	0	0	1	0	0	0	1	44.0	0.099	0.287	NaN	NaN	0.236	0.638	NaN	NaN	7.08	22.33	NaN	NaN	0.0	"2.5"	"F0034"	0	0	"PR"	779.147	"wash-sc"	9.521	0	1	1	0.0	0.0	0.0	null	780.948	0.091
3.5	0.0517	1875.0	3000.0	2306.25	NaN	NaN	NaN	0	0	0	0	0	0	0	0	0	0	0	0	0	0	0	0	0	0	0	0	1	0	0	0	1	42.0	0.115	0.289	NaN	NaN	0.274	0.642	NaN	NaN	8.22	22.47	NaN	NaN	0.0	"2.5"	"F0034"	0	0	"PR"	789.184	"diffuse"	9.436	0	1	2	0.0	0.0	0.0	null	790.985	0.093
3.1	0.0517	2250.0	2990.625	2278.125	NaN	NaN	NaN	0	0	0	0	0	0	0	0	0	0	0	0	0	0	0	0	0	0	0	0	1	0	0	0	1	37.0	0.114	0.286	NaN	NaN	0.271	0.636	NaN	NaN	8.13	22.26	NaN	NaN	0.0	"2.5"	"F0034"	0	0	"PR"	799.219	"diffuse"	19.471	0	1	2	0.0	0.0	0.0	null	801.02	0.089
3.1	0.0517	2062.5	3009.375	2296.875	NaN	NaN	NaN	0	0	0	0	0	0	0	0	0	0	0	0	0	0	0	0	0	0	0	0	1	0	0	0	1	37.0	0.116	0.288	NaN	NaN	0.276	0.64	NaN	NaN	8.28	22.4	NaN	NaN	0.0	"2.5"	"F0034"	0	0	"PR"	809.25	"diffuse"	29.502	0	1	2	0.0	0.0	0.0	null	811.051	0.089
11.2	0.05115	29812.5	2821.875	2296.875	NaN	NaN	NaN	0	0	0	0	0	1	1	0	0	0	0	0	1	0	0	0	0	1	1	1	0	1	1	1	0	134.0	0.097	0.288	NaN	NaN	0.231	0.64	NaN	NaN	6.93	22.4	NaN	NaN	0.0	"2.5"	"F0034"	1	1	"PR"	819.179	"wash-en"	9.327	0	1	2	0.0	0.0	0.0	null	820.98	0.089
13.1	0.050875	30000.0	2812.5	2278.125	NaN	NaN	NaN	0	0	0	0	0	1	1	0	0	0	0	0	1	0	0	0	0	1	1	1	0	1	1	1	0	157.0	0.096	0.286	NaN	NaN	0.229	0.636	NaN	NaN	6.87	22.26	NaN	NaN	0.0	"2.5"	"F0034"	1	1	"PR"	829.218	"wash-en"	19.366	0	1	2	0.0	0.0	0.0	null	831.019	0.083
2.7	0.051975	29625.0	2821.875	2268.75	NaN	NaN	NaN	0	0	0	0	0	1	1	0	0	0	0	0	1	0	0	0	0	0	0	0	1	0	0	0	1	32.0	0.097	0.285	NaN	NaN	0.231	0.633	NaN	NaN	6.93	22.155	NaN	NaN	0.0	"2.5"	"F0034"	0	0	"PR"	839.346	"wash-sc"	9.324	0	1	2	0.0	0.0	0.0	null	841.147	0.09
2.1	0.051425	937.5	3009.375	2287.5	NaN	NaN	NaN	0	0	0	0	0	0	0	0	0	0	0	0	0	0	0	0	0	0	0	0	1	0	0	0	1	25.0	0.116	0.287	NaN	NaN	0.276	0.638	NaN	NaN	8.28	22.33	NaN	NaN	0.0	"2.5"	"F0034"	0	0	"PR"	849.186	"diffuse"	9.036	0	1	3	0.0	0.0	0.0	null	850.987	0.088
3.0	0.05115	1125.0	2990.625	2287.5	NaN	NaN	NaN	0	0	0	0	0	0	0	0	0	0	0	0	0	0	0	0	0	0	0	0	1	0	0	0	1	36.0	0.114	0.287	NaN	NaN	0.271	0.638	NaN	NaN	8.13	22.33	NaN	NaN	0.0	"2.5"	"F0034"	0	0	"PR"	859.221	"diffuse"	19.071	0	1	3	0.0	0.0	0.0	null	861.022	0.089
3.7	0.05115	2812.5	3000.0	2278.125	NaN	NaN	NaN	0	0	0	0	0	0	0	0	0	0	0	0	0	0	0	0	0	0	0	0	1	0	0	0	1	44.0	0.115	0.286	NaN	NaN	0.274	0.636	NaN	NaN	8.22	22.26	NaN	NaN	0.0	"2.5"	"F0034"	0	0	"PR"	869.254	"diffuse"	29.104	0	1	3	0.0	0.0	0.0	null	871.055	0.085
12.1	0.0506	29250.0	2803.125	2278.125	NaN	NaN	NaN	0	0	0	0	0	1	1	0	0	0	0	0	1	0	0	0	0	1	1	1	0	1	1	1	0	145.0	0.095	0.286	NaN	NaN	0.226	0.636	NaN	NaN	6.78	22.26	NaN	NaN	0.0	"2.5"	"F0034"	1	1	"PR"	879.389	"wash-en"	9.13	0	1	3	0.0	0.0	0.0	null	881.19	0.092
12.3	0.051425	29062.5	2803.125	2268.75	NaN	NaN	NaN	0	0	0	0	0	1	1	0	0	0	0	0	1	0	0	0	0	1	1	1	0	1	1	1	0	148.0	0.095	0.285	NaN	NaN	0.226	0.633	NaN	NaN	6.78	22.155	NaN	NaN	0.0	"2.5"	"F0034"	1	1	"PR"	889.226	"wash-en"	18.967	0	1	3	0.0	0.0	0.0	null	891.027	0.083
1.8	0.05115	29812.5	2812.5	2287.5	NaN	NaN	NaN	0	0	0	0	0	1	1	0	0	0	0	0	1	0	0	0	0	0	0	0	1	0	0	0	1	22.0	0.096	0.287	NaN	NaN	0.229	0.638	NaN	NaN	6.87	22.33	NaN	NaN	0.0	"2.5"	"F0034"	0	0	"PR"	899.35	"wash-sc"	8.921	0	1	3	0.0	0.0	0.0	null	901.151	0.087
3.3	0.051975	562.5	2990.625	2287.5	NaN	NaN	NaN	0	0	0	0	0	0	0	0	0	0	0	0	0	0	0	0	0	0	0	0	1	0	0	0	1	40.0	0.114	0.287	NaN	NaN	0.271	0.638	NaN	NaN	8.13	22.33	NaN	NaN	0.0	"2.5"	"F0034"	0	0	"PR"	909.387	"diffuse"	8.833	0	1	4	0.0	0.0	0.0	null	911.188	0.088
1.9	0.051425	1125.0	2981.25	2296.875	NaN	NaN	NaN	0	0	0	0	0	0	0	0	0	0	0	0	0	0	0	0	0	0	0	0	1	0	0	0	1	23.0	0.113	0.288	NaN	NaN	0.269	0.64	NaN	NaN	8.07	22.4	NaN	NaN	0.0	"2.5"	"F0034"	0	0	"PR"	919.425	"diffuse"	18.871	0	1	4	0.0	0.0	0.0	null	921.226	0.09
2.0	0.051975	562.5	2971.875	2278.125	NaN	NaN	NaN	0	0	0	0	0	0	0	0	0	0	0	0	0	0	0	0	0	0	0	0	1	0	0	0	1	24.0	0.112	0.286	NaN	NaN	0.267	0.636	NaN	NaN	8.01	22.26	NaN	NaN	0.0	"2.5"	"F0034"	0	0	"PR"	929.264	"diffuse"	28.71	0	1	4	0.0	0.0	0.0	null	931.065	0.084
13.6	0.05115	30187.5	2821.875	2278.125	NaN	NaN	NaN	0	0	0	0	0	1	1	0	0	0	0	0	1	0	0	0	0	1	1	1	0	1	1	1	0	163.0	0.097	0.286	NaN	NaN	0.231	0.636	NaN	NaN	6.93	22.26	NaN	NaN	0.0	"2.5"	"F0034"	1	1	"PR"	939.395	"wash-en"	8.726	0	1	4	0.0	0.0	0.0	null	941.196	0.087
12.9	0.050875	30375.0	2850.0	2278.125	NaN	NaN	NaN	0	0	0	0	0	1	1	0	0	0	0	0	1	0	0	0	0	1	1	1	0	1	1	1	0	155.0	0.1	0.286	NaN	NaN	0.238	0.636	NaN	NaN	7.14	22.26	NaN	NaN	0.0	"2.5"	"F0034"	1	1	"PR"	949.433	"wash-en"	18.764	0	1	4	0.0	0.0	0.0	null	951.234	0.086
1.3	0.0517	30375.0	2831.25	2287.5	NaN	NaN	NaN	0	0	0	0	0	1	1	0	0	0	0	0	1	0	0	0	0	0	0	0	1	0	0	0	1	16.0	0.098	0.287	NaN	NaN	0.233	0.638	NaN	NaN	6.99	22.33	NaN	NaN	0.0	"2.5"	"F0034"	0	0	"PR"	959.354	"wash-sc"	8.516	0	1	4	0.0	0.0	0.0	null	961.155	0.087
2.0	0.0517	-750.0	2512.5	2287.5	NaN	NaN	NaN	0	0	0	0	1	0	0	0	0	0	0	0	0	0	0	0	0	0	0	0	1	0	0	0	1	24.0	0.066	0.287	NaN	NaN	0.157	0.638	NaN	NaN	4.71	22.33	NaN	NaN	0.0	"2.5"	"F0034"	0	0	"PR"	969.392	"drain-rg"	8.432	0	1	4	0.0	0.0	0.0	null	971.193	0.085
1.8	0.050875	-1312.5	2156.25	2240.625	NaN	NaN	NaN	0	0	0	0	1	0	0	0	0	0	0	0	0	0	0	0	0	0	0	0	1	0	0	0	1	22.0	0.031	0.282	NaN	NaN	0.074	0.627	NaN	NaN	2.22	21.945	NaN	NaN	0.0	"2.5"	"F0034"	0	0	"PR"	979.425	"drain-rg"	18.465	0	1	4	0.0	0.0	0.0	null	981.226	0.083
0.3	0.051975	-562.5	1771.875	2278.125	NaN	NaN	NaN	0	0	0	0	1	0	0	0	0	0	0	0	0	0	0	0	0	0	0	0	1	0	0	0	1	4.0	-0.008	0.286	NaN	NaN	-0.019	0.636	NaN	NaN	-0.57	22.26	NaN	NaN	0.0	"2.5"	"F0034"	0	0	"PR"	989.461	"drip-rg"	1.806	0	1	4	0.0	0.0	0.0	null	991.262	0.086
3.8	0.051425	-375.0	-9.375	2287.5	NaN	NaN	NaN	0	0	0	0	1	0	0	0	0	0	0	0	0	0	0	0	0	0	0	0	1	0	0	0	1	46.0	-0.186	0.287	NaN	NaN	-0.443	0.638	NaN	NaN	-13.29	22.33	NaN	NaN	0.0	"2.5"	"F0034"	0	0	"PR"	999.503	"drip-rg"	11.848	0	1	4	0.0	0.0	0.0	null	1001.304	0.086
2.5	0.0517	27375.0	1659.375	2156.25	NaN	NaN	NaN	0	0	1	0	0	1	0	0	0	0	0	0	1	0	0	0	0	0	0	0	1	0	0	0	1	30.0	-0.019	0.274	NaN	NaN	-0.045	0.609	NaN	NaN	-1.35	21.315	NaN	NaN	0.0	"2.5"	"F0034"	0	0	"FR"	5.845	"fill-rg-di"	5.644	1	1	0	1004.716	0.0	0.0	null	1011.185	0.086
2.2	0.050875	27562.5	2146.875	1921.875	NaN	NaN	NaN	0	0	1	0	0	1	0	0	0	0	0	0	1	0	0	0	0	0	0	0	1	0	0	0	1	26.0	0.03	0.25	NaN	NaN	0.071	0.556	NaN	NaN	2.13	19.46	NaN	NaN	0.0	"2.5"	"F0034"	0	0	"FR"	15.88	"fill-rg-di"	15.679	1	1	0	1004.716	0.0	0.0	null	1021.22	0.083
3.2	0.0495	29812.5	2465.625	1650.0	NaN	NaN	NaN	0	0	1	0	0	1	0	0	0	0	0	0	1	0	0	0	0	0	0	0	1	0	0	0	1	38.0	0.062	0.223	NaN	NaN	0.148	0.496	NaN	NaN	4.44	17.36	NaN	NaN	0.0	"2.5"	"F0034"	0	0	"FR"	25.918	"fill-rg-di"	25.717	1	1	0	1004.716	0.0	0.0	null	1031.258	0.084
2.2	0.0484	29812.5	2746.875	1396.875	NaN	NaN	NaN	0	0	1	0	0	1	0	0	0	0	0	0	1	0	0	0	0	0	0	0	1	0	0	0	1	26.0	0.09	0.198	NaN	NaN	0.214	0.44	NaN	NaN	6.42	15.4	NaN	NaN	0.0	"2.5"	"F0034"	0	0	"FR"	35.958	"fill-rg-di"	35.757	1	1	0	1004.716	0.0	0.0	null	1041.298	0.084
2.9	0.047025	28500.0	3084.375	1153.125	NaN	NaN	NaN	0	0	1	0	0	1	0	0	0	0	0	0	1	0	0	0	0	0	0	0	1	0	0	0	1	35.0	0.123	0.173	NaN	NaN	0.293	0.384	NaN	NaN	8.79	13.44	NaN	NaN	0.0	"2.5"	"F0034"	0	0	"FR"	45.989	"fill-rg-di"	45.788	1	1	0	1004.716	0.0	0.0	null	1051.329	0.085
2.1	0.046475	1500.0	2943.75	956.25	NaN	NaN	NaN	0	0	0	0	1	0	0	0	0	0	0	0	0	0	0	0	0	0	0	0	1	0	0	0	1	25.0	0.109	0.154	NaN	NaN	0.26	0.342	NaN	NaN	7.8	11.97	NaN	NaN	0.0	"2.5"	"F0034"	0	0	"FR"	56.024	"drain-rg"	3.011	1	1	0	1004.716	0.0	0.0	null	1061.364	0.083
1.9	0.04675	1500.0	2587.5	965.625	NaN	NaN	NaN	0	0	0	0	1	0	0	0	0	0	0	0	0	0	0	0	0	0	0	0	1	0	0	0	1	23.0	0.074	0.155	NaN	NaN	0.176	0.344	NaN	NaN	5.28	12.04	NaN	NaN	0.0	"2.5"	"F0034"	0	0	"FR"	66.063	"drain-rg"	13.05	1	1	0	1004.716	0.0	0.0	null	1071.403	0.083
2.2	0.046475	1875.0	2268.75	975.0	NaN	NaN	NaN	0	0	0	0	1	0	0	0	0	0	0	0	0	0	0	0	0	0	0	0	1	0	0	0	1	26.0	0.042	0.155	NaN	NaN	0.1	0.344	NaN	NaN	3.0	12.04	NaN	NaN	0.0	"2.5"	"F0034"	0	0	"FR"	75.9	"drain-rg"	22.887	1	1	0	1004.716	0.0	0.0	null	1081.24	0.083
2.2	0.0462	2437.5	1931.25	984.375	NaN	NaN	NaN	0	0	0	0	1	0	0	0	0	0	0	0	0	0	0	0	0	0	0	0	1	0	0	0	1	26.0	0.008	0.156	NaN	NaN	0.019	0.347	NaN	NaN	0.57	12.145	NaN	NaN	0.0	"2.5"	"F0034"	0	0	"FR"	85.935	"drain-rg"	32.922	1	1	0	1004.716	0.0	0.0	null	1091.275	0.085
2.4	0.047025	2062.5	1378.125	975.0	NaN	NaN	NaN	0	0	0	0	1	0	0	0	0	0	0	0	0	0	0	0	0	0	0	0	1	0	0	0	1	29.0	-0.047	0.155	NaN	NaN	-0.112	0.344	NaN	NaN	-3.36	12.04	NaN	NaN	0.0	"2.5"	"F0034"	0	0	"FR"	95.97	"drip-rg"	8.429	1	1	0	1004.716	0.0	0.0	null	1101.31	0.084
2.1	0.046475	25875.0	1453.125	918.75	NaN	NaN	NaN	0	0	1	0	0	1	0	0	0	0	0	0	1	0	0	0	0	0	0	0	1	0	0	0	1	25.0	-0.04	0.15	NaN	NaN	-0.095	0.333	NaN	NaN	-2.85	11.655	NaN	NaN	0.0	"2.5"	"F0034"	0	0	"PR"	2.632	"fill-rg-di"	2.43	1	0	0	1004.716	0.0	1108.133	null	1111.384	0.086
2.1	0.046475	30000.0	2043.75	675.0	NaN	NaN	NaN	0	0	1	0	0	1	0	0	0	0	0	0	1	0	0	0	0	0	0	0	1	0	0	0	1	25.0	0.019	0.126	NaN	NaN	0.045	0.28	NaN	NaN	1.35	9.8	NaN	NaN	0.0	"2.5"	"F0034"	0	0	"PR"	12.664	"fill-rg-di"	12.462	1	0	0	1004.716	0.0	1108.133	null	1121.416	0.084
1.6	0.04565	30375.0	2343.75	412.5	NaN	NaN	NaN	0	0	1	0	0	1	0	0	0	0	0	0	1	0	0	0	0	0	0	0	1	0	0	0	1	19.0	0.049	0.099	NaN	NaN	0.117	0.22	NaN	NaN	3.51	7.7	NaN	NaN	0.0	"2.5"	"F0034"	0	0	"PR"	22.7	"fill-rg-di"	22.498	1	0	0	1004.716	0.0	1108.133	null	1131.452	0.084
1.6	0.0451	30000.0	2662.5	140.625	NaN	NaN	NaN	0	0	1	0	0	1	0	0	0	0	0	0	1	0	0	0	0	0	0	0	1	0	0	0	1	19.0	0.081	0.072	NaN	NaN	0.193	0.16	NaN	NaN	5.79	5.6	NaN	NaN	0.0	"2.5"	"F0034"	0	0	"PR"	32.743	"fill-rg-di"	32.541	1	0	0	1004.716	0.0	1108.133	null	1141.495	0.085
1.7	0.0451	2812.5	2775.0	253.125	NaN	NaN	NaN	1	0	0	0	0	0	0	0	0	0	0	0	0	1	0	0	0	0	0	0	1	0	0	0	1	20.0	0.093	0.083	NaN	NaN	0.221	0.184	NaN	NaN	6.63	6.44	NaN	NaN	0.0	"2.5"	"F0034"	0	0	"PR"	42.578	"fill-di-lb"	6.021	1	0	0	1004.716	0.0	1108.133	null	1151.33	0.087
1.8	0.044825	1312.5	2784.375	562.5	NaN	NaN	NaN	1	0	0	0	0	0	0	0	0	0	0	0	0	1	0	0	0	0	0	0	1	0	0	0	1	22.0	0.093	0.114	NaN	NaN	0.221	0.253	NaN	NaN	6.63	8.855	NaN	NaN	0.0	"2.5"	"F0034"	0	0	"PR"	52.614	"fill-di-lb"	16.057	1	0	0	1004.716	0.0	1108.133	null	1161.366	0.09
1.6	0.0451	1500.0	2775.0	834.375	NaN	NaN	NaN	1	0	0	0	0	0	0	0	0	0	0	0	0	1	0	0	0	0	0	0	1	0	0	0	1	19.0	0.093	0.141	NaN	NaN	0.221	0.313	NaN	NaN	6.63	10.955	NaN	NaN	0.0	"2.5"	"F0034"	0	0	"PR"	62.655	"fill-di-lb"	26.098	1	0	0	1004.716	0.0	1108.133	null	1171.407	0.086
1.5	0.044825	2812.5	2775.0	1143.75	NaN	NaN	NaN	1	0	0	0	0	0	0	0	0	0	0	0	0	1	0	0	0	0	0	0	1	0	0	0	1	18.0	0.093	0.172	NaN	NaN	0.221	0.382	NaN	NaN	6.63	13.37	NaN	NaN	0.0	"2.5"	"F0034"	0	0	"PR"	72.692	"fill-di-lb"	36.135	1	0	0	1004.716	0.0	1108.133	null	1181.444	0.086
1.7	0.0451	2625.0	2784.375	1396.875	NaN	NaN	NaN	1	0	0	0	0	0	0	0	0	0	0	0	0	1	0	0	0	0	0	0	1	0	0	0	1	20.0	0.093	0.198	NaN	NaN	0.221	0.44	NaN	NaN	6.63	15.4	NaN	NaN	0.0	"2.5"	"F0034"	0	0	"PR"	82.732	"fill-di-lb"	46.175	1	0	0	1004.716	0.0	1108.133	null	1191.484	0.086
1.7	0.044825	1875.0	2775.0	1696.875	NaN	NaN	NaN	1	0	0	0	0	0	0	0	0	0	0	0	0	1	0	0	0	0	0	0	1	0	0	0	1	20.0	0.093	0.228	NaN	NaN	0.221	0.507	NaN	NaN	6.63	17.745	NaN	NaN	0.0	"2.5"	"F0034"	0	0	"PR"	92.771	"fill-di-lb"	56.214	1	0	0	1004.716	0.0	1108.133	null	1201.523	0.087
4.0	0.044825	2437.5	2775.0	2006.25	NaN	NaN	NaN	1	0	0	0	0	0	0	0	0	0	0	0	0	1	0	0	0	0	0	0	1	0	0	0	1	48.0	0.093	0.259	NaN	NaN	0.221	0.576	NaN	NaN	6.63	20.16	NaN	NaN	0.0	"2.5"	"F0034"	0	0	"PR"	102.81	"fill-di-lb"	66.253	1	0	0	1004.716	0.0	1108.133	null	1211.562	0.084
2.5	0.044825	19500.0	2821.875	2240.625	NaN	NaN	NaN	0	0	1	0	0	1	0	0	0	0	0	0	1	0	0	0	0	0	0	0	1	0	0	0	1	30.0	0.097	0.282	NaN	NaN	0.231	0.627	NaN	NaN	6.93	21.945	NaN	NaN	0.0	"2.5"	"F0034"	0	0	"PR"	112.847	"fill-rg-di"	1.204	1	0	0	1004.716	0.0	1108.133	null	1221.599	0.084
12.3	0.044	31500.0	2943.75	2559.375	NaN	NaN	NaN	0	1	1	0	0	0	0	0	0	0	0	0	1	0	0	0	0	1	1	1	0	1	1	1	0	148.0	0.109	0.314	NaN	NaN	0.26	0.698	NaN	NaN	7.8	24.43	NaN	NaN	0.0	"2.5"	"F0034"	1	1	"PR"	122.686	"deionize"	1.009	1	1	0	1004.716	0.0	1108.133	null	1231.438	0.09
12.6	0.04455	33937.5	2934.375	2550.0	NaN	NaN	NaN	0	1	1	0	0	0	0	0	0	0	0	0	1	0	0	0	0	1	1	1	0	1	1	1	0	151.0	0.108	0.313	NaN	NaN	0.257	0.696	NaN	NaN	7.71	24.36	NaN	NaN	0.0	"2.5"	"F0034"	1	1	"PR"	132.726	"deionize"	11.049	1	1	0	1004.716	0.0	1108.133	null	1241.478	0.09
12.7	0.044275	34687.5	2934.375	2662.5	NaN	NaN	NaN	0	1	1	0	0	0	0	0	0	0	0	0	1	0	0	0	0	1	1	1	0	1	1	1	0	152.0	0.108	0.324	NaN	NaN	0.257	0.72	NaN	NaN	7.71	25.2	NaN	NaN	0.0	"2.5"	"F0034"	1	1	"PR"	142.764	"deionize"	21.087	1	1	0	1004.716	0.0	1108.133	null	1251.516	0.087
12.8	0.043175	33562.5	2953.125	2550.0	NaN	NaN	NaN	0	1	1	0	0	0	0	0	0	0	0	0	1	0	0	0	0	1	1	1	0	1	1	1	0	154.0	0.11	0.313	NaN	NaN	0.262	0.696	NaN	NaN	7.86	24.36	NaN	NaN	0.0	"2.5"	"F0034"	1	1	"PR"	152.803	"deionize"	31.126	1	1	0	1004.716	0.0	1108.133	null	1261.555	0.091
9.5	0.04235	34687.5	2934.375	2559.375	NaN	NaN	NaN	0	1	1	0	0	0	0	0	0	0	0	0	1	0	0	0	0	1	1	1	0	1	1	1	0	114.0	0.108	0.314	NaN	NaN	0.257	0.698	NaN	NaN	7.71	24.43	NaN	NaN	0.0	"2.5"	"F0034"	1	1	"PR"	162.842	"deionize"	41.165	1	1	0	1004.716	0.0	1108.133	null	1271.594	0.092
14.5	0.04125	30375.0	2925.0	2531.25	NaN	NaN	NaN	0	1	1	0	0	0	0	0	0	0	0	0	1	0	0	0	0	1	1	1	0	1	1	1	0	174.0	0.107	0.311	NaN	NaN	0.255	0.691	NaN	NaN	7.65	24.185	NaN	NaN	0.0	"2.5"	"F0034"	1	1	"PR"	172.875	"deionize"	51.198	1	1	0	1004.716	0.0	1108.133	null	1281.627	0.084
12.4	0.040425	30562.5	2943.75	2521.875	NaN	NaN	NaN	0	1	1	0	0	0	0	0	0	0	0	0	1	0	0	0	0	1	1	1	0	1	1	1	0	149.0	0.109	0.31	NaN	NaN	0.26	0.689	NaN	NaN	7.8	24.115	NaN	NaN	0.0	"2.5"	"F0034"	1	1	"PR"	182.915	"deionize"	61.238	1	1	0	1004.716	0.0	1108.133	null	1291.667	0.084
11.9	0.039875	32812.5	2934.375	2531.25	NaN	NaN	NaN	0	1	1	0	0	0	0	0	0	0	0	0	1	0	0	0	0	1	1	1	0	1	1	1	0	143.0	0.108	0.311	NaN	NaN	0.257	0.691	NaN	NaN	7.71	24.185	NaN	NaN	0.0	"2.5"	"F0034"	1	1	"PR"	192.754	"deionize"	71.077	1	1	0	1004.716	0.0	1108.133	null	1301.506	0.09
11.7	0.039325	34687.5	2934.375	2512.5	NaN	NaN	NaN	0	1	1	0	0	0	0	0	0	0	0	0	1	0	0	0	0	1	1	1	0	1	1	1	0	140.0	0.108	0.309	NaN	NaN	0.257	0.687	NaN	NaN	7.71	24.045	NaN	NaN	0.0	"2.5"	"F0034"	1	1	"PR"	202.786	"deionize"	81.109	1	1	0	1004.716	0.0	1108.133	null	1311.538	0.09
12.6	0.0385	33937.5	2934.375	2568.75	NaN	NaN	NaN	0	1	1	0	0	0	0	0	0	0	0	0	1	0	0	0	0	1	1	1	0	1	1	1	0	151.0	0.108	0.315	NaN	NaN	0.257	0.7	NaN	NaN	7.71	24.5	NaN	NaN	0.0	"2.5"	"F0034"	1	1	"PR"	212.824	"deionize"	91.147	1	1	0	1004.716	0.0	1108.133	null	1321.576	0.092
12.1	0.037675	33750.0	2934.375	2437.5	NaN	NaN	NaN	0	1	1	0	0	0	0	0	0	0	0	0	1	0	0	0	0	1	1	1	0	1	1	1	0	145.0	0.108	0.302	NaN	NaN	0.257	0.671	NaN	NaN	7.71	23.485	NaN	NaN	0.0	"2.5"	"F0034"	1	1	"PR"	222.859	"deionize"	101.182	1	1	0	1004.716	0.0	1108.133	null	1331.611	0.09
12.0	0.0374	33937.5	2925.0	2550.0	NaN	NaN	NaN	0	1	1	0	0	0	0	0	0	0	0	0	1	0	0	0	0	1	1	1	0	1	1	1	0	144.0	0.107	0.313	NaN	NaN	0.255	0.696	NaN	NaN	7.65	24.36	NaN	NaN	0.0	"2.5"	"F0034"	1	1	"PR"	232.889	"deionize"	111.212	1	1	0	1004.716	0.0	1108.133	null	1341.641	0.087
11.9	0.037125	32625.0	2934.375	2503.125	NaN	NaN	NaN	0	1	1	0	0	0	0	0	0	0	0	0	1	0	0	0	0	1	1	1	0	1	1	1	0	143.0	0.108	0.308	NaN	NaN	0.257	0.684	NaN	NaN	7.71	23.94	NaN	NaN	0.0	"2.5"	"F0034"	1	1	"PR"	242.927	"deionize"	121.25	1	1	0	1004.716	0.0	1108.133	null	1351.679	0.092
9.7	0.036575	34500.0	2943.75	2465.625	NaN	NaN	NaN	0	1	1	0	0	0	0	0	0	0	0	0	1	0	0	0	0	1	1	1	0	1	1	1	0	116.0	0.109	0.305	NaN	NaN	0.26	0.678	NaN	NaN	7.8	23.73	NaN	NaN	0.0	"2.5"	"F0034"	1	1	"PR"	252.965	"deionize"	131.288	1	1	0	1004.716	0.0	1108.133	null	1361.717	0.09
13.2	0.0363	34312.5	2943.75	2493.75	NaN	NaN	NaN	0	1	1	0	0	0	0	0	0	0	0	0	1	0	0	0	0	1	1	1	0	1	1	1	0	158.0	0.109	0.307	NaN	NaN	0.26	0.682	NaN	NaN	7.8	23.87	NaN	NaN	0.0	"2.5"	"F0034"	1	1	"PR"	262.8	"deionize"	141.123	1	1	0	1004.716	0.0	1108.133	null	1371.552	0.087
12.6	0.0363	33937.5	2934.375	2493.75	NaN	NaN	NaN	0	1	1	0	0	0	0	0	0	0	0	0	1	0	0	0	0	1	1	1	0	1	1	1	0	151.0	0.108	0.307	NaN	NaN	0.257	0.682	NaN	NaN	7.71	23.87	NaN	NaN	0.0	"2.5"	"F0034"	1	1	"PR"	272.838	"deionize"	151.161	1	1	0	1004.716	0.0	1108.133	null	1381.59	0.087
12.5	0.035475	31312.5	2934.375	2437.5	NaN	NaN	NaN	0	1	1	0	0	0	0	0	0	0	0	0	1	0	0	0	0	1	1	1	0	1	1	1	0	150.0	0.108	0.302	NaN	NaN	0.257	0.671	NaN	NaN	7.71	23.485	NaN	NaN	0.0	"2.5"	"F0034"	1	1	"PR"	282.877	"deionize"	161.2	1	1	0	1004.716	0.0	1108.133	null	1391.629	0.091
12.4	0.0352	32250.0	2934.375	2437.5	NaN	NaN	NaN	0	1	1	0	0	0	0	0	0	0	0	0	1	0	0	0	0	1	1	1	0	1	1	1	0	149.0	0.108	0.302	NaN	NaN	0.257	0.671	NaN	NaN	7.71	23.485	NaN	NaN	0.0	"2.5"	"F0034"	1	1	"PR"	292.913	"deionize"	171.236	1	1	0	1004.716	0.0	1108.133	null	1401.665	0.091
9.8	0.034925	32437.5	2925.0	2465.625	NaN	NaN	NaN	0	1	1	0	0	0	0	0	0	0	0	0	1	0	0	0	0	1	1	1	0	1	1	1	0	118.0	0.107	0.305	NaN	NaN	0.255	0.678	NaN	NaN	7.65	23.73	NaN	NaN	0.0	"2.5"	"F0034"	1	1	"PR"	302.953	"deionize"	181.276	1	1	0	1004.716	0.0	1108.133	null	1411.705	0.088
12.5	0.034375	31500.0	2934.375	2456.25	NaN	NaN	NaN	0	1	1	0	0	0	0	0	0	0	0	0	1	0	0	0	0	1	1	1	0	1	1	1	0	150.0	0.108	0.304	NaN	NaN	0.257	0.676	NaN	NaN	7.71	23.66	NaN	NaN	0.0	"2.5"	"F0034"	1	1	"PR"	312.989	"deionize"	191.312	1	1	0	1004.716	0.0	1108.133	null	1421.741	0.09
12.8	0.034375	34125.0	2934.375	2390.625	NaN	NaN	NaN	0	1	1	0	0	0	0	0	0	0	0	0	1	0	0	0	0	1	1	1	0	1	1	1	0	154.0	0.108	0.297	NaN	NaN	0.257	0.66	NaN	NaN	7.71	23.1	NaN	NaN	0.0	"2.5"	"F0034"	1	1	"PR"	323.029	"deionize"	201.352	1	1	0	1004.716	0.0	1108.133	null	1431.781	0.091
12.6	0.033825	34312.5	2934.375	2503.125	NaN	NaN	NaN	0	1	1	0	0	0	0	0	0	0	0	0	1	0	0	0	0	1	1	1	0	1	1	1	0	151.0	0.108	0.308	NaN	NaN	0.257	0.684	NaN	NaN	7.71	23.94	NaN	NaN	0.0	"2.5"	"F0034"	1	1	"PR"	332.866	"deionize"	211.189	1	1	0	1004.716	0.0	1108.133	null	1441.618	0.084
12.4	0.03245	32062.5	2934.375	2418.75	NaN	NaN	NaN	0	1	1	0	0	0	0	0	0	0	0	0	1	0	0	0	0	1	1	1	0	1	1	1	0	149.0	0.108	0.3	NaN	NaN	0.257	0.667	NaN	NaN	7.71	23.345	NaN	NaN	0.0	"2.5"	"F0034"	1	1	"PR"	342.898	"deionize"	221.221	1	1	0	1004.716	0.0	1108.133	null	1451.65	0.084
11.9	0.032725	30000.0	2934.375	2362.5	NaN	NaN	NaN	0	1	1	0	0	0	0	0	0	0	0	0	1	0	0	0	0	1	1	1	0	1	1	1	0	143.0	0.108	0.294	NaN	NaN	0.257	0.653	NaN	NaN	7.71	22.855	NaN	NaN	0.0	"2.5"	"F0034"	1	1	"PR"	352.936	"deionize"	231.259	1	1	0	1004.716	0.0	1108.133	null	1461.688	0.088
11.8	0.03245	34687.5	2934.375	2409.375	NaN	NaN	NaN	0	1	1	0	0	0	0	0	0	0	0	0	1	0	0	0	1	1	1	1	0	1	1	1	0	142.0	0.108	0.299	NaN	NaN	0.257	0.664	NaN	NaN	7.71	23.24	NaN	NaN	0.0	"2.5"	"F0034"	1	1	"PR"	363.08	"deionize-uv"	1.313	1	1	0	1004.716	0.0	1108.133	null	1471.832	0.09
12.4	0.03245	33000.0	2925.0	2475.0	NaN	NaN	NaN	0	1	1	0	0	0	0	0	0	0	0	0	1	0	0	0	1	1	1	1	0	1	1	1	0	149.0	0.107	0.305	NaN	NaN	0.255	0.678	NaN	NaN	7.65	23.73	NaN	NaN	0.0	"2.5"	"F0034"	1	1	"PR"	372.917	"deionize-uv"	11.15	1	1	0	1004.716	0.0	1108.133	null	1481.669	0.083
13.1	0.03135	30937.5	2934.375	2371.875	NaN	NaN	NaN	0	1	1	0	0	0	0	0	0	0	0	0	1	0	0	0	1	1	1	1	0	1	1	1	0	157.0	0.108	0.295	NaN	NaN	0.257	0.656	NaN	NaN	7.71	22.96	NaN	NaN	0.0	"2.5"	"F0034"	1	1	"PR"	382.957	"deionize-uv"	21.19	1	1	0	1004.716	0.0	1108.133	null	1491.709	0.083
12.1	0.0308	32250.0	2934.375	2390.625	NaN	NaN	NaN	0	1	1	0	0	0	0	0	0	0	0	0	1	0	0	0	1	1	1	1	0	1	1	1	0	145.0	0.108	0.297	NaN	NaN	0.257	0.66	NaN	NaN	7.71	23.1	NaN	NaN	0.0	"2.5"	"F0034"	1	1	"PR"	392.997	"deionize-uv"	31.23	1	1	0	1004.716	0.0	1108.133	null	1501.749	0.086
12.7	0.0308	31500.0	2934.375	2437.5	NaN	NaN	NaN	0	1	1	0	0	0	0	0	0	0	0	0	1	0	0	0	1	1	1	1	0	1	1	1	0	152.0	0.108	0.302	NaN	NaN	0.257	0.671	NaN	NaN	7.71	23.485	NaN	NaN	0.0	"2.5"	"F0034"	1	1	"PR"	403.036	"deionize-uv"	41.269	1	1	0	1004.716	0.0	1108.133	null	1511.788	0.088
12.4	0.03025	33187.5	2934.375	2475.0	NaN	NaN	NaN	0	1	1	0	0	0	0	0	0	0	0	0	1	0	0	0	1	1	1	1	0	1	1	1	0	149.0	0.108	0.305	NaN	NaN	0.257	0.678	NaN	NaN	7.71	23.73	NaN	NaN	0.0	"2.5"	"F0034"	1	1	"PR"	413.068	"deionize-uv"	51.301	1	1	0	1004.716	0.0	1108.133	null	1521.82	0.083
13.6	0.029975	34500.0	2934.375	2428.125	NaN	NaN	NaN	0	1	1	0	0	0	0	0	0	0	0	0	1	0	0	0	1	1	1	1	0	1	1	1	0	163.0	0.108	0.301	NaN	NaN	0.257	0.669	NaN	NaN	7.71	23.415	NaN	NaN	0.0	"2.5"	"F0034"	1	1	"PR"	423.101	"deionize-uv"	61.334	1	1	0	1004.716	0.0	1108.133	null	1531.853	0.086
12.3	0.0297	34125.0	2934.375	2446.875	NaN	NaN	NaN	0	1	1	0	0	0	0	0	0	0	0	0	1	0	0	0	1	1	1	1	0	1	1	1	0	148.0	0.108	0.303	NaN	NaN	0.257	0.673	NaN	NaN	7.71	23.555	NaN	NaN	0.0	"2.5"	"F0034"	1	1	"PR"	433.14	"deionize-uv"	71.373	1	1	0	1004.716	0.0	1108.133	null	1541.892	0.088
11.9	0.02915	31875.0	2934.375	2390.625	NaN	NaN	NaN	0	1	1	0	0	0	0	0	0	0	0	0	1	0	0	0	1	1	1	1	0	1	1	1	0	143.0	0.108	0.297	NaN	NaN	0.257	0.66	NaN	NaN	7.71	23.1	NaN	NaN	0.0	"2.5"	"F0034"	1	1	"PR"	443.175	"deionize-uv"	81.408	1	1	0	1004.716	0.0	1108.133	null	1551.927	0.086
11.8	0.02915	33750.0	2934.375	2390.625	NaN	NaN	NaN	0	1	1	0	0	0	0	0	0	0	0	0	1	0	0	0	1	1	1	1	0	1	1	1	0	142.0	0.108	0.297	NaN	NaN	0.257	0.66	NaN	NaN	7.71	23.1	NaN	NaN	0.0	"2.5"	"F0034"	1	1	"PR"	453.01	"deionize-uv"	91.243	1	1	0	1004.716	0.0	1108.133	null	1561.762	0.084
11.6	0.02915	34687.5	2934.375	2446.875	NaN	NaN	NaN	0	1	1	0	0	0	0	0	0	0	0	0	1	0	0	0	1	1	1	1	0	1	1	1	0	139.0	0.108	0.303	NaN	NaN	0.257	0.673	NaN	NaN	7.71	23.555	NaN	NaN	0.0	"2.5"	"F0034"	1	1	"PR"	463.047	"deionize-uv"	101.28	1	1	0	1004.716	0.0	1108.133	null	1571.799	0.087
11.4	0.0275	35250.0	2934.375	2437.5	NaN	NaN	NaN	0	1	1	0	0	0	0	0	0	0	0	0	1	0	0	0	1	1	1	1	0	1	1	1	0	137.0	0.108	0.302	NaN	NaN	0.257	0.671	NaN	NaN	7.71	23.485	NaN	NaN	0.0	"2.5"	"F0034"	1	1	"PR"	473.083	"deionize-uv"	111.316	1	1	0	1004.716	0.0	1108.133	null	1581.835	0.086
11.2	0.027775	42562.5	2953.125	2118.75	NaN	NaN	NaN	0	0	1	0	0	0	0	1	0	0	0	0	1	0	0	0	1	1	1	1	0	1	1	1	0	134.0	0.11	0.27	NaN	NaN	0.262	0.6	NaN	NaN	7.86	21.0	NaN	NaN	0.0	"2.5"	"F0034"	1	1	"PR"	483.041	"drip-di-1"	0.201	1	1	0	1004.716	0.0	1108.133	null	1591.793	0.094
11.2	0.02695	33937.5	2934.375	1809.375	NaN	NaN	NaN	0	0	1	0	0	0	0	1	0	0	0	0	1	0	0	0	1	1	1	1	0	1	1	1	0	134.0	0.108	0.239	NaN	NaN	0.257	0.531	NaN	NaN	7.71	18.585	NaN	NaN	0.0	"2.5"	"F0034"	1	1	"PR"	493.194	"drip-di-1"	10.354	1	1	0	1004.716	0.0	1108.133	null	1601.946	0.087
-11.9	0.0275	28312.5	2765.625	1828.125	NaN	NaN	NaN	1	0	0	0	0	1	1	0	0	0	0	0	1	1	0	0	0	1	1	0	1	1	1	0	1	-143.0	0.092	0.241	NaN	NaN	0.219	0.536	NaN	NaN	6.57	18.76	NaN	NaN	0.0	"2.5"	"F0034"	1	0	"PR"	503.192	"reverse-f"	5.179	1	1	0	1004.716	0.0	1108.133	null	1611.944	0.086
-12.4	0.028875	29437.5	2784.375	2146.875	NaN	NaN	NaN	1	0	0	0	0	1	1	0	0	0	0	0	1	1	0	0	0	1	1	0	1	1	1	0	1	-149.0	0.093	0.273	NaN	NaN	0.221	0.607	NaN	NaN	6.63	21.245	NaN	NaN	0.0	"2.5"	"F0034"	1	0	"PR"	513.231	"reverse-f"	15.218	1	1	0	1004.716	0.0	1108.133	null	1621.983	0.089
-10.6	0.031625	28312.5	2821.875	2240.625	NaN	NaN	NaN	0	0	0	0	0	1	1	0	0	0	0	0	1	0	0	0	0	1	1	0	1	1	1	0	1	-127.0	0.097	0.282	NaN	NaN	0.231	0.627	NaN	NaN	6.93	21.945	NaN	NaN	0.0	"2.5"	"F0034"	1	0	"PR"	523.175	"reverse"	25.162	1	1	0	1004.716	0.0	1108.133	null	1631.927	0.086
-12.6	0.034375	29062.5	2812.5	2240.625	NaN	NaN	NaN	0	0	0	0	0	1	1	0	0	0	0	0	1	0	0	0	0	1	1	0	1	1	1	0	1	-151.0	0.096	0.282	NaN	NaN	0.229	0.627	NaN	NaN	6.87	21.945	NaN	NaN	0.0	"2.5"	"F0034"	1	0	"PR"	533.212	"reverse"	35.199	1	1	0	1004.716	0.0	1108.133	null	1641.964	0.084
-11.8	0.0363	29812.5	2812.5	2231.25	NaN	NaN	NaN	0	0	0	0	0	1	1	0	0	0	0	0	1	0	0	0	0	1	1	0	1	1	1	0	1	-142.0	0.096	0.281	NaN	NaN	0.229	0.624	NaN	NaN	6.87	21.84	NaN	NaN	0.0	"2.5"	"F0034"	1	0	"PR"	543.247	"reverse"	45.234	1	1	0	1004.716	0.0	1108.133	null	1651.999	0.084
-11.7	0.038225	30187.5	2765.625	2231.25	NaN	NaN	NaN	0	0	0	0	0	1	1	0	0	0	0	0	1	0	0	0	0	1	1	0	1	1	1	0	1	-140.0	0.092	0.281	NaN	NaN	0.219	0.624	NaN	NaN	6.57	21.84	NaN	NaN	0.0	"2.5"	"F0034"	1	0	"PR"	553.285	"reverse"	55.272	1	1	0	1004.716	0.0	1108.133	null	1662.037	0.083
-13.6	0.040975	30000.0	2784.375	2240.625	NaN	NaN	NaN	0	0	0	0	0	1	1	0	0	0	0	0	1	0	0	0	0	1	1	0	1	1	1	0	1	-163.0	0.093	0.282	NaN	NaN	0.221	0.627	NaN	NaN	6.63	21.945	NaN	NaN	0.0	"2.5"	"F0034"	1	0	"PR"	563.121	"reverse"	65.108	1	1	0	1004.716	0.0	1108.133	null	1671.873	0.084
-12.5	0.0429	28500.0	2784.375	2278.125	NaN	NaN	NaN	0	0	0	0	0	1	1	0	0	0	0	0	1	0	0	0	0	1	1	0	1	1	1	0	1	-150.0	0.093	0.286	NaN	NaN	0.221	0.636	NaN	NaN	6.63	22.26	NaN	NaN	0.0	"2.5"	"F0034"	1	0	"PR"	573.156	"reverse"	75.143	1	1	0	1004.716	0.0	1108.133	null	1681.908	0.083
-11.8	0.044	29812.5	2812.5	2240.625	NaN	NaN	NaN	0	0	0	0	0	1	1	0	0	0	0	0	1	0	0	0	0	1	1	0	1	1	1	0	1	-142.0	0.096	0.282	NaN	NaN	0.229	0.627	NaN	NaN	6.87	21.945	NaN	NaN	0.0	"2.5"	"F0034"	1	0	"PR"	583.188	"reverse"	85.175	1	1	0	1004.716	0.0	1108.133	null	1691.94	0.084
-11.5	0.04565	30000.0	2784.375	2240.625	NaN	NaN	NaN	0	0	0	0	0	1	1	0	0	0	0	0	1	0	0	0	0	1	1	0	1	1	1	0	1	-138.0	0.093	0.282	NaN	NaN	0.221	0.627	NaN	NaN	6.63	21.945	NaN	NaN	0.0	"2.5"	"F0034"	1	0	"PR"	593.224	"reverse"	95.211	1	1	0	1004.716	0.0	1108.133	null	1701.976	0.088
-12.7	0.045925	30000.0	2793.75	2240.625	NaN	NaN	NaN	0	0	0	0	0	1	1	0	0	0	0	0	1	0	0	0	0	1	1	0	1	1	1	0	1	-152.0	0.094	0.282	NaN	NaN	0.224	0.627	NaN	NaN	6.72	21.945	NaN	NaN	0.0	"2.5"	"F0034"	1	0	"PR"	603.261	"reverse"	105.248	1	1	0	1004.716	0.0	1108.133	null	1712.013	0.086
-12.3	0.047575	29625.0	2775.0	2221.875	NaN	NaN	NaN	0	0	0	0	0	1	1	0	0	0	0	0	1	0	0	0	0	1	1	0	1	1	1	0	1	-148.0	0.093	0.28	NaN	NaN	0.221	0.622	NaN	NaN	6.63	21.77	NaN	NaN	0.0	"2.5"	"F0034"	1	0	"PR"	613.293	"reverse"	115.28	1	1	0	1004.716	0.0	1108.133	null	1722.045	0.086
-12.0	0.0484	29812.5	2803.125	2240.625	NaN	NaN	NaN	0	0	0	0	0	1	1	0	0	0	0	0	1	0	0	0	0	1	1	0	1	1	1	0	1	-144.0	0.095	0.282	NaN	NaN	0.226	0.627	NaN	NaN	6.78	21.945	NaN	NaN	0.0	"2.5"	"F0034"	1	0	"PR"	623.327	"reverse"	125.314	1	1	0	1004.716	0.0	1108.133	null	1732.079	0.088
-12.1	0.0484	30562.5	2784.375	2184.375	NaN	NaN	NaN	0	0	0	0	0	1	1	0	0	0	0	0	1	0	0	0	0	1	1	0	1	1	1	0	1	-145.0	0.093	0.276	NaN	NaN	0.221	0.613	NaN	NaN	6.63	21.455	NaN	NaN	0.0	"2.5"	"F0034"	1	0	"PR"	633.364	"reverse"	135.351	1	1	0	1004.716	0.0	1108.133	null	1742.116	0.086
-11.7	0.04895	30000.0	2746.875	2231.25	NaN	NaN	NaN	0	0	0	0	0	1	1	0	0	0	0	0	1	0	0	0	0	1	1	0	1	1	1	0	1	-140.0	0.09	0.281	NaN	NaN	0.214	0.624	NaN	NaN	6.42	21.84	NaN	NaN	0.0	"2.5"	"F0034"	1	0	"PR"	643.201	"reverse"	145.188	1	1	0	1004.716	0.0	1108.133	null	1751.953	0.088
0.1	0.049775	1125.0	2971.875	2250.0	NaN	NaN	NaN	0	0	0	0	0	0	0	0	0	0	0	0	0	0	0	0	0	0	0	0	1	0	0	0	1	1.0	0.112	0.283	NaN	NaN	0.267	0.629	NaN	NaN	8.01	22.015	NaN	NaN	0.0	"2.5"	"F0034"	0	0	"PR"	653.329	"diffuse"	5.312	1	1	1	1004.716	0.0	1108.133	null	1762.081	0.085
-0.6	0.0495	2812.5	2953.125	2259.375	NaN	NaN	NaN	0	0	0	0	0	0	0	0	0	0	0	0	0	0	0	0	0	0	0	0	1	0	0	0	1	-7.0	0.11	0.284	NaN	NaN	0.262	0.631	NaN	NaN	7.86	22.085	NaN	NaN	0.0	"2.5"	"F0034"	0	0	"PR"	663.36	"diffuse"	15.343	1	1	1	1004.716	0.0	1108.133	null	1772.112	0.084
-0.1	0.04895	1875.0	2934.375	2240.625	NaN	NaN	NaN	0	0	0	0	0	0	0	0	0	0	0	0	0	0	0	0	0	0	0	0	1	0	0	0	1	-1.0	0.108	0.282	NaN	NaN	0.257	0.627	NaN	NaN	7.71	21.945	NaN	NaN	0.0	"2.5"	"F0034"	0	0	"PR"	673.399	"diffuse"	25.382	1	1	1	1004.716	0.0	1108.133	null	1782.151	0.083
-11.4	0.04895	30000.0	2784.375	2240.625	NaN	NaN	NaN	0	0	0	0	0	1	1	0	0	0	0	0	1	0	0	0	0	1	1	0	1	1	1	0	1	-137.0	0.093	0.282	NaN	NaN	0.221	0.627	NaN	NaN	6.63	21.945	NaN	NaN	0.0	"2.5"	"F0034"	1	0	"PR"	683.324	"wash-en"	5.109	1	1	1	1004.716	0.0	1108.133	null	1792.076	0.088
-12.7	0.050325	28312.5	2765.625	2240.625	NaN	NaN	NaN	0	0	0	0	0	1	1	0	0	0	0	0	1	0	0	0	0	1	1	0	1	1	1	0	1	-152.0	0.092	0.282	NaN	NaN	0.219	0.627	NaN	NaN	6.57	21.945	NaN	NaN	0.0	"2.5"	"F0034"	1	0	"PR"	693.359	"wash-en"	15.144	1	1	1	1004.716	0.0	1108.133	null	1802.111	0.09
0.3	0.0506	30000.0	2803.125	2259.375	NaN	NaN	NaN	0	0	0	0	0	1	1	0	0	0	0	0	1	0	0	0	0	0	0	0	1	0	0	0	1	4.0	0.095	0.284	NaN	NaN	0.226	0.631	NaN	NaN	6.78	22.085	NaN	NaN	0.0	"2.5"	"F0034"	0	0	"PR"	703.283	"wash-sc"	4.908	1	1	1	1004.716	0.0	1108.133	null	1812.035	0.09
0.2	0.0506	1687.5	2953.125	2250.0	NaN	NaN	NaN	0	0	0	0	0	0	0	0	0	0	0	0	0	0	0	0	0	0	0	0	1	0	0	0	1	2.0	0.11	0.283	NaN	NaN	0.262	0.629	NaN	NaN	7.86	22.015	NaN	NaN	0.0	"2.5"	"F0034"	0	0	"PR"	713.319	"diffuse"	4.818	1	1	2	1004.716	0.0	1108.133	null	1822.071	0.089
-0.1	0.050875	937.5	2943.75	2250.0	NaN	NaN	NaN	0	0	0	0	0	0	0	0	0	0	0	0	0	0	0	0	0	0	0	0	1	0	0	0	1	-1.0	0.109	0.283	NaN	NaN	0.26	0.629	NaN	NaN	7.8	22.015	NaN	NaN	0.0	"2.5"	"F0034"	0	0	"PR"	723.355	"diffuse"	14.854	1	1	2	1004.716	0.0	1108.133	null	1832.107	0.087
-0.1	0.050325	1312.5	2953.125	2250.0	NaN	NaN	NaN	0	0	0	0	0	0	0	0	0	0	0	0	0	0	0	0	0	0	0	0	1	0	0	0	1	-1.0	0.11	0.283	NaN	NaN	0.262	0.629	NaN	NaN	7.86	22.015	NaN	NaN	0.0	"2.5"	"F0034"	0	0	"PR"	733.389	"diffuse"	24.888	1	1	2	1004.716	0.0	1108.133	null	1842.141	0.087
-12.7	0.049775	29812.5	2756.25	2240.625	NaN	NaN	NaN	0	0	0	0	0	1	1	0	0	0	0	0	1	0	0	0	0	1	1	0	1	1	1	0	1	-152.0	0.091	0.282	NaN	NaN	0.217	0.627	NaN	NaN	6.51	21.945	NaN	NaN	0.0	"2.5"	"F0034"	1	0	"PR"	743.311	"wash-en"	4.703	1	1	2	1004.716	0.0	1108.133	null	1852.063	0.087
-11.9	0.0506	29062.5	2803.125	2240.625	NaN	NaN	NaN	0	0	0	0	0	1	1	0	0	0	0	0	1	0	0	0	0	1	1	0	1	1	1	0	1	-143.0	0.095	0.282	NaN	NaN	0.226	0.627	NaN	NaN	6.78	21.945	NaN	NaN	0.0	"2.5"	"F0034"	1	0	"PR"	753.351	"wash-en"	14.743	1	1	2	1004.716	0.0	1108.133	null	1862.103	0.09
0.7	0.050875	28875.0	2812.5	2240.625	NaN	NaN	NaN	0	0	0	0	0	1	1	0	0	0	0	0	1	0	0	0	0	0	0	0	1	0	0	0	1	8.0	0.096	0.282	NaN	NaN	0.229	0.627	NaN	NaN	6.87	21.945	NaN	NaN	0.0	"2.5"	"F0034"	0	0	"PR"	763.474	"wash-sc"	4.705	1	1	2	1004.716	0.0	1108.133	null	1872.226	0.09
0.6	0.050875	937.5	2934.375	2250.0	NaN	NaN	NaN	0	0	0	0	0	0	0	0	0	0	0	0	0	0	0	0	0	0	0	0	1	0	0	0	1	7.0	0.108	0.283	NaN	NaN	0.257	0.629	NaN	NaN	7.71	22.015	NaN	NaN	0.0	"2.5"	"F0034"	0	0	"PR"	773.509	"diffuse"	4.616	1	1	3	1004.716	0.0	1108.133	null	1882.261	0.091
0.2	0.050875	1500.0	2953.125	2259.375	NaN	NaN	NaN	0	0	0	0	0	0	0	0	0	0	0	0	0	0	0	0	0	0	0	0	1	0	0	0	1	2.0	0.11	0.284	NaN	NaN	0.262	0.631	NaN	NaN	7.86	22.085	NaN	NaN	0.0	"2.5"	"F0034"	0	0	"PR"	783.546	"diffuse"	14.653	1	1	3	1004.716	0.0	1108.133	null	1892.298	0.086
0.3	0.050875	2812.5	2943.75	2250.0	NaN	NaN	NaN	0	0	0	0	0	0	0	0	0	0	0	0	0	0	0	0	0	0	0	0	1	0	0	0	1	4.0	0.109	0.283	NaN	NaN	0.26	0.629	NaN	NaN	7.8	22.015	NaN	NaN	0.0	"2.5"	"F0034"	0	0	"PR"	793.384	"diffuse"	24.491	1	1	3	1004.716	0.0	1108.133	null	1902.136	0.09
-11.7	0.05005	29250.0	2756.25	2240.625	NaN	NaN	NaN	0	0	0	0	0	1	1	0	0	0	0	0	1	0	0	0	0	1	1	0	1	1	1	0	1	-140.0	0.091	0.282	NaN	NaN	0.217	0.627	NaN	NaN	6.51	21.945	NaN	NaN	0.0	"2.5"	"F0034"	1	0	"PR"	803.512	"wash-en"	4.508	1	1	3	1004.716	0.0	1108.133	null	1912.264	0.09
-11.9	0.0506	29625.0	2803.125	2250.0	NaN	NaN	NaN	0	0	0	0	0	1	1	0	0	0	0	0	1	0	0	0	0	1	1	0	1	1	1	0	1	-143.0	0.095	0.283	NaN	NaN	0.226	0.629	NaN	NaN	6.78	22.015	NaN	NaN	0.0	"2.5"	"F0034"	1	0	"PR"	813.549	"wash-en"	14.545	1	1	3	1004.716	0.0	1108.133	null	1922.301	0.087
1.6	0.0506	29437.5	2784.375	2240.625	NaN	NaN	NaN	0	0	0	0	0	1	1	0	0	0	0	0	1	0	0	0	0	0	0	0	1	0	0	0	1	19.0	0.093	0.282	NaN	NaN	0.221	0.627	NaN	NaN	6.63	21.945	NaN	NaN	0.0	"2.5"	"F0034"	0	0	"PR"	823.474	"wash-sc"	4.305	1	1	3	1004.716	0.0	1108.133	null	1932.226	0.09
0.6	0.0506	1125.0	2934.375	2240.625	NaN	NaN	NaN	0	0	0	0	0	0	0	0	0	0	0	0	0	0	0	0	0	0	0	0	1	0	0	0	1	7.0	0.108	0.282	NaN	NaN	0.257	0.627	NaN	NaN	7.71	21.945	NaN	NaN	0.0	"2.5"	"F0034"	0	0	"PR"	833.51	"diffuse"	4.215	1	1	4	1004.716	0.0	1108.133	null	1942.262	0.09
0.7	0.0506	1125.0	2943.75	2250.0	NaN	NaN	NaN	0	0	0	0	0	0	0	0	0	0	0	0	0	0	0	0	0	0	0	0	1	0	0	0	1	8.0	0.109	0.283	NaN	NaN	0.26	0.629	NaN	NaN	7.8	22.015	NaN	NaN	0.0	"2.5"	"F0034"	0	0	"PR"	843.551	"diffuse"	14.256	1	1	4	1004.716	0.0	1108.133	null	1952.303	0.089
0.1	0.050875	1500.0	2943.75	2250.0	NaN	NaN	NaN	0	0	0	0	0	0	0	0	0	0	0	0	0	0	0	0	0	0	0	0	1	0	0	0	1	1.0	0.109	0.283	NaN	NaN	0.26	0.629	NaN	NaN	7.8	22.015	NaN	NaN	0.0	"2.5"	"F0034"	0	0	"PR"	853.589	"diffuse"	24.294	1	1	4	1004.716	0.0	1108.133	null	1962.341	0.09
-12.0	0.05005	26625.0	2746.875	2250.0	NaN	NaN	NaN	0	0	0	0	0	1	1	0	0	0	0	0	1	0	0	0	0	1	1	0	1	1	1	0	1	-144.0	0.09	0.283	NaN	NaN	0.214	0.629	NaN	NaN	6.42	22.015	NaN	NaN	0.0	"2.5"	"F0034"	1	0	"PR"	863.515	"wash-en"	4.105	1	1	4	1004.716	0.0	1108.133	null	1972.267	0.09
-12.3	0.05005	29250.0	2803.125	2240.625	NaN	NaN	NaN	0	0	0	0	0	1	1	0	0	0	0	0	1	0	0	0	0	1	1	0	1	1	1	0	1	-148.0	0.095	0.282	NaN	NaN	0.226	0.627	NaN	NaN	6.78	21.945	NaN	NaN	0.0	"2.5"	"F0034"	1	0	"PR"	873.554	"wash-en"	14.144	1	1	4	1004.716	0.0	1108.133	null	1982.306	0.09
1.7	0.050325	31125.0	2784.375	2250.0	NaN	NaN	NaN	0	0	0	0	0	1	1	0	0	0	0	0	1	0	0	0	0	0	0	0	1	0	0	0	1	20.0	0.093	0.283	NaN	NaN	0.221	0.629	NaN	NaN	6.63	22.015	NaN	NaN	0.0	"2.5"	"F0034"	0	0	"PR"	883.481	"wash-sc"	3.906	1	1	4	1004.716	0.0	1108.133	null	1992.233	0.085
1.1	0.05005	-750.0	2653.125	2259.375	NaN	NaN	NaN	0	0	0	0	1	0	0	0	0	0	0	0	0	0	0	0	0	0	0	0	1	0	0	0	1	13.0	0.08	0.284	NaN	NaN	0.19	0.631	NaN	NaN	5.7	22.085	NaN	NaN	0.0	"2.5"	"F0034"	0	0	"PR"	893.515	"drain-rg"	3.814	1	1	4	1004.716	0.0	1108.133	null	2002.267	0.086
0.9	0.0506	-562.5	2250.0	2259.375	NaN	NaN	NaN	0	0	0	0	1	0	0	0	0	0	0	0	0	0	0	0	0	0	0	0	1	0	0	0	1	11.0	0.04	0.284	NaN	NaN	0.095	0.631	NaN	NaN	2.85	22.085	NaN	NaN	0.0	"2.5"	"F0034"	0	0	"PR"	903.554	"drain-rg"	13.853	1	1	4	1004.716	0.0	1108.133	null	2012.306	0.086
1.3	0.050875	-375.0	1940.625	2250.0	NaN	NaN	NaN	0	0	0	0	1	0	0	0	0	0	0	0	0	0	0	0	0	0	0	0	1	0	0	0	1	16.0	0.009	0.283	NaN	NaN	0.021	0.629	NaN	NaN	0.63	22.015	NaN	NaN	0.0	"2.5"	"F0034"	0	0	"PR"	913.589	"drain-rg"	23.888	1	1	4	1004.716	0.0	1108.133	null	2022.341	0.086
0.4	0.050325	-562.5	1350.0	2250.0	NaN	NaN	NaN	0	0	0	0	1	0	0	0	0	0	0	0	0	0	0	0	0	0	0	0	1	0	0	0	1	5.0	-0.05	0.283	NaN	NaN	-0.119	0.629	NaN	NaN	-3.57	22.015	NaN	NaN	0.0	"2.5"	"F0034"	0	0	"PR"	923.631	"drip-rg"	8.034	1	1	4	1004.716	0.0	1108.133	null	2032.383	0.092
1.1	0.0506	26812.5	1471.875	2221.875	NaN	NaN	NaN	0	0	1	0	0	1	0	0	0	0	0	0	1	0	0	0	0	0	0	0	1	0	0	0	1	13.0	-0.038	0.28	NaN	NaN	-0.09	0.622	NaN	NaN	-2.7	21.77	NaN	NaN	0.0	"2.5"	"F0034"	0	0	"FR"	2.228	"fill-rg-di"	2.028	2	1	0	2039.608	0.0	1108.133	null	2042.461	0.09
1.3	0.05005	29812.5	1996.875	1968.75	NaN	NaN	NaN	0	0	1	0	0	1	0	0	0	0	0	0	1	0	0	0	0	0	0	0	1	0	0	0	1	16.0	0.015	0.255	NaN	NaN	0.036	0.567	NaN	NaN	1.08	19.845	NaN	NaN	0.0	"2.5"	"F0034"	0	0	"FR"	12.066	"fill-rg-di"	11.866	2	1	0	2039.608	0.0	1108.133	null	2052.299	0.087
1.0	0.048125	30000.0	2325.0	1734.375	NaN	NaN	NaN	0	0	1	0	0	1	0	0	0	0	0	0	1	0	0	0	0	0	0	0	1	0	0	0	1	12.0	0.048	0.231	NaN	NaN	0.114	0.513	NaN	NaN	3.42	17.955	NaN	NaN	0.0	"2.5"	"F0034"	0	0	"FR"	22.097	"fill-rg-di"	21.897	2	1	0	2039.608	0.0	1108.133	null	2062.33	0.083
0.8	0.046475	30187.5	2653.125	1462.5	NaN	NaN	NaN	0	0	1	0	0	1	0	0	0	0	0	0	1	0	0	0	0	0	0	0	1	0	0	0	1	10.0	0.08	0.204	NaN	NaN	0.19	0.453	NaN	NaN	5.7	15.855	NaN	NaN	0.0	"2.5"	"F0034"	0	0	"FR"	32.14	"fill-rg-di"	31.94	2	1	0	2039.608	0.0	1108.133	null	2072.373	0.084
0.6	0.0451	28875.0	2934.375	1200.0	NaN	NaN	NaN	0	0	1	0	0	1	0	0	0	0	0	0	1	0	0	0	0	0	0	0	1	0	0	0	1	7.0	0.108	0.178	NaN	NaN	0.257	0.396	NaN	NaN	7.71	13.86	NaN	NaN	0.0	"2.5"	"F0034"	0	0	"FR"	42.173	"fill-rg-di"	41.973	2	1	0	2039.608	0.0	1108.133	null	2082.406	0.086
0.4	0.04345	30000.0	3253.125	956.25	NaN	NaN	NaN	0	0	1	0	0	1	0	0	0	0	0	0	1	0	0	0	0	0	0	0	1	0	0	0	1	5.0	0.14	0.154	NaN	NaN	0.333	0.342	NaN	NaN	9.99	11.97	NaN	NaN	0.0	"2.5"	"F0034"	0	0	"FR"	52.206	"fill-rg-di"	52.006	2	1	0	2039.608	0.0	1108.133	null	2092.439	0.086
0.6	0.044	1125.0	2728.125	928.125	NaN	NaN	NaN	0	0	0	0	1	0	0	0	0	0	0	0	0	0	0	0	0	0	0	0	1	0	0	0	1	7.0	0.088	0.151	NaN	NaN	0.21	0.336	NaN	NaN	6.3	11.76	NaN	NaN	0.0	"2.5"	"F0034"	0	0	"FR"	62.241	"drain-rg"	9.032	2	1	0	2039.608	0.0	1108.133	null	2102.474	0.087
1.0	0.043725	2625.0	2390.625	956.25	NaN	NaN	NaN	0	0	0	0	1	0	0	0	0	0	0	0	0	0	0	0	0	0	0	0	1	0	0	0	1	12.0	0.054	0.154	NaN	NaN	0.129	0.342	NaN	NaN	3.87	11.97	NaN	NaN	0.0	"2.5"	"F0034"	0	0	"FR"	72.276	"drain-rg"	19.067	2	1	0	2039.608	0.0	1108.133	null	2112.509	0.086
0.7	0.044	1875.0	2081.25	937.5	NaN	NaN	NaN	0	0	0	0	1	0	0	0	0	0	0	0	0	0	0	0	0	0	0	0	1	0	0	0	1	8.0	0.023	0.152	NaN	NaN	0.055	0.338	NaN	NaN	1.65	11.83	NaN	NaN	0.0	"2.5"	"F0034"	0	0	"FR"	82.314	"drain-rg"	29.105	2	1	0	2039.608	0.0	1108.133	null	2122.547	0.09
0.7	0.044	1687.5	1650.0	928.125	NaN	NaN	NaN	0	0	0	0	1	0	0	0	0	0	0	0	0	0	0	0	0	0	0	0	1	0	0	0	1	8.0	-0.02	0.151	NaN	NaN	-0.048	0.336	NaN	NaN	-1.44	11.76	NaN	NaN	0.0	"2.5"	"F0034"	0	0	"FR"	92.149	"drip-rg"	4.216	2	1	0	2039.608	0.0	1108.133	null	2132.382	0.088
0.4	0.044	2250.0	9.375	956.25	NaN	NaN	NaN	0	0	0	0	1	0	0	0	0	0	0	0	0	0	0	0	0	0	0	0	1	0	0	0	1	5.0	-0.184	0.154	NaN	NaN	-0.438	0.342	NaN	NaN	-13.14	11.97	NaN	NaN	0.0	"2.5"	"F0034"	0	0	"FR"	102.183	"drip-rg"	14.25	2	1	0	2039.608	0.0	1108.133	null	2142.416	0.083
0.5	0.044	26062.5	1846.875	750.0	NaN	NaN	NaN	0	0	1	0	0	1	0	0	0	0	0	0	1	0	0	0	0	0	0	0	1	0	0	0	1	6.0	-0.0	0.133	NaN	NaN	-0.0	0.296	NaN	NaN	-0.0	10.36	NaN	NaN	0.0	"2.5"	"F0034"	0	0	"PR"	8.446	"fill-rg-di"	8.245	2	0	0	2039.608	0.0	2143.419	null	2152.487	0.089
0.6	0.0429	28312.5	2203.125	487.5	NaN	NaN	NaN	0	0	1	0	0	1	0	0	0	0	0	0	1	0	0	0	0	0	0	0	1	0	0	0	1	7.0	0.035	0.107	NaN	NaN	0.083	0.238	NaN	NaN	2.49	8.33	NaN	NaN	0.0	"2.5"	"F0034"	0	0	"PR"	18.479	"fill-rg-di"	18.278	2	0	0	2039.608	0.0	2143.419	null	2162.52	0.087
0.5	0.042075	30937.5	2521.875	215.625	NaN	NaN	NaN	0	0	1	0	0	1	0	0	0	0	0	0	1	0	0	0	0	0	0	0	1	0	0	0	1	6.0	0.067	0.08	NaN	NaN	0.16	0.178	NaN	NaN	4.8	6.23	NaN	NaN	0.0	"2.5"	"F0034"	0	0	"PR"	28.51	"fill-rg-di"	28.309	2	0	0	2039.608	0.0	2143.419	null	2172.551	0.086
0.5	0.04125	3375.0	2728.125	168.75	NaN	NaN	NaN	1	0	0	0	0	0	0	0	0	0	0	0	0	1	0	0	0	0	0	0	1	0	0	0	1	6.0	0.088	0.075	NaN	NaN	0.21	0.167	NaN	NaN	6.3	5.845	NaN	NaN	0.0	"2.5"	"F0034"	0	0	"PR"	38.55	"fill-di-lb"	3.412	2	0	0	2039.608	0.0	2143.419	null	2182.591	0.088
-0.4	0.041525	2812.5	2709.375	450.0	NaN	NaN	NaN	1	0	0	0	0	0	0	0	0	0	0	0	0	1	0	0	0	0	0	0	1	0	0	0	1	-5.0	0.086	0.103	NaN	NaN	0.205	0.229	NaN	NaN	6.15	8.015	NaN	NaN	0.0	"2.5"	"F0034"	0	0	"PR"	48.589	"fill-di-lb"	13.451	2	0	0	2039.608	0.0	2143.419	null	2192.63	0.083
1.0	0.04125	1312.5	2728.125	759.375	NaN	NaN	NaN	1	0	0	0	0	0	0	0	0	0	0	0	0	1	0	0	0	0	0	0	1	0	0	0	1	12.0	0.088	0.134	NaN	NaN	0.21	0.298	NaN	NaN	6.3	10.43	NaN	NaN	0.0	"2.5"	"F0034"	0	0	"PR"	58.426	"fill-di-lb"	23.288	2	0	0	2039.608	0.0	2143.419	null	2202.467	0.083
0.9	0.041525	2250.0	2737.5	1031.25	NaN	NaN	NaN	1	0	0	0	0	0	0	0	0	0	0	0	0	1	0	0	0	0	0	0	1	0	0	0	1	11.0	0.089	0.161	NaN	NaN	0.212	0.358	NaN	NaN	6.36	12.53	NaN	NaN	0.0	"2.5"	"F0034"	0	0	"PR"	68.463	"fill-di-lb"	33.325	2	0	0	2039.608	0.0	2143.419	null	2212.504	0.084
0.2	0.041525	2625.0	2709.375	1340.625	NaN	NaN	NaN	1	0	0	0	0	0	0	0	0	0	0	0	0	1	0	0	0	0	0	0	1	0	0	0	1	2.0	0.086	0.192	NaN	NaN	0.205	0.427	NaN	NaN	6.15	14.945	NaN	NaN	0.0	"2.5"	"F0034"	0	0	"PR"	78.5	"fill-di-lb"	43.362	2	0	0	2039.608	0.0	2143.419	null	2222.541	0.083
0.8	0.040975	1875.0	2728.125	1612.5	NaN	NaN	NaN	1	0	0	0	0	0	0	0	0	0	0	0	0	1	0	0	0	0	0	0	1	0	0	0	1	10.0	0.088	0.219	NaN	NaN	0.21	0.487	NaN	NaN	6.3	17.045	NaN	NaN	0.0	"2.5"	"F0034"	0	0	"PR"	88.54	"fill-di-lb"	53.402	2	0	0	2039.608	0.0	2143.419	null	2232.581	0.085
0.5	0.040975	3187.5	2737.5	1912.5	NaN	NaN	NaN	1	0	0	0	0	0	0	0	0	0	0	0	0	1	0	0	0	0	0	0	1	0	0	0	1	6.0	0.089	0.249	NaN	NaN	0.212	0.553	NaN	NaN	6.36	19.355	NaN	NaN	0.0	"2.5"	"F0034"	0	0	"PR"	98.573	"fill-di-lb"	63.435	2	0	0	2039.608	0.0	2143.419	null	2242.614	0.087
0.4	0.040425	1875.0	2718.75	2203.125	NaN	NaN	NaN	1	0	0	0	0	0	0	0	0	0	0	0	0	1	0	0	0	0	0	0	1	0	0	0	1	5.0	0.087	0.278	NaN	NaN	0.207	0.618	NaN	NaN	6.21	21.63	NaN	NaN	0.0	"2.5"	"F0034"	0	0	"PR"	108.607	"fill-di-lb"	73.469	2	0	0	2039.608	0.0	2143.419	null	2252.648	0.083
0.0	0.041525	30000.0	2981.25	2090.625	NaN	NaN	NaN	0	0	1	0	0	1	0	0	0	0	0	0	1	0	0	0	0	0	0	0	1	0	0	0	1	0.0	0.113	0.267	NaN	NaN	0.269	0.593	NaN	NaN	8.07	20.755	NaN	NaN	0.0	"2.5"	"F0034"	0	0	"PR"	118.647	"fill-rg-di"	7.832	2	0	0	2039.608	0.0	2143.419	null	2262.688	0.086
-11.9	0.040425	33187.5	2962.5	2587.5	NaN	NaN	NaN	0	1	1	0	0	0	0	0	0	0	0	0	1	0	0	0	0	1	1	0	1	1	1	0	1	-143.0	0.111	0.317	NaN	NaN	0.264	0.704	NaN	NaN	7.92	24.64	NaN	NaN	0.0	"2.5"	"F0034"	1	0	"PR"	128.692	"deionize"	4.025	2	1	0	2039.608	0.0	2143.419	null	2272.733	0.087
-11.9	0.0407	32062.5	2981.25	2550.0	NaN	NaN	NaN	0	1	1	0	0	0	0	0	0	0	0	0	1	0	0	0	0	1	1	0	1	1	1	0	1	-143.0	0.113	0.313	NaN	NaN	0.269	0.696	NaN	NaN	8.07	24.36	NaN	NaN	0.0	"2.5"	"F0034"	1	0	"PR"	138.523	"deionize"	13.856	2	1	0	2039.608	0.0	2143.419	null	2282.564	0.084
-10.1	0.04015	32250.0	2943.75	2596.875	NaN	NaN	NaN	0	1	1	0	0	0	0	0	0	0	0	0	1	0	0	0	0	1	1	0	1	1	1	0	1	-121.0	0.109	0.318	NaN	NaN	0.26	0.707	NaN	NaN	7.8	24.745	NaN	NaN	0.0	"2.5"	"F0034"	1	0	"PR"	148.563	"deionize"	23.896	2	1	0	2039.608	0.0	2143.419	null	2292.604	0.084
-11.0	0.039875	34687.5	2934.375	2587.5	NaN	NaN	NaN	0	1	1	0	0	0	0	0	0	0	0	0	1	0	0	0	0	1	1	0	1	1	1	0	1	-132.0	0.108	0.317	NaN	NaN	0.257	0.704	NaN	NaN	7.71	24.64	NaN	NaN	0.0	"2.5"	"F0034"	1	0	"PR"	158.6	"deionize"	33.933	2	1	0	2039.608	0.0	2143.419	null	2302.641	0.084
-11.3	0.039325	33937.5	2953.125	2606.25	NaN	NaN	NaN	0	1	1	0	0	0	0	0	0	0	0	0	1	0	0	0	0	1	1	0	1	1	1	0	1	-136.0	0.11	0.319	NaN	NaN	0.262	0.709	NaN	NaN	7.86	24.815	NaN	NaN	0.0	"2.5"	"F0034"	1	0	"PR"	168.637	"deionize"	43.97	2	1	0	2039.608	0.0	2143.419	null	2312.678	0.089
-11.3	0.039325	34687.5	2934.375	2578.125	NaN	NaN	NaN	0	1	1	0	0	0	0	0	0	0	0	0	1	0	0	0	0	1	1	0	1	1	1	0	1	-136.0	0.108	0.316	NaN	NaN	0.257	0.702	NaN	NaN	7.71	24.57	NaN	NaN	0.0	"2.5"	"F0034"	1	0	"PR"	178.674	"deionize"	54.007	2	1	0	2039.608	0.0	2143.419	null	2322.715	0.087
-11.8	0.0385	32437.5	2934.375	2587.5	NaN	NaN	NaN	0	1	1	0	0	0	0	0	0	0	0	0	1	0	0	0	0	1	1	0	1	1	1	0	1	-142.0	0.108	0.317	NaN	NaN	0.257	0.704	NaN	NaN	7.71	24.64	NaN	NaN	0.0	"2.5"	"F0034"	1	0	"PR"	188.707	"deionize"	64.04	2	1	0	2039.608	0.0	2143.419	null	2332.748	0.084
-11.5	0.03795	31875.0	2962.5	2653.125	NaN	NaN	NaN	0	1	1	0	0	0	0	0	0	0	0	0	1	0	0	0	0	1	1	0	1	1	1	0	1	-138.0	0.111	0.323	NaN	NaN	0.264	0.718	NaN	NaN	7.92	25.13	NaN	NaN	0.0	"2.5"	"F0034"	1	0	"PR"	198.746	"deionize"	74.079	2	1	0	2039.608	0.0	2143.419	null	2342.787	0.086
-11.9	0.037125	34312.5	2934.375	2550.0	NaN	NaN	NaN	0	1	1	0	0	0	0	0	0	0	0	0	1	0	0	0	0	1	1	0	1	1	1	0	1	-143.0	0.108	0.313	NaN	NaN	0.257	0.696	NaN	NaN	7.71	24.36	NaN	NaN	0.0	"2.5"	"F0034"	1	0	"PR"	208.781	"deionize"	84.114	2	1	0	2039.608	0.0	2143.419	null	2352.822	0.084
-11.8	0.0363	33000.0	2943.75	2559.375	NaN	NaN	NaN	0	1	1	0	0	0	0	0	0	0	0	0	1	0	0	0	0	1	1	0	1	1	1	0	1	-142.0	0.109	0.314	NaN	NaN	0.26	0.698	NaN	NaN	7.8	24.43	NaN	NaN	0.0	"2.5"	"F0034"	1	0	"PR"	218.62	"deionize"	93.953	2	1	0	2039.608	0.0	2143.419	null	2362.661	0.087
-11.8	0.036575	32437.5	2971.875	2568.75	NaN	NaN	NaN	0	1	1	0	0	0	0	0	0	0	0	0	1	0	0	0	0	1	1	0	1	1	1	0	1	-142.0	0.112	0.315	NaN	NaN	0.267	0.7	NaN	NaN	8.01	24.5	NaN	NaN	0.0	"2.5"	"F0034"	1	0	"PR"	228.663	"deionize"	103.996	2	1	0	2039.608	0.0	2143.419	null	2372.704	0.09
-11.7	0.035475	33000.0	2934.375	2568.75	NaN	NaN	NaN	0	1	1	0	0	0	0	0	0	0	0	0	1	0	0	0	0	1	1	0	1	1	1	0	1	-140.0	0.108	0.315	NaN	NaN	0.257	0.7	NaN	NaN	7.71	24.5	NaN	NaN	0.0	"2.5"	"F0034"	1	0	"PR"	238.701	"deionize"	114.034	2	1	0	2039.608	0.0	2143.419	null	2382.742	0.09
-11.9	0.0352	33562.5	2943.75	2521.875	NaN	NaN	NaN	0	1	1	0	0	0	0	0	0	0	0	0	1	0	0	0	0	1	1	0	1	1	1	0	1	-143.0	0.109	0.31	NaN	NaN	0.26	0.689	NaN	NaN	7.8	24.115	NaN	NaN	0.0	"2.5"	"F0034"	1	0	"PR"	248.739	"deionize"	124.072	2	1	0	2039.608	0.0	2143.419	null	2392.78	0.088
-12.4	0.0352	33000.0	2943.75	2559.375	NaN	NaN	NaN	0	1	1	0	0	0	0	0	0	0	0	0	1	0	0	0	0	1	1	0	1	1	1	0	1	-149.0	0.109	0.314	NaN	NaN	0.26	0.698	NaN	NaN	7.8	24.43	NaN	NaN	0.0	"2.5"	"F0034"	1	0	"PR"	258.774	"deionize"	134.107	2	1	0	2039.608	0.0	2143.419	null	2402.815	0.084
-12.3	0.03465	34312.5	2962.5	2540.625	NaN	NaN	NaN	0	1	1	0	0	0	0	0	0	0	0	0	1	0	0	0	0	1	1	0	1	1	1	0	1	-148.0	0.111	0.312	NaN	NaN	0.264	0.693	NaN	NaN	7.92	24.255	NaN	NaN	0.0	"2.5"	"F0034"	1	0	"PR"	268.81	"deionize"	144.143	2	1	0	2039.608	0.0	2143.419	null	2412.851	0.087
-11.9	0.033825	33937.5	2943.75	2587.5	NaN	NaN	NaN	0	1	1	0	0	0	0	0	0	0	0	0	1	0	0	0	0	1	1	0	1	1	1	0	1	-143.0	0.109	0.317	NaN	NaN	0.26	0.704	NaN	NaN	7.8	24.64	NaN	NaN	0.0	"2.5"	"F0034"	1	0	"PR"	278.849	"deionize"	154.182	2	1	0	2039.608	0.0	2143.419	null	2422.89	0.086
-11.9	0.03355	30937.5	2934.375	2587.5	NaN	NaN	NaN	0	1	1	0	0	0	0	0	0	0	0	0	1	0	0	0	0	1	1	0	1	1	1	0	1	-143.0	0.108	0.317	NaN	NaN	0.257	0.704	NaN	NaN	7.71	24.64	NaN	NaN	0.0	"2.5"	"F0034"	1	0	"PR"	288.685	"deionize"	164.018	2	1	0	2039.608	0.0	2143.419	null	2432.726	0.09
-11.8	0.03355	33375.0	2943.75	2540.625	NaN	NaN	NaN	0	1	1	0	0	0	0	0	0	0	0	0	1	0	0	0	0	1	1	0	1	1	1	0	1	-142.0	0.109	0.312	NaN	NaN	0.26	0.693	NaN	NaN	7.8	24.255	NaN	NaN	0.0	"2.5"	"F0034"	1	0	"PR"	298.72	"deionize"	174.053	2	1	0	2039.608	0.0	2143.419	null	2442.761	0.091
-11.7	0.032175	32812.5	2934.375	2559.375	NaN	NaN	NaN	0	1	1	0	0	0	0	0	0	0	0	0	1	0	0	0	0	1	1	0	1	1	1	0	1	-140.0	0.108	0.314	NaN	NaN	0.257	0.698	NaN	NaN	7.71	24.43	NaN	NaN	0.0	"2.5"	"F0034"	1	0	"PR"	308.761	"deionize"	184.094	2	1	0	2039.608	0.0	2143.419	null	2452.802	0.091
-11.3	0.033275	34687.5	2953.125	2596.875	NaN	NaN	NaN	0	1	1	0	0	0	0	0	0	0	0	0	1	0	0	0	0	1	1	0	1	1	1	0	1	-136.0	0.11	0.318	NaN	NaN	0.262	0.707	NaN	NaN	7.86	24.745	NaN	NaN	0.0	"2.5"	"F0034"	1	0	"PR"	318.795	"deionize"	194.128	2	1	0	2039.608	0.0	2143.419	null	2462.836	0.091
-11.3	0.0319	34875.0	2962.5	2606.25	NaN	NaN	NaN	0	1	1	0	0	0	0	0	0	0	0	0	1	0	0	0	0	1	1	0	1	1	1	0	1	-136.0	0.111	0.319	NaN	NaN	0.264	0.709	NaN	NaN	7.92	24.815	NaN	NaN	0.0	"2.5"	"F0034"	1	0	"PR"	328.83	"deionize"	204.163	2	1	0	2039.608	0.0	2143.419	null	2472.871	0.091
-10.6	0.03135	30750.0	2943.75	2625.0	NaN	NaN	NaN	0	1	1	0	0	0	0	0	0	0	0	0	1	0	0	0	0	1	1	0	1	1	1	0	1	-127.0	0.109	0.321	NaN	NaN	0.26	0.713	NaN	NaN	7.8	24.955	NaN	NaN	0.0	"2.5"	"F0034"	1	0	"PR"	338.867	"deionize"	214.2	2	1	0	2039.608	0.0	2143.419	null	2482.908	0.09
-11.0	0.03135	32812.5	2943.75	2550.0	NaN	NaN	NaN	0	1	1	0	0	0	0	0	0	0	0	0	1	0	0	0	0	1	1	0	1	1	1	0	1	-132.0	0.109	0.313	NaN	NaN	0.26	0.696	NaN	NaN	7.8	24.36	NaN	NaN	0.0	"2.5"	"F0034"	1	0	"PR"	348.902	"deionize"	224.235	2	1	0	2039.608	0.0	2143.419	null	2492.943	0.09
-10.1	0.030525	33000.0	2943.75	2606.25	NaN	NaN	NaN	0	1	1	0	0	0	0	0	0	0	0	0	1	0	0	0	0	1	1	0	1	1	1	0	1	-121.0	0.109	0.319	NaN	NaN	0.26	0.709	NaN	NaN	7.8	24.815	NaN	NaN	0.0	"2.5"	"F0034"	1	0	"PR"	358.745	"deionize"	234.078	2	1	0	2039.608	0.0	2143.419	null	2502.786	0.093
-10.3	0.03135	32250.0	2934.375	2596.875	NaN	NaN	NaN	0	1	1	0	0	0	0	0	0	0	0	0	1	0	0	0	1	1	1	0	1	1	1	0	1	-124.0	0.108	0.318	NaN	NaN	0.257	0.707	NaN	NaN	7.71	24.745	NaN	NaN	0.0	"2.5"	"F0034"	1	0	"PR"	368.886	"deionize-uv"	4.121	2	1	0	2039.608	0.0	2143.419	null	2512.927	0.087
-10.2	0.030525	31687.5	2962.5	2559.375	NaN	NaN	NaN	0	1	1	0	0	0	0	0	0	0	0	0	1	0	0	0	1	1	1	0	1	1	1	0	1	-122.0	0.111	0.314	NaN	NaN	0.264	0.698	NaN	NaN	7.92	24.43	NaN	NaN	0.0	"2.5"	"F0034"	1	0	"PR"	378.92	"deionize-uv"	14.155	2	1	0	2039.608	0.0	2143.419	null	2522.961	0.09
-9.8	0.03025	33000.0	2953.125	2521.875	NaN	NaN	NaN	0	1	1	0	0	0	0	0	0	0	0	0	1	0	0	0	1	1	1	0	1	1	1	0	1	-118.0	0.11	0.31	NaN	NaN	0.262	0.689	NaN	NaN	7.86	24.115	NaN	NaN	0.0	"2.5"	"F0034"	1	0	"PR"	388.959	"deionize-uv"	24.194	2	1	0	2039.608	0.0	2143.419	null	2533.0	0.087
-9.7	0.03025	34687.5	2953.125	2615.625	NaN	NaN	NaN	0	1	1	0	0	0	0	0	0	0	0	0	1	0	0	0	1	1	1	0	1	1	1	0	1	-116.0	0.11	0.32	NaN	NaN	0.262	0.711	NaN	NaN	7.86	24.885	NaN	NaN	0.0	"2.5"	"F0034"	1	0	"PR"	398.795	"deionize-uv"	34.03	2	1	0	2039.608	0.0	2143.419	null	2542.836	0.086
-10.3	0.0297	33937.5	2934.375	2578.125	NaN	NaN	NaN	0	1	1	0	0	0	0	0	0	0	0	0	1	0	0	0	1	1	1	0	1	1	1	0	1	-124.0	0.108	0.316	NaN	NaN	0.257	0.702	NaN	NaN	7.71	24.57	NaN	NaN	0.0	"2.5"	"F0034"	1	0	"PR"	408.83	"deionize-uv"	44.065	2	1	0	2039.608	0.0	2143.419	null	2552.871	0.095
-9.8	0.029425	34500.0	2943.75	2521.875	NaN	NaN	NaN	0	1	1	0	0	0	0	0	0	0	0	0	1	0	0	0	1	1	1	0	1	1	1	0	1	-118.0	0.109	0.31	NaN	NaN	0.26	0.689	NaN	NaN	7.8	24.115	NaN	NaN	0.0	"2.5"	"F0034"	1	0	"PR"	418.87	"deionize-uv"	54.105	2	1	0	2039.608	0.0	2143.419	null	2562.911	0.09
-9.8	0.028875	32812.5	2943.75	2643.75	NaN	NaN	NaN	0	1	1	0	0	0	0	0	0	0	0	0	1	0	0	0	1	1	1	0	1	1	1	0	1	-118.0	0.109	0.322	NaN	NaN	0.26	0.716	NaN	NaN	7.8	25.06	NaN	NaN	0.0	"2.5"	"F0034"	1	0	"PR"	428.905	"deionize-uv"	64.14	2	1	0	2039.608	0.0	2143.419	null	2572.946	0.09
-9.8	0.0286	32062.5	2962.5	2568.75	NaN	NaN	NaN	0	1	1	0	0	0	0	0	0	0	0	0	1	0	0	0	1	1	1	0	1	1	1	0	1	-118.0	0.111	0.315	NaN	NaN	0.264	0.7	NaN	NaN	7.92	24.5	NaN	NaN	0.0	"2.5"	"F0034"	1	0	"PR"	438.94	"deionize-uv"	74.175	2	1	0	2039.608	0.0	2143.419	null	2582.981	0.088
-9.8	0.02805	34687.5	2934.375	2578.125	NaN	NaN	NaN	0	1	1	0	0	0	0	0	0	0	0	0	1	0	0	0	1	1	1	0	1	1	1	0	1	-118.0	0.108	0.316	NaN	NaN	0.257	0.702	NaN	NaN	7.71	24.57	NaN	NaN	0.0	"2.5"	"F0034"	1	0	"PR"	448.974	"deionize-uv"	84.209	2	1	0	2039.608	0.0	2143.419	null	2593.015	0.09
-8.1	0.02805	34687.5	2953.125	2578.125	NaN	NaN	NaN	0	1	1	0	0	0	0	0	0	0	0	0	1	0	0	0	1	1	1	0	1	1	1	0	1	-97.0	0.11	0.316	NaN	NaN	0.262	0.702	NaN	NaN	7.86	24.57	NaN	NaN	0.0	"2.5"	"F0034"	1	0	"PR"	459.012	"deionize-uv"	94.247	2	1	0	2039.608	0.0	2143.419	null	2603.053	0.09
-8.4	0.028325	34500.0	2943.75	2550.0	NaN	NaN	NaN	0	1	1	0	0	0	0	0	0	0	0	0	1	0	0	0	1	1	1	0	1	1	1	0	1	-101.0	0.109	0.313	NaN	NaN	0.26	0.696	NaN	NaN	7.8	24.36	NaN	NaN	0.0	"2.5"	"F0034"	1	0	"PR"	469.052	"deionize-uv"	104.287	2	1	0	2039.608	0.0	2143.419	null	2613.093	0.091
-9.6	0.02805	33750.0	2943.75	2550.0	NaN	NaN	NaN	0	1	1	0	0	0	0	0	0	0	0	0	1	0	0	0	1	1	1	0	1	1	1	0	1	-115.0	0.109	0.313	NaN	NaN	0.26	0.696	NaN	NaN	7.8	24.36	NaN	NaN	0.0	"2.5"	"F0034"	1	0	"PR"	478.887	"deionize-uv"	114.122	2	1	0	2039.608	0.0	2143.419	null	2622.928	0.092
-9.0	0.027225	35437.5	2943.75	2156.25	NaN	NaN	NaN	0	0	1	0	0	0	0	1	0	0	0	0	1	0	0	0	1	1	1	0	1	1	1	0	1	-108.0	0.109	0.274	NaN	NaN	0.26	0.609	NaN	NaN	7.8	21.315	NaN	NaN	0.0	"2.5"	"F0034"	1	0	"PR"	489.05	"drain-di-1"	4.142	2	1	0	2039.608	0.0	2143.419	null	2633.091	0.092
-9.2	0.027225	34500.0	2943.75	1912.5	NaN	NaN	NaN	0	0	1	0	0	0	0	1	0	0	0	0	1	0	0	0	1	1	1	0	1	1	1	0	1	-110.0	0.109	0.249	NaN	NaN	0.26	0.553	NaN	NaN	7.8	19.355	NaN	NaN	0.0	"2.5"	"F0034"	1	0	"PR"	499.089	"drain-di-1"	14.181	2	1	0	2039.608	0.0	2143.419	null	2643.13	0.09
-9.1	0.02695	30750.0	2953.125	1659.375	NaN	NaN	NaN	0	0	1	0	0	0	0	1	0	0	0	0	1	0	0	0	1	1	1	0	1	1	1	0	1	-109.0	0.11	0.224	NaN	NaN	0.262	0.498	NaN	NaN	7.86	17.43	NaN	NaN	0.0	"2.5"	"F0034"	1	0	"PR"	508.925	"drain-di-1"	24.017	2	1	0	2039.608	0.0	2143.419	null	2652.966	0.086
-8.4	0.0275	35062.5	2943.75	1396.875	NaN	NaN	NaN	0	0	1	0	0	0	0	1	0	0	0	0	1	0	0	0	1	1	1	0	1	1	1	0	1	-101.0	0.109	0.198	NaN	NaN	0.26	0.44	NaN	NaN	7.8	15.4	NaN	NaN	0.0	"2.5"	"F0034"	1	0	"PR"	518.962	"drain-di-1"	34.054	2	1	0	2039.608	0.0	2143.419	null	2663.003	0.087
-8.4	0.027225	35437.5	2943.75	1171.875	NaN	NaN	NaN	0	0	1	0	0	0	0	1	0	0	0	0	1	0	0	0	1	1	1	0	1	1	1	0	1	-101.0	0.109	0.175	NaN	NaN	0.26	0.389	NaN	NaN	7.8	13.615	NaN	NaN	0.0	"2.5"	"F0034"	1	0	"PR"	528.997	"drain-di-1"	44.089	2	1	0	2039.608	0.0	2143.419	null	2673.038	0.086
-8.7	0.02695	35625.0	2934.375	928.125	NaN	NaN	NaN	0	0	1	0	0	0	0	1	0	0	0	0	1	0	0	0	1	1	1	0	1	1	1	0	1	-104.0	0.108	0.151	NaN	NaN	0.257	0.336	NaN	NaN	7.71	11.76	NaN	NaN	0.0	"2.5"	"F0034"	1	0	"PR"	539.034	"drain-di-1"	54.126	2	1	0	2039.608	0.0	2143.419	null	2683.075	0.088
-8.9	0.026675	34500.0	2943.75	684.375	NaN	NaN	NaN	0	0	1	0	0	0	0	1	0	0	0	0	1	0	0	0	1	1	1	0	1	1	1	0	1	-107.0	0.109	0.126	NaN	NaN	0.26	0.28	NaN	NaN	7.8	9.8	NaN	NaN	0.0	"2.5"	"F0034"	1	0	"PR"	549.069	"drain-di-1"	64.161	2	1	0	2039.608	0.0	2143.419	null	2693.11	0.087
-8.8	0.0264	31875.0	2943.75	450.0	NaN	NaN	NaN	0	0	1	0	0	0	0	1	0	0	0	0	1	0	0	0	1	1	1	0	1	1	1	0	1	-106.0	0.109	0.103	NaN	NaN	0.26	0.229	NaN	NaN	7.8	8.015	NaN	NaN	0.0	"2.5"	"F0034"	1	0	"PR"	559.105	"drain-di-1"	74.197	2	1	0	2039.608	0.0	2143.419	null	2703.146	0.087
-8.2	0.0264	31125.0	2971.875	215.625	NaN	NaN	NaN	0	0	1	0	0	0	0	1	0	0	0	0	1	0	0	0	1	1	1	0	1	1	1	0	1	-98.0	0.112	0.08	NaN	NaN	0.267	0.178	NaN	NaN	8.01	6.23	NaN	NaN	0.0	"2.5"	"F0034"	1	0	"PR"	569.145	"drain-di-1"	84.237	2	1	0	2039.608	0.0	2143.419	null	2713.186	0.093
-10.6	0.025575	36562.5	2943.75	-56.25	NaN	NaN	NaN	0	0	1	0	0	0	0	1	0	0	0	0	1	0	0	0	1	1	1	0	1	1	1	0	1	-127.0	0.109	0.052	NaN	NaN	0.26	0.116	NaN	NaN	7.8	4.06	NaN	NaN	0.0	"2.5"	"F0034"	1	0	"PR"	579.091	"drip-di-1"	4.529	2	1	0	2039.608	0.0	2143.419	null	2723.132	0.087
-8.4	0.0264	34500.0	2934.375	-65.625	NaN	NaN	NaN	0	0	1	0	0	0	0	1	0	0	0	0	1	0	0	0	1	1	1	0	1	1	1	0	1	-101.0	0.108	0.051	NaN	NaN	0.257	0.113	NaN	NaN	7.71	3.955	NaN	NaN	0.0	"2.5"	"F0034"	1	0	"PR"	589.132	"drip-di-1"	14.57	2	1	0	2039.608	0.0	2143.419	null	2733.173	0.088
12.5	0.02695	30375.0	2756.25	93.75	NaN	NaN	NaN	1	0	0	0	0	1	1	0	0	0	0	0	1	1	0	0	0	1	1	1	0	1	1	1	0	150.0	0.091	0.067	NaN	NaN	0.217	0.149	NaN	NaN	6.51	5.215	NaN	NaN	0.0	"2.5"	"F0034"	1	1	"PR"	599.134	"reverse-f"	9.399	2	1	0	2039.608	0.0	2143.419	null	2743.175	0.088
12.6	0.028875	30187.5	2746.875	412.5	NaN	NaN	NaN	1	0	0	0	0	1	1	0	0	0	0	0	1	1	0	0	0	1	1	1	0	1	1	1	0	151.0	0.09	0.099	NaN	NaN	0.214	0.22	NaN	NaN	6.42	7.7	NaN	NaN	0.0	"2.5"	"F0034"	1	1	"PR"	609.169	"reverse-f"	19.434	2	1	0	2039.608	0.0	2143.419	null	2753.21	0.086
11.6	0.03025	29812.5	2765.625	721.875	NaN	NaN	NaN	1	0	0	0	0	1	1	0	0	0	0	0	1	1	0	0	0	1	1	1	0	1	1	1	0	139.0	0.092	0.13	NaN	NaN	0.219	0.289	NaN	NaN	6.57	10.115	NaN	NaN	0.0	"2.5"	"F0034"	1	1	"PR"	619.2	"reverse-f"	29.465	2	1	0	2039.608	0.0	2143.419	null	2763.241	0.086
12.1	0.032725	29437.5	2784.375	993.75	NaN	NaN	NaN	1	0	0	0	0	1	1	0	0	0	0	0	1	1	0	0	0	1	1	1	0	1	1	1	0	145.0	0.093	0.157	NaN	NaN	0.221	0.349	NaN	NaN	6.63	12.215	NaN	NaN	0.0	"2.5"	"F0034"	1	1	"PR"	629.238	"reverse-f"	39.503	2	1	0	2039.608	0.0	2143.419	null	2773.279	0.088
12.6	0.0352	30000.0	2793.75	1293.75	NaN	NaN	NaN	1	0	0	0	0	1	1	0	0	0	0	0	1	1	0	0	0	1	1	1	0	1	1	1	0	151.0	0.094	0.187	NaN	NaN	0.224	0.416	NaN	NaN	6.72	14.56	NaN	NaN	0.0	"2.5"	"F0034"	1	1	"PR"	639.071	"reverse-f"	49.336	2	1	0	2039.608	0.0	2143.419	null	2783.112	0.084
12.6	0.036575	27562.5	2793.75	1584.375	NaN	NaN	NaN	1	0	0	0	0	1	1	0	0	0	0	0	1	1	0	0	0	1	1	1	0	1	1	1	0	151.0	0.094	0.216	NaN	NaN	0.224	0.48	NaN	NaN	6.72	16.8	NaN	NaN	0.0	"2.5"	"F0034"	1	1	"PR"	649.105	"reverse-f"	59.37	2	1	0	2039.608	0.0	2143.419	null	2793.146	0.084
12.6	0.038225	29062.5	2784.375	1865.625	NaN	NaN	NaN	1	0	0	0	0	1	1	0	0	0	0	0	1	1	0	0	0	1	1	1	0	1	1	1	0	151.0	0.093	0.245	NaN	NaN	0.221	0.544	NaN	NaN	6.63	19.04	NaN	NaN	0.0	"2.5"	"F0034"	1	1	"PR"	659.144	"reverse-f"	69.409	2	1	0	2039.608	0.0	2143.419	null	2803.185	0.088
12.7	0.040425	29437.5	2821.875	2156.25	NaN	NaN	NaN	1	0	0	0	0	1	1	0	0	0	0	0	1	1	0	0	0	1	1	1	0	1	1	1	0	152.0	0.097	0.274	NaN	NaN	0.231	0.609	NaN	NaN	6.93	21.315	NaN	NaN	0.0	"2.5"	"F0034"	1	1	"PR"	669.179	"reverse-f"	79.444	2	1	0	2039.608	0.0	2143.419	null	2813.22	0.083
12.7	0.041525	30000.0	2775.0	2259.375	NaN	NaN	NaN	0	0	0	0	0	1	1	0	0	0	0	0	1	0	0	0	0	1	1	1	0	1	1	1	0	152.0	0.093	0.284	NaN	NaN	0.221	0.631	NaN	NaN	6.63	22.085	NaN	NaN	0.0	"2.5"	"F0034"	1	1	"PR"	679.121	"reverse"	89.386	2	1	0	2039.608	0.0	2143.419	null	2823.162	0.086
12.6	0.0429	28500.0	2803.125	2278.125	NaN	NaN	NaN	0	0	0	0	0	1	1	0	0	0	0	0	1	0	0	0	0	1	1	1	0	1	1	1	0	151.0	0.095	0.286	NaN	NaN	0.226	0.636	NaN	NaN	6.78	22.26	NaN	NaN	0.0	"2.5"	"F0034"	1	1	"PR"	689.161	"reverse"	99.426	2	1	0	2039.608	0.0	2143.419	null	2833.202	0.084
12.4	0.044	29625.0	2784.375	2268.75	NaN	NaN	NaN	0	0	0	0	0	1	1	0	0	0	0	0	1	0	0	0	0	1	1	1	0	1	1	1	0	149.0	0.093	0.285	NaN	NaN	0.221	0.633	NaN	NaN	6.63	22.155	NaN	NaN	0.0	"2.5"	"F0034"	1	1	"PR"	699.199	"reverse"	109.464	2	1	0	2039.608	0.0	2143.419	null	2843.24	0.083
12.6	0.0451	29625.0	2821.875	2240.625	NaN	NaN	NaN	0	0	0	0	0	1	1	0	0	0	0	0	1	0	0	0	0	1	1	1	0	1	1	1	0	151.0	0.097	0.282	NaN	NaN	0.231	0.627	NaN	NaN	6.93	21.945	NaN	NaN	0.0	"2.5"	"F0034"	1	1	"PR"	709.238	"reverse"	119.503	2	1	0	2039.608	0.0	2143.419	null	2853.279	0.088
12.6	0.04565	30750.0	2793.75	2240.625	NaN	NaN	NaN	0	0	0	0	0	1	1	0	0	0	0	0	1	0	0	0	0	1	1	1	0	1	1	1	0	151.0	0.094	0.282	NaN	NaN	0.224	0.627	NaN	NaN	6.72	21.945	NaN	NaN	0.0	"2.5"	"F0034"	1	1	"PR"	719.274	"reverse"	129.539	2	1	0	2039.608	0.0	2143.419	null	2863.315	0.084
12.2	0.04565	29625.0	2775.0	2259.375	NaN	NaN	NaN	0	0	0	0	0	1	1	0	0	0	0	0	1	0	0	0	0	1	1	1	0	1	1	1	0	146.0	0.093	0.284	NaN	NaN	0.221	0.631	NaN	NaN	6.63	22.085	NaN	NaN	0.0	"2.5"	"F0034"	1	1	"PR"	729.308	"reverse"	139.573	2	1	0	2039.608	0.0	2143.419	null	2873.349	0.086
13.0	0.046475	30000.0	2812.5	2250.0	NaN	NaN	NaN	0	0	0	0	0	1	1	0	0	0	0	0	1	0	0	0	0	1	1	1	0	1	1	1	0	156.0	0.096	0.283	NaN	NaN	0.229	0.629	NaN	NaN	6.87	22.015	NaN	NaN	0.0	"2.5"	"F0034"	1	1	"PR"	739.35	"reverse"	149.615	2	1	0	2039.608	0.0	2143.419	null	2883.391	0.087
2.9	0.047025	2812.5	2971.875	2278.125	NaN	NaN	NaN	0	0	0	0	0	0	0	0	0	0	0	0	0	0	0	0	0	0	0	0	1	0	0	0	1	35.0	0.112	0.286	NaN	NaN	0.267	0.636	NaN	NaN	8.01	22.26	NaN	NaN	0.0	"2.5"	"F0034"	0	0	"PR"	749.272	"diffuse"	9.521	2	1	1	2039.608	0.0	2143.419	null	2893.313	0.087
1.5	0.04675	1875.0	2953.125	2278.125	NaN	NaN	NaN	0	0	0	0	0	0	0	0	0	0	0	0	0	0	0	0	0	0	0	0	1	0	0	0	1	18.0	0.11	0.286	NaN	NaN	0.262	0.636	NaN	NaN	7.86	22.26	NaN	NaN	0.0	"2.5"	"F0034"	0	0	"PR"	759.309	"diffuse"	19.558	2	1	1	2039.608	0.0	2143.419	null	2903.35	0.085
3.2	0.046475	1125.0	2981.25	2287.5	NaN	NaN	NaN	0	0	0	0	0	0	0	0	0	0	0	0	0	0	0	0	0	0	0	0	1	0	0	0	1	38.0	0.113	0.287	NaN	NaN	0.269	0.638	NaN	NaN	8.07	22.33	NaN	NaN	0.0	"2.5"	"F0034"	0	0	"PR"	769.344	"diffuse"	29.593	2	1	1	2039.608	0.0	2143.419	null	2913.385	0.088
12.3	0.0473	30187.5	2803.125	2250.0	NaN	NaN	NaN	0	0	0	0	0	1	1	0	0	0	0	0	1	0	0	0	0	1	1	1	0	1	1	1	0	148.0	0.095	0.283	NaN	NaN	0.226	0.629	NaN	NaN	6.78	22.015	NaN	NaN	0.0	"2.5"	"F0034"	1	1	"PR"	779.27	"wash-en"	9.324	2	1	1	2039.608	0.0	2143.419	null	2923.311	0.083
12.6	0.04785	29812.5	2821.875	2268.75	NaN	NaN	NaN	0	0	0	0	0	1	1	0	0	0	0	0	1	0	0	0	0	1	1	1	0	1	1	1	0	151.0	0.097	0.285	NaN	NaN	0.231	0.633	NaN	NaN	6.93	22.155	NaN	NaN	0.0	"2.5"	"F0034"	1	1	"PR"	789.307	"wash-en"	19.361	2	1	1	2039.608	0.0	2143.419	null	2933.348	0.083
2.5	0.048675	29812.5	2765.625	2278.125	NaN	NaN	NaN	0	0	0	0	0	1	1	0	0	0	0	0	1	0	0	0	0	0	0	0	1	0	0	0	1	30.0	0.092	0.286	NaN	NaN	0.219	0.636	NaN	NaN	6.57	22.26	NaN	NaN	0.0	"2.5"	"F0034"	0	0	"PR"	799.235	"wash-sc"	9.125	2	1	1	2039.608	0.0	2143.419	null	2943.276	0.092
2.8	0.048675	375.0	2971.875	2278.125	NaN	NaN	NaN	0	0	0	0	0	0	0	0	0	0	0	0	0	0	0	0	0	0	0	0	1	0	0	0	1	34.0	0.112	0.286	NaN	NaN	0.267	0.636	NaN	NaN	8.01	22.26	NaN	NaN	0.0	"2.5"	"F0034"	0	0	"PR"	809.267	"diffuse"	9.029	2	1	2	2039.608	0.0	2143.419	null	2953.308	0.09
2.7	0.048675	1500.0	2981.25	2278.125	NaN	NaN	NaN	0	0	0	0	0	0	0	0	0	0	0	0	0	0	0	0	0	0	0	0	1	0	0	0	1	32.0	0.113	0.286	NaN	NaN	0.269	0.636	NaN	NaN	8.07	22.26	NaN	NaN	0.0	"2.5"	"F0034"	0	0	"PR"	819.303	"diffuse"	19.065	2	1	2	2039.608	0.0	2143.419	null	2963.344	0.09
3.0	0.0484	1875.0	2962.5	2278.125	NaN	NaN	NaN	0	0	0	0	0	0	0	0	0	0	0	0	0	0	0	0	0	0	0	0	1	0	0	0	1	36.0	0.111	0.286	NaN	NaN	0.264	0.636	NaN	NaN	7.92	22.26	NaN	NaN	0.0	"2.5"	"F0034"	0	0	"PR"	829.341	"diffuse"	29.103	2	1	2	2039.608	0.0	2143.419	null	2973.382	0.092
12.4	0.048125	30000.0	2821.875	2268.75	NaN	NaN	NaN	0	0	0	0	0	1	1	0	0	0	0	0	1	0	0	0	0	1	1	1	0	1	1	1	0	149.0	0.097	0.285	NaN	NaN	0.231	0.633	NaN	NaN	6.93	22.155	NaN	NaN	0.0	"2.5"	"F0034"	1	1	"PR"	839.473	"wash-en"	9.129	2	1	2	2039.608	0.0	2143.419	null	2983.514	0.087
12.1	0.048675	28500.0	2793.75	2278.125	NaN	NaN	NaN	0	0	0	0	0	1	1	0	0	0	0	0	1	0	0	0	0	1	1	1	0	1	1	1	0	145.0	0.094	0.286	NaN	NaN	0.224	0.636	NaN	NaN	6.72	22.26	NaN	NaN	0.0	"2.5"	"F0034"	1	1	"PR"	849.307	"wash-en"	18.963	2	1	2	2039.608	0.0	2143.419	null	2993.348	0.09
2.3	0.04895	30375.0	2812.5	2296.875	NaN	NaN	NaN	0	0	0	0	0	1	1	0	0	0	0	0	1	0	0	0	0	0	0	0	1	0	0	0	1	28.0	0.096	0.288	NaN	NaN	0.229	0.64	NaN	NaN	6.87	22.4	NaN	NaN	0.0	"2.5"	"F0034"	0	0	"PR"	859.43	"wash-sc"	8.918	2	1	2	2039.608	0.0	2143.419	null	3003.471	0.085
2.3	0.049225	562.5	2962.5	2278.125	NaN	NaN	NaN	0	0	0	0	0	0	0	0	0	0	0	0	0	0	0	0	0	0	0	0	1	0	0	0	1	28.0	0.111	0.286	NaN	NaN	0.264	0.636	NaN	NaN	7.92	22.26	NaN	NaN	0.0	"2.5"	"F0034"	0	0	"PR"	869.466	"diffuse"	8.832	2	1	3	2039.608	0.0	2143.419	null	3013.507	0.086
2.1	0.048675	937.5	2981.25	2250.0	NaN	NaN	NaN	0	0	0	0	0	0	0	0	0	0	0	0	0	0	0	0	0	0	0	0	1	0	0	0	1	25.0	0.113	0.283	NaN	NaN	0.269	0.629	NaN	NaN	8.07	22.015	NaN	NaN	0.0	"2.5"	"F0034"	0	0	"PR"	879.501	"diffuse"	18.867	2	1	3	2039.608	0.0	2143.419	null	3023.542	0.085
2.5	0.048125	1875.0	2962.5	2278.125	NaN	NaN	NaN	0	0	0	0	0	0	0	0	0	0	0	0	0	0	0	0	0	0	0	0	1	0	0	0	1	30.0	0.111	0.286	NaN	NaN	0.264	0.636	NaN	NaN	7.92	22.26	NaN	NaN	0.0	"2.5"	"F0034"	0	0	"PR"	889.34	"diffuse"	28.706	2	1	3	2039.608	0.0	2143.419	null	3033.381	0.091
12.5	0.048675	29250.0	2793.75	2259.375	NaN	NaN	NaN	0	0	0	0	0	1	1	0	0	0	0	0	1	0	0	0	0	1	1	1	0	1	1	1	0	150.0	0.094	0.284	NaN	NaN	0.224	0.631	NaN	NaN	6.72	22.085	NaN	NaN	0.0	"2.5"	"F0034"	1	1	"PR"	899.469	"wash-en"	8.724	2	1	3	2039.608	0.0	2143.419	null	3043.51	0.09
15.3	0.048675	28875.0	2831.25	2259.375	NaN	NaN	NaN	0	0	0	0	0	1	1	0	0	0	0	0	1	0	0	0	0	1	1	1	0	1	1	1	0	184.0	0.098	0.284	NaN	NaN	0.233	0.631	NaN	NaN	6.99	22.085	NaN	NaN	0.0	"2.5"	"F0034"	1	1	"PR"	909.505	"wash-en"	18.76	2	1	3	2039.608	0.0	2143.419	null	3053.546	0.086
1.6	0.048125	30187.5	2821.875	2259.375	NaN	NaN	NaN	0	0	0	0	0	1	1	0	0	0	0	0	1	0	0	0	0	0	0	0	1	0	0	0	1	19.0	0.097	0.284	NaN	NaN	0.231	0.631	NaN	NaN	6.93	22.085	NaN	NaN	0.0	"2.5"	"F0034"	0	0	"PR"	919.433	"wash-sc"	8.522	2	1	3	2039.608	0.0	2143.419	null	3063.474	0.088
