cur	ec	mod-ps	rg-ps	di-ps	fw1-ps	fw2-ps	pf-ps	vlv-di-fill	vlv-di-in	vlv-di-out	vlv-rg-fill	vlv-rg-drain	vlv-rg-in	vlv-rg-out	vlv-fw1-in	vlv-fw1-out	vlv-fw2-in	vlv-po	vlv-mod-drain	pmp-sys	pmp-di	pmp-fw1	pmp-fw2	uv	en-anode1	en-cath1	pl-anode1	pl-cath1	en-anode2	en-cath2	pl-anode2	pl-cath2	pw	rg-he	di-he	fw1-he	fw2-he	rg-lev	di-lev	fw1-lev	fw2-lev	rg-vol	di-vol	fw1-vol	fw2-vol	pr-ec	ver	sn	mod-en	mod-pl	proc	proc-time	ph	ph-time	count	cyc	rnd	pr-last	rc-last	fr-last	halt-re	time	exec
1.6	0.04345	2625.0	2971.875	2193.75	NaN	NaN	NaN	1	0	0	0	0	0	0	0	0	0	0	0	0	1	0	0	0	0	0	0	1	0	0	0	1	19.0	0.112	0.277	NaN	NaN	0.267	0.616	NaN	NaN	8.01	21.56	NaN	NaN	0.0	"2.5"	"F0034"	0	0	"PR"	8.248	"fill-di"	2.007	0	0	0	0.0	0.0	0.0	null	10.045	0.087
1.2	0.043725	2250.0	2971.875	2193.75	NaN	NaN	NaN	1	0	0	0	0	0	0	0	0	0	0	0	0	1	0	0	0	0	0	0	1	0	0	0	1	14.0	0.112	0.277	NaN	NaN	0.267	0.616	NaN	NaN	8.01	21.56	NaN	NaN	0.0	"2.5"	"F0034"	0	0	"PR"	8.449	"fill-di"	2.208	0	0	0	0.0	0.0	0.0	null	10.246	0.087
2.1	0.043725	29250.0	2775.0	2296.875	NaN	NaN	NaN	0	0	0	0	0	1	1	0	0	0	0	0	1	0	0	0	0	0	0	0	1	0	0	0	1	25.0	0.093	0.288	NaN	NaN	0.221	0.64	NaN	NaN	6.63	22.4	NaN	NaN	0.0	"2.5"	"F0034"	0	0	"PR"	18.283	"prime"	7.829	0	0	0	0.0	0.0	0.0	null	20.08	0.09
1.1	0.044	28687.5	2793.75	2268.75	NaN	NaN	NaN	0	0	0	0	0	1	1	0	0	0	0	0	1	0	0	0	0	0	0	0	1	0	0	0	1	13.0	0.094	0.285	NaN	NaN	0.224	0.633	NaN	NaN	6.72	22.155	NaN	NaN	0.0	"2.5"	"F0034"	0	0	"PR"	28.317	"prime"	17.863	0	0	0	0.0	0.0	0.0	null	30.114	0.092
0.6	0.044	29250.0	2821.875	2287.5	NaN	NaN	NaN	0	0	0	0	0	1	1	0	0	0	0	0	1	0	0	0	0	0	0	0	1	0	0	0	1	7.0	0.097	0.287	NaN	NaN	0.231	0.638	NaN	NaN	6.93	22.33	NaN	NaN	0.0	"2.5"	"F0034"	0	0	"PR"	38.355	"prime"	27.901	0	0	0	0.0	0.0	0.0	null	40.152	0.09
-11.9	0.044	33000.0	2943.75	2521.875	NaN	NaN	NaN	0	1	1	0	0	0	0	0	0	0	0	0	1	0	0	0	0	1	1	0	1	1	1	0	1	-143.0	0.109	0.31	NaN	NaN	0.26	0.689	NaN	NaN	7.8	24.115	NaN	NaN	0.0	"2.5"	"F0034"	1	0	"PR"	48.401	"deionize"	7.437	0	1	0	0.0	0.0	0.0	null	50.198	0.091
-12.0	0.04345	32062.5	2981.25	2484.375	NaN	NaN	NaN	0	1	1	0	0	0	0	0	0	0	0	0	1	0	0	0	0	1	1	0	1	1	1	0	1	-144.0	0.113	0.306	NaN	NaN	0.269	0.68	NaN	NaN	8.07	23.8	NaN	NaN	0.0	"2.5"	"F0034"	1	0	"PR"	58.44	"deionize"	17.476	0	1	0	0.0	0.0	0.0	null	60.237	0.092
-9.8	0.04235	30000.0	2962.5	2512.5	NaN	NaN	NaN	0	1	1	0	0	0	0	0	0	0	0	0	1	0	0	0	0	1	1	0	1	1	1	0	1	-118.0	0.111	0.309	NaN	NaN	0.264	0.687	NaN	NaN	7.92	24.045	NaN	NaN	0.0	"2.5"	"F0034"	1	0	"PR"	68.481	"deionize"	27.517	0	1	0	0.0	0.0	0.0	null	70.278	0.091
-11.3	0.042075	32250.0	2962.5	2559.375	NaN	NaN	NaN	0	1	1	0	0	0	0	0	0	0	0	0	1	0	0	0	0	1	1	0	1	1	1	0	1	-136.0	0.111	0.314	NaN	NaN	0.264	0.698	NaN	NaN	7.92	24.43	NaN	NaN	0.0	"2.5"	"F0034"	1	0	"PR"	78.321	"deionize"	37.357	0	1	0	0.0	0.0	0.0	null	80.118	0.089
-12.2	0.041525	31500.0	2953.125	2493.75	NaN	NaN	NaN	0	1	1	0	0	0	0	0	0	0	0	0	1	0	0	0	0	1	1	0	1	1	1	0	1	-146.0	0.11	0.307	NaN	NaN	0.262	0.682	NaN	NaN	7.86	23.87	NaN	NaN	0.0	"2.5"	"F0034"	1	0	"PR"	88.358	"deionize"	47.394	0	1	0	0.0	0.0	0.0	null	90.155	0.087
-13.4	0.040975	31312.5	2971.875	2550.0	NaN	NaN	NaN	0	1	1	0	0	0	0	0	0	0	0	0	1	0	0	0	0	1	1	0	1	1	1	0	1	-161.0	0.112	0.313	NaN	NaN	0.267	0.696	NaN	NaN	8.01	24.36	NaN	NaN	0.0	"2.5"	"F0034"	1	0	"PR"	98.394	"deionize"	57.43	0	1	0	0.0	0.0	0.0	null	100.191	0.087
-11.7	0.040425	33000.0	2981.25	2550.0	NaN	NaN	NaN	0	1	1	0	0	0	0	0	0	0	0	0	1	0	0	0	0	1	1	0	1	1	1	0	1	-140.0	0.113	0.313	NaN	NaN	0.269	0.696	NaN	NaN	8.07	24.36	NaN	NaN	0.0	"2.5"	"F0034"	1	0	"PR"	108.434	"deionize"	67.47	0	1	0	0.0	0.0	0.0	null	110.231	0.094
-13.0	0.0396	32812.5	2971.875	2531.25	NaN	NaN	NaN	0	1	1	0	0	0	0	0	0	0	0	0	1	0	0	0	0	1	1	0	1	1	1	0	1	-156.0	0.112	0.311	NaN	NaN	0.267	0.691	NaN	NaN	8.01	24.185	NaN	NaN	0.0	"2.5"	"F0034"	1	0	"PR"	118.472	"deionize"	77.508	0	1	0	0.0	0.0	0.0	null	120.269	0.091
-11.6	0.03905	34125.0	2953.125	2568.75	NaN	NaN	NaN	0	1	1	0	0	0	0	0	0	0	0	0	1	0	0	0	0	1	1	0	1	1	1	0	1	-139.0	0.11	0.315	NaN	NaN	0.262	0.7	NaN	NaN	7.86	24.5	NaN	NaN	0.0	"2.5"	"F0034"	1	0	"PR"	128.511	"deionize"	87.547	0	1	0	0.0	0.0	0.0	null	130.308	0.089
-10.7	0.03795	33750.0	2953.125	2578.125	NaN	NaN	NaN	0	1	1	0	0	0	0	0	0	0	0	0	1	0	0	0	0	1	1	0	1	1	1	0	1	-128.0	0.11	0.316	NaN	NaN	0.262	0.702	NaN	NaN	7.86	24.57	NaN	NaN	0.0	"2.5"	"F0034"	1	0	"PR"	138.551	"deionize"	97.587	0	1	0	0.0	0.0	0.0	null	140.348	0.088
-11.9	0.0374	33000.0	2981.25	2503.125	NaN	NaN	NaN	0	1	1	0	0	0	0	0	0	0	0	0	1	0	0	0	0	1	1	0	1	1	1	0	1	-143.0	0.113	0.308	NaN	NaN	0.269	0.684	NaN	NaN	8.07	23.94	NaN	NaN	0.0	"2.5"	"F0034"	1	0	"PR"	148.389	"deionize"	107.425	0	1	0	0.0	0.0	0.0	null	150.186	0.084
-11.4	0.037125	32250.0	2953.125	2503.125	NaN	NaN	NaN	0	1	1	0	0	0	0	0	0	0	0	0	1	0	0	0	0	1	1	0	1	1	1	0	1	-137.0	0.11	0.308	NaN	NaN	0.262	0.684	NaN	NaN	7.86	23.94	NaN	NaN	0.0	"2.5"	"F0034"	1	0	"PR"	158.432	"deionize"	117.468	0	1	0	0.0	0.0	0.0	null	160.229	0.09
-12.2	0.036025	31687.5	2943.75	2475.0	NaN	NaN	NaN	0	1	1	0	0	0	0	0	0	0	0	0	1	0	0	0	0	1	1	0	1	1	1	0	1	-146.0	0.109	0.305	NaN	NaN	0.26	0.678	NaN	NaN	7.8	23.73	NaN	NaN	0.0	"2.5"	"F0034"	1	0	"PR"	168.473	"deionize"	127.509	0	1	0	0.0	0.0	0.0	null	170.27	0.087
-11.2	0.035475	33000.0	2981.25	2484.375	NaN	NaN	NaN	0	1	1	0	0	0	0	0	0	0	0	0	1	0	0	0	0	1	1	0	1	1	1	0	1	-134.0	0.113	0.306	NaN	NaN	0.269	0.68	NaN	NaN	8.07	23.8	NaN	NaN	0.0	"2.5"	"F0034"	1	0	"PR"	178.514	"deionize"	137.55	0	1	0	0.0	0.0	0.0	null	180.311	0.085
-11.3	0.035475	33000.0	2971.875	2437.5	NaN	NaN	NaN	0	1	1	0	0	0	0	0	0	0	0	0	1	0	0	0	0	1	1	0	1	1	1	0	1	-136.0	0.112	0.302	NaN	NaN	0.267	0.671	NaN	NaN	8.01	23.485	NaN	NaN	0.0	"2.5"	"F0034"	1	0	"PR"	188.55	"deionize"	147.586	0	1	0	0.0	0.0	0.0	null	190.347	0.084
-11.3	0.034375	33187.5	2943.75	2465.625	NaN	NaN	NaN	0	1	1	0	0	0	0	0	0	0	0	0	1	0	0	0	0	1	1	0	1	1	1	0	1	-136.0	0.109	0.305	NaN	NaN	0.26	0.678	NaN	NaN	7.8	23.73	NaN	NaN	0.0	"2.5"	"F0034"	1	0	"PR"	198.59	"deionize"	157.626	0	1	0	0.0	0.0	0.0	null	200.387	0.087
-11.3	0.0341	32062.5	2953.125	2437.5	NaN	NaN	NaN	0	1	1	0	0	0	0	0	0	0	0	0	1	0	0	0	0	1	1	0	1	1	1	0	1	-136.0	0.11	0.302	NaN	NaN	0.262	0.671	NaN	NaN	7.86	23.485	NaN	NaN	0.0	"2.5"	"F0034"	1	0	"PR"	208.63	"deionize"	167.666	0	1	0	0.0	0.0	0.0	null	210.427	0.092
-11.5	0.03355	33375.0	2962.5	2456.25	NaN	NaN	NaN	0	1	1	0	0	0	0	0	0	0	0	0	1	0	0	0	0	1	1	0	1	1	1	0	1	-138.0	0.111	0.304	NaN	NaN	0.264	0.676	NaN	NaN	7.92	23.66	NaN	NaN	0.0	"2.5"	"F0034"	1	0	"PR"	218.467	"deionize"	177.503	0	1	0	0.0	0.0	0.0	null	220.264	0.084
-10.6	0.03355	31687.5	2943.75	2418.75	NaN	NaN	NaN	0	1	1	0	0	0	0	0	0	0	0	0	1	0	0	0	0	1	1	0	1	1	1	0	1	-127.0	0.109	0.3	NaN	NaN	0.26	0.667	NaN	NaN	7.8	23.345	NaN	NaN	0.0	"2.5"	"F0034"	1	0	"PR"	228.503	"deionize"	187.539	0	1	0	0.0	0.0	0.0	null	230.3	0.094
-10.6	0.032725	31500.0	2962.5	2400.0	NaN	NaN	NaN	0	1	1	0	0	0	0	0	0	0	0	0	1	0	0	0	0	1	1	0	1	1	1	0	1	-127.0	0.111	0.298	NaN	NaN	0.264	0.662	NaN	NaN	7.92	23.17	NaN	NaN	0.0	"2.5"	"F0034"	1	0	"PR"	238.543	"deionize"	197.579	0	1	0	0.0	0.0	0.0	null	240.34	0.085
-12.3	0.03245	30750.0	2971.875	2409.375	NaN	NaN	NaN	0	1	1	0	0	0	0	0	0	0	0	0	1	0	0	0	0	1	1	0	1	1	1	0	1	-148.0	0.112	0.299	NaN	NaN	0.267	0.664	NaN	NaN	8.01	23.24	NaN	NaN	0.0	"2.5"	"F0034"	1	0	"PR"	248.577	"deionize"	207.613	0	1	0	0.0	0.0	0.0	null	250.374	0.087
-10.2	0.0319	30187.5	2971.875	2390.625	NaN	NaN	NaN	0	1	1	0	0	0	0	0	0	0	0	0	1	0	0	0	0	1	1	0	1	1	1	0	1	-122.0	0.112	0.297	NaN	NaN	0.267	0.66	NaN	NaN	8.01	23.1	NaN	NaN	0.0	"2.5"	"F0034"	1	0	"PR"	258.618	"deionize"	217.654	0	1	0	0.0	0.0	0.0	null	260.415	0.096
-11.3	0.0319	30000.0	2953.125	2381.25	NaN	NaN	NaN	0	1	1	0	0	0	0	0	0	0	0	0	1	0	0	0	0	1	1	0	1	1	1	0	1	-136.0	0.11	0.296	NaN	NaN	0.262	0.658	NaN	NaN	7.86	23.03	NaN	NaN	0.0	"2.5"	"F0034"	1	0	"PR"	268.656	"deionize"	227.692	0	1	0	0.0	0.0	0.0	null	270.453	0.087
-9.8	0.03135	33937.5	2953.125	2428.125	NaN	NaN	NaN	0	1	1	0	0	0	0	0	0	0	0	0	1	0	0	0	0	1	1	0	1	1	1	0	1	-118.0	0.11	0.301	NaN	NaN	0.262	0.669	NaN	NaN	7.86	23.415	NaN	NaN	0.0	"2.5"	"F0034"	1	0	"PR"	278.69	"deionize"	237.726	0	1	0	0.0	0.0	0.0	null	280.487	0.087
-9.5	0.031075	31125.0	2962.5	2428.125	NaN	NaN	NaN	0	1	1	0	0	0	0	0	0	0	0	0	1	0	0	0	1	1	1	0	1	1	1	0	1	-114.0	0.111	0.301	NaN	NaN	0.264	0.669	NaN	NaN	7.92	23.415	NaN	NaN	0.0	"2.5"	"F0034"	1	0	"PR"	288.636	"deionize-uv"	7.538	0	1	0	0.0	0.0	0.0	null	290.433	0.085
-9.4	0.031075	33375.0	2953.125	2437.5	NaN	NaN	NaN	0	1	1	0	0	0	0	0	0	0	0	0	1	0	0	0	1	1	1	0	1	1	1	0	1	-113.0	0.11	0.302	NaN	NaN	0.262	0.671	NaN	NaN	7.86	23.485	NaN	NaN	0.0	"2.5"	"F0034"	1	0	"PR"	298.669	"deionize-uv"	17.571	0	1	0	0.0	0.0	0.0	null	300.466	0.084
-9.8	0.03025	33750.0	2962.5	2446.875	NaN	NaN	NaN	0	1	1	0	0	0	0	0	0	0	0	0	1	0	0	0	1	1	1	0	1	1	1	0	1	-118.0	0.111	0.303	NaN	NaN	0.264	0.673	NaN	NaN	7.92	23.555	NaN	NaN	0.0	"2.5"	"F0034"	1	0	"PR"	308.704	"deionize-uv"	27.606	0	1	0	0.0	0.0	0.0	null	310.501	0.084
-9.5	0.029425	33000.0	2962.5	2428.125	NaN	NaN	NaN	0	1	1	0	0	0	0	0	0	0	0	0	1	0	0	0	1	1	1	0	1	1	1	0	1	-114.0	0.111	0.301	NaN	NaN	0.264	0.669	NaN	NaN	7.92	23.415	NaN	NaN	0.0	"2.5"	"F0034"	1	0	"PR"	318.74	"deionize-uv"	37.642	0	1	0	0.0	0.0	0.0	null	320.537	0.088
-9.2	0.0297	33375.0	2971.875	2418.75	NaN	NaN	NaN	0	1	1	0	0	0	0	0	0	0	0	0	1	0	0	0	1	1	1	0	1	1	1	0	1	-110.0	0.112	0.3	NaN	NaN	0.267	0.667	NaN	NaN	8.01	23.345	NaN	NaN	0.0	"2.5"	"F0034"	1	0	"PR"	328.57	"deionize-uv"	47.472	0	1	0	0.0	0.0	0.0	null	330.367	0.085
-8.4	0.028875	32625.0	2962.5	2437.5	NaN	NaN	NaN	0	1	1	0	0	0	0	0	0	0	0	0	1	0	0	0	1	1	1	0	1	1	1	0	1	-101.0	0.111	0.302	NaN	NaN	0.264	0.671	NaN	NaN	7.92	23.485	NaN	NaN	0.0	"2.5"	"F0034"	1	0	"PR"	338.607	"deionize-uv"	57.509	0	1	0	0.0	0.0	0.0	null	340.404	0.084
-9.4	0.028875	33937.5	2962.5	2381.25	NaN	NaN	NaN	0	1	1	0	0	0	0	0	0	0	0	0	1	0	0	0	1	1	1	0	1	1	1	0	1	-113.0	0.111	0.296	NaN	NaN	0.264	0.658	NaN	NaN	7.92	23.03	NaN	NaN	0.0	"2.5"	"F0034"	1	0	"PR"	348.645	"deionize-uv"	67.547	0	1	0	0.0	0.0	0.0	null	350.442	0.093
-9.2	0.0286	34500.0	2962.5	2418.75	NaN	NaN	NaN	0	1	1	0	0	0	0	0	0	0	0	0	1	0	0	0	1	1	1	0	1	1	1	0	1	-110.0	0.111	0.3	NaN	NaN	0.264	0.667	NaN	NaN	7.92	23.345	NaN	NaN	0.0	"2.5"	"F0034"	1	0	"PR"	358.684	"deionize-uv"	77.586	0	1	0	0.0	0.0	0.0	null	360.481	0.084
-8.8	0.028325	32250.0	2953.125	2400.0	NaN	NaN	NaN	0	1	1	0	0	0	0	0	0	0	0	0	1	0	0	0	1	1	1	0	1	1	1	0	1	-106.0	0.11	0.298	NaN	NaN	0.262	0.662	NaN	NaN	7.86	23.17	NaN	NaN	0.0	"2.5"	"F0034"	1	0	"PR"	368.722	"deionize-uv"	87.624	0	1	0	0.0	0.0	0.0	null	370.519	0.085
-9.3	0.02805	30750.0	2971.875	2428.125	NaN	NaN	NaN	0	1	1	0	0	0	0	0	0	0	0	0	1	0	0	0	1	1	1	0	1	1	1	0	1	-112.0	0.112	0.301	NaN	NaN	0.267	0.669	NaN	NaN	8.01	23.415	NaN	NaN	0.0	"2.5"	"F0034"	1	0	"PR"	378.756	"deionize-uv"	97.658	0	1	0	0.0	0.0	0.0	null	380.553	0.082
-9.1	0.027775	33000.0	2971.875	2362.5	NaN	NaN	NaN	0	1	1	0	0	0	0	0	0	0	0	0	1	0	0	0	1	1	1	0	1	1	1	0	1	-109.0	0.112	0.294	NaN	NaN	0.267	0.653	NaN	NaN	8.01	22.855	NaN	NaN	0.0	"2.5"	"F0034"	1	0	"PR"	388.788	"deionize-uv"	107.69	0	1	0	0.0	0.0	0.0	null	390.585	0.084
-8.5	0.027775	32250.0	2962.5	2418.75	NaN	NaN	NaN	0	1	1	0	0	0	0	0	0	0	0	0	1	0	0	0	1	1	1	0	1	1	1	0	1	-102.0	0.111	0.3	NaN	NaN	0.264	0.667	NaN	NaN	7.92	23.345	NaN	NaN	0.0	"2.5"	"F0034"	1	0	"PR"	398.825	"deionize-uv"	117.727	0	1	0	0.0	0.0	0.0	null	400.622	0.086
-8.2	0.02695	33187.5	2971.875	1903.125	NaN	NaN	NaN	0	0	1	0	0	0	0	1	0	0	0	0	1	0	0	0	1	1	1	0	1	1	1	0	1	-98.0	0.112	0.248	NaN	NaN	0.267	0.551	NaN	NaN	8.01	19.285	NaN	NaN	0.0	"2.5"	"F0034"	1	0	"PR"	408.7	"drip-di-1"	6.537	0	1	0	0.0	0.0	0.0	null	410.497	0.102
12.4	0.027225	26812.5	2756.25	1725.0	NaN	NaN	NaN	1	0	0	0	0	1	1	0	0	0	0	0	1	1	0	0	0	1	1	1	0	1	1	1	0	149.0	0.091	0.23	NaN	NaN	0.217	0.511	NaN	NaN	6.51	17.885	NaN	NaN	0.0	"2.5"	"F0034"	1	1	"PR"	418.703	"reverse-f"	1.367	0	1	0	0.0	0.0	0.0	null	420.5	0.087
11.9	0.027775	29437.5	2793.75	2006.25	NaN	NaN	NaN	1	0	0	0	0	1	1	0	0	0	0	0	1	1	0	0	0	1	1	1	0	1	1	1	0	143.0	0.094	0.259	NaN	NaN	0.224	0.576	NaN	NaN	6.72	20.16	NaN	NaN	0.0	"2.5"	"F0034"	1	1	"PR"	428.743	"reverse-f"	11.407	0	1	0	0.0	0.0	0.0	null	430.54	0.091
12.5	0.0297	29625.0	2793.75	2250.0	NaN	NaN	NaN	0	0	0	0	0	1	1	0	0	0	0	0	1	0	0	0	0	1	1	1	0	1	1	1	0	150.0	0.094	0.283	NaN	NaN	0.224	0.629	NaN	NaN	6.72	22.015	NaN	NaN	0.0	"2.5"	"F0034"	1	1	"PR"	438.688	"reverse"	21.352	0	1	0	0.0	0.0	0.0	null	440.485	0.1
13.3	0.03135	29625.0	2821.875	2278.125	NaN	NaN	NaN	0	0	0	0	0	1	1	0	0	0	0	0	1	0	0	0	0	1	1	1	0	1	1	1	0	160.0	0.097	0.286	NaN	NaN	0.231	0.636	NaN	NaN	6.93	22.26	NaN	NaN	0.0	"2.5"	"F0034"	1	1	"PR"	448.727	"reverse"	31.391	0	1	0	0.0	0.0	0.0	null	450.524	0.093
12.6	0.033825	30187.5	2812.5	2268.75	NaN	NaN	NaN	0	0	0	0	0	1	1	0	0	0	0	0	1	0	0	0	0	1	1	1	0	1	1	1	0	151.0	0.096	0.285	NaN	NaN	0.229	0.633	NaN	NaN	6.87	22.155	NaN	NaN	0.0	"2.5"	"F0034"	1	1	"PR"	458.764	"reverse"	41.428	0	1	0	0.0	0.0	0.0	null	460.561	0.089
12.3	0.03685	27937.5	2812.5	2250.0	NaN	NaN	NaN	0	0	0	0	0	1	1	0	0	0	0	0	1	0	0	0	0	1	1	1	0	1	1	1	0	148.0	0.096	0.283	NaN	NaN	0.229	0.629	NaN	NaN	6.87	22.015	NaN	NaN	0.0	"2.5"	"F0034"	1	1	"PR"	468.795	"reverse"	51.459	0	1	0	0.0	0.0	0.0	null	470.592	0.091
13.7	0.038775	26062.5	2803.125	2268.75	NaN	NaN	NaN	0	0	0	0	0	1	1	0	0	0	0	0	1	0	0	0	0	1	1	1	0	1	1	1	0	164.0	0.095	0.285	NaN	NaN	0.226	0.633	NaN	NaN	6.78	22.155	NaN	NaN	0.0	"2.5"	"F0034"	1	1	"PR"	478.835	"reverse"	61.499	0	1	0	0.0	0.0	0.0	null	480.632	0.092
13.1	0.040425	30000.0	2850.0	2268.75	NaN	NaN	NaN	0	0	0	0	0	1	1	0	0	0	0	0	1	0	0	0	0	1	1	1	0	1	1	1	0	157.0	0.1	0.285	NaN	NaN	0.238	0.633	NaN	NaN	7.14	22.155	NaN	NaN	0.0	"2.5"	"F0034"	1	1	"PR"	488.867	"reverse"	71.531	0	1	0	0.0	0.0	0.0	null	490.664	0.084
12.3	0.0418	29625.0	2821.875	2250.0	NaN	NaN	NaN	0	0	0	0	0	1	1	0	0	0	0	0	1	0	0	0	0	1	1	1	0	1	1	1	0	148.0	0.097	0.283	NaN	NaN	0.231	0.629	NaN	NaN	6.93	22.015	NaN	NaN	0.0	"2.5"	"F0034"	1	1	"PR"	498.902	"reverse"	81.566	0	1	0	0.0	0.0	0.0	null	500.699	0.086
12.3	0.043725	29250.0	2812.5	2250.0	NaN	NaN	NaN	0	0	0	0	0	1	1	0	0	0	0	0	1	0	0	0	0	1	1	1	0	1	1	1	0	148.0	0.096	0.283	NaN	NaN	0.229	0.629	NaN	NaN	6.87	22.015	NaN	NaN	0.0	"2.5"	"F0034"	1	1	"PR"	508.942	"reverse"	91.606	0	1	0	0.0	0.0	0.0	null	510.739	0.084
12.6	0.044825	29250.0	2821.875	2268.75	NaN	NaN	NaN	0	0	0	0	0	1	1	0	0	0	0	0	1	0	0	0	0	1	1	1	0	1	1	1	0	151.0	0.097	0.285	NaN	NaN	0.231	0.633	NaN	NaN	6.93	22.155	NaN	NaN	0.0	"2.5"	"F0034"	1	1	"PR"	518.777	"reverse"	101.441	0	1	0	0.0	0.0	0.0	null	520.574	0.088
12.6	0.045925	28500.0	2812.5	2278.125	NaN	NaN	NaN	0	0	0	0	0	1	1	0	0	0	0	0	1	0	0	0	0	1	1	1	0	1	1	1	0	151.0	0.096	0.286	NaN	NaN	0.229	0.636	NaN	NaN	6.87	22.26	NaN	NaN	0.0	"2.5"	"F0034"	1	1	"PR"	528.815	"reverse"	111.479	0	1	0	0.0	0.0	0.0	null	530.612	0.092
12.2	0.04565	26437.5	2821.875	2259.375	NaN	NaN	NaN	0	0	0	0	0	1	1	0	0	0	0	0	1	0	0	0	0	1	1	1	0	1	1	1	0	146.0	0.097	0.284	NaN	NaN	0.231	0.631	NaN	NaN	6.93	22.085	NaN	NaN	0.0	"2.5"	"F0034"	1	1	"PR"	538.854	"reverse"	121.518	0	1	0	0.0	0.0	0.0	null	540.651	0.09
11.4	0.046475	30000.0	2746.875	2259.375	NaN	NaN	NaN	0	0	0	0	0	1	1	0	0	0	0	0	1	0	0	0	0	1	1	1	0	1	1	1	0	137.0	0.09	0.284	NaN	NaN	0.214	0.631	NaN	NaN	6.42	22.085	NaN	NaN	0.0	"2.5"	"F0034"	1	1	"PR"	548.885	"reverse"	131.549	0	1	0	0.0	0.0	0.0	null	550.682	0.09
12.6	0.0462	29812.5	2831.25	2250.0	NaN	NaN	NaN	0	0	0	0	0	1	1	0	0	0	0	0	1	0	0	0	0	1	1	1	0	1	1	1	0	151.0	0.098	0.283	NaN	NaN	0.233	0.629	NaN	NaN	6.99	22.015	NaN	NaN	0.0	"2.5"	"F0034"	1	1	"PR"	558.922	"reverse"	141.586	0	1	0	0.0	0.0	0.0	null	560.719	0.092
2.6	0.04785	-375.0	2981.25	2268.75	NaN	NaN	NaN	0	0	0	0	0	0	0	0	0	0	0	0	0	0	0	0	0	0	0	0	1	0	0	0	1	31.0	0.113	0.285	NaN	NaN	0.269	0.633	NaN	NaN	8.07	22.155	NaN	NaN	0.0	"2.5"	"F0034"	0	0	"PR"	568.851	"diffuse"	1.498	0	1	1	0.0	0.0	0.0	null	570.648	0.087
3.7	0.0473	1125.0	2981.25	2278.125	NaN	NaN	NaN	0	0	0	0	0	0	0	0	0	0	0	0	0	0	0	0	0	0	0	0	1	0	0	0	1	44.0	0.113	0.286	NaN	NaN	0.269	0.636	NaN	NaN	8.07	22.26	NaN	NaN	0.0	"2.5"	"F0034"	0	0	"PR"	578.888	"diffuse"	11.535	0	1	1	0.0	0.0	0.0	null	580.685	0.09
2.9	0.047575	750.0	2971.875	2240.625	NaN	NaN	NaN	0	0	0	0	0	0	0	0	0	0	0	0	0	0	0	0	0	0	0	0	1	0	0	0	1	35.0	0.112	0.282	NaN	NaN	0.267	0.627	NaN	NaN	8.01	21.945	NaN	NaN	0.0	"2.5"	"F0034"	0	0	"PR"	588.922	"diffuse"	21.569	0	1	1	0.0	0.0	0.0	null	590.719	0.092
12.4	0.0473	27187.5	2803.125	2240.625	NaN	NaN	NaN	0	0	0	0	0	1	1	0	0	0	0	0	1	0	0	0	0	1	1	1	0	1	1	1	0	149.0	0.095	0.282	NaN	NaN	0.226	0.627	NaN	NaN	6.78	21.945	NaN	NaN	0.0	"2.5"	"F0034"	1	1	"PR"	598.851	"wash-en"	1.495	0	1	1	0.0	0.0	0.0	null	600.648	0.084
12.6	0.0473	29812.5	2803.125	2278.125	NaN	NaN	NaN	0	0	0	0	0	1	1	0	0	0	0	0	1	0	0	0	0	1	1	1	0	1	1	1	0	151.0	0.095	0.286	NaN	NaN	0.226	0.636	NaN	NaN	6.78	22.26	NaN	NaN	0.0	"2.5"	"F0034"	1	1	"PR"	608.89	"wash-en"	11.534	0	1	1	0.0	0.0	0.0	null	610.687	0.086
2.0	0.0484	30187.5	2812.5	2278.125	NaN	NaN	NaN	0	0	0	0	0	1	1	0	0	0	0	0	1	0	0	0	0	0	0	0	1	0	0	0	1	24.0	0.096	0.286	NaN	NaN	0.229	0.636	NaN	NaN	6.87	22.26	NaN	NaN	0.0	"2.5"	"F0034"	0	0	"PR"	619.025	"wash-sc"	1.5	0	1	1	0.0	0.0	0.0	null	620.822	0.092
2.6	0.048675	-562.5	2971.875	2278.125	NaN	NaN	NaN	0	0	0	0	0	0	0	0	0	0	0	0	0	0	0	0	0	0	0	0	1	0	0	0	1	31.0	0.112	0.286	NaN	NaN	0.267	0.636	NaN	NaN	8.01	22.26	NaN	NaN	0.0	"2.5"	"F0034"	0	0	"PR"	629.061	"diffuse"	1.406	0	1	2	0.0	0.0	0.0	null	630.858	0.087
2.7	0.048675	-187.5	2981.25	2250.0	NaN	NaN	NaN	0	0	0	0	0	0	0	0	0	0	0	0	0	0	0	0	0	0	0	0	1	0	0	0	1	32.0	0.113	0.283	NaN	NaN	0.269	0.629	NaN	NaN	8.07	22.015	NaN	NaN	0.0	"2.5"	"F0034"	0	0	"PR"	638.896	"diffuse"	11.241	0	1	2	0.0	0.0	0.0	null	640.693	0.087
2.5	0.049225	375.0	2981.25	2268.75	NaN	NaN	NaN	0	0	0	0	0	0	0	0	0	0	0	0	0	0	0	0	0	0	0	0	1	0	0	0	1	30.0	0.113	0.285	NaN	NaN	0.269	0.633	NaN	NaN	8.07	22.155	NaN	NaN	0.0	"2.5"	"F0034"	0	0	"PR"	648.938	"diffuse"	21.283	0	1	2	0.0	0.0	0.0	null	650.735	0.087
12.5	0.048125	25312.5	2840.625	2259.375	NaN	NaN	NaN	0	0	0	0	0	1	1	0	0	0	0	0	1	0	0	0	0	1	1	1	0	1	1	1	0	150.0	0.099	0.284	NaN	NaN	0.236	0.631	NaN	NaN	7.08	22.085	NaN	NaN	0.0	"2.5"	"F0034"	1	1	"PR"	659.068	"wash-en"	1.298	0	1	2	0.0	0.0	0.0	null	660.865	0.09
12.6	0.0484	28500.0	2793.75	2268.75	NaN	NaN	NaN	0	0	0	0	0	1	1	0	0	0	0	0	1	0	0	0	0	1	1	1	0	1	1	1	0	151.0	0.094	0.285	NaN	NaN	0.224	0.633	NaN	NaN	6.72	22.155	NaN	NaN	0.0	"2.5"	"F0034"	1	1	"PR"	669.104	"wash-en"	11.334	0	1	2	0.0	0.0	0.0	null	670.901	0.091
1.7	0.049225	29062.5	2840.625	2278.125	NaN	NaN	NaN	0	0	0	0	0	1	1	0	0	0	0	0	1	0	0	0	0	0	0	0	1	0	0	0	1	20.0	0.099	0.286	NaN	NaN	0.236	0.636	NaN	NaN	7.08	22.26	NaN	NaN	0.0	"2.5"	"F0034"	0	0	"PR"	679.033	"wash-sc"	1.095	0	1	2	0.0	0.0	0.0	null	680.83	0.092
2.1	0.049225	-937.5	2981.25	2278.125	NaN	NaN	NaN	0	0	0	0	0	0	0	0	0	0	0	0	0	0	0	0	0	0	0	0	1	0	0	0	1	25.0	0.113	0.286	NaN	NaN	0.269	0.636	NaN	NaN	8.07	22.26	NaN	NaN	0.0	"2.5"	"F0034"	0	0	"PR"	689.07	"diffuse"	1.004	0	1	3	0.0	0.0	0.0	null	690.867	0.09
2.2	0.049225	1125.0	2981.25	2250.0	NaN	NaN	NaN	0	0	0	0	0	0	0	0	0	0	0	0	0	0	0	0	0	0	0	0	1	0	0	0	1	26.0	0.113	0.283	NaN	NaN	0.269	0.629	NaN	NaN	8.07	22.015	NaN	NaN	0.0	"2.5"	"F0034"	0	0	"PR"	699.103	"diffuse"	11.037	0	1	3	0.0	0.0	0.0	null	700.9	0.09
2.5	0.049225	1875.0	2990.625	2268.75	NaN	NaN	NaN	0	0	0	0	0	0	0	0	0	0	0	0	0	0	0	0	0	0	0	0	1	0	0	0	1	30.0	0.114	0.285	NaN	NaN	0.271	0.633	NaN	NaN	8.13	22.155	NaN	NaN	0.0	"2.5"	"F0034"	0	0	"PR"	709.144	"diffuse"	21.078	0	1	3	0.0	0.0	0.0	null	710.941	0.091
12.6	0.04895	16312.5	2887.5	2221.875	NaN	NaN	NaN	0	0	0	0	0	1	1	0	0	0	0	0	1	0	0	0	0	1	1	1	0	1	1	1	0	151.0	0.104	0.28	NaN	NaN	0.248	0.622	NaN	NaN	7.44	21.77	NaN	NaN	0.0	"2.5"	"F0034"	1	1	"PR"	719.071	"wash-en"	0.895	0	1	3	0.0	0.0	0.0	null	720.868	0.087
11.6	0.0484	28500.0	2784.375	2231.25	NaN	NaN	NaN	0	0	0	0	0	1	1	0	0	0	0	0	1	0	0	0	0	1	1	1	0	1	1	1	0	139.0	0.093	0.281	NaN	NaN	0.221	0.624	NaN	NaN	6.63	21.84	NaN	NaN	0.0	"2.5"	"F0034"	1	1	"PR"	729.11	"wash-en"	10.934	0	1	3	0.0	0.0	0.0	null	730.907	0.086
1.0	0.04895	28312.5	2821.875	2278.125	NaN	NaN	NaN	0	0	0	0	0	1	1	0	0	0	0	0	1	0	0	0	0	0	0	0	1	0	0	0	1	12.0	0.097	0.286	NaN	NaN	0.231	0.636	NaN	NaN	6.93	22.26	NaN	NaN	0.0	"2.5"	"F0034"	0	0	"PR"	739.038	"wash-sc"	0.694	0	1	3	0.0	0.0	0.0	null	740.835	0.087
1.4	0.04895	1125.0	2981.25	2278.125	NaN	NaN	NaN	0	0	0	0	0	0	0	0	0	0	0	0	0	0	0	0	0	0	0	0	1	0	0	0	1	17.0	0.113	0.286	NaN	NaN	0.269	0.636	NaN	NaN	8.07	22.26	NaN	NaN	0.0	"2.5"	"F0034"	0	0	"PR"	749.076	"diffuse"	0.602	0	1	4	0.0	0.0	0.0	null	750.873	0.084
2.1	0.04895	2250.0	2990.625	2268.75	NaN	NaN	NaN	0	0	0	0	0	0	0	0	0	0	0	0	0	0	0	0	0	0	0	0	1	0	0	0	1	25.0	0.114	0.285	NaN	NaN	0.271	0.633	NaN	NaN	8.13	22.155	NaN	NaN	0.0	"2.5"	"F0034"	0	0	"PR"	759.11	"diffuse"	10.636	0	1	4	0.0	0.0	0.0	null	760.907	0.086
1.9	0.0484	1875.0	2981.25	2259.375	NaN	NaN	NaN	0	0	0	0	0	0	0	0	0	0	0	0	0	0	0	0	0	0	0	0	1	0	0	0	1	23.0	0.113	0.284	NaN	NaN	0.269	0.631	NaN	NaN	8.07	22.085	NaN	NaN	0.0	"2.5"	"F0034"	0	0	"PR"	769.148	"diffuse"	20.674	0	1	4	0.0	0.0	0.0	null	770.945	0.087
12.8	0.04895	-2062.5	2953.125	2259.375	NaN	NaN	NaN	0	0	0	0	0	1	1	0	0	0	0	0	1	0	0	0	0	1	1	1	0	1	1	1	0	154.0	0.11	0.284	NaN	NaN	0.262	0.631	NaN	NaN	7.86	22.085	NaN	NaN	0.0	"2.5"	"F0034"	1	1	"PR"	779.071	"wash-en"	0.489	0	1	4	0.0	0.0	0.0	null	780.868	0.287
12.6	0.0484	30187.5	2840.625	2268.75	NaN	NaN	NaN	0	0	0	0	0	1	1	0	0	0	0	0	1	0	0	0	0	1	1	1	0	1	1	1	0	151.0	0.099	0.285	NaN	NaN	0.236	0.633	NaN	NaN	7.08	22.155	NaN	NaN	0.0	"2.5"	"F0034"	1	1	"PR"	789.109	"wash-en"	10.527	0	1	4	0.0	0.0	0.0	null	790.906	0.084
12.0	0.048125	27750.0	2821.875	2212.5	NaN	NaN	NaN	0	0	0	0	0	1	1	0	0	0	0	0	1	0	0	0	0	0	0	0	1	0	0	0	1	144.0	0.097	0.279	NaN	NaN	0.231	0.62	NaN	NaN	6.93	21.7	NaN	NaN	0.0	"2.5"	"F0034"	0	0	"PR"	798.948	"wash-sc"	0.201	0	1	4	0.0	0.0	0.0	null	800.745	0.094
-0.2	0.048125	27187.5	2812.5	2278.125	NaN	NaN	NaN	0	0	0	0	1	0	0	0	0	0	0	0	0	0	0	0	0	0	0	0	1	0	0	0	1	-2.0	0.096	0.286	NaN	NaN	0.229	0.636	NaN	NaN	6.87	22.26	NaN	NaN	0.0	"2.5"	"F0034"	0	0	"PR"	809.076	"drain-rg"	0.2	0	1	4	0.0	0.0	0.0	null	810.873	0.089
0.6	0.04895	-1125.0	2437.5	2278.125	NaN	NaN	NaN	0	0	0	0	1	0	0	0	0	0	0	0	0	0	0	0	0	0	0	0	1	0	0	0	1	7.0	0.059	0.286	NaN	NaN	0.14	0.636	NaN	NaN	4.2	22.26	NaN	NaN	0.0	"2.5"	"F0034"	0	0	"PR"	819.113	"drain-rg"	10.237	0	1	4	0.0	0.0	0.0	null	820.91	0.084
1.1	0.0484	-375.0	2081.25	2278.125	NaN	NaN	NaN	0	0	0	0	1	0	0	0	0	0	0	0	0	0	0	0	0	0	0	0	1	0	0	0	1	13.0	0.023	0.286	NaN	NaN	0.055	0.636	NaN	NaN	1.65	22.26	NaN	NaN	0.0	"2.5"	"F0034"	0	0	"PR"	829.148	"drain-rg"	20.272	0	1	4	0.0	0.0	0.0	null	830.945	0.087
1.4	0.0484	-1312.5	1650.0	2268.75	NaN	NaN	NaN	0	0	0	0	1	0	0	0	0	0	0	0	0	0	0	0	0	0	0	0	1	0	0	0	1	17.0	-0.02	0.285	NaN	NaN	-0.048	0.633	NaN	NaN	-1.44	22.155	NaN	NaN	0.0	"2.5"	"F0034"	0	0	"PR"	839.185	"drip-rg"	3.614	0	1	4	0.0	0.0	0.0	null	840.982	0.084
1.5	0.0484	-1875.0	0.0	2278.125	NaN	NaN	NaN	0	0	0	0	1	0	0	0	0	0	0	0	0	0	0	0	0	0	0	0	1	0	0	0	1	18.0	-0.185	0.286	NaN	NaN	-0.44	0.636	NaN	NaN	-13.2	22.26	NaN	NaN	0.0	"2.5"	"F0034"	0	0	"PR"	849.224	"drip-rg"	13.653	0	1	4	0.0	0.0	0.0	null	851.021	0.089
2.4	0.0484	26812.5	1818.75	2109.375	NaN	NaN	NaN	0	0	1	0	0	1	0	0	0	0	0	0	1	0	0	0	0	0	0	0	1	0	0	0	1	29.0	-0.003	0.269	NaN	NaN	-0.007	0.598	NaN	NaN	-0.21	20.93	NaN	NaN	0.0	"2.5"	"F0034"	0	0	"FR"	7.652	"fill-rg-di"	7.451	1	1	0	852.627	0.0	0.0	null	860.916	0.088
2.0	0.0473	27562.5	2212.5	1837.5	NaN	NaN	NaN	0	0	1	0	0	1	0	0	0	0	0	0	1	0	0	0	0	0	0	0	1	0	0	0	1	24.0	0.036	0.242	NaN	NaN	0.086	0.538	NaN	NaN	2.58	18.83	NaN	NaN	0.0	"2.5"	"F0034"	0	0	"FR"	17.691	"fill-rg-di"	17.49	1	1	0	852.627	0.0	0.0	null	870.955	0.086
2.8	0.045375	27000.0	2493.75	1584.375	NaN	NaN	NaN	0	0	1	0	0	1	0	0	0	0	0	0	1	0	0	0	0	0	0	0	1	0	0	0	1	34.0	0.064	0.216	NaN	NaN	0.152	0.48	NaN	NaN	4.56	16.8	NaN	NaN	0.0	"2.5"	"F0034"	0	0	"FR"	27.725	"fill-rg-di"	27.524	1	1	0	852.627	0.0	0.0	null	880.989	0.084
1.3	0.0451	28875.0	2831.25	1340.625	NaN	NaN	NaN	0	0	1	0	0	1	0	0	0	0	0	0	1	0	0	0	0	0	0	0	1	0	0	0	1	16.0	0.098	0.192	NaN	NaN	0.233	0.427	NaN	NaN	6.99	14.945	NaN	NaN	0.0	"2.5"	"F0034"	0	0	"FR"	37.765	"fill-rg-di"	37.564	1	1	0	852.627	0.0	0.0	null	891.029	0.086
1.5	0.043725	29250.0	3112.5	1087.5	NaN	NaN	NaN	0	0	1	0	0	1	0	0	0	0	0	0	1	0	0	0	0	0	0	0	1	0	0	0	1	18.0	0.126	0.167	NaN	NaN	0.3	0.371	NaN	NaN	9.0	12.985	NaN	NaN	0.0	"2.5"	"F0034"	0	0	"FR"	47.803	"fill-rg-di"	47.602	1	1	0	852.627	0.0	0.0	null	901.067	0.086
1.6	0.0429	-375.0	2868.75	956.25	NaN	NaN	NaN	0	0	0	0	1	0	0	0	0	0	0	0	0	0	0	0	0	0	0	0	1	0	0	0	1	19.0	0.102	0.154	NaN	NaN	0.243	0.342	NaN	NaN	7.29	11.97	NaN	NaN	0.0	"2.5"	"F0034"	0	0	"FR"	57.834	"drain-rg"	5.217	1	1	0	852.627	0.0	0.0	null	911.098	0.087
1.1	0.043175	-2625.0	2550.0	965.625	NaN	NaN	NaN	0	0	0	0	1	0	0	0	0	0	0	0	0	0	0	0	0	0	0	0	1	0	0	0	1	13.0	0.07	0.155	NaN	NaN	0.167	0.344	NaN	NaN	5.01	12.04	NaN	NaN	0.0	"2.5"	"F0034"	0	0	"FR"	67.873	"drain-rg"	15.256	1	1	0	852.627	0.0	0.0	null	921.137	0.085
1.1	0.042625	-3562.5	2240.625	965.625	NaN	NaN	NaN	0	0	0	0	1	0	0	0	0	0	0	0	0	0	0	0	0	0	0	0	1	0	0	0	1	13.0	0.039	0.155	NaN	NaN	0.093	0.344	NaN	NaN	2.79	12.04	NaN	NaN	0.0	"2.5"	"F0034"	0	0	"FR"	77.912	"drain-rg"	25.295	1	1	0	852.627	0.0	0.0	null	931.176	0.084
2.1	0.0429	-3937.5	1837.5	965.625	NaN	NaN	NaN	0	0	0	0	1	0	0	0	0	0	0	0	0	0	0	0	0	0	0	0	1	0	0	0	1	25.0	-0.001	0.155	NaN	NaN	-0.002	0.344	NaN	NaN	-0.06	12.04	NaN	NaN	0.0	"2.5"	"F0034"	0	0	"FR"	87.752	"drip-rg"	0.803	1	1	0	852.627	0.0	0.0	null	941.016	0.09
1.8	0.0429	-4312.5	918.75	993.75	NaN	NaN	NaN	0	0	0	0	1	0	0	0	0	0	0	0	0	0	0	0	0	0	0	0	1	0	0	0	1	22.0	-0.093	0.157	NaN	NaN	-0.221	0.349	NaN	NaN	-6.63	12.215	NaN	NaN	0.0	"2.5"	"F0034"	0	0	"FR"	97.792	"drip-rg"	10.843	1	1	0	852.627	0.0	0.0	null	951.056	0.084
1.3	0.042625	25875.0	1640.625	853.125	NaN	NaN	NaN	0	0	1	0	0	1	0	0	0	0	0	0	1	0	0	0	0	0	0	0	1	0	0	0	1	16.0	-0.021	0.143	NaN	NaN	-0.05	0.318	NaN	NaN	-1.5	11.13	NaN	NaN	0.0	"2.5"	"F0034"	0	0	"PR"	5.037	"fill-rg-di"	4.837	1	0	0	852.627	0.0	955.472	null	961.132	0.087
1.3	0.042075	27750.0	2118.75	600.0	NaN	NaN	NaN	0	0	1	0	0	1	0	0	0	0	0	0	1	0	0	0	0	0	0	0	1	0	0	0	1	16.0	0.027	0.118	NaN	NaN	0.064	0.262	NaN	NaN	1.92	9.17	NaN	NaN	0.0	"2.5"	"F0034"	0	0	"PR"	15.076	"fill-rg-di"	14.876	1	0	0	852.627	0.0	955.472	null	971.171	0.084
1.3	0.041525	27562.5	2437.5	365.625	NaN	NaN	NaN	0	0	1	0	0	1	0	0	0	0	0	0	1	0	0	0	0	0	0	0	1	0	0	0	1	16.0	0.059	0.095	NaN	NaN	0.14	0.211	NaN	NaN	4.2	7.385	NaN	NaN	0.0	"2.5"	"F0034"	0	0	"PR"	25.115	"fill-rg-di"	24.915	1	0	0	852.627	0.0	955.472	null	981.21	0.085
1.6	0.0407	27750.0	2737.5	112.5	NaN	NaN	NaN	0	0	1	0	0	1	0	0	0	0	0	0	1	0	0	0	0	0	0	0	1	0	0	0	1	19.0	0.089	0.069	NaN	NaN	0.212	0.153	NaN	NaN	6.36	5.355	NaN	NaN	0.0	"2.5"	"F0034"	0	0	"PR"	35.155	"fill-rg-di"	34.955	1	0	0	852.627	0.0	955.472	null	991.25	0.087
1.4	0.040425	2437.5	2746.875	318.75	NaN	NaN	NaN	1	0	0	0	0	0	0	0	0	0	0	0	0	1	0	0	0	0	0	0	1	0	0	0	1	17.0	0.09	0.09	NaN	NaN	0.214	0.2	NaN	NaN	6.42	7.0	NaN	NaN	0.0	"2.5"	"F0034"	0	0	"PR"	44.988	"fill-di-lb"	8.83	1	0	0	852.627	0.0	955.472	null	1001.083	0.09
2.1	0.040425	1312.5	2784.375	637.5	NaN	NaN	NaN	1	0	0	0	0	0	0	0	0	0	0	0	0	1	0	0	0	0	0	0	1	0	0	0	1	25.0	0.093	0.122	NaN	NaN	0.221	0.271	NaN	NaN	6.63	9.485	NaN	NaN	0.0	"2.5"	"F0034"	0	0	"PR"	55.025	"fill-di-lb"	18.867	1	0	0	852.627	0.0	955.472	null	1011.12	0.092
2.1	0.039875	1125.0	2765.625	918.75	NaN	NaN	NaN	1	0	0	0	0	0	0	0	0	0	0	0	0	1	0	0	0	0	0	0	1	0	0	0	1	25.0	0.092	0.15	NaN	NaN	0.219	0.333	NaN	NaN	6.57	11.655	NaN	NaN	0.0	"2.5"	"F0034"	0	0	"PR"	65.061	"fill-di-lb"	28.903	1	0	0	852.627	0.0	955.472	null	1021.156	0.09
1.4	0.040425	1125.0	2746.875	1200.0	NaN	NaN	NaN	1	0	0	0	0	0	0	0	0	0	0	0	0	1	0	0	0	0	0	0	1	0	0	0	1	17.0	0.09	0.178	NaN	NaN	0.214	0.396	NaN	NaN	6.42	13.86	NaN	NaN	0.0	"2.5"	"F0034"	0	0	"PR"	75.1	"fill-di-lb"	38.942	1	0	0	852.627	0.0	955.472	null	1031.195	0.089
1.3	0.040425	2250.0	2756.25	1518.75	NaN	NaN	NaN	1	0	0	0	0	0	0	0	0	0	0	0	0	1	0	0	0	0	0	0	1	0	0	0	1	16.0	0.091	0.21	NaN	NaN	0.217	0.467	NaN	NaN	6.51	16.345	NaN	NaN	0.0	"2.5"	"F0034"	0	0	"PR"	85.137	"fill-di-lb"	48.979	1	0	0	852.627	0.0	955.472	null	1041.232	0.088
1.0	0.0407	1312.5	2784.375	1790.625	NaN	NaN	NaN	1	0	0	0	0	0	0	0	0	0	0	0	0	1	0	0	0	0	0	0	1	0	0	0	1	12.0	0.093	0.237	NaN	NaN	0.221	0.527	NaN	NaN	6.63	18.445	NaN	NaN	0.0	"2.5"	"F0034"	0	0	"PR"	95.173	"fill-di-lb"	59.015	1	0	0	852.627	0.0	955.472	null	1051.268	0.085
1.7	0.040975	2062.5	2775.0	2081.25	NaN	NaN	NaN	1	0	0	0	0	0	0	0	0	0	0	0	0	1	0	0	0	0	0	0	1	0	0	0	1	20.0	0.093	0.266	NaN	NaN	0.221	0.591	NaN	NaN	6.63	20.685	NaN	NaN	0.0	"2.5"	"F0034"	0	0	"PR"	105.212	"fill-di-lb"	69.054	1	0	0	852.627	0.0	955.472	null	1061.307	0.086
2.0	0.040425	29437.5	2878.125	2203.125	NaN	NaN	NaN	0	0	1	0	0	1	0	0	0	0	0	0	1	0	0	0	0	0	0	0	1	0	0	0	1	24.0	0.103	0.278	NaN	NaN	0.245	0.618	NaN	NaN	7.35	21.63	NaN	NaN	0.0	"2.5"	"F0034"	0	0	"PR"	115.048	"fill-rg-di"	4.015	1	0	0	852.627	0.0	955.472	null	1071.143	0.091
12.6	0.0396	31875.0	2981.25	2568.75	NaN	NaN	NaN	0	1	1	0	0	0	0	0	0	0	0	0	1	0	0	0	0	1	1	1	0	1	1	1	0	151.0	0.113	0.315	NaN	NaN	0.269	0.7	NaN	NaN	8.07	24.5	NaN	NaN	0.0	"2.5"	"F0034"	1	1	"PR"	125.087	"deionize"	1.612	1	1	0	852.627	0.0	955.472	null	1081.182	0.091
12.6	0.040425	31687.5	2971.875	2587.5	NaN	NaN	NaN	0	1	1	0	0	0	0	0	0	0	0	0	1	0	0	0	0	1	1	1	0	1	1	1	0	151.0	0.112	0.317	NaN	NaN	0.267	0.704	NaN	NaN	8.01	24.64	NaN	NaN	0.0	"2.5"	"F0034"	1	1	"PR"	135.129	"deionize"	11.654	1	1	0	852.627	0.0	955.472	null	1091.224	0.094
12.6	0.039875	33750.0	2971.875	2531.25	NaN	NaN	NaN	0	1	1	0	0	0	0	0	0	0	0	0	1	0	0	0	0	1	1	1	0	1	1	1	0	151.0	0.112	0.311	NaN	NaN	0.267	0.691	NaN	NaN	8.01	24.185	NaN	NaN	0.0	"2.5"	"F0034"	1	1	"PR"	145.169	"deionize"	21.694	1	1	0	852.627	0.0	955.472	null	1101.264	0.088
12.6	0.039325	31500.0	2962.5	2625.0	NaN	NaN	NaN	0	1	1	0	0	0	0	0	0	0	0	0	1	0	0	0	0	1	1	1	0	1	1	1	0	151.0	0.111	0.321	NaN	NaN	0.264	0.713	NaN	NaN	7.92	24.955	NaN	NaN	0.0	"2.5"	"F0034"	1	1	"PR"	155.21	"deionize"	31.735	1	1	0	852.627	0.0	955.472	null	1111.305	0.092
12.6	0.0385	33187.5	2971.875	2559.375	NaN	NaN	NaN	0	1	1	0	0	0	0	0	0	0	0	0	1	0	0	0	0	1	1	1	0	1	1	1	0	151.0	0.112	0.314	NaN	NaN	0.267	0.698	NaN	NaN	8.01	24.43	NaN	NaN	0.0	"2.5"	"F0034"	1	1	"PR"	165.249	"deionize"	41.774	1	1	0	852.627	0.0	955.472	null	1121.344	0.091
13.3	0.03795	34125.0	2971.875	2615.625	NaN	NaN	NaN	0	1	1	0	0	0	0	0	0	0	0	0	1	0	0	0	0	1	1	1	0	1	1	1	0	160.0	0.112	0.32	NaN	NaN	0.267	0.711	NaN	NaN	8.01	24.885	NaN	NaN	0.0	"2.5"	"F0034"	1	1	"PR"	175.288	"deionize"	51.813	1	1	0	852.627	0.0	955.472	null	1131.383	0.091
13.8	0.036575	33562.5	2981.25	2596.875	NaN	NaN	NaN	0	1	1	0	0	0	0	0	0	0	0	0	1	0	0	0	0	1	1	1	0	1	1	1	0	166.0	0.113	0.318	NaN	NaN	0.269	0.707	NaN	NaN	8.07	24.745	NaN	NaN	0.0	"2.5"	"F0034"	1	1	"PR"	185.129	"deionize"	61.654	1	1	0	852.627	0.0	955.472	null	1141.224	0.093
11.5	0.03685	34875.0	2962.5	2531.25	NaN	NaN	NaN	0	1	1	0	0	0	0	0	0	0	0	0	1	0	0	0	0	1	1	1	0	1	1	1	0	138.0	0.111	0.311	NaN	NaN	0.264	0.691	NaN	NaN	7.92	24.185	NaN	NaN	0.0	"2.5"	"F0034"	1	1	"PR"	195.169	"deionize"	71.694	1	1	0	852.627	0.0	955.472	null	1151.264	0.087
12.6	0.034925	32625.0	2971.875	2550.0	NaN	NaN	NaN	0	1	1	0	0	0	0	0	0	0	0	0	1	0	0	0	0	1	1	1	0	1	1	1	0	151.0	0.112	0.313	NaN	NaN	0.267	0.696	NaN	NaN	8.01	24.36	NaN	NaN	0.0	"2.5"	"F0034"	1	1	"PR"	205.21	"deionize"	81.735	1	1	0	852.627	0.0	955.472	null	1161.305	0.092
12.4	0.0352	33562.5	2962.5	2578.125	NaN	NaN	NaN	0	1	1	0	0	0	0	0	0	0	0	0	1	0	0	0	0	1	1	1	0	1	1	1	0	149.0	0.111	0.316	NaN	NaN	0.264	0.702	NaN	NaN	7.92	24.57	NaN	NaN	0.0	"2.5"	"F0034"	1	1	"PR"	215.248	"deionize"	91.773	1	1	0	852.627	0.0	955.472	null	1171.343	0.091
12.6	0.0341	33937.5	2962.5	2531.25	NaN	NaN	NaN	0	1	1	0	0	0	0	0	0	0	0	0	1	0	0	0	0	1	1	1	0	1	1	1	0	151.0	0.111	0.311	NaN	NaN	0.264	0.691	NaN	NaN	7.92	24.185	NaN	NaN	0.0	"2.5"	"F0034"	1	1	"PR"	225.286	"deionize"	101.811	1	1	0	852.627	0.0	955.472	null	1181.381	0.09
12.5	0.0341	34312.5	2981.25	2550.0	NaN	NaN	NaN	0	1	1	0	0	0	0	0	0	0	0	0	1	0	0	0	0	1	1	1	0	1	1	1	0	150.0	0.113	0.313	NaN	NaN	0.269	0.696	NaN	NaN	8.07	24.36	NaN	NaN	0.0	"2.5"	"F0034"	1	1	"PR"	235.325	"deionize"	111.85	1	1	0	852.627	0.0	955.472	null	1191.42	0.089
12.7	0.0341	33750.0	2971.875	2625.0	NaN	NaN	NaN	0	1	1	0	0	0	0	0	0	0	0	0	1	0	0	0	0	1	1	1	0	1	1	1	0	152.0	0.112	0.321	NaN	NaN	0.267	0.713	NaN	NaN	8.01	24.955	NaN	NaN	0.0	"2.5"	"F0034"	1	1	"PR"	245.363	"deionize"	121.888	1	1	0	852.627	0.0	955.472	null	1201.458	0.091
12.6	0.033275	30000.0	2981.25	2521.875	NaN	NaN	NaN	0	1	1	0	0	0	0	0	0	0	0	0	1	0	0	0	0	1	1	1	0	1	1	1	0	151.0	0.113	0.31	NaN	NaN	0.269	0.689	NaN	NaN	8.07	24.115	NaN	NaN	0.0	"2.5"	"F0034"	1	1	"PR"	255.198	"deionize"	131.723	1	1	0	852.627	0.0	955.472	null	1211.293	0.088
13.4	0.032725	30562.5	2981.25	2587.5	NaN	NaN	NaN	0	1	1	0	0	0	0	0	0	0	0	0	1	0	0	0	0	1	1	1	0	1	1	1	0	161.0	0.113	0.317	NaN	NaN	0.269	0.704	NaN	NaN	8.07	24.64	NaN	NaN	0.0	"2.5"	"F0034"	1	1	"PR"	265.238	"deionize"	141.763	1	1	0	852.627	0.0	955.472	null	1221.333	0.088
12.2	0.0319	33000.0	2962.5	2568.75	NaN	NaN	NaN	0	1	1	0	0	0	0	0	0	0	0	0	1	0	0	0	0	1	1	1	0	1	1	1	0	146.0	0.111	0.315	NaN	NaN	0.264	0.7	NaN	NaN	7.92	24.5	NaN	NaN	0.0	"2.5"	"F0034"	1	1	"PR"	275.274	"deionize"	151.799	1	1	0	852.627	0.0	955.472	null	1231.369	0.087
12.4	0.0319	33937.5	2981.25	2568.75	NaN	NaN	NaN	0	1	1	0	0	0	0	0	0	0	0	0	1	0	0	0	0	1	1	1	0	1	1	1	0	149.0	0.113	0.315	NaN	NaN	0.269	0.7	NaN	NaN	8.07	24.5	NaN	NaN	0.0	"2.5"	"F0034"	1	1	"PR"	285.313	"deionize"	161.838	1	1	0	852.627	0.0	955.472	null	1241.408	0.084
11.8	0.03135	33000.0	2971.875	2531.25	NaN	NaN	NaN	0	1	1	0	0	0	0	0	0	0	0	0	1	0	0	0	0	1	1	1	0	1	1	1	0	142.0	0.112	0.311	NaN	NaN	0.267	0.691	NaN	NaN	8.01	24.185	NaN	NaN	0.0	"2.5"	"F0034"	1	1	"PR"	295.354	"deionize"	171.879	1	1	0	852.627	0.0	955.472	null	1251.449	0.091
11.9	0.031075	33937.5	2971.875	2531.25	NaN	NaN	NaN	0	1	1	0	0	0	0	0	0	0	0	0	1	0	0	0	0	1	1	1	0	1	1	1	0	143.0	0.112	0.311	NaN	NaN	0.267	0.691	NaN	NaN	8.01	24.185	NaN	NaN	0.0	"2.5"	"F0034"	1	1	"PR"	305.39	"deionize"	181.915	1	1	0	852.627	0.0	955.472	null	1261.485	0.091
12.6	0.0308	34687.5	2971.875	2606.25	NaN	NaN	NaN	0	1	1	0	0	0	0	0	0	0	0	0	1	0	0	0	0	1	1	1	0	1	1	1	0	151.0	0.112	0.319	NaN	NaN	0.267	0.709	NaN	NaN	8.01	24.815	NaN	NaN	0.0	"2.5"	"F0034"	1	1	"PR"	315.429	"deionize"	191.954	1	1	0	852.627	0.0	955.472	null	1271.524	0.093
13.2	0.0297	30562.5	2981.25	2587.5	NaN	NaN	NaN	0	1	1	0	0	0	0	0	0	0	0	0	1	0	0	0	0	1	1	1	0	1	1	1	0	158.0	0.113	0.317	NaN	NaN	0.269	0.704	NaN	NaN	8.07	24.64	NaN	NaN	0.0	"2.5"	"F0034"	1	1	"PR"	325.464	"deionize"	201.989	1	1	0	852.627	0.0	955.472	null	1281.559	0.091
12.5	0.029975	31875.0	2971.875	2550.0	NaN	NaN	NaN	0	1	1	0	0	0	0	0	0	0	0	0	1	0	0	0	0	1	1	1	0	1	1	1	0	150.0	0.112	0.313	NaN	NaN	0.267	0.696	NaN	NaN	8.01	24.36	NaN	NaN	0.0	"2.5"	"F0034"	1	1	"PR"	335.302	"deionize"	211.827	1	1	0	852.627	0.0	955.472	null	1291.397	0.087
11.8	0.02915	32250.0	2953.125	2681.25	NaN	NaN	NaN	0	1	1	0	0	0	0	0	0	0	0	0	1	0	0	0	0	1	1	1	0	1	1	1	0	142.0	0.11	0.326	NaN	NaN	0.262	0.724	NaN	NaN	7.86	25.34	NaN	NaN	0.0	"2.5"	"F0034"	1	1	"PR"	345.338	"deionize"	221.863	1	1	0	852.627	0.0	955.472	null	1301.433	0.088
12.4	0.02915	33937.5	2981.25	2559.375	NaN	NaN	NaN	0	1	1	0	0	0	0	0	0	0	0	0	1	0	0	0	0	1	1	1	0	1	1	1	0	149.0	0.113	0.314	NaN	NaN	0.269	0.698	NaN	NaN	8.07	24.43	NaN	NaN	0.0	"2.5"	"F0034"	1	1	"PR"	355.376	"deionize"	231.901	1	1	0	852.627	0.0	955.472	null	1311.471	0.087
11.4	0.028875	33187.5	2981.25	2512.5	NaN	NaN	NaN	0	1	1	0	0	0	0	0	0	0	0	0	1	0	0	0	1	1	1	1	0	1	1	1	0	137.0	0.113	0.309	NaN	NaN	0.269	0.687	NaN	NaN	8.07	24.045	NaN	NaN	0.0	"2.5"	"F0034"	1	1	"PR"	365.331	"deionize-uv"	1.722	1	1	0	852.627	0.0	955.472	null	1321.426	0.089
11.9	0.028325	30562.5	2953.125	2512.5	NaN	NaN	NaN	0	1	1	0	0	0	0	0	0	0	0	0	1	0	0	0	1	1	1	1	0	1	1	1	0	143.0	0.11	0.309	NaN	NaN	0.262	0.687	NaN	NaN	7.86	24.045	NaN	NaN	0.0	"2.5"	"F0034"	1	1	"PR"	375.364	"deionize-uv"	11.755	1	1	0	852.627	0.0	955.472	null	1331.459	0.084
13.3	0.027775	32437.5	2971.875	2550.0	NaN	NaN	NaN	0	1	1	0	0	0	0	0	0	0	0	0	1	0	0	0	1	1	1	1	0	1	1	1	0	160.0	0.112	0.313	NaN	NaN	0.267	0.696	NaN	NaN	8.01	24.36	NaN	NaN	0.0	"2.5"	"F0034"	1	1	"PR"	385.4	"deionize-uv"	21.791	1	1	0	852.627	0.0	955.472	null	1341.495	0.084
11.4	0.027225	32250.0	2962.5	2531.25	NaN	NaN	NaN	0	1	1	0	0	0	0	0	0	0	0	0	1	0	0	0	1	1	1	1	0	1	1	1	0	137.0	0.111	0.311	NaN	NaN	0.264	0.691	NaN	NaN	7.92	24.185	NaN	NaN	0.0	"2.5"	"F0034"	1	1	"PR"	395.439	"deionize-uv"	31.83	1	1	0	852.627	0.0	955.472	null	1351.534	0.087
11.5	0.027225	34125.0	2971.875	2540.625	NaN	NaN	NaN	0	1	1	0	0	0	0	0	0	0	0	0	1	0	0	0	1	1	1	1	0	1	1	1	0	138.0	0.112	0.312	NaN	NaN	0.267	0.693	NaN	NaN	8.01	24.255	NaN	NaN	0.0	"2.5"	"F0034"	1	1	"PR"	405.472	"deionize-uv"	41.863	1	1	0	852.627	0.0	955.472	null	1361.567	0.087
10.8	0.027225	33375.0	2962.5	2512.5	NaN	NaN	NaN	0	1	1	0	0	0	0	0	0	0	0	0	1	0	0	0	1	1	1	1	0	1	1	1	0	130.0	0.111	0.309	NaN	NaN	0.264	0.687	NaN	NaN	7.92	24.045	NaN	NaN	0.0	"2.5"	"F0034"	1	1	"PR"	415.511	"deionize-uv"	51.902	1	1	0	852.627	0.0	955.472	null	1371.606	0.086
10.8	0.0264	32625.0	2981.25	2606.25	NaN	NaN	NaN	0	1	1	0	0	0	0	0	0	0	0	0	1	0	0	0	1	1	1	1	0	1	1	1	0	130.0	0.113	0.319	NaN	NaN	0.269	0.709	NaN	NaN	8.07	24.815	NaN	NaN	0.0	"2.5"	"F0034"	1	1	"PR"	425.551	"deionize-uv"	61.942	1	1	0	852.627	0.0	955.472	null	1381.646	0.087
10.8	0.0264	32812.5	2971.875	2531.25	NaN	NaN	NaN	0	1	1	0	0	0	0	0	0	0	0	0	1	0	0	0	1	1	1	1	0	1	1	1	0	130.0	0.112	0.311	NaN	NaN	0.267	0.691	NaN	NaN	8.01	24.185	NaN	NaN	0.0	"2.5"	"F0034"	1	1	"PR"	435.58	"deionize-uv"	71.971	1	1	0	852.627	0.0	955.472	null	1391.675	0.084
11.0	0.026125	34312.5	2962.5	2568.75	NaN	NaN	NaN	0	1	1	0	0	0	0	0	0	0	0	0	1	0	0	0	1	1	1	1	0	1	1	1	0	132.0	0.111	0.315	NaN	NaN	0.264	0.7	NaN	NaN	7.92	24.5	NaN	NaN	0.0	"2.5"	"F0034"	1	1	"PR"	445.613	"deionize-uv"	82.004	1	1	0	852.627	0.0	955.472	null	1401.708	0.086
11.0	0.0253	33562.5	2981.25	2540.625	NaN	NaN	NaN	0	1	1	0	0	0	0	0	0	0	0	0	1	0	0	0	1	1	1	1	0	1	1	1	0	132.0	0.113	0.312	NaN	NaN	0.269	0.693	NaN	NaN	8.07	24.255	NaN	NaN	0.0	"2.5"	"F0034"	1	1	"PR"	455.451	"deionize-uv"	91.842	1	1	0	852.627	0.0	955.472	null	1411.546	0.084
11.2	0.025025	32812.5	2962.5	2512.5	NaN	NaN	NaN	0	1	1	0	0	0	0	0	0	0	0	0	1	0	0	0	1	1	1	1	0	1	1	1	0	134.0	0.111	0.309	NaN	NaN	0.264	0.687	NaN	NaN	7.92	24.045	NaN	NaN	0.0	"2.5"	"F0034"	1	1	"PR"	465.484	"deionize-uv"	101.875	1	1	0	852.627	0.0	955.472	null	1421.579	0.086
10.4	0.025025	31500.0	2981.25	2606.25	NaN	NaN	NaN	0	1	1	0	0	0	0	0	0	0	0	0	1	0	0	0	1	1	1	1	0	1	1	1	0	125.0	0.113	0.319	NaN	NaN	0.269	0.709	NaN	NaN	8.07	24.815	NaN	NaN	0.0	"2.5"	"F0034"	1	1	"PR"	475.523	"deionize-uv"	111.914	1	1	0	852.627	0.0	955.472	null	1431.618	0.088
10.6	0.0253	32437.5	2962.5	2203.125	NaN	NaN	NaN	0	0	1	0	0	0	0	1	0	0	0	0	1	0	0	0	1	1	1	1	0	1	1	1	0	127.0	0.111	0.278	NaN	NaN	0.264	0.618	NaN	NaN	7.92	21.63	NaN	NaN	0.0	"2.5"	"F0034"	1	1	"PR"	485.597	"drip-di-1"	0.913	1	1	0	852.627	0.0	955.472	null	1441.692	0.087
10.3	0.024475	33937.5	2962.5	1940.625	NaN	NaN	NaN	0	0	1	0	0	0	0	1	0	0	0	0	1	0	0	0	1	1	1	1	0	1	1	1	0	124.0	0.111	0.252	NaN	NaN	0.264	0.56	NaN	NaN	7.92	19.6	NaN	NaN	0.0	"2.5"	"F0034"	1	1	"PR"	495.638	"drip-di-1"	10.954	1	1	0	852.627	0.0	955.472	null	1451.733	0.088
-11.9	0.024475	28500.0	2812.5	1987.5	NaN	NaN	NaN	1	0	0	0	0	1	1	0	0	0	0	0	1	1	0	0	0	1	1	0	1	1	1	0	1	-143.0	0.096	0.257	NaN	NaN	0.229	0.571	NaN	NaN	6.87	19.985	NaN	NaN	0.0	"2.5"	"F0034"	1	0	"PR"	505.639	"reverse-f"	5.785	1	1	0	852.627	0.0	955.472	null	1461.734	0.085
-13.3	0.025575	27937.5	2915.625	2221.875	NaN	NaN	NaN	0	0	0	0	0	1	1	0	0	0	0	0	1	0	0	0	0	1	1	0	1	1	1	0	1	-160.0	0.107	0.28	NaN	NaN	0.255	0.622	NaN	NaN	7.65	21.77	NaN	NaN	0.0	"2.5"	"F0034"	1	0	"PR"	515.582	"reverse"	15.728	1	1	0	852.627	0.0	955.472	null	1471.677	0.084
-15.2	0.0275	28500.0	2793.75	2268.75	NaN	NaN	NaN	0	0	0	0	0	1	1	0	0	0	0	0	1	0	0	0	0	1	1	0	1	1	1	0	1	-182.0	0.094	0.285	NaN	NaN	0.224	0.633	NaN	NaN	6.72	22.155	NaN	NaN	0.0	"2.5"	"F0034"	1	0	"PR"	525.618	"reverse"	25.764	1	1	0	852.627	0.0	955.472	null	1481.713	0.084
-12.3	0.03025	30187.5	2793.75	2250.0	NaN	NaN	NaN	0	0	0	0	0	1	1	0	0	0	0	0	1	0	0	0	0	1	1	0	1	1	1	0	1	-148.0	0.094	0.283	NaN	NaN	0.224	0.629	NaN	NaN	6.72	22.015	NaN	NaN	0.0	"2.5"	"F0034"	1	0	"PR"	535.651	"reverse"	35.797	1	1	0	852.627	0.0	955.472	null	1491.746	0.084
-11.0	0.033	28875.0	2821.875	2278.125	NaN	NaN	NaN	0	0	0	0	0	1	1	0	0	0	0	0	1	0	0	0	0	1	1	0	1	1	1	0	1	-132.0	0.097	0.286	NaN	NaN	0.231	0.636	NaN	NaN	6.93	22.26	NaN	NaN	0.0	"2.5"	"F0034"	1	0	"PR"	545.686	"reverse"	45.832	1	1	0	852.627	0.0	955.472	null	1501.781	0.084
-11.7	0.035475	29812.5	2793.75	2287.5	NaN	NaN	NaN	0	0	0	0	0	1	1	0	0	0	0	0	1	0	0	0	0	1	1	0	1	1	1	0	1	-140.0	0.094	0.287	NaN	NaN	0.224	0.638	NaN	NaN	6.72	22.33	NaN	NaN	0.0	"2.5"	"F0034"	1	0	"PR"	555.727	"reverse"	55.873	1	1	0	852.627	0.0	955.472	null	1511.822	0.085
-11.9	0.037125	27187.5	2812.5	2240.625	NaN	NaN	NaN	0	0	0	0	0	1	1	0	0	0	0	0	1	0	0	0	0	1	1	0	1	1	1	0	1	-143.0	0.096	0.282	NaN	NaN	0.229	0.627	NaN	NaN	6.87	21.945	NaN	NaN	0.0	"2.5"	"F0034"	1	0	"PR"	565.562	"reverse"	65.708	1	1	0	852.627	0.0	955.472	null	1521.657	0.09
-12.0	0.0396	28500.0	2821.875	2268.75	NaN	NaN	NaN	0	0	0	0	0	1	1	0	0	0	0	0	1	0	0	0	0	1	1	0	1	1	1	0	1	-144.0	0.097	0.285	NaN	NaN	0.231	0.633	NaN	NaN	6.93	22.155	NaN	NaN	0.0	"2.5"	"F0034"	1	0	"PR"	575.593	"reverse"	75.739	1	1	0	852.627	0.0	955.472	null	1531.688	0.086
-11.5	0.040975	27750.0	2821.875	2278.125	NaN	NaN	NaN	0	0	0	0	0	1	1	0	0	0	0	0	1	0	0	0	0	1	1	0	1	1	1	0	1	-138.0	0.097	0.286	NaN	NaN	0.231	0.636	NaN	NaN	6.93	22.26	NaN	NaN	0.0	"2.5"	"F0034"	1	0	"PR"	585.634	"reverse"	85.78	1	1	0	852.627	0.0	955.472	null	1541.729	0.086
-12.0	0.0429	30000.0	2821.875	2259.375	NaN	NaN	NaN	0	0	0	0	0	1	1	0	0	0	0	0	1	0	0	0	0	1	1	0	1	1	1	0	1	-144.0	0.097	0.284	NaN	NaN	0.231	0.631	NaN	NaN	6.93	22.085	NaN	NaN	0.0	"2.5"	"F0034"	1	0	"PR"	595.67	"reverse"	95.816	1	1	0	852.627	0.0	955.472	null	1551.765	0.084
-11.7	0.043175	28687.5	2821.875	2278.125	NaN	NaN	NaN	0	0	0	0	0	1	1	0	0	0	0	0	1	0	0	0	0	1	1	0	1	1	1	0	1	-140.0	0.097	0.286	NaN	NaN	0.231	0.636	NaN	NaN	6.93	22.26	NaN	NaN	0.0	"2.5"	"F0034"	1	0	"PR"	605.709	"reverse"	105.855	1	1	0	852.627	0.0	955.472	null	1561.804	0.084
-12.0	0.04455	30187.5	2831.25	2259.375	NaN	NaN	NaN	0	0	0	0	0	1	1	0	0	0	0	0	1	0	0	0	0	1	1	0	1	1	1	0	1	-144.0	0.098	0.284	NaN	NaN	0.233	0.631	NaN	NaN	6.99	22.085	NaN	NaN	0.0	"2.5"	"F0034"	1	0	"PR"	615.749	"reverse"	115.895	1	1	0	852.627	0.0	955.472	null	1571.844	0.084
-11.3	0.044825	24562.5	2831.25	2296.875	NaN	NaN	NaN	0	0	0	0	0	1	1	0	0	0	0	0	1	0	0	0	0	1	1	0	1	1	1	0	1	-136.0	0.098	0.288	NaN	NaN	0.233	0.64	NaN	NaN	6.99	22.4	NaN	NaN	0.0	"2.5"	"F0034"	1	0	"PR"	625.784	"reverse"	125.93	1	1	0	852.627	0.0	955.472	null	1581.879	0.084
-12.0	0.045925	28500.0	2821.875	2259.375	NaN	NaN	NaN	0	0	0	0	0	1	1	0	0	0	0	0	1	0	0	0	0	1	1	0	1	1	1	0	1	-144.0	0.097	0.284	NaN	NaN	0.231	0.631	NaN	NaN	6.93	22.085	NaN	NaN	0.0	"2.5"	"F0034"	1	0	"PR"	635.621	"reverse"	135.767	1	1	0	852.627	0.0	955.472	null	1591.716	0.09
-12.2	0.0462	28500.0	2812.5	2250.0	NaN	NaN	NaN	0	0	0	0	0	1	1	0	0	0	0	0	1	0	0	0	0	1	1	0	1	1	1	0	1	-146.0	0.096	0.283	NaN	NaN	0.229	0.629	NaN	NaN	6.87	22.015	NaN	NaN	0.0	"2.5"	"F0034"	1	0	"PR"	645.657	"reverse"	145.803	1	1	0	852.627	0.0	955.472	null	1601.752	0.093
-0.8	0.04565	562.5	2971.875	2296.875	NaN	NaN	NaN	0	0	0	0	0	0	0	0	0	0	0	0	0	0	0	0	0	0	0	0	1	0	0	0	1	-10.0	0.112	0.288	NaN	NaN	0.267	0.64	NaN	NaN	8.01	22.4	NaN	NaN	0.0	"2.5"	"F0034"	0	0	"PR"	655.777	"diffuse"	5.906	1	1	1	852.627	0.0	955.472	null	1611.872	0.084
-0.4	0.046475	937.5	2981.25	2278.125	NaN	NaN	NaN	0	0	0	0	0	0	0	0	0	0	0	0	0	0	0	0	0	0	0	0	1	0	0	0	1	-5.0	0.113	0.286	NaN	NaN	0.269	0.636	NaN	NaN	8.07	22.26	NaN	NaN	0.0	"2.5"	"F0034"	0	0	"PR"	665.815	"diffuse"	15.944	1	1	1	852.627	0.0	955.472	null	1621.91	0.084
-0.3	0.046475	1312.5	2981.25	2278.125	NaN	NaN	NaN	0	0	0	0	0	0	0	0	0	0	0	0	0	0	0	0	0	0	0	0	1	0	0	0	1	-4.0	0.113	0.286	NaN	NaN	0.269	0.636	NaN	NaN	8.07	22.26	NaN	NaN	0.0	"2.5"	"F0034"	0	0	"PR"	675.851	"diffuse"	25.98	1	1	1	852.627	0.0	955.472	null	1631.946	0.084
-11.9	0.0462	28500.0	2793.75	2268.75	NaN	NaN	NaN	0	0	0	0	0	1	1	0	0	0	0	0	1	0	0	0	0	1	1	0	1	1	1	0	1	-143.0	0.094	0.285	NaN	NaN	0.224	0.633	NaN	NaN	6.72	22.155	NaN	NaN	0.0	"2.5"	"F0034"	1	0	"PR"	685.777	"wash-en"	5.711	1	1	1	852.627	0.0	955.472	null	1641.872	0.091
-12.0	0.046475	27562.5	2831.25	2250.0	NaN	NaN	NaN	0	0	0	0	0	1	1	0	0	0	0	0	1	0	0	0	0	1	1	0	1	1	1	0	1	-144.0	0.098	0.283	NaN	NaN	0.233	0.629	NaN	NaN	6.99	22.015	NaN	NaN	0.0	"2.5"	"F0034"	1	0	"PR"	695.817	"wash-en"	15.751	1	1	1	852.627	0.0	955.472	null	1651.912	0.092
0.7	0.047575	30187.5	2840.625	2268.75	NaN	NaN	NaN	0	0	0	0	0	1	1	0	0	0	0	0	1	0	0	0	0	0	0	0	1	0	0	0	1	8.0	0.099	0.285	NaN	NaN	0.236	0.633	NaN	NaN	7.08	22.155	NaN	NaN	0.0	"2.5"	"F0034"	0	0	"PR"	705.748	"wash-sc"	5.515	1	1	1	852.627	0.0	955.472	null	1661.843	0.094
-0.8	0.047575	0.0	2981.25	2278.125	NaN	NaN	NaN	0	0	0	0	0	0	0	0	0	0	0	0	0	0	0	0	0	0	0	0	1	0	0	0	1	-10.0	0.113	0.286	NaN	NaN	0.269	0.636	NaN	NaN	8.07	22.26	NaN	NaN	0.0	"2.5"	"F0034"	0	0	"PR"	715.784	"diffuse"	5.418	1	1	2	852.627	0.0	955.472	null	1671.879	0.087
-0.4	0.0473	187.5	3000.0	2278.125	NaN	NaN	NaN	0	0	0	0	0	0	0	0	0	0	0	0	0	0	0	0	0	0	0	0	1	0	0	0	1	-5.0	0.115	0.286	NaN	NaN	0.274	0.636	NaN	NaN	8.22	22.26	NaN	NaN	0.0	"2.5"	"F0034"	0	0	"PR"	725.823	"diffuse"	15.457	1	1	2	852.627	0.0	955.472	null	1681.918	0.093
-0.6	0.047575	1125.0	2981.25	2268.75	NaN	NaN	NaN	0	0	0	0	0	0	0	0	0	0	0	0	0	0	0	0	0	0	0	0	1	0	0	0	1	-7.0	0.113	0.285	NaN	NaN	0.269	0.633	NaN	NaN	8.07	22.155	NaN	NaN	0.0	"2.5"	"F0034"	0	0	"PR"	735.857	"diffuse"	25.491	1	1	2	852.627	0.0	955.472	null	1691.952	0.09
-11.4	0.0473	29437.5	2803.125	2268.75	NaN	NaN	NaN	0	0	0	0	0	1	1	0	0	0	0	0	1	0	0	0	0	1	1	0	1	1	1	0	1	-137.0	0.095	0.285	NaN	NaN	0.226	0.633	NaN	NaN	6.78	22.155	NaN	NaN	0.0	"2.5"	"F0034"	1	0	"PR"	745.784	"wash-en"	5.312	1	1	2	852.627	0.0	955.472	null	1701.879	0.09
-12.0	0.0473	28500.0	2803.125	2259.375	NaN	NaN	NaN	0	0	0	0	0	1	1	0	0	0	0	0	1	0	0	0	0	1	1	0	1	1	1	0	1	-144.0	0.095	0.284	NaN	NaN	0.226	0.631	NaN	NaN	6.78	22.085	NaN	NaN	0.0	"2.5"	"F0034"	1	0	"PR"	755.824	"wash-en"	15.352	1	1	2	852.627	0.0	955.472	null	1711.919	0.092
0.4	0.04785	30562.5	2784.375	2278.125	NaN	NaN	NaN	0	0	0	0	0	1	1	0	0	0	0	0	1	0	0	0	0	0	0	0	1	0	0	0	1	5.0	0.093	0.286	NaN	NaN	0.221	0.636	NaN	NaN	6.63	22.26	NaN	NaN	0.0	"2.5"	"F0034"	0	0	"PR"	765.948	"wash-sc"	5.305	1	1	2	852.627	0.0	955.472	null	1722.043	0.091
-0.4	0.04785	-375.0	2943.75	2278.125	NaN	NaN	NaN	0	0	0	0	0	0	0	0	0	0	0	0	0	0	0	0	0	0	0	0	1	0	0	0	1	-5.0	0.109	0.286	NaN	NaN	0.26	0.636	NaN	NaN	7.8	22.26	NaN	NaN	0.0	"2.5"	"F0034"	0	0	"PR"	775.781	"diffuse"	5.014	1	1	3	852.627	0.0	955.472	null	1731.876	0.091
0.6	0.0473	0.0	2981.25	2268.75	NaN	NaN	NaN	0	0	0	0	0	0	0	0	0	0	0	0	0	0	0	0	0	0	0	0	1	0	0	0	1	7.0	0.113	0.285	NaN	NaN	0.269	0.633	NaN	NaN	8.07	22.155	NaN	NaN	0.0	"2.5"	"F0034"	0	0	"PR"	785.821	"diffuse"	15.054	1	1	3	852.627	0.0	955.472	null	1741.916	0.093
0.1	0.048125	1312.5	2981.25	2306.25	NaN	NaN	NaN	0	0	0	0	0	0	0	0	0	0	0	0	0	0	0	0	0	0	0	0	1	0	0	0	1	1.0	0.113	0.289	NaN	NaN	0.269	0.642	NaN	NaN	8.07	22.47	NaN	NaN	0.0	"2.5"	"F0034"	0	0	"PR"	795.855	"diffuse"	25.088	1	1	3	852.627	0.0	955.472	null	1751.95	0.094
-12.7	0.0473	27562.5	2793.75	2268.75	NaN	NaN	NaN	0	0	0	0	0	1	1	0	0	0	0	0	1	0	0	0	0	1	1	0	1	1	1	0	1	-152.0	0.094	0.285	NaN	NaN	0.224	0.633	NaN	NaN	6.72	22.155	NaN	NaN	0.0	"2.5"	"F0034"	1	0	"PR"	805.979	"wash-en"	5.105	1	1	3	852.627	0.0	955.472	null	1762.074	0.088
-11.4	0.0473	30187.5	2775.0	2278.125	NaN	NaN	NaN	0	0	0	0	0	1	1	0	0	0	0	0	1	0	0	0	0	1	1	0	1	1	1	0	1	-137.0	0.093	0.286	NaN	NaN	0.221	0.636	NaN	NaN	6.63	22.26	NaN	NaN	0.0	"2.5"	"F0034"	1	0	"PR"	816.01	"wash-en"	15.136	1	1	3	852.627	0.0	955.472	null	1772.105	0.088
0.8	0.047025	29250.0	2821.875	2278.125	NaN	NaN	NaN	0	0	0	0	0	1	1	0	0	0	0	0	1	0	0	0	0	0	0	0	1	0	0	0	1	10.0	0.097	0.286	NaN	NaN	0.231	0.636	NaN	NaN	6.93	22.26	NaN	NaN	0.0	"2.5"	"F0034"	0	0	"PR"	825.94	"wash-sc"	4.911	1	1	3	852.627	0.0	955.472	null	1782.035	0.092
0.6	0.047575	1125.0	3000.0	2306.25	NaN	NaN	NaN	0	0	0	0	0	0	0	0	0	0	0	0	0	0	0	0	0	0	0	0	1	0	0	0	1	7.0	0.115	0.289	NaN	NaN	0.274	0.642	NaN	NaN	8.22	22.47	NaN	NaN	0.0	"2.5"	"F0034"	0	0	"PR"	835.975	"diffuse"	4.817	1	1	4	852.627	0.0	955.472	null	1792.07	0.09
1.3	0.047575	937.5	3000.0	2278.125	NaN	NaN	NaN	0	0	0	0	0	0	0	0	0	0	0	0	0	0	0	0	0	0	0	0	1	0	0	0	1	16.0	0.115	0.286	NaN	NaN	0.274	0.636	NaN	NaN	8.22	22.26	NaN	NaN	0.0	"2.5"	"F0034"	0	0	"PR"	846.013	"diffuse"	14.855	1	1	4	852.627	0.0	955.472	null	1802.108	0.088
0.6	0.0473	1500.0	2981.25	2287.5	NaN	NaN	NaN	0	0	0	0	0	0	0	0	0	0	0	0	0	0	0	0	0	0	0	0	1	0	0	0	1	7.0	0.113	0.287	NaN	NaN	0.269	0.638	NaN	NaN	8.07	22.33	NaN	NaN	0.0	"2.5"	"F0034"	0	0	"PR"	856.049	"diffuse"	24.891	1	1	4	852.627	0.0	955.472	null	1812.144	0.09
-12.0	0.047025	27937.5	2821.875	2268.75	NaN	NaN	NaN	0	0	0	0	0	1	1	0	0	0	0	0	1	0	0	0	0	1	1	0	1	1	1	0	1	-144.0	0.097	0.285	NaN	NaN	0.231	0.633	NaN	NaN	6.93	22.155	NaN	NaN	0.0	"2.5"	"F0034"	1	0	"PR"	865.964	"wash-en"	4.7	1	1	4	852.627	0.0	955.472	null	1822.059	0.09
-11.9	0.0473	30000.0	2850.0	2259.375	NaN	NaN	NaN	0	0	0	0	0	1	1	0	0	0	0	0	1	0	0	0	0	1	1	0	1	1	1	0	1	-143.0	0.1	0.284	NaN	NaN	0.238	0.631	NaN	NaN	7.14	22.085	NaN	NaN	0.0	"2.5"	"F0034"	1	0	"PR"	875.991	"wash-en"	14.727	1	1	4	852.627	0.0	955.472	null	1832.086	0.089
1.5	0.0473	29062.5	2859.375	2278.125	NaN	NaN	NaN	0	0	0	0	0	1	1	0	0	0	0	0	1	0	0	0	0	0	0	0	1	0	0	0	1	18.0	0.101	0.286	NaN	NaN	0.24	0.636	NaN	NaN	7.2	22.26	NaN	NaN	0.0	"2.5"	"F0034"	0	0	"PR"	885.919	"wash-sc"	4.512	1	1	4	852.627	0.0	955.472	null	1842.014	0.093
1.3	0.047575	-1312.5	2606.25	2306.25	NaN	NaN	NaN	0	0	0	0	1	0	0	0	0	0	0	0	0	0	0	0	0	0	0	0	1	0	0	0	1	16.0	0.076	0.289	NaN	NaN	0.181	0.642	NaN	NaN	5.43	22.47	NaN	NaN	0.0	"2.5"	"F0034"	0	0	"PR"	895.955	"drain-rg"	4.415	1	1	4	852.627	0.0	955.472	null	1852.05	0.084
0.8	0.047575	-1312.5	2259.375	2278.125	NaN	NaN	NaN	0	0	0	0	1	0	0	0	0	0	0	0	0	0	0	0	0	0	0	0	1	0	0	0	1	10.0	0.041	0.286	NaN	NaN	0.098	0.636	NaN	NaN	2.94	22.26	NaN	NaN	0.0	"2.5"	"F0034"	0	0	"PR"	905.99	"drain-rg"	14.45	1	1	4	852.627	0.0	955.472	null	1862.085	0.086
1.4	0.0473	-1125.0	1950.0	2287.5	NaN	NaN	NaN	0	0	0	0	1	0	0	0	0	0	0	0	0	0	0	0	0	0	0	0	1	0	0	0	1	17.0	0.01	0.287	NaN	NaN	0.024	0.638	NaN	NaN	0.72	22.33	NaN	NaN	0.0	"2.5"	"F0034"	0	0	"PR"	916.029	"drain-rg"	24.489	1	1	4	852.627	0.0	955.472	null	1872.124	0.093
0.6	0.047575	-1125.0	1368.75	2287.5	NaN	NaN	NaN	0	0	0	0	1	0	0	0	0	0	0	0	0	0	0	0	0	0	0	0	1	0	0	0	1	7.0	-0.048	0.287	NaN	NaN	-0.114	0.638	NaN	NaN	-3.42	22.33	NaN	NaN	0.0	"2.5"	"F0034"	0	0	"PR"	926.062	"drip-rg"	8.427	1	1	4	852.627	0.0	955.472	null	1882.157	0.091
-1.0	0.0473	25687.5	1425.0	2184.375	NaN	NaN	NaN	0	0	1	0	0	1	0	0	0	0	0	0	1	0	0	0	0	0	0	0	1	0	0	0	1	-12.0	-0.043	0.276	NaN	NaN	-0.102	0.613	NaN	NaN	-3.06	21.455	NaN	NaN	0.0	"2.5"	"F0034"	0	0	"FR"	2.629	"fill-rg-di"	2.429	2	1	0	1888.981	0.0	955.472	null	1892.236	0.092
-0.4	0.046475	26625.0	2015.625	1950.0	NaN	NaN	NaN	0	0	1	0	0	1	0	0	0	0	0	0	1	0	0	0	0	0	0	0	1	0	0	0	1	-5.0	0.017	0.253	NaN	NaN	0.04	0.562	NaN	NaN	1.2	19.67	NaN	NaN	0.0	"2.5"	"F0034"	0	0	"FR"	12.467	"fill-rg-di"	12.267	2	1	0	1888.981	0.0	955.472	null	1902.074	0.087
0.1	0.0451	26437.5	2343.75	1715.625	NaN	NaN	NaN	0	0	1	0	0	1	0	0	0	0	0	0	1	0	0	0	0	0	0	0	1	0	0	0	1	1.0	0.049	0.23	NaN	NaN	0.117	0.511	NaN	NaN	3.51	17.885	NaN	NaN	0.0	"2.5"	"F0034"	0	0	"FR"	22.504	"fill-rg-di"	22.304	2	1	0	1888.981	0.0	955.472	null	1912.111	0.087
0.3	0.0429	29625.0	2690.625	1434.375	NaN	NaN	NaN	0	0	1	0	0	1	0	0	0	0	0	0	1	0	0	0	0	0	0	0	1	0	0	0	1	4.0	0.084	0.201	NaN	NaN	0.2	0.447	NaN	NaN	6.0	15.645	NaN	NaN	0.0	"2.5"	"F0034"	0	0	"FR"	32.541	"fill-rg-di"	32.341	2	1	0	1888.981	0.0	955.472	null	1922.148	0.084
-0.4	0.041525	29812.5	2981.25	1228.125	NaN	NaN	NaN	0	0	1	0	0	1	0	0	0	0	0	0	1	0	0	0	0	0	0	0	1	0	0	0	1	-5.0	0.113	0.181	NaN	NaN	0.269	0.402	NaN	NaN	8.07	14.07	NaN	NaN	0.0	"2.5"	"F0034"	0	0	"FR"	42.574	"fill-rg-di"	42.374	2	1	0	1888.981	0.0	955.472	null	1932.181	0.086
0.3	0.041525	27937.5	3281.25	984.375	NaN	NaN	NaN	0	0	0	0	0	1	1	0	0	0	0	0	1	0	0	0	0	0	0	0	1	0	0	0	1	4.0	0.143	0.156	NaN	NaN	0.34	0.347	NaN	NaN	10.2	12.145	NaN	NaN	0.0	"2.5"	"F0034"	0	0	"FR"	52.616	"wash-rg"	0.201	2	1	0	1888.981	0.0	955.472	null	1942.223	0.092
1.0	0.040975	375.0	2690.625	975.0	NaN	NaN	NaN	0	0	0	0	1	0	0	0	0	0	0	0	0	0	0	0	0	0	0	0	1	0	0	0	1	12.0	0.084	0.155	NaN	NaN	0.2	0.344	NaN	NaN	6.0	12.04	NaN	NaN	0.0	"2.5"	"F0034"	0	0	"FR"	62.649	"drain-rg"	10.033	2	1	0	1888.981	0.0	955.472	null	1952.256	0.086
0.7	0.0407	1125.0	2371.875	965.625	NaN	NaN	NaN	0	0	0	0	1	0	0	0	0	0	0	0	0	0	0	0	0	0	0	0	1	0	0	0	1	8.0	0.052	0.155	NaN	NaN	0.124	0.344	NaN	NaN	3.72	12.04	NaN	NaN	0.0	"2.5"	"F0034"	0	0	"FR"	72.683	"drain-rg"	20.067	2	1	0	1888.981	0.0	955.472	null	1962.29	0.084
0.4	0.040425	1125.0	2015.625	956.25	NaN	NaN	NaN	0	0	0	0	1	0	0	0	0	0	0	0	0	0	0	0	0	0	0	0	1	0	0	0	1	5.0	0.017	0.154	NaN	NaN	0.04	0.342	NaN	NaN	1.2	11.97	NaN	NaN	0.0	"2.5"	"F0034"	0	0	"FR"	82.722	"drain-rg"	30.106	2	1	0	1888.981	0.0	955.472	null	1972.329	0.086
0.7	0.040975	1312.5	1556.25	975.0	NaN	NaN	NaN	0	0	0	0	1	0	0	0	0	0	0	0	0	0	0	0	0	0	0	0	1	0	0	0	1	8.0	-0.029	0.155	NaN	NaN	-0.069	0.344	NaN	NaN	-2.07	12.04	NaN	NaN	0.0	"2.5"	"F0034"	0	0	"FR"	92.751	"drip-rg"	5.614	2	1	0	1888.981	0.0	955.472	null	1982.358	0.09
0.3	0.04125	1500.0	9.375	965.625	NaN	NaN	NaN	0	0	0	0	0	0	0	0	0	0	0	0	0	0	0	0	0	0	0	0	1	0	0	0	1	4.0	-0.184	0.155	NaN	NaN	-0.438	0.344	NaN	NaN	-13.14	12.04	NaN	NaN	0.0	"2.5"	"F0034"	0	0	"FR"	102.384	"end"	0.201	2	2	0	1888.981	0.0	955.472	null	1991.991	0.107
-0.1	0.04015	27562.5	1912.5	759.375	NaN	NaN	NaN	0	0	1	0	0	1	0	0	0	0	0	0	1	0	0	0	0	0	0	0	1	0	0	0	1	-1.0	0.006	0.134	NaN	NaN	0.014	0.298	NaN	NaN	0.42	10.43	NaN	NaN	0.0	"2.5"	"F0034"	0	0	"PR"	9.658	"fill-rg-di"	9.457	2	0	0	1888.981	0.0	1991.991	null	2002.276	0.084
0.6	0.0396	27187.5	2296.875	487.5	NaN	NaN	NaN	0	0	1	0	0	1	0	0	0	0	0	0	1	0	0	0	0	0	0	0	1	0	0	0	1	7.0	0.045	0.107	NaN	NaN	0.107	0.238	NaN	NaN	3.21	8.33	NaN	NaN	0.0	"2.5"	"F0034"	0	0	"PR"	19.699	"fill-rg-di"	19.498	2	0	0	1888.981	0.0	1991.991	null	2012.317	0.086
1.6	0.03905	28125.0	2587.5	206.25	NaN	NaN	NaN	0	0	1	0	0	1	0	0	0	0	0	0	1	0	0	0	0	0	0	0	1	0	0	0	1	19.0	0.074	0.079	NaN	NaN	0.176	0.176	NaN	NaN	5.28	6.16	NaN	NaN	0.0	"2.5"	"F0034"	0	0	"PR"	29.734	"fill-rg-di"	29.533	2	0	0	1888.981	0.0	1991.991	null	2022.352	0.086
0.8	0.03795	2250.0	2784.375	140.625	NaN	NaN	NaN	1	0	0	0	0	0	0	0	0	0	0	0	0	1	0	0	0	0	0	0	1	0	0	0	1	10.0	0.093	0.072	NaN	NaN	0.221	0.16	NaN	NaN	6.63	5.6	NaN	NaN	0.0	"2.5"	"F0034"	0	0	"PR"	39.771	"fill-di-lb"	3.011	2	0	0	1888.981	0.0	1991.991	null	2032.389	0.086
0.7	0.038225	2625.0	2793.75	431.25	NaN	NaN	NaN	1	0	0	0	0	0	0	0	0	0	0	0	0	1	0	0	0	0	0	0	1	0	0	0	1	8.0	0.094	0.101	NaN	NaN	0.224	0.224	NaN	NaN	6.72	7.84	NaN	NaN	0.0	"2.5"	"F0034"	0	0	"PR"	49.612	"fill-di-lb"	12.852	2	0	0	1888.981	0.0	1991.991	null	2042.23	0.089
0.5	0.037675	2437.5	2784.375	731.25	NaN	NaN	NaN	1	0	0	0	0	0	0	0	0	0	0	0	0	1	0	0	0	0	0	0	1	0	0	0	1	6.0	0.093	0.131	NaN	NaN	0.221	0.291	NaN	NaN	6.63	10.185	NaN	NaN	0.0	"2.5"	"F0034"	0	0	"PR"	59.646	"fill-di-lb"	22.886	2	0	0	1888.981	0.0	1991.991	null	2052.264	0.084
0.3	0.0385	1125.0	2784.375	1031.25	NaN	NaN	NaN	1	0	0	0	0	0	0	0	0	0	0	0	0	1	0	0	0	0	0	0	1	0	0	0	1	4.0	0.093	0.161	NaN	NaN	0.221	0.358	NaN	NaN	6.63	12.53	NaN	NaN	0.0	"2.5"	"F0034"	0	0	"PR"	69.683	"fill-di-lb"	32.923	2	0	0	1888.981	0.0	1991.991	null	2062.301	0.084
0.6	0.038225	1875.0	2784.375	1303.125	NaN	NaN	NaN	1	0	0	0	0	0	0	0	0	0	0	0	0	1	0	0	0	0	0	0	1	0	0	0	1	7.0	0.093	0.188	NaN	NaN	0.221	0.418	NaN	NaN	6.63	14.63	NaN	NaN	0.0	"2.5"	"F0034"	0	0	"PR"	79.723	"fill-di-lb"	42.963	2	0	0	1888.981	0.0	1991.991	null	2072.341	0.083
0.3	0.037675	1687.5	2784.375	1603.125	NaN	NaN	NaN	1	0	0	0	0	0	0	0	0	0	0	0	0	1	0	0	0	0	0	0	1	0	0	0	1	4.0	0.093	0.218	NaN	NaN	0.221	0.484	NaN	NaN	6.63	16.94	NaN	NaN	0.0	"2.5"	"F0034"	0	0	"PR"	89.761	"fill-di-lb"	53.001	2	0	0	1888.981	0.0	1991.991	null	2082.379	0.084
0.3	0.037675	2812.5	2784.375	1912.5	NaN	NaN	NaN	1	0	0	0	0	0	0	0	0	0	0	0	0	1	0	0	0	0	0	0	1	0	0	0	1	4.0	0.093	0.249	NaN	NaN	0.221	0.553	NaN	NaN	6.63	19.355	NaN	NaN	0.0	"2.5"	"F0034"	0	0	"PR"	99.802	"fill-di-lb"	63.042	2	0	0	1888.981	0.0	1991.991	null	2092.42	0.083
1.3	0.038225	1687.5	2756.25	2165.625	NaN	NaN	NaN	1	0	0	0	0	0	0	0	0	0	0	0	0	1	0	0	0	0	0	0	1	0	0	0	1	16.0	0.091	0.275	NaN	NaN	0.217	0.611	NaN	NaN	6.51	21.385	NaN	NaN	0.0	"2.5"	"F0034"	0	0	"PR"	109.839	"fill-di-lb"	73.079	2	0	0	1888.981	0.0	1991.991	null	2102.457	0.084
0.3	0.038775	1875.0	2962.5	2175.0	NaN	NaN	NaN	1	0	0	0	0	0	0	0	0	0	0	0	0	1	0	0	0	0	0	0	1	0	0	0	1	4.0	0.111	0.276	NaN	NaN	0.264	0.613	NaN	NaN	7.92	21.455	NaN	NaN	0.0	"2.5"	"F0034"	0	0	"PR"	119.874	"fill-di"	2.207	2	0	0	1888.981	0.0	1991.991	null	2112.492	0.084
-11.6	0.0385	32062.5	2962.5	2625.0	NaN	NaN	NaN	0	1	1	0	0	0	0	0	0	0	0	0	1	0	0	0	0	1	1	0	1	1	1	0	1	-139.0	0.111	0.321	NaN	NaN	0.264	0.713	NaN	NaN	7.92	24.955	NaN	NaN	0.0	"2.5"	"F0034"	1	0	"PR"	129.728	"deionize"	7.042	2	1	0	1888.981	0.0	1991.991	null	2122.346	0.084
-12.1	0.0385	32812.5	2953.125	2559.375	NaN	NaN	NaN	0	1	1	0	0	0	0	0	0	0	0	0	1	0	0	0	0	1	1	0	1	1	1	0	1	-145.0	0.11	0.314	NaN	NaN	0.262	0.698	NaN	NaN	7.86	24.43	NaN	NaN	0.0	"2.5"	"F0034"	1	0	"PR"	139.768	"deionize"	17.082	2	1	0	1888.981	0.0	1991.991	null	2132.386	0.084
-11.9	0.038225	33187.5	2943.75	2596.875	NaN	NaN	NaN	0	1	1	0	0	0	0	0	0	0	0	0	1	0	0	0	0	1	1	0	1	1	1	0	1	-143.0	0.109	0.318	NaN	NaN	0.26	0.707	NaN	NaN	7.8	24.745	NaN	NaN	0.0	"2.5"	"F0034"	1	0	"PR"	149.81	"deionize"	27.124	2	1	0	1888.981	0.0	1991.991	null	2142.428	0.087
-12.2	0.037675	32625.0	2981.25	2568.75	NaN	NaN	NaN	0	1	1	0	0	0	0	0	0	0	0	0	1	0	0	0	0	1	1	0	1	1	1	0	1	-146.0	0.113	0.315	NaN	NaN	0.269	0.7	NaN	NaN	8.07	24.5	NaN	NaN	0.0	"2.5"	"F0034"	1	0	"PR"	159.847	"deionize"	37.161	2	1	0	1888.981	0.0	1991.991	null	2152.465	0.087
-13.3	0.037125	33937.5	2953.125	2540.625	NaN	NaN	NaN	0	1	1	0	0	0	0	0	0	0	0	0	1	0	0	0	0	1	1	0	1	1	1	0	1	-160.0	0.11	0.312	NaN	NaN	0.262	0.693	NaN	NaN	7.86	24.255	NaN	NaN	0.0	"2.5"	"F0034"	1	0	"PR"	169.887	"deionize"	47.201	2	1	0	1888.981	0.0	1991.991	null	2162.505	0.086
-12.0	0.0363	31125.0	2962.5	2550.0	NaN	NaN	NaN	0	1	1	0	0	0	0	0	0	0	0	0	1	0	0	0	0	1	1	0	1	1	1	0	1	-144.0	0.111	0.313	NaN	NaN	0.264	0.696	NaN	NaN	7.92	24.36	NaN	NaN	0.0	"2.5"	"F0034"	1	0	"PR"	179.925	"deionize"	57.239	2	1	0	1888.981	0.0	1991.991	null	2172.543	0.084
-11.8	0.0363	33937.5	2953.125	2578.125	NaN	NaN	NaN	0	1	1	0	0	0	0	0	0	0	0	0	1	0	0	0	0	1	1	0	1	1	1	0	1	-142.0	0.11	0.316	NaN	NaN	0.262	0.702	NaN	NaN	7.86	24.57	NaN	NaN	0.0	"2.5"	"F0034"	1	0	"PR"	189.964	"deionize"	67.278	2	1	0	1888.981	0.0	1991.991	null	2182.582	0.086
-13.2	0.03575	32812.5	2953.125	2550.0	NaN	NaN	NaN	0	1	1	0	0	0	0	0	0	0	0	0	1	0	0	0	0	1	1	0	1	1	1	0	1	-158.0	0.11	0.313	NaN	NaN	0.262	0.696	NaN	NaN	7.86	24.36	NaN	NaN	0.0	"2.5"	"F0034"	1	0	"PR"	199.804	"deionize"	77.118	2	1	0	1888.981	0.0	1991.991	null	2192.422	0.093
-12.0	0.034925	32062.5	2981.25	2559.375	NaN	NaN	NaN	0	1	1	0	0	0	0	0	0	0	0	0	1	0	0	0	0	1	1	0	1	1	1	0	1	-144.0	0.113	0.314	NaN	NaN	0.269	0.698	NaN	NaN	8.07	24.43	NaN	NaN	0.0	"2.5"	"F0034"	1	0	"PR"	209.842	"deionize"	87.156	2	1	0	1888.981	0.0	1991.991	null	2202.46	0.091
-11.4	0.034925	32812.5	2962.5	2568.75	NaN	NaN	NaN	0	1	1	0	0	0	0	0	0	0	0	0	1	0	0	0	0	1	1	0	1	1	1	0	1	-137.0	0.111	0.315	NaN	NaN	0.264	0.7	NaN	NaN	7.92	24.5	NaN	NaN	0.0	"2.5"	"F0034"	1	0	"PR"	219.881	"deionize"	97.195	2	1	0	1888.981	0.0	1991.991	null	2212.499	0.084
-12.0	0.0341	31687.5	2943.75	2596.875	NaN	NaN	NaN	0	1	1	0	0	0	0	0	0	0	0	0	1	0	0	0	0	1	1	0	1	1	1	0	1	-144.0	0.109	0.318	NaN	NaN	0.26	0.707	NaN	NaN	7.8	24.745	NaN	NaN	0.0	"2.5"	"F0034"	1	0	"PR"	229.921	"deionize"	107.235	2	1	0	1888.981	0.0	1991.991	null	2222.539	0.085
-11.8	0.033825	32250.0	2943.75	2531.25	NaN	NaN	NaN	0	1	1	0	0	0	0	0	0	0	0	0	1	0	0	0	0	1	1	0	1	1	1	0	1	-142.0	0.109	0.311	NaN	NaN	0.26	0.691	NaN	NaN	7.8	24.185	NaN	NaN	0.0	"2.5"	"F0034"	1	0	"PR"	239.956	"deionize"	117.27	2	1	0	1888.981	0.0	1991.991	null	2232.574	0.087
-12.1	0.03355	31500.0	2943.75	2550.0	NaN	NaN	NaN	0	1	1	0	0	0	0	0	0	0	0	0	1	0	0	0	0	1	1	0	1	1	1	0	1	-145.0	0.109	0.313	NaN	NaN	0.26	0.696	NaN	NaN	7.8	24.36	NaN	NaN	0.0	"2.5"	"F0034"	1	0	"PR"	249.997	"deionize"	127.311	2	1	0	1888.981	0.0	1991.991	null	2242.615	0.088
-12.7	0.03245	33187.5	2943.75	2559.375	NaN	NaN	NaN	0	1	1	0	0	0	0	0	0	0	0	0	1	0	0	0	0	1	1	0	1	1	1	0	1	-152.0	0.109	0.314	NaN	NaN	0.26	0.698	NaN	NaN	7.8	24.43	NaN	NaN	0.0	"2.5"	"F0034"	1	0	"PR"	260.034	"deionize"	137.348	2	1	0	1888.981	0.0	1991.991	null	2252.652	0.084
-12.2	0.0319	34687.5	2953.125	2578.125	NaN	NaN	NaN	0	1	1	0	0	0	0	0	0	0	0	0	1	0	0	0	0	1	1	0	1	1	1	0	1	-146.0	0.11	0.316	NaN	NaN	0.262	0.702	NaN	NaN	7.86	24.57	NaN	NaN	0.0	"2.5"	"F0034"	1	0	"PR"	269.872	"deionize"	147.186	2	1	0	1888.981	0.0	1991.991	null	2262.49	0.091
-12.4	0.031625	33937.5	2943.75	2587.5	NaN	NaN	NaN	0	1	1	0	0	0	0	0	0	0	0	0	1	0	0	0	0	1	1	0	1	1	1	0	1	-149.0	0.109	0.317	NaN	NaN	0.26	0.704	NaN	NaN	7.8	24.64	NaN	NaN	0.0	"2.5"	"F0034"	1	0	"PR"	279.911	"deionize"	157.225	2	1	0	1888.981	0.0	1991.991	null	2272.529	0.093
-12.7	0.03135	32250.0	2943.75	2587.5	NaN	NaN	NaN	0	1	1	0	0	0	0	0	0	0	0	0	1	0	0	0	0	1	1	0	1	1	1	0	1	-152.0	0.109	0.317	NaN	NaN	0.26	0.704	NaN	NaN	7.8	24.64	NaN	NaN	0.0	"2.5"	"F0034"	1	0	"PR"	289.948	"deionize"	167.262	2	1	0	1888.981	0.0	1991.991	null	2282.566	0.088
-11.1	0.030525	30000.0	2943.75	2550.0	NaN	NaN	NaN	0	1	1	0	0	0	0	0	0	0	0	0	1	0	0	0	0	1	1	0	1	1	1	0	1	-133.0	0.109	0.313	NaN	NaN	0.26	0.696	NaN	NaN	7.8	24.36	NaN	NaN	0.0	"2.5"	"F0034"	1	0	"PR"	299.986	"deionize"	177.3	2	1	0	1888.981	0.0	1991.991	null	2292.604	0.091
-12.8	0.03025	30375.0	2943.75	2587.5	NaN	NaN	NaN	0	1	1	0	0	0	0	0	0	0	0	0	1	0	0	0	0	1	1	0	1	1	1	0	1	-154.0	0.109	0.317	NaN	NaN	0.26	0.704	NaN	NaN	7.8	24.64	NaN	NaN	0.0	"2.5"	"F0034"	1	0	"PR"	310.024	"deionize"	187.338	2	1	0	1888.981	0.0	1991.991	null	2302.642	0.088
-11.5	0.03025	32625.0	2953.125	2531.25	NaN	NaN	NaN	0	1	1	0	0	0	0	0	0	0	0	0	1	0	0	0	0	1	1	0	1	1	1	0	1	-138.0	0.11	0.311	NaN	NaN	0.262	0.691	NaN	NaN	7.86	24.185	NaN	NaN	0.0	"2.5"	"F0034"	1	0	"PR"	320.066	"deionize"	197.38	2	1	0	1888.981	0.0	1991.991	null	2312.684	0.091
-11.1	0.029975	30750.0	2943.75	2540.625	NaN	NaN	NaN	0	1	1	0	0	0	0	0	0	0	0	0	1	0	0	0	0	1	1	0	1	1	1	0	1	-133.0	0.109	0.312	NaN	NaN	0.26	0.693	NaN	NaN	7.8	24.255	NaN	NaN	0.0	"2.5"	"F0034"	1	0	"PR"	330.108	"deionize"	207.422	2	1	0	1888.981	0.0	1991.991	null	2322.726	0.086
-11.0	0.0297	31312.5	2943.75	2521.875	NaN	NaN	NaN	0	1	1	0	0	0	0	0	0	0	0	0	1	0	0	0	0	1	1	0	1	1	1	0	1	-132.0	0.109	0.31	NaN	NaN	0.26	0.689	NaN	NaN	7.8	24.115	NaN	NaN	0.0	"2.5"	"F0034"	1	0	"PR"	339.945	"deionize"	217.259	2	1	0	1888.981	0.0	1991.991	null	2332.563	0.091
-10.6	0.02915	32250.0	2943.75	2587.5	NaN	NaN	NaN	0	1	1	0	0	0	0	0	0	0	0	0	1	0	0	0	0	1	1	0	1	1	1	0	1	-127.0	0.109	0.317	NaN	NaN	0.26	0.704	NaN	NaN	7.8	24.64	NaN	NaN	0.0	"2.5"	"F0034"	1	0	"PR"	349.985	"deionize"	227.299	2	1	0	1888.981	0.0	1991.991	null	2342.603	0.091
-10.5	0.0286	31875.0	2953.125	2578.125	NaN	NaN	NaN	0	1	1	0	0	0	0	0	0	0	0	0	1	0	0	0	0	1	1	0	1	1	1	0	1	-126.0	0.11	0.316	NaN	NaN	0.262	0.702	NaN	NaN	7.86	24.57	NaN	NaN	0.0	"2.5"	"F0034"	1	0	"PR"	360.027	"deionize"	237.341	2	1	0	1888.981	0.0	1991.991	null	2352.645	0.091
-12.1	0.028875	29250.0	2971.875	2550.0	NaN	NaN	NaN	0	1	1	0	0	0	0	0	0	0	0	0	1	0	0	0	1	1	1	0	1	1	1	0	1	-145.0	0.112	0.313	NaN	NaN	0.267	0.696	NaN	NaN	8.01	24.36	NaN	NaN	0.0	"2.5"	"F0034"	1	0	"PR"	369.972	"deionize-uv"	7.134	2	1	0	1888.981	0.0	1991.991	null	2362.59	0.09
-11.6	0.028325	31125.0	2943.75	2578.125	NaN	NaN	NaN	0	1	1	0	0	0	0	0	0	0	0	0	1	0	0	0	1	1	1	0	1	1	1	0	1	-139.0	0.109	0.316	NaN	NaN	0.26	0.702	NaN	NaN	7.8	24.57	NaN	NaN	0.0	"2.5"	"F0034"	1	0	"PR"	380.012	"deionize-uv"	17.174	2	1	0	1888.981	0.0	1991.991	null	2372.63	0.092
-9.5	0.02805	31687.5	2915.625	2540.625	NaN	NaN	NaN	0	1	1	0	0	0	0	0	0	0	0	0	1	0	0	0	1	1	1	0	1	1	1	0	1	-114.0	0.107	0.312	NaN	NaN	0.255	0.693	NaN	NaN	7.65	24.255	NaN	NaN	0.0	"2.5"	"F0034"	1	0	"PR"	390.05	"deionize-uv"	27.212	2	1	0	1888.981	0.0	1991.991	null	2382.668	0.09
-8.8	0.027775	34687.5	2953.125	2578.125	NaN	NaN	NaN	0	1	1	0	0	0	0	0	0	0	0	0	1	0	0	0	1	1	1	0	1	1	1	0	1	-106.0	0.11	0.316	NaN	NaN	0.262	0.702	NaN	NaN	7.86	24.57	NaN	NaN	0.0	"2.5"	"F0034"	1	0	"PR"	400.085	"deionize-uv"	37.247	2	1	0	1888.981	0.0	1991.991	null	2392.703	0.09
-9.5	0.0275	33750.0	2990.625	2596.875	NaN	NaN	NaN	0	1	1	0	0	0	0	0	0	0	0	0	1	0	0	0	1	1	1	0	1	1	1	0	1	-114.0	0.114	0.318	NaN	NaN	0.271	0.707	NaN	NaN	8.13	24.745	NaN	NaN	0.0	"2.5"	"F0034"	1	0	"PR"	410.122	"deionize-uv"	47.284	2	1	0	1888.981	0.0	1991.991	null	2402.74	0.091
-9.6	0.02695	30562.5	2943.75	2587.5	NaN	NaN	NaN	0	1	1	0	0	0	0	0	0	0	0	0	1	0	0	0	1	1	1	0	1	1	1	0	1	-115.0	0.109	0.317	NaN	NaN	0.26	0.704	NaN	NaN	7.8	24.64	NaN	NaN	0.0	"2.5"	"F0034"	1	0	"PR"	420.154	"deionize-uv"	57.316	2	1	0	1888.981	0.0	1991.991	null	2412.772	0.09
-9.5	0.026675	32062.5	2953.125	2578.125	NaN	NaN	NaN	0	1	1	0	0	0	0	0	0	0	0	0	1	0	0	0	1	1	1	0	1	1	1	0	1	-114.0	0.11	0.316	NaN	NaN	0.262	0.702	NaN	NaN	7.86	24.57	NaN	NaN	0.0	"2.5"	"F0034"	1	0	"PR"	430.194	"deionize-uv"	67.356	2	1	0	1888.981	0.0	1991.991	null	2422.812	0.091
-9.6	0.026675	33000.0	2953.125	2643.75	NaN	NaN	NaN	0	1	1	0	0	0	0	0	0	0	0	0	1	0	0	0	1	1	1	0	1	1	1	0	1	-115.0	0.11	0.322	NaN	NaN	0.262	0.716	NaN	NaN	7.86	25.06	NaN	NaN	0.0	"2.5"	"F0034"	1	0	"PR"	440.228	"deionize-uv"	77.39	2	1	0	1888.981	0.0	1991.991	null	2432.846	0.09
-9.2	0.02585	32812.5	2962.5	2615.625	NaN	NaN	NaN	0	1	1	0	0	0	0	0	0	0	0	0	1	0	0	0	1	1	1	0	1	1	1	0	1	-110.0	0.111	0.32	NaN	NaN	0.264	0.711	NaN	NaN	7.92	24.885	NaN	NaN	0.0	"2.5"	"F0034"	1	0	"PR"	450.061	"deionize-uv"	87.223	2	1	0	1888.981	0.0	1991.991	null	2442.679	0.087
-9.4	0.0253	31687.5	2962.5	2587.5	NaN	NaN	NaN	0	1	1	0	0	0	0	0	0	0	0	0	1	0	0	0	1	1	1	0	1	1	1	0	1	-113.0	0.111	0.317	NaN	NaN	0.264	0.704	NaN	NaN	7.92	24.64	NaN	NaN	0.0	"2.5"	"F0034"	1	0	"PR"	460.097	"deionize-uv"	97.259	2	1	0	1888.981	0.0	1991.991	null	2452.715	0.088
-9.6	0.0264	31687.5	2934.375	2559.375	NaN	NaN	NaN	0	1	1	0	0	0	0	0	0	0	0	0	1	0	0	0	1	1	1	0	1	1	1	0	1	-115.0	0.108	0.314	NaN	NaN	0.257	0.698	NaN	NaN	7.71	24.43	NaN	NaN	0.0	"2.5"	"F0034"	1	0	"PR"	470.139	"deionize-uv"	107.301	2	1	0	1888.981	0.0	1991.991	null	2462.757	0.086
-8.4	0.025575	33187.5	2962.5	2587.5	NaN	NaN	NaN	0	1	1	0	0	0	0	0	0	0	0	0	1	0	0	0	1	1	1	0	1	1	1	0	1	-101.0	0.111	0.317	NaN	NaN	0.264	0.704	NaN	NaN	7.92	24.64	NaN	NaN	0.0	"2.5"	"F0034"	1	0	"PR"	480.175	"deionize-uv"	117.337	2	1	0	1888.981	0.0	1991.991	null	2472.793	0.087
-8.5	0.025575	32250.0	2971.875	2071.875	NaN	NaN	NaN	0	0	1	0	0	0	0	1	0	0	0	0	1	0	0	0	1	1	1	0	1	1	1	0	1	-102.0	0.112	0.265	NaN	NaN	0.267	0.589	NaN	NaN	8.01	20.615	NaN	NaN	0.0	"2.5"	"F0034"	1	0	"PR"	490.255	"drip-di-1"	6.336	2	1	0	1888.981	0.0	1991.991	null	2482.873	0.091
12.6	0.0253	15937.5	2896.875	1884.375	NaN	NaN	NaN	1	0	0	0	0	1	1	0	0	0	0	0	1	1	0	0	0	1	1	1	0	1	1	1	0	151.0	0.105	0.246	NaN	NaN	0.25	0.547	NaN	NaN	7.5	19.145	NaN	NaN	0.0	"2.5"	"F0034"	1	1	"PR"	500.257	"reverse-f"	1.165	2	1	0	1888.981	0.0	1991.991	null	2492.875	0.09
12.4	0.0253	29625.0	2803.125	2128.125	NaN	NaN	NaN	1	0	0	0	0	1	1	0	0	0	0	0	1	1	0	0	0	1	1	1	0	1	1	1	0	149.0	0.095	0.271	NaN	NaN	0.226	0.602	NaN	NaN	6.78	21.07	NaN	NaN	0.0	"2.5"	"F0034"	1	1	"PR"	510.298	"reverse-f"	11.206	2	1	0	1888.981	0.0	1991.991	null	2502.916	0.093
12.6	0.027775	29062.5	2803.125	2268.75	NaN	NaN	NaN	0	0	0	0	0	1	1	0	0	0	0	0	1	0	0	0	0	1	1	1	0	1	1	1	0	151.0	0.095	0.285	NaN	NaN	0.226	0.633	NaN	NaN	6.78	22.155	NaN	NaN	0.0	"2.5"	"F0034"	1	1	"PR"	520.244	"reverse"	21.152	2	1	0	1888.981	0.0	1991.991	null	2512.862	0.086
10.8	0.02915	27375.0	2821.875	2268.75	NaN	NaN	NaN	0	0	0	0	0	1	1	0	0	0	0	0	1	0	0	0	0	1	1	1	0	1	1	1	0	130.0	0.097	0.285	NaN	NaN	0.231	0.633	NaN	NaN	6.93	22.155	NaN	NaN	0.0	"2.5"	"F0034"	1	1	"PR"	530.28	"reverse"	31.188	2	1	0	1888.981	0.0	1991.991	null	2522.898	0.087
12.5	0.031625	29625.0	2812.5	2278.125	NaN	NaN	NaN	0	0	0	0	0	1	1	0	0	0	0	0	1	0	0	0	0	1	1	1	0	1	1	1	0	150.0	0.096	0.286	NaN	NaN	0.229	0.636	NaN	NaN	6.87	22.26	NaN	NaN	0.0	"2.5"	"F0034"	1	1	"PR"	540.316	"reverse"	41.224	2	1	0	1888.981	0.0	1991.991	null	2532.934	0.092
12.3	0.033825	30000.0	2812.5	2278.125	NaN	NaN	NaN	0	0	0	0	0	1	1	0	0	0	0	0	1	0	0	0	0	1	1	1	0	1	1	1	0	148.0	0.096	0.286	NaN	NaN	0.229	0.636	NaN	NaN	6.87	22.26	NaN	NaN	0.0	"2.5"	"F0034"	1	1	"PR"	550.351	"reverse"	51.259	2	1	0	1888.981	0.0	1991.991	null	2542.969	0.09
11.9	0.0352	26812.5	2803.125	2259.375	NaN	NaN	NaN	0	0	0	0	0	1	1	0	0	0	0	0	1	0	0	0	0	1	1	1	0	1	1	1	0	143.0	0.095	0.284	NaN	NaN	0.226	0.631	NaN	NaN	6.78	22.085	NaN	NaN	0.0	"2.5"	"F0034"	1	1	"PR"	560.185	"reverse"	61.093	2	1	0	1888.981	0.0	1991.991	null	2552.803	0.084
12.3	0.037125	27750.0	2821.875	2259.375	NaN	NaN	NaN	0	0	0	0	0	1	1	0	0	0	0	0	1	0	0	0	0	1	1	1	0	1	1	1	0	148.0	0.097	0.284	NaN	NaN	0.231	0.631	NaN	NaN	6.93	22.085	NaN	NaN	0.0	"2.5"	"F0034"	1	1	"PR"	570.226	"reverse"	71.134	2	1	0	1888.981	0.0	1991.991	null	2562.844	0.086
11.9	0.038775	29812.5	2812.5	2278.125	NaN	NaN	NaN	0	0	0	0	0	1	1	0	0	0	0	0	1	0	0	0	0	1	1	1	0	1	1	1	0	143.0	0.096	0.286	NaN	NaN	0.229	0.636	NaN	NaN	6.87	22.26	NaN	NaN	0.0	"2.5"	"F0034"	1	1	"PR"	580.26	"reverse"	81.168	2	1	0	1888.981	0.0	1991.991	null	2572.878	0.087
12.4	0.0396	30000.0	2793.75	2296.875	NaN	NaN	NaN	0	0	0	0	0	1	1	0	0	0	0	0	1	0	0	0	0	1	1	1	0	1	1	1	0	149.0	0.094	0.288	NaN	NaN	0.224	0.64	NaN	NaN	6.72	22.4	NaN	NaN	0.0	"2.5"	"F0034"	1	1	"PR"	590.299	"reverse"	91.207	2	1	0	1888.981	0.0	1991.991	null	2582.917	0.088
11.9	0.041525	30000.0	2803.125	2278.125	NaN	NaN	NaN	0	0	0	0	0	1	1	0	0	0	0	0	1	0	0	0	0	1	1	1	0	1	1	1	0	143.0	0.095	0.286	NaN	NaN	0.226	0.636	NaN	NaN	6.78	22.26	NaN	NaN	0.0	"2.5"	"F0034"	1	1	"PR"	600.333	"reverse"	101.241	2	1	0	1888.981	0.0	1991.991	null	2592.951	0.086
12.4	0.042075	27937.5	2803.125	2259.375	NaN	NaN	NaN	0	0	0	0	0	1	1	0	0	0	0	0	1	0	0	0	0	1	1	1	0	1	1	1	0	149.0	0.095	0.284	NaN	NaN	0.226	0.631	NaN	NaN	6.78	22.085	NaN	NaN	0.0	"2.5"	"F0034"	1	1	"PR"	610.369	"reverse"	111.277	2	1	0	1888.981	0.0	1991.991	null	2602.987	0.086
12.6	0.042075	28500.0	2784.375	2268.75	NaN	NaN	NaN	0	0	0	0	0	1	1	0	0	0	0	0	1	0	0	0	0	1	1	1	0	1	1	1	0	151.0	0.093	0.285	NaN	NaN	0.221	0.633	NaN	NaN	6.63	22.155	NaN	NaN	0.0	"2.5"	"F0034"	1	1	"PR"	620.41	"reverse"	121.318	2	1	0	1888.981	0.0	1991.991	null	2613.028	0.089
12.0	0.0429	29437.5	2821.875	2259.375	NaN	NaN	NaN	0	0	0	0	0	1	1	0	0	0	0	0	1	0	0	0	0	1	1	1	0	1	1	1	0	144.0	0.097	0.284	NaN	NaN	0.231	0.631	NaN	NaN	6.93	22.085	NaN	NaN	0.0	"2.5"	"F0034"	1	1	"PR"	630.246	"reverse"	131.154	2	1	0	1888.981	0.0	1991.991	null	2622.864	0.086
12.6	0.043175	29625.0	2803.125	2259.375	NaN	NaN	NaN	0	0	0	0	0	1	1	0	0	0	0	0	1	0	0	0	0	1	1	1	0	1	1	1	0	151.0	0.095	0.284	NaN	NaN	0.226	0.631	NaN	NaN	6.78	22.085	NaN	NaN	0.0	"2.5"	"F0034"	1	1	"PR"	640.283	"reverse"	141.191	2	1	0	1888.981	0.0	1991.991	null	2632.901	0.084
1.7	0.044	-1875.0	2981.25	2287.5	NaN	NaN	NaN	0	0	0	0	0	0	0	0	0	0	0	0	0	0	0	0	0	0	0	0	1	0	0	0	1	20.0	0.113	0.287	NaN	NaN	0.269	0.638	NaN	NaN	8.07	22.33	NaN	NaN	0.0	"2.5"	"F0034"	0	0	"PR"	650.406	"diffuse"	1.292	2	1	1	1888.981	0.0	1991.991	null	2643.024	0.09
2.0	0.044	1500.0	2971.875	2278.125	NaN	NaN	NaN	0	0	0	0	0	0	0	0	0	0	0	0	0	0	0	0	0	0	0	0	1	0	0	0	1	24.0	0.112	0.286	NaN	NaN	0.267	0.636	NaN	NaN	8.01	22.26	NaN	NaN	0.0	"2.5"	"F0034"	0	0	"PR"	660.441	"diffuse"	11.327	2	1	1	1888.981	0.0	1991.991	null	2653.059	0.087
2.4	0.044	1875.0	2971.875	2287.5	NaN	NaN	NaN	0	0	0	0	0	0	0	0	0	0	0	0	0	0	0	0	0	0	0	0	1	0	0	0	1	29.0	0.112	0.287	NaN	NaN	0.267	0.638	NaN	NaN	8.01	22.33	NaN	NaN	0.0	"2.5"	"F0034"	0	0	"PR"	670.477	"diffuse"	21.363	2	1	1	1888.981	0.0	1991.991	null	2663.095	0.084
12.6	0.044	15000.0	2831.25	2268.75	NaN	NaN	NaN	0	0	0	0	0	1	1	0	0	0	0	0	1	0	0	0	0	1	1	1	0	1	1	1	0	151.0	0.098	0.285	NaN	NaN	0.233	0.633	NaN	NaN	6.99	22.155	NaN	NaN	0.0	"2.5"	"F0034"	1	1	"PR"	680.41	"wash-en"	1.099	2	1	1	1888.981	0.0	1991.991	null	2673.028	0.088
13.2	0.043725	29625.0	2803.125	2268.75	NaN	NaN	NaN	0	0	0	0	0	1	1	0	0	0	0	0	1	0	0	0	0	1	1	1	0	1	1	1	0	158.0	0.095	0.285	NaN	NaN	0.226	0.633	NaN	NaN	6.78	22.155	NaN	NaN	0.0	"2.5"	"F0034"	1	1	"PR"	690.445	"wash-en"	11.134	2	1	1	1888.981	0.0	1991.991	null	2683.063	0.084
0.6	0.044825	27750.0	2821.875	2278.125	NaN	NaN	NaN	0	0	0	0	0	1	1	0	0	0	0	0	1	0	0	0	0	0	0	0	1	0	0	0	1	7.0	0.097	0.286	NaN	NaN	0.231	0.636	NaN	NaN	6.93	22.26	NaN	NaN	0.0	"2.5"	"F0034"	0	0	"PR"	700.37	"wash-sc"	0.889	2	1	1	1888.981	0.0	1991.991	null	2692.988	0.084
1.7	0.044825	-562.5	2981.25	2278.125	NaN	NaN	NaN	0	0	0	0	0	0	0	0	0	0	0	0	0	0	0	0	0	0	0	0	1	0	0	0	1	20.0	0.113	0.286	NaN	NaN	0.269	0.636	NaN	NaN	8.07	22.26	NaN	NaN	0.0	"2.5"	"F0034"	0	0	"PR"	710.412	"diffuse"	0.803	2	1	2	1888.981	0.0	1991.991	null	2703.03	0.086
3.2	0.04455	375.0	3009.375	2278.125	NaN	NaN	NaN	0	0	0	0	0	0	0	0	0	0	0	0	0	0	0	0	0	0	0	0	1	0	0	0	1	38.0	0.116	0.286	NaN	NaN	0.276	0.636	NaN	NaN	8.28	22.26	NaN	NaN	0.0	"2.5"	"F0034"	0	0	"PR"	720.449	"diffuse"	10.84	2	1	2	1888.981	0.0	1991.991	null	2713.067	0.086
2.5	0.04455	1125.0	2971.875	2278.125	NaN	NaN	NaN	0	0	0	0	0	0	0	0	0	0	0	0	0	0	0	0	0	0	0	0	1	0	0	0	1	30.0	0.112	0.286	NaN	NaN	0.267	0.636	NaN	NaN	8.01	22.26	NaN	NaN	0.0	"2.5"	"F0034"	0	0	"PR"	730.482	"diffuse"	20.873	2	1	2	1888.981	0.0	1991.991	null	2723.1	0.084
12.1	0.044275	10687.5	2671.875	2259.375	NaN	NaN	NaN	0	0	0	0	0	1	1	0	0	0	0	0	1	0	0	0	0	1	1	1	0	1	1	1	0	145.0	0.082	0.284	NaN	NaN	0.195	0.631	NaN	NaN	5.85	22.085	NaN	NaN	0.0	"2.5"	"F0034"	1	1	"PR"	740.418	"wash-en"	0.695	2	1	2	1888.981	0.0	1991.991	null	2733.036	0.087
12.4	0.04455	25500.0	2765.625	2268.75	NaN	NaN	NaN	0	0	0	0	0	1	1	0	0	0	0	0	1	0	0	0	0	1	1	1	0	1	1	1	0	149.0	0.092	0.285	NaN	NaN	0.219	0.633	NaN	NaN	6.57	22.155	NaN	NaN	0.0	"2.5"	"F0034"	1	1	"PR"	750.45	"wash-en"	10.727	2	1	2	1888.981	0.0	1991.991	null	2743.068	0.084
0.3	0.04455	29250.0	2812.5	2278.125	NaN	NaN	NaN	0	0	0	0	0	1	1	0	0	0	0	0	1	0	0	0	0	0	0	0	1	0	0	0	1	4.0	0.096	0.286	NaN	NaN	0.229	0.636	NaN	NaN	6.87	22.26	NaN	NaN	0.0	"2.5"	"F0034"	0	0	"PR"	760.58	"wash-sc"	0.695	2	1	2	1888.981	0.0	1991.991	null	2753.198	0.087
