cur	ec	mod-ps	rg-ps	di-ps	fw1-ps	fw2-ps	pf-ps	vlv-di-fill	vlv-di-in	vlv-di-out	vlv-rg-fill	vlv-rg-drain	vlv-rg-in	vlv-rg-out	vlv-fw1-in	vlv-fw1-out	vlv-fw2-in	vlv-po	vlv-mod-drain	pmp-sys	pmp-di	pmp-fw1	pmp-fw2	uv	en-anode1	en-cath1	pl-anode1	pl-cath1	en-anode2	en-cath2	pl-anode2	pl-cath2	pw	rg-he	di-he	fw1-he	fw2-he	rg-lev	di-lev	fw1-lev	fw2-lev	rg-vol	di-vol	fw1-vol	fw2-vol	pr-ec	ver	sn	mod-en	mod-pl	proc	proc-time	ph	ph-time	count	cyc	rnd	pr-last	rc-last	fr-last	halt-re	time	exec
1.6	0.044825	3187.5	2953.125	2156.25	NaN	NaN	NaN	1	0	0	0	0	0	0	0	0	0	0	0	0	1	0	0	0	0	0	0	1	0	0	0	1	19.0	0.11	0.274	NaN	NaN	0.262	0.609	NaN	NaN	7.86	21.315	NaN	NaN	0.0	"2.5"	"F0034"	0	0	"PR"	8.246	"fill-di"	1.805	0	0	0	0.0	0.0	0.0	null	10.042	0.084
1.6	0.044825	3187.5	2953.125	2156.25	NaN	NaN	NaN	1	0	0	0	0	0	0	0	0	0	0	0	0	1	0	0	0	0	0	0	1	0	0	0	1	19.0	0.11	0.274	NaN	NaN	0.262	0.609	NaN	NaN	7.86	21.315	NaN	NaN	0.0	"2.5"	"F0034"	0	0	"PR"	8.246	"fill-di"	1.805	0	0	0	0.0	0.0	0.0	null	10.042	0.084
-0.4	0.044	22125.0	2746.875	2268.75	NaN	NaN	NaN	0	0	0	0	0	1	1	0	0	0	0	0	1	0	0	0	0	0	0	0	1	0	0	0	1	-5.0	0.09	0.285	NaN	NaN	0.214	0.633	NaN	NaN	6.42	22.155	NaN	NaN	0.0	"2.5"	"F0034"	0	0	"PR"	18.282	"prime"	7.225	0	0	0	0.0	0.0	0.0	null	20.078	0.084
-0.8	0.044	21750.0	2840.625	2278.125	NaN	NaN	NaN	0	0	0	0	0	1	1	0	0	0	0	0	1	0	0	0	0	0	0	0	1	0	0	0	1	-10.0	0.099	0.286	NaN	NaN	0.236	0.636	NaN	NaN	7.08	22.26	NaN	NaN	0.0	"2.5"	"F0034"	0	0	"PR"	28.323	"prime"	17.266	0	0	0	0.0	0.0	0.0	null	30.119	0.092
0.6	0.044275	19875.0	2775.0	2268.75	NaN	NaN	NaN	0	0	0	0	0	1	1	0	0	0	0	0	1	0	0	0	0	0	0	0	1	0	0	0	1	7.0	0.093	0.285	NaN	NaN	0.221	0.633	NaN	NaN	6.63	22.155	NaN	NaN	0.0	"2.5"	"F0034"	0	0	"PR"	38.356	"prime"	27.299	0	0	0	0.0	0.0	0.0	null	40.152	0.083
-12.4	0.04345	26812.5	2971.875	2550.0	NaN	NaN	NaN	0	1	1	0	0	0	0	0	0	0	0	0	1	0	0	0	0	1	1	0	1	1	1	0	1	-149.0	0.112	0.313	NaN	NaN	0.267	0.696	NaN	NaN	8.01	24.36	NaN	NaN	0.0	"2.5"	"F0034"	1	0	"PR"	48.398	"deionize"	6.833	0	1	0	0.0	0.0	0.0	null	50.194	0.086
-11.9	0.042625	25312.5	2953.125	2540.625	NaN	NaN	NaN	0	1	1	0	0	0	0	0	0	0	0	0	1	0	0	0	0	1	1	0	1	1	1	0	1	-143.0	0.11	0.312	NaN	NaN	0.262	0.693	NaN	NaN	7.86	24.255	NaN	NaN	0.0	"2.5"	"F0034"	1	0	"PR"	58.436	"deionize"	16.871	0	1	0	0.0	0.0	0.0	null	60.232	0.089
-11.3	0.042075	27000.0	2953.125	2540.625	NaN	NaN	NaN	0	1	1	0	0	0	0	0	0	0	0	0	1	0	0	0	0	1	1	0	1	1	1	0	1	-136.0	0.11	0.312	NaN	NaN	0.262	0.693	NaN	NaN	7.86	24.255	NaN	NaN	0.0	"2.5"	"F0034"	1	0	"PR"	68.47	"deionize"	26.905	0	1	0	0.0	0.0	0.0	null	70.266	0.087
-12.6	0.0429	28312.5	2962.5	2550.0	NaN	NaN	NaN	0	1	1	0	0	0	0	0	0	0	0	0	1	0	0	0	0	1	1	0	1	1	1	0	1	-151.0	0.111	0.313	NaN	NaN	0.264	0.696	NaN	NaN	7.92	24.36	NaN	NaN	0.0	"2.5"	"F0034"	1	0	"PR"	78.505	"deionize"	36.94	0	1	0	0.0	0.0	0.0	null	80.301	0.087
-11.8	0.04125	28500.0	2962.5	2540.625	NaN	NaN	NaN	0	1	1	0	0	0	0	0	0	0	0	0	1	0	0	0	0	1	1	0	1	1	1	0	1	-142.0	0.111	0.312	NaN	NaN	0.264	0.693	NaN	NaN	7.92	24.255	NaN	NaN	0.0	"2.5"	"F0034"	1	0	"PR"	88.341	"deionize"	46.776	0	1	0	0.0	0.0	0.0	null	90.137	0.088
-12.0	0.04125	28687.5	2962.5	2531.25	NaN	NaN	NaN	0	1	1	0	0	0	0	0	0	0	0	0	1	0	0	0	0	1	1	0	1	1	1	0	1	-144.0	0.111	0.311	NaN	NaN	0.264	0.691	NaN	NaN	7.92	24.185	NaN	NaN	0.0	"2.5"	"F0034"	1	0	"PR"	98.38	"deionize"	56.815	0	1	0	0.0	0.0	0.0	null	100.176	0.085
-10.8	0.039875	29250.0	2981.25	2512.5	NaN	NaN	NaN	0	1	1	0	0	0	0	0	0	0	0	0	1	0	0	0	0	1	1	0	1	1	1	0	1	-130.0	0.113	0.309	NaN	NaN	0.269	0.687	NaN	NaN	8.07	24.045	NaN	NaN	0.0	"2.5"	"F0034"	1	0	"PR"	108.422	"deionize"	66.857	0	1	0	0.0	0.0	0.0	null	110.218	0.088
-12.4	0.039325	28500.0	2971.875	2521.875	NaN	NaN	NaN	0	1	1	0	0	0	0	0	0	0	0	0	1	0	0	0	0	1	1	0	1	1	1	0	1	-149.0	0.112	0.31	NaN	NaN	0.267	0.689	NaN	NaN	8.01	24.115	NaN	NaN	0.0	"2.5"	"F0034"	1	0	"PR"	118.459	"deionize"	76.894	0	1	0	0.0	0.0	0.0	null	120.255	0.087
-11.1	0.038225	27562.5	2962.5	2512.5	NaN	NaN	NaN	0	1	1	0	0	0	0	0	0	0	0	0	1	0	0	0	0	1	1	0	1	1	1	0	1	-133.0	0.111	0.309	NaN	NaN	0.264	0.687	NaN	NaN	7.92	24.045	NaN	NaN	0.0	"2.5"	"F0034"	1	0	"PR"	128.497	"deionize"	86.932	0	1	0	0.0	0.0	0.0	null	130.293	0.085
-12.3	0.036575	29062.5	2971.875	2550.0	NaN	NaN	NaN	0	1	1	0	0	0	0	0	0	0	0	0	1	0	0	0	0	1	1	0	1	1	1	0	1	-148.0	0.112	0.313	NaN	NaN	0.267	0.696	NaN	NaN	8.01	24.36	NaN	NaN	0.0	"2.5"	"F0034"	1	0	"PR"	138.541	"deionize"	96.976	0	1	0	0.0	0.0	0.0	null	140.337	0.085
-12.0	0.036025	29062.5	2962.5	2437.5	NaN	NaN	NaN	0	1	1	0	0	0	0	0	0	0	0	0	1	0	0	0	0	1	1	0	1	1	1	0	1	-144.0	0.111	0.302	NaN	NaN	0.264	0.671	NaN	NaN	7.92	23.485	NaN	NaN	0.0	"2.5"	"F0034"	1	0	"PR"	148.58	"deionize"	107.015	0	1	0	0.0	0.0	0.0	null	150.376	0.085
-12.9	0.03575	26812.5	2962.5	2512.5	NaN	NaN	NaN	0	1	1	0	0	0	0	0	0	0	0	0	1	0	0	0	0	1	1	0	1	1	1	0	1	-155.0	0.111	0.309	NaN	NaN	0.264	0.687	NaN	NaN	7.92	24.045	NaN	NaN	0.0	"2.5"	"F0034"	1	0	"PR"	158.427	"deionize"	116.862	0	1	0	0.0	0.0	0.0	null	160.223	0.09
-11.5	0.0341	28687.5	2981.25	2428.125	NaN	NaN	NaN	0	1	1	0	0	0	0	0	0	0	0	0	1	0	0	0	0	1	1	0	1	1	1	0	1	-138.0	0.113	0.301	NaN	NaN	0.269	0.669	NaN	NaN	8.07	23.415	NaN	NaN	0.0	"2.5"	"F0034"	1	0	"PR"	168.462	"deionize"	126.897	0	1	0	0.0	0.0	0.0	null	170.258	0.084
-11.9	0.033825	24750.0	2962.5	2390.625	NaN	NaN	NaN	0	1	1	0	0	0	0	0	0	0	0	0	1	0	0	0	0	1	1	0	1	1	1	0	1	-143.0	0.111	0.297	NaN	NaN	0.264	0.66	NaN	NaN	7.92	23.1	NaN	NaN	0.0	"2.5"	"F0034"	1	0	"PR"	178.494	"deionize"	136.929	0	1	0	0.0	0.0	0.0	null	180.29	0.087
-12.1	0.03245	26625.0	2962.5	2418.75	NaN	NaN	NaN	0	1	1	0	0	0	0	0	0	0	0	0	1	0	0	0	0	1	1	0	1	1	1	0	1	-145.0	0.111	0.3	NaN	NaN	0.264	0.667	NaN	NaN	7.92	23.345	NaN	NaN	0.0	"2.5"	"F0034"	1	0	"PR"	188.533	"deionize"	146.968	0	1	0	0.0	0.0	0.0	null	190.329	0.086
-12.1	0.0319	27562.5	2971.875	2428.125	NaN	NaN	NaN	0	1	1	0	0	0	0	0	0	0	0	0	1	0	0	0	0	1	1	0	1	1	1	0	1	-145.0	0.112	0.301	NaN	NaN	0.267	0.669	NaN	NaN	8.01	23.415	NaN	NaN	0.0	"2.5"	"F0034"	1	0	"PR"	198.567	"deionize"	157.002	0	1	0	0.0	0.0	0.0	null	200.363	0.084
-11.3	0.032175	26625.0	2953.125	2409.375	NaN	NaN	NaN	0	1	1	0	0	0	0	0	0	0	0	0	1	0	0	0	0	1	1	0	1	1	1	0	1	-136.0	0.11	0.299	NaN	NaN	0.262	0.664	NaN	NaN	7.86	23.24	NaN	NaN	0.0	"2.5"	"F0034"	1	0	"PR"	208.598	"deionize"	167.033	0	1	0	0.0	0.0	0.0	null	210.394	0.087
-11.7	0.03135	26812.5	2943.75	2437.5	NaN	NaN	NaN	0	1	1	0	0	0	0	0	0	0	0	0	1	0	0	0	0	1	1	0	1	1	1	0	1	-140.0	0.109	0.302	NaN	NaN	0.26	0.671	NaN	NaN	7.8	23.485	NaN	NaN	0.0	"2.5"	"F0034"	1	0	"PR"	218.639	"deionize"	177.074	0	1	0	0.0	0.0	0.0	null	220.435	0.088
-11.4	0.0308	25875.0	2981.25	2465.625	NaN	NaN	NaN	0	1	1	0	0	0	0	0	0	0	0	0	1	0	0	0	0	1	1	0	1	1	1	0	1	-137.0	0.113	0.305	NaN	NaN	0.269	0.678	NaN	NaN	8.07	23.73	NaN	NaN	0.0	"2.5"	"F0034"	1	0	"PR"	228.675	"deionize"	187.11	0	1	0	0.0	0.0	0.0	null	230.471	0.084
-11.9	0.03025	26250.0	2934.375	2465.625	NaN	NaN	NaN	0	1	1	0	0	0	0	0	0	0	0	0	1	0	0	0	0	1	1	0	1	1	1	0	1	-143.0	0.108	0.305	NaN	NaN	0.257	0.678	NaN	NaN	7.71	23.73	NaN	NaN	0.0	"2.5"	"F0034"	1	0	"PR"	238.509	"deionize"	196.944	0	1	0	0.0	0.0	0.0	null	240.305	0.092
-10.7	0.02915	28312.5	2971.875	2390.625	NaN	NaN	NaN	0	1	1	0	0	0	0	0	0	0	0	0	1	0	0	0	0	1	1	0	1	1	1	0	1	-128.0	0.112	0.297	NaN	NaN	0.267	0.66	NaN	NaN	8.01	23.1	NaN	NaN	0.0	"2.5"	"F0034"	1	0	"PR"	248.545	"deionize"	206.98	0	1	0	0.0	0.0	0.0	null	250.341	0.087
-9.6	0.028875	26812.5	2962.5	2484.375	NaN	NaN	NaN	0	1	1	0	0	0	0	0	0	0	0	0	1	0	0	0	0	1	1	0	1	1	1	0	1	-115.0	0.111	0.306	NaN	NaN	0.264	0.68	NaN	NaN	7.92	23.8	NaN	NaN	0.0	"2.5"	"F0034"	1	0	"PR"	258.578	"deionize"	217.013	0	1	0	0.0	0.0	0.0	null	260.374	0.091
-11.0	0.027775	26812.5	2971.875	2390.625	NaN	NaN	NaN	0	1	1	0	0	0	0	0	0	0	0	0	1	0	0	0	0	1	1	0	1	1	1	0	1	-132.0	0.112	0.297	NaN	NaN	0.267	0.66	NaN	NaN	8.01	23.1	NaN	NaN	0.0	"2.5"	"F0034"	1	0	"PR"	268.618	"deionize"	227.053	0	1	0	0.0	0.0	0.0	null	270.414	0.092
-8.7	0.02805	26437.5	2943.75	2428.125	NaN	NaN	NaN	0	1	1	0	0	0	0	0	0	0	0	0	1	0	0	0	0	1	1	0	1	1	1	0	1	-104.0	0.109	0.301	NaN	NaN	0.26	0.669	NaN	NaN	7.8	23.415	NaN	NaN	0.0	"2.5"	"F0034"	1	0	"PR"	278.654	"deionize"	237.089	0	1	0	0.0	0.0	0.0	null	280.45	0.091
-8.9	0.02695	28687.5	2971.875	2437.5	NaN	NaN	NaN	0	1	1	0	0	0	0	0	0	0	0	0	1	0	0	0	1	1	1	0	1	1	1	0	1	-107.0	0.112	0.302	NaN	NaN	0.267	0.671	NaN	NaN	8.01	23.485	NaN	NaN	0.0	"2.5"	"F0034"	1	0	"PR"	288.599	"deionize-uv"	6.933	0	1	0	0.0	0.0	0.0	null	290.395	0.09
-10.4	0.027225	27375.0	2953.125	2390.625	NaN	NaN	NaN	0	1	1	0	0	0	0	0	0	0	0	0	1	0	0	0	1	1	1	0	1	1	1	0	1	-125.0	0.11	0.297	NaN	NaN	0.262	0.66	NaN	NaN	7.86	23.1	NaN	NaN	0.0	"2.5"	"F0034"	1	0	"PR"	298.637	"deionize-uv"	16.971	0	1	0	0.0	0.0	0.0	null	300.433	0.09
-7.7	0.026125	27000.0	2953.125	2437.5	NaN	NaN	NaN	0	1	1	0	0	0	0	0	0	0	0	0	1	0	0	0	1	1	1	0	1	1	1	0	1	-92.0	0.11	0.302	NaN	NaN	0.262	0.671	NaN	NaN	7.86	23.485	NaN	NaN	0.0	"2.5"	"F0034"	1	0	"PR"	308.671	"deionize-uv"	27.005	0	1	0	0.0	0.0	0.0	null	310.467	0.089
-10.0	0.0264	26812.5	2962.5	2437.5	NaN	NaN	NaN	0	1	1	0	0	0	0	0	0	0	0	0	1	0	0	0	1	1	1	0	1	1	1	0	1	-120.0	0.111	0.302	NaN	NaN	0.264	0.671	NaN	NaN	7.92	23.485	NaN	NaN	0.0	"2.5"	"F0034"	1	0	"PR"	318.708	"deionize-uv"	37.042	0	1	0	0.0	0.0	0.0	null	320.504	0.09
-9.8	0.025575	27562.5	2971.875	2493.75	NaN	NaN	NaN	0	1	1	0	0	0	0	0	0	0	0	0	1	0	0	0	1	1	1	0	1	1	1	0	1	-118.0	0.112	0.307	NaN	NaN	0.267	0.682	NaN	NaN	8.01	23.87	NaN	NaN	0.0	"2.5"	"F0034"	1	0	"PR"	328.748	"deionize-uv"	47.082	0	1	0	0.0	0.0	0.0	null	330.544	0.087
-10.0	0.024475	27562.5	2943.75	2353.125	NaN	NaN	NaN	0	1	1	0	0	0	0	0	0	0	0	0	1	0	0	0	1	1	1	0	1	1	1	0	1	-120.0	0.109	0.293	NaN	NaN	0.26	0.651	NaN	NaN	7.8	22.785	NaN	NaN	0.0	"2.5"	"F0034"	1	0	"PR"	338.78	"deionize-uv"	57.114	0	1	0	0.0	0.0	0.0	null	340.576	0.09
-9.6	0.02475	26062.5	2953.125	2428.125	NaN	NaN	NaN	0	1	1	0	0	0	0	0	0	0	0	0	1	0	0	0	1	1	1	0	1	1	1	0	1	-115.0	0.11	0.301	NaN	NaN	0.262	0.669	NaN	NaN	7.86	23.415	NaN	NaN	0.0	"2.5"	"F0034"	1	0	"PR"	348.816	"deionize-uv"	67.15	0	1	0	0.0	0.0	0.0	null	350.612	0.084
-9.2	0.025025	25687.5	2934.375	2446.875	NaN	NaN	NaN	0	1	1	0	0	0	0	0	0	0	0	0	1	0	0	0	1	1	1	0	1	1	1	0	1	-110.0	0.108	0.303	NaN	NaN	0.257	0.673	NaN	NaN	7.71	23.555	NaN	NaN	0.0	"2.5"	"F0034"	1	0	"PR"	358.651	"deionize-uv"	76.985	0	1	0	0.0	0.0	0.0	null	360.447	0.09
-9.3	0.023925	27375.0	2953.125	2400.0	NaN	NaN	NaN	0	1	1	0	0	0	0	0	0	0	0	0	1	0	0	0	1	1	1	0	1	1	1	0	1	-112.0	0.11	0.298	NaN	NaN	0.262	0.662	NaN	NaN	7.86	23.17	NaN	NaN	0.0	"2.5"	"F0034"	1	0	"PR"	368.686	"deionize-uv"	87.02	0	1	0	0.0	0.0	0.0	null	370.482	0.089
-9.5	0.023925	29062.5	2943.75	2334.375	NaN	NaN	NaN	0	1	1	0	0	0	0	0	0	0	0	0	1	0	0	0	1	1	1	0	1	1	1	0	1	-114.0	0.109	0.291	NaN	NaN	0.26	0.647	NaN	NaN	7.8	22.645	NaN	NaN	0.0	"2.5"	"F0034"	1	0	"PR"	378.722	"deionize-uv"	97.056	0	1	0	0.0	0.0	0.0	null	380.518	0.091
-8.5	0.023375	26062.5	2953.125	2465.625	NaN	NaN	NaN	0	1	1	0	0	0	0	0	0	0	0	0	1	0	0	0	1	1	1	0	1	1	1	0	1	-102.0	0.11	0.305	NaN	NaN	0.262	0.678	NaN	NaN	7.86	23.73	NaN	NaN	0.0	"2.5"	"F0034"	1	0	"PR"	388.756	"deionize-uv"	107.09	0	1	0	0.0	0.0	0.0	null	390.552	0.09
-8.8	0.023375	26437.5	2953.125	2371.875	NaN	NaN	NaN	0	1	1	0	0	0	0	0	0	0	0	0	1	0	0	0	1	1	1	0	1	1	1	0	1	-106.0	0.11	0.295	NaN	NaN	0.262	0.656	NaN	NaN	7.86	22.96	NaN	NaN	0.0	"2.5"	"F0034"	1	0	"PR"	398.788	"deionize-uv"	117.122	0	1	0	0.0	0.0	0.0	null	400.584	0.09
-8.6	0.022825	29437.5	2981.25	1912.5	NaN	NaN	NaN	0	0	1	0	0	0	0	1	0	0	0	0	1	0	0	0	1	1	1	0	1	1	1	0	1	-103.0	0.113	0.249	NaN	NaN	0.269	0.553	NaN	NaN	8.07	19.355	NaN	NaN	0.0	"2.5"	"F0034"	1	0	"PR"	408.751	"drain-di-1"	6.955	0	1	0	0.0	0.0	0.0	null	410.547	0.091
-8.5	0.0231	29812.5	2953.125	1668.75	NaN	NaN	NaN	0	0	1	0	0	0	0	1	0	0	0	0	1	0	0	0	1	1	1	0	1	1	1	0	1	-102.0	0.11	0.225	NaN	NaN	0.262	0.5	NaN	NaN	7.86	17.5	NaN	NaN	0.0	"2.5"	"F0034"	1	0	"PR"	418.789	"drain-di-1"	16.993	0	1	0	0.0	0.0	0.0	null	420.585	0.09
-10.3	0.022275	30375.0	2971.875	1415.625	NaN	NaN	NaN	0	0	1	0	0	0	0	1	0	0	0	0	1	0	0	0	1	1	1	0	1	1	1	0	1	-124.0	0.112	0.2	NaN	NaN	0.267	0.444	NaN	NaN	8.01	15.54	NaN	NaN	0.0	"2.5"	"F0034"	1	0	"PR"	428.827	"drain-di-1"	27.031	0	1	0	0.0	0.0	0.0	null	430.623	0.094
-7.8	0.022275	30000.0	2962.5	1181.25	NaN	NaN	NaN	0	0	1	0	0	0	0	1	0	0	0	0	1	0	0	0	1	1	1	0	1	1	1	0	1	-94.0	0.111	0.176	NaN	NaN	0.264	0.391	NaN	NaN	7.92	13.685	NaN	NaN	0.0	"2.5"	"F0034"	1	0	"PR"	438.864	"drain-di-1"	37.068	0	1	0	0.0	0.0	0.0	null	440.66	0.09
-8.7	0.022275	30000.0	2962.5	918.75	NaN	NaN	NaN	0	0	1	0	0	0	0	1	0	0	0	0	1	0	0	0	1	1	1	0	1	1	1	0	1	-104.0	0.111	0.15	NaN	NaN	0.264	0.333	NaN	NaN	7.92	11.655	NaN	NaN	0.0	"2.5"	"F0034"	1	0	"PR"	448.903	"drain-di-1"	47.107	0	1	0	0.0	0.0	0.0	null	450.699	0.09
-11.2	0.022275	30000.0	2962.5	712.5	NaN	NaN	NaN	0	0	1	0	0	0	0	1	0	0	0	0	1	0	0	0	1	1	1	0	1	1	1	0	1	-134.0	0.111	0.129	NaN	NaN	0.264	0.287	NaN	NaN	7.92	10.045	NaN	NaN	0.0	"2.5"	"F0034"	1	0	"PR"	458.937	"drain-di-1"	57.141	0	1	0	0.0	0.0	0.0	null	460.733	0.092
-8.3	0.022	28687.5	2981.25	421.875	NaN	NaN	NaN	0	0	1	0	0	0	0	1	0	0	0	0	1	0	0	0	1	1	1	0	1	1	1	0	1	-100.0	0.113	0.1	NaN	NaN	0.269	0.222	NaN	NaN	8.07	7.77	NaN	NaN	0.0	"2.5"	"F0034"	1	0	"PR"	468.771	"drain-di-1"	66.975	0	1	0	0.0	0.0	0.0	null	470.567	0.087
-9.1	0.022	27937.5	2971.875	178.125	NaN	NaN	NaN	0	0	1	0	0	0	0	1	0	0	0	0	1	0	0	0	1	1	1	0	1	1	1	0	1	-109.0	0.112	0.076	NaN	NaN	0.267	0.169	NaN	NaN	8.01	5.915	NaN	NaN	0.0	"2.5"	"F0034"	1	0	"PR"	478.814	"drain-di-1"	77.018	0	1	0	0.0	0.0	0.0	null	480.61	0.092
-8.4	0.021175	28875.0	2962.5	-93.75	NaN	NaN	NaN	0	0	1	0	0	0	0	1	0	0	0	0	1	0	0	0	1	1	1	0	1	1	1	0	1	-101.0	0.111	0.049	NaN	NaN	0.264	0.109	NaN	NaN	7.92	3.815	NaN	NaN	0.0	"2.5"	"F0034"	1	0	"PR"	488.968	"drip-di-1"	6.538	0	1	0	0.0	0.0	0.0	null	490.764	0.09
12.6	0.021175	19312.5	2756.25	-75.0	NaN	NaN	NaN	1	0	0	0	0	1	1	0	0	0	0	0	1	1	0	0	0	1	1	1	0	1	1	1	0	151.0	0.091	0.051	NaN	NaN	0.217	0.113	NaN	NaN	6.51	3.955	NaN	NaN	0.0	"2.5"	"F0034"	1	1	"PR"	498.965	"reverse-f"	1.366	0	1	0	0.0	0.0	0.0	null	500.761	0.087
12.3	0.022275	21375.0	2803.125	187.5	NaN	NaN	NaN	1	0	0	0	0	1	1	0	0	0	0	0	1	1	0	0	0	1	1	1	0	1	1	1	0	148.0	0.095	0.077	NaN	NaN	0.226	0.171	NaN	NaN	6.78	5.985	NaN	NaN	0.0	"2.5"	"F0034"	1	1	"PR"	509.005	"reverse-f"	11.406	0	1	0	0.0	0.0	0.0	null	510.801	0.09
12.9	0.02475	21187.5	2784.375	525.0	NaN	NaN	NaN	1	0	0	0	0	1	1	0	0	0	0	0	1	1	0	0	0	1	1	1	0	1	1	1	0	155.0	0.093	0.111	NaN	NaN	0.221	0.247	NaN	NaN	6.63	8.645	NaN	NaN	0.0	"2.5"	"F0034"	1	1	"PR"	518.841	"reverse-f"	21.242	0	1	0	0.0	0.0	0.0	null	520.637	0.087
12.6	0.02805	20812.5	2775.0	834.375	NaN	NaN	NaN	1	0	0	0	0	1	1	0	0	0	0	0	1	1	0	0	0	1	1	1	0	1	1	1	0	151.0	0.093	0.141	NaN	NaN	0.221	0.313	NaN	NaN	6.63	10.955	NaN	NaN	0.0	"2.5"	"F0034"	1	1	"PR"	528.877	"reverse-f"	31.278	0	1	0	0.0	0.0	0.0	null	530.673	0.086
12.8	0.031625	20625.0	2784.375	1153.125	NaN	NaN	NaN	1	0	0	0	0	1	1	0	0	0	0	0	1	1	0	0	0	1	1	1	0	1	1	1	0	154.0	0.093	0.173	NaN	NaN	0.221	0.384	NaN	NaN	6.63	13.44	NaN	NaN	0.0	"2.5"	"F0034"	1	1	"PR"	538.909	"reverse-f"	41.31	0	1	0	0.0	0.0	0.0	null	540.705	0.083
12.6	0.0352	19875.0	2784.375	1500.0	NaN	NaN	NaN	1	0	0	0	0	1	1	0	0	0	0	0	1	1	0	0	0	1	1	1	0	1	1	1	0	151.0	0.093	0.208	NaN	NaN	0.221	0.462	NaN	NaN	6.63	16.17	NaN	NaN	0.0	"2.5"	"F0034"	1	1	"PR"	548.947	"reverse-f"	51.348	0	1	0	0.0	0.0	0.0	null	550.743	0.086
12.8	0.039325	20625.0	2775.0	1781.25	NaN	NaN	NaN	1	0	0	0	0	1	1	0	0	0	0	0	1	1	0	0	0	1	1	1	0	1	1	1	0	154.0	0.093	0.236	NaN	NaN	0.221	0.524	NaN	NaN	6.63	18.34	NaN	NaN	0.0	"2.5"	"F0034"	1	1	"PR"	558.979	"reverse-f"	61.38	0	1	0	0.0	0.0	0.0	null	560.775	0.087
12.6	0.0418	19125.0	2793.75	2081.25	NaN	NaN	NaN	1	0	0	0	0	1	1	0	0	0	0	0	1	1	0	0	0	1	1	1	0	1	1	1	0	151.0	0.094	0.266	NaN	NaN	0.224	0.591	NaN	NaN	6.72	20.685	NaN	NaN	0.0	"2.5"	"F0034"	1	1	"PR"	569.013	"reverse-f"	71.414	0	1	0	0.0	0.0	0.0	null	570.809	0.087
12.6	0.043725	20812.5	2812.5	2278.125	NaN	NaN	NaN	0	0	0	0	0	1	1	0	0	0	0	0	1	0	0	0	0	1	1	1	0	1	1	1	0	151.0	0.096	0.286	NaN	NaN	0.229	0.636	NaN	NaN	6.87	22.26	NaN	NaN	0.0	"2.5"	"F0034"	1	1	"PR"	578.961	"reverse"	81.362	0	1	0	0.0	0.0	0.0	null	580.757	0.086
12.6	0.045375	20625.0	2812.5	2278.125	NaN	NaN	NaN	0	0	0	0	0	1	1	0	0	0	0	0	1	0	0	0	0	1	1	1	0	1	1	1	0	151.0	0.096	0.286	NaN	NaN	0.229	0.636	NaN	NaN	6.87	22.26	NaN	NaN	0.0	"2.5"	"F0034"	1	1	"PR"	588.996	"reverse"	91.397	0	1	0	0.0	0.0	0.0	null	590.792	0.086
15.4	0.0462	21375.0	2803.125	2278.125	NaN	NaN	NaN	0	0	0	0	0	1	1	0	0	0	0	0	1	0	0	0	0	1	1	1	0	1	1	1	0	185.0	0.095	0.286	NaN	NaN	0.226	0.636	NaN	NaN	6.78	22.26	NaN	NaN	0.0	"2.5"	"F0034"	1	1	"PR"	599.039	"reverse"	101.44	0	1	0	0.0	0.0	0.0	null	600.835	0.087
12.3	0.0473	20625.0	2812.5	2259.375	NaN	NaN	NaN	0	0	0	0	0	1	1	0	0	0	0	0	1	0	0	0	0	1	1	1	0	1	1	1	0	148.0	0.096	0.284	NaN	NaN	0.229	0.631	NaN	NaN	6.87	22.085	NaN	NaN	0.0	"2.5"	"F0034"	1	1	"PR"	609.075	"reverse"	111.476	0	1	0	0.0	0.0	0.0	null	610.871	0.086
12.6	0.048125	20062.5	2821.875	2278.125	NaN	NaN	NaN	0	0	0	0	0	1	1	0	0	0	0	0	1	0	0	0	0	1	1	1	0	1	1	1	0	151.0	0.097	0.286	NaN	NaN	0.231	0.636	NaN	NaN	6.93	22.26	NaN	NaN	0.0	"2.5"	"F0034"	1	1	"PR"	619.106	"reverse"	121.507	0	1	0	0.0	0.0	0.0	null	620.902	0.086
12.6	0.048675	20812.5	2812.5	2306.25	NaN	NaN	NaN	0	0	0	0	0	1	1	0	0	0	0	0	1	0	0	0	0	1	1	1	0	1	1	1	0	151.0	0.096	0.289	NaN	NaN	0.229	0.642	NaN	NaN	6.87	22.47	NaN	NaN	0.0	"2.5"	"F0034"	1	1	"PR"	628.944	"reverse"	131.345	0	1	0	0.0	0.0	0.0	null	630.74	0.084
12.5	0.049225	18937.5	2812.5	2259.375	NaN	NaN	NaN	0	0	0	0	0	1	1	0	0	0	0	0	1	0	0	0	0	1	1	1	0	1	1	1	0	150.0	0.096	0.284	NaN	NaN	0.229	0.631	NaN	NaN	6.87	22.085	NaN	NaN	0.0	"2.5"	"F0034"	1	1	"PR"	638.974	"reverse"	141.375	0	1	0	0.0	0.0	0.0	null	640.77	0.084
2.8	0.049775	-375.0	2971.875	2296.875	NaN	NaN	NaN	0	0	0	0	0	0	0	0	0	0	0	0	0	0	0	0	0	0	0	0	1	0	0	0	1	34.0	0.112	0.288	NaN	NaN	0.267	0.64	NaN	NaN	8.01	22.4	NaN	NaN	0.0	"2.5"	"F0034"	0	0	"PR"	649.099	"diffuse"	1.494	0	1	1	0.0	0.0	0.0	null	650.895	0.086
3.2	0.049775	1312.5	2971.875	2278.125	NaN	NaN	NaN	0	0	0	0	0	0	0	0	0	0	0	0	0	0	0	0	0	0	0	0	1	0	0	0	1	38.0	0.112	0.286	NaN	NaN	0.267	0.636	NaN	NaN	8.01	22.26	NaN	NaN	0.0	"2.5"	"F0034"	0	0	"PR"	659.14	"diffuse"	11.535	0	1	1	0.0	0.0	0.0	null	660.936	0.087
3.5	0.05005	0.0	3009.375	2278.125	NaN	NaN	NaN	0	0	0	0	0	0	0	0	0	0	0	0	0	0	0	0	0	0	0	0	1	0	0	0	1	42.0	0.116	0.286	NaN	NaN	0.276	0.636	NaN	NaN	8.28	22.26	NaN	NaN	0.0	"2.5"	"F0034"	0	0	"PR"	669.171	"diffuse"	21.566	0	1	1	0.0	0.0	0.0	null	670.967	0.084
12.6	0.0484	18937.5	2812.5	2296.875	NaN	NaN	NaN	0	0	0	0	0	1	1	0	0	0	0	0	1	0	0	0	0	1	1	1	0	1	1	1	0	151.0	0.096	0.288	NaN	NaN	0.229	0.64	NaN	NaN	6.87	22.4	NaN	NaN	0.0	"2.5"	"F0034"	1	1	"PR"	679.097	"wash-en"	1.297	0	1	1	0.0	0.0	0.0	null	680.893	0.084
12.6	0.05005	20625.0	2812.5	2287.5	NaN	NaN	NaN	0	0	0	0	0	1	1	0	0	0	0	0	1	0	0	0	0	1	1	1	0	1	1	1	0	151.0	0.096	0.287	NaN	NaN	0.229	0.638	NaN	NaN	6.87	22.33	NaN	NaN	0.0	"2.5"	"F0034"	1	1	"PR"	689.138	"wash-en"	11.338	0	1	1	0.0	0.0	0.0	null	690.934	0.087
2.2	0.051975	21000.0	2821.875	2296.875	NaN	NaN	NaN	0	0	0	0	0	1	1	0	0	0	0	0	1	0	0	0	0	0	0	0	1	0	0	0	1	26.0	0.097	0.288	NaN	NaN	0.231	0.64	NaN	NaN	6.93	22.4	NaN	NaN	0.0	"2.5"	"F0034"	0	0	"PR"	699.063	"wash-sc"	1.096	0	1	1	0.0	0.0	0.0	null	700.859	0.084
2.9	0.053075	-1125.0	2990.625	2287.5	NaN	NaN	NaN	0	0	0	0	0	0	0	0	0	0	0	0	0	0	0	0	0	0	0	0	1	0	0	0	1	35.0	0.114	0.287	NaN	NaN	0.271	0.638	NaN	NaN	8.13	22.33	NaN	NaN	0.0	"2.5"	"F0034"	0	0	"PR"	709.101	"diffuse"	1.004	0	1	2	0.0	0.0	0.0	null	710.897	0.084
3.0	0.05225	375.0	2990.625	2278.125	NaN	NaN	NaN	0	0	0	0	0	0	0	0	0	0	0	0	0	0	0	0	0	0	0	0	1	0	0	0	1	36.0	0.114	0.286	NaN	NaN	0.271	0.636	NaN	NaN	8.13	22.26	NaN	NaN	0.0	"2.5"	"F0034"	0	0	"PR"	719.141	"diffuse"	11.044	0	1	2	0.0	0.0	0.0	null	720.937	0.085
3.2	0.05225	375.0	2971.875	2287.5	NaN	NaN	NaN	0	0	0	0	0	0	0	0	0	0	0	0	0	0	0	0	0	0	0	0	1	0	0	0	1	38.0	0.112	0.287	NaN	NaN	0.267	0.638	NaN	NaN	8.01	22.33	NaN	NaN	0.0	"2.5"	"F0034"	0	0	"PR"	729.175	"diffuse"	21.078	0	1	2	0.0	0.0	0.0	null	730.971	0.084
12.5	0.052525	11250.0	2868.75	2278.125	NaN	NaN	NaN	0	0	0	0	0	1	1	0	0	0	0	0	1	0	0	0	0	1	1	1	0	1	1	1	0	150.0	0.102	0.286	NaN	NaN	0.243	0.636	NaN	NaN	7.29	22.26	NaN	NaN	0.0	"2.5"	"F0034"	1	1	"PR"	739.095	"wash-en"	0.891	0	1	2	0.0	0.0	0.0	null	740.891	0.083
12.8	0.052525	19312.5	2859.375	2278.125	NaN	NaN	NaN	0	0	0	0	0	1	1	0	0	0	0	0	1	0	0	0	0	1	1	1	0	1	1	1	0	154.0	0.101	0.286	NaN	NaN	0.24	0.636	NaN	NaN	7.2	22.26	NaN	NaN	0.0	"2.5"	"F0034"	1	1	"PR"	749.132	"wash-en"	10.928	0	1	2	0.0	0.0	0.0	null	750.928	0.086
1.6	0.05335	20625.0	2831.25	2278.125	NaN	NaN	NaN	0	0	0	0	0	1	1	0	0	0	0	0	1	0	0	0	0	0	0	0	1	0	0	0	1	19.0	0.098	0.286	NaN	NaN	0.233	0.636	NaN	NaN	6.99	22.26	NaN	NaN	0.0	"2.5"	"F0034"	0	0	"PR"	759.254	"wash-sc"	0.891	0	1	2	0.0	0.0	0.0	null	761.05	0.087
2.3	0.053075	-1500.0	3000.0	2296.875	NaN	NaN	NaN	0	0	0	0	0	0	0	0	0	0	0	0	0	0	0	0	0	0	0	0	1	0	0	0	1	28.0	0.115	0.288	NaN	NaN	0.274	0.64	NaN	NaN	8.22	22.4	NaN	NaN	0.0	"2.5"	"F0034"	0	0	"PR"	769.291	"diffuse"	0.803	0	1	3	0.0	0.0	0.0	null	771.087	0.086
2.8	0.05335	-375.0	2943.75	2287.5	NaN	NaN	NaN	0	0	0	0	0	0	0	0	0	0	0	0	0	0	0	0	0	0	0	0	1	0	0	0	1	34.0	0.109	0.287	NaN	NaN	0.26	0.638	NaN	NaN	7.8	22.33	NaN	NaN	0.0	"2.5"	"F0034"	0	0	"PR"	779.13	"diffuse"	10.642	0	1	3	0.0	0.0	0.0	null	780.926	0.089
2.7	0.053625	937.5	2981.25	2278.125	NaN	NaN	NaN	0	0	0	0	0	0	0	0	0	0	0	0	0	0	0	0	0	0	0	0	1	0	0	0	1	32.0	0.113	0.286	NaN	NaN	0.269	0.636	NaN	NaN	8.07	22.26	NaN	NaN	0.0	"2.5"	"F0034"	0	0	"PR"	789.163	"diffuse"	20.675	0	1	3	0.0	0.0	0.0	null	790.959	0.083
13.5	0.053075	6187.5	2700.0	2278.125	NaN	NaN	NaN	0	0	0	0	0	1	1	0	0	0	0	0	1	0	0	0	0	1	1	1	0	1	1	1	0	162.0	0.085	0.286	NaN	NaN	0.202	0.636	NaN	NaN	6.06	22.26	NaN	NaN	0.0	"2.5"	"F0034"	1	1	"PR"	799.29	"wash-en"	0.696	0	1	3	0.0	0.0	0.0	null	801.086	0.084
13.2	0.053075	19312.5	2784.375	2278.125	NaN	NaN	NaN	0	0	0	0	0	1	1	0	0	0	0	0	1	0	0	0	0	1	1	1	0	1	1	1	0	158.0	0.093	0.286	NaN	NaN	0.221	0.636	NaN	NaN	6.63	22.26	NaN	NaN	0.0	"2.5"	"F0034"	1	1	"PR"	809.33	"wash-en"	10.736	0	1	3	0.0	0.0	0.0	null	811.126	0.086
12.6	0.0539	20625.0	2831.25	2287.5	NaN	NaN	NaN	0	0	0	0	0	1	1	0	0	0	0	0	1	0	0	0	0	0	0	0	1	0	0	0	1	151.0	0.098	0.287	NaN	NaN	0.233	0.638	NaN	NaN	6.99	22.33	NaN	NaN	0.0	"2.5"	"F0034"	0	0	"PR"	818.964	"wash-sc"	0.2	0	1	3	0.0	0.0	0.0	null	820.76	0.094
1.8	0.0539	8062.5	3131.25	2278.125	NaN	NaN	NaN	0	0	0	0	0	0	0	0	0	0	0	0	0	0	0	0	0	0	0	0	1	0	0	0	1	22.0	0.128	0.286	NaN	NaN	0.305	0.636	NaN	NaN	9.15	22.26	NaN	NaN	0.0	"2.5"	"F0034"	0	0	"PR"	829.295	"diffuse"	0.401	0	1	4	0.0	0.0	0.0	null	831.091	0.141
2.0	0.053075	375.0	2981.25	2296.875	NaN	NaN	NaN	0	0	0	0	0	0	0	0	0	0	0	0	0	0	0	0	0	0	0	0	1	0	0	0	1	24.0	0.113	0.288	NaN	NaN	0.269	0.64	NaN	NaN	8.07	22.4	NaN	NaN	0.0	"2.5"	"F0034"	0	0	"PR"	839.334	"diffuse"	10.44	0	1	4	0.0	0.0	0.0	null	841.13	0.085
2.1	0.054175	-187.5	3009.375	2287.5	NaN	NaN	NaN	0	0	0	0	0	0	0	0	0	0	0	0	0	0	0	0	0	0	0	0	1	0	0	0	1	25.0	0.116	0.287	NaN	NaN	0.276	0.638	NaN	NaN	8.28	22.33	NaN	NaN	0.0	"2.5"	"F0034"	0	0	"PR"	849.369	"diffuse"	20.475	0	1	4	0.0	0.0	0.0	null	851.165	0.084
2.1	0.054175	937.5	2981.25	2296.875	NaN	NaN	NaN	0	0	0	0	0	1	1	0	0	0	0	0	1	0	0	0	0	1	1	1	0	1	1	1	0	25.0	0.113	0.288	NaN	NaN	0.269	0.64	NaN	NaN	8.07	22.4	NaN	NaN	0.0	"2.5"	"F0034"	1	1	"PR"	859.202	"wash-en"	0.201	0	1	4	0.0	0.0	0.0	null	860.998	0.093
10.7	0.0528	21000.0	2784.375	2268.75	NaN	NaN	NaN	0	0	0	0	0	1	1	0	0	0	0	0	1	0	0	0	0	1	1	1	0	1	1	1	0	128.0	0.093	0.285	NaN	NaN	0.221	0.633	NaN	NaN	6.63	22.155	NaN	NaN	0.0	"2.5"	"F0034"	1	1	"PR"	869.336	"wash-en"	10.335	0	1	4	0.0	0.0	0.0	null	871.132	0.088
12.6	0.053625	18750.0	2821.875	2278.125	NaN	NaN	NaN	0	0	0	0	0	1	1	0	0	0	0	0	1	0	0	0	0	0	0	0	1	0	0	0	1	151.0	0.097	0.286	NaN	NaN	0.231	0.636	NaN	NaN	6.93	22.26	NaN	NaN	0.0	"2.5"	"F0034"	0	0	"PR"	879.371	"wash-sc"	0.201	0	1	4	0.0	0.0	0.0	null	881.167	0.09
2.1	0.0539	21562.5	2812.5	2296.875	NaN	NaN	NaN	0	0	0	0	0	1	1	0	0	0	0	0	1	0	0	0	0	0	0	0	1	0	0	0	1	25.0	0.096	0.288	NaN	NaN	0.229	0.64	NaN	NaN	6.87	22.4	NaN	NaN	0.0	"2.5"	"F0034"	0	0	"PR"	889.3	"wash-sc"	10.13	0	1	4	0.0	0.0	0.0	null	891.096	0.09
1.6	0.05335	-937.5	2456.25	2278.125	NaN	NaN	NaN	0	0	0	0	1	0	0	0	0	0	0	0	0	0	0	0	0	0	0	0	1	0	0	0	1	19.0	0.061	0.286	NaN	NaN	0.145	0.636	NaN	NaN	4.35	22.26	NaN	NaN	0.0	"2.5"	"F0034"	0	0	"PR"	899.339	"drain-rg"	10.039	0	1	4	0.0	0.0	0.0	null	901.135	0.088
1.4	0.05335	-1687.5	2109.375	2278.125	NaN	NaN	NaN	0	0	0	0	1	0	0	0	0	0	0	0	0	0	0	0	0	0	0	0	1	0	0	0	1	17.0	0.026	0.286	NaN	NaN	0.062	0.636	NaN	NaN	1.86	22.26	NaN	NaN	0.0	"2.5"	"F0034"	0	0	"PR"	909.374	"drain-rg"	20.074	0	1	4	0.0	0.0	0.0	null	911.17	0.09
1.4	0.0539	-2062.5	1696.875	2287.5	NaN	NaN	NaN	0	0	0	0	1	0	0	0	0	0	0	0	0	0	0	0	0	0	0	0	1	0	0	0	1	17.0	-0.015	0.287	NaN	NaN	-0.036	0.638	NaN	NaN	-1.08	22.33	NaN	NaN	0.0	"2.5"	"F0034"	0	0	"PR"	919.408	"drip-rg"	3.211	0	1	4	0.0	0.0	0.0	null	921.204	0.09
2.0	0.053625	-1687.5	9.375	2287.5	NaN	NaN	NaN	0	0	0	0	1	0	0	0	0	0	0	0	0	0	0	0	0	0	0	0	1	0	0	0	1	24.0	-0.184	0.287	NaN	NaN	-0.438	0.638	NaN	NaN	-13.14	22.33	NaN	NaN	0.0	"2.5"	"F0034"	0	0	"PR"	929.447	"drip-rg"	13.25	0	1	4	0.0	0.0	0.0	null	931.243	0.084
1.3	0.053075	20062.5	1790.625	2118.75	NaN	NaN	NaN	0	0	1	0	0	1	0	0	0	0	0	0	1	0	0	0	0	0	0	0	1	0	0	0	1	16.0	-0.006	0.27	NaN	NaN	-0.014	0.6	NaN	NaN	-0.42	21.0	NaN	NaN	0.0	"2.5"	"F0034"	0	0	"FR"	7.249	"fill-rg-di"	7.048	1	1	0	933.249	0.0	0.0	null	941.12	0.092
1.3	0.05335	21375.0	2203.125	1884.375	NaN	NaN	NaN	0	0	1	0	0	1	0	0	0	0	0	0	1	0	0	0	0	0	0	0	1	0	0	0	1	16.0	0.035	0.246	NaN	NaN	0.083	0.547	NaN	NaN	2.49	19.145	NaN	NaN	0.0	"2.5"	"F0034"	0	0	"FR"	17.282	"fill-rg-di"	17.081	1	1	0	933.249	0.0	0.0	null	951.153	0.088
1.6	0.0528	19875.0	2503.125	1593.75	NaN	NaN	NaN	0	0	1	0	0	1	0	0	0	0	0	0	1	0	0	0	0	0	0	0	1	0	0	0	1	19.0	0.065	0.217	NaN	NaN	0.155	0.482	NaN	NaN	4.65	16.87	NaN	NaN	0.0	"2.5"	"F0034"	0	0	"FR"	27.317	"fill-rg-di"	27.116	1	1	0	933.249	0.0	0.0	null	961.188	0.087
1.6	0.051425	20062.5	2850.0	1340.625	NaN	NaN	NaN	0	0	1	0	0	1	0	0	0	0	0	0	1	0	0	0	0	0	0	0	1	0	0	0	1	19.0	0.1	0.192	NaN	NaN	0.238	0.427	NaN	NaN	7.14	14.945	NaN	NaN	0.0	"2.5"	"F0034"	0	0	"FR"	37.357	"fill-rg-di"	37.156	1	1	0	933.249	0.0	0.0	null	971.228	0.093
1.3	0.050875	21000.0	3168.75	1078.125	NaN	NaN	NaN	0	0	1	0	0	1	0	0	0	0	0	0	1	0	0	0	0	0	0	0	1	0	0	0	1	16.0	0.132	0.166	NaN	NaN	0.314	0.369	NaN	NaN	9.42	12.915	NaN	NaN	0.0	"2.5"	"F0034"	0	0	"FR"	47.393	"fill-rg-di"	47.192	1	1	0	933.249	0.0	0.0	null	981.264	0.09
0.6	0.050325	-937.5	2840.625	984.375	NaN	NaN	NaN	0	0	0	0	1	0	0	0	0	0	0	0	0	0	0	0	0	0	0	0	1	0	0	0	1	7.0	0.099	0.156	NaN	NaN	0.236	0.347	NaN	NaN	7.08	12.145	NaN	NaN	0.0	"2.5"	"F0034"	0	0	"FR"	57.424	"drain-rg"	6.221	1	1	0	933.249	0.0	0.0	null	991.295	0.087
2.6	0.05005	-2250.0	2512.5	984.375	NaN	NaN	NaN	0	0	0	0	1	0	0	0	0	0	0	0	0	0	0	0	0	0	0	0	1	0	0	0	1	31.0	0.066	0.156	NaN	NaN	0.157	0.347	NaN	NaN	4.71	12.145	NaN	NaN	0.0	"2.5"	"F0034"	0	0	"FR"	67.463	"drain-rg"	16.26	1	1	0	933.249	0.0	0.0	null	1001.334	0.09
1.8	0.049775	-4125.0	2100.0	965.625	NaN	NaN	NaN	0	0	0	0	1	0	0	0	0	0	0	0	0	0	0	0	0	0	0	0	1	0	0	0	1	22.0	0.025	0.155	NaN	NaN	0.06	0.344	NaN	NaN	1.8	12.04	NaN	NaN	0.0	"2.5"	"F0034"	0	0	"FR"	77.298	"drain-rg"	26.095	1	1	0	933.249	0.0	0.0	null	1011.169	0.086
2.0	0.049775	-3750.0	1800.0	984.375	NaN	NaN	NaN	0	0	0	0	1	0	0	0	0	0	0	0	0	0	0	0	0	0	0	0	1	0	0	0	1	24.0	-0.005	0.156	NaN	NaN	-0.012	0.347	NaN	NaN	-0.36	12.145	NaN	NaN	0.0	"2.5"	"F0034"	0	0	"FR"	87.333	"drip-rg"	1.405	1	1	0	933.249	0.0	0.0	null	1021.204	0.091
1.7	0.0495	-4312.5	-18.75	965.625	NaN	NaN	NaN	0	0	0	0	1	0	0	0	0	0	0	0	0	0	0	0	0	0	0	0	1	0	0	0	1	20.0	-0.187	0.155	NaN	NaN	-0.445	0.344	NaN	NaN	-13.35	12.04	NaN	NaN	0.0	"2.5"	"F0034"	0	0	"FR"	97.371	"drip-rg"	11.443	1	1	0	933.249	0.0	0.0	null	1031.242	0.092
4.8	0.0495	20625.0	1696.875	871.875	NaN	NaN	NaN	0	0	1	0	0	1	0	0	0	0	0	0	1	0	0	0	0	0	0	0	1	0	0	0	1	58.0	-0.015	0.145	NaN	NaN	-0.036	0.322	NaN	NaN	-1.08	11.27	NaN	NaN	0.0	"2.5"	"F0034"	0	0	"PR"	5.641	"fill-rg-di"	5.44	1	0	0	933.249	0.0	1035.054	null	1041.317	0.093
2.0	0.048125	21375.0	2128.125	628.125	NaN	NaN	NaN	0	0	1	0	0	1	0	0	0	0	0	0	1	0	0	0	0	0	0	0	1	0	0	0	1	24.0	0.028	0.121	NaN	NaN	0.067	0.269	NaN	NaN	2.01	9.415	NaN	NaN	0.0	"2.5"	"F0034"	0	0	"PR"	15.682	"fill-rg-di"	15.481	1	0	0	933.249	0.0	1035.054	null	1051.358	0.09
2.1	0.04565	19687.5	2465.625	328.125	NaN	NaN	NaN	0	0	1	0	0	1	0	0	0	0	0	0	1	0	0	0	0	0	0	0	1	0	0	0	1	25.0	0.062	0.091	NaN	NaN	0.148	0.202	NaN	NaN	4.44	7.07	NaN	NaN	0.0	"2.5"	"F0034"	0	0	"PR"	25.716	"fill-rg-di"	25.515	1	0	0	933.249	0.0	1035.054	null	1061.392	0.087
1.0	0.04565	20437.5	2756.25	65.625	NaN	NaN	NaN	0	0	1	0	0	1	0	0	0	0	0	0	1	0	0	0	0	0	0	0	1	0	0	0	1	12.0	0.091	0.065	NaN	NaN	0.217	0.144	NaN	NaN	6.51	5.04	NaN	NaN	0.0	"2.5"	"F0034"	0	0	"PR"	35.558	"fill-rg-di"	35.357	1	0	0	933.249	0.0	1035.054	null	1071.234	0.088
3.5	0.0451	937.5	2775.0	365.625	NaN	NaN	NaN	1	0	0	0	0	0	0	0	0	0	0	0	0	1	0	0	0	0	0	0	1	0	0	0	1	42.0	0.093	0.095	NaN	NaN	0.221	0.211	NaN	NaN	6.63	7.385	NaN	NaN	0.0	"2.5"	"F0034"	0	0	"PR"	45.592	"fill-di-lb"	9.833	1	0	0	933.249	0.0	1035.054	null	1081.268	0.086
1.6	0.0451	1875.0	2765.625	703.125	NaN	NaN	NaN	1	0	0	0	0	0	0	0	0	0	0	0	0	1	0	0	0	0	0	0	1	0	0	0	1	19.0	0.092	0.128	NaN	NaN	0.219	0.284	NaN	NaN	6.57	9.94	NaN	NaN	0.0	"2.5"	"F0034"	0	0	"PR"	55.625	"fill-di-lb"	19.866	1	0	0	933.249	0.0	1035.054	null	1091.301	0.084
2.0	0.045375	3187.5	2765.625	1012.5	NaN	NaN	NaN	1	0	0	0	0	0	0	0	0	0	0	0	0	1	0	0	0	0	0	0	1	0	0	0	1	24.0	0.092	0.159	NaN	NaN	0.219	0.353	NaN	NaN	6.57	12.355	NaN	NaN	0.0	"2.5"	"F0034"	0	0	"PR"	65.663	"fill-di-lb"	29.904	1	0	0	933.249	0.0	1035.054	null	1101.339	0.084
1.1	0.045375	2812.5	2756.25	1340.625	NaN	NaN	NaN	1	0	0	0	0	0	0	0	0	0	0	0	0	1	0	0	0	0	0	0	1	0	0	0	1	13.0	0.091	0.192	NaN	NaN	0.217	0.427	NaN	NaN	6.51	14.945	NaN	NaN	0.0	"2.5"	"F0034"	0	0	"PR"	75.699	"fill-di-lb"	39.94	1	0	0	933.249	0.0	1035.054	null	1111.375	0.083
1.5	0.045375	375.0	2756.25	1612.5	NaN	NaN	NaN	1	0	0	0	0	0	0	0	0	0	0	0	0	1	0	0	0	0	0	0	1	0	0	0	1	18.0	0.091	0.219	NaN	NaN	0.217	0.487	NaN	NaN	6.51	17.045	NaN	NaN	0.0	"2.5"	"F0034"	0	0	"PR"	85.734	"fill-di-lb"	49.975	1	0	0	933.249	0.0	1035.054	null	1121.41	0.088
2.8	0.04565	1687.5	2775.0	1940.625	NaN	NaN	NaN	1	0	0	0	0	0	0	0	0	0	0	0	0	1	0	0	0	0	0	0	1	0	0	0	1	34.0	0.093	0.252	NaN	NaN	0.221	0.56	NaN	NaN	6.63	19.6	NaN	NaN	0.0	"2.5"	"F0034"	0	0	"PR"	95.772	"fill-di-lb"	60.013	1	0	0	933.249	0.0	1035.054	null	1131.448	0.09
1.7	0.045925	2812.5	2765.625	2278.125	NaN	NaN	NaN	1	0	0	0	0	0	0	0	0	0	0	0	0	1	0	0	0	0	0	0	1	0	0	0	1	20.0	0.092	0.286	NaN	NaN	0.219	0.636	NaN	NaN	6.57	22.26	NaN	NaN	0.0	"2.5"	"F0034"	0	0	"PR"	105.805	"fill-di-lb"	70.046	1	0	0	933.249	0.0	1035.054	null	1141.481	0.09
1.0	0.04455	4312.5	2981.25	2156.25	NaN	NaN	NaN	1	0	0	0	0	0	0	0	0	0	0	0	0	1	0	0	0	0	0	0	1	0	0	0	1	12.0	0.113	0.274	NaN	NaN	0.269	0.609	NaN	NaN	8.07	21.315	NaN	NaN	0.0	"2.5"	"F0034"	0	0	"PR"	115.643	"fill-di"	3.012	1	0	0	933.249	0.0	1035.054	null	1151.319	0.085
