cur	ec	mod-ps	rg-ps	di-ps	fw1-ps	fw2-ps	pf-ps	vlv-di-fill	vlv-di-in	vlv-di-out	vlv-rg-fill	vlv-rg-drain	vlv-rg-in	vlv-rg-out	vlv-fw1-in	vlv-fw1-out	vlv-fw2-in	vlv-po	vlv-mod-drain	pmp-sys	pmp-di	pmp-fw1	pmp-fw2	uv	en-anode1	en-cath1	pl-anode1	pl-cath1	en-anode2	en-cath2	pl-anode2	pl-cath2	pw	rg-he	di-he	fw1-he	fw2-he	rg-lev	di-lev	fw1-lev	fw2-lev	rg-vol	di-vol	fw1-vol	fw2-vol	pr-ec	ver	sn	mod-en	mod-pl	proc	proc-time	ph	ph-time	count	cyc	rnd	pr-last	rc-last	fr-last	halt-re	time	exec
2.1	0.04675	30187.5	2821.875	2278.125	NaN	NaN	NaN	0	0	0	0	0	1	1	0	0	0	0	0	1	0	0	0	0	0	0	0	1	0	0	0	1	25.0	0.097	0.286	NaN	NaN	0.231	0.636	NaN	NaN	6.93	22.26	NaN	NaN	0.0	"2.5"	"F0034"	0	0	"PR"	8.241	"prime"	7.424	0	0	0	0.0	0.0	0.0	null	10.041	0.086
2.1	0.04675	30187.5	2821.875	2278.125	NaN	NaN	NaN	0	0	0	0	0	1	1	0	0	0	0	0	1	0	0	0	0	0	0	0	1	0	0	0	1	25.0	0.097	0.286	NaN	NaN	0.231	0.636	NaN	NaN	6.93	22.26	NaN	NaN	0.0	"2.5"	"F0034"	0	0	"PR"	8.241	"prime"	7.424	0	0	0	0.0	0.0	0.0	null	10.041	0.086
2.9	0.04785	30187.5	2821.875	2278.125	NaN	NaN	NaN	0	0	0	0	0	1	1	0	0	0	0	0	1	0	0	0	0	0	0	0	1	0	0	0	1	35.0	0.097	0.286	NaN	NaN	0.231	0.636	NaN	NaN	6.93	22.26	NaN	NaN	0.0	"2.5"	"F0034"	0	0	"PR"	18.283	"prime"	17.466	0	0	0	0.0	0.0	0.0	null	20.083	0.087
2.9	0.0473	30000.0	2812.5	2287.5	NaN	NaN	NaN	0	0	0	0	0	1	1	0	0	0	0	0	1	0	0	0	0	0	0	0	1	0	0	0	1	35.0	0.096	0.287	NaN	NaN	0.229	0.638	NaN	NaN	6.87	22.33	NaN	NaN	0.0	"2.5"	"F0034"	0	0	"PR"	28.317	"prime"	27.5	0	0	0	0.0	0.0	0.0	null	30.117	0.083
-9.8	0.046475	34500.0	2962.5	2493.75	NaN	NaN	NaN	0	1	1	0	0	0	0	0	0	0	0	0	1	0	0	0	0	1	1	0	1	1	1	0	1	-118.0	0.111	0.307	NaN	NaN	0.264	0.682	NaN	NaN	7.92	23.87	NaN	NaN	0.0	"2.5"	"F0034"	1	0	"PR"	38.352	"deionize"	7.028	0	1	0	0.0	0.0	0.0	null	40.152	0.087
-12.5	0.045925	34687.5	3009.375	2531.25	NaN	NaN	NaN	0	1	1	0	0	0	0	0	0	0	0	0	1	0	0	0	0	1	1	0	1	1	1	0	1	-150.0	0.116	0.311	NaN	NaN	0.276	0.691	NaN	NaN	8.28	24.185	NaN	NaN	0.0	"2.5"	"F0034"	1	0	"PR"	48.392	"deionize"	17.068	0	1	0	0.0	0.0	0.0	null	50.192	0.095
-13.3	0.04455	35250.0	2981.25	2587.5	NaN	NaN	NaN	0	1	1	0	0	0	0	0	0	0	0	0	1	0	0	0	0	1	1	0	1	1	1	0	1	-160.0	0.113	0.317	NaN	NaN	0.269	0.704	NaN	NaN	8.07	24.64	NaN	NaN	0.0	"2.5"	"F0034"	1	0	"PR"	58.431	"deionize"	27.107	0	1	0	0.0	0.0	0.0	null	60.231	0.09
-11.4	0.043175	33937.5	2971.875	2521.875	NaN	NaN	NaN	0	1	1	0	0	0	0	0	0	0	0	0	1	0	0	0	0	1	1	0	1	1	1	0	1	-137.0	0.112	0.31	NaN	NaN	0.267	0.689	NaN	NaN	8.01	24.115	NaN	NaN	0.0	"2.5"	"F0034"	1	0	"PR"	68.472	"deionize"	37.148	0	1	0	0.0	0.0	0.0	null	70.272	0.092
-11.4	0.0407	32250.0	2953.125	2568.75	NaN	NaN	NaN	0	1	1	0	0	0	0	0	0	0	0	0	1	0	0	0	0	1	1	0	1	1	1	0	1	-137.0	0.11	0.315	NaN	NaN	0.262	0.7	NaN	NaN	7.86	24.5	NaN	NaN	0.0	"2.5"	"F0034"	1	0	"PR"	78.503	"deionize"	47.179	0	1	0	0.0	0.0	0.0	null	80.303	0.091
-11.2	0.040425	36375.0	2981.25	2550.0	NaN	NaN	NaN	0	1	1	0	0	0	0	0	0	0	0	0	1	0	0	0	0	1	1	0	1	1	1	0	1	-134.0	0.113	0.313	NaN	NaN	0.269	0.696	NaN	NaN	8.07	24.36	NaN	NaN	0.0	"2.5"	"F0034"	1	0	"PR"	88.336	"deionize"	57.012	0	1	0	0.0	0.0	0.0	null	90.136	0.085
-11.6	0.039325	34687.5	2971.875	2587.5	NaN	NaN	NaN	0	1	1	0	0	0	0	0	0	0	0	0	1	0	0	0	0	1	1	0	1	1	1	0	1	-139.0	0.112	0.317	NaN	NaN	0.267	0.704	NaN	NaN	8.01	24.64	NaN	NaN	0.0	"2.5"	"F0034"	1	0	"PR"	98.378	"deionize"	67.054	0	1	0	0.0	0.0	0.0	null	100.178	0.087
-11.3	0.038225	34687.5	2981.25	2512.5	NaN	NaN	NaN	0	1	1	0	0	0	0	0	0	0	0	0	1	0	0	0	0	1	1	0	1	1	1	0	1	-136.0	0.113	0.309	NaN	NaN	0.269	0.687	NaN	NaN	8.07	24.045	NaN	NaN	0.0	"2.5"	"F0034"	1	0	"PR"	108.416	"deionize"	77.092	0	1	0	0.0	0.0	0.0	null	110.216	0.09
-10.6	0.0374	35625.0	2962.5	2475.0	NaN	NaN	NaN	0	1	1	0	0	0	0	0	0	0	0	0	1	0	0	0	0	1	1	0	1	1	1	0	1	-127.0	0.111	0.305	NaN	NaN	0.264	0.678	NaN	NaN	7.92	23.73	NaN	NaN	0.0	"2.5"	"F0034"	1	0	"PR"	118.454	"deionize"	87.13	0	1	0	0.0	0.0	0.0	null	120.254	0.087
-10.6	0.0363	35062.5	2962.5	2531.25	NaN	NaN	NaN	0	1	1	0	0	0	0	0	0	0	0	0	1	0	0	0	0	1	1	0	1	1	1	0	1	-127.0	0.111	0.311	NaN	NaN	0.264	0.691	NaN	NaN	7.92	24.185	NaN	NaN	0.0	"2.5"	"F0034"	1	0	"PR"	128.495	"deionize"	97.171	0	1	0	0.0	0.0	0.0	null	130.295	0.087
-10.1	0.0352	33937.5	2981.25	2475.0	NaN	NaN	NaN	0	1	1	0	0	0	0	0	0	0	0	0	1	0	0	0	0	1	1	0	1	1	1	0	1	-121.0	0.113	0.305	NaN	NaN	0.269	0.678	NaN	NaN	8.07	23.73	NaN	NaN	0.0	"2.5"	"F0034"	1	0	"PR"	138.531	"deionize"	107.207	0	1	0	0.0	0.0	0.0	null	140.331	0.087
-10.0	0.034925	33937.5	2981.25	2428.125	NaN	NaN	NaN	0	1	1	0	0	0	0	0	0	0	0	0	1	0	0	0	0	1	1	0	1	1	1	0	1	-120.0	0.113	0.301	NaN	NaN	0.269	0.669	NaN	NaN	8.07	23.415	NaN	NaN	0.0	"2.5"	"F0034"	1	0	"PR"	148.57	"deionize"	117.246	0	1	0	0.0	0.0	0.0	null	150.37	0.087
-9.5	0.03465	33750.0	2971.875	2484.375	NaN	NaN	NaN	0	1	1	0	0	0	0	0	0	0	0	0	1	0	0	0	0	1	1	0	1	1	1	0	1	-114.0	0.112	0.306	NaN	NaN	0.267	0.68	NaN	NaN	8.01	23.8	NaN	NaN	0.0	"2.5"	"F0034"	1	0	"PR"	158.604	"deionize"	127.28	0	1	0	0.0	0.0	0.0	null	160.404	0.091
-9.5	0.03355	34875.0	2971.875	2475.0	NaN	NaN	NaN	0	1	1	0	0	0	0	0	0	0	0	0	1	0	0	0	0	1	1	0	1	1	1	0	1	-114.0	0.112	0.305	NaN	NaN	0.267	0.678	NaN	NaN	8.01	23.73	NaN	NaN	0.0	"2.5"	"F0034"	1	0	"PR"	168.439	"deionize"	137.115	0	1	0	0.0	0.0	0.0	null	170.239	0.087
-9.2	0.033275	35625.0	2981.25	2456.25	NaN	NaN	NaN	0	1	1	0	0	0	0	0	0	0	0	0	1	0	0	0	0	1	1	0	1	1	1	0	1	-110.0	0.113	0.304	NaN	NaN	0.269	0.676	NaN	NaN	8.07	23.66	NaN	NaN	0.0	"2.5"	"F0034"	1	0	"PR"	178.479	"deionize"	147.155	0	1	0	0.0	0.0	0.0	null	180.279	0.085
-10.2	0.032725	35625.0	2971.875	2493.75	NaN	NaN	NaN	0	1	1	0	0	0	0	0	0	0	0	0	1	0	0	0	0	1	1	0	1	1	1	0	1	-122.0	0.112	0.307	NaN	NaN	0.267	0.682	NaN	NaN	8.01	23.87	NaN	NaN	0.0	"2.5"	"F0034"	1	0	"PR"	188.516	"deionize"	157.192	0	1	0	0.0	0.0	0.0	null	190.316	0.084
-9.1	0.03245	35437.5	2990.625	2512.5	NaN	NaN	NaN	0	1	1	0	0	0	0	0	0	0	0	0	1	0	0	0	0	1	1	0	1	1	1	0	1	-109.0	0.114	0.309	NaN	NaN	0.271	0.687	NaN	NaN	8.13	24.045	NaN	NaN	0.0	"2.5"	"F0034"	1	0	"PR"	198.555	"deionize"	167.231	0	1	0	0.0	0.0	0.0	null	200.355	0.085
-9.7	0.0319	35062.5	2971.875	2531.25	NaN	NaN	NaN	0	1	1	0	0	0	0	0	0	0	0	0	1	0	0	0	0	1	1	0	1	1	1	0	1	-116.0	0.112	0.311	NaN	NaN	0.267	0.691	NaN	NaN	8.01	24.185	NaN	NaN	0.0	"2.5"	"F0034"	1	0	"PR"	208.594	"deionize"	177.27	0	1	0	0.0	0.0	0.0	null	210.394	0.087
-9.1	0.0319	32250.0	2971.875	2400.0	NaN	NaN	NaN	0	1	1	0	0	0	0	0	0	0	0	0	1	0	0	0	0	1	1	0	1	1	1	0	1	-109.0	0.112	0.298	NaN	NaN	0.267	0.662	NaN	NaN	8.01	23.17	NaN	NaN	0.0	"2.5"	"F0034"	1	0	"PR"	218.628	"deionize"	187.304	0	1	0	0.0	0.0	0.0	null	220.428	0.087
-10.1	0.031075	31500.0	2981.25	2484.375	NaN	NaN	NaN	0	1	1	0	0	0	0	0	0	0	0	0	1	0	0	0	0	1	1	0	1	1	1	0	1	-121.0	0.113	0.306	NaN	NaN	0.269	0.68	NaN	NaN	8.07	23.8	NaN	NaN	0.0	"2.5"	"F0034"	1	0	"PR"	228.669	"deionize"	197.345	0	1	0	0.0	0.0	0.0	null	230.469	0.09
-9.2	0.031075	34687.5	2971.875	2446.875	NaN	NaN	NaN	0	1	1	0	0	0	0	0	0	0	0	0	1	0	0	0	0	1	1	0	1	1	1	0	1	-110.0	0.112	0.303	NaN	NaN	0.267	0.673	NaN	NaN	8.01	23.555	NaN	NaN	0.0	"2.5"	"F0034"	1	0	"PR"	238.704	"deionize"	207.38	0	1	0	0.0	0.0	0.0	null	240.504	0.084
-9.2	0.031075	34687.5	2971.875	2428.125	NaN	NaN	NaN	0	1	1	0	0	0	0	0	0	0	0	0	1	0	0	0	0	1	1	0	1	1	1	0	1	-110.0	0.112	0.301	NaN	NaN	0.267	0.669	NaN	NaN	8.01	23.415	NaN	NaN	0.0	"2.5"	"F0034"	1	0	"PR"	248.542	"deionize"	217.218	0	1	0	0.0	0.0	0.0	null	250.342	0.084
-9.0	0.031075	33562.5	2981.25	2390.625	NaN	NaN	NaN	0	1	1	0	0	0	0	0	0	0	0	0	1	0	0	0	0	1	1	0	1	1	1	0	1	-108.0	0.113	0.297	NaN	NaN	0.269	0.66	NaN	NaN	8.07	23.1	NaN	NaN	0.0	"2.5"	"F0034"	1	0	"PR"	258.586	"deionize"	227.262	0	1	0	0.0	0.0	0.0	null	260.386	0.087
-9.8	0.03025	34500.0	2962.5	2475.0	NaN	NaN	NaN	0	1	1	0	0	0	0	0	0	0	0	0	1	0	0	0	0	1	1	0	1	1	1	0	1	-118.0	0.111	0.305	NaN	NaN	0.264	0.678	NaN	NaN	7.92	23.73	NaN	NaN	0.0	"2.5"	"F0034"	1	0	"PR"	268.623	"deionize"	237.299	0	1	0	0.0	0.0	0.0	null	270.423	0.084
-8.3	0.03025	33187.5	2971.875	2446.875	NaN	NaN	NaN	0	1	1	0	0	0	0	0	0	0	0	0	1	0	0	0	1	1	1	0	1	1	1	0	1	-100.0	0.112	0.303	NaN	NaN	0.267	0.673	NaN	NaN	8.01	23.555	NaN	NaN	0.0	"2.5"	"F0034"	1	0	"PR"	278.57	"deionize-uv"	7.138	0	1	0	0.0	0.0	0.0	null	280.37	0.087
-8.4	0.0297	34687.5	2971.875	2409.375	NaN	NaN	NaN	0	1	1	0	0	0	0	0	0	0	0	0	1	0	0	0	1	1	1	0	1	1	1	0	1	-101.0	0.112	0.299	NaN	NaN	0.267	0.664	NaN	NaN	8.01	23.24	NaN	NaN	0.0	"2.5"	"F0034"	1	0	"PR"	288.602	"deionize-uv"	17.17	0	1	0	0.0	0.0	0.0	null	290.402	0.084
-8.4	0.0297	36187.5	2971.875	2428.125	NaN	NaN	NaN	0	1	1	0	0	0	0	0	0	0	0	0	1	0	0	0	1	1	1	0	1	1	1	0	1	-101.0	0.112	0.301	NaN	NaN	0.267	0.669	NaN	NaN	8.01	23.415	NaN	NaN	0.0	"2.5"	"F0034"	1	0	"PR"	298.634	"deionize-uv"	27.202	0	1	0	0.0	0.0	0.0	null	300.434	0.084
-6.5	0.029425	35062.5	2990.625	2456.25	NaN	NaN	NaN	0	1	1	0	0	0	0	0	0	0	0	0	1	0	0	0	1	1	1	0	1	1	1	0	1	-78.0	0.114	0.304	NaN	NaN	0.271	0.676	NaN	NaN	8.13	23.66	NaN	NaN	0.0	"2.5"	"F0034"	1	0	"PR"	308.674	"deionize-uv"	37.242	0	1	0	0.0	0.0	0.0	null	310.474	0.086
-8.8	0.028875	31500.0	2971.875	2437.5	NaN	NaN	NaN	0	1	1	0	0	0	0	0	0	0	0	0	1	0	0	0	1	1	1	0	1	1	1	0	1	-106.0	0.112	0.302	NaN	NaN	0.267	0.671	NaN	NaN	8.01	23.485	NaN	NaN	0.0	"2.5"	"F0034"	1	0	"PR"	318.709	"deionize-uv"	47.277	0	1	0	0.0	0.0	0.0	null	320.509	0.084
-7.1	0.028325	33750.0	2934.375	2390.625	NaN	NaN	NaN	0	1	1	0	0	0	0	0	0	0	0	0	1	0	0	0	1	1	1	0	1	1	1	0	1	-85.0	0.108	0.297	NaN	NaN	0.257	0.66	NaN	NaN	7.71	23.1	NaN	NaN	0.0	"2.5"	"F0034"	1	0	"PR"	328.741	"deionize-uv"	57.309	0	1	0	0.0	0.0	0.0	null	330.541	0.084
-8.2	0.028325	37312.5	2962.5	2493.75	NaN	NaN	NaN	0	1	1	0	0	0	0	0	0	0	0	0	1	0	0	0	1	1	1	0	1	1	1	0	1	-98.0	0.111	0.307	NaN	NaN	0.264	0.682	NaN	NaN	7.92	23.87	NaN	NaN	0.0	"2.5"	"F0034"	1	0	"PR"	338.778	"deionize-uv"	67.346	0	1	0	0.0	0.0	0.0	null	340.578	0.085
-8.0	0.02805	32437.5	2971.875	2437.5	NaN	NaN	NaN	0	1	1	0	0	0	0	0	0	0	0	0	1	0	0	0	1	1	1	0	1	1	1	0	1	-96.0	0.112	0.302	NaN	NaN	0.267	0.671	NaN	NaN	8.01	23.485	NaN	NaN	0.0	"2.5"	"F0034"	1	0	"PR"	348.811	"deionize-uv"	77.379	0	1	0	0.0	0.0	0.0	null	350.611	0.084
-6.3	0.027775	33937.5	2962.5	2465.625	NaN	NaN	NaN	0	1	1	0	0	0	0	0	0	0	0	0	1	0	0	0	1	1	1	0	1	1	1	0	1	-76.0	0.111	0.305	NaN	NaN	0.264	0.678	NaN	NaN	7.92	23.73	NaN	NaN	0.0	"2.5"	"F0034"	1	0	"PR"	358.845	"deionize-uv"	87.413	0	1	0	0.0	0.0	0.0	null	360.645	0.084
-8.4	0.02805	34312.5	2971.875	2437.5	NaN	NaN	NaN	0	1	1	0	0	0	0	0	0	0	0	0	1	0	0	0	1	1	1	0	1	1	1	0	1	-101.0	0.112	0.302	NaN	NaN	0.267	0.671	NaN	NaN	8.01	23.485	NaN	NaN	0.0	"2.5"	"F0034"	1	0	"PR"	368.681	"deionize-uv"	97.249	0	1	0	0.0	0.0	0.0	null	370.481	0.091
-7.2	0.02805	34687.5	2962.5	2409.375	NaN	NaN	NaN	0	1	1	0	0	0	0	0	0	0	0	0	1	0	0	0	1	1	1	0	1	1	1	0	1	-86.0	0.111	0.299	NaN	NaN	0.264	0.664	NaN	NaN	7.92	23.24	NaN	NaN	0.0	"2.5"	"F0034"	1	0	"PR"	378.716	"deionize-uv"	107.284	0	1	0	0.0	0.0	0.0	null	380.516	0.09
-6.8	0.0275	32437.5	2971.875	2390.625	NaN	NaN	NaN	0	1	1	0	0	0	0	0	0	0	0	0	1	0	0	0	1	1	1	0	1	1	1	0	1	-82.0	0.112	0.297	NaN	NaN	0.267	0.66	NaN	NaN	8.01	23.1	NaN	NaN	0.0	"2.5"	"F0034"	1	0	"PR"	388.749	"deionize-uv"	117.317	0	1	0	0.0	0.0	0.0	null	390.549	0.094
-7.7	0.02695	39000.0	2971.875	1940.625	NaN	NaN	NaN	0	0	1	0	0	0	0	1	0	0	0	0	1	0	0	0	1	1	1	0	1	1	1	0	1	-92.0	0.112	0.252	NaN	NaN	0.267	0.56	NaN	NaN	8.01	19.6	NaN	NaN	0.0	"2.5"	"F0034"	1	0	"PR"	398.714	"drain-di-1"	7.153	0	1	0	0.0	0.0	0.0	null	400.514	0.091
-7.7	0.027225	36937.5	2962.5	1696.875	NaN	NaN	NaN	0	0	1	0	0	0	0	1	0	0	0	0	1	0	0	0	1	1	1	0	1	1	1	0	1	-92.0	0.111	0.228	NaN	NaN	0.264	0.507	NaN	NaN	7.92	17.745	NaN	NaN	0.0	"2.5"	"F0034"	1	0	"PR"	408.749	"drain-di-1"	17.188	0	1	0	0.0	0.0	0.0	null	410.549	0.092
-6.2	0.02695	36750.0	2981.25	1462.5	NaN	NaN	NaN	0	0	1	0	0	0	0	1	0	0	0	0	1	0	0	0	1	1	1	0	1	1	1	0	1	-74.0	0.113	0.204	NaN	NaN	0.269	0.453	NaN	NaN	8.07	15.855	NaN	NaN	0.0	"2.5"	"F0034"	1	0	"PR"	418.789	"drain-di-1"	27.228	0	1	0	0.0	0.0	0.0	null	420.589	0.097
-7.5	0.026675	38625.0	2971.875	1209.375	NaN	NaN	NaN	0	0	1	0	0	0	0	1	0	0	0	0	1	0	0	0	1	1	1	0	1	1	1	0	1	-90.0	0.112	0.179	NaN	NaN	0.267	0.398	NaN	NaN	8.01	13.93	NaN	NaN	0.0	"2.5"	"F0034"	1	0	"PR"	428.825	"drain-di-1"	37.264	0	1	0	0.0	0.0	0.0	null	430.625	0.084
-6.6	0.0264	38437.5	2981.25	975.0	NaN	NaN	NaN	0	0	1	0	0	0	0	1	0	0	0	0	1	0	0	0	1	1	1	0	1	1	1	0	1	-79.0	0.113	0.155	NaN	NaN	0.269	0.344	NaN	NaN	8.07	12.04	NaN	NaN	0.0	"2.5"	"F0034"	1	0	"PR"	438.863	"drain-di-1"	47.302	0	1	0	0.0	0.0	0.0	null	440.663	0.085
-7.3	0.026125	39937.5	2981.25	750.0	NaN	NaN	NaN	0	0	1	0	0	0	0	1	0	0	0	0	1	0	0	0	1	1	1	0	1	1	1	0	1	-88.0	0.113	0.133	NaN	NaN	0.269	0.296	NaN	NaN	8.07	10.36	NaN	NaN	0.0	"2.5"	"F0034"	1	0	"PR"	448.899	"drain-di-1"	57.338	0	1	0	0.0	0.0	0.0	null	450.699	0.084
-7.0	0.02585	39375.0	2981.25	487.5	NaN	NaN	NaN	0	0	1	0	0	0	0	1	0	0	0	0	1	0	0	0	1	1	1	0	1	1	1	0	1	-84.0	0.113	0.107	NaN	NaN	0.269	0.238	NaN	NaN	8.07	8.33	NaN	NaN	0.0	"2.5"	"F0034"	1	0	"PR"	458.935	"drain-di-1"	67.374	0	1	0	0.0	0.0	0.0	null	460.735	0.084
-7.3	0.0264	37312.5	2962.5	271.875	NaN	NaN	NaN	0	0	1	0	0	0	0	1	0	0	0	0	1	0	0	0	1	1	1	0	1	1	1	0	1	-88.0	0.111	0.085	NaN	NaN	0.264	0.189	NaN	NaN	7.92	6.615	NaN	NaN	0.0	"2.5"	"F0034"	1	0	"PR"	468.772	"drain-di-1"	77.211	0	1	0	0.0	0.0	0.0	null	470.572	0.093
-7.8	0.026125	40500.0	2981.25	18.75	NaN	NaN	NaN	0	0	1	0	0	0	0	1	0	0	0	0	1	0	0	0	1	1	1	0	1	1	1	0	1	-94.0	0.113	0.06	NaN	NaN	0.269	0.133	NaN	NaN	8.07	4.655	NaN	NaN	0.0	"2.5"	"F0034"	1	0	"PR"	478.918	"drip-di-1"	2.317	0	1	0	0.0	0.0	0.0	null	480.718	0.087
-8.0	0.02585	39375.0	2971.875	-46.875	NaN	NaN	NaN	0	0	1	0	0	0	0	1	0	0	0	0	1	0	0	0	1	1	1	0	1	1	1	0	1	-96.0	0.112	0.053	NaN	NaN	0.267	0.118	NaN	NaN	8.01	4.13	NaN	NaN	0.0	"2.5"	"F0034"	1	0	"PR"	488.959	"drip-di-1"	12.358	0	1	0	0.0	0.0	0.0	null	490.759	0.085
12.6	0.0264	29625.0	2821.875	18.75	NaN	NaN	NaN	1	0	0	0	0	1	1	0	0	0	0	0	1	1	0	0	0	1	1	1	0	1	1	1	0	151.0	0.097	0.06	NaN	NaN	0.231	0.133	NaN	NaN	6.93	4.655	NaN	NaN	0.0	"2.5"	"F0034"	1	1	"PR"	498.96	"reverse-f"	7.19	0	1	0	0.0	0.0	0.0	null	500.76	0.085
12.4	0.0286	30937.5	2821.875	337.5	NaN	NaN	NaN	1	0	0	0	0	1	1	0	0	0	0	0	1	1	0	0	0	1	1	1	0	1	1	1	0	149.0	0.097	0.092	NaN	NaN	0.231	0.204	NaN	NaN	6.93	7.14	NaN	NaN	0.0	"2.5"	"F0034"	1	1	"PR"	508.993	"reverse-f"	17.223	0	1	0	0.0	0.0	0.0	null	510.793	0.087
12.4	0.0308	29250.0	2812.5	665.625	NaN	NaN	NaN	1	0	0	0	0	1	1	0	0	0	0	0	1	1	0	0	0	1	1	1	0	1	1	1	0	149.0	0.096	0.125	NaN	NaN	0.229	0.278	NaN	NaN	6.87	9.73	NaN	NaN	0.0	"2.5"	"F0034"	1	1	"PR"	518.828	"reverse-f"	27.058	0	1	0	0.0	0.0	0.0	null	520.628	0.09
13.4	0.033	30000.0	2821.875	937.5	NaN	NaN	NaN	1	0	0	0	0	1	1	0	0	0	0	0	1	1	0	0	0	1	1	1	0	1	1	1	0	161.0	0.097	0.152	NaN	NaN	0.231	0.338	NaN	NaN	6.93	11.83	NaN	NaN	0.0	"2.5"	"F0034"	1	1	"PR"	528.865	"reverse-f"	37.095	0	1	0	0.0	0.0	0.0	null	530.665	0.092
12.5	0.034925	30187.5	2868.75	1228.125	NaN	NaN	NaN	1	0	0	0	0	1	1	0	0	0	0	0	1	1	0	0	0	1	1	1	0	1	1	1	0	150.0	0.102	0.181	NaN	NaN	0.243	0.402	NaN	NaN	7.29	14.07	NaN	NaN	0.0	"2.5"	"F0034"	1	1	"PR"	538.898	"reverse-f"	47.128	0	1	0	0.0	0.0	0.0	null	540.698	0.094
12.1	0.0374	30000.0	2821.875	1509.375	NaN	NaN	NaN	1	0	0	0	0	1	1	0	0	0	0	0	1	1	0	0	0	1	1	1	0	1	1	1	0	145.0	0.097	0.209	NaN	NaN	0.231	0.464	NaN	NaN	6.93	16.24	NaN	NaN	0.0	"2.5"	"F0034"	1	1	"PR"	548.932	"reverse-f"	57.162	0	1	0	0.0	0.0	0.0	null	550.732	0.09
12.6	0.039325	30000.0	2840.625	1790.625	NaN	NaN	NaN	1	0	0	0	0	1	1	0	0	0	0	0	1	1	0	0	0	1	1	1	0	1	1	1	0	151.0	0.099	0.237	NaN	NaN	0.236	0.527	NaN	NaN	7.08	18.445	NaN	NaN	0.0	"2.5"	"F0034"	1	1	"PR"	558.972	"reverse-f"	67.202	0	1	0	0.0	0.0	0.0	null	560.772	0.092
12.5	0.0407	30000.0	2821.875	2071.875	NaN	NaN	NaN	1	0	0	0	0	1	1	0	0	0	0	0	1	1	0	0	0	1	1	1	0	1	1	1	0	150.0	0.097	0.265	NaN	NaN	0.231	0.589	NaN	NaN	6.93	20.615	NaN	NaN	0.0	"2.5"	"F0034"	1	1	"PR"	569.006	"reverse-f"	77.236	0	1	0	0.0	0.0	0.0	null	570.806	0.09
12.6	0.042075	30000.0	2840.625	2250.0	NaN	NaN	NaN	0	0	0	0	0	1	1	0	0	0	0	0	1	0	0	0	0	1	1	1	0	1	1	1	0	151.0	0.099	0.283	NaN	NaN	0.236	0.629	NaN	NaN	7.08	22.015	NaN	NaN	0.0	"2.5"	"F0034"	1	1	"PR"	578.951	"reverse"	87.181	0	1	0	0.0	0.0	0.0	null	580.751	0.09
12.6	0.044	29437.5	2821.875	2259.375	NaN	NaN	NaN	0	0	0	0	0	1	1	0	0	0	0	0	1	0	0	0	0	1	1	1	0	1	1	1	0	151.0	0.097	0.284	NaN	NaN	0.231	0.631	NaN	NaN	6.93	22.085	NaN	NaN	0.0	"2.5"	"F0034"	1	1	"PR"	588.988	"reverse"	97.218	0	1	0	0.0	0.0	0.0	null	590.788	0.09
12.2	0.04565	30000.0	2821.875	2259.375	NaN	NaN	NaN	0	0	0	0	0	1	1	0	0	0	0	0	1	0	0	0	0	1	1	1	0	1	1	1	0	146.0	0.097	0.284	NaN	NaN	0.231	0.631	NaN	NaN	6.93	22.085	NaN	NaN	0.0	"2.5"	"F0034"	1	1	"PR"	599.018	"reverse"	107.248	0	1	0	0.0	0.0	0.0	null	600.818	0.09
12.6	0.046475	30000.0	2803.125	2259.375	NaN	NaN	NaN	0	0	0	0	0	1	1	0	0	0	0	0	1	0	0	0	0	1	1	1	0	1	1	1	0	151.0	0.095	0.284	NaN	NaN	0.226	0.631	NaN	NaN	6.78	22.085	NaN	NaN	0.0	"2.5"	"F0034"	1	1	"PR"	609.053	"reverse"	117.283	0	1	0	0.0	0.0	0.0	null	610.853	0.091
12.6	0.047025	29250.0	2859.375	2278.125	NaN	NaN	NaN	0	0	0	0	0	1	1	0	0	0	0	0	1	0	0	0	0	1	1	1	0	1	1	1	0	151.0	0.101	0.286	NaN	NaN	0.24	0.636	NaN	NaN	7.2	22.26	NaN	NaN	0.0	"2.5"	"F0034"	1	1	"PR"	619.088	"reverse"	127.318	0	1	0	0.0	0.0	0.0	null	620.888	0.087
12.3	0.047575	29625.0	2821.875	2278.125	NaN	NaN	NaN	0	0	0	0	0	1	1	0	0	0	0	0	1	0	0	0	0	1	1	1	0	1	1	1	0	148.0	0.097	0.286	NaN	NaN	0.231	0.636	NaN	NaN	6.93	22.26	NaN	NaN	0.0	"2.5"	"F0034"	1	1	"PR"	628.922	"reverse"	137.152	0	1	0	0.0	0.0	0.0	null	630.722	0.084
12.3	0.0484	30000.0	2831.25	2240.625	NaN	NaN	NaN	0	0	0	0	0	1	1	0	0	0	0	0	1	0	0	0	0	1	1	1	0	1	1	1	0	148.0	0.098	0.282	NaN	NaN	0.233	0.627	NaN	NaN	6.99	21.945	NaN	NaN	0.0	"2.5"	"F0034"	1	1	"PR"	638.957	"reverse"	147.187	0	1	0	0.0	0.0	0.0	null	640.757	0.088
4.1	0.049225	1125.0	2990.625	2240.625	NaN	NaN	NaN	0	0	0	0	0	0	0	0	0	0	0	0	0	0	0	0	0	0	0	0	1	0	0	0	1	49.0	0.114	0.282	NaN	NaN	0.271	0.627	NaN	NaN	8.13	21.945	NaN	NaN	0.0	"2.5"	"F0034"	0	0	"PR"	649.086	"diffuse"	7.116	0	1	1	0.0	0.0	0.0	null	650.886	0.09
4.1	0.04895	1875.0	3009.375	2268.75	NaN	NaN	NaN	0	0	0	0	0	0	0	0	0	0	0	0	0	0	0	0	0	0	0	0	1	0	0	0	1	49.0	0.116	0.285	NaN	NaN	0.276	0.633	NaN	NaN	8.28	22.155	NaN	NaN	0.0	"2.5"	"F0034"	0	0	"PR"	659.119	"diffuse"	17.149	0	1	1	0.0	0.0	0.0	null	660.919	0.09
4.0	0.048675	2625.0	3000.0	2278.125	NaN	NaN	NaN	0	0	0	0	0	0	0	0	0	0	0	0	0	0	0	0	0	0	0	0	1	0	0	0	1	48.0	0.115	0.286	NaN	NaN	0.274	0.636	NaN	NaN	8.22	22.26	NaN	NaN	0.0	"2.5"	"F0034"	0	0	"PR"	668.956	"diffuse"	26.986	0	1	1	0.0	0.0	0.0	null	670.756	0.084
12.0	0.04895	29625.0	2821.875	2250.0	NaN	NaN	NaN	0	0	0	0	0	1	1	0	0	0	0	0	1	0	0	0	0	1	1	1	0	1	1	1	0	144.0	0.097	0.283	NaN	NaN	0.231	0.629	NaN	NaN	6.93	22.015	NaN	NaN	0.0	"2.5"	"F0034"	1	1	"PR"	679.09	"wash-en"	6.92	0	1	1	0.0	0.0	0.0	null	680.89	0.084
11.9	0.05005	29625.0	2840.625	2250.0	NaN	NaN	NaN	0	0	0	0	0	1	1	0	0	0	0	0	1	0	0	0	0	1	1	1	0	1	1	1	0	143.0	0.099	0.283	NaN	NaN	0.236	0.629	NaN	NaN	7.08	22.015	NaN	NaN	0.0	"2.5"	"F0034"	1	1	"PR"	689.12	"wash-en"	16.95	0	1	1	0.0	0.0	0.0	null	690.92	0.087
3.4	0.0517	29812.5	2831.25	2259.375	NaN	NaN	NaN	0	0	0	0	0	1	1	0	0	0	0	0	1	0	0	0	0	0	0	0	1	0	0	0	1	41.0	0.098	0.284	NaN	NaN	0.233	0.631	NaN	NaN	6.99	22.085	NaN	NaN	0.0	"2.5"	"F0034"	0	0	"PR"	699.052	"wash-sc"	6.721	0	1	1	0.0	0.0	0.0	null	700.852	0.087
3.5	0.0517	2437.5	2990.625	2268.75	NaN	NaN	NaN	0	0	0	0	0	0	0	0	0	0	0	0	0	0	0	0	0	0	0	0	1	0	0	0	1	42.0	0.114	0.285	NaN	NaN	0.271	0.633	NaN	NaN	8.13	22.155	NaN	NaN	0.0	"2.5"	"F0034"	0	0	"PR"	709.095	"diffuse"	6.624	0	1	2	0.0	0.0	0.0	null	710.895	0.086
3.5	0.0517	375.0	2971.875	2268.75	NaN	NaN	NaN	0	0	0	0	0	0	0	0	0	0	0	0	0	0	0	0	0	0	0	0	1	0	0	0	1	42.0	0.112	0.285	NaN	NaN	0.267	0.633	NaN	NaN	8.01	22.155	NaN	NaN	0.0	"2.5"	"F0034"	0	0	"PR"	719.128	"diffuse"	16.657	0	1	2	0.0	0.0	0.0	null	720.928	0.086
3.5	0.0517	1125.0	2990.625	2268.75	NaN	NaN	NaN	0	0	0	0	0	0	0	0	0	0	0	0	0	0	0	0	0	0	0	0	1	0	0	0	1	42.0	0.114	0.285	NaN	NaN	0.271	0.633	NaN	NaN	8.13	22.155	NaN	NaN	0.0	"2.5"	"F0034"	0	0	"PR"	729.163	"diffuse"	26.692	0	1	2	0.0	0.0	0.0	null	730.963	0.088
12.5	0.050875	28125.0	2821.875	2250.0	NaN	NaN	NaN	0	0	0	0	0	1	1	0	0	0	0	0	1	0	0	0	0	1	1	1	0	1	1	1	0	150.0	0.097	0.283	NaN	NaN	0.231	0.629	NaN	NaN	6.93	22.015	NaN	NaN	0.0	"2.5"	"F0034"	1	1	"PR"	739.087	"wash-en"	6.511	0	1	2	0.0	0.0	0.0	null	740.887	0.086
12.6	0.05115	29625.0	2821.875	2278.125	NaN	NaN	NaN	0	0	0	0	0	1	1	0	0	0	0	0	1	0	0	0	0	1	1	1	0	1	1	1	0	151.0	0.097	0.286	NaN	NaN	0.231	0.636	NaN	NaN	6.93	22.26	NaN	NaN	0.0	"2.5"	"F0034"	1	1	"PR"	749.121	"wash-en"	16.545	0	1	2	0.0	0.0	0.0	null	750.921	0.085
2.9	0.051425	30000.0	2821.875	2268.75	NaN	NaN	NaN	0	0	0	0	0	1	1	0	0	0	0	0	1	0	0	0	0	0	0	0	1	0	0	0	1	35.0	0.097	0.285	NaN	NaN	0.231	0.633	NaN	NaN	6.93	22.155	NaN	NaN	0.0	"2.5"	"F0034"	0	0	"PR"	759.05	"wash-sc"	6.317	0	1	2	0.0	0.0	0.0	null	760.85	0.085
3.0	0.051975	0.0	3000.0	2306.25	NaN	NaN	NaN	0	0	0	0	0	0	0	0	0	0	0	0	0	0	0	0	0	0	0	0	1	0	0	0	1	36.0	0.115	0.289	NaN	NaN	0.274	0.642	NaN	NaN	8.22	22.47	NaN	NaN	0.0	"2.5"	"F0034"	0	0	"PR"	769.088	"diffuse"	6.222	0	1	3	0.0	0.0	0.0	null	770.888	0.086
4.7	0.051975	1125.0	3009.375	2259.375	NaN	NaN	NaN	0	0	0	0	0	0	0	0	0	0	0	0	0	0	0	0	0	0	0	0	1	0	0	0	1	56.0	0.116	0.284	NaN	NaN	0.276	0.631	NaN	NaN	8.28	22.085	NaN	NaN	0.0	"2.5"	"F0034"	0	0	"PR"	779.123	"diffuse"	16.257	0	1	3	0.0	0.0	0.0	null	780.923	0.086
3.2	0.05225	1312.5	3000.0	2259.375	NaN	NaN	NaN	0	0	0	0	0	0	0	0	0	0	0	0	0	0	0	0	0	0	0	0	1	0	0	0	1	38.0	0.115	0.284	NaN	NaN	0.274	0.631	NaN	NaN	8.22	22.085	NaN	NaN	0.0	"2.5"	"F0034"	0	0	"PR"	789.161	"diffuse"	26.295	0	1	3	0.0	0.0	0.0	null	790.961	0.088
12.4	0.051975	30187.5	2821.875	2259.375	NaN	NaN	NaN	0	0	0	0	0	1	1	0	0	0	0	0	1	0	0	0	0	1	1	1	0	1	1	1	0	149.0	0.097	0.284	NaN	NaN	0.231	0.631	NaN	NaN	6.93	22.085	NaN	NaN	0.0	"2.5"	"F0034"	1	1	"PR"	799.091	"wash-en"	6.115	0	1	3	0.0	0.0	0.0	null	800.891	0.084
12.5	0.0517	30000.0	2821.875	2259.375	NaN	NaN	NaN	0	0	0	0	0	1	1	0	0	0	0	0	1	0	0	0	0	1	1	1	0	1	1	1	0	150.0	0.097	0.284	NaN	NaN	0.231	0.631	NaN	NaN	6.93	22.085	NaN	NaN	0.0	"2.5"	"F0034"	1	1	"PR"	809.122	"wash-en"	16.146	0	1	3	0.0	0.0	0.0	null	810.922	0.083
2.1	0.052525	30750.0	2840.625	2278.125	NaN	NaN	NaN	0	0	0	0	0	1	1	0	0	0	0	0	1	0	0	0	0	0	0	0	1	0	0	0	1	25.0	0.099	0.286	NaN	NaN	0.236	0.636	NaN	NaN	7.08	22.26	NaN	NaN	0.0	"2.5"	"F0034"	0	0	"PR"	819.252	"wash-sc"	6.114	0	1	3	0.0	0.0	0.0	null	821.052	0.084
2.5	0.05225	187.5	3000.0	2268.75	NaN	NaN	NaN	0	0	0	0	0	0	0	0	0	0	0	0	0	0	0	0	0	0	0	0	1	0	0	0	1	30.0	0.115	0.285	NaN	NaN	0.274	0.633	NaN	NaN	8.22	22.155	NaN	NaN	0.0	"2.5"	"F0034"	0	0	"PR"	829.288	"diffuse"	6.018	0	1	4	0.0	0.0	0.0	null	831.088	0.086
2.8	0.052525	1312.5	3009.375	2250.0	NaN	NaN	NaN	0	0	0	0	0	0	0	0	0	0	0	0	0	0	0	0	0	0	0	0	1	0	0	0	1	34.0	0.116	0.283	NaN	NaN	0.276	0.629	NaN	NaN	8.28	22.015	NaN	NaN	0.0	"2.5"	"F0034"	0	0	"PR"	839.32	"diffuse"	16.05	0	1	4	0.0	0.0	0.0	null	841.12	0.086
3.2	0.051975	2812.5	3000.0	2259.375	NaN	NaN	NaN	0	0	0	0	0	0	0	0	0	0	0	0	0	0	0	0	0	0	0	0	1	0	0	0	1	38.0	0.115	0.284	NaN	NaN	0.274	0.631	NaN	NaN	8.22	22.085	NaN	NaN	0.0	"2.5"	"F0034"	0	0	"PR"	849.156	"diffuse"	25.886	0	1	4	0.0	0.0	0.0	null	850.956	0.088
12.6	0.052525	29437.5	2803.125	2250.0	NaN	NaN	NaN	0	0	0	0	0	1	1	0	0	0	0	0	1	0	0	0	0	1	1	1	0	1	1	1	0	151.0	0.095	0.283	NaN	NaN	0.226	0.629	NaN	NaN	6.78	22.015	NaN	NaN	0.0	"2.5"	"F0034"	1	1	"PR"	859.288	"wash-en"	5.915	0	1	4	0.0	0.0	0.0	null	861.088	0.084
12.4	0.051975	29812.5	2850.0	2240.625	NaN	NaN	NaN	0	0	0	0	0	1	1	0	0	0	0	0	1	0	0	0	0	1	1	1	0	1	1	1	0	149.0	0.1	0.282	NaN	NaN	0.238	0.627	NaN	NaN	7.14	21.945	NaN	NaN	0.0	"2.5"	"F0034"	1	1	"PR"	869.323	"wash-en"	15.95	0	1	4	0.0	0.0	0.0	null	871.123	0.084
1.8	0.051975	30375.0	2859.375	2278.125	NaN	NaN	NaN	0	0	0	0	0	1	1	0	0	0	0	0	1	0	0	0	0	0	0	0	1	0	0	0	1	22.0	0.101	0.286	NaN	NaN	0.24	0.636	NaN	NaN	7.2	22.26	NaN	NaN	0.0	"2.5"	"F0034"	0	0	"PR"	879.25	"wash-sc"	5.712	0	1	4	0.0	0.0	0.0	null	881.05	0.084
1.8	0.05225	-750.0	2606.25	2268.75	NaN	NaN	NaN	0	0	0	0	1	0	0	0	0	0	0	0	0	0	0	0	0	0	0	0	1	0	0	0	1	22.0	0.076	0.285	NaN	NaN	0.181	0.633	NaN	NaN	5.43	22.155	NaN	NaN	0.0	"2.5"	"F0034"	0	0	"PR"	889.289	"drain-rg"	5.62	0	1	4	0.0	0.0	0.0	null	891.089	0.084
2.5	0.052525	-1125.0	2250.0	2268.75	NaN	NaN	NaN	0	0	0	0	1	0	0	0	0	0	0	0	0	0	0	0	0	0	0	0	1	0	0	0	1	30.0	0.04	0.285	NaN	NaN	0.095	0.633	NaN	NaN	2.85	22.155	NaN	NaN	0.0	"2.5"	"F0034"	0	0	"PR"	899.321	"drain-rg"	15.652	0	1	4	0.0	0.0	0.0	null	901.121	0.086
2.4	0.0528	-937.5	1884.375	2268.75	NaN	NaN	NaN	0	0	0	0	1	0	0	0	0	0	0	0	0	0	0	0	0	0	0	0	1	0	0	0	1	29.0	0.003	0.285	NaN	NaN	0.007	0.633	NaN	NaN	0.21	22.155	NaN	NaN	0.0	"2.5"	"F0034"	0	0	"PR"	909.358	"drain-rg"	25.689	0	1	4	0.0	0.0	0.0	null	911.158	0.087
3.1	0.051975	187.5	1303.125	2268.75	NaN	NaN	NaN	0	0	0	0	1	0	0	0	0	0	0	0	0	0	0	0	0	0	0	0	1	0	0	0	1	37.0	-0.055	0.285	NaN	NaN	-0.131	0.633	NaN	NaN	-3.93	22.155	NaN	NaN	0.0	"2.5"	"F0034"	0	0	"PR"	919.394	"drip-rg"	9.032	0	1	4	0.0	0.0	0.0	null	921.194	0.084
2.3	0.052525	28312.5	1303.125	2212.5	NaN	NaN	NaN	0	0	1	0	0	1	0	0	0	0	0	0	1	0	0	0	0	0	0	0	1	0	0	0	1	28.0	-0.055	0.279	NaN	NaN	-0.131	0.62	NaN	NaN	-3.93	21.7	NaN	NaN	0.0	"2.5"	"F0034"	0	0	"FR"	3.032	"fill-rg-di"	2.832	1	1	0	927.414	0.0	0.0	null	931.069	0.093
2.2	0.05225	30000.0	2062.5	1968.75	NaN	NaN	NaN	0	0	1	0	0	1	0	0	0	0	0	0	1	0	0	0	0	0	0	0	1	0	0	0	1	26.0	0.021	0.255	NaN	NaN	0.05	0.567	NaN	NaN	1.5	19.845	NaN	NaN	0.0	"2.5"	"F0034"	0	0	"FR"	13.068	"fill-rg-di"	12.868	1	1	0	927.414	0.0	0.0	null	941.105	0.084
2.3	0.05005	29812.5	2362.5	1715.625	NaN	NaN	NaN	0	0	1	0	0	1	0	0	0	0	0	0	1	0	0	0	0	0	0	0	1	0	0	0	1	28.0	0.051	0.23	NaN	NaN	0.121	0.511	NaN	NaN	3.63	17.885	NaN	NaN	0.0	"2.5"	"F0034"	0	0	"FR"	23.105	"fill-rg-di"	22.905	1	1	0	927.414	0.0	0.0	null	951.142	0.084
1.3	0.0484	29812.5	2700.0	1453.125	NaN	NaN	NaN	0	0	1	0	0	1	0	0	0	0	0	0	1	0	0	0	0	0	0	0	1	0	0	0	1	16.0	0.085	0.203	NaN	NaN	0.202	0.451	NaN	NaN	6.06	15.785	NaN	NaN	0.0	"2.5"	"F0034"	0	0	"FR"	33.141	"fill-rg-di"	32.941	1	1	0	927.414	0.0	0.0	null	961.178	0.085
2.0	0.047575	30562.5	2981.25	1218.75	NaN	NaN	NaN	0	0	1	0	0	1	0	0	0	0	0	0	1	0	0	0	0	0	0	0	1	0	0	0	1	24.0	0.113	0.18	NaN	NaN	0.269	0.4	NaN	NaN	8.07	14.0	NaN	NaN	0.0	"2.5"	"F0034"	0	0	"FR"	43.175	"fill-rg-di"	42.975	1	1	0	927.414	0.0	0.0	null	971.212	0.084
2.9	0.0462	3750.0	3056.25	965.625	NaN	NaN	NaN	0	0	0	0	1	0	0	0	0	0	0	0	0	0	0	0	0	0	0	0	1	0	0	0	1	35.0	0.121	0.155	NaN	NaN	0.288	0.344	NaN	NaN	8.64	12.04	NaN	NaN	0.0	"2.5"	"F0034"	0	0	"FR"	53.21	"drain-rg"	0.602	1	1	0	927.414	0.0	0.0	null	981.247	0.084
2.0	0.045925	-3562.5	2690.625	975.0	NaN	NaN	NaN	0	0	0	0	1	0	0	0	0	0	0	0	0	0	0	0	0	0	0	0	1	0	0	0	1	24.0	0.084	0.155	NaN	NaN	0.2	0.344	NaN	NaN	6.0	12.04	NaN	NaN	0.0	"2.5"	"F0034"	0	0	"FR"	63.25	"drain-rg"	10.642	1	1	0	927.414	0.0	0.0	null	991.287	0.084
2.3	0.046475	-4312.5	2306.25	975.0	NaN	NaN	NaN	0	0	0	0	1	0	0	0	0	0	0	0	0	0	0	0	0	0	0	0	1	0	0	0	1	28.0	0.046	0.155	NaN	NaN	0.11	0.344	NaN	NaN	3.3	12.04	NaN	NaN	0.0	"2.5"	"F0034"	0	0	"FR"	73.079	"drain-rg"	20.471	1	1	0	927.414	0.0	0.0	null	1001.116	0.09
2.2	0.0451	-3937.5	1996.875	975.0	NaN	NaN	NaN	0	0	0	0	1	0	0	0	0	0	0	0	0	0	0	0	0	0	0	0	1	0	0	0	1	26.0	0.015	0.155	NaN	NaN	0.036	0.344	NaN	NaN	1.08	12.04	NaN	NaN	0.0	"2.5"	"F0034"	0	0	"FR"	83.115	"drain-rg"	30.507	1	1	0	927.414	0.0	0.0	null	1011.152	0.086
2.2	0.045925	-5812.5	1537.5	975.0	NaN	NaN	NaN	0	0	0	0	1	0	0	0	0	0	0	0	0	0	0	0	0	0	0	0	1	0	0	0	1	26.0	-0.031	0.155	NaN	NaN	-0.074	0.344	NaN	NaN	-2.22	12.04	NaN	NaN	0.0	"2.5"	"F0034"	0	0	"FR"	93.149	"drip-rg"	6.22	1	1	0	927.414	0.0	0.0	null	1021.186	0.091
2.1	0.0462	-6375.0	-18.75	975.0	NaN	NaN	NaN	0	0	0	0	0	0	0	0	0	0	0	0	0	0	0	0	0	0	0	0	1	0	0	0	1	25.0	-0.187	0.155	NaN	NaN	-0.445	0.344	NaN	NaN	-13.35	12.04	NaN	NaN	0.0	"2.5"	"F0034"	0	0	"PR"	0.2	"begin"	0.2	1	0	0	927.414	0.0	1030.22	null	1031.042	0.104
2.3	0.04565	29437.5	1950.0	731.25	NaN	NaN	NaN	0	0	1	0	0	1	0	0	0	0	0	0	1	0	0	0	0	0	0	0	1	0	0	0	1	28.0	0.01	0.131	NaN	NaN	0.024	0.291	NaN	NaN	0.72	10.185	NaN	NaN	0.0	"2.5"	"F0034"	0	0	"PR"	10.462	"fill-rg-di"	10.262	1	0	0	927.414	0.0	1030.22	null	1041.304	0.084
2.8	0.044825	30000.0	2278.125	478.125	NaN	NaN	NaN	0	0	1	0	0	1	0	0	0	0	0	0	1	0	0	0	0	0	0	0	1	0	0	0	1	34.0	0.043	0.106	NaN	NaN	0.102	0.236	NaN	NaN	3.06	8.26	NaN	NaN	0.0	"2.5"	"F0034"	0	0	"PR"	20.5	"fill-rg-di"	20.3	1	0	0	927.414	0.0	1030.22	null	1051.342	0.084
3.3	0.044	29812.5	2578.125	225.0	NaN	NaN	NaN	0	0	1	0	0	1	0	0	0	0	0	0	1	0	0	0	0	0	0	0	1	0	0	0	1	40.0	0.073	0.081	NaN	NaN	0.174	0.18	NaN	NaN	5.22	6.3	NaN	NaN	0.0	"2.5"	"F0034"	0	0	"PR"	30.343	"fill-rg-di"	30.143	1	0	0	927.414	0.0	1030.22	null	1061.185	0.091
2.3	0.043175	2437.5	2765.625	178.125	NaN	NaN	NaN	1	0	0	0	0	0	0	0	0	0	0	0	0	1	0	0	0	0	0	0	1	0	0	0	1	28.0	0.092	0.076	NaN	NaN	0.219	0.169	NaN	NaN	6.57	5.915	NaN	NaN	0.0	"2.5"	"F0034"	0	0	"PR"	40.377	"fill-di-lb"	3.812	1	0	0	927.414	0.0	1030.22	null	1071.219	0.09
2.0	0.043725	2625.0	2756.25	487.5	NaN	NaN	NaN	1	0	0	0	0	0	0	0	0	0	0	0	0	1	0	0	0	0	0	0	1	0	0	0	1	24.0	0.091	0.107	NaN	NaN	0.217	0.238	NaN	NaN	6.51	8.33	NaN	NaN	0.0	"2.5"	"F0034"	0	0	"PR"	50.415	"fill-di-lb"	13.85	1	0	0	927.414	0.0	1030.22	null	1081.257	0.092
2.1	0.043725	3187.5	2775.0	768.75	NaN	NaN	NaN	1	0	0	0	0	0	0	0	0	0	0	0	0	1	0	0	0	0	0	0	1	0	0	0	1	25.0	0.093	0.135	NaN	NaN	0.221	0.3	NaN	NaN	6.63	10.5	NaN	NaN	0.0	"2.5"	"F0034"	0	0	"PR"	60.45	"fill-di-lb"	23.885	1	0	0	927.414	0.0	1030.22	null	1091.292	0.087
1.2	0.043175	1875.0	2784.375	1050.0	NaN	NaN	NaN	1	0	0	0	0	0	0	0	0	0	0	0	0	1	0	0	0	0	0	0	1	0	0	0	1	14.0	0.093	0.163	NaN	NaN	0.221	0.362	NaN	NaN	6.63	12.67	NaN	NaN	0.0	"2.5"	"F0034"	0	0	"PR"	70.487	"fill-di-lb"	33.922	1	0	0	927.414	0.0	1030.22	null	1101.329	0.089
2.1	0.0429	1125.0	2756.25	1331.25	NaN	NaN	NaN	1	0	0	0	0	0	0	0	0	0	0	0	0	1	0	0	0	0	0	0	1	0	0	0	1	25.0	0.091	0.191	NaN	NaN	0.217	0.424	NaN	NaN	6.51	14.84	NaN	NaN	0.0	"2.5"	"F0034"	0	0	"PR"	80.523	"fill-di-lb"	43.958	1	0	0	927.414	0.0	1030.22	null	1111.365	0.092
2.1	0.043725	2437.5	2756.25	1650.0	NaN	NaN	NaN	1	0	0	0	0	0	0	0	0	0	0	0	0	1	0	0	0	0	0	0	1	0	0	0	1	25.0	0.091	0.223	NaN	NaN	0.217	0.496	NaN	NaN	6.51	17.36	NaN	NaN	0.0	"2.5"	"F0034"	0	0	"PR"	90.556	"fill-di-lb"	53.991	1	0	0	927.414	0.0	1030.22	null	1121.398	0.091
2.0	0.043725	3562.5	2765.625	1940.625	NaN	NaN	NaN	1	0	0	0	0	0	0	0	0	0	0	0	0	1	0	0	0	0	0	0	1	0	0	0	1	24.0	0.092	0.252	NaN	NaN	0.219	0.56	NaN	NaN	6.57	19.6	NaN	NaN	0.0	"2.5"	"F0034"	0	0	"PR"	100.589	"fill-di-lb"	64.024	1	0	0	927.414	0.0	1030.22	null	1131.431	0.09
2.0	0.0429	2250.0	2784.375	2203.125	NaN	NaN	NaN	1	0	0	0	0	0	0	0	0	0	0	0	0	1	0	0	0	0	0	0	1	0	0	0	1	24.0	0.093	0.278	NaN	NaN	0.221	0.618	NaN	NaN	6.63	21.63	NaN	NaN	0.0	"2.5"	"F0034"	0	0	"PR"	110.427	"fill-di-lb"	73.862	1	0	0	927.414	0.0	1030.22	null	1141.269	0.089
2.7	0.04345	3187.5	2971.875	2146.875	NaN	NaN	NaN	1	0	0	0	0	0	0	0	0	0	0	0	0	1	0	0	0	0	0	0	1	0	0	0	1	32.0	0.112	0.273	NaN	NaN	0.267	0.607	NaN	NaN	8.01	21.245	NaN	NaN	0.0	"2.5"	"F0034"	0	0	"PR"	120.461	"fill-di"	1.404	1	0	0	927.414	0.0	1030.22	null	1151.303	0.09
11.9	0.043175	33562.5	2953.125	2587.5	NaN	NaN	NaN	0	1	1	0	0	0	0	0	0	0	0	0	1	0	0	0	0	1	1	1	0	1	1	1	0	143.0	0.11	0.317	NaN	NaN	0.262	0.704	NaN	NaN	7.86	24.64	NaN	NaN	0.0	"2.5"	"F0034"	1	1	"PR"	130.5	"deionize"	5.824	1	1	0	927.414	0.0	1030.22	null	1161.342	0.088
12.0	0.0429	35437.5	2934.375	2559.375	NaN	NaN	NaN	0	1	1	0	0	0	0	0	0	0	0	0	1	0	0	0	0	1	1	1	0	1	1	1	0	144.0	0.108	0.314	NaN	NaN	0.257	0.698	NaN	NaN	7.71	24.43	NaN	NaN	0.0	"2.5"	"F0034"	1	1	"PR"	140.539	"deionize"	15.863	1	1	0	927.414	0.0	1030.22	null	1171.381	0.101
12.6	0.0418	34500.0	2962.5	2550.0	NaN	NaN	NaN	0	1	1	0	0	0	0	0	0	0	0	0	1	0	0	0	0	1	1	1	0	1	1	1	0	151.0	0.111	0.313	NaN	NaN	0.264	0.696	NaN	NaN	7.92	24.36	NaN	NaN	0.0	"2.5"	"F0034"	1	1	"PR"	150.578	"deionize"	25.902	1	1	0	927.414	0.0	1030.22	null	1181.42	0.09
12.6	0.0407	33937.5	2990.625	2512.5	NaN	NaN	NaN	0	1	1	0	0	0	0	0	0	0	0	0	1	0	0	0	0	1	1	1	0	1	1	1	0	151.0	0.114	0.309	NaN	NaN	0.271	0.687	NaN	NaN	8.13	24.045	NaN	NaN	0.0	"2.5"	"F0034"	1	1	"PR"	160.614	"deionize"	35.938	1	1	0	927.414	0.0	1030.22	null	1191.456	0.091
12.4	0.04015	34875.0	2990.625	2559.375	NaN	NaN	NaN	0	1	1	0	0	0	0	0	0	0	0	0	1	0	0	0	0	1	1	1	0	1	1	1	0	149.0	0.114	0.314	NaN	NaN	0.271	0.698	NaN	NaN	8.13	24.43	NaN	NaN	0.0	"2.5"	"F0034"	1	1	"PR"	170.652	"deionize"	45.976	1	1	0	927.414	0.0	1030.22	null	1201.494	0.094
11.5	0.039325	33750.0	2971.875	2559.375	NaN	NaN	NaN	0	1	1	0	0	0	0	0	0	0	0	0	1	0	0	0	0	1	1	1	0	1	1	1	0	138.0	0.112	0.314	NaN	NaN	0.267	0.698	NaN	NaN	8.01	24.43	NaN	NaN	0.0	"2.5"	"F0034"	1	1	"PR"	180.687	"deionize"	56.011	1	1	0	927.414	0.0	1030.22	null	1211.529	0.091
13.3	0.0385	32437.5	2981.25	2540.625	NaN	NaN	NaN	0	1	1	0	0	0	0	0	0	0	0	0	1	0	0	0	0	1	1	1	0	1	1	1	0	160.0	0.113	0.312	NaN	NaN	0.269	0.693	NaN	NaN	8.07	24.255	NaN	NaN	0.0	"2.5"	"F0034"	1	1	"PR"	190.527	"deionize"	65.851	1	1	0	927.414	0.0	1030.22	null	1221.369	0.09
12.1	0.037675	34687.5	2981.25	2484.375	NaN	NaN	NaN	0	1	1	0	0	0	0	0	0	0	0	0	1	0	0	0	0	1	1	1	0	1	1	1	0	145.0	0.113	0.306	NaN	NaN	0.269	0.68	NaN	NaN	8.07	23.8	NaN	NaN	0.0	"2.5"	"F0034"	1	1	"PR"	200.563	"deionize"	75.887	1	1	0	927.414	0.0	1030.22	null	1231.405	0.087
12.7	0.037125	33937.5	2962.5	2540.625	NaN	NaN	NaN	0	1	1	0	0	0	0	0	0	0	0	0	1	0	0	0	0	1	1	1	0	1	1	1	0	152.0	0.111	0.312	NaN	NaN	0.264	0.693	NaN	NaN	7.92	24.255	NaN	NaN	0.0	"2.5"	"F0034"	1	1	"PR"	210.599	"deionize"	85.923	1	1	0	927.414	0.0	1030.22	null	1241.441	0.087
13.0	0.037125	33937.5	2943.75	2493.75	NaN	NaN	NaN	0	1	1	0	0	0	0	0	0	0	0	0	1	0	0	0	0	1	1	1	0	1	1	1	0	156.0	0.109	0.307	NaN	NaN	0.26	0.682	NaN	NaN	7.8	23.87	NaN	NaN	0.0	"2.5"	"F0034"	1	1	"PR"	220.639	"deionize"	95.963	1	1	0	927.414	0.0	1030.22	null	1251.481	0.089
13.0	0.036575	34687.5	2971.875	2456.25	NaN	NaN	NaN	0	1	1	0	0	0	0	0	0	0	0	0	1	0	0	0	0	1	1	1	0	1	1	1	0	156.0	0.112	0.304	NaN	NaN	0.267	0.676	NaN	NaN	8.01	23.66	NaN	NaN	0.0	"2.5"	"F0034"	1	1	"PR"	230.678	"deionize"	106.002	1	1	0	927.414	0.0	1030.22	null	1261.52	0.088
11.9	0.036025	35625.0	2971.875	2446.875	NaN	NaN	NaN	0	1	1	0	0	0	0	0	0	0	0	0	1	0	0	0	0	1	1	1	0	1	1	1	0	143.0	0.112	0.303	NaN	NaN	0.267	0.673	NaN	NaN	8.01	23.555	NaN	NaN	0.0	"2.5"	"F0034"	1	1	"PR"	240.721	"deionize"	116.045	1	1	0	927.414	0.0	1030.22	null	1271.563	0.09
12.0	0.0352	34500.0	2971.875	2400.0	NaN	NaN	NaN	0	1	1	0	0	0	0	0	0	0	0	0	1	0	0	0	0	1	1	1	0	1	1	1	0	144.0	0.112	0.298	NaN	NaN	0.267	0.662	NaN	NaN	8.01	23.17	NaN	NaN	0.0	"2.5"	"F0034"	1	1	"PR"	250.757	"deionize"	126.081	1	1	0	927.414	0.0	1030.22	null	1281.599	0.091
13.4	0.034925	35250.0	2971.875	2484.375	NaN	NaN	NaN	0	1	1	0	0	0	0	0	0	0	0	0	1	0	0	0	0	1	1	1	0	1	1	1	0	161.0	0.112	0.306	NaN	NaN	0.267	0.68	NaN	NaN	8.01	23.8	NaN	NaN	0.0	"2.5"	"F0034"	1	1	"PR"	260.594	"deionize"	135.918	1	1	0	927.414	0.0	1030.22	null	1291.436	0.084
13.3	0.0352	36187.5	2971.875	2437.5	NaN	NaN	NaN	0	1	1	0	0	0	0	0	0	0	0	0	1	0	0	0	0	1	1	1	0	1	1	1	0	160.0	0.112	0.302	NaN	NaN	0.267	0.671	NaN	NaN	8.01	23.485	NaN	NaN	0.0	"2.5"	"F0034"	1	1	"PR"	270.633	"deionize"	145.957	1	1	0	927.414	0.0	1030.22	null	1301.475	0.086
12.1	0.03465	35437.5	2971.875	2362.5	NaN	NaN	NaN	0	1	1	0	0	0	0	0	0	0	0	0	1	0	0	0	0	1	1	1	0	1	1	1	0	145.0	0.112	0.294	NaN	NaN	0.267	0.653	NaN	NaN	8.01	22.855	NaN	NaN	0.0	"2.5"	"F0034"	1	1	"PR"	280.673	"deionize"	155.997	1	1	0	927.414	0.0	1030.22	null	1311.515	0.087
12.7	0.034375	35625.0	2962.5	2428.125	NaN	NaN	NaN	0	1	1	0	0	0	0	0	0	0	0	0	1	0	0	0	0	1	1	1	0	1	1	1	0	152.0	0.111	0.301	NaN	NaN	0.264	0.669	NaN	NaN	7.92	23.415	NaN	NaN	0.0	"2.5"	"F0034"	1	1	"PR"	290.709	"deionize"	166.033	1	1	0	927.414	0.0	1030.22	null	1321.551	0.084
12.7	0.033825	34687.5	2962.5	2437.5	NaN	NaN	NaN	0	1	1	0	0	0	0	0	0	0	0	0	1	0	0	0	0	1	1	1	0	1	1	1	0	152.0	0.111	0.302	NaN	NaN	0.264	0.671	NaN	NaN	7.92	23.485	NaN	NaN	0.0	"2.5"	"F0034"	1	1	"PR"	300.749	"deionize"	176.073	1	1	0	927.414	0.0	1030.22	null	1331.591	0.087
13.0	0.033825	33375.0	2981.25	2446.875	NaN	NaN	NaN	0	1	1	0	0	0	0	0	0	0	0	0	1	0	0	0	0	1	1	1	0	1	1	1	0	156.0	0.113	0.303	NaN	NaN	0.269	0.673	NaN	NaN	8.07	23.555	NaN	NaN	0.0	"2.5"	"F0034"	1	1	"PR"	310.783	"deionize"	186.107	1	1	0	927.414	0.0	1030.22	null	1341.625	0.087
12.4	0.032725	33000.0	2971.875	2428.125	NaN	NaN	NaN	0	1	1	0	0	0	0	0	0	0	0	0	1	0	0	0	0	1	1	1	0	1	1	1	0	149.0	0.112	0.301	NaN	NaN	0.267	0.669	NaN	NaN	8.01	23.415	NaN	NaN	0.0	"2.5"	"F0034"	1	1	"PR"	320.824	"deionize"	196.148	1	1	0	927.414	0.0	1030.22	null	1351.666	0.088
13.6	0.03245	34687.5	3009.375	2493.75	NaN	NaN	NaN	0	1	1	0	0	0	0	0	0	0	0	0	1	0	0	0	0	1	1	1	0	1	1	1	0	163.0	0.116	0.307	NaN	NaN	0.276	0.682	NaN	NaN	8.28	23.87	NaN	NaN	0.0	"2.5"	"F0034"	1	1	"PR"	330.861	"deionize"	206.185	1	1	0	927.414	0.0	1030.22	null	1361.703	0.087
11.9	0.03245	35625.0	2962.5	2390.625	NaN	NaN	NaN	0	1	1	0	0	0	0	0	0	0	0	0	1	0	0	0	0	1	1	1	0	1	1	1	0	143.0	0.111	0.297	NaN	NaN	0.264	0.66	NaN	NaN	7.92	23.1	NaN	NaN	0.0	"2.5"	"F0034"	1	1	"PR"	340.698	"deionize"	216.022	1	1	0	927.414	0.0	1030.22	null	1371.54	0.085
13.2	0.0319	35062.5	2981.25	2381.25	NaN	NaN	NaN	0	1	1	0	0	0	0	0	0	0	0	0	1	0	0	0	0	1	1	1	0	1	1	1	0	158.0	0.113	0.296	NaN	NaN	0.269	0.658	NaN	NaN	8.07	23.03	NaN	NaN	0.0	"2.5"	"F0034"	1	1	"PR"	350.74	"deionize"	226.064	1	1	0	927.414	0.0	1030.22	null	1381.582	0.085
12.7	0.0319	36375.0	2981.25	2484.375	NaN	NaN	NaN	0	1	1	0	0	0	0	0	0	0	0	0	1	0	0	0	0	1	1	1	0	1	1	1	0	152.0	0.113	0.306	NaN	NaN	0.269	0.68	NaN	NaN	8.07	23.8	NaN	NaN	0.0	"2.5"	"F0034"	1	1	"PR"	360.774	"deionize"	236.098	1	1	0	927.414	0.0	1030.22	null	1391.616	0.084
13.3	0.03135	34125.0	2943.75	2390.625	NaN	NaN	NaN	0	1	1	0	0	0	0	0	0	0	0	0	1	0	0	0	1	1	1	1	0	1	1	1	0	160.0	0.109	0.297	NaN	NaN	0.26	0.66	NaN	NaN	7.8	23.1	NaN	NaN	0.0	"2.5"	"F0034"	1	1	"PR"	370.719	"deionize-uv"	5.93	1	1	0	927.414	0.0	1030.22	null	1401.561	0.085
12.4	0.030525	35625.0	2953.125	2437.5	NaN	NaN	NaN	0	1	1	0	0	0	0	0	0	0	0	0	1	0	0	0	1	1	1	1	0	1	1	1	0	149.0	0.11	0.302	NaN	NaN	0.262	0.671	NaN	NaN	7.86	23.485	NaN	NaN	0.0	"2.5"	"F0034"	1	1	"PR"	380.752	"deionize-uv"	15.963	1	1	0	927.414	0.0	1030.22	null	1411.594	0.09
12.4	0.0308	33562.5	2962.5	2446.875	NaN	NaN	NaN	0	1	1	0	0	0	0	0	0	0	0	0	1	0	0	0	1	1	1	1	0	1	1	1	0	149.0	0.111	0.303	NaN	NaN	0.264	0.673	NaN	NaN	7.92	23.555	NaN	NaN	0.0	"2.5"	"F0034"	1	1	"PR"	390.783	"deionize-uv"	25.994	1	1	0	927.414	0.0	1030.22	null	1421.625	0.084
12.3	0.029975	35250.0	2971.875	2437.5	NaN	NaN	NaN	0	1	1	0	0	0	0	0	0	0	0	0	1	0	0	0	1	1	1	1	0	1	1	1	0	148.0	0.112	0.302	NaN	NaN	0.267	0.671	NaN	NaN	8.01	23.485	NaN	NaN	0.0	"2.5"	"F0034"	1	1	"PR"	400.821	"deionize-uv"	36.032	1	1	0	927.414	0.0	1030.22	null	1431.663	0.085
11.9	0.02915	35062.5	2962.5	2409.375	NaN	NaN	NaN	0	1	1	0	0	0	0	0	0	0	0	0	1	0	0	0	1	1	1	1	0	1	1	1	0	143.0	0.111	0.299	NaN	NaN	0.264	0.664	NaN	NaN	7.92	23.24	NaN	NaN	0.0	"2.5"	"F0034"	1	1	"PR"	410.854	"deionize-uv"	46.065	1	1	0	927.414	0.0	1030.22	null	1441.696	0.086
12.0	0.029425	32625.0	2962.5	2400.0	NaN	NaN	NaN	0	1	1	0	0	0	0	0	0	0	0	0	1	0	0	0	1	1	1	1	0	1	1	1	0	144.0	0.111	0.298	NaN	NaN	0.264	0.662	NaN	NaN	7.92	23.17	NaN	NaN	0.0	"2.5"	"F0034"	1	1	"PR"	420.884	"deionize-uv"	56.095	1	1	0	927.414	0.0	1030.22	null	1451.726	0.084
11.2	0.028325	35625.0	2981.25	2465.625	NaN	NaN	NaN	0	1	1	0	0	0	0	0	0	0	0	0	1	0	0	0	1	1	1	1	0	1	1	1	0	134.0	0.113	0.305	NaN	NaN	0.269	0.678	NaN	NaN	8.07	23.73	NaN	NaN	0.0	"2.5"	"F0034"	1	1	"PR"	430.92	"deionize-uv"	66.131	1	1	0	927.414	0.0	1030.22	null	1461.762	0.088
11.2	0.02805	34875.0	2962.5	2390.625	NaN	NaN	NaN	0	1	1	0	0	0	0	0	0	0	0	0	1	0	0	0	1	1	1	1	0	1	1	1	0	134.0	0.111	0.297	NaN	NaN	0.264	0.66	NaN	NaN	7.92	23.1	NaN	NaN	0.0	"2.5"	"F0034"	1	1	"PR"	440.953	"deionize-uv"	76.164	1	1	0	927.414	0.0	1030.22	null	1471.795	0.084
11.8	0.027775	35062.5	2971.875	2437.5	NaN	NaN	NaN	0	1	1	0	0	0	0	0	0	0	0	0	1	0	0	0	1	1	1	1	0	1	1	1	0	142.0	0.112	0.302	NaN	NaN	0.267	0.671	NaN	NaN	8.01	23.485	NaN	NaN	0.0	"2.5"	"F0034"	1	1	"PR"	450.99	"deionize-uv"	86.201	1	1	0	927.414	0.0	1030.22	null	1481.832	0.086
12.3	0.0275	33187.5	2962.5	2390.625	NaN	NaN	NaN	0	1	1	0	0	0	0	0	0	0	0	0	1	0	0	0	1	1	1	1	0	1	1	1	0	148.0	0.111	0.297	NaN	NaN	0.264	0.66	NaN	NaN	7.92	23.1	NaN	NaN	0.0	"2.5"	"F0034"	1	1	"PR"	460.827	"deionize-uv"	96.038	1	1	0	927.414	0.0	1030.22	null	1491.669	0.087
11.2	0.02695	34500.0	2971.875	2456.25	NaN	NaN	NaN	0	1	1	0	0	0	0	0	0	0	0	0	1	0	0	0	1	1	1	1	0	1	1	1	0	134.0	0.112	0.304	NaN	NaN	0.267	0.676	NaN	NaN	8.01	23.66	NaN	NaN	0.0	"2.5"	"F0034"	1	1	"PR"	470.859	"deionize-uv"	106.07	1	1	0	927.414	0.0	1030.22	null	1501.701	0.086
10.5	0.026675	35437.5	2971.875	2456.25	NaN	NaN	NaN	0	1	1	0	0	0	0	0	0	0	0	0	1	0	0	0	1	1	1	1	0	1	1	1	0	126.0	0.112	0.304	NaN	NaN	0.267	0.676	NaN	NaN	8.01	23.66	NaN	NaN	0.0	"2.5"	"F0034"	1	1	"PR"	480.893	"deionize-uv"	116.104	1	1	0	927.414	0.0	1030.22	null	1511.735	0.084
11.0	0.02695	38437.5	2971.875	1968.75	NaN	NaN	NaN	0	0	1	0	0	0	0	1	0	0	0	0	1	0	0	0	1	1	1	1	0	1	1	1	0	132.0	0.112	0.255	NaN	NaN	0.267	0.567	NaN	NaN	8.01	19.845	NaN	NaN	0.0	"2.5"	"F0034"	1	1	"PR"	491.06	"drain-di-1"	6.151	1	1	0	927.414	0.0	1030.22	null	1521.902	0.084
11.3	0.026125	37687.5	2981.25	1743.75	NaN	NaN	NaN	0	0	1	0	0	0	0	1	0	0	0	0	1	0	0	0	1	1	1	1	0	1	1	1	0	136.0	0.113	0.232	NaN	NaN	0.269	0.516	NaN	NaN	8.07	18.06	NaN	NaN	0.0	"2.5"	"F0034"	1	1	"PR"	500.897	"drain-di-1"	15.988	1	1	0	927.414	0.0	1030.22	null	1531.739	0.091
11.1	0.026125	39187.5	2953.125	1518.75	NaN	NaN	NaN	0	0	1	0	0	0	0	1	0	0	0	0	1	0	0	0	1	1	1	1	0	1	1	1	0	133.0	0.11	0.21	NaN	NaN	0.262	0.467	NaN	NaN	7.86	16.345	NaN	NaN	0.0	"2.5"	"F0034"	1	1	"PR"	510.936	"drain-di-1"	26.027	1	1	0	927.414	0.0	1030.22	null	1541.778	0.088
10.7	0.026125	39375.0	2971.875	1265.625	NaN	NaN	NaN	0	0	1	0	0	0	0	1	0	0	0	0	1	0	0	0	1	1	1	1	0	1	1	1	0	128.0	0.112	0.185	NaN	NaN	0.267	0.411	NaN	NaN	8.01	14.385	NaN	NaN	0.0	"2.5"	"F0034"	1	1	"PR"	520.974	"drain-di-1"	36.065	1	1	0	927.414	0.0	1030.22	null	1551.816	0.086
10.4	0.02585	38250.0	2962.5	1021.875	NaN	NaN	NaN	0	0	1	0	0	0	0	1	0	0	0	0	1	0	0	0	1	1	1	1	0	1	1	1	0	125.0	0.111	0.16	NaN	NaN	0.264	0.356	NaN	NaN	7.92	12.46	NaN	NaN	0.0	"2.5"	"F0034"	1	1	"PR"	531.015	"drain-di-1"	46.106	1	1	0	927.414	0.0	1030.22	null	1561.857	0.088
10.4	0.025575	39562.5	2934.375	796.875	NaN	NaN	NaN	0	0	1	0	0	0	0	1	0	0	0	0	1	0	0	0	1	1	1	1	0	1	1	1	0	125.0	0.108	0.138	NaN	NaN	0.257	0.307	NaN	NaN	7.71	10.745	NaN	NaN	0.0	"2.5"	"F0034"	1	1	"PR"	541.054	"drain-di-1"	56.145	1	1	0	927.414	0.0	1030.22	null	1571.896	0.084
10.4	0.02585	37687.5	2971.875	515.625	NaN	NaN	NaN	0	0	1	0	0	0	0	1	0	0	0	0	1	0	0	0	1	1	1	1	0	1	1	1	0	125.0	0.112	0.11	NaN	NaN	0.267	0.244	NaN	NaN	8.01	8.54	NaN	NaN	0.0	"2.5"	"F0034"	1	1	"PR"	551.09	"drain-di-1"	66.181	1	1	0	927.414	0.0	1030.22	null	1581.932	0.087
10.0	0.025575	38250.0	2981.25	281.25	NaN	NaN	NaN	0	0	1	0	0	0	0	1	0	0	0	0	1	0	0	0	1	1	1	1	0	1	1	1	0	120.0	0.113	0.086	NaN	NaN	0.269	0.191	NaN	NaN	8.07	6.685	NaN	NaN	0.0	"2.5"	"F0034"	1	1	"PR"	561.13	"drain-di-1"	76.221	1	1	0	927.414	0.0	1030.22	null	1591.972	0.089
9.6	0.025025	39187.5	2962.5	46.875	NaN	NaN	NaN	0	0	1	0	0	0	0	1	0	0	0	0	1	0	0	0	1	1	1	1	0	1	1	1	0	115.0	0.111	0.063	NaN	NaN	0.264	0.14	NaN	NaN	7.92	4.9	NaN	NaN	0.0	"2.5"	"F0034"	1	1	"PR"	571.072	"drip-di-1"	0.909	1	1	0	927.414	0.0	1030.22	null	1601.914	0.084
9.4	0.02475	38625.0	2962.5	-9.375	NaN	NaN	NaN	0	0	1	0	0	0	0	1	0	0	0	0	1	0	0	0	1	1	1	1	0	1	1	1	0	113.0	0.111	0.057	NaN	NaN	0.264	0.127	NaN	NaN	7.92	4.445	NaN	NaN	0.0	"2.5"	"F0034"	1	1	"PR"	581.111	"drip-di-1"	10.948	1	1	0	927.414	0.0	1030.22	null	1611.953	0.087
-11.7	0.0253	29625.0	2821.875	0.0	NaN	NaN	NaN	1	0	0	0	0	1	1	0	0	0	0	0	1	1	0	0	0	1	1	0	1	1	1	0	1	-140.0	0.097	0.058	NaN	NaN	0.231	0.129	NaN	NaN	6.93	4.515	NaN	NaN	0.0	"2.5"	"F0034"	1	0	"PR"	591.115	"reverse-f"	5.788	1	1	0	927.414	0.0	1030.22	null	1621.957	0.084
-11.6	0.02695	29812.5	2812.5	309.375	NaN	NaN	NaN	1	0	0	0	0	1	1	0	0	0	0	0	1	1	0	0	0	1	1	0	1	1	1	0	1	-139.0	0.096	0.089	NaN	NaN	0.229	0.198	NaN	NaN	6.87	6.93	NaN	NaN	0.0	"2.5"	"F0034"	1	0	"PR"	601.153	"reverse-f"	15.826	1	1	0	927.414	0.0	1030.22	null	1631.995	0.087
-11.9	0.0297	30000.0	2850.0	600.0	NaN	NaN	NaN	1	0	0	0	0	1	1	0	0	0	0	0	1	1	0	0	0	1	1	0	1	1	1	0	1	-143.0	0.1	0.118	NaN	NaN	0.238	0.262	NaN	NaN	7.14	9.17	NaN	NaN	0.0	"2.5"	"F0034"	1	0	"PR"	611.188	"reverse-f"	25.861	1	1	0	927.414	0.0	1030.22	null	1642.03	0.084
-11.9	0.03245	29062.5	2793.75	900.0	NaN	NaN	NaN	1	0	0	0	0	1	1	0	0	0	0	0	1	1	0	0	0	1	1	0	1	1	1	0	1	-143.0	0.094	0.148	NaN	NaN	0.224	0.329	NaN	NaN	6.72	11.515	NaN	NaN	0.0	"2.5"	"F0034"	1	0	"PR"	621.026	"reverse-f"	35.699	1	1	0	927.414	0.0	1030.22	null	1651.868	0.093
-12.5	0.0341	29250.0	2821.875	1171.875	NaN	NaN	NaN	1	0	0	0	0	1	1	0	0	0	0	0	1	1	0	0	0	1	1	0	1	1	1	0	1	-150.0	0.097	0.175	NaN	NaN	0.231	0.389	NaN	NaN	6.93	13.615	NaN	NaN	0.0	"2.5"	"F0034"	1	0	"PR"	631.063	"reverse-f"	45.736	1	1	0	927.414	0.0	1030.22	null	1661.905	0.09
-11.2	0.037125	29812.5	2803.125	1471.875	NaN	NaN	NaN	1	0	0	0	0	1	1	0	0	0	0	0	1	1	0	0	0	1	1	0	1	1	1	0	1	-134.0	0.095	0.205	NaN	NaN	0.226	0.456	NaN	NaN	6.78	15.96	NaN	NaN	0.0	"2.5"	"F0034"	1	0	"PR"	641.1	"reverse-f"	55.773	1	1	0	927.414	0.0	1030.22	null	1671.942	0.09
-12.0	0.03905	29250.0	2850.0	1771.875	NaN	NaN	NaN	1	0	0	0	0	1	1	0	0	0	0	0	1	1	0	0	0	1	1	0	1	1	1	0	1	-144.0	0.1	0.235	NaN	NaN	0.238	0.522	NaN	NaN	7.14	18.27	NaN	NaN	0.0	"2.5"	"F0034"	1	0	"PR"	651.142	"reverse-f"	65.815	1	1	0	927.414	0.0	1030.22	null	1681.984	0.091
-11.8	0.0418	29625.0	2812.5	2043.75	NaN	NaN	NaN	1	0	0	0	0	1	1	0	0	0	0	0	1	1	0	0	0	1	1	0	1	1	1	0	1	-142.0	0.096	0.262	NaN	NaN	0.229	0.582	NaN	NaN	6.87	20.37	NaN	NaN	0.0	"2.5"	"F0034"	1	0	"PR"	661.176	"reverse-f"	75.849	1	1	0	927.414	0.0	1030.22	null	1692.018	0.087
-11.7	0.042625	29812.5	2784.375	2268.75	NaN	NaN	NaN	0	0	0	0	0	1	1	0	0	0	0	0	1	0	0	0	0	1	1	0	1	1	1	0	1	-140.0	0.093	0.285	NaN	NaN	0.221	0.633	NaN	NaN	6.63	22.155	NaN	NaN	0.0	"2.5"	"F0034"	1	0	"PR"	671.132	"reverse"	85.805	1	1	0	927.414	0.0	1030.22	null	1701.974	0.089
-12.4	0.044	29625.0	2850.0	2268.75	NaN	NaN	NaN	0	0	0	0	0	1	1	0	0	0	0	0	1	0	0	0	0	1	1	0	1	1	1	0	1	-149.0	0.1	0.285	NaN	NaN	0.238	0.633	NaN	NaN	7.14	22.155	NaN	NaN	0.0	"2.5"	"F0034"	1	0	"PR"	681.17	"reverse"	95.843	1	1	0	927.414	0.0	1030.22	null	1712.012	0.09
-11.6	0.045375	29812.5	2793.75	2268.75	NaN	NaN	NaN	0	0	0	0	0	1	1	0	0	0	0	0	1	0	0	0	0	1	1	0	1	1	1	0	1	-139.0	0.094	0.285	NaN	NaN	0.224	0.633	NaN	NaN	6.72	22.155	NaN	NaN	0.0	"2.5"	"F0034"	1	0	"PR"	691.206	"reverse"	105.879	1	1	0	927.414	0.0	1030.22	null	1722.048	0.091
-10.7	0.0462	30187.5	2812.5	2278.125	NaN	NaN	NaN	0	0	0	0	0	1	1	0	0	0	0	0	1	0	0	0	0	1	1	0	1	1	1	0	1	-128.0	0.096	0.286	NaN	NaN	0.229	0.636	NaN	NaN	6.87	22.26	NaN	NaN	0.0	"2.5"	"F0034"	1	0	"PR"	701.246	"reverse"	115.919	1	1	0	927.414	0.0	1030.22	null	1732.088	0.09
-11.9	0.047025	29625.0	2793.75	2259.375	NaN	NaN	NaN	0	0	0	0	0	1	1	0	0	0	0	0	1	0	0	0	0	1	1	0	1	1	1	0	1	-143.0	0.094	0.284	NaN	NaN	0.224	0.631	NaN	NaN	6.72	22.085	NaN	NaN	0.0	"2.5"	"F0034"	1	0	"PR"	711.28	"reverse"	125.953	1	1	0	927.414	0.0	1030.22	null	1742.122	0.09
-11.5	0.0484	29437.5	2793.75	2287.5	NaN	NaN	NaN	0	0	0	0	0	1	1	0	0	0	0	0	1	0	0	0	0	1	1	0	1	1	1	0	1	-138.0	0.094	0.287	NaN	NaN	0.224	0.638	NaN	NaN	6.72	22.33	NaN	NaN	0.0	"2.5"	"F0034"	1	0	"PR"	721.118	"reverse"	135.791	1	1	0	927.414	0.0	1030.22	null	1751.96	0.088
-11.8	0.048125	30000.0	2803.125	2250.0	NaN	NaN	NaN	0	0	0	0	0	1	1	0	0	0	0	0	1	0	0	0	0	1	1	0	1	1	1	0	1	-142.0	0.095	0.283	NaN	NaN	0.226	0.629	NaN	NaN	6.78	22.015	NaN	NaN	0.0	"2.5"	"F0034"	1	0	"PR"	731.155	"reverse"	145.828	1	1	0	927.414	0.0	1030.22	null	1761.997	0.091
-0.8	0.04895	937.5	2990.625	2278.125	NaN	NaN	NaN	0	0	0	0	0	0	0	0	0	0	0	0	0	0	0	0	0	0	0	0	1	0	0	0	1	-10.0	0.114	0.286	NaN	NaN	0.271	0.636	NaN	NaN	8.13	22.26	NaN	NaN	0.0	"2.5"	"F0034"	0	0	"PR"	741.278	"diffuse"	5.908	1	1	1	927.414	0.0	1030.22	null	1772.12	0.09
-0.9	0.049225	1875.0	3018.75	2268.75	NaN	NaN	NaN	0	0	0	0	0	0	0	0	0	0	0	0	0	0	0	0	0	0	0	0	1	0	0	0	1	-11.0	0.117	0.285	NaN	NaN	0.279	0.633	NaN	NaN	8.37	22.155	NaN	NaN	0.0	"2.5"	"F0034"	0	0	"PR"	751.315	"diffuse"	15.945	1	1	1	927.414	0.0	1030.22	null	1782.157	0.092
-0.8	0.0495	2625.0	2981.25	2278.125	NaN	NaN	NaN	0	0	0	0	0	0	0	0	0	0	0	0	0	0	0	0	0	0	0	0	1	0	0	0	1	-10.0	0.113	0.286	NaN	NaN	0.269	0.636	NaN	NaN	8.07	22.26	NaN	NaN	0.0	"2.5"	"F0034"	0	0	"PR"	761.352	"diffuse"	25.982	1	1	1	927.414	0.0	1030.22	null	1792.194	0.09
-13.4	0.0484	30187.5	2859.375	2268.75	NaN	NaN	NaN	0	0	0	0	0	1	1	0	0	0	0	0	1	0	0	0	0	1	1	0	1	1	1	0	1	-161.0	0.101	0.285	NaN	NaN	0.24	0.633	NaN	NaN	7.2	22.155	NaN	NaN	0.0	"2.5"	"F0034"	1	0	"PR"	771.269	"wash-en"	5.704	1	1	1	927.414	0.0	1030.22	null	1802.111	0.09
-12.0	0.050325	30187.5	2831.25	2278.125	NaN	NaN	NaN	0	0	0	0	0	1	1	0	0	0	0	0	1	0	0	0	0	1	1	0	1	1	1	0	1	-144.0	0.098	0.286	NaN	NaN	0.233	0.636	NaN	NaN	6.99	22.26	NaN	NaN	0.0	"2.5"	"F0034"	1	0	"PR"	781.306	"wash-en"	15.741	1	1	1	927.414	0.0	1030.22	null	1812.148	0.09
-0.1	0.050875	29812.5	2831.25	2278.125	NaN	NaN	NaN	0	0	0	0	0	1	1	0	0	0	0	0	1	0	0	0	0	0	0	0	1	0	0	0	1	-1.0	0.098	0.286	NaN	NaN	0.233	0.636	NaN	NaN	6.99	22.26	NaN	NaN	0.0	"2.5"	"F0034"	0	0	"PR"	791.239	"wash-sc"	5.515	1	1	1	927.414	0.0	1030.22	null	1822.081	0.088
-0.7	0.050875	2812.5	2990.625	2287.5	NaN	NaN	NaN	0	0	0	0	0	0	0	0	0	0	0	0	0	0	0	0	0	0	0	0	1	0	0	0	1	-8.0	0.114	0.287	NaN	NaN	0.271	0.638	NaN	NaN	8.13	22.33	NaN	NaN	0.0	"2.5"	"F0034"	0	0	"PR"	801.272	"diffuse"	5.418	1	1	2	927.414	0.0	1030.22	null	1832.114	0.086
-0.4	0.050875	2250.0	2990.625	2287.5	NaN	NaN	NaN	0	0	0	0	0	0	0	0	0	0	0	0	0	0	0	0	0	0	0	0	1	0	0	0	1	-5.0	0.114	0.287	NaN	NaN	0.271	0.638	NaN	NaN	8.13	22.33	NaN	NaN	0.0	"2.5"	"F0034"	0	0	"PR"	811.309	"diffuse"	15.455	1	1	2	927.414	0.0	1030.22	null	1842.151	0.091
-0.1	0.050875	1500.0	2990.625	2278.125	NaN	NaN	NaN	0	0	0	0	0	0	0	0	0	0	0	0	0	0	0	0	0	0	0	0	1	0	0	0	1	-1.0	0.114	0.286	NaN	NaN	0.271	0.636	NaN	NaN	8.13	22.26	NaN	NaN	0.0	"2.5"	"F0034"	0	0	"PR"	821.348	"diffuse"	25.494	1	1	2	927.414	0.0	1030.22	null	1852.19	0.09
-11.9	0.05005	30562.5	2831.25	2250.0	NaN	NaN	NaN	0	0	0	0	0	1	1	0	0	0	0	0	1	0	0	0	0	1	1	0	1	1	1	0	1	-143.0	0.098	0.283	NaN	NaN	0.233	0.629	NaN	NaN	6.99	22.015	NaN	NaN	0.0	"2.5"	"F0034"	1	0	"PR"	831.27	"wash-en"	5.308	1	1	2	927.414	0.0	1030.22	null	1862.112	0.086
-11.3	0.050875	29812.5	2831.25	2259.375	NaN	NaN	NaN	0	0	0	0	0	1	1	0	0	0	0	0	1	0	0	0	0	1	1	0	1	1	1	0	1	-136.0	0.098	0.284	NaN	NaN	0.233	0.631	NaN	NaN	6.99	22.085	NaN	NaN	0.0	"2.5"	"F0034"	1	0	"PR"	841.307	"wash-en"	15.345	1	1	2	927.414	0.0	1030.22	null	1872.149	0.086
-0.1	0.050875	29812.5	2850.0	2287.5	NaN	NaN	NaN	0	0	0	0	0	1	1	0	0	0	0	0	1	0	0	0	0	0	0	0	1	0	0	0	1	-1.0	0.1	0.287	NaN	NaN	0.238	0.638	NaN	NaN	7.14	22.33	NaN	NaN	0.0	"2.5"	"F0034"	0	0	"PR"	851.438	"wash-sc"	5.31	1	1	2	927.414	0.0	1030.22	null	1882.28	0.092
0.0	0.0506	2625.0	2981.25	2278.125	NaN	NaN	NaN	0	0	0	0	0	0	0	0	0	0	0	0	0	0	0	0	0	0	0	0	1	0	0	0	1	0.0	0.113	0.286	NaN	NaN	0.269	0.636	NaN	NaN	8.07	22.26	NaN	NaN	0.0	"2.5"	"F0034"	0	0	"PR"	861.471	"diffuse"	5.218	1	1	3	927.414	0.0	1030.22	null	1892.313	0.09
-0.1	0.0506	1125.0	2981.25	2278.125	NaN	NaN	NaN	0	0	0	0	0	0	0	0	0	0	0	0	0	0	0	0	0	0	0	0	1	0	0	0	1	-1.0	0.113	0.286	NaN	NaN	0.269	0.636	NaN	NaN	8.07	22.26	NaN	NaN	0.0	"2.5"	"F0034"	0	0	"PR"	871.304	"diffuse"	15.051	1	1	3	927.414	0.0	1030.22	null	1902.146	0.084
-0.1	0.050875	1125.0	2990.625	2278.125	NaN	NaN	NaN	0	0	0	0	0	0	0	0	0	0	0	0	0	0	0	0	0	0	0	0	1	0	0	0	1	-1.0	0.114	0.286	NaN	NaN	0.271	0.636	NaN	NaN	8.13	22.26	NaN	NaN	0.0	"2.5"	"F0034"	0	0	"PR"	881.341	"diffuse"	25.088	1	1	3	927.414	0.0	1030.22	null	1912.183	0.086
-10.9	0.05005	28500.0	2784.375	2268.75	NaN	NaN	NaN	0	0	0	0	0	1	1	0	0	0	0	0	1	0	0	0	0	1	1	0	1	1	1	0	1	-131.0	0.093	0.285	NaN	NaN	0.221	0.633	NaN	NaN	6.63	22.155	NaN	NaN	0.0	"2.5"	"F0034"	1	0	"PR"	891.465	"wash-en"	5.106	1	1	3	927.414	0.0	1030.22	null	1922.307	0.09
-12.2	0.0506	30187.5	2812.5	2268.75	NaN	NaN	NaN	0	0	0	0	0	1	1	0	0	0	0	0	1	0	0	0	0	1	1	0	1	1	1	0	1	-146.0	0.096	0.285	NaN	NaN	0.229	0.633	NaN	NaN	6.87	22.155	NaN	NaN	0.0	"2.5"	"F0034"	1	0	"PR"	901.495	"wash-en"	15.136	1	1	3	927.414	0.0	1030.22	null	1932.337	0.09
-0.1	0.050875	29812.5	2896.875	2315.625	NaN	NaN	NaN	0	0	0	0	0	1	1	0	0	0	0	0	1	0	0	0	0	0	0	0	1	0	0	0	1	-1.0	0.105	0.29	NaN	NaN	0.25	0.644	NaN	NaN	7.5	22.54	NaN	NaN	0.0	"2.5"	"F0034"	0	0	"PR"	911.426	"wash-sc"	4.912	1	1	3	927.414	0.0	1030.22	null	1942.268	0.089
0.0	0.0506	937.5	2981.25	2278.125	NaN	NaN	NaN	0	0	0	0	0	0	0	0	0	0	0	0	0	0	0	0	0	0	0	0	1	0	0	0	1	0.0	0.113	0.286	NaN	NaN	0.269	0.636	NaN	NaN	8.07	22.26	NaN	NaN	0.0	"2.5"	"F0034"	0	0	"PR"	921.463	"diffuse"	4.818	1	1	4	927.414	0.0	1030.22	null	1952.305	0.086
-0.5	0.050875	2250.0	3000.0	2278.125	NaN	NaN	NaN	0	0	0	0	0	0	0	0	0	0	0	0	0	0	0	0	0	0	0	0	1	0	0	0	1	-6.0	0.115	0.286	NaN	NaN	0.274	0.636	NaN	NaN	8.22	22.26	NaN	NaN	0.0	"2.5"	"F0034"	0	0	"PR"	931.494	"diffuse"	14.849	1	1	4	927.414	0.0	1030.22	null	1962.336	0.086
1.4	0.0506	2250.0	2990.625	2278.125	NaN	NaN	NaN	0	0	0	0	0	0	0	0	0	0	0	0	0	0	0	0	0	0	0	0	1	0	0	0	1	17.0	0.114	0.286	NaN	NaN	0.271	0.636	NaN	NaN	8.13	22.26	NaN	NaN	0.0	"2.5"	"F0034"	0	0	"PR"	941.534	"diffuse"	24.889	1	1	4	927.414	0.0	1030.22	null	1972.376	0.088
-12.2	0.050325	30187.5	2821.875	2259.375	NaN	NaN	NaN	0	0	0	0	0	1	1	0	0	0	0	0	1	0	0	0	0	1	1	0	1	1	1	0	1	-146.0	0.097	0.284	NaN	NaN	0.231	0.631	NaN	NaN	6.93	22.085	NaN	NaN	0.0	"2.5"	"F0034"	1	0	"PR"	951.458	"wash-en"	4.705	1	1	4	927.414	0.0	1030.22	null	1982.3	0.084
-11.9	0.050875	30000.0	2859.375	2259.375	NaN	NaN	NaN	0	0	0	0	0	1	1	0	0	0	0	0	1	0	0	0	0	1	1	0	1	1	1	0	1	-143.0	0.101	0.284	NaN	NaN	0.24	0.631	NaN	NaN	7.2	22.085	NaN	NaN	0.0	"2.5"	"F0034"	1	0	"PR"	961.494	"wash-en"	14.741	1	1	4	927.414	0.0	1030.22	null	1992.336	0.086
0.7	0.05115	30000.0	2821.875	2278.125	NaN	NaN	NaN	0	0	0	0	0	1	1	0	0	0	0	0	1	0	0	0	0	0	0	0	1	0	0	0	1	8.0	0.097	0.286	NaN	NaN	0.231	0.636	NaN	NaN	6.93	22.26	NaN	NaN	0.0	"2.5"	"F0034"	0	0	"PR"	971.419	"wash-sc"	4.505	1	1	4	927.414	0.0	1030.22	null	2002.261	0.085
0.1	0.05115	-375.0	2625.0	2278.125	NaN	NaN	NaN	0	0	0	0	1	0	0	0	0	0	0	0	0	0	0	0	0	0	0	0	1	0	0	0	1	1.0	0.078	0.286	NaN	NaN	0.186	0.636	NaN	NaN	5.58	22.26	NaN	NaN	0.0	"2.5"	"F0034"	0	0	"PR"	981.453	"drain-rg"	4.413	1	1	4	927.414	0.0	1030.22	null	2012.295	0.084
0.5	0.05115	-1312.5	2287.5	2325.0	NaN	NaN	NaN	0	0	0	0	1	0	0	0	0	0	0	0	0	0	0	0	0	0	0	0	1	0	0	0	1	6.0	0.044	0.291	NaN	NaN	0.105	0.647	NaN	NaN	3.15	22.645	NaN	NaN	0.0	"2.5"	"F0034"	0	0	"PR"	991.487	"drain-rg"	14.447	1	1	4	927.414	0.0	1030.22	null	2022.329	0.084
0.6	0.05115	-750.0	1921.875	2315.625	NaN	NaN	NaN	0	0	0	0	1	0	0	0	0	0	0	0	0	0	0	0	0	0	0	0	1	0	0	0	1	7.0	0.007	0.29	NaN	NaN	0.017	0.644	NaN	NaN	0.51	22.54	NaN	NaN	0.0	"2.5"	"F0034"	0	0	"PR"	1001.528	"drain-rg"	24.488	1	1	4	927.414	0.0	1030.22	null	2032.37	0.086
0.0	0.05115	-375.0	1387.5	2287.5	NaN	NaN	NaN	0	0	0	0	1	0	0	0	0	0	0	0	0	0	0	0	0	0	0	0	1	0	0	0	1	0.0	-0.046	0.287	NaN	NaN	-0.11	0.638	NaN	NaN	-3.3	22.33	NaN	NaN	0.0	"2.5"	"F0034"	0	0	"PR"	1011.564	"drip-rg"	7.827	1	1	4	927.414	0.0	1030.22	null	2042.406	0.087
0.2	0.051425	27562.5	168.75	2250.0	NaN	NaN	NaN	0	0	1	0	0	1	0	0	0	0	0	0	1	0	0	0	0	0	0	0	1	0	0	0	1	2.0	-0.168	0.283	NaN	NaN	-0.4	0.629	NaN	NaN	-12.0	22.015	NaN	NaN	0.0	"2.5"	"F0034"	0	0	"FR"	2.026	"fill-rg-di"	1.826	2	1	0	2049.831	0.0	1030.22	null	2052.484	0.088
1.8	0.050875	29250.0	2006.25	2015.625	NaN	NaN	NaN	0	0	1	0	0	1	0	0	0	0	0	0	1	0	0	0	0	0	0	0	1	0	0	0	1	22.0	0.016	0.26	NaN	NaN	0.038	0.578	NaN	NaN	1.14	20.23	NaN	NaN	0.0	"2.5"	"F0034"	0	0	"FR"	12.062	"fill-rg-di"	11.862	2	1	0	2049.831	0.0	1030.22	null	2062.52	0.082
0.6	0.048675	30375.0	2343.75	1762.5	NaN	NaN	NaN	0	0	1	0	0	1	0	0	0	0	0	0	1	0	0	0	0	0	0	0	1	0	0	0	1	7.0	0.049	0.234	NaN	NaN	0.117	0.52	NaN	NaN	3.51	18.2	NaN	NaN	0.0	"2.5"	"F0034"	0	0	"FR"	21.896	"fill-rg-di"	21.696	2	1	0	2049.831	0.0	1030.22	null	2072.354	0.087
0.2	0.047575	29625.0	2606.25	1509.375	NaN	NaN	NaN	0	0	1	0	0	1	0	0	0	0	0	0	1	0	0	0	0	0	0	0	1	0	0	0	1	2.0	0.076	0.209	NaN	NaN	0.181	0.464	NaN	NaN	5.43	16.24	NaN	NaN	0.0	"2.5"	"F0034"	0	0	"FR"	31.931	"fill-rg-di"	31.731	2	1	0	2049.831	0.0	1030.22	null	2082.389	0.087
0.1	0.045925	30000.0	2934.375	1256.25	NaN	NaN	NaN	0	0	1	0	0	1	0	0	0	0	0	0	1	0	0	0	0	0	0	0	1	0	0	0	1	1.0	0.108	0.184	NaN	NaN	0.257	0.409	NaN	NaN	7.71	14.315	NaN	NaN	0.0	"2.5"	"F0034"	0	0	"FR"	41.962	"fill-rg-di"	41.762	2	1	0	2049.831	0.0	1030.22	null	2092.42	0.084
0.6	0.044825	29437.5	3243.75	993.75	NaN	NaN	NaN	0	0	1	0	0	1	0	0	0	0	0	0	1	0	0	0	0	0	0	0	1	0	0	0	1	7.0	0.139	0.157	NaN	NaN	0.331	0.349	NaN	NaN	9.93	12.215	NaN	NaN	0.0	"2.5"	"F0034"	0	0	"FR"	52.01	"fill-rg-di"	51.81	2	1	0	2049.831	0.0	1030.22	null	2102.468	0.089
0.4	0.045375	1500.0	2746.875	993.75	NaN	NaN	NaN	0	0	0	0	1	0	0	0	0	0	0	0	0	0	0	0	0	0	0	0	1	0	0	0	1	5.0	0.09	0.157	NaN	NaN	0.214	0.349	NaN	NaN	6.42	12.215	NaN	NaN	0.0	"2.5"	"F0034"	0	0	"FR"	62.044	"drain-rg"	9.231	2	1	0	2049.831	0.0	1030.22	null	2112.502	0.086
-0.1	0.0451	3000.0	2390.625	975.0	NaN	NaN	NaN	0	0	0	0	1	0	0	0	0	0	0	0	0	0	0	0	0	0	0	0	1	0	0	0	1	-1.0	0.054	0.155	NaN	NaN	0.129	0.344	NaN	NaN	3.87	12.04	NaN	NaN	0.0	"2.5"	"F0034"	0	0	"FR"	72.079	"drain-rg"	19.266	2	1	0	2049.831	0.0	1030.22	null	2122.537	0.086
2.0	0.0451	2062.5	2015.625	1003.125	NaN	NaN	NaN	0	0	0	0	1	0	0	0	0	0	0	0	0	0	0	0	0	0	0	0	1	0	0	0	1	24.0	0.017	0.158	NaN	NaN	0.04	0.351	NaN	NaN	1.2	12.285	NaN	NaN	0.0	"2.5"	"F0034"	0	0	"FR"	82.119	"drain-rg"	29.306	2	1	0	2049.831	0.0	1030.22	null	2132.577	0.085
0.3	0.044825	1500.0	1631.25	975.0	NaN	NaN	NaN	0	0	0	0	1	0	0	0	0	0	0	0	0	0	0	0	0	0	0	0	1	0	0	0	1	4.0	-0.022	0.155	NaN	NaN	-0.052	0.344	NaN	NaN	-1.56	12.04	NaN	NaN	0.0	"2.5"	"F0034"	0	0	"FR"	92.155	"drip-rg"	4.819	2	1	0	2049.831	0.0	1030.22	null	2142.613	0.084
0.8	0.0451	562.5	0.0	993.75	NaN	NaN	NaN	0	0	0	0	1	0	0	0	0	0	0	0	0	0	0	0	0	0	0	0	1	0	0	0	1	10.0	-0.185	0.157	NaN	NaN	-0.44	0.349	NaN	NaN	-13.2	12.215	NaN	NaN	0.0	"2.5"	"F0034"	0	0	"FR"	101.992	"drip-rg"	14.656	2	1	0	2049.831	0.0	1030.22	null	2152.45	0.083
0.5	0.044825	28875.0	1875.0	768.75	NaN	NaN	NaN	0	0	1	0	0	1	0	0	0	0	0	0	1	0	0	0	0	0	0	0	1	0	0	0	1	6.0	0.003	0.135	NaN	NaN	0.007	0.3	NaN	NaN	0.21	10.5	NaN	NaN	0.0	"2.5"	"F0034"	0	0	"PR"	8.852	"fill-rg-di"	8.652	2	0	0	2049.831	0.0	2153.053	null	2162.53	0.084
0.3	0.044	29250.0	2259.375	525.0	NaN	NaN	NaN	0	0	1	0	0	1	0	0	0	0	0	0	1	0	0	0	0	0	0	0	1	0	0	0	1	4.0	0.041	0.111	NaN	NaN	0.098	0.247	NaN	NaN	2.94	8.645	NaN	NaN	0.0	"2.5"	"F0034"	0	0	"PR"	18.893	"fill-rg-di"	18.693	2	0	0	2049.831	0.0	2153.053	null	2172.571	0.088
0.4	0.043725	30000.0	2550.0	281.25	NaN	NaN	NaN	0	0	1	0	0	1	0	0	0	0	0	0	1	0	0	0	0	0	0	0	1	0	0	0	1	5.0	0.07	0.086	NaN	NaN	0.167	0.191	NaN	NaN	5.01	6.685	NaN	NaN	0.0	"2.5"	"F0034"	0	0	"PR"	28.928	"fill-rg-di"	28.728	2	0	0	2049.831	0.0	2153.053	null	2182.606	0.087
0.1	0.0429	2250.0	2793.75	112.5	NaN	NaN	NaN	1	0	0	0	0	0	0	0	0	0	0	0	0	1	0	0	0	0	0	0	1	0	0	0	1	1.0	0.094	0.069	NaN	NaN	0.224	0.153	NaN	NaN	6.72	5.355	NaN	NaN	0.0	"2.5"	"F0034"	0	0	"PR"	38.962	"fill-di-lb"	1.806	2	0	0	2049.831	0.0	2153.053	null	2192.64	0.084
2.8	0.0429	3562.5	2793.75	403.125	NaN	NaN	NaN	1	0	0	0	0	0	0	0	0	0	0	0	0	1	0	0	0	0	0	0	1	0	0	0	1	34.0	0.094	0.098	NaN	NaN	0.224	0.218	NaN	NaN	6.72	7.63	NaN	NaN	0.0	"2.5"	"F0034"	0	0	"PR"	49.002	"fill-di-lb"	11.846	2	0	0	2049.831	0.0	2153.053	null	2202.68	0.086
0.5	0.0429	1875.0	2793.75	693.75	NaN	NaN	NaN	1	0	0	0	0	0	0	0	0	0	0	0	0	1	0	0	0	0	0	0	1	0	0	0	1	6.0	0.094	0.127	NaN	NaN	0.224	0.282	NaN	NaN	6.72	9.87	NaN	NaN	0.0	"2.5"	"F0034"	0	0	"PR"	58.833	"fill-di-lb"	21.677	2	0	0	2049.831	0.0	2153.053	null	2212.511	0.09
0.3	0.0429	2437.5	2765.625	993.75	NaN	NaN	NaN	1	0	0	0	0	0	0	0	0	0	0	0	0	1	0	0	0	0	0	0	1	0	0	0	1	4.0	0.092	0.157	NaN	NaN	0.219	0.349	NaN	NaN	6.57	12.215	NaN	NaN	0.0	"2.5"	"F0034"	0	0	"PR"	68.864	"fill-di-lb"	31.708	2	0	0	2049.831	0.0	2153.053	null	2222.542	0.09
0.0	0.04235	3000.0	2803.125	1275.0	NaN	NaN	NaN	1	0	0	0	0	0	0	0	0	0	0	0	0	1	0	0	0	0	0	0	1	0	0	0	1	0.0	0.095	0.185	NaN	NaN	0.226	0.411	NaN	NaN	6.78	14.385	NaN	NaN	0.0	"2.5"	"F0034"	0	0	"PR"	78.902	"fill-di-lb"	41.746	2	0	0	2049.831	0.0	2153.053	null	2232.58	0.101
0.8	0.0429	1875.0	2812.5	1565.625	NaN	NaN	NaN	1	0	0	0	0	0	0	0	0	0	0	0	0	1	0	0	0	0	0	0	1	0	0	0	1	10.0	0.096	0.215	NaN	NaN	0.229	0.478	NaN	NaN	6.87	16.73	NaN	NaN	0.0	"2.5"	"F0034"	0	0	"PR"	88.934	"fill-di-lb"	51.778	2	0	0	2049.831	0.0	2153.053	null	2242.612	0.084
-0.1	0.0429	2812.5	2784.375	1865.625	NaN	NaN	NaN	1	0	0	0	0	0	0	0	0	0	0	0	0	1	0	0	0	0	0	0	1	0	0	0	1	-1.0	0.093	0.245	NaN	NaN	0.221	0.544	NaN	NaN	6.63	19.04	NaN	NaN	0.0	"2.5"	"F0034"	0	0	"PR"	98.968	"fill-di-lb"	61.812	2	0	0	2049.831	0.0	2153.053	null	2252.646	0.084
1.0	0.0418	2250.0	2784.375	2156.25	NaN	NaN	NaN	1	0	0	0	0	0	0	0	0	0	0	0	0	1	0	0	0	0	0	0	1	0	0	0	1	12.0	0.093	0.274	NaN	NaN	0.221	0.609	NaN	NaN	6.63	21.315	NaN	NaN	0.0	"2.5"	"F0034"	0	0	"PR"	109.004	"fill-di-lb"	71.848	2	0	0	2049.831	0.0	2153.053	null	2262.682	0.086
0.1	0.042075	5062.5	2971.875	2146.875	NaN	NaN	NaN	1	0	0	0	0	0	0	0	0	0	0	0	0	1	0	0	0	0	0	0	1	0	0	0	1	1.0	0.112	0.273	NaN	NaN	0.267	0.607	NaN	NaN	8.01	21.245	NaN	NaN	0.0	"2.5"	"F0034"	0	0	"PR"	119.04	"fill-di"	1.404	2	0	0	2049.831	0.0	2153.053	null	2272.718	0.084
-12.1	0.0429	34687.5	2981.25	2531.25	NaN	NaN	NaN	0	1	1	0	0	0	0	0	0	0	0	0	1	0	0	0	0	1	1	0	1	1	1	0	1	-145.0	0.113	0.311	NaN	NaN	0.269	0.691	NaN	NaN	8.07	24.185	NaN	NaN	0.0	"2.5"	"F0034"	1	0	"PR"	129.084	"deionize"	6.03	2	1	0	2049.831	0.0	2153.053	null	2282.762	0.086
-13.0	0.042075	35812.5	2934.375	2568.75	NaN	NaN	NaN	0	1	1	0	0	0	0	0	0	0	0	0	1	0	0	0	0	1	1	0	1	1	1	0	1	-156.0	0.108	0.315	NaN	NaN	0.257	0.7	NaN	NaN	7.71	24.5	NaN	NaN	0.0	"2.5"	"F0034"	1	0	"PR"	138.92	"deionize"	15.866	2	1	0	2049.831	0.0	2153.053	null	2292.598	0.09
-12.0	0.0418	34687.5	2953.125	2559.375	NaN	NaN	NaN	0	1	1	0	0	0	0	0	0	0	0	0	1	0	0	0	0	1	1	0	1	1	1	0	1	-144.0	0.11	0.314	NaN	NaN	0.262	0.698	NaN	NaN	7.86	24.43	NaN	NaN	0.0	"2.5"	"F0034"	1	0	"PR"	148.956	"deionize"	25.902	2	1	0	2049.831	0.0	2153.053	null	2302.634	0.091
-12.1	0.040425	35062.5	2971.875	2540.625	NaN	NaN	NaN	0	1	1	0	0	0	0	0	0	0	0	0	1	0	0	0	0	1	1	0	1	1	1	0	1	-145.0	0.112	0.312	NaN	NaN	0.267	0.693	NaN	NaN	8.01	24.255	NaN	NaN	0.0	"2.5"	"F0034"	1	0	"PR"	159.003	"deionize"	35.949	2	1	0	2049.831	0.0	2153.053	null	2312.681	0.092
-11.9	0.040425	36187.5	2962.5	2550.0	NaN	NaN	NaN	0	1	1	0	0	0	0	0	0	0	0	0	1	0	0	0	0	1	1	0	1	1	1	0	1	-143.0	0.111	0.313	NaN	NaN	0.264	0.696	NaN	NaN	7.92	24.36	NaN	NaN	0.0	"2.5"	"F0034"	1	0	"PR"	169.042	"deionize"	45.988	2	1	0	2049.831	0.0	2153.053	null	2322.72	0.1
-12.4	0.039325	34687.5	2953.125	2512.5	NaN	NaN	NaN	0	1	1	0	0	0	0	0	0	0	0	0	1	0	0	0	0	1	1	0	1	1	1	0	1	-149.0	0.11	0.309	NaN	NaN	0.262	0.687	NaN	NaN	7.86	24.045	NaN	NaN	0.0	"2.5"	"F0034"	1	0	"PR"	179.085	"deionize"	56.031	2	1	0	2049.831	0.0	2153.053	null	2332.763	0.089
-11.4	0.039325	36375.0	2953.125	2484.375	NaN	NaN	NaN	0	1	1	0	0	0	0	0	0	0	0	0	1	0	0	0	0	1	1	0	1	1	1	0	1	-137.0	0.11	0.306	NaN	NaN	0.262	0.68	NaN	NaN	7.86	23.8	NaN	NaN	0.0	"2.5"	"F0034"	1	0	"PR"	189.123	"deionize"	66.069	2	1	0	2049.831	0.0	2153.053	null	2342.801	0.086
-11.6	0.038225	34687.5	2953.125	2521.875	NaN	NaN	NaN	0	1	1	0	0	0	0	0	0	0	0	0	1	0	0	0	0	1	1	0	1	1	1	0	1	-139.0	0.11	0.31	NaN	NaN	0.262	0.689	NaN	NaN	7.86	24.115	NaN	NaN	0.0	"2.5"	"F0034"	1	0	"PR"	199.159	"deionize"	76.105	2	1	0	2049.831	0.0	2153.053	null	2352.837	0.085
-11.7	0.03795	33000.0	3000.0	2550.0	NaN	NaN	NaN	0	1	1	0	0	0	0	0	0	0	0	0	1	0	0	0	0	1	1	0	1	1	1	0	1	-140.0	0.115	0.313	NaN	NaN	0.274	0.696	NaN	NaN	8.22	24.36	NaN	NaN	0.0	"2.5"	"F0034"	1	0	"PR"	208.996	"deionize"	85.942	2	1	0	2049.831	0.0	2153.053	null	2362.674	0.092
-11.9	0.037675	33750.0	2934.375	2465.625	NaN	NaN	NaN	0	1	1	0	0	0	0	0	0	0	0	0	1	0	0	0	0	1	1	0	1	1	1	0	1	-143.0	0.108	0.305	NaN	NaN	0.257	0.678	NaN	NaN	7.71	23.73	NaN	NaN	0.0	"2.5"	"F0034"	1	0	"PR"	219.033	"deionize"	95.979	2	1	0	2049.831	0.0	2153.053	null	2372.711	0.09
-12.3	0.037125	32812.5	2934.375	2484.375	NaN	NaN	NaN	0	1	1	0	0	0	0	0	0	0	0	0	1	0	0	0	0	1	1	0	1	1	1	0	1	-148.0	0.108	0.306	NaN	NaN	0.257	0.68	NaN	NaN	7.71	23.8	NaN	NaN	0.0	"2.5"	"F0034"	1	0	"PR"	229.073	"deionize"	106.019	2	1	0	2049.831	0.0	2153.053	null	2382.751	0.091
-12.0	0.0363	33937.5	2962.5	2456.25	NaN	NaN	NaN	0	1	1	0	0	0	0	0	0	0	0	0	1	0	0	0	0	1	1	0	1	1	1	0	1	-144.0	0.111	0.304	NaN	NaN	0.264	0.676	NaN	NaN	7.92	23.66	NaN	NaN	0.0	"2.5"	"F0034"	1	0	"PR"	239.111	"deionize"	116.057	2	1	0	2049.831	0.0	2153.053	null	2392.789	0.091
-12.5	0.036025	33937.5	2953.125	2475.0	NaN	NaN	NaN	0	1	1	0	0	0	0	0	0	0	0	0	1	0	0	0	0	1	1	0	1	1	1	0	1	-150.0	0.11	0.305	NaN	NaN	0.262	0.678	NaN	NaN	7.86	23.73	NaN	NaN	0.0	"2.5"	"F0034"	1	0	"PR"	249.147	"deionize"	126.093	2	1	0	2049.831	0.0	2153.053	null	2402.825	0.091
-11.9	0.03575	34687.5	2962.5	2456.25	NaN	NaN	NaN	0	1	1	0	0	0	0	0	0	0	0	0	1	0	0	0	0	1	1	0	1	1	1	0	1	-143.0	0.111	0.304	NaN	NaN	0.264	0.676	NaN	NaN	7.92	23.66	NaN	NaN	0.0	"2.5"	"F0034"	1	0	"PR"	259.187	"deionize"	136.133	2	1	0	2049.831	0.0	2153.053	null	2412.865	0.092
-11.7	0.035475	35250.0	2953.125	2437.5	NaN	NaN	NaN	0	1	1	0	0	0	0	0	0	0	0	0	1	0	0	0	0	1	1	0	1	1	1	0	1	-140.0	0.11	0.302	NaN	NaN	0.262	0.671	NaN	NaN	7.86	23.485	NaN	NaN	0.0	"2.5"	"F0034"	1	0	"PR"	269.222	"deionize"	146.168	2	1	0	2049.831	0.0	2153.053	null	2422.9	0.091
-11.4	0.0352	35437.5	2943.75	2381.25	NaN	NaN	NaN	0	1	1	0	0	0	0	0	0	0	0	0	1	0	0	0	0	1	1	0	1	1	1	0	1	-137.0	0.109	0.296	NaN	NaN	0.26	0.658	NaN	NaN	7.8	23.03	NaN	NaN	0.0	"2.5"	"F0034"	1	0	"PR"	279.06	"deionize"	156.006	2	1	0	2049.831	0.0	2153.053	null	2432.738	0.087
-13.2	0.0341	36000.0	2962.5	2400.0	NaN	NaN	NaN	0	1	1	0	0	0	0	0	0	0	0	0	1	0	0	0	0	1	1	0	1	1	1	0	1	-158.0	0.111	0.298	NaN	NaN	0.264	0.662	NaN	NaN	7.92	23.17	NaN	NaN	0.0	"2.5"	"F0034"	1	0	"PR"	289.105	"deionize"	166.051	2	1	0	2049.831	0.0	2153.053	null	2442.783	0.088
-11.8	0.034375	35437.5	2953.125	2437.5	NaN	NaN	NaN	0	1	1	0	0	0	0	0	0	0	0	0	1	0	0	0	0	1	1	0	1	1	1	0	1	-142.0	0.11	0.302	NaN	NaN	0.262	0.671	NaN	NaN	7.86	23.485	NaN	NaN	0.0	"2.5"	"F0034"	1	0	"PR"	299.14	"deionize"	176.086	2	1	0	2049.831	0.0	2153.053	null	2452.818	0.091
-13.1	0.033825	34687.5	2953.125	2493.75	NaN	NaN	NaN	0	1	1	0	0	0	0	0	0	0	0	0	1	0	0	0	0	1	1	0	1	1	1	0	1	-157.0	0.11	0.307	NaN	NaN	0.262	0.682	NaN	NaN	7.86	23.87	NaN	NaN	0.0	"2.5"	"F0034"	1	0	"PR"	309.18	"deionize"	186.126	2	1	0	2049.831	0.0	2153.053	null	2462.858	0.092
-11.0	0.033	32437.5	2943.75	2428.125	NaN	NaN	NaN	0	1	1	0	0	0	0	0	0	0	0	0	1	0	0	0	0	1	1	0	1	1	1	0	1	-132.0	0.109	0.301	NaN	NaN	0.26	0.669	NaN	NaN	7.8	23.415	NaN	NaN	0.0	"2.5"	"F0034"	1	0	"PR"	319.216	"deionize"	196.162	2	1	0	2049.831	0.0	2153.053	null	2472.894	0.09
-12.7	0.03245	33937.5	2971.875	2437.5	NaN	NaN	NaN	0	1	1	0	0	0	0	0	0	0	0	0	1	0	0	0	0	1	1	0	1	1	1	0	1	-152.0	0.112	0.302	NaN	NaN	0.267	0.671	NaN	NaN	8.01	23.485	NaN	NaN	0.0	"2.5"	"F0034"	1	0	"PR"	329.251	"deionize"	206.197	2	1	0	2049.831	0.0	2153.053	null	2482.929	0.091
-11.1	0.03245	33187.5	2962.5	2390.625	NaN	NaN	NaN	0	1	1	0	0	0	0	0	0	0	0	0	1	0	0	0	0	1	1	0	1	1	1	0	1	-133.0	0.111	0.297	NaN	NaN	0.264	0.66	NaN	NaN	7.92	23.1	NaN	NaN	0.0	"2.5"	"F0034"	1	0	"PR"	339.29	"deionize"	216.236	2	1	0	2049.831	0.0	2153.053	null	2492.968	0.093
-10.6	0.032175	34125.0	2971.875	2493.75	NaN	NaN	NaN	0	1	1	0	0	0	0	0	0	0	0	0	1	0	0	0	0	1	1	0	1	1	1	0	1	-127.0	0.112	0.307	NaN	NaN	0.267	0.682	NaN	NaN	8.01	23.87	NaN	NaN	0.0	"2.5"	"F0034"	1	0	"PR"	349.127	"deionize"	226.073	2	1	0	2049.831	0.0	2153.053	null	2502.805	0.084
-10.5	0.032175	35812.5	2943.75	2409.375	NaN	NaN	NaN	0	1	1	0	0	0	0	0	0	0	0	0	1	0	0	0	0	1	1	0	1	1	1	0	1	-126.0	0.109	0.299	NaN	NaN	0.26	0.664	NaN	NaN	7.8	23.24	NaN	NaN	0.0	"2.5"	"F0034"	1	0	"PR"	359.164	"deionize"	236.11	2	1	0	2049.831	0.0	2153.053	null	2512.842	0.087
-12.5	0.032175	33000.0	2943.75	2428.125	NaN	NaN	NaN	0	1	1	0	0	0	0	0	0	0	0	0	1	0	0	0	1	1	1	0	1	1	1	0	1	-150.0	0.109	0.301	NaN	NaN	0.26	0.669	NaN	NaN	7.8	23.415	NaN	NaN	0.0	"2.5"	"F0034"	1	0	"PR"	369.312	"deionize-uv"	6.131	2	1	0	2049.831	0.0	2153.053	null	2522.99	0.09
-8.8	0.03135	35625.0	2962.5	2437.5	NaN	NaN	NaN	0	1	1	0	0	0	0	0	0	0	0	0	1	0	0	0	1	1	1	0	1	1	1	0	1	-106.0	0.111	0.302	NaN	NaN	0.264	0.671	NaN	NaN	7.92	23.485	NaN	NaN	0.0	"2.5"	"F0034"	1	0	"PR"	379.144	"deionize-uv"	15.963	2	1	0	2049.831	0.0	2153.053	null	2532.822	0.084
-8.9	0.03135	36187.5	2943.75	2437.5	NaN	NaN	NaN	0	1	1	0	0	0	0	0	0	0	0	0	1	0	0	0	1	1	1	0	1	1	1	0	1	-107.0	0.109	0.302	NaN	NaN	0.26	0.671	NaN	NaN	7.8	23.485	NaN	NaN	0.0	"2.5"	"F0034"	1	0	"PR"	389.18	"deionize-uv"	25.999	2	1	0	2049.831	0.0	2153.053	null	2542.858	0.084
-10.0	0.0308	31500.0	2953.125	2371.875	NaN	NaN	NaN	0	1	1	0	0	0	0	0	0	0	0	0	1	0	0	0	1	1	1	0	1	1	1	0	1	-120.0	0.11	0.295	NaN	NaN	0.262	0.656	NaN	NaN	7.86	22.96	NaN	NaN	0.0	"2.5"	"F0034"	1	0	"PR"	399.214	"deionize-uv"	36.033	2	1	0	2049.831	0.0	2153.053	null	2552.892	0.084
-10.0	0.0308	33187.5	2953.125	2428.125	NaN	NaN	NaN	0	1	1	0	0	0	0	0	0	0	0	0	1	0	0	0	1	1	1	0	1	1	1	0	1	-120.0	0.11	0.301	NaN	NaN	0.262	0.669	NaN	NaN	7.86	23.415	NaN	NaN	0.0	"2.5"	"F0034"	1	0	"PR"	409.25	"deionize-uv"	46.069	2	1	0	2049.831	0.0	2153.053	null	2562.928	0.086
-9.8	0.0297	34125.0	2971.875	2446.875	NaN	NaN	NaN	0	1	1	0	0	0	0	0	0	0	0	0	1	0	0	0	1	1	1	0	1	1	1	0	1	-118.0	0.112	0.303	NaN	NaN	0.267	0.673	NaN	NaN	8.01	23.555	NaN	NaN	0.0	"2.5"	"F0034"	1	0	"PR"	419.289	"deionize-uv"	56.108	2	1	0	2049.831	0.0	2153.053	null	2572.967	0.089
-9.1	0.0297	34687.5	2953.125	2428.125	NaN	NaN	NaN	0	1	1	0	0	0	0	0	0	0	0	0	1	0	0	0	1	1	1	0	1	1	1	0	1	-109.0	0.11	0.301	NaN	NaN	0.262	0.669	NaN	NaN	7.86	23.415	NaN	NaN	0.0	"2.5"	"F0034"	1	0	"PR"	429.327	"deionize-uv"	66.146	2	1	0	2049.831	0.0	2153.053	null	2583.005	0.086
-9.7	0.0297	35062.5	2943.75	2437.5	NaN	NaN	NaN	0	1	1	0	0	0	0	0	0	0	0	0	1	0	0	0	1	1	1	0	1	1	1	0	1	-116.0	0.109	0.302	NaN	NaN	0.26	0.671	NaN	NaN	7.8	23.485	NaN	NaN	0.0	"2.5"	"F0034"	1	0	"PR"	439.36	"deionize-uv"	76.179	2	1	0	2049.831	0.0	2153.053	null	2593.038	0.087
-9.2	0.02915	35437.5	2953.125	2390.625	NaN	NaN	NaN	0	1	1	0	0	0	0	0	0	0	0	0	1	0	0	0	1	1	1	0	1	1	1	0	1	-110.0	0.11	0.297	NaN	NaN	0.262	0.66	NaN	NaN	7.86	23.1	NaN	NaN	0.0	"2.5"	"F0034"	1	0	"PR"	449.403	"deionize-uv"	86.222	2	1	0	2049.831	0.0	2153.053	null	2603.081	0.086
-8.9	0.02915	34687.5	2943.75	2446.875	NaN	NaN	NaN	0	1	1	0	0	0	0	0	0	0	0	0	1	0	0	0	1	1	1	0	1	1	1	0	1	-107.0	0.109	0.303	NaN	NaN	0.26	0.673	NaN	NaN	7.8	23.555	NaN	NaN	0.0	"2.5"	"F0034"	1	0	"PR"	459.237	"deionize-uv"	96.056	2	1	0	2049.831	0.0	2153.053	null	2612.915	0.084
-9.1	0.02915	30750.0	2953.125	2409.375	NaN	NaN	NaN	0	1	1	0	0	0	0	0	0	0	0	0	1	0	0	0	1	1	1	0	1	1	1	0	1	-109.0	0.11	0.299	NaN	NaN	0.262	0.664	NaN	NaN	7.86	23.24	NaN	NaN	0.0	"2.5"	"F0034"	1	0	"PR"	469.273	"deionize-uv"	106.092	2	1	0	2049.831	0.0	2153.053	null	2622.951	0.085
-9.8	0.0286	33187.5	2943.75	2437.5	NaN	NaN	NaN	0	1	1	0	0	0	0	0	0	0	0	0	1	0	0	0	1	1	1	0	1	1	1	0	1	-118.0	0.109	0.302	NaN	NaN	0.26	0.671	NaN	NaN	7.8	23.485	NaN	NaN	0.0	"2.5"	"F0034"	1	0	"PR"	479.308	"deionize-uv"	116.127	2	1	0	2049.831	0.0	2153.053	null	2632.986	0.084
-9.3	0.028325	38625.0	2962.5	1968.75	NaN	NaN	NaN	0	0	1	0	0	0	0	1	0	0	0	0	1	0	0	0	1	1	1	0	1	1	1	0	1	-112.0	0.111	0.255	NaN	NaN	0.264	0.567	NaN	NaN	7.92	19.845	NaN	NaN	0.0	"2.5"	"F0034"	1	0	"PR"	489.267	"drain-di-1"	5.944	2	1	0	2049.831	0.0	2153.053	null	2642.945	0.084
-7.7	0.02805	39187.5	2953.125	1706.25	NaN	NaN	NaN	0	0	1	0	0	0	0	1	0	0	0	0	1	0	0	0	1	1	1	0	1	1	1	0	1	-92.0	0.11	0.229	NaN	NaN	0.262	0.509	NaN	NaN	7.86	17.815	NaN	NaN	0.0	"2.5"	"F0034"	1	0	"PR"	499.306	"drain-di-1"	15.983	2	1	0	2049.831	0.0	2153.053	null	2652.984	0.084
-9.8	0.027775	39187.5	2943.75	1490.625	NaN	NaN	NaN	0	0	1	0	0	0	0	1	0	0	0	0	1	0	0	0	1	1	1	0	1	1	1	0	1	-118.0	0.109	0.207	NaN	NaN	0.26	0.46	NaN	NaN	7.8	16.1	NaN	NaN	0.0	"2.5"	"F0034"	1	0	"PR"	509.34	"drain-di-1"	26.017	2	1	0	2049.831	0.0	2153.053	null	2663.018	0.087
-8.4	0.0275	39187.5	2953.125	1209.375	NaN	NaN	NaN	0	0	1	0	0	0	0	1	0	0	0	0	1	0	0	0	1	1	1	0	1	1	1	0	1	-101.0	0.11	0.179	NaN	NaN	0.262	0.398	NaN	NaN	7.86	13.93	NaN	NaN	0.0	"2.5"	"F0034"	1	0	"PR"	519.378	"drain-di-1"	36.055	2	1	0	2049.831	0.0	2153.053	null	2673.056	0.085
-8.7	0.027225	37875.0	2953.125	993.75	NaN	NaN	NaN	0	0	1	0	0	0	0	1	0	0	0	0	1	0	0	0	1	1	1	0	1	1	1	0	1	-104.0	0.11	0.157	NaN	NaN	0.262	0.349	NaN	NaN	7.86	12.215	NaN	NaN	0.0	"2.5"	"F0034"	1	0	"PR"	529.418	"drain-di-1"	46.095	2	1	0	2049.831	0.0	2153.053	null	2683.096	0.084
-8.7	0.027225	36937.5	2971.875	759.375	NaN	NaN	NaN	0	0	1	0	0	0	0	1	0	0	0	0	1	0	0	0	1	1	1	0	1	1	1	0	1	-104.0	0.112	0.134	NaN	NaN	0.267	0.298	NaN	NaN	8.01	10.43	NaN	NaN	0.0	"2.5"	"F0034"	1	0	"PR"	539.453	"drain-di-1"	56.13	2	1	0	2049.831	0.0	2153.053	null	2693.131	0.086
-8.0	0.027775	36562.5	2962.5	506.25	NaN	NaN	NaN	0	0	1	0	0	0	0	1	0	0	0	0	1	0	0	0	1	1	1	0	1	1	1	0	1	-96.0	0.111	0.109	NaN	NaN	0.264	0.242	NaN	NaN	7.92	8.47	NaN	NaN	0.0	"2.5"	"F0034"	1	0	"PR"	549.492	"drain-di-1"	66.169	2	1	0	2049.831	0.0	2153.053	null	2703.17	0.087
-8.6	0.02695	38250.0	2953.125	309.375	NaN	NaN	NaN	0	0	1	0	0	0	0	1	0	0	0	0	1	0	0	0	1	1	1	0	1	1	1	0	1	-103.0	0.11	0.089	NaN	NaN	0.262	0.198	NaN	NaN	7.86	6.93	NaN	NaN	0.0	"2.5"	"F0034"	1	0	"PR"	559.327	"drain-di-1"	76.004	2	1	0	2049.831	0.0	2153.053	null	2713.005	0.091
-8.5	0.0275	39000.0	2953.125	18.75	NaN	NaN	NaN	0	0	1	0	0	0	0	1	0	0	0	0	1	0	0	0	1	1	1	0	1	1	1	0	1	-102.0	0.11	0.06	NaN	NaN	0.262	0.133	NaN	NaN	7.86	4.655	NaN	NaN	0.0	"2.5"	"F0034"	1	0	"PR"	569.48	"drip-di-1"	2.322	2	1	0	2049.831	0.0	2153.053	null	2723.158	0.089
-8.5	0.02695	37875.0	2943.75	-46.875	NaN	NaN	NaN	0	0	1	0	0	0	0	1	0	0	0	0	1	0	0	0	1	1	1	0	1	1	1	0	1	-102.0	0.109	0.053	NaN	NaN	0.26	0.118	NaN	NaN	7.8	4.13	NaN	NaN	0.0	"2.5"	"F0034"	1	0	"PR"	579.518	"drip-di-1"	12.36	2	1	0	2049.831	0.0	2153.053	null	2733.196	0.084
12.9	0.027775	30000.0	2831.25	46.875	NaN	NaN	NaN	1	0	0	0	0	1	1	0	0	0	0	0	1	1	0	0	0	1	1	1	0	1	1	1	0	155.0	0.098	0.063	NaN	NaN	0.233	0.14	NaN	NaN	6.99	4.9	NaN	NaN	0.0	"2.5"	"F0034"	1	1	"PR"	589.518	"reverse-f"	7.19	2	1	0	2049.831	0.0	2153.053	null	2743.196	0.084
11.8	0.028325	29437.5	2812.5	375.0	NaN	NaN	NaN	1	0	0	0	0	1	1	0	0	0	0	0	1	1	0	0	0	1	1	1	0	1	1	1	0	142.0	0.096	0.096	NaN	NaN	0.229	0.213	NaN	NaN	6.87	7.455	NaN	NaN	0.0	"2.5"	"F0034"	1	1	"PR"	599.55	"reverse-f"	17.222	2	1	0	2049.831	0.0	2153.053	null	2753.228	0.084
13.8	0.0308	29437.5	2784.375	675.0	NaN	NaN	NaN	1	0	0	0	0	1	1	0	0	0	0	0	1	1	0	0	0	1	1	1	0	1	1	1	0	166.0	0.093	0.126	NaN	NaN	0.221	0.28	NaN	NaN	6.63	9.8	NaN	NaN	0.0	"2.5"	"F0034"	1	1	"PR"	609.388	"reverse-f"	27.06	2	1	0	2049.831	0.0	2153.053	null	2763.066	0.092
12.6	0.033825	30000.0	2821.875	937.5	NaN	NaN	NaN	1	0	0	0	0	1	1	0	0	0	0	0	1	1	0	0	0	1	1	1	0	1	1	1	0	151.0	0.097	0.152	NaN	NaN	0.231	0.338	NaN	NaN	6.93	11.83	NaN	NaN	0.0	"2.5"	"F0034"	1	1	"PR"	619.425	"reverse-f"	37.097	2	1	0	2049.831	0.0	2153.053	null	2773.103	0.09
14.1	0.035475	30000.0	2793.75	1246.875	NaN	NaN	NaN	1	0	0	0	0	1	1	0	0	0	0	0	1	1	0	0	0	1	1	1	0	1	1	1	0	169.0	0.094	0.183	NaN	NaN	0.224	0.407	NaN	NaN	6.72	14.245	NaN	NaN	0.0	"2.5"	"F0034"	1	1	"PR"	629.458	"reverse-f"	47.13	2	1	0	2049.831	0.0	2153.053	null	2783.136	0.09
12.6	0.03685	30000.0	2812.5	1528.125	NaN	NaN	NaN	1	0	0	0	0	1	1	0	0	0	0	0	1	1	0	0	0	1	1	1	0	1	1	1	0	151.0	0.096	0.211	NaN	NaN	0.229	0.469	NaN	NaN	6.87	16.415	NaN	NaN	0.0	"2.5"	"F0034"	1	1	"PR"	639.496	"reverse-f"	57.168	2	1	0	2049.831	0.0	2153.053	null	2793.174	0.086
12.3	0.0385	28875.0	2784.375	1818.75	NaN	NaN	NaN	1	0	0	0	0	1	1	0	0	0	0	0	1	1	0	0	0	1	1	1	0	1	1	1	0	148.0	0.093	0.24	NaN	NaN	0.221	0.533	NaN	NaN	6.63	18.655	NaN	NaN	0.0	"2.5"	"F0034"	1	1	"PR"	649.529	"reverse-f"	67.201	2	1	0	2049.831	0.0	2153.053	null	2803.207	0.084
12.1	0.04015	29625.0	2821.875	2081.25	NaN	NaN	NaN	1	0	0	0	0	1	1	0	0	0	0	0	1	1	0	0	0	1	1	1	0	1	1	1	0	145.0	0.097	0.266	NaN	NaN	0.231	0.591	NaN	NaN	6.93	20.685	NaN	NaN	0.0	"2.5"	"F0034"	1	1	"PR"	659.561	"reverse-f"	77.233	2	1	0	2049.831	0.0	2153.053	null	2813.239	0.084
12.3	0.042075	29437.5	2812.5	2250.0	NaN	NaN	NaN	0	0	0	0	0	1	1	0	0	0	0	0	1	0	0	0	0	1	1	1	0	1	1	1	0	148.0	0.096	0.283	NaN	NaN	0.229	0.629	NaN	NaN	6.87	22.015	NaN	NaN	0.0	"2.5"	"F0034"	1	1	"PR"	669.506	"reverse"	87.178	2	1	0	2049.831	0.0	2153.053	null	2823.184	0.09
13.5	0.0429	30000.0	2812.5	2259.375	NaN	NaN	NaN	0	0	0	0	0	1	1	0	0	0	0	0	1	0	0	0	0	1	1	1	0	1	1	1	0	162.0	0.096	0.284	NaN	NaN	0.229	0.631	NaN	NaN	6.87	22.085	NaN	NaN	0.0	"2.5"	"F0034"	1	1	"PR"	679.54	"reverse"	97.212	2	1	0	2049.831	0.0	2153.053	null	2833.218	0.09
12.3	0.044	29250.0	2821.875	2278.125	NaN	NaN	NaN	0	0	0	0	0	1	1	0	0	0	0	0	1	0	0	0	0	1	1	1	0	1	1	1	0	148.0	0.097	0.286	NaN	NaN	0.231	0.636	NaN	NaN	6.93	22.26	NaN	NaN	0.0	"2.5"	"F0034"	1	1	"PR"	689.574	"reverse"	107.246	2	1	0	2049.831	0.0	2153.053	null	2843.252	0.091
14.9	0.0451	29250.0	2784.375	2278.125	NaN	NaN	NaN	0	0	0	0	0	1	1	0	0	0	0	0	1	0	0	0	0	1	1	1	0	1	1	1	0	179.0	0.093	0.286	NaN	NaN	0.221	0.636	NaN	NaN	6.63	22.26	NaN	NaN	0.0	"2.5"	"F0034"	1	1	"PR"	699.611	"reverse"	117.283	2	1	0	2049.831	0.0	2153.053	null	2853.289	0.084
12.6	0.0451	30750.0	2784.375	2278.125	NaN	NaN	NaN	0	0	0	0	0	1	1	0	0	0	0	0	1	0	0	0	0	1	1	1	0	1	1	1	0	151.0	0.093	0.286	NaN	NaN	0.221	0.636	NaN	NaN	6.63	22.26	NaN	NaN	0.0	"2.5"	"F0034"	1	1	"PR"	709.643	"reverse"	127.315	2	1	0	2049.831	0.0	2153.053	null	2863.321	0.084
12.8	0.045925	30000.0	2821.875	2250.0	NaN	NaN	NaN	0	0	0	0	0	1	1	0	0	0	0	0	1	0	0	0	0	1	1	1	0	1	1	1	0	154.0	0.097	0.283	NaN	NaN	0.231	0.629	NaN	NaN	6.93	22.015	NaN	NaN	0.0	"2.5"	"F0034"	1	1	"PR"	719.68	"reverse"	137.352	2	1	0	2049.831	0.0	2153.053	null	2873.358	0.084
12.8	0.046475	30187.5	2793.75	2278.125	NaN	NaN	NaN	0	0	0	0	0	1	1	0	0	0	0	0	1	0	0	0	0	1	1	1	0	1	1	1	0	154.0	0.094	0.286	NaN	NaN	0.224	0.636	NaN	NaN	6.72	22.26	NaN	NaN	0.0	"2.5"	"F0034"	1	1	"PR"	729.519	"reverse"	147.191	2	1	0	2049.831	0.0	2153.053	null	2883.197	0.09
2.5	0.0473	1125.0	2943.75	2287.5	NaN	NaN	NaN	0	0	0	0	0	0	0	0	0	0	0	0	0	0	0	0	0	0	0	0	1	0	0	0	1	30.0	0.109	0.287	NaN	NaN	0.26	0.638	NaN	NaN	7.8	22.33	NaN	NaN	0.0	"2.5"	"F0034"	0	0	"PR"	739.638	"diffuse"	7.308	2	1	1	2049.831	0.0	2153.053	null	2893.316	0.09
2.7	0.04675	937.5	2981.25	2287.5	NaN	NaN	NaN	0	0	0	0	0	0	0	0	0	0	0	0	0	0	0	0	0	0	0	0	1	0	0	0	1	32.0	0.113	0.287	NaN	NaN	0.269	0.638	NaN	NaN	8.07	22.33	NaN	NaN	0.0	"2.5"	"F0034"	0	0	"PR"	749.67	"diffuse"	17.34	2	1	1	2049.831	0.0	2153.053	null	2903.348	0.09
4.2	0.0473	1125.0	2981.25	2278.125	NaN	NaN	NaN	0	0	0	0	0	0	0	0	0	0	0	0	0	0	0	0	0	0	0	0	1	0	0	0	1	50.0	0.113	0.286	NaN	NaN	0.269	0.636	NaN	NaN	8.07	22.26	NaN	NaN	0.0	"2.5"	"F0034"	0	0	"PR"	759.706	"diffuse"	27.376	2	1	1	2049.831	0.0	2153.053	null	2913.384	0.087
12.2	0.0473	29250.0	2831.25	2268.75	NaN	NaN	NaN	0	0	0	0	0	1	1	0	0	0	0	0	1	0	0	0	0	1	1	1	0	1	1	1	0	146.0	0.098	0.285	NaN	NaN	0.233	0.633	NaN	NaN	6.99	22.155	NaN	NaN	0.0	"2.5"	"F0034"	1	1	"PR"	769.631	"wash-en"	7.114	2	1	1	2049.831	0.0	2153.053	null	2923.309	0.09
11.9	0.04785	28687.5	2821.875	2268.75	NaN	NaN	NaN	0	0	0	0	0	1	1	0	0	0	0	0	1	0	0	0	0	1	1	1	0	1	1	1	0	143.0	0.097	0.285	NaN	NaN	0.231	0.633	NaN	NaN	6.93	22.155	NaN	NaN	0.0	"2.5"	"F0034"	1	1	"PR"	779.665	"wash-en"	17.148	2	1	1	2049.831	0.0	2153.053	null	2933.343	0.089
2.2	0.048675	31125.0	2831.25	2287.5	NaN	NaN	NaN	0	0	0	0	0	1	1	0	0	0	0	0	1	0	0	0	0	0	0	0	1	0	0	0	1	26.0	0.098	0.287	NaN	NaN	0.233	0.638	NaN	NaN	6.99	22.33	NaN	NaN	0.0	"2.5"	"F0034"	0	0	"PR"	789.601	"wash-sc"	6.925	2	1	1	2049.831	0.0	2153.053	null	2943.279	0.092
3.5	0.048675	375.0	2981.25	2278.125	NaN	NaN	NaN	0	0	0	0	0	0	0	0	0	0	0	0	0	0	0	0	0	0	0	0	1	0	0	0	1	42.0	0.113	0.286	NaN	NaN	0.269	0.636	NaN	NaN	8.07	22.26	NaN	NaN	0.0	"2.5"	"F0034"	0	0	"PR"	799.634	"diffuse"	6.822	2	1	2	2049.831	0.0	2153.053	null	2953.312	0.09
2.5	0.0484	1125.0	2990.625	2278.125	NaN	NaN	NaN	0	0	0	0	0	0	0	0	0	0	0	0	0	0	0	0	0	0	0	0	1	0	0	0	1	30.0	0.114	0.286	NaN	NaN	0.271	0.636	NaN	NaN	8.13	22.26	NaN	NaN	0.0	"2.5"	"F0034"	0	0	"PR"	809.671	"diffuse"	16.859	2	1	2	2049.831	0.0	2153.053	null	2963.349	0.09
2.4	0.04895	1125.0	2981.25	2278.125	NaN	NaN	NaN	0	0	0	0	0	0	0	0	0	0	0	0	0	0	0	0	0	0	0	0	1	0	0	0	1	29.0	0.113	0.286	NaN	NaN	0.269	0.636	NaN	NaN	8.07	22.26	NaN	NaN	0.0	"2.5"	"F0034"	0	0	"PR"	819.709	"diffuse"	26.897	2	1	2	2049.831	0.0	2153.053	null	2973.387	0.091
13.1	0.048125	29250.0	2803.125	2287.5	NaN	NaN	NaN	0	0	0	0	0	1	1	0	0	0	0	0	1	0	0	0	0	1	1	1	0	1	1	1	0	157.0	0.095	0.287	NaN	NaN	0.226	0.638	NaN	NaN	6.78	22.33	NaN	NaN	0.0	"2.5"	"F0034"	1	1	"PR"	829.634	"wash-en"	6.714	2	1	2	2049.831	0.0	2153.053	null	2983.312	0.086
12.6	0.048675	30187.5	2812.5	2268.75	NaN	NaN	NaN	0	0	0	0	0	1	1	0	0	0	0	0	1	0	0	0	0	1	1	1	0	1	1	1	0	151.0	0.096	0.285	NaN	NaN	0.229	0.633	NaN	NaN	6.87	22.155	NaN	NaN	0.0	"2.5"	"F0034"	1	1	"PR"	839.671	"wash-en"	16.751	2	1	2	2049.831	0.0	2153.053	null	2993.349	0.092
2.7	0.048675	30187.5	2821.875	2287.5	NaN	NaN	NaN	0	0	0	0	0	1	1	0	0	0	0	0	1	0	0	0	0	0	0	0	1	0	0	0	1	32.0	0.097	0.287	NaN	NaN	0.231	0.638	NaN	NaN	6.93	22.33	NaN	NaN	0.0	"2.5"	"F0034"	0	0	"PR"	849.805	"wash-sc"	6.72	2	1	2	2049.831	0.0	2153.053	null	3003.483	0.088
1.5	0.04895	2437.5	2981.25	2259.375	NaN	NaN	NaN	0	0	0	0	0	0	0	0	0	0	0	0	0	0	0	0	0	0	0	0	1	0	0	0	1	18.0	0.113	0.284	NaN	NaN	0.269	0.631	NaN	NaN	8.07	22.085	NaN	NaN	0.0	"2.5"	"F0034"	0	0	"PR"	859.641	"diffuse"	6.424	2	1	3	2049.831	0.0	2153.053	null	3013.319	0.086
1.9	0.048675	1125.0	2981.25	2278.125	NaN	NaN	NaN	0	0	0	0	0	0	0	0	0	0	0	0	0	0	0	0	0	0	0	0	1	0	0	0	1	23.0	0.113	0.286	NaN	NaN	0.269	0.636	NaN	NaN	8.07	22.26	NaN	NaN	0.0	"2.5"	"F0034"	0	0	"PR"	869.674	"diffuse"	16.457	2	1	3	2049.831	0.0	2153.053	null	3023.352	0.087
1.9	0.0484	1125.0	2981.25	2306.25	NaN	NaN	NaN	0	0	0	0	0	0	0	0	0	0	0	0	0	0	0	0	0	0	0	0	1	0	0	0	1	23.0	0.113	0.289	NaN	NaN	0.269	0.642	NaN	NaN	8.07	22.47	NaN	NaN	0.0	"2.5"	"F0034"	0	0	"PR"	879.711	"diffuse"	26.494	2	1	3	2049.831	0.0	2153.053	null	3033.389	0.086
12.6	0.0484	29250.0	2821.875	2268.75	NaN	NaN	NaN	0	0	0	0	0	1	1	0	0	0	0	0	1	0	0	0	0	1	1	1	0	1	1	1	0	151.0	0.097	0.285	NaN	NaN	0.231	0.633	NaN	NaN	6.93	22.155	NaN	NaN	0.0	"2.5"	"F0034"	1	1	"PR"	889.834	"wash-en"	6.51	2	1	3	2049.831	0.0	2153.053	null	3043.512	0.09
13.5	0.0484	29812.5	2821.875	2278.125	NaN	NaN	NaN	0	0	0	0	0	1	1	0	0	0	0	0	1	0	0	0	0	1	1	1	0	1	1	1	0	162.0	0.097	0.286	NaN	NaN	0.231	0.636	NaN	NaN	6.93	22.26	NaN	NaN	0.0	"2.5"	"F0034"	1	1	"PR"	899.667	"wash-en"	16.343	2	1	3	2049.831	0.0	2153.053	null	3053.345	0.086
1.1	0.0484	30750.0	2831.25	2278.125	NaN	NaN	NaN	0	0	0	0	0	1	1	0	0	0	0	0	1	0	0	0	0	0	0	0	1	0	0	0	1	13.0	0.098	0.286	NaN	NaN	0.233	0.636	NaN	NaN	6.99	22.26	NaN	NaN	0.0	"2.5"	"F0034"	0	0	"PR"	909.802	"wash-sc"	6.321	2	1	3	2049.831	0.0	2153.053	null	3063.48	0.088
