cur	ec	mod-ps	rg-ps	di-ps	fw1-ps	fw2-ps	pf-ps	vlv-di-fill	vlv-di-in	vlv-di-out	vlv-rg-fill	vlv-rg-drain	vlv-rg-in	vlv-rg-out	vlv-fw1-in	vlv-fw1-out	vlv-fw2-in	vlv-po	vlv-mod-drain	pmp-sys	pmp-di	pmp-fw1	pmp-fw2	uv	en-anode1	en-cath1	pl-anode1	pl-cath1	en-anode2	en-cath2	pl-anode2	pl-cath2	pw	rg-he	di-he	fw1-he	fw2-he	rg-lev	di-lev	fw1-lev	fw2-lev	rg-vol	di-vol	fw1-vol	fw2-vol	pr-ec	ver	sn	mod-en	mod-pl	proc	proc-time	ph	ph-time	count	cyc	rnd	pr-last	rc-last	fr-last	halt-re	time	exec
0.8	0.052525	23625.0	2821.875	2296.875	NaN	NaN	NaN	0	0	0	0	0	1	1	0	0	0	0	0	1	0	0	0	0	0	0	0	1	0	0	0	1	10.0	0.097	0.288	NaN	NaN	0.231	0.64	NaN	NaN	6.93	22.4	NaN	NaN	0.0	"2.5"	"F0034"	0	0	"PR"	8.247	"prime"	7.43	0	0	0	0.0	0.0	0.0	null	10.024	0.09
0.8	0.052525	23625.0	2821.875	2296.875	NaN	NaN	NaN	0	0	0	0	0	1	1	0	0	0	0	0	1	0	0	0	0	0	0	0	1	0	0	0	1	10.0	0.097	0.288	NaN	NaN	0.231	0.64	NaN	NaN	6.93	22.4	NaN	NaN	0.0	"2.5"	"F0034"	0	0	"PR"	8.247	"prime"	7.43	0	0	0	0.0	0.0	0.0	null	10.024	0.09
2.3	0.053075	24187.5	2803.125	2287.5	NaN	NaN	NaN	0	0	0	0	0	1	1	0	0	0	0	0	1	0	0	0	0	0	0	0	1	0	0	0	1	28.0	0.095	0.287	NaN	NaN	0.226	0.638	NaN	NaN	6.78	22.33	NaN	NaN	0.0	"2.5"	"F0034"	0	0	"PR"	18.286	"prime"	17.469	0	0	0	0.0	0.0	0.0	null	20.063	0.089
1.8	0.0528	24000.0	2803.125	2306.25	NaN	NaN	NaN	0	0	0	0	0	1	1	0	0	0	0	0	1	0	0	0	0	0	0	0	1	0	0	0	1	22.0	0.095	0.289	NaN	NaN	0.226	0.642	NaN	NaN	6.78	22.47	NaN	NaN	0.0	"2.5"	"F0034"	0	0	"PR"	28.323	"prime"	27.506	0	0	0	0.0	0.0	0.0	null	30.1	0.089
-11.3	0.05225	30000.0	2962.5	2625.0	NaN	NaN	NaN	0	1	1	0	0	0	0	0	0	0	0	0	1	0	0	0	0	1	1	0	1	1	1	0	1	-136.0	0.111	0.321	NaN	NaN	0.264	0.713	NaN	NaN	7.92	24.955	NaN	NaN	0.0	"2.5"	"F0034"	1	0	"PR"	38.365	"deionize"	7.029	0	1	0	0.0	0.0	0.0	null	40.142	0.09
-12.1	0.05115	30000.0	2981.25	2550.0	NaN	NaN	NaN	0	1	1	0	0	0	0	0	0	0	0	0	1	0	0	0	0	1	1	0	1	1	1	0	1	-145.0	0.113	0.313	NaN	NaN	0.269	0.696	NaN	NaN	8.07	24.36	NaN	NaN	0.0	"2.5"	"F0034"	1	0	"PR"	48.397	"deionize"	17.061	0	1	0	0.0	0.0	0.0	null	50.174	0.084
-9.2	0.0506	28500.0	2962.5	2550.0	NaN	NaN	NaN	0	1	1	0	0	0	0	0	0	0	0	0	1	0	0	0	0	1	1	0	1	1	1	0	1	-110.0	0.111	0.313	NaN	NaN	0.264	0.696	NaN	NaN	7.92	24.36	NaN	NaN	0.0	"2.5"	"F0034"	1	0	"PR"	58.433	"deionize"	27.097	0	1	0	0.0	0.0	0.0	null	60.21	0.087
-12.0	0.049225	28500.0	2981.25	2606.25	NaN	NaN	NaN	0	1	1	0	0	0	0	0	0	0	0	0	1	0	0	0	0	1	1	0	1	1	1	0	1	-144.0	0.113	0.319	NaN	NaN	0.269	0.709	NaN	NaN	8.07	24.815	NaN	NaN	0.0	"2.5"	"F0034"	1	0	"PR"	68.469	"deionize"	37.133	0	1	0	0.0	0.0	0.0	null	70.246	0.084
-12.1	0.0484	30000.0	2962.5	2550.0	NaN	NaN	NaN	0	1	1	0	0	0	0	0	0	0	0	0	1	0	0	0	0	1	1	0	1	1	1	0	1	-145.0	0.111	0.313	NaN	NaN	0.264	0.696	NaN	NaN	7.92	24.36	NaN	NaN	0.0	"2.5"	"F0034"	1	0	"PR"	78.5	"deionize"	47.164	0	1	0	0.0	0.0	0.0	null	80.277	0.084
-11.7	0.0473	30375.0	2981.25	2512.5	NaN	NaN	NaN	0	1	1	0	0	0	0	0	0	0	0	0	1	0	0	0	0	1	1	0	1	1	1	0	1	-140.0	0.113	0.309	NaN	NaN	0.269	0.687	NaN	NaN	8.07	24.045	NaN	NaN	0.0	"2.5"	"F0034"	1	0	"PR"	88.536	"deionize"	57.2	0	1	0	0.0	0.0	0.0	null	90.313	0.088
-11.7	0.045375	30000.0	2971.875	2606.25	NaN	NaN	NaN	0	1	1	0	0	0	0	0	0	0	0	0	1	0	0	0	0	1	1	0	1	1	1	0	1	-140.0	0.112	0.319	NaN	NaN	0.267	0.709	NaN	NaN	8.01	24.815	NaN	NaN	0.0	"2.5"	"F0034"	1	0	"PR"	98.371	"deionize"	67.035	0	1	0	0.0	0.0	0.0	null	100.148	0.09
-12.4	0.044275	29812.5	2981.25	2512.5	NaN	NaN	NaN	0	1	1	0	0	0	0	0	0	0	0	0	1	0	0	0	0	1	1	0	1	1	1	0	1	-149.0	0.113	0.309	NaN	NaN	0.269	0.687	NaN	NaN	8.07	24.045	NaN	NaN	0.0	"2.5"	"F0034"	1	0	"PR"	108.403	"deionize"	77.067	0	1	0	0.0	0.0	0.0	null	110.18	0.09
-12.2	0.042075	29625.0	2981.25	2550.0	NaN	NaN	NaN	0	1	1	0	0	0	0	0	0	0	0	0	1	0	0	0	0	1	1	0	1	1	1	0	1	-146.0	0.113	0.313	NaN	NaN	0.269	0.696	NaN	NaN	8.07	24.36	NaN	NaN	0.0	"2.5"	"F0034"	1	0	"PR"	118.441	"deionize"	87.105	0	1	0	0.0	0.0	0.0	null	120.218	0.091
-11.3	0.0418	30000.0	2981.25	2550.0	NaN	NaN	NaN	0	1	1	0	0	0	0	0	0	0	0	0	1	0	0	0	0	1	1	0	1	1	1	0	1	-136.0	0.113	0.313	NaN	NaN	0.269	0.696	NaN	NaN	8.07	24.36	NaN	NaN	0.0	"2.5"	"F0034"	1	0	"PR"	128.474	"deionize"	97.138	0	1	0	0.0	0.0	0.0	null	130.251	0.09
-11.9	0.0407	29250.0	2981.25	2503.125	NaN	NaN	NaN	0	1	1	0	0	0	0	0	0	0	0	0	1	0	0	0	0	1	1	0	1	1	1	0	1	-143.0	0.113	0.308	NaN	NaN	0.269	0.684	NaN	NaN	8.07	23.94	NaN	NaN	0.0	"2.5"	"F0034"	1	0	"PR"	138.505	"deionize"	107.169	0	1	0	0.0	0.0	0.0	null	140.282	0.09
-11.7	0.039325	29437.5	2971.875	2531.25	NaN	NaN	NaN	0	1	1	0	0	0	0	0	0	0	0	0	1	0	0	0	0	1	1	0	1	1	1	0	1	-140.0	0.112	0.311	NaN	NaN	0.267	0.691	NaN	NaN	8.01	24.185	NaN	NaN	0.0	"2.5"	"F0034"	1	0	"PR"	148.546	"deionize"	117.21	0	1	0	0.0	0.0	0.0	null	150.323	0.093
-11.9	0.038775	29625.0	2971.875	2437.5	NaN	NaN	NaN	0	1	1	0	0	0	0	0	0	0	0	0	1	0	0	0	0	1	1	0	1	1	1	0	1	-143.0	0.112	0.302	NaN	NaN	0.267	0.671	NaN	NaN	8.01	23.485	NaN	NaN	0.0	"2.5"	"F0034"	1	0	"PR"	158.578	"deionize"	127.242	0	1	0	0.0	0.0	0.0	null	160.355	0.09
-11.7	0.037675	30000.0	2981.25	2503.125	NaN	NaN	NaN	0	1	1	0	0	0	0	0	0	0	0	0	1	0	0	0	0	1	1	0	1	1	1	0	1	-140.0	0.113	0.308	NaN	NaN	0.269	0.684	NaN	NaN	8.07	23.94	NaN	NaN	0.0	"2.5"	"F0034"	1	0	"PR"	168.611	"deionize"	137.275	0	1	0	0.0	0.0	0.0	null	170.388	0.09
-11.3	0.037125	30375.0	2981.25	2475.0	NaN	NaN	NaN	0	1	1	0	0	0	0	0	0	0	0	0	1	0	0	0	0	1	1	0	1	1	1	0	1	-136.0	0.113	0.305	NaN	NaN	0.269	0.678	NaN	NaN	8.07	23.73	NaN	NaN	0.0	"2.5"	"F0034"	1	0	"PR"	178.45	"deionize"	147.114	0	1	0	0.0	0.0	0.0	null	180.227	0.093
-11.6	0.03575	30000.0	2981.25	2493.75	NaN	NaN	NaN	0	1	1	0	0	0	0	0	0	0	0	0	1	0	0	0	0	1	1	0	1	1	1	0	1	-139.0	0.113	0.307	NaN	NaN	0.269	0.682	NaN	NaN	8.07	23.87	NaN	NaN	0.0	"2.5"	"F0034"	1	0	"PR"	188.484	"deionize"	157.148	0	1	0	0.0	0.0	0.0	null	190.261	0.09
-11.8	0.036025	29625.0	2981.25	2456.25	NaN	NaN	NaN	0	1	1	0	0	0	0	0	0	0	0	0	1	0	0	0	0	1	1	0	1	1	1	0	1	-142.0	0.113	0.304	NaN	NaN	0.269	0.676	NaN	NaN	8.07	23.66	NaN	NaN	0.0	"2.5"	"F0034"	1	0	"PR"	198.516	"deionize"	167.18	0	1	0	0.0	0.0	0.0	null	200.293	0.09
-11.3	0.0352	29625.0	2981.25	2446.875	NaN	NaN	NaN	0	1	1	0	0	0	0	0	0	0	0	0	1	0	0	0	0	1	1	0	1	1	1	0	1	-136.0	0.113	0.303	NaN	NaN	0.269	0.673	NaN	NaN	8.07	23.555	NaN	NaN	0.0	"2.5"	"F0034"	1	0	"PR"	208.554	"deionize"	177.218	0	1	0	0.0	0.0	0.0	null	210.331	0.091
-9.5	0.034925	30000.0	2971.875	2475.0	NaN	NaN	NaN	0	1	1	0	0	0	0	0	0	0	0	0	1	0	0	0	0	1	1	0	1	1	1	0	1	-114.0	0.112	0.305	NaN	NaN	0.267	0.678	NaN	NaN	8.01	23.73	NaN	NaN	0.0	"2.5"	"F0034"	1	0	"PR"	218.588	"deionize"	187.252	0	1	0	0.0	0.0	0.0	null	220.365	0.09
-10.7	0.033825	29812.5	2981.25	2390.625	NaN	NaN	NaN	0	1	1	0	0	0	0	0	0	0	0	0	1	0	0	0	0	1	1	0	1	1	1	0	1	-128.0	0.113	0.297	NaN	NaN	0.269	0.66	NaN	NaN	8.07	23.1	NaN	NaN	0.0	"2.5"	"F0034"	1	0	"PR"	228.623	"deionize"	197.287	0	1	0	0.0	0.0	0.0	null	230.4	0.09
-11.0	0.03355	30000.0	2953.125	2437.5	NaN	NaN	NaN	0	1	1	0	0	0	0	0	0	0	0	0	1	0	0	0	0	1	1	0	1	1	1	0	1	-132.0	0.11	0.302	NaN	NaN	0.262	0.671	NaN	NaN	7.86	23.485	NaN	NaN	0.0	"2.5"	"F0034"	1	0	"PR"	238.662	"deionize"	207.326	0	1	0	0.0	0.0	0.0	null	240.439	0.09
-11.0	0.033	28875.0	2981.25	2428.125	NaN	NaN	NaN	0	1	1	0	0	0	0	0	0	0	0	0	1	0	0	0	0	1	1	0	1	1	1	0	1	-132.0	0.113	0.301	NaN	NaN	0.269	0.669	NaN	NaN	8.07	23.415	NaN	NaN	0.0	"2.5"	"F0034"	1	0	"PR"	248.699	"deionize"	217.363	0	1	0	0.0	0.0	0.0	null	250.476	0.09
-9.5	0.032725	29250.0	2962.5	2493.75	NaN	NaN	NaN	0	1	1	0	0	0	0	0	0	0	0	0	1	0	0	0	0	1	1	0	1	1	1	0	1	-114.0	0.111	0.307	NaN	NaN	0.264	0.682	NaN	NaN	7.92	23.87	NaN	NaN	0.0	"2.5"	"F0034"	1	0	"PR"	258.53	"deionize"	227.194	0	1	0	0.0	0.0	0.0	null	260.307	0.087
-10.6	0.03245	29625.0	2953.125	2475.0	NaN	NaN	NaN	0	1	1	0	0	0	0	0	0	0	0	0	1	0	0	0	0	1	1	0	1	1	1	0	1	-127.0	0.11	0.305	NaN	NaN	0.262	0.678	NaN	NaN	7.86	23.73	NaN	NaN	0.0	"2.5"	"F0034"	1	0	"PR"	268.567	"deionize"	237.231	0	1	0	0.0	0.0	0.0	null	270.344	0.086
-10.2	0.031625	29250.0	2971.875	2503.125	NaN	NaN	NaN	0	1	1	0	0	0	0	0	0	0	0	0	1	0	0	0	1	1	1	0	1	1	1	0	1	-122.0	0.112	0.308	NaN	NaN	0.267	0.684	NaN	NaN	8.01	23.94	NaN	NaN	0.0	"2.5"	"F0034"	1	0	"PR"	278.711	"deionize-uv"	7.336	0	1	0	0.0	0.0	0.0	null	280.488	0.089
-9.4	0.03135	30000.0	2962.5	2400.0	NaN	NaN	NaN	0	1	1	0	0	0	0	0	0	0	0	0	1	0	0	0	1	1	1	0	1	1	1	0	1	-113.0	0.111	0.298	NaN	NaN	0.264	0.662	NaN	NaN	7.92	23.17	NaN	NaN	0.0	"2.5"	"F0034"	1	0	"PR"	288.756	"deionize-uv"	17.381	0	1	0	0.0	0.0	0.0	null	290.533	0.09
-10.2	0.03135	28687.5	2934.375	2475.0	NaN	NaN	NaN	0	1	1	0	0	0	0	0	0	0	0	0	1	0	0	0	1	1	1	0	1	1	1	0	1	-122.0	0.108	0.305	NaN	NaN	0.257	0.678	NaN	NaN	7.71	23.73	NaN	NaN	0.0	"2.5"	"F0034"	1	0	"PR"	298.591	"deionize-uv"	27.216	0	1	0	0.0	0.0	0.0	null	300.368	0.086
-9.8	0.030525	28875.0	2971.875	2390.625	NaN	NaN	NaN	0	1	1	0	0	0	0	0	0	0	0	0	1	0	0	0	1	1	1	0	1	1	1	0	1	-118.0	0.112	0.297	NaN	NaN	0.267	0.66	NaN	NaN	8.01	23.1	NaN	NaN	0.0	"2.5"	"F0034"	1	0	"PR"	308.632	"deionize-uv"	37.257	0	1	0	0.0	0.0	0.0	null	310.409	0.086
-9.2	0.029975	29437.5	2981.25	2418.75	NaN	NaN	NaN	0	1	1	0	0	0	0	0	0	0	0	0	1	0	0	0	1	1	1	0	1	1	1	0	1	-110.0	0.113	0.3	NaN	NaN	0.269	0.667	NaN	NaN	8.07	23.345	NaN	NaN	0.0	"2.5"	"F0034"	1	0	"PR"	318.671	"deionize-uv"	47.296	0	1	0	0.0	0.0	0.0	null	320.448	0.086
-9.3	0.029975	29812.5	2962.5	2428.125	NaN	NaN	NaN	0	1	1	0	0	0	0	0	0	0	0	0	1	0	0	0	1	1	1	0	1	1	1	0	1	-112.0	0.111	0.301	NaN	NaN	0.264	0.669	NaN	NaN	7.92	23.415	NaN	NaN	0.0	"2.5"	"F0034"	1	0	"PR"	328.71	"deionize-uv"	57.335	0	1	0	0.0	0.0	0.0	null	330.487	0.086
-8.8	0.02915	29812.5	2981.25	2437.5	NaN	NaN	NaN	0	1	1	0	0	0	0	0	0	0	0	0	1	0	0	0	1	1	1	0	1	1	1	0	1	-106.0	0.113	0.302	NaN	NaN	0.269	0.671	NaN	NaN	8.07	23.485	NaN	NaN	0.0	"2.5"	"F0034"	1	0	"PR"	338.753	"deionize-uv"	67.378	0	1	0	0.0	0.0	0.0	null	340.53	0.087
-10.2	0.0297	30000.0	2943.75	2465.625	NaN	NaN	NaN	0	1	1	0	0	0	0	0	0	0	0	0	1	0	0	0	1	1	1	0	1	1	1	0	1	-122.0	0.109	0.305	NaN	NaN	0.26	0.678	NaN	NaN	7.8	23.73	NaN	NaN	0.0	"2.5"	"F0034"	1	0	"PR"	348.79	"deionize-uv"	77.415	0	1	0	0.0	0.0	0.0	null	350.567	0.09
-9.8	0.02915	29437.5	2981.25	2409.375	NaN	NaN	NaN	0	1	1	0	0	0	0	0	0	0	0	0	1	0	0	0	1	1	1	0	1	1	1	0	1	-118.0	0.113	0.299	NaN	NaN	0.269	0.664	NaN	NaN	8.07	23.24	NaN	NaN	0.0	"2.5"	"F0034"	1	0	"PR"	358.829	"deionize-uv"	87.454	0	1	0	0.0	0.0	0.0	null	360.606	0.094
-9.1	0.028325	29437.5	2981.25	2400.0	NaN	NaN	NaN	0	1	1	0	0	0	0	0	0	0	0	0	1	0	0	0	1	1	1	0	1	1	1	0	1	-109.0	0.113	0.298	NaN	NaN	0.269	0.662	NaN	NaN	8.07	23.17	NaN	NaN	0.0	"2.5"	"F0034"	1	0	"PR"	368.663	"deionize-uv"	97.288	0	1	0	0.0	0.0	0.0	null	370.44	0.083
-9.2	0.0286	29625.0	2981.25	2465.625	NaN	NaN	NaN	0	1	1	0	0	0	0	0	0	0	0	0	1	0	0	0	1	1	1	0	1	1	1	0	1	-110.0	0.113	0.305	NaN	NaN	0.269	0.678	NaN	NaN	8.07	23.73	NaN	NaN	0.0	"2.5"	"F0034"	1	0	"PR"	378.704	"deionize-uv"	107.329	0	1	0	0.0	0.0	0.0	null	380.481	0.083
-9.0	0.028325	29062.5	2971.875	2409.375	NaN	NaN	NaN	0	1	1	0	0	0	0	0	0	0	0	0	1	0	0	0	1	1	1	0	1	1	1	0	1	-108.0	0.112	0.299	NaN	NaN	0.267	0.664	NaN	NaN	8.01	23.24	NaN	NaN	0.0	"2.5"	"F0034"	1	0	"PR"	388.746	"deionize-uv"	117.371	0	1	0	0.0	0.0	0.0	null	390.523	0.088
-8.0	0.027225	23062.5	2962.5	1921.875	NaN	NaN	NaN	0	0	1	0	0	0	0	1	0	0	0	0	1	0	0	0	1	1	1	0	1	1	1	0	1	-96.0	0.111	0.25	NaN	NaN	0.264	0.556	NaN	NaN	7.92	19.46	NaN	NaN	0.0	"2.5"	"F0034"	1	0	"PR"	398.707	"drain-di-1"	7.15	0	1	0	0.0	0.0	0.0	null	400.484	0.086
-7.4	0.02805	24187.5	2971.875	1678.125	NaN	NaN	NaN	0	0	1	0	0	0	0	1	0	0	0	0	1	0	0	0	1	1	1	0	1	1	1	0	1	-89.0	0.112	0.226	NaN	NaN	0.267	0.502	NaN	NaN	8.01	17.57	NaN	NaN	0.0	"2.5"	"F0034"	1	0	"PR"	408.746	"drain-di-1"	17.189	0	1	0	0.0	0.0	0.0	null	410.523	0.088
-8.9	0.02695	23062.5	2962.5	1415.625	NaN	NaN	NaN	0	0	1	0	0	0	0	1	0	0	0	0	1	0	0	0	1	1	1	0	1	1	1	0	1	-107.0	0.111	0.2	NaN	NaN	0.264	0.444	NaN	NaN	7.92	15.54	NaN	NaN	0.0	"2.5"	"F0034"	1	0	"PR"	418.782	"drain-di-1"	27.225	0	1	0	0.0	0.0	0.0	null	420.559	0.087
-8.8	0.02695	25312.5	2962.5	1162.5	NaN	NaN	NaN	0	0	1	0	0	0	0	1	0	0	0	0	1	0	0	0	1	1	1	0	1	1	1	0	1	-106.0	0.111	0.174	NaN	NaN	0.264	0.387	NaN	NaN	7.92	13.545	NaN	NaN	0.0	"2.5"	"F0034"	1	0	"PR"	428.815	"drain-di-1"	37.258	0	1	0	0.0	0.0	0.0	null	430.592	0.084
-8.4	0.02695	26250.0	2943.75	909.375	NaN	NaN	NaN	0	0	1	0	0	0	0	1	0	0	0	0	1	0	0	0	1	1	1	0	1	1	1	0	1	-101.0	0.109	0.149	NaN	NaN	0.26	0.331	NaN	NaN	7.8	11.585	NaN	NaN	0.0	"2.5"	"F0034"	1	0	"PR"	438.855	"drain-di-1"	47.298	0	1	0	0.0	0.0	0.0	null	440.632	0.088
-9.0	0.027225	21375.0	2962.5	646.875	NaN	NaN	NaN	0	0	1	0	0	0	0	1	0	0	0	0	1	0	0	0	1	1	1	0	1	1	1	0	1	-108.0	0.111	0.123	NaN	NaN	0.264	0.273	NaN	NaN	7.92	9.555	NaN	NaN	0.0	"2.5"	"F0034"	1	0	"PR"	448.887	"drain-di-1"	57.33	0	1	0	0.0	0.0	0.0	null	450.664	0.087
-8.8	0.0264	24937.5	2971.875	412.5	NaN	NaN	NaN	0	0	1	0	0	0	0	1	0	0	0	0	1	0	0	0	1	1	1	0	1	1	1	0	1	-106.0	0.112	0.099	NaN	NaN	0.267	0.22	NaN	NaN	8.01	7.7	NaN	NaN	0.0	"2.5"	"F0034"	1	0	"PR"	458.915	"drain-di-1"	67.358	0	1	0	0.0	0.0	0.0	null	460.692	0.086
-8.4	0.02695	25125.0	2962.5	168.75	NaN	NaN	NaN	0	0	1	0	0	0	0	1	0	0	0	0	1	0	0	0	1	1	1	0	1	1	1	0	1	-101.0	0.111	0.075	NaN	NaN	0.264	0.167	NaN	NaN	7.92	5.845	NaN	NaN	0.0	"2.5"	"F0034"	1	0	"PR"	468.753	"drain-di-1"	77.196	0	1	0	0.0	0.0	0.0	null	470.53	0.085
-9.0	0.0264	25500.0	2971.875	-84.375	NaN	NaN	NaN	0	0	1	0	0	0	0	1	0	0	0	0	1	0	0	0	1	1	1	0	1	1	1	0	1	-108.0	0.112	0.05	NaN	NaN	0.267	0.111	NaN	NaN	8.01	3.885	NaN	NaN	0.0	"2.5"	"F0034"	1	0	"PR"	478.891	"drip-di-1"	6.526	0	1	0	0.0	0.0	0.0	null	480.668	0.087
11.6	0.0264	21187.5	2775.0	-46.875	NaN	NaN	NaN	1	0	0	0	0	1	1	0	0	0	0	0	1	1	0	0	0	1	1	1	0	1	1	1	0	139.0	0.093	0.053	NaN	NaN	0.221	0.118	NaN	NaN	6.63	4.13	NaN	NaN	0.0	"2.5"	"F0034"	1	1	"PR"	488.899	"reverse-f"	1.378	0	1	0	0.0	0.0	0.0	null	490.676	0.083
13.8	0.02805	25125.0	2793.75	140.625	NaN	NaN	NaN	1	0	0	0	0	1	1	0	0	0	0	0	1	1	0	0	0	1	1	1	0	1	1	1	0	166.0	0.094	0.072	NaN	NaN	0.224	0.16	NaN	NaN	6.72	5.6	NaN	NaN	0.0	"2.5"	"F0034"	1	1	"PR"	498.936	"reverse-f"	11.415	0	1	0	0.0	0.0	0.0	null	500.713	0.085
12.7	0.03025	23062.5	2793.75	431.25	NaN	NaN	NaN	1	0	0	0	0	1	1	0	0	0	0	0	1	1	0	0	0	1	1	1	0	1	1	1	0	152.0	0.094	0.101	NaN	NaN	0.224	0.224	NaN	NaN	6.72	7.84	NaN	NaN	0.0	"2.5"	"F0034"	1	1	"PR"	508.978	"reverse-f"	21.457	0	1	0	0.0	0.0	0.0	null	510.755	0.086
12.0	0.033275	23437.5	2821.875	684.375	NaN	NaN	NaN	1	0	0	0	0	1	1	0	0	0	0	0	1	1	0	0	0	1	1	1	0	1	1	1	0	144.0	0.097	0.126	NaN	NaN	0.231	0.28	NaN	NaN	6.93	9.8	NaN	NaN	0.0	"2.5"	"F0034"	1	1	"PR"	518.815	"reverse-f"	31.294	0	1	0	0.0	0.0	0.0	null	520.592	0.083
12.4	0.037675	24000.0	2821.875	956.25	NaN	NaN	NaN	1	0	0	0	0	1	1	0	0	0	0	0	1	1	0	0	0	1	1	1	0	1	1	1	0	149.0	0.097	0.154	NaN	NaN	0.231	0.342	NaN	NaN	6.93	11.97	NaN	NaN	0.0	"2.5"	"F0034"	1	1	"PR"	528.857	"reverse-f"	41.336	0	1	0	0.0	0.0	0.0	null	530.634	0.084
11.9	0.040425	23812.5	2803.125	1256.25	NaN	NaN	NaN	1	0	0	0	0	1	1	0	0	0	0	0	1	1	0	0	0	1	1	1	0	1	1	1	0	143.0	0.095	0.184	NaN	NaN	0.226	0.409	NaN	NaN	6.78	14.315	NaN	NaN	0.0	"2.5"	"F0034"	1	1	"PR"	538.894	"reverse-f"	51.373	0	1	0	0.0	0.0	0.0	null	540.671	0.086
12.9	0.04345	24187.5	2812.5	1546.875	NaN	NaN	NaN	1	0	0	0	0	1	1	0	0	0	0	0	1	1	0	0	0	1	1	1	0	1	1	1	0	155.0	0.096	0.213	NaN	NaN	0.229	0.473	NaN	NaN	6.87	16.555	NaN	NaN	0.0	"2.5"	"F0034"	1	1	"PR"	548.936	"reverse-f"	61.415	0	1	0	0.0	0.0	0.0	null	550.713	0.085
12.2	0.0462	23437.5	2784.375	1818.75	NaN	NaN	NaN	1	0	0	0	0	1	1	0	0	0	0	0	1	1	0	0	0	1	1	1	0	1	1	1	0	146.0	0.093	0.24	NaN	NaN	0.221	0.533	NaN	NaN	6.63	18.655	NaN	NaN	0.0	"2.5"	"F0034"	1	1	"PR"	558.972	"reverse-f"	71.451	0	1	0	0.0	0.0	0.0	null	560.749	0.083
13.4	0.0484	20812.5	2821.875	2081.25	NaN	NaN	NaN	1	0	0	0	0	1	1	0	0	0	0	0	1	1	0	0	0	1	1	1	0	1	1	1	0	161.0	0.097	0.266	NaN	NaN	0.231	0.591	NaN	NaN	6.93	20.685	NaN	NaN	0.0	"2.5"	"F0034"	1	1	"PR"	569.006	"reverse-f"	81.485	0	1	0	0.0	0.0	0.0	null	570.783	0.086
12.7	0.049775	24187.5	2812.5	2278.125	NaN	NaN	NaN	0	0	0	0	0	1	1	0	0	0	0	0	1	0	0	0	0	1	1	1	0	1	1	1	0	152.0	0.096	0.286	NaN	NaN	0.229	0.636	NaN	NaN	6.87	22.26	NaN	NaN	0.0	"2.5"	"F0034"	1	1	"PR"	578.953	"reverse"	91.432	0	1	0	0.0	0.0	0.0	null	580.73	0.085
12.7	0.05115	22125.0	2821.875	2278.125	NaN	NaN	NaN	0	0	0	0	0	1	1	0	0	0	0	0	1	0	0	0	0	1	1	1	0	1	1	1	0	152.0	0.097	0.286	NaN	NaN	0.231	0.636	NaN	NaN	6.93	22.26	NaN	NaN	0.0	"2.5"	"F0034"	1	1	"PR"	588.986	"reverse"	101.465	0	1	0	0.0	0.0	0.0	null	590.763	0.083
12.6	0.05225	21000.0	2831.25	2287.5	NaN	NaN	NaN	0	0	0	0	0	1	1	0	0	0	0	0	1	0	0	0	0	1	1	1	0	1	1	1	0	151.0	0.098	0.287	NaN	NaN	0.233	0.638	NaN	NaN	6.99	22.33	NaN	NaN	0.0	"2.5"	"F0034"	1	1	"PR"	599.023	"reverse"	111.502	0	1	0	0.0	0.0	0.0	null	600.8	0.09
12.6	0.0528	23625.0	2821.875	2287.5	NaN	NaN	NaN	0	0	0	0	0	1	1	0	0	0	0	0	1	0	0	0	0	1	1	1	0	1	1	1	0	151.0	0.097	0.287	NaN	NaN	0.231	0.638	NaN	NaN	6.93	22.33	NaN	NaN	0.0	"2.5"	"F0034"	1	1	"PR"	609.059	"reverse"	121.538	0	1	0	0.0	0.0	0.0	null	610.836	0.084
12.3	0.0539	22500.0	2859.375	2278.125	NaN	NaN	NaN	0	0	0	0	0	1	1	0	0	0	0	0	1	0	0	0	0	1	1	1	0	1	1	1	0	148.0	0.101	0.286	NaN	NaN	0.24	0.636	NaN	NaN	7.2	22.26	NaN	NaN	0.0	"2.5"	"F0034"	1	1	"PR"	619.094	"reverse"	131.573	0	1	0	0.0	0.0	0.0	null	620.871	0.085
13.3	0.0539	25687.5	2803.125	2278.125	NaN	NaN	NaN	0	0	0	0	0	1	1	0	0	0	0	0	1	0	0	0	0	1	1	1	0	1	1	1	0	160.0	0.095	0.286	NaN	NaN	0.226	0.636	NaN	NaN	6.78	22.26	NaN	NaN	0.0	"2.5"	"F0034"	1	1	"PR"	628.928	"reverse"	141.407	0	1	0	0.0	0.0	0.0	null	630.705	0.09
4.8	0.055275	-1125.0	2981.25	2278.125	NaN	NaN	NaN	0	0	0	0	0	0	0	0	0	0	0	0	0	0	0	0	0	0	0	0	1	0	0	0	1	58.0	0.113	0.286	NaN	NaN	0.269	0.636	NaN	NaN	8.07	22.26	NaN	NaN	0.0	"2.5"	"F0034"	0	0	"PR"	639.06	"diffuse"	1.497	0	1	1	0.0	0.0	0.0	null	640.837	0.081
4.0	0.055275	562.5	2971.875	2287.5	NaN	NaN	NaN	0	0	0	0	0	0	0	0	0	0	0	0	0	0	0	0	0	0	0	0	1	0	0	0	1	48.0	0.112	0.287	NaN	NaN	0.267	0.638	NaN	NaN	8.01	22.33	NaN	NaN	0.0	"2.5"	"F0034"	0	0	"PR"	649.092	"diffuse"	11.529	0	1	1	0.0	0.0	0.0	null	650.869	0.083
4.1	0.055275	1875.0	2981.25	2287.5	NaN	NaN	NaN	0	0	0	0	0	0	0	0	0	0	0	0	0	0	0	0	0	0	0	0	1	0	0	0	1	49.0	0.113	0.287	NaN	NaN	0.269	0.638	NaN	NaN	8.07	22.33	NaN	NaN	0.0	"2.5"	"F0034"	0	0	"PR"	659.13	"diffuse"	21.567	0	1	1	0.0	0.0	0.0	null	660.907	0.087
12.5	0.054175	22312.5	2784.375	2278.125	NaN	NaN	NaN	0	0	0	0	0	1	1	0	0	0	0	0	1	0	0	0	0	1	1	1	0	1	1	1	0	150.0	0.093	0.286	NaN	NaN	0.221	0.636	NaN	NaN	6.63	22.26	NaN	NaN	0.0	"2.5"	"F0034"	1	1	"PR"	669.052	"wash-en"	1.289	0	1	1	0.0	0.0	0.0	null	670.829	0.091
12.7	0.055275	24750.0	2812.5	2278.125	NaN	NaN	NaN	0	0	0	0	0	1	1	0	0	0	0	0	1	0	0	0	0	1	1	1	0	1	1	1	0	152.0	0.096	0.286	NaN	NaN	0.229	0.636	NaN	NaN	6.87	22.26	NaN	NaN	0.0	"2.5"	"F0034"	1	1	"PR"	679.091	"wash-en"	11.328	0	1	1	0.0	0.0	0.0	null	680.868	0.086
3.5	0.0572	24187.5	2803.125	2296.875	NaN	NaN	NaN	0	0	0	0	0	1	1	0	0	0	0	0	1	0	0	0	0	0	0	0	1	0	0	0	1	42.0	0.095	0.288	NaN	NaN	0.226	0.64	NaN	NaN	6.78	22.4	NaN	NaN	0.0	"2.5"	"F0034"	0	0	"PR"	689.025	"wash-sc"	1.097	0	1	1	0.0	0.0	0.0	null	690.802	0.091
3.5	0.0572	-2625.0	2990.625	2296.875	NaN	NaN	NaN	0	0	0	0	0	0	0	0	0	0	0	0	0	0	0	0	0	0	0	0	1	0	0	0	1	42.0	0.114	0.288	NaN	NaN	0.271	0.64	NaN	NaN	8.13	22.4	NaN	NaN	0.0	"2.5"	"F0034"	0	0	"PR"	699.063	"diffuse"	1.002	0	1	2	0.0	0.0	0.0	null	700.84	0.089
3.5	0.0583	187.5	3000.0	2287.5	NaN	NaN	NaN	0	0	0	0	0	0	0	0	0	0	0	0	0	0	0	0	0	0	0	0	1	0	0	0	1	42.0	0.115	0.287	NaN	NaN	0.274	0.638	NaN	NaN	8.22	22.33	NaN	NaN	0.0	"2.5"	"F0034"	0	0	"PR"	709.099	"diffuse"	11.038	0	1	2	0.0	0.0	0.0	null	710.876	0.089
3.7	0.058025	375.0	2981.25	2278.125	NaN	NaN	NaN	0	0	0	0	0	0	0	0	0	0	0	0	0	0	0	0	0	0	0	0	1	0	0	0	1	44.0	0.113	0.286	NaN	NaN	0.269	0.636	NaN	NaN	8.07	22.26	NaN	NaN	0.0	"2.5"	"F0034"	0	0	"PR"	719.138	"diffuse"	21.077	0	1	2	0.0	0.0	0.0	null	720.915	0.088
11.9	0.05775	14625.0	2868.75	2278.125	NaN	NaN	NaN	0	0	0	0	0	1	1	0	0	0	0	0	1	0	0	0	0	1	1	1	0	1	1	1	0	143.0	0.102	0.286	NaN	NaN	0.243	0.636	NaN	NaN	7.29	22.26	NaN	NaN	0.0	"2.5"	"F0034"	1	1	"PR"	729.067	"wash-en"	0.895	0	1	2	0.0	0.0	0.0	null	730.844	0.086
12.3	0.05775	21937.5	2821.875	2268.75	NaN	NaN	NaN	0	0	0	0	0	1	1	0	0	0	0	0	1	0	0	0	0	1	1	1	0	1	1	1	0	148.0	0.097	0.285	NaN	NaN	0.231	0.633	NaN	NaN	6.93	22.155	NaN	NaN	0.0	"2.5"	"F0034"	1	1	"PR"	739.104	"wash-en"	10.932	0	1	2	0.0	0.0	0.0	null	740.881	0.089
2.1	0.058575	23812.5	2850.0	2287.5	NaN	NaN	NaN	0	0	0	0	0	1	1	0	0	0	0	0	1	0	0	0	0	0	0	0	1	0	0	0	1	25.0	0.1	0.287	NaN	NaN	0.238	0.638	NaN	NaN	7.14	22.33	NaN	NaN	0.0	"2.5"	"F0034"	0	0	"PR"	749.237	"wash-sc"	0.897	0	1	2	0.0	0.0	0.0	null	751.014	0.088
2.8	0.05885	1125.0	3028.125	2315.625	NaN	NaN	NaN	0	0	0	0	0	0	0	0	0	0	0	0	0	0	0	0	0	0	0	0	1	0	0	0	1	34.0	0.118	0.29	NaN	NaN	0.281	0.644	NaN	NaN	8.43	22.54	NaN	NaN	0.0	"2.5"	"F0034"	0	0	"PR"	759.069	"diffuse"	0.602	0	1	3	0.0	0.0	0.0	null	760.846	0.087
3.3	0.05885	937.5	3009.375	2287.5	NaN	NaN	NaN	0	0	0	0	0	0	0	0	0	0	0	0	0	0	0	0	0	0	0	0	1	0	0	0	1	40.0	0.116	0.287	NaN	NaN	0.276	0.638	NaN	NaN	8.28	22.33	NaN	NaN	0.0	"2.5"	"F0034"	0	0	"PR"	769.107	"diffuse"	10.64	0	1	3	0.0	0.0	0.0	null	770.884	0.09
2.8	0.05885	1500.0	3009.375	2315.625	NaN	NaN	NaN	0	0	0	0	0	0	0	0	0	0	0	0	0	0	0	0	0	0	0	0	1	0	0	0	1	34.0	0.116	0.29	NaN	NaN	0.276	0.644	NaN	NaN	8.28	22.54	NaN	NaN	0.0	"2.5"	"F0034"	0	0	"PR"	779.147	"diffuse"	20.68	0	1	3	0.0	0.0	0.0	null	780.924	0.091
12.1	0.058575	4312.5	2540.625	2278.125	NaN	NaN	NaN	0	0	0	0	0	1	1	0	0	0	0	0	1	0	0	0	0	1	1	1	0	1	1	1	0	145.0	0.069	0.286	NaN	NaN	0.164	0.636	NaN	NaN	4.92	22.26	NaN	NaN	0.0	"2.5"	"F0034"	1	1	"PR"	789.275	"wash-en"	0.692	0	1	3	0.0	0.0	0.0	null	791.052	0.083
11.2	0.05885	24187.5	2821.875	2278.125	NaN	NaN	NaN	0	0	0	0	0	1	1	0	0	0	0	0	1	0	0	0	0	1	1	1	0	1	1	1	0	134.0	0.097	0.286	NaN	NaN	0.231	0.636	NaN	NaN	6.93	22.26	NaN	NaN	0.0	"2.5"	"F0034"	1	1	"PR"	799.113	"wash-en"	10.53	0	1	3	0.0	0.0	0.0	null	800.89	0.086
11.8	0.05885	24000.0	2803.125	2278.125	NaN	NaN	NaN	0	0	0	0	0	1	1	0	0	0	0	0	1	0	0	0	0	0	0	0	1	0	0	0	1	142.0	0.095	0.286	NaN	NaN	0.226	0.636	NaN	NaN	6.78	22.26	NaN	NaN	0.0	"2.5"	"F0034"	0	0	"PR"	808.955	"wash-sc"	0.201	0	1	3	0.0	0.0	0.0	null	810.732	0.091
1.8	0.059125	22125.0	2812.5	2278.125	NaN	NaN	NaN	0	0	0	0	0	0	0	0	0	0	0	0	0	0	0	0	0	0	0	0	1	0	0	0	1	22.0	0.096	0.286	NaN	NaN	0.229	0.636	NaN	NaN	6.87	22.26	NaN	NaN	0.0	"2.5"	"F0034"	0	0	"PR"	819.086	"diffuse"	0.201	0	1	4	0.0	0.0	0.0	null	820.863	0.087
2.0	0.059125	375.0	2990.625	2315.625	NaN	NaN	NaN	0	0	0	0	0	0	0	0	0	0	0	0	0	0	0	0	0	0	0	0	1	0	0	0	1	24.0	0.114	0.29	NaN	NaN	0.271	0.644	NaN	NaN	8.13	22.54	NaN	NaN	0.0	"2.5"	"F0034"	0	0	"PR"	829.125	"diffuse"	10.24	0	1	4	0.0	0.0	0.0	null	830.902	0.086
2.2	0.059125	0.0	2981.25	2287.5	NaN	NaN	NaN	0	0	0	0	0	0	0	0	0	0	0	0	0	0	0	0	0	0	0	0	1	0	0	0	1	26.0	0.113	0.287	NaN	NaN	0.269	0.638	NaN	NaN	8.07	22.33	NaN	NaN	0.0	"2.5"	"F0034"	0	0	"PR"	839.161	"diffuse"	20.276	0	1	4	0.0	0.0	0.0	null	840.938	0.086
2.0	0.059125	187.5	2981.25	2296.875	NaN	NaN	NaN	0	0	0	0	0	1	1	0	0	0	0	0	1	0	0	0	0	1	1	1	0	1	1	1	0	24.0	0.113	0.288	NaN	NaN	0.269	0.64	NaN	NaN	8.07	22.4	NaN	NaN	0.0	"2.5"	"F0034"	1	1	"PR"	849.199	"wash-en"	0.201	0	1	4	0.0	0.0	0.0	null	850.976	0.092
12.1	0.058575	24562.5	2803.125	2259.375	NaN	NaN	NaN	0	0	0	0	0	1	1	0	0	0	0	0	1	0	0	0	0	1	1	1	0	1	1	1	0	145.0	0.095	0.284	NaN	NaN	0.226	0.631	NaN	NaN	6.78	22.085	NaN	NaN	0.0	"2.5"	"F0034"	1	1	"PR"	859.334	"wash-en"	10.336	0	1	4	0.0	0.0	0.0	null	861.111	0.091
11.9	0.0594	24750.0	2812.5	2278.125	NaN	NaN	NaN	0	0	0	0	0	1	1	0	0	0	0	0	1	0	0	0	0	1	1	1	0	1	1	1	0	143.0	0.096	0.286	NaN	NaN	0.229	0.636	NaN	NaN	6.87	22.26	NaN	NaN	0.0	"2.5"	"F0034"	1	1	"PR"	869.172	"wash-en"	20.174	0	1	4	0.0	0.0	0.0	null	870.949	0.083
1.5	0.059675	23625.0	2859.375	2287.5	NaN	NaN	NaN	0	0	0	0	0	1	1	0	0	0	0	0	1	0	0	0	0	0	0	0	1	0	0	0	1	18.0	0.101	0.287	NaN	NaN	0.24	0.638	NaN	NaN	7.2	22.33	NaN	NaN	0.0	"2.5"	"F0034"	0	0	"PR"	879.292	"wash-sc"	10.12	0	1	4	0.0	0.0	0.0	null	881.069	0.086
2.1	0.05995	-1687.5	2418.75	2287.5	NaN	NaN	NaN	0	0	0	0	1	0	0	0	0	0	0	0	0	0	0	0	0	0	0	0	1	0	0	0	1	25.0	0.057	0.287	NaN	NaN	0.136	0.638	NaN	NaN	4.08	22.33	NaN	NaN	0.0	"2.5"	"F0034"	0	0	"PR"	889.329	"drain-rg"	10.037	0	1	4	0.0	0.0	0.0	null	891.106	0.09
2.0	0.059675	-562.5	2081.25	2296.875	NaN	NaN	NaN	0	0	0	0	1	0	0	0	0	0	0	0	0	0	0	0	0	0	0	0	1	0	0	0	1	24.0	0.023	0.288	NaN	NaN	0.055	0.64	NaN	NaN	1.65	22.4	NaN	NaN	0.0	"2.5"	"F0034"	0	0	"PR"	899.365	"drain-rg"	20.073	0	1	4	0.0	0.0	0.0	null	901.142	0.089
2.0	0.0594	-1500.0	1668.75	2287.5	NaN	NaN	NaN	0	0	0	0	1	0	0	0	0	0	0	0	0	0	0	0	0	0	0	0	1	0	0	0	1	24.0	-0.018	0.287	NaN	NaN	-0.043	0.638	NaN	NaN	-1.29	22.33	NaN	NaN	0.0	"2.5"	"F0034"	0	0	"PR"	909.405	"drip-rg"	3.214	0	1	4	0.0	0.0	0.0	null	911.182	0.089
2.0	0.0594	-375.0	9.375	2287.5	NaN	NaN	NaN	0	0	0	0	1	0	0	0	0	0	0	0	0	0	0	0	0	0	0	0	1	0	0	0	1	24.0	-0.184	0.287	NaN	NaN	-0.438	0.638	NaN	NaN	-13.14	22.33	NaN	NaN	0.0	"2.5"	"F0034"	0	0	"PR"	919.247	"drip-rg"	13.056	0	1	4	0.0	0.0	0.0	null	921.024	0.086
1.5	0.059675	23062.5	1828.125	2137.5	NaN	NaN	NaN	0	0	1	0	0	1	0	0	0	0	0	0	1	0	0	0	0	0	0	0	1	0	0	0	1	18.0	-0.002	0.272	NaN	NaN	-0.005	0.604	NaN	NaN	-0.15	21.14	NaN	NaN	0.0	"2.5"	"F0034"	0	0	"FR"	7.25	"fill-rg-di"	7.049	1	1	0	923.232	0.0	0.0	null	931.106	0.083
2.3	0.05885	24187.5	2193.75	1875.0	NaN	NaN	NaN	0	0	1	0	0	1	0	0	0	0	0	0	1	0	0	0	0	0	0	0	1	0	0	0	1	28.0	0.034	0.245	NaN	NaN	0.081	0.544	NaN	NaN	2.43	19.04	NaN	NaN	0.0	"2.5"	"F0034"	0	0	"FR"	17.288	"fill-rg-di"	17.087	1	1	0	923.232	0.0	0.0	null	941.144	0.086
2.2	0.057475	24000.0	2512.5	1593.75	NaN	NaN	NaN	0	0	1	0	0	1	0	0	0	0	0	0	1	0	0	0	0	0	0	0	1	0	0	0	1	26.0	0.066	0.217	NaN	NaN	0.157	0.482	NaN	NaN	4.71	16.87	NaN	NaN	0.0	"2.5"	"F0034"	0	0	"FR"	27.328	"fill-rg-di"	27.127	1	1	0	923.232	0.0	0.0	null	951.184	0.086
1.7	0.05555	24375.0	2840.625	1359.375	NaN	NaN	NaN	0	0	1	0	0	1	0	0	0	0	0	0	1	0	0	0	0	0	0	0	1	0	0	0	1	20.0	0.099	0.194	NaN	NaN	0.236	0.431	NaN	NaN	7.08	15.085	NaN	NaN	0.0	"2.5"	"F0034"	0	0	"FR"	37.369	"fill-rg-di"	37.168	1	1	0	923.232	0.0	0.0	null	961.225	0.088
2.5	0.05335	24562.5	3121.875	1106.25	NaN	NaN	NaN	0	0	1	0	0	1	0	0	0	0	0	0	1	0	0	0	0	0	0	0	1	0	0	0	1	30.0	0.127	0.169	NaN	NaN	0.302	0.376	NaN	NaN	9.06	13.16	NaN	NaN	0.0	"2.5"	"F0034"	0	0	"FR"	47.208	"fill-rg-di"	47.007	1	1	0	923.232	0.0	0.0	null	971.064	0.086
2.2	0.053075	1500.0	2840.625	1021.875	NaN	NaN	NaN	0	0	0	0	1	0	0	0	0	0	0	0	0	0	0	0	0	0	0	0	1	0	0	0	1	26.0	0.099	0.16	NaN	NaN	0.236	0.356	NaN	NaN	7.08	12.46	NaN	NaN	0.0	"2.5"	"F0034"	0	0	"FR"	57.246	"drain-rg"	5.621	1	1	0	923.232	0.0	0.0	null	981.102	0.084
2.4	0.053075	1125.0	2493.75	993.75	NaN	NaN	NaN	0	0	0	0	1	0	0	0	0	0	0	0	0	0	0	0	0	0	0	0	1	0	0	0	1	29.0	0.064	0.157	NaN	NaN	0.152	0.349	NaN	NaN	4.56	12.215	NaN	NaN	0.0	"2.5"	"F0034"	0	0	"FR"	67.282	"drain-rg"	15.657	1	1	0	923.232	0.0	0.0	null	991.138	0.084
2.1	0.0528	1125.0	2193.75	993.75	NaN	NaN	NaN	0	0	0	0	1	0	0	0	0	0	0	0	0	0	0	0	0	0	0	0	1	0	0	0	1	25.0	0.034	0.157	NaN	NaN	0.081	0.349	NaN	NaN	2.43	12.215	NaN	NaN	0.0	"2.5"	"F0034"	0	0	"FR"	77.323	"drain-rg"	25.698	1	1	0	923.232	0.0	0.0	null	1001.179	0.083
2.1	0.053075	1125.0	1809.375	1012.5	NaN	NaN	NaN	0	0	0	0	1	0	0	0	0	0	0	0	0	0	0	0	0	0	0	0	1	0	0	0	1	25.0	-0.004	0.159	NaN	NaN	-0.01	0.353	NaN	NaN	-0.3	12.355	NaN	NaN	0.0	"2.5"	"F0034"	0	0	"FR"	87.365	"drip-rg"	1.205	1	1	0	923.232	0.0	0.0	null	1011.221	0.088
2.9	0.05335	1500.0	-28.125	993.75	NaN	NaN	NaN	0	0	0	0	1	0	0	0	0	0	0	0	0	0	0	0	0	0	0	0	1	0	0	0	1	35.0	-0.188	0.157	NaN	NaN	-0.448	0.349	NaN	NaN	-13.44	12.215	NaN	NaN	0.0	"2.5"	"F0034"	0	0	"FR"	97.401	"drip-rg"	11.241	1	1	0	923.232	0.0	0.0	null	1021.257	0.086
1.8	0.053075	23437.5	1696.875	900.0	NaN	NaN	NaN	0	0	1	0	0	1	0	0	0	0	0	0	1	0	0	0	0	0	0	0	1	0	0	0	1	22.0	-0.015	0.148	NaN	NaN	-0.036	0.329	NaN	NaN	-1.08	11.515	NaN	NaN	0.0	"2.5"	"F0034"	0	0	"PR"	5.24	"fill-rg-di"	5.039	1	0	0	923.232	0.0	1025.273	null	1031.136	0.084
1.8	0.0517	22687.5	2118.75	628.125	NaN	NaN	NaN	0	0	1	0	0	1	0	0	0	0	0	0	1	0	0	0	0	0	0	0	1	0	0	0	1	22.0	0.027	0.121	NaN	NaN	0.064	0.269	NaN	NaN	1.92	9.415	NaN	NaN	0.0	"2.5"	"F0034"	0	0	"PR"	15.275	"fill-rg-di"	15.074	1	0	0	923.232	0.0	1025.273	null	1041.171	0.084
0.6	0.050875	24750.0	2446.875	365.625	NaN	NaN	NaN	0	0	1	0	0	1	0	0	0	0	0	0	1	0	0	0	0	0	0	0	1	0	0	0	1	7.0	0.06	0.095	NaN	NaN	0.143	0.211	NaN	NaN	4.29	7.385	NaN	NaN	0.0	"2.5"	"F0034"	0	0	"PR"	25.311	"fill-rg-di"	25.11	1	0	0	923.232	0.0	1025.273	null	1051.207	0.086
2.2	0.049225	22500.0	2746.875	112.5	NaN	NaN	NaN	0	0	1	0	0	1	0	0	0	0	0	0	1	0	0	0	0	0	0	0	1	0	0	0	1	26.0	0.09	0.069	NaN	NaN	0.214	0.153	NaN	NaN	6.42	5.355	NaN	NaN	0.0	"2.5"	"F0034"	0	0	"PR"	35.344	"fill-rg-di"	35.143	1	0	0	923.232	0.0	1025.273	null	1061.24	0.083
2.4	0.0484	1125.0	2793.75	290.625	NaN	NaN	NaN	1	0	0	0	0	0	0	0	0	0	0	0	0	1	0	0	0	0	0	0	1	0	0	0	1	29.0	0.094	0.087	NaN	NaN	0.224	0.193	NaN	NaN	6.72	6.755	NaN	NaN	0.0	"2.5"	"F0034"	0	0	"PR"	45.383	"fill-di-lb"	8.233	1	0	0	923.232	0.0	1025.273	null	1071.279	0.083
1.3	0.0484	562.5	2784.375	562.5	NaN	NaN	NaN	1	0	0	0	0	0	0	0	0	0	0	0	0	1	0	0	0	0	0	0	1	0	0	0	1	16.0	0.093	0.114	NaN	NaN	0.221	0.253	NaN	NaN	6.63	8.855	NaN	NaN	0.0	"2.5"	"F0034"	0	0	"PR"	55.421	"fill-di-lb"	18.271	1	0	0	923.232	0.0	1025.273	null	1081.317	0.085
1.3	0.0484	937.5	2803.125	881.25	NaN	NaN	NaN	1	0	0	0	0	0	0	0	0	0	0	0	0	1	0	0	0	0	0	0	1	0	0	0	1	16.0	0.095	0.146	NaN	NaN	0.226	0.324	NaN	NaN	6.78	11.34	NaN	NaN	0.0	"2.5"	"F0034"	0	0	"PR"	65.457	"fill-di-lb"	28.307	1	0	0	923.232	0.0	1025.273	null	1091.353	0.086
3.7	0.0484	1312.5	2803.125	1134.375	NaN	NaN	NaN	1	0	0	0	0	0	0	0	0	0	0	0	0	1	0	0	0	0	0	0	1	0	0	0	1	44.0	0.095	0.171	NaN	NaN	0.226	0.38	NaN	NaN	6.78	13.3	NaN	NaN	0.0	"2.5"	"F0034"	0	0	"PR"	75.493	"fill-di-lb"	38.343	1	0	0	923.232	0.0	1025.273	null	1101.389	0.083
1.8	0.048125	1500.0	2793.75	1406.25	NaN	NaN	NaN	1	0	0	0	0	0	0	0	0	0	0	0	0	1	0	0	0	0	0	0	1	0	0	0	1	22.0	0.094	0.199	NaN	NaN	0.224	0.442	NaN	NaN	6.72	15.47	NaN	NaN	0.0	"2.5"	"F0034"	0	0	"PR"	85.333	"fill-di-lb"	48.183	1	0	0	923.232	0.0	1025.273	null	1111.229	0.087
0.6	0.048125	2812.5	2812.5	1650.0	NaN	NaN	NaN	1	0	0	0	0	0	0	0	0	0	0	0	0	1	0	0	0	0	0	0	1	0	0	0	1	7.0	0.096	0.223	NaN	NaN	0.229	0.496	NaN	NaN	6.87	17.36	NaN	NaN	0.0	"2.5"	"F0034"	0	0	"PR"	95.365	"fill-di-lb"	58.215	1	0	0	923.232	0.0	1025.273	null	1121.261	0.083
1.2	0.0484	3000.0	2803.125	1950.0	NaN	NaN	NaN	1	0	0	0	0	0	0	0	0	0	0	0	0	1	0	0	0	0	0	0	1	0	0	0	1	14.0	0.095	0.253	NaN	NaN	0.226	0.562	NaN	NaN	6.78	19.67	NaN	NaN	0.0	"2.5"	"F0034"	0	0	"PR"	105.403	"fill-di-lb"	68.253	1	0	0	923.232	0.0	1025.273	null	1131.299	0.086
1.6	0.0484	937.5	2812.5	2221.875	NaN	NaN	NaN	1	0	0	0	0	0	0	0	0	0	0	0	0	1	0	0	0	0	0	0	1	0	0	0	1	19.0	0.096	0.28	NaN	NaN	0.229	0.622	NaN	NaN	6.87	21.77	NaN	NaN	0.0	"2.5"	"F0034"	0	0	"PR"	115.438	"fill-di-lb"	78.288	1	0	0	923.232	0.0	1025.273	null	1141.334	0.086
1.4	0.0473	2812.5	2981.25	2221.875	NaN	NaN	NaN	1	0	0	0	0	0	0	0	0	0	0	0	0	1	0	0	0	0	0	0	1	0	0	0	1	17.0	0.113	0.28	NaN	NaN	0.269	0.622	NaN	NaN	8.07	21.77	NaN	NaN	0.0	"2.5"	"F0034"	0	0	"PR"	125.472	"fill-di"	3.613	1	0	0	923.232	0.0	1025.273	null	1151.368	0.083
12.7	0.04675	30000.0	2962.5	2521.875	NaN	NaN	NaN	0	1	1	0	0	0	0	0	0	0	0	0	1	0	0	0	0	1	1	1	0	1	1	1	0	152.0	0.111	0.31	NaN	NaN	0.264	0.689	NaN	NaN	7.92	24.115	NaN	NaN	0.0	"2.5"	"F0034"	1	1	"PR"	135.51	"deionize"	9.034	1	1	0	923.232	0.0	1025.273	null	1161.406	0.084
11.9	0.0462	30000.0	2962.5	2512.5	NaN	NaN	NaN	0	1	1	0	0	0	0	0	0	0	0	0	1	0	0	0	0	1	1	1	0	1	1	1	0	143.0	0.111	0.309	NaN	NaN	0.264	0.687	NaN	NaN	7.92	24.045	NaN	NaN	0.0	"2.5"	"F0034"	1	1	"PR"	145.545	"deionize"	19.069	1	1	0	923.232	0.0	1025.273	null	1171.441	0.084
12.1	0.04455	30187.5	2962.5	2550.0	NaN	NaN	NaN	0	1	1	0	0	0	0	0	0	0	0	0	1	0	0	0	0	1	1	1	0	1	1	1	0	145.0	0.111	0.313	NaN	NaN	0.264	0.696	NaN	NaN	7.92	24.36	NaN	NaN	0.0	"2.5"	"F0034"	1	1	"PR"	155.578	"deionize"	29.102	1	1	0	923.232	0.0	1025.273	null	1181.474	0.084
12.0	0.044	29437.5	2953.125	2531.25	NaN	NaN	NaN	0	1	1	0	0	0	0	0	0	0	0	0	1	0	0	0	0	1	1	1	0	1	1	1	0	144.0	0.11	0.311	NaN	NaN	0.262	0.691	NaN	NaN	7.86	24.185	NaN	NaN	0.0	"2.5"	"F0034"	1	1	"PR"	165.616	"deionize"	39.14	1	1	0	923.232	0.0	1025.273	null	1191.512	0.085
12.4	0.0429	30000.0	2971.875	2568.75	NaN	NaN	NaN	0	1	1	0	0	0	0	0	0	0	0	0	1	0	0	0	0	1	1	1	0	1	1	1	0	149.0	0.112	0.315	NaN	NaN	0.267	0.7	NaN	NaN	8.01	24.5	NaN	NaN	0.0	"2.5"	"F0034"	1	1	"PR"	175.452	"deionize"	48.976	1	1	0	923.232	0.0	1025.273	null	1201.348	0.09
12.6	0.0418	28875.0	2953.125	2512.5	NaN	NaN	NaN	0	1	1	0	0	0	0	0	0	0	0	0	1	0	0	0	0	1	1	1	0	1	1	1	0	151.0	0.11	0.309	NaN	NaN	0.262	0.687	NaN	NaN	7.86	24.045	NaN	NaN	0.0	"2.5"	"F0034"	1	1	"PR"	185.485	"deionize"	59.009	1	1	0	923.232	0.0	1025.273	null	1211.381	0.087
12.6	0.040425	29812.5	2962.5	2540.625	NaN	NaN	NaN	0	1	1	0	0	0	0	0	0	0	0	0	1	0	0	0	0	1	1	1	0	1	1	1	0	151.0	0.111	0.312	NaN	NaN	0.264	0.693	NaN	NaN	7.92	24.255	NaN	NaN	0.0	"2.5"	"F0034"	1	1	"PR"	195.521	"deionize"	69.045	1	1	0	923.232	0.0	1025.273	null	1221.417	0.091
12.6	0.0407	30187.5	2981.25	2540.625	NaN	NaN	NaN	0	1	1	0	0	0	0	0	0	0	0	0	1	0	0	0	0	1	1	1	0	1	1	1	0	151.0	0.113	0.312	NaN	NaN	0.269	0.693	NaN	NaN	8.07	24.255	NaN	NaN	0.0	"2.5"	"F0034"	1	1	"PR"	205.552	"deionize"	79.076	1	1	0	923.232	0.0	1025.273	null	1231.448	0.09
12.3	0.039875	30000.0	3000.0	2446.875	NaN	NaN	NaN	0	1	1	0	0	0	0	0	0	0	0	0	1	0	0	0	0	1	1	1	0	1	1	1	0	148.0	0.115	0.303	NaN	NaN	0.274	0.673	NaN	NaN	8.22	23.555	NaN	NaN	0.0	"2.5"	"F0034"	1	1	"PR"	215.585	"deionize"	89.109	1	1	0	923.232	0.0	1025.273	null	1241.481	0.086
11.6	0.039325	29625.0	2971.875	2446.875	NaN	NaN	NaN	0	1	1	0	0	0	0	0	0	0	0	0	1	0	0	0	0	1	1	1	0	1	1	1	0	139.0	0.112	0.303	NaN	NaN	0.267	0.673	NaN	NaN	8.01	23.555	NaN	NaN	0.0	"2.5"	"F0034"	1	1	"PR"	225.624	"deionize"	99.148	1	1	0	923.232	0.0	1025.273	null	1251.52	0.086
12.4	0.039325	30000.0	2990.625	2465.625	NaN	NaN	NaN	0	1	1	0	0	0	0	0	0	0	0	0	1	0	0	0	0	1	1	1	0	1	1	1	0	149.0	0.114	0.305	NaN	NaN	0.271	0.678	NaN	NaN	8.13	23.73	NaN	NaN	0.0	"2.5"	"F0034"	1	1	"PR"	235.655	"deionize"	109.179	1	1	0	923.232	0.0	1025.273	null	1261.551	0.084
12.0	0.038225	30000.0	2971.875	2475.0	NaN	NaN	NaN	0	1	1	0	0	0	0	0	0	0	0	0	1	0	0	0	0	1	1	1	0	1	1	1	0	144.0	0.112	0.305	NaN	NaN	0.267	0.678	NaN	NaN	8.01	23.73	NaN	NaN	0.0	"2.5"	"F0034"	1	1	"PR"	245.688	"deionize"	119.212	1	1	0	923.232	0.0	1025.273	null	1271.584	0.084
14.1	0.038225	29437.5	2981.25	2418.75	NaN	NaN	NaN	0	1	1	0	0	0	0	0	0	0	0	0	1	0	0	0	0	1	1	1	0	1	1	1	0	169.0	0.113	0.3	NaN	NaN	0.269	0.667	NaN	NaN	8.07	23.345	NaN	NaN	0.0	"2.5"	"F0034"	1	1	"PR"	255.526	"deionize"	129.05	1	1	0	923.232	0.0	1025.273	null	1281.422	0.092
11.9	0.037125	29625.0	2981.25	2475.0	NaN	NaN	NaN	0	1	1	0	0	0	0	0	0	0	0	0	1	0	0	0	0	1	1	1	0	1	1	1	0	143.0	0.113	0.305	NaN	NaN	0.269	0.678	NaN	NaN	8.07	23.73	NaN	NaN	0.0	"2.5"	"F0034"	1	1	"PR"	265.558	"deionize"	139.082	1	1	0	923.232	0.0	1025.273	null	1291.454	0.09
12.3	0.037125	30187.5	2981.25	2418.75	NaN	NaN	NaN	0	1	1	0	0	0	0	0	0	0	0	0	1	0	0	0	0	1	1	1	0	1	1	1	0	148.0	0.113	0.3	NaN	NaN	0.269	0.667	NaN	NaN	8.07	23.345	NaN	NaN	0.0	"2.5"	"F0034"	1	1	"PR"	275.591	"deionize"	149.115	1	1	0	923.232	0.0	1025.273	null	1301.487	0.09
12.7	0.03685	30187.5	2943.75	2418.75	NaN	NaN	NaN	0	1	1	0	0	0	0	0	0	0	0	0	1	0	0	0	0	1	1	1	0	1	1	1	0	152.0	0.109	0.3	NaN	NaN	0.26	0.667	NaN	NaN	7.8	23.345	NaN	NaN	0.0	"2.5"	"F0034"	1	1	"PR"	285.63	"deionize"	159.154	1	1	0	923.232	0.0	1025.273	null	1311.526	0.089
12.9	0.037125	30375.0	2962.5	2437.5	NaN	NaN	NaN	0	1	1	0	0	0	0	0	0	0	0	0	1	0	0	0	0	1	1	1	0	1	1	1	0	155.0	0.111	0.302	NaN	NaN	0.264	0.671	NaN	NaN	7.92	23.485	NaN	NaN	0.0	"2.5"	"F0034"	1	1	"PR"	295.666	"deionize"	169.19	1	1	0	923.232	0.0	1025.273	null	1321.562	0.09
12.3	0.0363	29812.5	2962.5	2418.75	NaN	NaN	NaN	0	1	1	0	0	0	0	0	0	0	0	0	1	0	0	0	0	1	1	1	0	1	1	1	0	148.0	0.111	0.3	NaN	NaN	0.264	0.667	NaN	NaN	7.92	23.345	NaN	NaN	0.0	"2.5"	"F0034"	1	1	"PR"	305.701	"deionize"	179.225	1	1	0	923.232	0.0	1025.273	null	1331.597	0.09
12.6	0.036025	29250.0	2981.25	2390.625	NaN	NaN	NaN	0	1	1	0	0	0	0	0	0	0	0	0	1	0	0	0	0	1	1	1	0	1	1	1	0	151.0	0.113	0.297	NaN	NaN	0.269	0.66	NaN	NaN	8.07	23.1	NaN	NaN	0.0	"2.5"	"F0034"	1	1	"PR"	315.737	"deionize"	189.261	1	1	0	923.232	0.0	1025.273	null	1341.633	0.091
12.6	0.035475	30000.0	2981.25	2484.375	NaN	NaN	NaN	0	1	1	0	0	0	0	0	0	0	0	0	1	0	0	0	0	1	1	1	0	1	1	1	0	151.0	0.113	0.306	NaN	NaN	0.269	0.68	NaN	NaN	8.07	23.8	NaN	NaN	0.0	"2.5"	"F0034"	1	1	"PR"	325.771	"deionize"	199.295	1	1	0	923.232	0.0	1025.273	null	1351.667	0.087
11.2	0.034925	30000.0	2934.375	2390.625	NaN	NaN	NaN	0	1	1	0	0	0	0	0	0	0	0	0	1	0	0	0	0	1	1	1	0	1	1	1	0	134.0	0.108	0.297	NaN	NaN	0.257	0.66	NaN	NaN	7.71	23.1	NaN	NaN	0.0	"2.5"	"F0034"	1	1	"PR"	335.606	"deionize"	209.13	1	1	0	923.232	0.0	1025.273	null	1361.502	0.091
12.4	0.034925	30187.5	2971.875	2418.75	NaN	NaN	NaN	0	1	1	0	0	0	0	0	0	0	0	0	1	0	0	0	0	1	1	1	0	1	1	1	0	149.0	0.112	0.3	NaN	NaN	0.267	0.667	NaN	NaN	8.01	23.345	NaN	NaN	0.0	"2.5"	"F0034"	1	1	"PR"	345.647	"deionize"	219.171	1	1	0	923.232	0.0	1025.273	null	1371.543	0.09
14.8	0.034375	29250.0	2962.5	2428.125	NaN	NaN	NaN	0	1	1	0	0	0	0	0	0	0	0	0	1	0	0	0	0	1	1	1	0	1	1	1	0	178.0	0.111	0.301	NaN	NaN	0.264	0.669	NaN	NaN	7.92	23.415	NaN	NaN	0.0	"2.5"	"F0034"	1	1	"PR"	355.677	"deionize"	229.201	1	1	0	923.232	0.0	1025.273	null	1381.573	0.09
13.0	0.034375	29625.0	2962.5	2465.625	NaN	NaN	NaN	0	1	1	0	0	0	0	0	0	0	0	0	1	0	0	0	0	1	1	1	0	1	1	1	0	156.0	0.111	0.305	NaN	NaN	0.264	0.678	NaN	NaN	7.92	23.73	NaN	NaN	0.0	"2.5"	"F0034"	1	1	"PR"	365.711	"deionize"	239.235	1	1	0	923.232	0.0	1025.273	null	1391.607	0.088
12.0	0.033	29250.0	2971.875	2353.125	NaN	NaN	NaN	0	1	1	0	0	0	0	0	0	0	0	0	1	0	0	0	1	1	1	1	0	1	1	1	0	144.0	0.112	0.293	NaN	NaN	0.267	0.651	NaN	NaN	8.01	22.785	NaN	NaN	0.0	"2.5"	"F0034"	1	1	"PR"	375.655	"deionize-uv"	9.14	1	1	0	923.232	0.0	1025.273	null	1401.551	0.086
12.6	0.032725	29812.5	2981.25	2437.5	NaN	NaN	NaN	0	1	1	0	0	0	0	0	0	0	0	0	1	0	0	0	1	1	1	1	0	1	1	1	0	151.0	0.113	0.302	NaN	NaN	0.269	0.671	NaN	NaN	8.07	23.485	NaN	NaN	0.0	"2.5"	"F0034"	1	1	"PR"	385.694	"deionize-uv"	19.179	1	1	0	923.232	0.0	1025.273	null	1411.59	0.086
13.3	0.033	29812.5	2971.875	2409.375	NaN	NaN	NaN	0	1	1	0	0	0	0	0	0	0	0	0	1	0	0	0	1	1	1	1	0	1	1	1	0	160.0	0.112	0.299	NaN	NaN	0.267	0.664	NaN	NaN	8.01	23.24	NaN	NaN	0.0	"2.5"	"F0034"	1	1	"PR"	395.734	"deionize-uv"	29.219	1	1	0	923.232	0.0	1025.273	null	1421.63	0.091
12.6	0.03245	30000.0	2962.5	2362.5	NaN	NaN	NaN	0	1	1	0	0	0	0	0	0	0	0	0	1	0	0	0	1	1	1	1	0	1	1	1	0	151.0	0.111	0.294	NaN	NaN	0.264	0.653	NaN	NaN	7.92	22.855	NaN	NaN	0.0	"2.5"	"F0034"	1	1	"PR"	405.774	"deionize-uv"	39.259	1	1	0	923.232	0.0	1025.273	null	1431.67	0.09
12.6	0.032175	29812.5	2981.25	2400.0	NaN	NaN	NaN	0	1	1	0	0	0	0	0	0	0	0	0	1	0	0	0	1	1	1	1	0	1	1	1	0	151.0	0.113	0.298	NaN	NaN	0.269	0.662	NaN	NaN	8.07	23.17	NaN	NaN	0.0	"2.5"	"F0034"	1	1	"PR"	415.814	"deionize-uv"	49.299	1	1	0	923.232	0.0	1025.273	null	1441.71	0.091
11.9	0.031625	29812.5	2971.875	2418.75	NaN	NaN	NaN	0	1	1	0	0	0	0	0	0	0	0	0	1	0	0	0	1	1	1	1	0	1	1	1	0	143.0	0.112	0.3	NaN	NaN	0.267	0.667	NaN	NaN	8.01	23.345	NaN	NaN	0.0	"2.5"	"F0034"	1	1	"PR"	425.853	"deionize-uv"	59.338	1	1	0	923.232	0.0	1025.273	null	1451.749	0.093
13.0	0.03135	30187.5	2971.875	2390.625	NaN	NaN	NaN	0	1	1	0	0	0	0	0	0	0	0	0	1	0	0	0	1	1	1	1	0	1	1	1	0	156.0	0.112	0.297	NaN	NaN	0.267	0.66	NaN	NaN	8.01	23.1	NaN	NaN	0.0	"2.5"	"F0034"	1	1	"PR"	435.891	"deionize-uv"	69.376	1	1	0	923.232	0.0	1025.273	null	1461.787	0.09
12.4	0.0308	30187.5	2981.25	2418.75	NaN	NaN	NaN	0	1	1	0	0	0	0	0	0	0	0	0	1	0	0	0	1	1	1	1	0	1	1	1	0	149.0	0.113	0.3	NaN	NaN	0.269	0.667	NaN	NaN	8.07	23.345	NaN	NaN	0.0	"2.5"	"F0034"	1	1	"PR"	445.729	"deionize-uv"	79.214	1	1	0	923.232	0.0	1025.273	null	1471.625	0.087
11.9	0.03025	29812.5	2962.5	2315.625	NaN	NaN	NaN	0	1	1	0	0	0	0	0	0	0	0	0	1	0	0	0	1	1	1	1	0	1	1	1	0	143.0	0.111	0.29	NaN	NaN	0.264	0.644	NaN	NaN	7.92	22.54	NaN	NaN	0.0	"2.5"	"F0034"	1	1	"PR"	455.771	"deionize-uv"	89.256	1	1	0	923.232	0.0	1025.273	null	1481.667	0.089
11.4	0.03025	30187.5	2962.5	2465.625	NaN	NaN	NaN	0	1	1	0	0	0	0	0	0	0	0	0	1	0	0	0	1	1	1	1	0	1	1	1	0	137.0	0.111	0.305	NaN	NaN	0.264	0.678	NaN	NaN	7.92	23.73	NaN	NaN	0.0	"2.5"	"F0034"	1	1	"PR"	465.819	"deionize-uv"	99.304	1	1	0	923.232	0.0	1025.273	null	1491.715	0.084
12.3	0.029975	29250.0	2962.5	2437.5	NaN	NaN	NaN	0	1	1	0	0	0	0	0	0	0	0	0	1	0	0	0	1	1	1	1	0	1	1	1	0	148.0	0.111	0.302	NaN	NaN	0.264	0.671	NaN	NaN	7.92	23.485	NaN	NaN	0.0	"2.5"	"F0034"	1	1	"PR"	475.857	"deionize-uv"	109.342	1	1	0	923.232	0.0	1025.273	null	1501.753	0.086
8.3	0.02915	29250.0	2990.625	2418.75	NaN	NaN	NaN	0	1	1	0	0	0	0	0	0	0	0	0	1	0	0	0	1	1	1	1	0	1	1	1	0	100.0	0.114	0.3	NaN	NaN	0.271	0.667	NaN	NaN	8.13	23.345	NaN	NaN	0.0	"2.5"	"F0034"	1	1	"PR"	485.895	"deionize-uv"	119.38	1	1	0	923.232	0.0	1025.273	null	1511.791	0.093
11.2	0.0286	24000.0	2953.125	1846.875	NaN	NaN	NaN	0	0	1	0	0	0	0	1	0	0	0	0	1	0	0	0	1	1	1	1	0	1	1	1	0	134.0	0.11	0.243	NaN	NaN	0.262	0.54	NaN	NaN	7.86	18.9	NaN	NaN	0.0	"2.5"	"F0034"	1	1	"PR"	495.85	"drain-di-1"	9.153	1	1	0	923.232	0.0	1025.273	null	1521.746	0.086
11.5	0.028875	24000.0	2981.25	1593.75	NaN	NaN	NaN	0	0	1	0	0	0	0	1	0	0	0	0	1	0	0	0	1	1	1	1	0	1	1	1	0	138.0	0.113	0.217	NaN	NaN	0.269	0.482	NaN	NaN	8.07	16.87	NaN	NaN	0.0	"2.5"	"F0034"	1	1	"PR"	505.881	"drain-di-1"	19.184	1	1	0	923.232	0.0	1025.273	null	1531.777	0.086
11.2	0.02805	22125.0	2971.875	1340.625	NaN	NaN	NaN	0	0	1	0	0	0	0	1	0	0	0	0	1	0	0	0	1	1	1	1	0	1	1	1	0	134.0	0.112	0.192	NaN	NaN	0.267	0.427	NaN	NaN	8.01	14.945	NaN	NaN	0.0	"2.5"	"F0034"	1	1	"PR"	515.917	"drain-di-1"	29.22	1	1	0	923.232	0.0	1025.273	null	1541.813	0.092
11.0	0.027775	24000.0	2981.25	1068.75	NaN	NaN	NaN	0	0	1	0	0	0	0	1	0	0	0	0	1	0	0	0	1	1	1	1	0	1	1	1	0	132.0	0.113	0.165	NaN	NaN	0.269	0.367	NaN	NaN	8.07	12.845	NaN	NaN	0.0	"2.5"	"F0034"	1	1	"PR"	525.952	"drain-di-1"	39.255	1	1	0	923.232	0.0	1025.273	null	1551.848	0.084
10.8	0.0275	24000.0	2962.5	825.0	NaN	NaN	NaN	0	0	1	0	0	0	0	1	0	0	0	0	1	0	0	0	1	1	1	1	0	1	1	1	0	130.0	0.111	0.141	NaN	NaN	0.264	0.313	NaN	NaN	7.92	10.955	NaN	NaN	0.0	"2.5"	"F0034"	1	1	"PR"	535.983	"drain-di-1"	49.286	1	1	0	923.232	0.0	1025.273	null	1561.879	0.084
10.8	0.027775	23062.5	2981.25	600.0	NaN	NaN	NaN	0	0	1	0	0	0	0	1	0	0	0	0	1	0	0	0	1	1	1	1	0	1	1	1	0	130.0	0.113	0.118	NaN	NaN	0.269	0.262	NaN	NaN	8.07	9.17	NaN	NaN	0.0	"2.5"	"F0034"	1	1	"PR"	545.818	"drain-di-1"	59.121	1	1	0	923.232	0.0	1025.273	null	1571.714	0.085
9.9	0.02805	23625.0	2971.875	318.75	NaN	NaN	NaN	0	0	1	0	0	0	0	1	0	0	0	0	1	0	0	0	1	1	1	1	0	1	1	1	0	119.0	0.112	0.09	NaN	NaN	0.267	0.2	NaN	NaN	8.01	7.0	NaN	NaN	0.0	"2.5"	"F0034"	1	1	"PR"	555.853	"drain-di-1"	69.156	1	1	0	923.232	0.0	1025.273	null	1581.749	0.084
8.7	0.027775	24562.5	2981.25	56.25	NaN	NaN	NaN	0	0	1	0	0	0	0	1	0	0	0	0	1	0	0	0	1	1	1	1	0	1	1	1	0	104.0	0.113	0.064	NaN	NaN	0.269	0.142	NaN	NaN	8.07	4.97	NaN	NaN	0.0	"2.5"	"F0034"	1	1	"PR"	565.884	"drain-di-1"	79.187	1	1	0	923.232	0.0	1025.273	null	1591.78	0.084
9.9	0.027775	24000.0	2971.875	-187.5	NaN	NaN	NaN	0	0	1	0	0	0	0	1	0	0	0	0	1	0	0	0	1	1	1	1	0	1	1	1	0	119.0	0.112	0.039	NaN	NaN	0.267	0.087	NaN	NaN	8.01	3.045	NaN	NaN	0.0	"2.5"	"F0034"	1	1	"PR"	576.03	"drip-di-1"	10.146	1	1	0	923.232	0.0	1025.273	null	1601.926	0.089
-11.9	0.0275	24562.5	2793.75	-9.375	NaN	NaN	NaN	1	0	0	0	0	1	1	0	0	0	0	0	1	1	0	0	0	1	1	0	1	1	1	0	1	-143.0	0.094	0.057	NaN	NaN	0.224	0.127	NaN	NaN	6.72	4.445	NaN	NaN	0.0	"2.5"	"F0034"	1	0	"PR"	586.026	"reverse-f"	4.981	1	1	0	923.232	0.0	1025.273	null	1611.922	0.087
-12.0	0.028875	25312.5	2812.5	253.125	NaN	NaN	NaN	1	0	0	0	0	1	1	0	0	0	0	0	1	1	0	0	0	1	1	0	1	1	1	0	1	-144.0	0.096	0.083	NaN	NaN	0.229	0.184	NaN	NaN	6.87	6.44	NaN	NaN	0.0	"2.5"	"F0034"	1	0	"PR"	595.867	"reverse-f"	14.822	1	1	0	923.232	0.0	1025.273	null	1621.763	0.083
-12.3	0.031625	24562.5	2803.125	562.5	NaN	NaN	NaN	1	0	0	0	0	1	1	0	0	0	0	0	1	1	0	0	0	1	1	0	1	1	1	0	1	-148.0	0.095	0.114	NaN	NaN	0.226	0.253	NaN	NaN	6.78	8.855	NaN	NaN	0.0	"2.5"	"F0034"	1	0	"PR"	605.905	"reverse-f"	24.86	1	1	0	923.232	0.0	1025.273	null	1631.801	0.086
-12.2	0.034925	24937.5	2812.5	834.375	NaN	NaN	NaN	1	0	0	0	0	1	1	0	0	0	0	0	1	1	0	0	0	1	1	0	1	1	1	0	1	-146.0	0.096	0.141	NaN	NaN	0.229	0.313	NaN	NaN	6.87	10.955	NaN	NaN	0.0	"2.5"	"F0034"	1	0	"PR"	615.947	"reverse-f"	34.902	1	1	0	923.232	0.0	1025.273	null	1641.843	0.086
-11.9	0.038225	23625.0	2821.875	1096.875	NaN	NaN	NaN	1	0	0	0	0	1	1	0	0	0	0	0	1	1	0	0	0	1	1	0	1	1	1	0	1	-143.0	0.097	0.168	NaN	NaN	0.231	0.373	NaN	NaN	6.93	13.055	NaN	NaN	0.0	"2.5"	"F0034"	1	0	"PR"	625.985	"reverse-f"	44.94	1	1	0	923.232	0.0	1025.273	null	1651.881	0.083
-11.9	0.0418	25312.5	2821.875	1359.375	NaN	NaN	NaN	1	0	0	0	0	1	1	0	0	0	0	0	1	1	0	0	0	1	1	0	1	1	1	0	1	-143.0	0.097	0.194	NaN	NaN	0.231	0.431	NaN	NaN	6.93	15.085	NaN	NaN	0.0	"2.5"	"F0034"	1	0	"PR"	636.027	"reverse-f"	54.982	1	1	0	923.232	0.0	1025.273	null	1661.923	0.086
-11.3	0.044	24187.5	2840.625	1640.625	NaN	NaN	NaN	1	0	0	0	0	1	1	0	0	0	0	0	1	1	0	0	0	1	1	0	1	1	1	0	1	-136.0	0.099	0.222	NaN	NaN	0.236	0.493	NaN	NaN	7.08	17.255	NaN	NaN	0.0	"2.5"	"F0034"	1	0	"PR"	646.065	"reverse-f"	65.02	1	1	0	923.232	0.0	1025.273	null	1671.961	0.083
-10.7	0.046475	23812.5	2821.875	1893.75	NaN	NaN	NaN	1	0	0	0	0	1	1	0	0	0	0	0	1	1	0	0	0	1	1	0	1	1	1	0	1	-128.0	0.097	0.247	NaN	NaN	0.231	0.549	NaN	NaN	6.93	19.215	NaN	NaN	0.0	"2.5"	"F0034"	1	0	"PR"	656.101	"reverse-f"	75.056	1	1	0	923.232	0.0	1025.273	null	1681.997	0.083
-12.0	0.048125	23062.5	2812.5	2203.125	NaN	NaN	NaN	1	0	0	0	0	1	1	0	0	0	0	0	1	1	0	0	0	1	1	0	1	1	1	0	1	-144.0	0.096	0.278	NaN	NaN	0.229	0.618	NaN	NaN	6.87	21.63	NaN	NaN	0.0	"2.5"	"F0034"	1	0	"PR"	665.937	"reverse-f"	84.892	1	1	0	923.232	0.0	1025.273	null	1691.833	0.087
-12.5	0.049775	22875.0	2803.125	2296.875	NaN	NaN	NaN	0	0	0	0	0	1	1	0	0	0	0	0	1	0	0	0	0	1	1	0	1	1	1	0	1	-150.0	0.095	0.288	NaN	NaN	0.226	0.64	NaN	NaN	6.78	22.4	NaN	NaN	0.0	"2.5"	"F0034"	1	0	"PR"	676.089	"reverse"	95.044	1	1	0	923.232	0.0	1025.273	null	1701.985	0.083
-12.3	0.049775	23812.5	2775.0	2278.125	NaN	NaN	NaN	0	0	0	0	0	1	1	0	0	0	0	0	1	0	0	0	0	1	1	0	1	1	1	0	1	-148.0	0.093	0.286	NaN	NaN	0.221	0.636	NaN	NaN	6.63	22.26	NaN	NaN	0.0	"2.5"	"F0034"	1	0	"PR"	686.13	"reverse"	105.085	1	1	0	923.232	0.0	1025.273	null	1712.026	0.085
-11.3	0.050875	24750.0	2821.875	2250.0	NaN	NaN	NaN	0	0	0	0	0	1	1	0	0	0	0	0	1	0	0	0	0	1	1	0	1	1	1	0	1	-136.0	0.097	0.283	NaN	NaN	0.231	0.629	NaN	NaN	6.93	22.015	NaN	NaN	0.0	"2.5"	"F0034"	1	0	"PR"	695.964	"reverse"	114.919	1	1	0	923.232	0.0	1025.273	null	1721.86	0.086
-12.4	0.051975	23625.0	2784.375	2287.5	NaN	NaN	NaN	0	0	0	0	0	1	1	0	0	0	0	0	1	0	0	0	0	1	1	0	1	1	1	0	1	-149.0	0.093	0.287	NaN	NaN	0.221	0.638	NaN	NaN	6.63	22.33	NaN	NaN	0.0	"2.5"	"F0034"	1	0	"PR"	705.999	"reverse"	124.954	1	1	0	923.232	0.0	1025.273	null	1731.895	0.088
-11.8	0.052525	22312.5	2812.5	2278.125	NaN	NaN	NaN	0	0	0	0	0	1	1	0	0	0	0	0	1	0	0	0	0	1	1	0	1	1	1	0	1	-142.0	0.096	0.286	NaN	NaN	0.229	0.636	NaN	NaN	6.87	22.26	NaN	NaN	0.0	"2.5"	"F0034"	1	0	"PR"	716.04	"reverse"	134.995	1	1	0	923.232	0.0	1025.273	null	1741.936	0.084
-11.7	0.051975	22500.0	2793.75	2268.75	NaN	NaN	NaN	0	0	0	0	0	1	1	0	0	0	0	0	1	0	0	0	0	1	1	0	1	1	1	0	1	-140.0	0.094	0.285	NaN	NaN	0.224	0.633	NaN	NaN	6.72	22.155	NaN	NaN	0.0	"2.5"	"F0034"	1	0	"PR"	726.077	"reverse"	145.032	1	1	0	923.232	0.0	1025.273	null	1751.973	0.086
-0.8	0.053625	375.0	2981.25	2296.875	NaN	NaN	NaN	0	0	0	0	0	0	0	0	0	0	0	0	0	0	0	0	0	0	0	0	1	0	0	0	1	-10.0	0.113	0.288	NaN	NaN	0.269	0.64	NaN	NaN	8.07	22.4	NaN	NaN	0.0	"2.5"	"F0034"	0	0	"PR"	736.202	"diffuse"	5.107	1	1	1	923.232	0.0	1025.273	null	1762.098	0.083
-1.3	0.053075	187.5	2981.25	2287.5	NaN	NaN	NaN	0	0	0	0	0	0	0	0	0	0	0	0	0	0	0	0	0	0	0	0	1	0	0	0	1	-16.0	0.113	0.287	NaN	NaN	0.269	0.638	NaN	NaN	8.07	22.33	NaN	NaN	0.0	"2.5"	"F0034"	0	0	"PR"	746.042	"diffuse"	14.947	1	1	1	923.232	0.0	1025.273	null	1771.938	0.09
-1.9	0.053075	187.5	2981.25	2278.125	NaN	NaN	NaN	0	0	0	0	0	0	0	0	0	0	0	0	0	0	0	0	0	0	0	0	1	0	0	0	1	-23.0	0.113	0.286	NaN	NaN	0.269	0.636	NaN	NaN	8.07	22.26	NaN	NaN	0.0	"2.5"	"F0034"	0	0	"PR"	756.079	"diffuse"	24.984	1	1	1	923.232	0.0	1025.273	null	1781.975	0.088
-11.7	0.05225	23437.5	2784.375	2278.125	NaN	NaN	NaN	0	0	0	0	0	1	1	0	0	0	0	0	1	0	0	0	0	1	1	0	1	1	1	0	1	-140.0	0.093	0.286	NaN	NaN	0.221	0.636	NaN	NaN	6.63	22.26	NaN	NaN	0.0	"2.5"	"F0034"	1	0	"PR"	766.208	"wash-en"	5.11	1	1	1	923.232	0.0	1025.273	null	1792.104	0.086
-11.5	0.053075	24187.5	2821.875	2268.75	NaN	NaN	NaN	0	0	0	0	0	1	1	0	0	0	0	0	1	0	0	0	0	1	1	0	1	1	1	0	1	-138.0	0.097	0.285	NaN	NaN	0.231	0.633	NaN	NaN	6.93	22.155	NaN	NaN	0.0	"2.5"	"F0034"	1	0	"PR"	776.045	"wash-en"	14.947	1	1	1	923.232	0.0	1025.273	null	1801.941	0.09
-0.8	0.05335	25312.5	2821.875	2278.125	NaN	NaN	NaN	0	0	0	0	0	1	1	0	0	0	0	0	1	0	0	0	0	0	0	0	1	0	0	0	1	-10.0	0.097	0.286	NaN	NaN	0.231	0.636	NaN	NaN	6.93	22.26	NaN	NaN	0.0	"2.5"	"F0034"	0	0	"PR"	786.163	"wash-sc"	4.897	1	1	1	923.232	0.0	1025.273	null	1812.059	0.087
-1.1	0.054175	375.0	2981.25	2278.125	NaN	NaN	NaN	0	0	0	0	0	0	0	0	0	0	0	0	0	0	0	0	0	0	0	0	1	0	0	0	1	-13.0	0.113	0.286	NaN	NaN	0.269	0.636	NaN	NaN	8.07	22.26	NaN	NaN	0.0	"2.5"	"F0034"	0	0	"PR"	796.201	"diffuse"	4.82	1	1	2	923.232	0.0	1025.273	null	1822.097	0.086
-0.8	0.054725	1312.5	2981.25	2287.5	NaN	NaN	NaN	0	0	0	0	0	0	0	0	0	0	0	0	0	0	0	0	0	0	0	0	1	0	0	0	1	-10.0	0.113	0.287	NaN	NaN	0.269	0.638	NaN	NaN	8.07	22.33	NaN	NaN	0.0	"2.5"	"F0034"	0	0	"PR"	806.243	"diffuse"	14.862	1	1	2	923.232	0.0	1025.273	null	1832.139	0.086
-1.5	0.054175	1875.0	2981.25	2315.625	NaN	NaN	NaN	0	0	0	0	0	0	0	0	0	0	0	0	0	0	0	0	0	0	0	0	1	0	0	0	1	-18.0	0.113	0.29	NaN	NaN	0.269	0.644	NaN	NaN	8.07	22.54	NaN	NaN	0.0	"2.5"	"F0034"	0	0	"PR"	816.083	"diffuse"	24.702	1	1	2	923.232	0.0	1025.273	null	1841.979	0.09
-11.9	0.053625	22125.0	2793.75	2278.125	NaN	NaN	NaN	0	0	0	0	0	1	1	0	0	0	0	0	1	0	0	0	0	1	1	0	1	1	1	0	1	-143.0	0.094	0.286	NaN	NaN	0.224	0.636	NaN	NaN	6.72	22.26	NaN	NaN	0.0	"2.5"	"F0034"	1	0	"PR"	826.213	"wash-en"	4.711	1	1	2	923.232	0.0	1025.273	null	1852.109	0.09
-10.9	0.053625	22875.0	2784.375	2278.125	NaN	NaN	NaN	0	0	0	0	0	1	1	0	0	0	0	0	1	0	0	0	0	1	1	0	1	1	1	0	1	-131.0	0.093	0.286	NaN	NaN	0.221	0.636	NaN	NaN	6.63	22.26	NaN	NaN	0.0	"2.5"	"F0034"	1	0	"PR"	836.251	"wash-en"	14.749	1	1	2	923.232	0.0	1025.273	null	1862.147	0.089
0.4	0.053625	23625.0	2803.125	2278.125	NaN	NaN	NaN	0	0	0	0	0	1	1	0	0	0	0	0	1	0	0	0	0	0	0	0	1	0	0	0	1	5.0	0.095	0.286	NaN	NaN	0.226	0.636	NaN	NaN	6.78	22.26	NaN	NaN	0.0	"2.5"	"F0034"	0	0	"PR"	846.175	"wash-sc"	4.505	1	1	2	923.232	0.0	1025.273	null	1872.071	0.093
-0.1	0.054175	562.5	2981.25	2287.5	NaN	NaN	NaN	0	0	0	0	0	0	0	0	0	0	0	0	0	0	0	0	0	0	0	0	1	0	0	0	1	-1.0	0.113	0.287	NaN	NaN	0.269	0.638	NaN	NaN	8.07	22.33	NaN	NaN	0.0	"2.5"	"F0034"	0	0	"PR"	856.216	"diffuse"	4.417	1	1	3	923.232	0.0	1025.273	null	1882.112	0.092
-0.6	0.0539	750.0	2981.25	2287.5	NaN	NaN	NaN	0	0	0	0	0	0	0	0	0	0	0	0	0	0	0	0	0	0	0	0	1	0	0	0	1	-7.0	0.113	0.287	NaN	NaN	0.269	0.638	NaN	NaN	8.07	22.33	NaN	NaN	0.0	"2.5"	"F0034"	0	0	"PR"	866.254	"diffuse"	14.455	1	1	3	923.232	0.0	1025.273	null	1892.15	0.09
-0.1	0.054175	1125.0	2981.25	2268.75	NaN	NaN	NaN	0	0	0	0	0	0	0	0	0	0	0	0	0	0	0	0	0	0	0	0	1	0	0	0	1	-1.0	0.113	0.285	NaN	NaN	0.269	0.633	NaN	NaN	8.07	22.155	NaN	NaN	0.0	"2.5"	"F0034"	0	0	"PR"	876.291	"diffuse"	24.492	1	1	3	923.232	0.0	1025.273	null	1902.187	0.093
-11.7	0.05335	24937.5	2784.375	2268.75	NaN	NaN	NaN	0	0	0	0	0	1	1	0	0	0	0	0	1	0	0	0	0	1	1	0	1	1	1	0	1	-140.0	0.093	0.285	NaN	NaN	0.221	0.633	NaN	NaN	6.63	22.155	NaN	NaN	0.0	"2.5"	"F0034"	1	0	"PR"	886.225	"wash-en"	4.312	1	1	3	923.232	0.0	1025.273	null	1912.121	0.091
-11.7	0.053625	21750.0	2803.125	2278.125	NaN	NaN	NaN	0	0	0	0	0	1	1	0	0	0	0	0	1	0	0	0	0	1	1	0	1	1	1	0	1	-140.0	0.095	0.286	NaN	NaN	0.226	0.636	NaN	NaN	6.78	22.26	NaN	NaN	0.0	"2.5"	"F0034"	1	0	"PR"	896.259	"wash-en"	14.346	1	1	3	923.232	0.0	1025.273	null	1922.155	0.086
-0.3	0.054175	22500.0	2803.125	2268.75	NaN	NaN	NaN	0	0	0	0	0	1	1	0	0	0	0	0	1	0	0	0	0	0	0	0	1	0	0	0	1	-4.0	0.095	0.285	NaN	NaN	0.226	0.633	NaN	NaN	6.78	22.155	NaN	NaN	0.0	"2.5"	"F0034"	0	0	"PR"	906.176	"wash-sc"	4.099	1	1	3	923.232	0.0	1025.273	null	1932.072	0.09
