cur	ec	mod-ps	rg-ps	di-ps	fw1-ps	fw2-ps	pf-ps	vlv-di-fill	vlv-di-in	vlv-di-out	vlv-rg-fill	vlv-rg-drain	vlv-rg-in	vlv-rg-out	vlv-fw1-in	vlv-fw1-out	vlv-fw2-in	vlv-po	vlv-mod-drain	pmp-sys	pmp-di	pmp-fw1	pmp-fw2	uv	en-anode1	en-cath1	pl-anode1	pl-cath1	en-anode2	en-cath2	pl-anode2	pl-cath2	pw	rg-he	di-he	fw1-he	fw2-he	rg-lev	di-lev	fw1-lev	fw2-lev	rg-vol	di-vol	fw1-vol	fw2-vol	pr-ec	ver	sn	mod-en	mod-pl	proc	proc-time	ph	ph-time	count	cyc	rnd	pr-last	rc-last	fr-last	halt-re	time	exec
1.5	0.051425	21937.5	2850.0	2306.25	NaN	NaN	NaN	0	0	0	0	0	1	1	0	0	0	0	0	1	0	0	0	0	0	0	0	1	0	0	0	1	18.0	0.1	0.289	NaN	NaN	0.238	0.642	NaN	NaN	7.14	22.47	NaN	NaN	0.0	"2.5"	"F0034"	0	0	"PR"	8.244	"prime"	7.427	0	0	0	0.0	0.0	0.0	null	10.03	0.086
1.5	0.051425	21937.5	2850.0	2306.25	NaN	NaN	NaN	0	0	0	0	0	1	1	0	0	0	0	0	1	0	0	0	0	0	0	0	1	0	0	0	1	18.0	0.1	0.289	NaN	NaN	0.238	0.642	NaN	NaN	7.14	22.47	NaN	NaN	0.0	"2.5"	"F0034"	0	0	"PR"	8.244	"prime"	7.427	0	0	0	0.0	0.0	0.0	null	10.03	0.086
2.7	0.051975	21562.5	2831.25	2315.625	NaN	NaN	NaN	0	0	0	0	0	1	1	0	0	0	0	0	1	0	0	0	0	0	0	0	1	0	0	0	1	32.0	0.098	0.29	NaN	NaN	0.233	0.644	NaN	NaN	6.99	22.54	NaN	NaN	0.0	"2.5"	"F0034"	0	0	"PR"	18.285	"prime"	17.468	0	0	0	0.0	0.0	0.0	null	20.071	0.085
1.2	0.05225	22125.0	2821.875	2306.25	NaN	NaN	NaN	0	0	0	0	0	1	1	0	0	0	0	0	1	0	0	0	0	0	0	0	1	0	0	0	1	14.0	0.097	0.289	NaN	NaN	0.231	0.642	NaN	NaN	6.93	22.47	NaN	NaN	0.0	"2.5"	"F0034"	0	0	"PR"	28.318	"prime"	27.501	0	0	0	0.0	0.0	0.0	null	30.104	0.086
-12.4	0.05115	29250.0	2971.875	2596.875	NaN	NaN	NaN	0	1	1	0	0	0	0	0	0	0	0	0	1	0	0	0	0	1	1	0	1	1	1	0	1	-149.0	0.112	0.318	NaN	NaN	0.267	0.707	NaN	NaN	8.01	24.745	NaN	NaN	0.0	"2.5"	"F0034"	1	0	"PR"	38.355	"deionize"	7.027	0	1	0	0.0	0.0	0.0	null	40.141	0.084
-12.0	0.050875	29812.5	2981.25	2550.0	NaN	NaN	NaN	0	1	1	0	0	0	0	0	0	0	0	0	1	0	0	0	0	1	1	0	1	1	1	0	1	-144.0	0.113	0.313	NaN	NaN	0.269	0.696	NaN	NaN	8.07	24.36	NaN	NaN	0.0	"2.5"	"F0034"	1	0	"PR"	48.395	"deionize"	17.067	0	1	0	0.0	0.0	0.0	null	50.181	0.093
-11.9	0.049775	30000.0	2981.25	2550.0	NaN	NaN	NaN	0	1	1	0	0	0	0	0	0	0	0	0	1	0	0	0	0	1	1	0	1	1	1	0	1	-143.0	0.113	0.313	NaN	NaN	0.269	0.696	NaN	NaN	8.07	24.36	NaN	NaN	0.0	"2.5"	"F0034"	1	0	"PR"	58.433	"deionize"	27.105	0	1	0	0.0	0.0	0.0	null	60.219	0.09
-13.5	0.0484	30000.0	2981.25	2587.5	NaN	NaN	NaN	0	1	1	0	0	0	0	0	0	0	0	0	1	0	0	0	0	1	1	0	1	1	1	0	1	-162.0	0.113	0.317	NaN	NaN	0.269	0.704	NaN	NaN	8.07	24.64	NaN	NaN	0.0	"2.5"	"F0034"	1	0	"PR"	68.471	"deionize"	37.143	0	1	0	0.0	0.0	0.0	null	70.257	0.091
-11.9	0.0473	29062.5	3000.0	2587.5	NaN	NaN	NaN	0	1	1	0	0	0	0	0	0	0	0	0	1	0	0	0	0	1	1	0	1	1	1	0	1	-143.0	0.115	0.317	NaN	NaN	0.274	0.704	NaN	NaN	8.22	24.64	NaN	NaN	0.0	"2.5"	"F0034"	1	0	"PR"	78.507	"deionize"	47.179	0	1	0	0.0	0.0	0.0	null	80.293	0.091
-11.5	0.04565	29062.5	2981.25	2578.125	NaN	NaN	NaN	0	1	1	0	0	0	0	0	0	0	0	0	1	0	0	0	0	1	1	0	1	1	1	0	1	-138.0	0.113	0.316	NaN	NaN	0.269	0.702	NaN	NaN	8.07	24.57	NaN	NaN	0.0	"2.5"	"F0034"	1	0	"PR"	88.341	"deionize"	57.013	0	1	0	0.0	0.0	0.0	null	90.127	0.084
-13.3	0.044275	26812.5	2990.625	2493.75	NaN	NaN	NaN	0	1	1	0	0	0	0	0	0	0	0	0	1	0	0	0	0	1	1	0	1	1	1	0	1	-160.0	0.114	0.307	NaN	NaN	0.271	0.682	NaN	NaN	8.13	23.87	NaN	NaN	0.0	"2.5"	"F0034"	1	0	"PR"	98.382	"deionize"	67.054	0	1	0	0.0	0.0	0.0	null	100.168	0.089
-11.9	0.0429	28500.0	2971.875	2465.625	NaN	NaN	NaN	0	1	1	0	0	0	0	0	0	0	0	0	1	0	0	0	0	1	1	0	1	1	1	0	1	-143.0	0.112	0.305	NaN	NaN	0.267	0.678	NaN	NaN	8.01	23.73	NaN	NaN	0.0	"2.5"	"F0034"	1	0	"PR"	108.417	"deionize"	77.089	0	1	0	0.0	0.0	0.0	null	110.203	0.087
-12.0	0.041525	30375.0	2990.625	2437.5	NaN	NaN	NaN	0	1	1	0	0	0	0	0	0	0	0	0	1	0	0	0	0	1	1	0	1	1	1	0	1	-144.0	0.114	0.302	NaN	NaN	0.271	0.671	NaN	NaN	8.13	23.485	NaN	NaN	0.0	"2.5"	"F0034"	1	0	"PR"	118.453	"deionize"	87.125	0	1	0	0.0	0.0	0.0	null	120.239	0.087
-13.3	0.0396	30187.5	2990.625	2484.375	NaN	NaN	NaN	0	1	1	0	0	0	0	0	0	0	0	0	1	0	0	0	0	1	1	0	1	1	1	0	1	-160.0	0.114	0.306	NaN	NaN	0.271	0.68	NaN	NaN	8.13	23.8	NaN	NaN	0.0	"2.5"	"F0034"	1	0	"PR"	128.494	"deionize"	97.166	0	1	0	0.0	0.0	0.0	null	130.28	0.096
-12.5	0.03905	30000.0	2981.25	2428.125	NaN	NaN	NaN	0	1	1	0	0	0	0	0	0	0	0	0	1	0	0	0	0	1	1	0	1	1	1	0	1	-150.0	0.113	0.301	NaN	NaN	0.269	0.669	NaN	NaN	8.07	23.415	NaN	NaN	0.0	"2.5"	"F0034"	1	0	"PR"	138.531	"deionize"	107.203	0	1	0	0.0	0.0	0.0	null	140.317	0.087
-11.2	0.03795	27000.0	3000.0	2456.25	NaN	NaN	NaN	0	1	1	0	0	0	0	0	0	0	0	0	1	0	0	0	0	1	1	0	1	1	1	0	1	-134.0	0.115	0.304	NaN	NaN	0.274	0.676	NaN	NaN	8.22	23.66	NaN	NaN	0.0	"2.5"	"F0034"	1	0	"PR"	148.566	"deionize"	117.238	0	1	0	0.0	0.0	0.0	null	150.352	0.084
-12.3	0.036575	27000.0	2981.25	2437.5	NaN	NaN	NaN	0	1	1	0	0	0	0	0	0	0	0	0	1	0	0	0	0	1	1	0	1	1	1	0	1	-148.0	0.113	0.302	NaN	NaN	0.269	0.671	NaN	NaN	8.07	23.485	NaN	NaN	0.0	"2.5"	"F0034"	1	0	"PR"	158.406	"deionize"	127.078	0	1	0	0.0	0.0	0.0	null	160.192	0.088
-12.1	0.036575	28125.0	2981.25	2418.75	NaN	NaN	NaN	0	1	1	0	0	0	0	0	0	0	0	0	1	0	0	0	0	1	1	0	1	1	1	0	1	-145.0	0.113	0.3	NaN	NaN	0.269	0.667	NaN	NaN	8.07	23.345	NaN	NaN	0.0	"2.5"	"F0034"	1	0	"PR"	168.443	"deionize"	137.115	0	1	0	0.0	0.0	0.0	null	170.229	0.087
-10.6	0.035475	28125.0	2971.875	2512.5	NaN	NaN	NaN	0	1	1	0	0	0	0	0	0	0	0	0	1	0	0	0	0	1	1	0	1	1	1	0	1	-127.0	0.112	0.309	NaN	NaN	0.267	0.687	NaN	NaN	8.01	24.045	NaN	NaN	0.0	"2.5"	"F0034"	1	0	"PR"	178.486	"deionize"	147.158	0	1	0	0.0	0.0	0.0	null	180.272	0.086
-12.4	0.0352	27562.5	2971.875	2437.5	NaN	NaN	NaN	0	1	1	0	0	0	0	0	0	0	0	0	1	0	0	0	0	1	1	0	1	1	1	0	1	-149.0	0.112	0.302	NaN	NaN	0.267	0.671	NaN	NaN	8.01	23.485	NaN	NaN	0.0	"2.5"	"F0034"	1	0	"PR"	188.523	"deionize"	157.195	0	1	0	0.0	0.0	0.0	null	190.309	0.094
-12.0	0.033825	28875.0	2981.25	2446.875	NaN	NaN	NaN	0	1	1	0	0	0	0	0	0	0	0	0	1	0	0	0	0	1	1	0	1	1	1	0	1	-144.0	0.113	0.303	NaN	NaN	0.269	0.673	NaN	NaN	8.07	23.555	NaN	NaN	0.0	"2.5"	"F0034"	1	0	"PR"	198.561	"deionize"	167.233	0	1	0	0.0	0.0	0.0	null	200.347	0.084
-11.7	0.0341	29625.0	2971.875	2456.25	NaN	NaN	NaN	0	1	1	0	0	0	0	0	0	0	0	0	1	0	0	0	0	1	1	0	1	1	1	0	1	-140.0	0.112	0.304	NaN	NaN	0.267	0.676	NaN	NaN	8.01	23.66	NaN	NaN	0.0	"2.5"	"F0034"	1	0	"PR"	208.599	"deionize"	177.271	0	1	0	0.0	0.0	0.0	null	210.385	0.089
-11.3	0.033	29250.0	2981.25	2493.75	NaN	NaN	NaN	0	1	1	0	0	0	0	0	0	0	0	0	1	0	0	0	0	1	1	0	1	1	1	0	1	-136.0	0.113	0.307	NaN	NaN	0.269	0.682	NaN	NaN	8.07	23.87	NaN	NaN	0.0	"2.5"	"F0034"	1	0	"PR"	218.634	"deionize"	187.306	0	1	0	0.0	0.0	0.0	null	220.42	0.097
-10.6	0.0319	30375.0	2981.25	2503.125	NaN	NaN	NaN	0	1	1	0	0	0	0	0	0	0	0	0	1	0	0	0	0	1	1	0	1	1	1	0	1	-127.0	0.113	0.308	NaN	NaN	0.269	0.684	NaN	NaN	8.07	23.94	NaN	NaN	0.0	"2.5"	"F0034"	1	0	"PR"	228.668	"deionize"	197.34	0	1	0	0.0	0.0	0.0	null	230.454	0.087
-11.3	0.03135	30000.0	2971.875	2456.25	NaN	NaN	NaN	0	1	1	0	0	0	0	0	0	0	0	0	1	0	0	0	0	1	1	0	1	1	1	0	1	-136.0	0.112	0.304	NaN	NaN	0.267	0.676	NaN	NaN	8.01	23.66	NaN	NaN	0.0	"2.5"	"F0034"	1	0	"PR"	238.508	"deionize"	207.18	0	1	0	0.0	0.0	0.0	null	240.294	0.085
-10.7	0.031625	29625.0	2971.875	2446.875	NaN	NaN	NaN	0	1	1	0	0	0	0	0	0	0	0	0	1	0	0	0	0	1	1	0	1	1	1	0	1	-128.0	0.112	0.303	NaN	NaN	0.267	0.673	NaN	NaN	8.01	23.555	NaN	NaN	0.0	"2.5"	"F0034"	1	0	"PR"	248.544	"deionize"	217.216	0	1	0	0.0	0.0	0.0	null	250.33	0.085
-10.6	0.0308	27562.5	2943.75	2465.625	NaN	NaN	NaN	0	1	1	0	0	0	0	0	0	0	0	0	1	0	0	0	0	1	1	0	1	1	1	0	1	-127.0	0.109	0.305	NaN	NaN	0.26	0.678	NaN	NaN	7.8	23.73	NaN	NaN	0.0	"2.5"	"F0034"	1	0	"PR"	258.583	"deionize"	227.255	0	1	0	0.0	0.0	0.0	null	260.369	0.085
-9.7	0.03025	28500.0	2981.25	2512.5	NaN	NaN	NaN	0	1	1	0	0	0	0	0	0	0	0	0	1	0	0	0	0	1	1	0	1	1	1	0	1	-116.0	0.113	0.309	NaN	NaN	0.269	0.687	NaN	NaN	8.07	24.045	NaN	NaN	0.0	"2.5"	"F0034"	1	0	"PR"	268.621	"deionize"	237.293	0	1	0	0.0	0.0	0.0	null	270.407	0.084
-10.0	0.030525	28500.0	2981.25	2428.125	NaN	NaN	NaN	0	1	1	0	0	0	0	0	0	0	0	0	1	0	0	0	1	1	1	0	1	1	1	0	1	-120.0	0.113	0.301	NaN	NaN	0.269	0.669	NaN	NaN	8.07	23.415	NaN	NaN	0.0	"2.5"	"F0034"	1	0	"PR"	278.558	"deionize-uv"	7.126	0	1	0	0.0	0.0	0.0	null	280.344	0.087
-10.2	0.03025	30000.0	3000.0	2400.0	NaN	NaN	NaN	0	1	1	0	0	0	0	0	0	0	0	0	1	0	0	0	1	1	1	0	1	1	1	0	1	-122.0	0.115	0.298	NaN	NaN	0.274	0.662	NaN	NaN	8.22	23.17	NaN	NaN	0.0	"2.5"	"F0034"	1	0	"PR"	288.596	"deionize-uv"	17.164	0	1	0	0.0	0.0	0.0	null	290.382	0.085
-10.0	0.028875	27562.5	2990.625	2475.0	NaN	NaN	NaN	0	1	1	0	0	0	0	0	0	0	0	0	1	0	0	0	1	1	1	0	1	1	1	0	1	-120.0	0.114	0.305	NaN	NaN	0.271	0.678	NaN	NaN	8.13	23.73	NaN	NaN	0.0	"2.5"	"F0034"	1	0	"PR"	298.628	"deionize-uv"	27.196	0	1	0	0.0	0.0	0.0	null	300.414	0.084
-9.3	0.02915	29812.5	2971.875	2456.25	NaN	NaN	NaN	0	1	1	0	0	0	0	0	0	0	0	0	1	0	0	0	1	1	1	0	1	1	1	0	1	-112.0	0.112	0.304	NaN	NaN	0.267	0.676	NaN	NaN	8.01	23.66	NaN	NaN	0.0	"2.5"	"F0034"	1	0	"PR"	308.66	"deionize-uv"	37.228	0	1	0	0.0	0.0	0.0	null	310.446	0.087
-9.7	0.028325	30000.0	2971.875	2428.125	NaN	NaN	NaN	0	1	1	0	0	0	0	0	0	0	0	0	1	0	0	0	1	1	1	0	1	1	1	0	1	-116.0	0.112	0.301	NaN	NaN	0.267	0.669	NaN	NaN	8.01	23.415	NaN	NaN	0.0	"2.5"	"F0034"	1	0	"PR"	318.698	"deionize-uv"	47.266	0	1	0	0.0	0.0	0.0	null	320.484	0.088
-9.6	0.0286	30000.0	2981.25	2437.5	NaN	NaN	NaN	0	1	1	0	0	0	0	0	0	0	0	0	1	0	0	0	1	1	1	0	1	1	1	0	1	-115.0	0.113	0.302	NaN	NaN	0.269	0.671	NaN	NaN	8.07	23.485	NaN	NaN	0.0	"2.5"	"F0034"	1	0	"PR"	328.734	"deionize-uv"	57.302	0	1	0	0.0	0.0	0.0	null	330.52	0.084
-10.2	0.02805	28500.0	2981.25	2475.0	NaN	NaN	NaN	0	1	1	0	0	0	0	0	0	0	0	0	1	0	0	0	1	1	1	0	1	1	1	0	1	-122.0	0.113	0.305	NaN	NaN	0.269	0.678	NaN	NaN	8.07	23.73	NaN	NaN	0.0	"2.5"	"F0034"	1	0	"PR"	338.766	"deionize-uv"	67.334	0	1	0	0.0	0.0	0.0	null	340.552	0.084
-9.2	0.027775	27375.0	2990.625	2475.0	NaN	NaN	NaN	0	1	1	0	0	0	0	0	0	0	0	0	1	0	0	0	1	1	1	0	1	1	1	0	1	-110.0	0.114	0.305	NaN	NaN	0.271	0.678	NaN	NaN	8.13	23.73	NaN	NaN	0.0	"2.5"	"F0034"	1	0	"PR"	348.803	"deionize-uv"	77.371	0	1	0	0.0	0.0	0.0	null	350.589	0.085
-9.5	0.027775	28125.0	2981.25	2475.0	NaN	NaN	NaN	0	1	1	0	0	0	0	0	0	0	0	0	1	0	0	0	1	1	1	0	1	1	1	0	1	-114.0	0.113	0.305	NaN	NaN	0.269	0.678	NaN	NaN	8.07	23.73	NaN	NaN	0.0	"2.5"	"F0034"	1	0	"PR"	358.638	"deionize-uv"	87.206	0	1	0	0.0	0.0	0.0	null	360.424	0.09
-9.6	0.02695	30000.0	2971.875	2437.5	NaN	NaN	NaN	0	1	1	0	0	0	0	0	0	0	0	0	1	0	0	0	1	1	1	0	1	1	1	0	1	-115.0	0.112	0.302	NaN	NaN	0.267	0.671	NaN	NaN	8.01	23.485	NaN	NaN	0.0	"2.5"	"F0034"	1	0	"PR"	368.676	"deionize-uv"	97.244	0	1	0	0.0	0.0	0.0	null	370.462	0.091
-7.7	0.02695	30000.0	2971.875	2531.25	NaN	NaN	NaN	0	1	1	0	0	0	0	0	0	0	0	0	1	0	0	0	1	1	1	0	1	1	1	0	1	-92.0	0.112	0.311	NaN	NaN	0.267	0.691	NaN	NaN	8.01	24.185	NaN	NaN	0.0	"2.5"	"F0034"	1	0	"PR"	378.712	"deionize-uv"	107.28	0	1	0	0.0	0.0	0.0	null	380.498	0.09
-9.0	0.026125	26812.5	2971.875	2550.0	NaN	NaN	NaN	0	1	1	0	0	0	0	0	0	0	0	0	1	0	0	0	1	1	1	0	1	1	1	0	1	-108.0	0.112	0.313	NaN	NaN	0.267	0.696	NaN	NaN	8.01	24.36	NaN	NaN	0.0	"2.5"	"F0034"	1	0	"PR"	388.745	"deionize-uv"	117.313	0	1	0	0.0	0.0	0.0	null	390.531	0.086
-8.4	0.026125	29812.5	2971.875	1940.625	NaN	NaN	NaN	0	0	1	0	0	0	0	1	0	0	0	0	1	0	0	0	1	1	1	0	1	1	1	0	1	-101.0	0.112	0.252	NaN	NaN	0.267	0.56	NaN	NaN	8.01	19.6	NaN	NaN	0.0	"2.5"	"F0034"	1	0	"PR"	398.714	"drain-di-1"	7.159	0	1	0	0.0	0.0	0.0	null	400.5	0.091
-8.9	0.02585	30000.0	2981.25	1696.875	NaN	NaN	NaN	0	0	1	0	0	0	0	1	0	0	0	0	1	0	0	0	1	1	1	0	1	1	1	0	1	-107.0	0.113	0.228	NaN	NaN	0.269	0.507	NaN	NaN	8.07	17.745	NaN	NaN	0.0	"2.5"	"F0034"	1	0	"PR"	408.748	"drain-di-1"	17.193	0	1	0	0.0	0.0	0.0	null	410.534	0.09
-9.2	0.025575	30000.0	2990.625	1443.75	NaN	NaN	NaN	0	0	1	0	0	0	0	1	0	0	0	0	1	0	0	0	1	1	1	0	1	1	1	0	1	-110.0	0.114	0.202	NaN	NaN	0.271	0.449	NaN	NaN	8.13	15.715	NaN	NaN	0.0	"2.5"	"F0034"	1	0	"PR"	418.788	"drain-di-1"	27.233	0	1	0	0.0	0.0	0.0	null	420.574	0.093
-9.1	0.025575	29437.5	2981.25	1190.625	NaN	NaN	NaN	0	0	1	0	0	0	0	1	0	0	0	0	1	0	0	0	1	1	1	0	1	1	1	0	1	-109.0	0.113	0.177	NaN	NaN	0.269	0.393	NaN	NaN	8.07	13.755	NaN	NaN	0.0	"2.5"	"F0034"	1	0	"PR"	428.827	"drain-di-1"	37.272	0	1	0	0.0	0.0	0.0	null	430.613	0.087
-8.6	0.02475	28500.0	2971.875	928.125	NaN	NaN	NaN	0	0	1	0	0	0	0	1	0	0	0	0	1	0	0	0	1	1	1	0	1	1	1	0	1	-103.0	0.112	0.151	NaN	NaN	0.267	0.336	NaN	NaN	8.01	11.76	NaN	NaN	0.0	"2.5"	"F0034"	1	0	"PR"	438.864	"drain-di-1"	47.309	0	1	0	0.0	0.0	0.0	null	440.65	0.084
-7.1	0.025025	27375.0	2971.875	684.375	NaN	NaN	NaN	0	0	1	0	0	0	0	1	0	0	0	0	1	0	0	0	1	1	1	0	1	1	1	0	1	-85.0	0.112	0.126	NaN	NaN	0.267	0.28	NaN	NaN	8.01	9.8	NaN	NaN	0.0	"2.5"	"F0034"	1	0	"PR"	448.904	"drain-di-1"	57.349	0	1	0	0.0	0.0	0.0	null	450.69	0.087
-8.2	0.024475	28500.0	2981.25	431.25	NaN	NaN	NaN	0	0	1	0	0	0	0	1	0	0	0	0	1	0	0	0	1	1	1	0	1	1	1	0	1	-98.0	0.113	0.101	NaN	NaN	0.269	0.224	NaN	NaN	8.07	7.84	NaN	NaN	0.0	"2.5"	"F0034"	1	0	"PR"	458.739	"drain-di-1"	67.184	0	1	0	0.0	0.0	0.0	null	460.525	0.09
-8.5	0.02475	28500.0	2981.25	187.5	NaN	NaN	NaN	0	0	1	0	0	0	0	1	0	0	0	0	1	0	0	0	1	1	1	0	1	1	1	0	1	-102.0	0.113	0.077	NaN	NaN	0.269	0.171	NaN	NaN	8.07	5.985	NaN	NaN	0.0	"2.5"	"F0034"	1	0	"PR"	468.779	"drain-di-1"	77.224	0	1	0	0.0	0.0	0.0	null	470.565	0.092
-8.8	0.02475	28500.0	2981.25	-84.375	NaN	NaN	NaN	0	0	1	0	0	0	0	1	0	0	0	0	1	0	0	0	1	1	1	0	1	1	1	0	1	-106.0	0.113	0.05	NaN	NaN	0.269	0.111	NaN	NaN	8.07	3.885	NaN	NaN	0.0	"2.5"	"F0034"	1	0	"PR"	478.925	"drip-di-1"	5.93	0	1	0	0.0	0.0	0.0	null	480.711	0.084
6.9	0.02475	19125.0	2981.25	-28.125	NaN	NaN	NaN	1	0	0	0	0	1	1	0	0	0	0	0	1	1	0	0	0	1	1	1	0	1	1	1	0	83.0	0.113	0.055	NaN	NaN	0.269	0.122	NaN	NaN	8.07	4.27	NaN	NaN	0.0	"2.5"	"F0034"	1	1	"PR"	488.926	"reverse-f"	0.765	0	1	0	0.0	0.0	0.0	null	490.712	0.084
12.6	0.025575	21937.5	2812.5	187.5	NaN	NaN	NaN	1	0	0	0	0	1	1	0	0	0	0	0	1	1	0	0	0	1	1	1	0	1	1	1	0	151.0	0.096	0.077	NaN	NaN	0.229	0.171	NaN	NaN	6.87	5.985	NaN	NaN	0.0	"2.5"	"F0034"	1	1	"PR"	498.962	"reverse-f"	10.801	0	1	0	0.0	0.0	0.0	null	500.748	0.084
13.3	0.02695	22125.0	2850.0	506.25	NaN	NaN	NaN	1	0	0	0	0	1	1	0	0	0	0	0	1	1	0	0	0	1	1	1	0	1	1	1	0	160.0	0.1	0.109	NaN	NaN	0.238	0.242	NaN	NaN	7.14	8.47	NaN	NaN	0.0	"2.5"	"F0034"	1	1	"PR"	508.798	"reverse-f"	20.637	0	1	0	0.0	0.0	0.0	null	510.584	0.092
12.2	0.03135	23062.5	2803.125	825.0	NaN	NaN	NaN	1	0	0	0	0	1	1	0	0	0	0	0	1	1	0	0	0	1	1	1	0	1	1	1	0	146.0	0.095	0.141	NaN	NaN	0.226	0.313	NaN	NaN	6.78	10.955	NaN	NaN	0.0	"2.5"	"F0034"	1	1	"PR"	518.834	"reverse-f"	30.673	0	1	0	0.0	0.0	0.0	null	520.62	0.09
12.6	0.0352	21750.0	2821.875	1134.375	NaN	NaN	NaN	1	0	0	0	0	1	1	0	0	0	0	0	1	1	0	0	0	1	1	1	0	1	1	1	0	151.0	0.097	0.171	NaN	NaN	0.231	0.38	NaN	NaN	6.93	13.3	NaN	NaN	0.0	"2.5"	"F0034"	1	1	"PR"	528.868	"reverse-f"	40.707	0	1	0	0.0	0.0	0.0	null	530.654	0.09
12.5	0.038775	20812.5	2784.375	1434.375	NaN	NaN	NaN	1	0	0	0	0	1	1	0	0	0	0	0	1	1	0	0	0	1	1	1	0	1	1	1	0	150.0	0.093	0.201	NaN	NaN	0.221	0.447	NaN	NaN	6.63	15.645	NaN	NaN	0.0	"2.5"	"F0034"	1	1	"PR"	538.906	"reverse-f"	50.745	0	1	0	0.0	0.0	0.0	null	540.692	0.091
14.0	0.0429	21750.0	2803.125	1753.125	NaN	NaN	NaN	1	0	0	0	0	1	1	0	0	0	0	0	1	1	0	0	0	1	1	1	0	1	1	1	0	168.0	0.095	0.233	NaN	NaN	0.226	0.518	NaN	NaN	6.78	18.13	NaN	NaN	0.0	"2.5"	"F0034"	1	1	"PR"	548.939	"reverse-f"	60.778	0	1	0	0.0	0.0	0.0	null	550.725	0.09
11.9	0.045375	23437.5	2821.875	2053.125	NaN	NaN	NaN	1	0	0	0	0	1	1	0	0	0	0	0	1	1	0	0	0	1	1	1	0	1	1	1	0	143.0	0.097	0.263	NaN	NaN	0.231	0.584	NaN	NaN	6.93	20.44	NaN	NaN	0.0	"2.5"	"F0034"	1	1	"PR"	558.974	"reverse-f"	70.813	0	1	0	0.0	0.0	0.0	null	560.76	0.09
12.3	0.047575	22875.0	2821.875	2268.75	NaN	NaN	NaN	0	0	0	0	0	1	1	0	0	0	0	0	1	0	0	0	0	1	1	1	0	1	1	1	0	148.0	0.097	0.285	NaN	NaN	0.231	0.633	NaN	NaN	6.93	22.155	NaN	NaN	0.0	"2.5"	"F0034"	1	1	"PR"	568.919	"reverse"	80.758	0	1	0	0.0	0.0	0.0	null	570.705	0.09
12.4	0.049775	22312.5	2859.375	2259.375	NaN	NaN	NaN	0	0	0	0	0	1	1	0	0	0	0	0	1	0	0	0	0	1	1	1	0	1	1	1	0	149.0	0.101	0.284	NaN	NaN	0.24	0.631	NaN	NaN	7.2	22.085	NaN	NaN	0.0	"2.5"	"F0034"	1	1	"PR"	578.949	"reverse"	90.788	0	1	0	0.0	0.0	0.0	null	580.735	0.09
13.0	0.050875	20625.0	2812.5	2259.375	NaN	NaN	NaN	0	0	0	0	0	1	1	0	0	0	0	0	1	0	0	0	0	1	1	1	0	1	1	1	0	156.0	0.096	0.284	NaN	NaN	0.229	0.631	NaN	NaN	6.87	22.085	NaN	NaN	0.0	"2.5"	"F0034"	1	1	"PR"	588.984	"reverse"	100.823	0	1	0	0.0	0.0	0.0	null	590.77	0.093
12.4	0.051425	22312.5	2812.5	2268.75	NaN	NaN	NaN	0	0	0	0	0	1	1	0	0	0	0	0	1	0	0	0	0	1	1	1	0	1	1	1	0	149.0	0.096	0.285	NaN	NaN	0.229	0.633	NaN	NaN	6.87	22.155	NaN	NaN	0.0	"2.5"	"F0034"	1	1	"PR"	599.019	"reverse"	110.858	0	1	0	0.0	0.0	0.0	null	600.805	0.09
12.1	0.051975	23062.5	2812.5	2268.75	NaN	NaN	NaN	0	0	0	0	0	1	1	0	0	0	0	0	1	0	0	0	0	1	1	1	0	1	1	1	0	145.0	0.096	0.285	NaN	NaN	0.229	0.633	NaN	NaN	6.87	22.155	NaN	NaN	0.0	"2.5"	"F0034"	1	1	"PR"	609.054	"reverse"	120.893	0	1	0	0.0	0.0	0.0	null	610.84	0.09
13.0	0.052525	22875.0	2784.375	2268.75	NaN	NaN	NaN	0	0	0	0	0	1	1	0	0	0	0	0	1	0	0	0	0	1	1	1	0	1	1	1	0	156.0	0.093	0.285	NaN	NaN	0.221	0.633	NaN	NaN	6.63	22.155	NaN	NaN	0.0	"2.5"	"F0034"	1	1	"PR"	619.095	"reverse"	130.934	0	1	0	0.0	0.0	0.0	null	620.881	0.092
12.6	0.053075	20625.0	2803.125	2278.125	NaN	NaN	NaN	0	0	0	0	0	1	1	0	0	0	0	0	1	0	0	0	0	1	1	1	0	1	1	1	0	151.0	0.095	0.286	NaN	NaN	0.226	0.636	NaN	NaN	6.78	22.26	NaN	NaN	0.0	"2.5"	"F0034"	1	1	"PR"	628.926	"reverse"	140.765	0	1	0	0.0	0.0	0.0	null	630.712	0.086
3.4	0.054175	375.0	3018.75	2278.125	NaN	NaN	NaN	0	0	0	0	0	0	0	0	0	0	0	0	0	0	0	0	0	0	0	0	1	0	0	0	1	41.0	0.117	0.286	NaN	NaN	0.279	0.636	NaN	NaN	8.37	22.26	NaN	NaN	0.0	"2.5"	"F0034"	0	0	"PR"	639.049	"diffuse"	0.689	0	1	1	0.0	0.0	0.0	null	640.835	0.086
4.0	0.054175	0.0	3000.0	2278.125	NaN	NaN	NaN	0	0	0	0	0	0	0	0	0	0	0	0	0	0	0	0	0	0	0	0	1	0	0	0	1	48.0	0.115	0.286	NaN	NaN	0.274	0.636	NaN	NaN	8.22	22.26	NaN	NaN	0.0	"2.5"	"F0034"	0	0	"PR"	649.085	"diffuse"	10.725	0	1	1	0.0	0.0	0.0	null	650.871	0.092
4.0	0.0539	562.5	2981.25	2278.125	NaN	NaN	NaN	0	0	0	0	0	0	0	0	0	0	0	0	0	0	0	0	0	0	0	0	1	0	0	0	1	48.0	0.113	0.286	NaN	NaN	0.269	0.636	NaN	NaN	8.07	22.26	NaN	NaN	0.0	"2.5"	"F0034"	0	0	"PR"	659.12	"diffuse"	20.76	0	1	1	0.0	0.0	0.0	null	660.906	0.09
12.6	0.0539	-4312.5	2934.375	2259.375	NaN	NaN	NaN	0	0	0	0	0	1	1	0	0	0	0	0	1	0	0	0	0	1	1	1	0	1	1	1	0	151.0	0.108	0.284	NaN	NaN	0.257	0.631	NaN	NaN	7.71	22.085	NaN	NaN	0.0	"2.5"	"F0034"	1	1	"PR"	669.047	"wash-en"	0.493	0	1	1	0.0	0.0	0.0	null	670.833	0.292
12.7	0.054725	20812.5	2821.875	2268.75	NaN	NaN	NaN	0	0	0	0	0	1	1	0	0	0	0	0	1	0	0	0	0	1	1	1	0	1	1	1	0	152.0	0.097	0.285	NaN	NaN	0.231	0.633	NaN	NaN	6.93	22.155	NaN	NaN	0.0	"2.5"	"F0034"	1	1	"PR"	679.086	"wash-en"	10.532	0	1	1	0.0	0.0	0.0	null	680.872	0.088
12.3	0.055825	20812.5	2803.125	2259.375	NaN	NaN	NaN	0	0	0	0	0	1	1	0	0	0	0	0	1	0	0	0	0	0	0	0	1	0	0	0	1	148.0	0.095	0.284	NaN	NaN	0.226	0.631	NaN	NaN	6.78	22.085	NaN	NaN	0.0	"2.5"	"F0034"	0	0	"PR"	688.923	"wash-sc"	0.201	0	1	1	0.0	0.0	0.0	null	690.709	0.09
3.2	0.056925	22687.5	2850.0	2278.125	NaN	NaN	NaN	0	0	0	0	0	0	0	0	0	0	0	0	0	0	0	0	0	0	0	0	1	0	0	0	1	38.0	0.1	0.286	NaN	NaN	0.238	0.636	NaN	NaN	7.14	22.26	NaN	NaN	0.0	"2.5"	"F0034"	0	0	"PR"	699.054	"diffuse"	0.2	0	1	2	0.0	0.0	0.0	null	700.84	0.091
3.4	0.057475	1125.0	2981.25	2268.75	NaN	NaN	NaN	0	0	0	0	0	0	0	0	0	0	0	0	0	0	0	0	0	0	0	0	1	0	0	0	1	41.0	0.113	0.285	NaN	NaN	0.269	0.633	NaN	NaN	8.07	22.155	NaN	NaN	0.0	"2.5"	"F0034"	0	0	"PR"	709.095	"diffuse"	10.241	0	1	2	0.0	0.0	0.0	null	710.881	0.088
3.5	0.0572	-187.5	2990.625	2278.125	NaN	NaN	NaN	0	0	0	0	0	0	0	0	0	0	0	0	0	0	0	0	0	0	0	0	1	0	0	0	1	42.0	0.114	0.286	NaN	NaN	0.271	0.636	NaN	NaN	8.13	22.26	NaN	NaN	0.0	"2.5"	"F0034"	0	0	"PR"	719.126	"diffuse"	20.272	0	1	2	0.0	0.0	0.0	null	720.912	0.086
3.0	0.0572	562.5	3000.0	2278.125	NaN	NaN	NaN	0	0	0	0	0	1	1	0	0	0	0	0	1	0	0	0	0	1	1	1	0	1	1	1	0	36.0	0.115	0.286	NaN	NaN	0.274	0.636	NaN	NaN	8.22	22.26	NaN	NaN	0.0	"2.5"	"F0034"	1	1	"PR"	729.161	"wash-en"	0.201	0	1	2	0.0	0.0	0.0	null	730.947	0.094
12.5	0.056925	23062.5	2831.25	2268.75	NaN	NaN	NaN	0	0	0	0	0	1	1	0	0	0	0	0	1	0	0	0	0	1	1	1	0	1	1	1	0	150.0	0.098	0.285	NaN	NaN	0.233	0.633	NaN	NaN	6.99	22.155	NaN	NaN	0.0	"2.5"	"F0034"	1	1	"PR"	739.096	"wash-en"	10.136	0	1	2	0.0	0.0	0.0	null	740.882	0.088
12.3	0.05775	22312.5	2803.125	2240.625	NaN	NaN	NaN	0	0	0	0	0	1	1	0	0	0	0	0	1	0	0	0	0	1	1	1	0	1	1	1	0	148.0	0.095	0.282	NaN	NaN	0.226	0.627	NaN	NaN	6.78	21.945	NaN	NaN	0.0	"2.5"	"F0034"	1	1	"PR"	749.13	"wash-en"	20.17	0	1	2	0.0	0.0	0.0	null	750.916	0.084
2.8	0.058575	23062.5	2812.5	2278.125	NaN	NaN	NaN	0	0	0	0	0	1	1	0	0	0	0	0	1	0	0	0	0	0	0	0	1	0	0	0	1	34.0	0.096	0.286	NaN	NaN	0.229	0.636	NaN	NaN	6.87	22.26	NaN	NaN	0.0	"2.5"	"F0034"	0	0	"PR"	759.254	"wash-sc"	10.124	0	1	2	0.0	0.0	0.0	null	761.04	0.091
3.3	0.058025	2250.0	2990.625	2278.125	NaN	NaN	NaN	0	0	0	0	0	0	0	0	0	0	0	0	0	0	0	0	0	0	0	0	1	0	0	0	1	40.0	0.114	0.286	NaN	NaN	0.271	0.636	NaN	NaN	8.13	22.26	NaN	NaN	0.0	"2.5"	"F0034"	0	0	"PR"	769.093	"diffuse"	9.839	0	1	3	0.0	0.0	0.0	null	770.879	0.089
2.7	0.05775	-187.5	3018.75	2296.875	NaN	NaN	NaN	0	0	0	0	0	0	0	0	0	0	0	0	0	0	0	0	0	0	0	0	1	0	0	0	1	32.0	0.117	0.288	NaN	NaN	0.279	0.64	NaN	NaN	8.37	22.4	NaN	NaN	0.0	"2.5"	"F0034"	0	0	"PR"	779.129	"diffuse"	19.875	0	1	3	0.0	0.0	0.0	null	780.915	0.084
2.6	0.05775	-187.5	3018.75	2278.125	NaN	NaN	NaN	0	0	0	0	0	0	0	0	0	0	0	0	0	0	0	0	0	0	0	0	1	0	0	0	1	31.0	0.117	0.286	NaN	NaN	0.279	0.636	NaN	NaN	8.37	22.26	NaN	NaN	0.0	"2.5"	"F0034"	0	0	"PR"	789.164	"diffuse"	29.91	0	1	3	0.0	0.0	0.0	null	790.95	0.084
12.5	0.05775	23062.5	2812.5	2250.0	NaN	NaN	NaN	0	0	0	0	0	1	1	0	0	0	0	0	1	0	0	0	0	1	1	1	0	1	1	1	0	150.0	0.096	0.283	NaN	NaN	0.229	0.629	NaN	NaN	6.87	22.015	NaN	NaN	0.0	"2.5"	"F0034"	1	1	"PR"	799.291	"wash-en"	9.927	0	1	3	0.0	0.0	0.0	null	801.077	0.089
12.3	0.0583	20625.0	2831.25	2268.75	NaN	NaN	NaN	0	0	0	0	0	1	1	0	0	0	0	0	1	0	0	0	0	1	1	1	0	1	1	1	0	148.0	0.098	0.285	NaN	NaN	0.233	0.633	NaN	NaN	6.99	22.155	NaN	NaN	0.0	"2.5"	"F0034"	1	1	"PR"	809.126	"wash-en"	19.762	0	1	3	0.0	0.0	0.0	null	810.912	0.084
2.4	0.0583	23250.0	2821.875	2278.125	NaN	NaN	NaN	0	0	0	0	0	1	1	0	0	0	0	0	1	0	0	0	0	0	0	0	1	0	0	0	1	29.0	0.097	0.286	NaN	NaN	0.231	0.636	NaN	NaN	6.93	22.26	NaN	NaN	0.0	"2.5"	"F0034"	0	0	"PR"	819.252	"wash-sc"	9.724	0	1	3	0.0	0.0	0.0	null	821.038	0.084
2.8	0.0583	1687.5	3000.0	2278.125	NaN	NaN	NaN	0	0	0	0	0	0	0	0	0	0	0	0	0	0	0	0	0	0	0	0	1	0	0	0	1	34.0	0.115	0.286	NaN	NaN	0.274	0.636	NaN	NaN	8.22	22.26	NaN	NaN	0.0	"2.5"	"F0034"	0	0	"PR"	829.289	"diffuse"	9.636	0	1	4	0.0	0.0	0.0	null	831.075	0.089
1.5	0.05885	562.5	2990.625	2287.5	NaN	NaN	NaN	0	0	0	0	0	0	0	0	0	0	0	0	0	0	0	0	0	0	0	0	1	0	0	0	1	18.0	0.114	0.287	NaN	NaN	0.271	0.638	NaN	NaN	8.13	22.33	NaN	NaN	0.0	"2.5"	"F0034"	0	0	"PR"	839.324	"diffuse"	19.671	0	1	4	0.0	0.0	0.0	null	841.11	0.086
3.2	0.058575	937.5	2990.625	2278.125	NaN	NaN	NaN	0	0	0	0	0	0	0	0	0	0	0	0	0	0	0	0	0	0	0	0	1	0	0	0	1	38.0	0.114	0.286	NaN	NaN	0.271	0.636	NaN	NaN	8.13	22.26	NaN	NaN	0.0	"2.5"	"F0034"	0	0	"PR"	849.352	"diffuse"	29.699	0	1	4	0.0	0.0	0.0	null	851.138	0.085
12.6	0.05775	22125.0	2850.0	2268.75	NaN	NaN	NaN	0	0	0	0	0	1	1	0	0	0	0	0	1	0	0	0	0	1	1	1	0	1	1	1	0	151.0	0.1	0.285	NaN	NaN	0.238	0.633	NaN	NaN	7.14	22.155	NaN	NaN	0.0	"2.5"	"F0034"	1	1	"PR"	859.268	"wash-en"	9.514	0	1	4	0.0	0.0	0.0	null	861.054	0.085
13.1	0.058575	22687.5	2831.25	2268.75	NaN	NaN	NaN	0	0	0	0	0	1	1	0	0	0	0	0	1	0	0	0	0	1	1	1	0	1	1	1	0	157.0	0.098	0.285	NaN	NaN	0.233	0.633	NaN	NaN	6.99	22.155	NaN	NaN	0.0	"2.5"	"F0034"	1	1	"PR"	869.309	"wash-en"	19.555	0	1	4	0.0	0.0	0.0	null	871.095	0.084
2.2	0.059125	22687.5	2831.25	2268.75	NaN	NaN	NaN	0	0	0	0	0	1	1	0	0	0	0	0	1	0	0	0	0	0	0	0	1	0	0	0	1	26.0	0.098	0.285	NaN	NaN	0.233	0.633	NaN	NaN	6.99	22.155	NaN	NaN	0.0	"2.5"	"F0034"	0	0	"PR"	879.233	"wash-sc"	9.322	0	1	4	0.0	0.0	0.0	null	881.019	0.087
2.1	0.0594	-1125.0	2475.0	2278.125	NaN	NaN	NaN	0	0	0	0	1	0	0	0	0	0	0	0	0	0	0	0	0	0	0	0	1	0	0	0	1	25.0	0.062	0.286	NaN	NaN	0.148	0.636	NaN	NaN	4.44	22.26	NaN	NaN	0.0	"2.5"	"F0034"	0	0	"PR"	889.269	"drain-rg"	9.234	0	1	4	0.0	0.0	0.0	null	891.055	0.084
1.8	0.05885	-1312.5	2156.25	2278.125	NaN	NaN	NaN	0	0	0	0	1	0	0	0	0	0	0	0	0	0	0	0	0	0	0	0	1	0	0	0	1	22.0	0.031	0.286	NaN	NaN	0.074	0.636	NaN	NaN	2.22	22.26	NaN	NaN	0.0	"2.5"	"F0034"	0	0	"PR"	899.309	"drain-rg"	19.274	0	1	4	0.0	0.0	0.0	null	901.095	0.084
1.6	0.059125	-1125.0	1725.0	2278.125	NaN	NaN	NaN	0	0	0	0	1	0	0	0	0	0	0	0	0	0	0	0	0	0	0	0	1	0	0	0	1	19.0	-0.013	0.286	NaN	NaN	-0.031	0.636	NaN	NaN	-0.93	22.26	NaN	NaN	0.0	"2.5"	"F0034"	0	0	"PR"	909.343	"drip-rg"	2.608	0	1	4	0.0	0.0	0.0	null	911.129	0.084
2.0	0.05885	-1875.0	9.375	2278.125	NaN	NaN	NaN	0	0	0	0	1	0	0	0	0	0	0	0	0	0	0	0	0	0	0	0	1	0	0	0	1	24.0	-0.184	0.286	NaN	NaN	-0.438	0.636	NaN	NaN	-13.14	22.26	NaN	NaN	0.0	"2.5"	"F0034"	0	0	"PR"	919.381	"drip-rg"	12.646	0	1	4	0.0	0.0	0.0	null	921.167	0.084
1.8	0.05885	22500.0	1734.375	2128.125	NaN	NaN	NaN	0	0	1	0	0	1	0	0	0	0	0	0	1	0	0	0	0	0	0	0	1	0	0	0	1	22.0	-0.012	0.271	NaN	NaN	-0.029	0.602	NaN	NaN	-0.87	21.07	NaN	NaN	0.0	"2.5"	"F0034"	0	0	"FR"	6.842	"fill-rg-di"	6.641	1	1	0	923.778	0.0	0.0	null	931.242	0.084
1.8	0.0583	23062.5	2165.625	1875.0	NaN	NaN	NaN	0	0	1	0	0	1	0	0	0	0	0	0	1	0	0	0	0	0	0	0	1	0	0	0	1	22.0	0.032	0.245	NaN	NaN	0.076	0.544	NaN	NaN	2.28	19.04	NaN	NaN	0.0	"2.5"	"F0034"	0	0	"FR"	16.678	"fill-rg-di"	16.477	1	1	0	923.778	0.0	0.0	null	941.078	0.087
1.8	0.058025	22125.0	2493.75	1621.875	NaN	NaN	NaN	0	0	1	0	0	1	0	0	0	0	0	0	1	0	0	0	0	0	0	0	1	0	0	0	1	22.0	0.064	0.22	NaN	NaN	0.152	0.489	NaN	NaN	4.56	17.115	NaN	NaN	0.0	"2.5"	"F0034"	0	0	"FR"	26.716	"fill-rg-di"	26.515	1	1	0	923.778	0.0	0.0	null	951.116	0.086
1.9	0.0561	22125.0	2803.125	1340.625	NaN	NaN	NaN	0	0	1	0	0	1	0	0	0	0	0	0	1	0	0	0	0	0	0	0	1	0	0	0	1	23.0	0.095	0.192	NaN	NaN	0.226	0.427	NaN	NaN	6.78	14.945	NaN	NaN	0.0	"2.5"	"F0034"	0	0	"FR"	36.748	"fill-rg-di"	36.547	1	1	0	923.778	0.0	0.0	null	961.148	0.085
2.6	0.05445	23062.5	3112.5	1096.875	NaN	NaN	NaN	0	0	1	0	0	1	0	0	0	0	0	0	1	0	0	0	0	0	0	0	1	0	0	0	1	31.0	0.126	0.168	NaN	NaN	0.3	0.373	NaN	NaN	9.0	13.055	NaN	NaN	0.0	"2.5"	"F0034"	0	0	"FR"	46.789	"fill-rg-di"	46.588	1	1	0	923.778	0.0	0.0	null	971.189	0.088
1.7	0.05335	2250.0	2859.375	993.75	NaN	NaN	NaN	0	0	0	0	1	0	0	0	0	0	0	0	0	0	0	0	0	0	0	0	1	0	0	0	1	20.0	0.101	0.157	NaN	NaN	0.24	0.349	NaN	NaN	7.2	12.215	NaN	NaN	0.0	"2.5"	"F0034"	0	0	"FR"	56.821	"drain-rg"	5.817	1	1	0	923.778	0.0	0.0	null	981.221	0.084
1.8	0.053075	1125.0	2437.5	993.75	NaN	NaN	NaN	0	0	0	0	1	0	0	0	0	0	0	0	0	0	0	0	0	0	0	0	1	0	0	0	1	22.0	0.059	0.157	NaN	NaN	0.14	0.349	NaN	NaN	4.2	12.215	NaN	NaN	0.0	"2.5"	"F0034"	0	0	"FR"	66.852	"drain-rg"	15.848	1	1	0	923.778	0.0	0.0	null	991.252	0.084
2.2	0.05335	1125.0	2100.0	984.375	NaN	NaN	NaN	0	0	0	0	1	0	0	0	0	0	0	0	0	0	0	0	0	0	0	0	1	0	0	0	1	26.0	0.025	0.156	NaN	NaN	0.06	0.347	NaN	NaN	1.8	12.145	NaN	NaN	0.0	"2.5"	"F0034"	0	0	"FR"	76.891	"drain-rg"	25.887	1	1	0	923.778	0.0	0.0	null	1001.291	0.088
1.9	0.053075	1875.0	1725.0	993.75	NaN	NaN	NaN	0	0	0	0	1	0	0	0	0	0	0	0	0	0	0	0	0	0	0	0	1	0	0	0	1	23.0	-0.013	0.157	NaN	NaN	-0.031	0.349	NaN	NaN	-0.93	12.215	NaN	NaN	0.0	"2.5"	"F0034"	0	0	"FR"	86.924	"drip-rg"	2.609	1	1	0	923.778	0.0	0.0	null	1011.324	0.084
1.4	0.053075	1687.5	0.0	993.75	NaN	NaN	NaN	0	0	0	0	1	0	0	0	0	0	0	0	0	0	0	0	0	0	0	0	1	0	0	0	1	17.0	-0.185	0.157	NaN	NaN	-0.44	0.349	NaN	NaN	-13.2	12.215	NaN	NaN	0.0	"2.5"	"F0034"	0	0	"FR"	96.758	"drip-rg"	12.443	1	1	0	923.778	0.0	0.0	null	1021.158	0.091
2.0	0.0528	22125.0	1753.125	834.375	NaN	NaN	NaN	0	0	1	0	0	1	0	0	0	0	0	0	1	0	0	0	0	0	0	0	1	0	0	0	1	24.0	-0.01	0.141	NaN	NaN	-0.024	0.313	NaN	NaN	-0.72	10.955	NaN	NaN	0.0	"2.5"	"F0034"	0	0	"PR"	6.643	"fill-rg-di"	6.442	1	0	0	923.778	0.0	1023.969	null	1031.239	0.094
2.0	0.0517	22125.0	2146.875	571.875	NaN	NaN	NaN	0	0	1	0	0	1	0	0	0	0	0	0	1	0	0	0	0	0	0	0	1	0	0	0	1	24.0	0.03	0.115	NaN	NaN	0.071	0.256	NaN	NaN	2.13	8.96	NaN	NaN	0.0	"2.5"	"F0034"	0	0	"PR"	16.683	"fill-rg-di"	16.482	1	0	0	923.778	0.0	1023.969	null	1041.279	0.089
0.6	0.049225	21562.5	2503.125	328.125	NaN	NaN	NaN	0	0	1	0	0	1	0	0	0	0	0	0	1	0	0	0	0	0	0	0	1	0	0	0	1	7.0	0.065	0.091	NaN	NaN	0.155	0.202	NaN	NaN	4.65	7.07	NaN	NaN	0.0	"2.5"	"F0034"	0	0	"PR"	26.72	"fill-rg-di"	26.519	1	0	0	923.778	0.0	1023.969	null	1051.316	0.084
0.4	0.0484	937.5	2718.75	168.75	NaN	NaN	NaN	1	0	0	0	0	0	0	0	0	0	0	0	0	1	0	0	0	0	0	0	1	0	0	0	1	5.0	0.087	0.075	NaN	NaN	0.207	0.167	NaN	NaN	6.21	5.845	NaN	NaN	0.0	"2.5"	"F0034"	0	0	"PR"	36.754	"fill-di-lb"	2.208	1	0	0	923.778	0.0	1023.969	null	1061.35	0.09
2.3	0.048125	1687.5	2718.75	487.5	NaN	NaN	NaN	1	0	0	0	0	0	0	0	0	0	0	0	0	1	0	0	0	0	0	0	1	0	0	0	1	28.0	0.087	0.107	NaN	NaN	0.207	0.238	NaN	NaN	6.21	8.33	NaN	NaN	0.0	"2.5"	"F0034"	0	0	"PR"	46.791	"fill-di-lb"	12.245	1	0	0	923.778	0.0	1023.969	null	1071.387	0.085
2.5	0.0484	3562.5	2737.5	787.5	NaN	NaN	NaN	1	0	0	0	0	0	0	0	0	0	0	0	0	1	0	0	0	0	0	0	1	0	0	0	1	30.0	0.089	0.137	NaN	NaN	0.212	0.304	NaN	NaN	6.36	10.64	NaN	NaN	0.0	"2.5"	"F0034"	0	0	"PR"	56.625	"fill-di-lb"	22.079	1	0	0	923.778	0.0	1023.969	null	1081.221	0.09
1.6	0.04785	750.0	2700.0	1106.25	NaN	NaN	NaN	1	0	0	0	0	0	0	0	0	0	0	0	0	1	0	0	0	0	0	0	1	0	0	0	1	19.0	0.085	0.169	NaN	NaN	0.202	0.376	NaN	NaN	6.06	13.16	NaN	NaN	0.0	"2.5"	"F0034"	0	0	"PR"	66.66	"fill-di-lb"	32.114	1	0	0	923.778	0.0	1023.969	null	1091.256	0.09
1.8	0.048125	1687.5	2709.375	1425.0	NaN	NaN	NaN	1	0	0	0	0	0	0	0	0	0	0	0	0	1	0	0	0	0	0	0	1	0	0	0	1	22.0	0.086	0.2	NaN	NaN	0.205	0.444	NaN	NaN	6.15	15.54	NaN	NaN	0.0	"2.5"	"F0034"	0	0	"PR"	76.699	"fill-di-lb"	42.153	1	0	0	923.778	0.0	1023.969	null	1101.295	0.09
1.6	0.048125	2812.5	2709.375	1743.75	NaN	NaN	NaN	1	0	0	0	0	0	0	0	0	0	0	0	0	1	0	0	0	0	0	0	1	0	0	0	1	19.0	0.086	0.232	NaN	NaN	0.205	0.516	NaN	NaN	6.15	18.06	NaN	NaN	0.0	"2.5"	"F0034"	0	0	"PR"	86.733	"fill-di-lb"	52.187	1	0	0	923.778	0.0	1023.969	null	1111.329	0.09
1.4	0.047575	2250.0	2718.75	2025.0	NaN	NaN	NaN	1	0	0	0	0	0	0	0	0	0	0	0	0	1	0	0	0	0	0	0	1	0	0	0	1	17.0	0.087	0.261	NaN	NaN	0.207	0.58	NaN	NaN	6.21	20.3	NaN	NaN	0.0	"2.5"	"F0034"	0	0	"PR"	96.772	"fill-di-lb"	62.226	1	0	0	923.778	0.0	1023.969	null	1121.368	0.092
1.4	0.0473	23250.0	2821.875	2175.0	NaN	NaN	NaN	0	0	1	0	0	1	0	0	0	0	0	0	1	0	0	0	0	0	0	0	1	0	0	0	1	17.0	0.097	0.276	NaN	NaN	0.231	0.613	NaN	NaN	6.93	21.455	NaN	NaN	0.0	"2.5"	"F0034"	0	0	"PR"	106.807	"fill-rg-di"	3.412	1	0	0	923.778	0.0	1023.969	null	1131.403	0.09
1.7	0.047025	4687.5	2971.875	2250.0	NaN	NaN	NaN	1	0	0	0	0	0	0	0	0	0	0	0	0	1	0	0	0	0	0	0	1	0	0	0	1	20.0	0.112	0.283	NaN	NaN	0.267	0.629	NaN	NaN	8.01	22.015	NaN	NaN	0.0	"2.5"	"F0034"	0	0	"PR"	116.846	"fill-di"	5.22	1	0	0	923.778	0.0	1023.969	null	1141.442	0.09
12.4	0.0462	29812.5	2971.875	2521.875	NaN	NaN	NaN	0	1	1	0	0	0	0	0	0	0	0	0	1	0	0	0	0	1	1	1	0	1	1	1	0	149.0	0.112	0.31	NaN	NaN	0.267	0.689	NaN	NaN	8.01	24.115	NaN	NaN	0.0	"2.5"	"F0034"	1	1	"PR"	126.695	"deionize"	9.447	1	1	0	923.778	0.0	1023.969	null	1151.291	0.092
11.5	0.044825	30000.0	2971.875	2437.5	NaN	NaN	NaN	0	1	1	0	0	0	0	0	0	0	0	0	1	0	0	0	0	1	1	1	0	1	1	1	0	138.0	0.112	0.302	NaN	NaN	0.267	0.671	NaN	NaN	8.01	23.485	NaN	NaN	0.0	"2.5"	"F0034"	1	1	"PR"	136.732	"deionize"	19.484	1	1	0	923.778	0.0	1023.969	null	1161.328	0.088
12.6	0.044	29250.0	2953.125	2456.25	NaN	NaN	NaN	0	1	1	0	0	0	0	0	0	0	0	0	1	0	0	0	0	1	1	1	0	1	1	1	0	151.0	0.11	0.304	NaN	NaN	0.262	0.676	NaN	NaN	7.86	23.66	NaN	NaN	0.0	"2.5"	"F0034"	1	1	"PR"	146.776	"deionize"	29.528	1	1	0	923.778	0.0	1023.969	null	1171.372	0.092
12.6	0.0429	28312.5	2962.5	2550.0	NaN	NaN	NaN	0	1	1	0	0	0	0	0	0	0	0	0	1	0	0	0	0	1	1	1	0	1	1	1	0	151.0	0.111	0.313	NaN	NaN	0.264	0.696	NaN	NaN	7.92	24.36	NaN	NaN	0.0	"2.5"	"F0034"	1	1	"PR"	156.814	"deionize"	39.566	1	1	0	923.778	0.0	1023.969	null	1181.41	0.091
12.6	0.0418	30000.0	2971.875	2493.75	NaN	NaN	NaN	0	1	1	0	0	0	0	0	0	0	0	0	1	0	0	0	0	1	1	1	0	1	1	1	0	151.0	0.112	0.307	NaN	NaN	0.267	0.682	NaN	NaN	8.01	23.87	NaN	NaN	0.0	"2.5"	"F0034"	1	1	"PR"	166.851	"deionize"	49.603	1	1	0	923.778	0.0	1023.969	null	1191.447	0.091
12.2	0.041525	29250.0	2971.875	2484.375	NaN	NaN	NaN	0	1	1	0	0	0	0	0	0	0	0	0	1	0	0	0	0	1	1	1	0	1	1	1	0	146.0	0.112	0.306	NaN	NaN	0.267	0.68	NaN	NaN	8.01	23.8	NaN	NaN	0.0	"2.5"	"F0034"	1	1	"PR"	176.891	"deionize"	59.643	1	1	0	923.778	0.0	1023.969	null	1201.487	0.092
12.1	0.039875	30000.0	2990.625	2437.5	NaN	NaN	NaN	0	1	1	0	0	0	0	0	0	0	0	0	1	0	0	0	0	1	1	1	0	1	1	1	0	145.0	0.114	0.302	NaN	NaN	0.271	0.671	NaN	NaN	8.13	23.485	NaN	NaN	0.0	"2.5"	"F0034"	1	1	"PR"	186.929	"deionize"	69.681	1	1	0	923.778	0.0	1023.969	null	1211.525	0.087
13.3	0.0396	29437.5	2953.125	2465.625	NaN	NaN	NaN	0	1	1	0	0	0	0	0	0	0	0	0	1	0	0	0	0	1	1	1	0	1	1	1	0	160.0	0.11	0.305	NaN	NaN	0.262	0.678	NaN	NaN	7.86	23.73	NaN	NaN	0.0	"2.5"	"F0034"	1	1	"PR"	196.77	"deionize"	79.522	1	1	0	923.778	0.0	1023.969	null	1221.366	0.088
12.6	0.039325	30000.0	2962.5	2446.875	NaN	NaN	NaN	0	1	1	0	0	0	0	0	0	0	0	0	1	0	0	0	0	1	1	1	0	1	1	1	0	151.0	0.111	0.303	NaN	NaN	0.264	0.673	NaN	NaN	7.92	23.555	NaN	NaN	0.0	"2.5"	"F0034"	1	1	"PR"	206.805	"deionize"	89.557	1	1	0	923.778	0.0	1023.969	null	1231.401	0.087
12.6	0.038225	30000.0	2953.125	2390.625	NaN	NaN	NaN	0	1	1	0	0	0	0	0	0	0	0	0	1	0	0	0	0	1	1	1	0	1	1	1	0	151.0	0.11	0.297	NaN	NaN	0.262	0.66	NaN	NaN	7.86	23.1	NaN	NaN	0.0	"2.5"	"F0034"	1	1	"PR"	216.844	"deionize"	99.596	1	1	0	923.778	0.0	1023.969	null	1241.44	0.087
12.4	0.03795	29625.0	2962.5	2456.25	NaN	NaN	NaN	0	1	1	0	0	0	0	0	0	0	0	0	1	0	0	0	0	1	1	1	0	1	1	1	0	149.0	0.111	0.304	NaN	NaN	0.264	0.676	NaN	NaN	7.92	23.66	NaN	NaN	0.0	"2.5"	"F0034"	1	1	"PR"	226.888	"deionize"	109.64	1	1	0	923.778	0.0	1023.969	null	1251.484	0.089
12.2	0.037675	30375.0	2962.5	2362.5	NaN	NaN	NaN	0	1	1	0	0	0	0	0	0	0	0	0	1	0	0	0	0	1	1	1	0	1	1	1	0	146.0	0.111	0.294	NaN	NaN	0.264	0.653	NaN	NaN	7.92	22.855	NaN	NaN	0.0	"2.5"	"F0034"	1	1	"PR"	236.926	"deionize"	119.678	1	1	0	923.778	0.0	1023.969	null	1261.522	0.088
11.2	0.037125	30000.0	2971.875	2418.75	NaN	NaN	NaN	0	1	1	0	0	0	0	0	0	0	0	0	1	0	0	0	0	1	1	1	0	1	1	1	0	134.0	0.112	0.3	NaN	NaN	0.267	0.667	NaN	NaN	8.01	23.345	NaN	NaN	0.0	"2.5"	"F0034"	1	1	"PR"	246.967	"deionize"	129.719	1	1	0	923.778	0.0	1023.969	null	1271.563	0.088
11.7	0.037125	30000.0	2962.5	2400.0	NaN	NaN	NaN	0	1	1	0	0	0	0	0	0	0	0	0	1	0	0	0	0	1	1	1	0	1	1	1	0	140.0	0.111	0.298	NaN	NaN	0.264	0.662	NaN	NaN	7.92	23.17	NaN	NaN	0.0	"2.5"	"F0034"	1	1	"PR"	257.006	"deionize"	139.758	1	1	0	923.778	0.0	1023.969	null	1281.602	0.09
12.7	0.03685	28125.0	2981.25	2437.5	NaN	NaN	NaN	0	1	1	0	0	0	0	0	0	0	0	0	1	0	0	0	0	1	1	1	0	1	1	1	0	152.0	0.113	0.302	NaN	NaN	0.269	0.671	NaN	NaN	8.07	23.485	NaN	NaN	0.0	"2.5"	"F0034"	1	1	"PR"	266.841	"deionize"	149.593	1	1	0	923.778	0.0	1023.969	null	1291.437	0.084
12.3	0.0363	27375.0	2981.25	2437.5	NaN	NaN	NaN	0	1	1	0	0	0	0	0	0	0	0	0	1	0	0	0	0	1	1	1	0	1	1	1	0	148.0	0.113	0.302	NaN	NaN	0.269	0.671	NaN	NaN	8.07	23.485	NaN	NaN	0.0	"2.5"	"F0034"	1	1	"PR"	276.882	"deionize"	159.634	1	1	0	923.778	0.0	1023.969	null	1301.478	0.09
13.2	0.036025	27937.5	2962.5	2371.875	NaN	NaN	NaN	0	1	1	0	0	0	0	0	0	0	0	0	1	0	0	0	0	1	1	1	0	1	1	1	0	158.0	0.111	0.295	NaN	NaN	0.264	0.656	NaN	NaN	7.92	22.96	NaN	NaN	0.0	"2.5"	"F0034"	1	1	"PR"	286.918	"deionize"	169.67	1	1	0	923.778	0.0	1023.969	null	1311.514	0.084
11.9	0.036025	28500.0	2981.25	2353.125	NaN	NaN	NaN	0	1	1	0	0	0	0	0	0	0	0	0	1	0	0	0	0	1	1	1	0	1	1	1	0	143.0	0.113	0.293	NaN	NaN	0.269	0.651	NaN	NaN	8.07	22.785	NaN	NaN	0.0	"2.5"	"F0034"	1	1	"PR"	296.956	"deionize"	179.708	1	1	0	923.778	0.0	1023.969	null	1321.552	0.084
12.6	0.0352	27562.5	2971.875	2437.5	NaN	NaN	NaN	0	1	1	0	0	0	0	0	0	0	0	0	1	0	0	0	0	1	1	1	0	1	1	1	0	151.0	0.112	0.302	NaN	NaN	0.267	0.671	NaN	NaN	8.01	23.485	NaN	NaN	0.0	"2.5"	"F0034"	1	1	"PR"	306.993	"deionize"	189.745	1	1	0	923.778	0.0	1023.969	null	1331.589	0.09
12.7	0.03465	29812.5	2990.625	2428.125	NaN	NaN	NaN	0	1	1	0	0	0	0	0	0	0	0	0	1	0	0	0	0	1	1	1	0	1	1	1	0	152.0	0.114	0.301	NaN	NaN	0.271	0.669	NaN	NaN	8.13	23.415	NaN	NaN	0.0	"2.5"	"F0034"	1	1	"PR"	317.031	"deionize"	199.783	1	1	0	923.778	0.0	1023.969	null	1341.627	0.087
12.4	0.034925	29250.0	2981.25	2418.75	NaN	NaN	NaN	0	1	1	0	0	0	0	0	0	0	0	0	1	0	0	0	0	1	1	1	0	1	1	1	0	149.0	0.113	0.3	NaN	NaN	0.269	0.667	NaN	NaN	8.07	23.345	NaN	NaN	0.0	"2.5"	"F0034"	1	1	"PR"	327.069	"deionize"	209.821	1	1	0	923.778	0.0	1023.969	null	1351.665	0.087
12.3	0.034375	30000.0	2962.5	2409.375	NaN	NaN	NaN	0	1	1	0	0	0	0	0	0	0	0	0	1	0	0	0	0	1	1	1	0	1	1	1	0	148.0	0.111	0.299	NaN	NaN	0.264	0.664	NaN	NaN	7.92	23.24	NaN	NaN	0.0	"2.5"	"F0034"	1	1	"PR"	337.106	"deionize"	219.858	1	1	0	923.778	0.0	1023.969	null	1361.702	0.095
11.9	0.033825	28312.5	2981.25	2325.0	NaN	NaN	NaN	0	1	1	0	0	0	0	0	0	0	0	0	1	0	0	0	0	1	1	1	0	1	1	1	0	143.0	0.113	0.291	NaN	NaN	0.269	0.647	NaN	NaN	8.07	22.645	NaN	NaN	0.0	"2.5"	"F0034"	1	1	"PR"	346.943	"deionize"	229.695	1	1	0	923.778	0.0	1023.969	null	1371.539	0.084
12.3	0.033825	26812.5	2953.125	2437.5	NaN	NaN	NaN	0	1	1	0	0	0	0	0	0	0	0	0	1	0	0	0	0	1	1	1	0	1	1	1	0	148.0	0.11	0.302	NaN	NaN	0.262	0.671	NaN	NaN	7.86	23.485	NaN	NaN	0.0	"2.5"	"F0034"	1	1	"PR"	356.984	"deionize"	239.736	1	1	0	923.778	0.0	1023.969	null	1381.58	0.087
12.6	0.032725	29812.5	2971.875	2362.5	NaN	NaN	NaN	0	1	1	0	0	0	0	0	0	0	0	0	1	0	0	0	1	1	1	1	0	1	1	1	0	151.0	0.112	0.294	NaN	NaN	0.267	0.653	NaN	NaN	8.01	22.855	NaN	NaN	0.0	"2.5"	"F0034"	1	1	"PR"	367.129	"deionize-uv"	9.743	1	1	0	923.778	0.0	1023.969	null	1391.725	0.086
12.2	0.032725	27562.5	2953.125	2390.625	NaN	NaN	NaN	0	1	1	0	0	0	0	0	0	0	0	0	1	0	0	0	1	1	1	1	0	1	1	1	0	146.0	0.11	0.297	NaN	NaN	0.262	0.66	NaN	NaN	7.86	23.1	NaN	NaN	0.0	"2.5"	"F0034"	1	1	"PR"	376.963	"deionize-uv"	19.577	1	1	0	923.778	0.0	1023.969	null	1401.559	0.084
13.2	0.03245	28500.0	2962.5	2343.75	NaN	NaN	NaN	0	1	1	0	0	0	0	0	0	0	0	0	1	0	0	0	1	1	1	1	0	1	1	1	0	158.0	0.111	0.292	NaN	NaN	0.264	0.649	NaN	NaN	7.92	22.715	NaN	NaN	0.0	"2.5"	"F0034"	1	1	"PR"	387.003	"deionize-uv"	29.617	1	1	0	923.778	0.0	1023.969	null	1411.599	0.084
11.2	0.032175	29437.5	2962.5	2371.875	NaN	NaN	NaN	0	1	1	0	0	0	0	0	0	0	0	0	1	0	0	0	1	1	1	1	0	1	1	1	0	134.0	0.111	0.295	NaN	NaN	0.264	0.656	NaN	NaN	7.92	22.96	NaN	NaN	0.0	"2.5"	"F0034"	1	1	"PR"	397.033	"deionize-uv"	39.647	1	1	0	923.778	0.0	1023.969	null	1421.629	0.088
12.3	0.03135	30000.0	2981.25	2353.125	NaN	NaN	NaN	0	1	1	0	0	0	0	0	0	0	0	0	1	0	0	0	1	1	1	1	0	1	1	1	0	148.0	0.113	0.293	NaN	NaN	0.269	0.651	NaN	NaN	8.07	22.785	NaN	NaN	0.0	"2.5"	"F0034"	1	1	"PR"	407.071	"deionize-uv"	49.685	1	1	0	923.778	0.0	1023.969	null	1431.667	0.085
12.6	0.03135	30000.0	2953.125	2381.25	NaN	NaN	NaN	0	1	1	0	0	0	0	0	0	0	0	0	1	0	0	0	1	1	1	1	0	1	1	1	0	151.0	0.11	0.296	NaN	NaN	0.262	0.658	NaN	NaN	7.86	23.03	NaN	NaN	0.0	"2.5"	"F0034"	1	1	"PR"	417.111	"deionize-uv"	59.725	1	1	0	923.778	0.0	1023.969	null	1441.707	0.086
13.0	0.0308	29812.5	2962.5	2400.0	NaN	NaN	NaN	0	1	1	0	0	0	0	0	0	0	0	0	1	0	0	0	1	1	1	1	0	1	1	1	0	156.0	0.111	0.298	NaN	NaN	0.264	0.662	NaN	NaN	7.92	23.17	NaN	NaN	0.0	"2.5"	"F0034"	1	1	"PR"	427.142	"deionize-uv"	69.756	1	1	0	923.778	0.0	1023.969	null	1451.738	0.084
11.9	0.03025	28312.5	2971.875	2371.875	NaN	NaN	NaN	0	1	1	0	0	0	0	0	0	0	0	0	1	0	0	0	1	1	1	1	0	1	1	1	0	143.0	0.112	0.295	NaN	NaN	0.267	0.656	NaN	NaN	8.01	22.96	NaN	NaN	0.0	"2.5"	"F0034"	1	1	"PR"	437.181	"deionize-uv"	79.795	1	1	0	923.778	0.0	1023.969	null	1461.777	0.089
12.6	0.029425	28500.0	2971.875	2390.625	NaN	NaN	NaN	0	1	1	0	0	0	0	0	0	0	0	0	1	0	0	0	1	1	1	1	0	1	1	1	0	151.0	0.112	0.297	NaN	NaN	0.267	0.66	NaN	NaN	8.01	23.1	NaN	NaN	0.0	"2.5"	"F0034"	1	1	"PR"	447.218	"deionize-uv"	89.832	1	1	0	923.778	0.0	1023.969	null	1471.814	0.086
11.7	0.029425	28687.5	2962.5	2390.625	NaN	NaN	NaN	0	1	1	0	0	0	0	0	0	0	0	0	1	0	0	0	1	1	1	1	0	1	1	1	0	140.0	0.111	0.297	NaN	NaN	0.264	0.66	NaN	NaN	7.92	23.1	NaN	NaN	0.0	"2.5"	"F0034"	1	1	"PR"	457.253	"deionize-uv"	99.867	1	1	0	923.778	0.0	1023.969	null	1481.849	0.086
10.6	0.029425	28687.5	2953.125	2390.625	NaN	NaN	NaN	0	1	1	0	0	0	0	0	0	0	0	0	1	0	0	0	1	1	1	1	0	1	1	1	0	127.0	0.11	0.297	NaN	NaN	0.262	0.66	NaN	NaN	7.86	23.1	NaN	NaN	0.0	"2.5"	"F0034"	1	1	"PR"	467.093	"deionize-uv"	109.707	1	1	0	923.778	0.0	1023.969	null	1491.689	0.085
11.5	0.02915	29250.0	2962.5	2371.875	NaN	NaN	NaN	0	1	1	0	0	0	0	0	0	0	0	0	1	0	0	0	1	1	1	1	0	1	1	1	0	138.0	0.111	0.295	NaN	NaN	0.264	0.656	NaN	NaN	7.92	22.96	NaN	NaN	0.0	"2.5"	"F0034"	1	1	"PR"	477.128	"deionize-uv"	119.742	1	1	0	923.778	0.0	1023.969	null	1501.724	0.084
11.2	0.0286	29437.5	2953.125	1846.875	NaN	NaN	NaN	0	0	1	0	0	0	0	1	0	0	0	0	1	0	0	0	1	1	1	1	0	1	1	1	0	134.0	0.11	0.243	NaN	NaN	0.262	0.54	NaN	NaN	7.86	18.9	NaN	NaN	0.0	"2.5"	"F0034"	1	1	"PR"	487.207	"drip-di-1"	8.746	1	1	0	923.778	0.0	1023.969	null	1511.803	0.084
-12.0	0.02805	21375.0	2793.75	1753.125	NaN	NaN	NaN	1	0	0	0	0	1	1	0	0	0	0	0	1	1	0	0	0	1	1	0	1	1	1	0	1	-144.0	0.094	0.233	NaN	NaN	0.224	0.518	NaN	NaN	6.72	18.13	NaN	NaN	0.0	"2.5"	"F0034"	1	0	"PR"	497.208	"reverse-f"	3.575	1	1	0	923.778	0.0	1023.969	null	1521.804	0.084
-12.8	0.02915	23062.5	2803.125	2062.5	NaN	NaN	NaN	1	0	0	0	0	1	1	0	0	0	0	0	1	1	0	0	0	1	1	0	1	1	1	0	1	-154.0	0.095	0.264	NaN	NaN	0.226	0.587	NaN	NaN	6.78	20.545	NaN	NaN	0.0	"2.5"	"F0034"	1	0	"PR"	507.242	"reverse-f"	13.609	1	1	0	923.778	0.0	1023.969	null	1531.838	0.087
-11.9	0.031625	23437.5	2812.5	2287.5	NaN	NaN	NaN	0	0	0	0	0	1	1	0	0	0	0	0	1	0	0	0	0	1	1	0	1	1	1	0	1	-143.0	0.096	0.287	NaN	NaN	0.229	0.638	NaN	NaN	6.87	22.33	NaN	NaN	0.0	"2.5"	"F0034"	1	0	"PR"	517.185	"reverse"	23.552	1	1	0	923.778	0.0	1023.969	null	1541.781	0.088
-12.0	0.034925	21562.5	2803.125	2268.75	NaN	NaN	NaN	0	0	0	0	0	1	1	0	0	0	0	0	1	0	0	0	0	1	1	0	1	1	1	0	1	-144.0	0.095	0.285	NaN	NaN	0.226	0.633	NaN	NaN	6.78	22.155	NaN	NaN	0.0	"2.5"	"F0034"	1	0	"PR"	527.218	"reverse"	33.585	1	1	0	923.778	0.0	1023.969	null	1551.814	0.084
-12.2	0.0374	21375.0	2821.875	2259.375	NaN	NaN	NaN	0	0	0	0	0	1	1	0	0	0	0	0	1	0	0	0	0	1	1	0	1	1	1	0	1	-146.0	0.097	0.284	NaN	NaN	0.231	0.631	NaN	NaN	6.93	22.085	NaN	NaN	0.0	"2.5"	"F0034"	1	0	"PR"	537.25	"reverse"	43.617	1	1	0	923.778	0.0	1023.969	null	1561.846	0.084
-13.1	0.0407	21937.5	2784.375	2250.0	NaN	NaN	NaN	0	0	0	0	0	1	1	0	0	0	0	0	1	0	0	0	0	1	1	0	1	1	1	0	1	-157.0	0.093	0.283	NaN	NaN	0.221	0.629	NaN	NaN	6.63	22.015	NaN	NaN	0.0	"2.5"	"F0034"	1	0	"PR"	547.289	"reverse"	53.656	1	1	0	923.778	0.0	1023.969	null	1571.885	0.088
-11.9	0.044	23062.5	2840.625	2278.125	NaN	NaN	NaN	0	0	0	0	0	1	1	0	0	0	0	0	1	0	0	0	0	1	1	0	1	1	1	0	1	-143.0	0.099	0.286	NaN	NaN	0.236	0.636	NaN	NaN	7.08	22.26	NaN	NaN	0.0	"2.5"	"F0034"	1	0	"PR"	557.326	"reverse"	63.693	1	1	0	923.778	0.0	1023.969	null	1581.922	0.085
-12.0	0.04565	20062.5	2831.25	2278.125	NaN	NaN	NaN	0	0	0	0	0	1	1	0	0	0	0	0	1	0	0	0	0	1	1	0	1	1	1	0	1	-144.0	0.098	0.286	NaN	NaN	0.233	0.636	NaN	NaN	6.99	22.26	NaN	NaN	0.0	"2.5"	"F0034"	1	0	"PR"	567.355	"reverse"	73.722	1	1	0	923.778	0.0	1023.969	null	1591.951	0.084
-12.1	0.048675	20812.5	2840.625	2278.125	NaN	NaN	NaN	0	0	0	0	0	1	1	0	0	0	0	0	1	0	0	0	0	1	1	0	1	1	1	0	1	-145.0	0.099	0.286	NaN	NaN	0.236	0.636	NaN	NaN	7.08	22.26	NaN	NaN	0.0	"2.5"	"F0034"	1	0	"PR"	577.192	"reverse"	83.559	1	1	0	923.778	0.0	1023.969	null	1601.788	0.095
-12.1	0.0484	22875.0	2850.0	2278.125	NaN	NaN	NaN	0	0	0	0	0	1	1	0	0	0	0	0	1	0	0	0	0	1	1	0	1	1	1	0	1	-145.0	0.1	0.286	NaN	NaN	0.238	0.636	NaN	NaN	7.14	22.26	NaN	NaN	0.0	"2.5"	"F0034"	1	0	"PR"	587.221	"reverse"	93.588	1	1	0	923.778	0.0	1023.969	null	1611.817	0.087
-12.4	0.049775	22500.0	2821.875	2268.75	NaN	NaN	NaN	0	0	0	0	0	1	1	0	0	0	0	0	1	0	0	0	0	1	1	0	1	1	1	0	1	-149.0	0.097	0.285	NaN	NaN	0.231	0.633	NaN	NaN	6.93	22.155	NaN	NaN	0.0	"2.5"	"F0034"	1	0	"PR"	597.248	"reverse"	103.615	1	1	0	923.778	0.0	1023.969	null	1621.844	0.087
-12.1	0.0495	23062.5	2821.875	2268.75	NaN	NaN	NaN	0	0	0	0	0	1	1	0	0	0	0	0	1	0	0	0	0	1	1	0	1	1	1	0	1	-145.0	0.097	0.285	NaN	NaN	0.231	0.633	NaN	NaN	6.93	22.155	NaN	NaN	0.0	"2.5"	"F0034"	1	0	"PR"	607.287	"reverse"	113.654	1	1	0	923.778	0.0	1023.969	null	1631.883	0.092
-10.9	0.049775	23062.5	2821.875	2287.5	NaN	NaN	NaN	0	0	0	0	0	1	1	0	0	0	0	0	1	0	0	0	0	1	1	0	1	1	1	0	1	-131.0	0.097	0.287	NaN	NaN	0.231	0.638	NaN	NaN	6.93	22.33	NaN	NaN	0.0	"2.5"	"F0034"	1	0	"PR"	617.323	"reverse"	123.69	1	1	0	923.778	0.0	1023.969	null	1641.919	0.088
-11.7	0.05005	20437.5	2803.125	2278.125	NaN	NaN	NaN	0	0	0	0	0	1	1	0	0	0	0	0	1	0	0	0	0	1	1	0	1	1	1	0	1	-140.0	0.095	0.286	NaN	NaN	0.226	0.636	NaN	NaN	6.78	22.26	NaN	NaN	0.0	"2.5"	"F0034"	1	0	"PR"	627.359	"reverse"	133.726	1	1	0	923.778	0.0	1023.969	null	1651.955	0.09
-11.9	0.0506	21375.0	2793.75	2250.0	NaN	NaN	NaN	0	0	0	0	0	1	1	0	0	0	0	0	1	0	0	0	0	1	1	0	1	1	1	0	1	-143.0	0.094	0.283	NaN	NaN	0.224	0.629	NaN	NaN	6.72	22.015	NaN	NaN	0.0	"2.5"	"F0034"	1	0	"PR"	637.397	"reverse"	143.764	1	1	0	923.778	0.0	1023.969	null	1661.993	0.087
-0.4	0.050875	375.0	2981.25	2278.125	NaN	NaN	NaN	0	0	0	0	0	0	0	0	0	0	0	0	0	0	0	0	0	0	0	0	1	0	0	0	1	-5.0	0.113	0.286	NaN	NaN	0.269	0.636	NaN	NaN	8.07	22.26	NaN	NaN	0.0	"2.5"	"F0034"	0	0	"PR"	647.322	"diffuse"	3.501	1	1	1	923.778	0.0	1023.969	null	1671.918	0.09
-0.4	0.050875	562.5	2990.625	2278.125	NaN	NaN	NaN	0	0	0	0	0	0	0	0	0	0	0	0	0	0	0	0	0	0	0	0	1	0	0	0	1	-5.0	0.114	0.286	NaN	NaN	0.271	0.636	NaN	NaN	8.13	22.26	NaN	NaN	0.0	"2.5"	"F0034"	0	0	"PR"	657.357	"diffuse"	13.536	1	1	1	923.778	0.0	1023.969	null	1681.953	0.09
-0.8	0.050325	562.5	2990.625	2278.125	NaN	NaN	NaN	0	0	0	0	0	0	0	0	0	0	0	0	0	0	0	0	0	0	0	0	1	0	0	0	1	-10.0	0.114	0.286	NaN	NaN	0.271	0.636	NaN	NaN	8.13	22.26	NaN	NaN	0.0	"2.5"	"F0034"	0	0	"PR"	667.395	"diffuse"	23.574	1	1	1	923.778	0.0	1023.969	null	1691.991	0.091
-11.3	0.049775	20625.0	2784.375	2259.375	NaN	NaN	NaN	0	0	0	0	0	1	1	0	0	0	0	0	1	0	0	0	0	1	1	0	1	1	1	0	1	-136.0	0.093	0.284	NaN	NaN	0.221	0.631	NaN	NaN	6.63	22.085	NaN	NaN	0.0	"2.5"	"F0034"	1	0	"PR"	677.319	"wash-en"	3.303	1	1	1	923.778	0.0	1023.969	null	1701.915	0.087
-12.6	0.049775	21750.0	2831.25	2268.75	NaN	NaN	NaN	0	0	0	0	0	1	1	0	0	0	0	0	1	0	0	0	0	1	1	0	1	1	1	0	1	-151.0	0.098	0.285	NaN	NaN	0.233	0.633	NaN	NaN	6.99	22.155	NaN	NaN	0.0	"2.5"	"F0034"	1	0	"PR"	687.36	"wash-en"	13.344	1	1	1	923.778	0.0	1023.969	null	1711.956	0.09
0.2	0.05115	22500.0	2803.125	2278.125	NaN	NaN	NaN	0	0	0	0	0	1	1	0	0	0	0	0	1	0	0	0	0	0	0	0	1	0	0	0	1	2.0	0.095	0.286	NaN	NaN	0.226	0.636	NaN	NaN	6.78	22.26	NaN	NaN	0.0	"2.5"	"F0034"	0	0	"PR"	697.489	"wash-sc"	3.299	1	1	1	923.778	0.0	1023.969	null	1722.085	0.092
