cur	ec	mod-ps	rg-ps	di-ps	fw1-ps	fw2-ps	pf-ps	vlv-di-fill	vlv-di-in	vlv-di-out	vlv-rg-fill	vlv-rg-drain	vlv-rg-in	vlv-rg-out	vlv-fw1-in	vlv-fw1-out	vlv-fw2-in	vlv-po	vlv-mod-drain	pmp-sys	pmp-di	pmp-fw1	pmp-fw2	uv	en-anode1	en-cath1	pl-anode1	pl-cath1	en-anode2	en-cath2	pl-anode2	pl-cath2	pw	rg-he	di-he	fw1-he	fw2-he	rg-lev	di-lev	fw1-lev	fw2-lev	rg-vol	di-vol	fw1-vol	fw2-vol	pr-ec	ver	sn	mod-en	mod-pl	proc	proc-time	ph	ph-time	count	cyc	rnd	pr-last	rc-last	fr-last	halt-re	time	exec
1.2	0.047575	2625.0	2962.5	2118.75	NaN	NaN	NaN	1	0	0	0	0	0	0	0	0	0	0	0	0	1	0	0	0	0	0	0	1	0	0	0	1	14.0	0.111	0.27	NaN	NaN	0.264	0.6	NaN	NaN	7.92	21.0	NaN	NaN	0.0	"2.5"	"F0034"	0	0	"PR"	8.239	"fill-di"	1.405	0	0	0	0.0	0.0	0.0	null	10.025	0.084
1.2	0.047575	2625.0	2962.5	2118.75	NaN	NaN	NaN	1	0	0	0	0	0	0	0	0	0	0	0	0	1	0	0	0	0	0	0	1	0	0	0	1	14.0	0.111	0.27	NaN	NaN	0.264	0.6	NaN	NaN	7.92	21.0	NaN	NaN	0.0	"2.5"	"F0034"	0	0	"PR"	8.239	"fill-di"	1.405	0	0	0	0.0	0.0	0.0	null	10.025	0.084
1.3	0.047575	23437.5	2793.75	2250.0	NaN	NaN	NaN	0	0	0	0	0	1	1	0	0	0	0	0	1	0	0	0	0	0	0	0	1	0	0	0	1	16.0	0.094	0.283	NaN	NaN	0.224	0.629	NaN	NaN	6.72	22.015	NaN	NaN	0.0	"2.5"	"F0034"	0	0	"PR"	18.275	"prime"	6.022	0	0	0	0.0	0.0	0.0	null	20.061	0.088
1.0	0.0473	23625.0	2784.375	2268.75	NaN	NaN	NaN	0	0	0	0	0	1	1	0	0	0	0	0	1	0	0	0	0	0	0	0	1	0	0	0	1	12.0	0.093	0.285	NaN	NaN	0.221	0.633	NaN	NaN	6.63	22.155	NaN	NaN	0.0	"2.5"	"F0034"	0	0	"PR"	28.312	"prime"	16.059	0	0	0	0.0	0.0	0.0	null	30.098	0.086
1.2	0.04675	26062.5	2793.75	2250.0	NaN	NaN	NaN	0	0	0	0	0	1	1	0	0	0	0	0	1	0	0	0	0	0	0	0	1	0	0	0	1	14.0	0.094	0.283	NaN	NaN	0.224	0.629	NaN	NaN	6.72	22.015	NaN	NaN	0.0	"2.5"	"F0034"	0	0	"PR"	38.345	"prime"	26.092	0	0	0	0.0	0.0	0.0	null	40.131	0.084
-12.2	0.046475	29812.5	2971.875	2521.875	NaN	NaN	NaN	0	1	1	0	0	0	0	0	0	0	0	0	1	0	0	0	0	1	1	0	1	1	1	0	1	-146.0	0.112	0.31	NaN	NaN	0.267	0.689	NaN	NaN	8.01	24.115	NaN	NaN	0.0	"2.5"	"F0034"	1	0	"PR"	48.388	"deionize"	5.628	0	1	0	0.0	0.0	0.0	null	50.174	0.086
-10.6	0.045925	30187.5	2981.25	2568.75	NaN	NaN	NaN	0	1	1	0	0	0	0	0	0	0	0	0	1	0	0	0	0	1	1	0	1	1	1	0	1	-127.0	0.113	0.315	NaN	NaN	0.269	0.7	NaN	NaN	8.07	24.5	NaN	NaN	0.0	"2.5"	"F0034"	1	0	"PR"	58.425	"deionize"	15.665	0	1	0	0.0	0.0	0.0	null	60.211	0.087
-12.0	0.0451	30000.0	2962.5	2475.0	NaN	NaN	NaN	0	1	1	0	0	0	0	0	0	0	0	0	1	0	0	0	0	1	1	0	1	1	1	0	1	-144.0	0.111	0.305	NaN	NaN	0.264	0.678	NaN	NaN	7.92	23.73	NaN	NaN	0.0	"2.5"	"F0034"	1	0	"PR"	68.462	"deionize"	25.702	0	1	0	0.0	0.0	0.0	null	70.248	0.084
-12.3	0.04455	30000.0	2971.875	2418.75	NaN	NaN	NaN	0	1	1	0	0	0	0	0	0	0	0	0	1	0	0	0	0	1	1	0	1	1	1	0	1	-148.0	0.112	0.3	NaN	NaN	0.267	0.667	NaN	NaN	8.01	23.345	NaN	NaN	0.0	"2.5"	"F0034"	1	0	"PR"	78.501	"deionize"	35.741	0	1	0	0.0	0.0	0.0	null	80.287	0.087
-11.8	0.04345	29062.5	2962.5	2521.875	NaN	NaN	NaN	0	1	1	0	0	0	0	0	0	0	0	0	1	0	0	0	0	1	1	0	1	1	1	0	1	-142.0	0.111	0.31	NaN	NaN	0.264	0.689	NaN	NaN	7.92	24.115	NaN	NaN	0.0	"2.5"	"F0034"	1	0	"PR"	88.537	"deionize"	45.777	0	1	0	0.0	0.0	0.0	null	90.323	0.087
-12.0	0.0429	29812.5	2971.875	2503.125	NaN	NaN	NaN	0	1	1	0	0	0	0	0	0	0	0	0	1	0	0	0	0	1	1	0	1	1	1	0	1	-144.0	0.112	0.308	NaN	NaN	0.267	0.684	NaN	NaN	8.01	23.94	NaN	NaN	0.0	"2.5"	"F0034"	1	0	"PR"	98.373	"deionize"	55.613	0	1	0	0.0	0.0	0.0	null	100.159	0.085
-11.6	0.042625	29812.5	2934.375	2484.375	NaN	NaN	NaN	0	1	1	0	0	0	0	0	0	0	0	0	1	0	0	0	0	1	1	0	1	1	1	0	1	-139.0	0.108	0.306	NaN	NaN	0.257	0.68	NaN	NaN	7.71	23.8	NaN	NaN	0.0	"2.5"	"F0034"	1	0	"PR"	108.411	"deionize"	65.651	0	1	0	0.0	0.0	0.0	null	110.197	0.084
-12.0	0.0418	30000.0	2981.25	2521.875	NaN	NaN	NaN	0	1	1	0	0	0	0	0	0	0	0	0	1	0	0	0	0	1	1	0	1	1	1	0	1	-144.0	0.113	0.31	NaN	NaN	0.269	0.689	NaN	NaN	8.07	24.115	NaN	NaN	0.0	"2.5"	"F0034"	1	0	"PR"	118.448	"deionize"	75.688	0	1	0	0.0	0.0	0.0	null	120.234	0.084
-10.9	0.040425	30000.0	2953.125	2512.5	NaN	NaN	NaN	0	1	1	0	0	0	0	0	0	0	0	0	1	0	0	0	0	1	1	0	1	1	1	0	1	-131.0	0.11	0.309	NaN	NaN	0.262	0.687	NaN	NaN	7.86	24.045	NaN	NaN	0.0	"2.5"	"F0034"	1	0	"PR"	128.489	"deionize"	85.729	0	1	0	0.0	0.0	0.0	null	130.275	0.086
-12.2	0.03905	30187.5	2971.875	2475.0	NaN	NaN	NaN	0	1	1	0	0	0	0	0	0	0	0	0	1	0	0	0	0	1	1	0	1	1	1	0	1	-146.0	0.112	0.305	NaN	NaN	0.267	0.678	NaN	NaN	8.01	23.73	NaN	NaN	0.0	"2.5"	"F0034"	1	0	"PR"	138.526	"deionize"	95.766	0	1	0	0.0	0.0	0.0	null	140.312	0.087
-11.9	0.03905	29625.0	2953.125	2512.5	NaN	NaN	NaN	0	1	1	0	0	0	0	0	0	0	0	0	1	0	0	0	0	1	1	0	1	1	1	0	1	-143.0	0.11	0.309	NaN	NaN	0.262	0.687	NaN	NaN	7.86	24.045	NaN	NaN	0.0	"2.5"	"F0034"	1	0	"PR"	148.563	"deionize"	105.803	0	1	0	0.0	0.0	0.0	null	150.349	0.087
-12.7	0.038225	29812.5	2962.5	2437.5	NaN	NaN	NaN	0	1	1	0	0	0	0	0	0	0	0	0	1	0	0	0	0	1	1	0	1	1	1	0	1	-152.0	0.111	0.302	NaN	NaN	0.264	0.671	NaN	NaN	7.92	23.485	NaN	NaN	0.0	"2.5"	"F0034"	1	0	"PR"	158.606	"deionize"	115.846	0	1	0	0.0	0.0	0.0	null	160.392	0.084
-11.1	0.037125	29437.5	2962.5	2418.75	NaN	NaN	NaN	0	1	1	0	0	0	0	0	0	0	0	0	1	0	0	0	0	1	1	0	1	1	1	0	1	-133.0	0.111	0.3	NaN	NaN	0.264	0.667	NaN	NaN	7.92	23.345	NaN	NaN	0.0	"2.5"	"F0034"	1	0	"PR"	168.438	"deionize"	125.678	0	1	0	0.0	0.0	0.0	null	170.224	0.087
-11.2	0.03575	29250.0	2981.25	2446.875	NaN	NaN	NaN	0	1	1	0	0	0	0	0	0	0	0	0	1	0	0	0	0	1	1	0	1	1	1	0	1	-134.0	0.113	0.303	NaN	NaN	0.269	0.673	NaN	NaN	8.07	23.555	NaN	NaN	0.0	"2.5"	"F0034"	1	0	"PR"	178.479	"deionize"	135.719	0	1	0	0.0	0.0	0.0	null	180.265	0.088
-12.3	0.0352	29812.5	2962.5	2446.875	NaN	NaN	NaN	0	1	1	0	0	0	0	0	0	0	0	0	1	0	0	0	0	1	1	0	1	1	1	0	1	-148.0	0.111	0.303	NaN	NaN	0.264	0.673	NaN	NaN	7.92	23.555	NaN	NaN	0.0	"2.5"	"F0034"	1	0	"PR"	188.516	"deionize"	145.756	0	1	0	0.0	0.0	0.0	null	190.302	0.084
-11.8	0.0352	29812.5	2962.5	2437.5	NaN	NaN	NaN	0	1	1	0	0	0	0	0	0	0	0	0	1	0	0	0	0	1	1	0	1	1	1	0	1	-142.0	0.111	0.302	NaN	NaN	0.264	0.671	NaN	NaN	7.92	23.485	NaN	NaN	0.0	"2.5"	"F0034"	1	0	"PR"	198.55	"deionize"	155.79	0	1	0	0.0	0.0	0.0	null	200.336	0.084
-12.0	0.034375	29812.5	2953.125	2400.0	NaN	NaN	NaN	0	1	1	0	0	0	0	0	0	0	0	0	1	0	0	0	0	1	1	0	1	1	1	0	1	-144.0	0.11	0.298	NaN	NaN	0.262	0.662	NaN	NaN	7.86	23.17	NaN	NaN	0.0	"2.5"	"F0034"	1	0	"PR"	208.591	"deionize"	165.831	0	1	0	0.0	0.0	0.0	null	210.377	0.086
-12.1	0.033825	30187.5	2953.125	2437.5	NaN	NaN	NaN	0	1	1	0	0	0	0	0	0	0	0	0	1	0	0	0	0	1	1	0	1	1	1	0	1	-145.0	0.11	0.302	NaN	NaN	0.262	0.671	NaN	NaN	7.86	23.485	NaN	NaN	0.0	"2.5"	"F0034"	1	0	"PR"	218.626	"deionize"	175.866	0	1	0	0.0	0.0	0.0	null	220.412	0.084
-11.5	0.03355	30000.0	2971.875	2446.875	NaN	NaN	NaN	0	1	1	0	0	0	0	0	0	0	0	0	1	0	0	0	0	1	1	0	1	1	1	0	1	-138.0	0.112	0.303	NaN	NaN	0.267	0.673	NaN	NaN	8.01	23.555	NaN	NaN	0.0	"2.5"	"F0034"	1	0	"PR"	228.662	"deionize"	185.902	0	1	0	0.0	0.0	0.0	null	230.448	0.084
-10.6	0.03245	30375.0	2953.125	2409.375	NaN	NaN	NaN	0	1	1	0	0	0	0	0	0	0	0	0	1	0	0	0	0	1	1	0	1	1	1	0	1	-127.0	0.11	0.299	NaN	NaN	0.262	0.664	NaN	NaN	7.86	23.24	NaN	NaN	0.0	"2.5"	"F0034"	1	0	"PR"	238.702	"deionize"	195.942	0	1	0	0.0	0.0	0.0	null	240.488	0.084
-11.4	0.0319	29250.0	2971.875	2400.0	NaN	NaN	NaN	0	1	1	0	0	0	0	0	0	0	0	0	1	0	0	0	0	1	1	0	1	1	1	0	1	-137.0	0.112	0.298	NaN	NaN	0.267	0.662	NaN	NaN	8.01	23.17	NaN	NaN	0.0	"2.5"	"F0034"	1	0	"PR"	248.534	"deionize"	205.774	0	1	0	0.0	0.0	0.0	null	250.32	0.09
-11.6	0.032175	29250.0	2981.25	2521.875	NaN	NaN	NaN	0	1	1	0	0	0	0	0	0	0	0	0	1	0	0	0	0	1	1	0	1	1	1	0	1	-139.0	0.113	0.31	NaN	NaN	0.269	0.689	NaN	NaN	8.07	24.115	NaN	NaN	0.0	"2.5"	"F0034"	1	0	"PR"	258.576	"deionize"	215.816	0	1	0	0.0	0.0	0.0	null	260.362	0.089
-10.2	0.031625	29625.0	2971.875	2400.0	NaN	NaN	NaN	0	1	1	0	0	0	0	0	0	0	0	0	1	0	0	0	0	1	1	0	1	1	1	0	1	-122.0	0.112	0.298	NaN	NaN	0.267	0.662	NaN	NaN	8.01	23.17	NaN	NaN	0.0	"2.5"	"F0034"	1	0	"PR"	268.615	"deionize"	225.855	0	1	0	0.0	0.0	0.0	null	270.401	0.091
-10.5	0.03135	29625.0	2953.125	2353.125	NaN	NaN	NaN	0	1	1	0	0	0	0	0	0	0	0	0	1	0	0	0	0	1	1	0	1	1	1	0	1	-126.0	0.11	0.293	NaN	NaN	0.262	0.651	NaN	NaN	7.86	22.785	NaN	NaN	0.0	"2.5"	"F0034"	1	0	"PR"	278.651	"deionize"	235.891	0	1	0	0.0	0.0	0.0	null	280.437	0.09
-9.8	0.030525	29062.5	2962.5	2353.125	NaN	NaN	NaN	0	1	1	0	0	0	0	0	0	0	0	0	1	0	0	0	1	1	1	0	1	1	1	0	1	-118.0	0.111	0.293	NaN	NaN	0.264	0.651	NaN	NaN	7.92	22.785	NaN	NaN	0.0	"2.5"	"F0034"	1	0	"PR"	288.596	"deionize-uv"	5.73	0	1	0	0.0	0.0	0.0	null	290.382	0.088
-11.6	0.029975	30000.0	2962.5	2400.0	NaN	NaN	NaN	0	1	1	0	0	0	0	0	0	0	0	0	1	0	0	0	1	1	1	0	1	1	1	0	1	-139.0	0.111	0.298	NaN	NaN	0.264	0.662	NaN	NaN	7.92	23.17	NaN	NaN	0.0	"2.5"	"F0034"	1	0	"PR"	298.629	"deionize-uv"	15.763	0	1	0	0.0	0.0	0.0	null	300.415	0.087
-9.4	0.029975	30000.0	2962.5	2390.625	NaN	NaN	NaN	0	1	1	0	0	0	0	0	0	0	0	0	1	0	0	0	1	1	1	0	1	1	1	0	1	-113.0	0.111	0.297	NaN	NaN	0.264	0.66	NaN	NaN	7.92	23.1	NaN	NaN	0.0	"2.5"	"F0034"	1	0	"PR"	308.664	"deionize-uv"	25.798	0	1	0	0.0	0.0	0.0	null	310.45	0.092
-9.3	0.029975	29250.0	2953.125	2409.375	NaN	NaN	NaN	0	1	1	0	0	0	0	0	0	0	0	0	1	0	0	0	1	1	1	0	1	1	1	0	1	-112.0	0.11	0.299	NaN	NaN	0.262	0.664	NaN	NaN	7.86	23.24	NaN	NaN	0.0	"2.5"	"F0034"	1	0	"PR"	318.702	"deionize-uv"	35.836	0	1	0	0.0	0.0	0.0	null	320.488	0.09
-9.5	0.02915	29437.5	2981.25	2343.75	NaN	NaN	NaN	0	1	1	0	0	0	0	0	0	0	0	0	1	0	0	0	1	1	1	0	1	1	1	0	1	-114.0	0.113	0.292	NaN	NaN	0.269	0.649	NaN	NaN	8.07	22.715	NaN	NaN	0.0	"2.5"	"F0034"	1	0	"PR"	328.736	"deionize-uv"	45.87	0	1	0	0.0	0.0	0.0	null	330.522	0.09
-9.4	0.02915	29437.5	2962.5	2400.0	NaN	NaN	NaN	0	1	1	0	0	0	0	0	0	0	0	0	1	0	0	0	1	1	1	0	1	1	1	0	1	-113.0	0.111	0.298	NaN	NaN	0.264	0.662	NaN	NaN	7.92	23.17	NaN	NaN	0.0	"2.5"	"F0034"	1	0	"PR"	338.776	"deionize-uv"	55.91	0	1	0	0.0	0.0	0.0	null	340.562	0.085
-10.6	0.02915	29625.0	2962.5	2353.125	NaN	NaN	NaN	0	1	1	0	0	0	0	0	0	0	0	0	1	0	0	0	1	1	1	0	1	1	1	0	1	-127.0	0.111	0.293	NaN	NaN	0.264	0.651	NaN	NaN	7.92	22.785	NaN	NaN	0.0	"2.5"	"F0034"	1	0	"PR"	348.814	"deionize-uv"	65.948	0	1	0	0.0	0.0	0.0	null	350.6	0.083
-7.7	0.02805	30562.5	2971.875	2371.875	NaN	NaN	NaN	0	1	1	0	0	0	0	0	0	0	0	0	1	0	0	0	1	1	1	0	1	1	1	0	1	-92.0	0.112	0.295	NaN	NaN	0.267	0.656	NaN	NaN	8.01	22.96	NaN	NaN	0.0	"2.5"	"F0034"	1	0	"PR"	358.846	"deionize-uv"	75.98	0	1	0	0.0	0.0	0.0	null	360.632	0.084
-9.2	0.027775	29812.5	2981.25	2437.5	NaN	NaN	NaN	0	1	1	0	0	0	0	0	0	0	0	0	1	0	0	0	1	1	1	0	1	1	1	0	1	-110.0	0.113	0.302	NaN	NaN	0.269	0.671	NaN	NaN	8.07	23.485	NaN	NaN	0.0	"2.5"	"F0034"	1	0	"PR"	368.684	"deionize-uv"	85.818	0	1	0	0.0	0.0	0.0	null	370.47	0.092
-9.3	0.027225	29250.0	2962.5	2456.25	NaN	NaN	NaN	0	1	1	0	0	0	0	0	0	0	0	0	1	0	0	0	1	1	1	0	1	1	1	0	1	-112.0	0.111	0.304	NaN	NaN	0.264	0.676	NaN	NaN	7.92	23.66	NaN	NaN	0.0	"2.5"	"F0034"	1	0	"PR"	378.717	"deionize-uv"	95.851	0	1	0	0.0	0.0	0.0	null	380.503	0.089
-9.3	0.0275	30000.0	2971.875	2400.0	NaN	NaN	NaN	0	1	1	0	0	0	0	0	0	0	0	0	1	0	0	0	1	1	1	0	1	1	1	0	1	-112.0	0.112	0.298	NaN	NaN	0.267	0.662	NaN	NaN	8.01	23.17	NaN	NaN	0.0	"2.5"	"F0034"	1	0	"PR"	388.75	"deionize-uv"	105.884	0	1	0	0.0	0.0	0.0	null	390.536	0.09
-9.5	0.026675	29812.5	2971.875	2390.625	NaN	NaN	NaN	0	1	1	0	0	0	0	0	0	0	0	0	1	0	0	0	1	1	1	0	1	1	1	0	1	-114.0	0.112	0.297	NaN	NaN	0.267	0.66	NaN	NaN	8.01	23.1	NaN	NaN	0.0	"2.5"	"F0034"	1	0	"PR"	398.794	"deionize-uv"	115.928	0	1	0	0.0	0.0	0.0	null	400.58	0.09
-9.1	0.0264	25500.0	2953.125	1921.875	NaN	NaN	NaN	0	0	1	0	0	0	0	1	0	0	0	0	1	0	0	0	1	1	1	0	1	1	1	0	1	-109.0	0.11	0.25	NaN	NaN	0.262	0.556	NaN	NaN	7.86	19.46	NaN	NaN	0.0	"2.5"	"F0034"	1	0	"PR"	408.754	"drain-di-1"	5.747	0	1	0	0.0	0.0	0.0	null	410.54	0.091
-8.0	0.025575	25687.5	2981.25	1668.75	NaN	NaN	NaN	0	0	1	0	0	0	0	1	0	0	0	0	1	0	0	0	1	1	1	0	1	1	1	0	1	-96.0	0.113	0.225	NaN	NaN	0.269	0.5	NaN	NaN	8.07	17.5	NaN	NaN	0.0	"2.5"	"F0034"	1	0	"PR"	418.791	"drain-di-1"	15.784	0	1	0	0.0	0.0	0.0	null	420.577	0.091
-8.8	0.025575	26062.5	2934.375	1415.625	NaN	NaN	NaN	0	0	1	0	0	0	0	1	0	0	0	0	1	0	0	0	1	1	1	0	1	1	1	0	1	-106.0	0.108	0.2	NaN	NaN	0.257	0.444	NaN	NaN	7.71	15.54	NaN	NaN	0.0	"2.5"	"F0034"	1	0	"PR"	428.828	"drain-di-1"	25.821	0	1	0	0.0	0.0	0.0	null	430.614	0.09
-8.5	0.025575	26062.5	2953.125	1181.25	NaN	NaN	NaN	0	0	1	0	0	0	0	1	0	0	0	0	1	0	0	0	1	1	1	0	1	1	1	0	1	-102.0	0.11	0.176	NaN	NaN	0.262	0.391	NaN	NaN	7.86	13.685	NaN	NaN	0.0	"2.5"	"F0034"	1	0	"PR"	438.864	"drain-di-1"	35.857	0	1	0	0.0	0.0	0.0	null	440.65	0.087
-9.6	0.0253	26062.5	2981.25	909.375	NaN	NaN	NaN	0	0	1	0	0	0	0	1	0	0	0	0	1	0	0	0	1	1	1	0	1	1	1	0	1	-115.0	0.113	0.149	NaN	NaN	0.269	0.331	NaN	NaN	8.07	11.585	NaN	NaN	0.0	"2.5"	"F0034"	1	0	"PR"	448.904	"drain-di-1"	45.897	0	1	0	0.0	0.0	0.0	null	450.69	0.087
-8.4	0.025575	24937.5	2962.5	665.625	NaN	NaN	NaN	0	0	1	0	0	0	0	1	0	0	0	0	1	0	0	0	1	1	1	0	1	1	1	0	1	-101.0	0.111	0.125	NaN	NaN	0.264	0.278	NaN	NaN	7.92	9.73	NaN	NaN	0.0	"2.5"	"F0034"	1	0	"PR"	458.938	"drain-di-1"	55.931	0	1	0	0.0	0.0	0.0	null	460.724	0.09
-9.1	0.0253	25312.5	2971.875	412.5	NaN	NaN	NaN	0	0	1	0	0	0	0	1	0	0	0	0	1	0	0	0	1	1	1	0	1	1	1	0	1	-109.0	0.112	0.099	NaN	NaN	0.267	0.22	NaN	NaN	8.01	7.7	NaN	NaN	0.0	"2.5"	"F0034"	1	0	"PR"	468.779	"drain-di-1"	65.772	0	1	0	0.0	0.0	0.0	null	470.565	0.087
-7.0	0.0253	24000.0	2953.125	159.375	NaN	NaN	NaN	0	0	1	0	0	0	0	1	0	0	0	0	1	0	0	0	1	1	1	0	1	1	1	0	1	-84.0	0.11	0.074	NaN	NaN	0.262	0.164	NaN	NaN	7.86	5.74	NaN	NaN	0.0	"2.5"	"F0034"	1	0	"PR"	478.816	"drain-di-1"	75.809	0	1	0	0.0	0.0	0.0	null	480.602	0.087
-8.0	0.025025	25312.5	2990.625	-112.5	NaN	NaN	NaN	0	0	1	0	0	0	0	1	0	0	0	0	1	0	0	0	1	1	1	0	1	1	1	0	1	-96.0	0.114	0.047	NaN	NaN	0.271	0.104	NaN	NaN	8.13	3.64	NaN	NaN	0.0	"2.5"	"F0034"	1	0	"PR"	488.958	"drip-di-1"	6.73	0	1	0	0.0	0.0	0.0	null	490.744	0.087
13.0	0.025025	23625.0	2840.625	-37.5	NaN	NaN	NaN	1	0	0	0	0	1	1	0	0	0	0	0	1	1	0	0	0	1	1	1	0	1	1	1	0	156.0	0.099	0.054	NaN	NaN	0.236	0.12	NaN	NaN	7.08	4.2	NaN	NaN	0.0	"2.5"	"F0034"	1	1	"PR"	498.963	"reverse-f"	1.57	0	1	0	0.0	0.0	0.0	null	500.749	0.09
11.9	0.02585	25312.5	2756.25	178.125	NaN	NaN	NaN	1	0	0	0	0	1	1	0	0	0	0	0	1	1	0	0	0	1	1	1	0	1	1	1	0	143.0	0.091	0.076	NaN	NaN	0.217	0.169	NaN	NaN	6.51	5.915	NaN	NaN	0.0	"2.5"	"F0034"	1	1	"PR"	509.002	"reverse-f"	11.609	0	1	0	0.0	0.0	0.0	null	510.788	0.09
12.0	0.02805	21562.5	2784.375	459.375	NaN	NaN	NaN	1	0	0	0	0	1	1	0	0	0	0	0	1	1	0	0	0	1	1	1	0	1	1	1	0	144.0	0.093	0.104	NaN	NaN	0.221	0.231	NaN	NaN	6.63	8.085	NaN	NaN	0.0	"2.5"	"F0034"	1	1	"PR"	518.835	"reverse-f"	21.442	0	1	0	0.0	0.0	0.0	null	520.621	0.087
12.6	0.032175	23062.5	2775.0	768.75	NaN	NaN	NaN	1	0	0	0	0	1	1	0	0	0	0	0	1	1	0	0	0	1	1	1	0	1	1	1	0	151.0	0.093	0.135	NaN	NaN	0.221	0.3	NaN	NaN	6.63	10.5	NaN	NaN	0.0	"2.5"	"F0034"	1	1	"PR"	528.872	"reverse-f"	31.479	0	1	0	0.0	0.0	0.0	null	530.658	0.084
11.9	0.034925	24375.0	2775.0	1068.75	NaN	NaN	NaN	1	0	0	0	0	1	1	0	0	0	0	0	1	1	0	0	0	1	1	1	0	1	1	1	0	143.0	0.093	0.165	NaN	NaN	0.221	0.367	NaN	NaN	6.63	12.845	NaN	NaN	0.0	"2.5"	"F0034"	1	1	"PR"	538.907	"reverse-f"	41.514	0	1	0	0.0	0.0	0.0	null	540.693	0.086
11.2	0.0374	21937.5	2746.875	1350.0	NaN	NaN	NaN	1	0	0	0	0	1	1	0	0	0	0	0	1	1	0	0	0	1	1	1	0	1	1	1	0	134.0	0.09	0.193	NaN	NaN	0.214	0.429	NaN	NaN	6.42	15.015	NaN	NaN	0.0	"2.5"	"F0034"	1	1	"PR"	548.937	"reverse-f"	51.544	0	1	0	0.0	0.0	0.0	null	550.723	0.086
12.7	0.040425	22125.0	2765.625	1612.5	NaN	NaN	NaN	1	0	0	0	0	1	1	0	0	0	0	0	1	1	0	0	0	1	1	1	0	1	1	1	0	152.0	0.092	0.219	NaN	NaN	0.219	0.487	NaN	NaN	6.57	17.045	NaN	NaN	0.0	"2.5"	"F0034"	1	1	"PR"	558.974	"reverse-f"	61.581	0	1	0	0.0	0.0	0.0	null	560.76	0.088
12.4	0.0429	24562.5	2784.375	1931.25	NaN	NaN	NaN	1	0	0	0	0	1	1	0	0	0	0	0	1	1	0	0	0	1	1	1	0	1	1	1	0	149.0	0.093	0.251	NaN	NaN	0.221	0.558	NaN	NaN	6.63	19.53	NaN	NaN	0.0	"2.5"	"F0034"	1	1	"PR"	569.01	"reverse-f"	71.617	0	1	0	0.0	0.0	0.0	null	570.796	0.083
11.9	0.04565	25125.0	2803.125	2212.5	NaN	NaN	NaN	1	0	0	0	0	1	1	0	0	0	0	0	1	1	0	0	0	1	1	1	0	1	1	1	0	143.0	0.095	0.279	NaN	NaN	0.226	0.62	NaN	NaN	6.78	21.7	NaN	NaN	0.0	"2.5"	"F0034"	1	1	"PR"	579.042	"reverse-f"	81.649	0	1	0	0.0	0.0	0.0	null	580.828	0.09
13.0	0.0473	24562.5	2775.0	2278.125	NaN	NaN	NaN	0	0	0	0	0	1	1	0	0	0	0	0	1	0	0	0	0	1	1	1	0	1	1	1	0	156.0	0.093	0.286	NaN	NaN	0.221	0.636	NaN	NaN	6.63	22.26	NaN	NaN	0.0	"2.5"	"F0034"	1	1	"PR"	588.991	"reverse"	91.598	0	1	0	0.0	0.0	0.0	null	590.777	0.088
12.5	0.0484	24562.5	2775.0	2278.125	NaN	NaN	NaN	0	0	0	0	0	1	1	0	0	0	0	0	1	0	0	0	0	1	1	1	0	1	1	1	0	150.0	0.093	0.286	NaN	NaN	0.221	0.636	NaN	NaN	6.63	22.26	NaN	NaN	0.0	"2.5"	"F0034"	1	1	"PR"	599.024	"reverse"	101.631	0	1	0	0.0	0.0	0.0	null	600.81	0.085
12.9	0.049775	25125.0	2784.375	2287.5	NaN	NaN	NaN	0	0	0	0	0	1	1	0	0	0	0	0	1	0	0	0	0	1	1	1	0	1	1	1	0	155.0	0.093	0.287	NaN	NaN	0.221	0.638	NaN	NaN	6.63	22.33	NaN	NaN	0.0	"2.5"	"F0034"	1	1	"PR"	609.06	"reverse"	111.667	0	1	0	0.0	0.0	0.0	null	610.846	0.086
12.4	0.049775	24562.5	2803.125	2278.125	NaN	NaN	NaN	0	0	0	0	0	1	1	0	0	0	0	0	1	0	0	0	0	1	1	1	0	1	1	1	0	149.0	0.095	0.286	NaN	NaN	0.226	0.636	NaN	NaN	6.78	22.26	NaN	NaN	0.0	"2.5"	"F0034"	1	1	"PR"	619.099	"reverse"	121.706	0	1	0	0.0	0.0	0.0	null	620.885	0.087
12.3	0.050875	21937.5	2765.625	2278.125	NaN	NaN	NaN	0	0	0	0	0	1	1	0	0	0	0	0	1	0	0	0	0	1	1	1	0	1	1	1	0	148.0	0.092	0.286	NaN	NaN	0.219	0.636	NaN	NaN	6.57	22.26	NaN	NaN	0.0	"2.5"	"F0034"	1	1	"PR"	629.131	"reverse"	131.738	0	1	0	0.0	0.0	0.0	null	630.917	0.086
12.3	0.050875	23812.5	2821.875	2278.125	NaN	NaN	NaN	0	0	0	0	0	1	1	0	0	0	0	0	1	0	0	0	0	1	1	1	0	1	1	1	0	148.0	0.097	0.286	NaN	NaN	0.231	0.636	NaN	NaN	6.93	22.26	NaN	NaN	0.0	"2.5"	"F0034"	1	1	"PR"	638.964	"reverse"	141.571	0	1	0	0.0	0.0	0.0	null	640.75	0.086
2.8	0.052525	-1125.0	2943.75	2315.625	NaN	NaN	NaN	0	0	0	0	0	0	0	0	0	0	0	0	0	0	0	0	0	0	0	0	1	0	0	0	1	34.0	0.109	0.29	NaN	NaN	0.26	0.644	NaN	NaN	7.8	22.54	NaN	NaN	0.0	"2.5"	"F0034"	0	0	"PR"	649.092	"diffuse"	1.695	0	1	1	0.0	0.0	0.0	null	650.878	0.087
4.0	0.051975	1125.0	2971.875	2287.5	NaN	NaN	NaN	0	0	0	0	0	0	0	0	0	0	0	0	0	0	0	0	0	0	0	0	1	0	0	0	1	48.0	0.112	0.287	NaN	NaN	0.267	0.638	NaN	NaN	8.01	22.33	NaN	NaN	0.0	"2.5"	"F0034"	0	0	"PR"	659.125	"diffuse"	11.728	0	1	1	0.0	0.0	0.0	null	660.911	0.086
4.0	0.051975	375.0	2971.875	2278.125	NaN	NaN	NaN	0	0	0	0	0	0	0	0	0	0	0	0	0	0	0	0	0	0	0	0	1	0	0	0	1	48.0	0.112	0.286	NaN	NaN	0.267	0.636	NaN	NaN	8.01	22.26	NaN	NaN	0.0	"2.5"	"F0034"	0	0	"PR"	669.164	"diffuse"	21.767	0	1	1	0.0	0.0	0.0	null	670.95	0.086
12.6	0.0517	22875.0	2821.875	2287.5	NaN	NaN	NaN	0	0	0	0	0	1	1	0	0	0	0	0	1	0	0	0	0	1	1	1	0	1	1	1	0	151.0	0.097	0.287	NaN	NaN	0.231	0.638	NaN	NaN	6.93	22.33	NaN	NaN	0.0	"2.5"	"F0034"	1	1	"PR"	679.095	"wash-en"	1.696	0	1	1	0.0	0.0	0.0	null	680.881	0.086
12.2	0.0528	21937.5	2784.375	2278.125	NaN	NaN	NaN	0	0	0	0	0	1	1	0	0	0	0	0	1	0	0	0	0	1	1	1	0	1	1	1	0	146.0	0.093	0.286	NaN	NaN	0.221	0.636	NaN	NaN	6.63	22.26	NaN	NaN	0.0	"2.5"	"F0034"	1	1	"PR"	689.129	"wash-en"	11.73	0	1	1	0.0	0.0	0.0	null	690.915	0.086
2.7	0.0539	24562.5	2821.875	2287.5	NaN	NaN	NaN	0	0	0	0	0	1	1	0	0	0	0	0	1	0	0	0	0	0	0	0	1	0	0	0	1	32.0	0.097	0.287	NaN	NaN	0.231	0.638	NaN	NaN	6.93	22.33	NaN	NaN	0.0	"2.5"	"F0034"	0	0	"PR"	699.056	"wash-sc"	1.497	0	1	1	0.0	0.0	0.0	null	700.842	0.085
3.2	0.054175	375.0	3000.0	2287.5	NaN	NaN	NaN	0	0	0	0	0	0	0	0	0	0	0	0	0	0	0	0	0	0	0	0	1	0	0	0	1	38.0	0.115	0.287	NaN	NaN	0.274	0.638	NaN	NaN	8.22	22.33	NaN	NaN	0.0	"2.5"	"F0034"	0	0	"PR"	709.094	"diffuse"	1.405	0	1	2	0.0	0.0	0.0	null	710.88	0.085
3.3	0.054175	1875.0	2971.875	2287.5	NaN	NaN	NaN	0	0	0	0	0	0	0	0	0	0	0	0	0	0	0	0	0	0	0	0	1	0	0	0	1	40.0	0.112	0.287	NaN	NaN	0.267	0.638	NaN	NaN	8.01	22.33	NaN	NaN	0.0	"2.5"	"F0034"	0	0	"PR"	719.13	"diffuse"	11.441	0	1	2	0.0	0.0	0.0	null	720.916	0.085
3.4	0.05445	1687.5	2962.5	2306.25	NaN	NaN	NaN	0	0	0	0	0	0	0	0	0	0	0	0	0	0	0	0	0	0	0	0	1	0	0	0	1	41.0	0.111	0.289	NaN	NaN	0.264	0.642	NaN	NaN	7.92	22.47	NaN	NaN	0.0	"2.5"	"F0034"	0	0	"PR"	729.163	"diffuse"	21.474	0	1	2	0.0	0.0	0.0	null	730.949	0.083
12.6	0.0539	22875.0	2737.5	2287.5	NaN	NaN	NaN	0	0	0	0	0	1	1	0	0	0	0	0	1	0	0	0	0	1	1	1	0	1	1	1	0	151.0	0.089	0.287	NaN	NaN	0.212	0.638	NaN	NaN	6.36	22.33	NaN	NaN	0.0	"2.5"	"F0034"	1	1	"PR"	739.098	"wash-en"	1.297	0	1	2	0.0	0.0	0.0	null	740.884	0.084
12.1	0.054175	25312.5	2784.375	2278.125	NaN	NaN	NaN	0	0	0	0	0	1	1	0	0	0	0	0	1	0	0	0	0	1	1	1	0	1	1	1	0	145.0	0.093	0.286	NaN	NaN	0.221	0.636	NaN	NaN	6.63	22.26	NaN	NaN	0.0	"2.5"	"F0034"	1	1	"PR"	749.134	"wash-en"	11.333	0	1	2	0.0	0.0	0.0	null	750.92	0.083
3.1	0.055275	25500.0	2821.875	2296.875	NaN	NaN	NaN	0	0	0	0	0	1	1	0	0	0	0	0	1	0	0	0	0	0	0	0	1	0	0	0	1	37.0	0.097	0.288	NaN	NaN	0.231	0.64	NaN	NaN	6.93	22.4	NaN	NaN	0.0	"2.5"	"F0034"	0	0	"PR"	759.259	"wash-sc"	1.293	0	1	2	0.0	0.0	0.0	null	761.045	0.087
2.7	0.054725	-187.5	2971.875	2296.875	NaN	NaN	NaN	0	0	0	0	0	0	0	0	0	0	0	0	0	0	0	0	0	0	0	0	1	0	0	0	1	32.0	0.112	0.288	NaN	NaN	0.267	0.64	NaN	NaN	8.01	22.4	NaN	NaN	0.0	"2.5"	"F0034"	0	0	"PR"	769.099	"diffuse"	1.003	0	1	3	0.0	0.0	0.0	null	770.885	0.091
3.6	0.055275	-187.5	2981.25	2306.25	NaN	NaN	NaN	0	0	0	0	0	0	0	0	0	0	0	0	0	0	0	0	0	0	0	0	1	0	0	0	1	43.0	0.113	0.289	NaN	NaN	0.269	0.642	NaN	NaN	8.07	22.47	NaN	NaN	0.0	"2.5"	"F0034"	0	0	"PR"	779.13	"diffuse"	11.034	0	1	3	0.0	0.0	0.0	null	780.916	0.084
2.8	0.05445	562.5	2962.5	2287.5	NaN	NaN	NaN	0	0	0	0	0	0	0	0	0	0	0	0	0	0	0	0	0	0	0	0	1	0	0	0	1	34.0	0.111	0.287	NaN	NaN	0.264	0.638	NaN	NaN	7.92	22.33	NaN	NaN	0.0	"2.5"	"F0034"	0	0	"PR"	789.167	"diffuse"	21.071	0	1	3	0.0	0.0	0.0	null	790.953	0.083
12.5	0.05445	14437.5	2896.875	2278.125	NaN	NaN	NaN	0	0	0	0	0	1	1	0	0	0	0	0	1	0	0	0	0	1	1	1	0	1	1	1	0	150.0	0.105	0.286	NaN	NaN	0.25	0.636	NaN	NaN	7.5	22.26	NaN	NaN	0.0	"2.5"	"F0034"	1	1	"PR"	799.295	"wash-en"	1.093	0	1	3	0.0	0.0	0.0	null	801.081	0.086
12.7	0.054725	21375.0	2784.375	2278.125	NaN	NaN	NaN	0	0	0	0	0	1	1	0	0	0	0	0	1	0	0	0	0	1	1	1	0	1	1	1	0	152.0	0.093	0.286	NaN	NaN	0.221	0.636	NaN	NaN	6.63	22.26	NaN	NaN	0.0	"2.5"	"F0034"	1	1	"PR"	809.33	"wash-en"	11.128	0	1	3	0.0	0.0	0.0	null	811.116	0.084
2.8	0.055275	22500.0	2784.375	2306.25	NaN	NaN	NaN	0	0	0	0	0	1	1	0	0	0	0	0	1	0	0	0	0	0	0	0	1	0	0	0	1	34.0	0.093	0.289	NaN	NaN	0.221	0.642	NaN	NaN	6.63	22.47	NaN	NaN	0.0	"2.5"	"F0034"	0	0	"PR"	819.25	"wash-sc"	0.889	0	1	3	0.0	0.0	0.0	null	821.036	0.084
1.5	0.055	-375.0	2981.25	2296.875	NaN	NaN	NaN	0	0	0	0	0	0	0	0	0	0	0	0	0	0	0	0	0	0	0	0	1	0	0	0	1	18.0	0.113	0.288	NaN	NaN	0.269	0.64	NaN	NaN	8.07	22.4	NaN	NaN	0.0	"2.5"	"F0034"	0	0	"PR"	829.289	"diffuse"	0.802	0	1	4	0.0	0.0	0.0	null	831.075	0.086
2.3	0.05555	2250.0	2971.875	2287.5	NaN	NaN	NaN	0	0	0	0	0	0	0	0	0	0	0	0	0	0	0	0	0	0	0	0	1	0	0	0	1	28.0	0.112	0.287	NaN	NaN	0.267	0.638	NaN	NaN	8.01	22.33	NaN	NaN	0.0	"2.5"	"F0034"	0	0	"PR"	839.322	"diffuse"	10.835	0	1	4	0.0	0.0	0.0	null	841.108	0.084
2.5	0.055275	1312.5	2971.875	2296.875	NaN	NaN	NaN	0	0	0	0	0	0	0	0	0	0	0	0	0	0	0	0	0	0	0	0	1	0	0	0	1	30.0	0.112	0.288	NaN	NaN	0.267	0.64	NaN	NaN	8.01	22.4	NaN	NaN	0.0	"2.5"	"F0034"	0	0	"PR"	849.357	"diffuse"	20.87	0	1	4	0.0	0.0	0.0	null	851.143	0.084
13.0	0.055275	7500.0	2568.75	2278.125	NaN	NaN	NaN	0	0	0	0	0	1	1	0	0	0	0	0	1	0	0	0	0	1	1	1	0	1	1	1	0	156.0	0.072	0.286	NaN	NaN	0.171	0.636	NaN	NaN	5.13	22.26	NaN	NaN	0.0	"2.5"	"F0034"	1	1	"PR"	859.284	"wash-en"	0.692	0	1	4	0.0	0.0	0.0	null	861.07	0.086
12.6	0.055	22687.5	2784.375	2278.125	NaN	NaN	NaN	0	0	0	0	0	1	1	0	0	0	0	0	1	0	0	0	0	1	1	1	0	1	1	1	0	151.0	0.093	0.286	NaN	NaN	0.221	0.636	NaN	NaN	6.63	22.26	NaN	NaN	0.0	"2.5"	"F0034"	1	1	"PR"	869.319	"wash-en"	10.727	0	1	4	0.0	0.0	0.0	null	871.105	0.083
2.2	0.055825	22687.5	2803.125	2296.875	NaN	NaN	NaN	0	0	0	0	0	1	1	0	0	0	0	0	1	0	0	0	0	0	0	0	1	0	0	0	1	26.0	0.095	0.288	NaN	NaN	0.226	0.64	NaN	NaN	6.78	22.4	NaN	NaN	0.0	"2.5"	"F0034"	0	0	"PR"	879.249	"wash-sc"	0.493	0	1	4	0.0	0.0	0.0	null	881.035	0.292
-1.5	0.055275	11437.5	2868.75	2296.875	NaN	NaN	NaN	0	0	0	0	1	0	0	0	0	0	0	0	0	0	0	0	0	0	0	0	1	0	0	0	1	-18.0	0.102	0.288	NaN	NaN	0.243	0.64	NaN	NaN	7.29	22.4	NaN	NaN	0.0	"2.5"	"F0034"	0	0	"PR"	889.287	"drain-rg"	0.402	0	1	4	0.0	0.0	0.0	null	891.073	0.162
1.9	0.055275	-1125.0	2390.625	2306.25	NaN	NaN	NaN	0	0	0	0	1	0	0	0	0	0	0	0	0	0	0	0	0	0	0	0	1	0	0	0	1	23.0	0.054	0.289	NaN	NaN	0.129	0.642	NaN	NaN	3.87	22.47	NaN	NaN	0.0	"2.5"	"F0034"	0	0	"PR"	899.321	"drain-rg"	10.436	0	1	4	0.0	0.0	0.0	null	901.107	0.09
2.1	0.055825	-2062.5	2053.125	2296.875	NaN	NaN	NaN	0	0	0	0	1	0	0	0	0	0	0	0	0	0	0	0	0	0	0	0	1	0	0	0	1	25.0	0.02	0.288	NaN	NaN	0.048	0.64	NaN	NaN	1.44	22.4	NaN	NaN	0.0	"2.5"	"F0034"	0	0	"PR"	909.357	"drain-rg"	20.472	0	1	4	0.0	0.0	0.0	null	911.143	0.09
2.0	0.05555	-1125.0	1640.625	2287.5	NaN	NaN	NaN	0	0	0	0	1	0	0	0	0	0	0	0	0	0	0	0	0	0	0	0	1	0	0	0	1	24.0	-0.021	0.287	NaN	NaN	-0.05	0.638	NaN	NaN	-1.5	22.33	NaN	NaN	0.0	"2.5"	"F0034"	0	0	"PR"	919.396	"drip-rg"	4.416	0	1	4	0.0	0.0	0.0	null	921.182	0.089
0.5	0.055275	-937.5	-9.375	2306.25	NaN	NaN	NaN	0	0	0	0	1	0	0	0	0	0	0	0	0	0	0	0	0	0	0	0	1	0	0	0	1	6.0	-0.186	0.289	NaN	NaN	-0.443	0.642	NaN	NaN	-13.29	22.47	NaN	NaN	0.0	"2.5"	"F0034"	0	0	"PR"	929.429	"drip-rg"	14.449	0	1	4	0.0	0.0	0.0	null	931.215	0.084
2.0	0.055275	22125.0	1846.875	2100.0	NaN	NaN	NaN	0	0	1	0	0	1	0	0	0	0	0	0	1	0	0	0	0	0	0	0	1	0	0	0	1	24.0	-0.0	0.268	NaN	NaN	-0.0	0.596	NaN	NaN	-0.0	20.86	NaN	NaN	0.0	"2.5"	"F0034"	0	0	"FR"	8.447	"fill-rg-di"	8.246	1	1	0	932.019	0.0	0.0	null	941.085	0.09
1.6	0.054175	23062.5	2221.875	1837.5	NaN	NaN	NaN	0	0	1	0	0	1	0	0	0	0	0	0	1	0	0	0	0	0	0	0	1	0	0	0	1	19.0	0.037	0.242	NaN	NaN	0.088	0.538	NaN	NaN	2.64	18.83	NaN	NaN	0.0	"2.5"	"F0034"	0	0	"FR"	18.483	"fill-rg-di"	18.282	1	1	0	932.019	0.0	0.0	null	951.121	0.09
1.8	0.05335	22687.5	2540.625	1584.375	NaN	NaN	NaN	0	0	1	0	0	1	0	0	0	0	0	0	1	0	0	0	0	0	0	0	1	0	0	0	1	22.0	0.069	0.216	NaN	NaN	0.164	0.48	NaN	NaN	4.92	16.8	NaN	NaN	0.0	"2.5"	"F0034"	0	0	"FR"	28.523	"fill-rg-di"	28.322	1	1	0	932.019	0.0	0.0	null	961.161	0.092
2.0	0.05225	23250.0	2850.0	1303.125	NaN	NaN	NaN	0	0	1	0	0	1	0	0	0	0	0	0	1	0	0	0	0	0	0	0	1	0	0	0	1	24.0	0.1	0.188	NaN	NaN	0.238	0.418	NaN	NaN	7.14	14.63	NaN	NaN	0.0	"2.5"	"F0034"	0	0	"FR"	38.558	"fill-rg-di"	38.357	1	1	0	932.019	0.0	0.0	null	971.196	0.09
1.8	0.050875	24187.5	3159.375	1078.125	NaN	NaN	NaN	0	0	1	0	0	1	0	0	0	0	0	0	1	0	0	0	0	0	0	0	1	0	0	0	1	22.0	0.131	0.166	NaN	NaN	0.312	0.369	NaN	NaN	9.36	12.915	NaN	NaN	0.0	"2.5"	"F0034"	0	0	"FR"	48.595	"fill-rg-di"	48.394	1	1	0	932.019	0.0	0.0	null	981.233	0.09
1.8	0.050325	375.0	2793.75	1003.125	NaN	NaN	NaN	0	0	0	0	1	0	0	0	0	0	0	0	0	0	0	0	0	0	0	0	1	0	0	0	1	22.0	0.094	0.158	NaN	NaN	0.224	0.351	NaN	NaN	6.72	12.285	NaN	NaN	0.0	"2.5"	"F0034"	0	0	"FR"	58.634	"drain-rg"	7.03	1	1	0	932.019	0.0	0.0	null	991.272	0.091
1.7	0.0506	-1125.0	2465.625	1012.5	NaN	NaN	NaN	0	0	0	0	1	0	0	0	0	0	0	0	0	0	0	0	0	0	0	0	1	0	0	0	1	20.0	0.062	0.159	NaN	NaN	0.148	0.353	NaN	NaN	4.44	12.355	NaN	NaN	0.0	"2.5"	"F0034"	0	0	"FR"	68.671	"drain-rg"	17.067	1	1	0	932.019	0.0	0.0	null	1001.309	0.09
1.1	0.05005	-1312.5	2090.625	1003.125	NaN	NaN	NaN	0	0	0	0	1	0	0	0	0	0	0	0	0	0	0	0	0	0	0	0	1	0	0	0	1	13.0	0.024	0.158	NaN	NaN	0.057	0.351	NaN	NaN	1.71	12.285	NaN	NaN	0.0	"2.5"	"F0034"	0	0	"FR"	78.512	"drain-rg"	26.908	1	1	0	932.019	0.0	0.0	null	1011.15	0.086
1.3	0.050875	-1312.5	1696.875	1003.125	NaN	NaN	NaN	0	0	0	0	1	0	0	0	0	0	0	0	0	0	0	0	0	0	0	0	1	0	0	0	1	16.0	-0.015	0.158	NaN	NaN	-0.036	0.351	NaN	NaN	-1.08	12.285	NaN	NaN	0.0	"2.5"	"F0034"	0	0	"FR"	88.55	"drip-rg"	3.413	1	1	0	932.019	0.0	0.0	null	1021.188	0.091
-2.1	0.050875	-1125.0	0.0	1003.125	NaN	NaN	NaN	0	0	0	0	1	0	0	0	0	0	0	0	0	0	0	0	0	0	0	0	1	0	0	0	1	-25.0	-0.185	0.158	NaN	NaN	-0.44	0.351	NaN	NaN	-13.2	12.285	NaN	NaN	0.0	"2.5"	"F0034"	0	0	"FR"	98.581	"drip-rg"	13.444	1	1	0	932.019	0.0	0.0	null	1031.219	0.089
2.7	0.049775	21750.0	1809.375	834.375	NaN	NaN	NaN	0	0	1	0	0	1	0	0	0	0	0	0	1	0	0	0	0	0	0	0	1	0	0	0	1	32.0	-0.004	0.141	NaN	NaN	-0.01	0.313	NaN	NaN	-0.3	10.955	NaN	NaN	0.0	"2.5"	"F0034"	0	0	"PR"	7.648	"fill-rg-di"	7.446	1	0	0	932.019	0.0	1033.025	null	1041.294	0.087
2.0	0.04895	22687.5	2203.125	562.5	NaN	NaN	NaN	0	0	1	0	0	1	0	0	0	0	0	0	1	0	0	0	0	0	0	0	1	0	0	0	1	24.0	0.035	0.114	NaN	NaN	0.083	0.253	NaN	NaN	2.49	8.855	NaN	NaN	0.0	"2.5"	"F0034"	0	0	"PR"	17.685	"fill-rg-di"	17.483	1	0	0	932.019	0.0	1033.025	null	1051.331	0.09
1.8	0.048125	23437.5	2521.875	318.75	NaN	NaN	NaN	0	0	1	0	0	1	0	0	0	0	0	0	1	0	0	0	0	0	0	0	1	0	0	0	1	22.0	0.067	0.09	NaN	NaN	0.16	0.2	NaN	NaN	4.8	7.0	NaN	NaN	0.0	"2.5"	"F0034"	0	0	"PR"	27.73	"fill-rg-di"	27.528	1	0	0	932.019	0.0	1033.025	null	1061.376	0.09
2.5	0.047025	21750.0	2821.875	56.25	NaN	NaN	NaN	1	0	0	0	0	0	0	0	0	0	0	0	0	1	0	0	0	0	0	0	1	0	0	0	1	30.0	0.097	0.064	NaN	NaN	0.231	0.142	NaN	NaN	6.93	4.97	NaN	NaN	0.0	"2.5"	"F0034"	0	0	"PR"	37.566	"fill-di-lb"	0.201	1	0	0	932.019	0.0	1033.025	null	1071.212	0.09
0.6	0.047025	2250.0	2821.875	365.625	NaN	NaN	NaN	1	0	0	0	0	0	0	0	0	0	0	0	0	1	0	0	0	0	0	0	1	0	0	0	1	7.0	0.097	0.095	NaN	NaN	0.231	0.211	NaN	NaN	6.93	7.385	NaN	NaN	0.0	"2.5"	"F0034"	0	0	"PR"	47.597	"fill-di-lb"	10.232	1	0	0	932.019	0.0	1033.025	null	1081.243	0.087
1.7	0.04675	2625.0	2803.125	665.625	NaN	NaN	NaN	1	0	0	0	0	0	0	0	0	0	0	0	0	1	0	0	0	0	0	0	1	0	0	0	1	20.0	0.095	0.125	NaN	NaN	0.226	0.278	NaN	NaN	6.78	9.73	NaN	NaN	0.0	"2.5"	"F0034"	0	0	"PR"	57.636	"fill-di-lb"	20.271	1	0	0	932.019	0.0	1033.025	null	1091.282	0.087
1.6	0.046475	1875.0	2831.25	965.625	NaN	NaN	NaN	1	0	0	0	0	0	0	0	0	0	0	0	0	1	0	0	0	0	0	0	1	0	0	0	1	19.0	0.098	0.155	NaN	NaN	0.233	0.344	NaN	NaN	6.99	12.04	NaN	NaN	0.0	"2.5"	"F0034"	0	0	"PR"	67.67	"fill-di-lb"	30.305	1	0	0	932.019	0.0	1033.025	null	1101.316	0.086
1.6	0.04675	1125.0	2821.875	1256.25	NaN	NaN	NaN	1	0	0	0	0	0	0	0	0	0	0	0	0	1	0	0	0	0	0	0	1	0	0	0	1	19.0	0.097	0.184	NaN	NaN	0.231	0.409	NaN	NaN	6.93	14.315	NaN	NaN	0.0	"2.5"	"F0034"	0	0	"PR"	77.709	"fill-di-lb"	40.344	1	0	0	932.019	0.0	1033.025	null	1111.355	0.092
1.1	0.047025	1125.0	2821.875	1537.5	NaN	NaN	NaN	1	0	0	0	0	0	0	0	0	0	0	0	0	1	0	0	0	0	0	0	1	0	0	0	1	13.0	0.097	0.212	NaN	NaN	0.231	0.471	NaN	NaN	6.93	16.485	NaN	NaN	0.0	"2.5"	"F0034"	0	0	"PR"	87.746	"fill-di-lb"	50.381	1	0	0	932.019	0.0	1033.025	null	1121.392	0.087
1.8	0.04675	2812.5	2821.875	1846.875	NaN	NaN	NaN	1	0	0	0	0	0	0	0	0	0	0	0	0	1	0	0	0	0	0	0	1	0	0	0	1	22.0	0.097	0.243	NaN	NaN	0.231	0.54	NaN	NaN	6.93	18.9	NaN	NaN	0.0	"2.5"	"F0034"	0	0	"PR"	97.776	"fill-di-lb"	60.411	1	0	0	932.019	0.0	1033.025	null	1131.422	0.09
1.6	0.047025	1687.5	2831.25	2118.75	NaN	NaN	NaN	1	0	0	0	0	0	0	0	0	0	0	0	0	1	0	0	0	0	0	0	1	0	0	0	1	19.0	0.098	0.27	NaN	NaN	0.233	0.6	NaN	NaN	6.99	21.0	NaN	NaN	0.0	"2.5"	"F0034"	0	0	"PR"	107.812	"fill-di-lb"	70.447	1	0	0	932.019	0.0	1033.025	null	1141.458	0.092
1.5	0.046475	937.5	3028.125	2156.25	NaN	NaN	NaN	1	0	0	0	0	0	0	0	0	0	0	0	0	1	0	0	0	0	0	0	1	0	0	0	1	18.0	0.118	0.274	NaN	NaN	0.281	0.609	NaN	NaN	8.43	21.315	NaN	NaN	0.0	"2.5"	"F0034"	0	0	"PR"	117.648	"fill-di"	0.602	1	0	0	932.019	0.0	1033.025	null	1151.294	0.084
12.3	0.045925	29437.5	2971.875	2484.375	NaN	NaN	NaN	0	1	1	0	0	0	0	0	0	0	0	0	1	0	0	0	0	1	1	1	0	1	1	1	0	148.0	0.112	0.306	NaN	NaN	0.267	0.68	NaN	NaN	8.01	23.8	NaN	NaN	0.0	"2.5"	"F0034"	1	1	"PR"	127.686	"deionize"	6.225	1	1	0	932.019	0.0	1033.025	null	1161.332	0.087
12.6	0.0451	29250.0	2981.25	2540.625	NaN	NaN	NaN	0	1	1	0	0	0	0	0	0	0	0	0	1	0	0	0	0	1	1	1	0	1	1	1	0	151.0	0.113	0.312	NaN	NaN	0.269	0.693	NaN	NaN	8.07	24.255	NaN	NaN	0.0	"2.5"	"F0034"	1	1	"PR"	137.728	"deionize"	16.267	1	1	0	932.019	0.0	1033.025	null	1171.374	0.086
12.3	0.044275	29812.5	2962.5	2521.875	NaN	NaN	NaN	0	1	1	0	0	0	0	0	0	0	0	0	1	0	0	0	0	1	1	1	0	1	1	1	0	148.0	0.111	0.31	NaN	NaN	0.264	0.689	NaN	NaN	7.92	24.115	NaN	NaN	0.0	"2.5"	"F0034"	1	1	"PR"	147.764	"deionize"	26.303	1	1	0	932.019	0.0	1033.025	null	1181.41	0.084
13.3	0.0429	29812.5	2971.875	2587.5	NaN	NaN	NaN	0	1	1	0	0	0	0	0	0	0	0	0	1	0	0	0	0	1	1	1	0	1	1	1	0	160.0	0.112	0.317	NaN	NaN	0.267	0.704	NaN	NaN	8.01	24.64	NaN	NaN	0.0	"2.5"	"F0034"	1	1	"PR"	157.8	"deionize"	36.339	1	1	0	932.019	0.0	1033.025	null	1191.446	0.084
9.9	0.04235	30000.0	2962.5	2587.5	NaN	NaN	NaN	0	1	1	0	0	0	0	0	0	0	0	0	1	0	0	0	0	1	1	1	0	1	1	1	0	119.0	0.111	0.317	NaN	NaN	0.264	0.704	NaN	NaN	7.92	24.64	NaN	NaN	0.0	"2.5"	"F0034"	1	1	"PR"	167.84	"deionize"	46.379	1	1	0	932.019	0.0	1033.025	null	1201.486	0.089
10.1	0.040975	29812.5	2981.25	2475.0	NaN	NaN	NaN	0	1	1	0	0	0	0	0	0	0	0	0	1	0	0	0	0	1	1	1	0	1	1	1	0	121.0	0.113	0.305	NaN	NaN	0.269	0.678	NaN	NaN	8.07	23.73	NaN	NaN	0.0	"2.5"	"F0034"	1	1	"PR"	177.878	"deionize"	56.417	1	1	0	932.019	0.0	1033.025	null	1211.524	0.087
14.5	0.040425	29812.5	2971.875	2512.5	NaN	NaN	NaN	0	1	1	0	0	0	0	0	0	0	0	0	1	0	0	0	0	1	1	1	0	1	1	1	0	174.0	0.112	0.309	NaN	NaN	0.267	0.687	NaN	NaN	8.01	24.045	NaN	NaN	0.0	"2.5"	"F0034"	1	1	"PR"	187.919	"deionize"	66.458	1	1	0	932.019	0.0	1033.025	null	1221.565	0.089
12.5	0.0396	30000.0	2981.25	2512.5	NaN	NaN	NaN	0	1	1	0	0	0	0	0	0	0	0	0	1	0	0	0	0	1	1	1	0	1	1	1	0	150.0	0.113	0.309	NaN	NaN	0.269	0.687	NaN	NaN	8.07	24.045	NaN	NaN	0.0	"2.5"	"F0034"	1	1	"PR"	197.756	"deionize"	76.295	1	1	0	932.019	0.0	1033.025	null	1231.402	0.084
12.1	0.03905	30000.0	2971.875	2550.0	NaN	NaN	NaN	0	1	1	0	0	0	0	0	0	0	0	0	1	0	0	0	0	1	1	1	0	1	1	1	0	145.0	0.112	0.313	NaN	NaN	0.267	0.696	NaN	NaN	8.01	24.36	NaN	NaN	0.0	"2.5"	"F0034"	1	1	"PR"	207.791	"deionize"	86.33	1	1	0	932.019	0.0	1033.025	null	1241.437	0.085
12.5	0.038225	29625.0	2971.875	2446.875	NaN	NaN	NaN	0	1	1	0	0	0	0	0	0	0	0	0	1	0	0	0	0	1	1	1	0	1	1	1	0	150.0	0.112	0.303	NaN	NaN	0.267	0.673	NaN	NaN	8.01	23.555	NaN	NaN	0.0	"2.5"	"F0034"	1	1	"PR"	217.831	"deionize"	96.37	1	1	0	932.019	0.0	1033.025	null	1251.477	0.09
11.3	0.038225	29437.5	2981.25	2493.75	NaN	NaN	NaN	0	1	1	0	0	0	0	0	0	0	0	0	1	0	0	0	0	1	1	1	0	1	1	1	0	136.0	0.113	0.307	NaN	NaN	0.269	0.682	NaN	NaN	8.07	23.87	NaN	NaN	0.0	"2.5"	"F0034"	1	1	"PR"	227.867	"deionize"	106.406	1	1	0	932.019	0.0	1033.025	null	1261.513	0.084
13.3	0.037675	29625.0	2981.25	2362.5	NaN	NaN	NaN	0	1	1	0	0	0	0	0	0	0	0	0	1	0	0	0	0	1	1	1	0	1	1	1	0	160.0	0.113	0.294	NaN	NaN	0.269	0.653	NaN	NaN	8.07	22.855	NaN	NaN	0.0	"2.5"	"F0034"	1	1	"PR"	237.902	"deionize"	116.441	1	1	0	932.019	0.0	1033.025	null	1271.548	0.085
13.1	0.037125	30375.0	2943.75	2353.125	NaN	NaN	NaN	0	1	1	0	0	0	0	0	0	0	0	0	1	0	0	0	0	1	1	1	0	1	1	1	0	157.0	0.109	0.293	NaN	NaN	0.26	0.651	NaN	NaN	7.8	22.785	NaN	NaN	0.0	"2.5"	"F0034"	1	1	"PR"	247.941	"deionize"	126.48	1	1	0	932.019	0.0	1033.025	null	1281.587	0.087
14.9	0.037125	30187.5	2971.875	2371.875	NaN	NaN	NaN	0	1	1	0	0	0	0	0	0	0	0	0	1	0	0	0	0	1	1	1	0	1	1	1	0	179.0	0.112	0.295	NaN	NaN	0.267	0.656	NaN	NaN	8.01	22.96	NaN	NaN	0.0	"2.5"	"F0034"	1	1	"PR"	257.978	"deionize"	136.517	1	1	0	932.019	0.0	1033.025	null	1291.624	0.084
12.7	0.036025	30000.0	2971.875	2400.0	NaN	NaN	NaN	0	1	1	0	0	0	0	0	0	0	0	0	1	0	0	0	0	1	1	1	0	1	1	1	0	152.0	0.112	0.298	NaN	NaN	0.267	0.662	NaN	NaN	8.01	23.17	NaN	NaN	0.0	"2.5"	"F0034"	1	1	"PR"	268.014	"deionize"	146.553	1	1	0	932.019	0.0	1033.025	null	1301.66	0.088
12.3	0.036575	29250.0	2981.25	2465.625	NaN	NaN	NaN	0	1	1	0	0	0	0	0	0	0	0	0	1	0	0	0	0	1	1	1	0	1	1	1	0	148.0	0.113	0.305	NaN	NaN	0.269	0.678	NaN	NaN	8.07	23.73	NaN	NaN	0.0	"2.5"	"F0034"	1	1	"PR"	277.85	"deionize"	156.389	1	1	0	932.019	0.0	1033.025	null	1311.496	0.087
12.2	0.036025	29625.0	2981.25	2409.375	NaN	NaN	NaN	0	1	1	0	0	0	0	0	0	0	0	0	1	0	0	0	0	1	1	1	0	1	1	1	0	146.0	0.113	0.299	NaN	NaN	0.269	0.664	NaN	NaN	8.07	23.24	NaN	NaN	0.0	"2.5"	"F0034"	1	1	"PR"	287.888	"deionize"	166.427	1	1	0	932.019	0.0	1033.025	null	1321.534	0.084
12.8	0.036025	30000.0	2943.75	2437.5	NaN	NaN	NaN	0	1	1	0	0	0	0	0	0	0	0	0	1	0	0	0	0	1	1	1	0	1	1	1	0	154.0	0.109	0.302	NaN	NaN	0.26	0.671	NaN	NaN	7.8	23.485	NaN	NaN	0.0	"2.5"	"F0034"	1	1	"PR"	297.927	"deionize"	176.466	1	1	0	932.019	0.0	1033.025	null	1331.573	0.087
12.8	0.035475	29625.0	2971.875	2409.375	NaN	NaN	NaN	0	1	1	0	0	0	0	0	0	0	0	0	1	0	0	0	0	1	1	1	0	1	1	1	0	154.0	0.112	0.299	NaN	NaN	0.267	0.664	NaN	NaN	8.01	23.24	NaN	NaN	0.0	"2.5"	"F0034"	1	1	"PR"	307.966	"deionize"	186.505	1	1	0	932.019	0.0	1033.025	null	1341.612	0.084
12.6	0.034925	30000.0	2971.875	2409.375	NaN	NaN	NaN	0	1	1	0	0	0	0	0	0	0	0	0	1	0	0	0	0	1	1	1	0	1	1	1	0	151.0	0.112	0.299	NaN	NaN	0.267	0.664	NaN	NaN	8.01	23.24	NaN	NaN	0.0	"2.5"	"F0034"	1	1	"PR"	318.001	"deionize"	196.54	1	1	0	932.019	0.0	1033.025	null	1351.647	0.084
13.7	0.033825	30000.0	2971.875	2437.5	NaN	NaN	NaN	0	1	1	0	0	0	0	0	0	0	0	0	1	0	0	0	0	1	1	1	0	1	1	1	0	164.0	0.112	0.302	NaN	NaN	0.267	0.671	NaN	NaN	8.01	23.485	NaN	NaN	0.0	"2.5"	"F0034"	1	1	"PR"	328.044	"deionize"	206.583	1	1	0	932.019	0.0	1033.025	null	1361.69	0.084
12.6	0.0341	29812.5	2990.625	2409.375	NaN	NaN	NaN	0	1	1	0	0	0	0	0	0	0	0	0	1	0	0	0	0	1	1	1	0	1	1	1	0	151.0	0.114	0.299	NaN	NaN	0.271	0.664	NaN	NaN	8.13	23.24	NaN	NaN	0.0	"2.5"	"F0034"	1	1	"PR"	338.083	"deionize"	216.622	1	1	0	932.019	0.0	1033.025	null	1371.729	0.086
12.6	0.033825	29812.5	2981.25	2353.125	NaN	NaN	NaN	0	1	1	0	0	0	0	0	0	0	0	0	1	0	0	0	0	1	1	1	0	1	1	1	0	151.0	0.113	0.293	NaN	NaN	0.269	0.651	NaN	NaN	8.07	22.785	NaN	NaN	0.0	"2.5"	"F0034"	1	1	"PR"	347.921	"deionize"	226.46	1	1	0	932.019	0.0	1033.025	null	1381.567	0.092
13.9	0.033	30000.0	2962.5	2437.5	NaN	NaN	NaN	0	1	1	0	0	0	0	0	0	0	0	0	1	0	0	0	0	1	1	1	0	1	1	1	0	167.0	0.111	0.302	NaN	NaN	0.264	0.671	NaN	NaN	7.92	23.485	NaN	NaN	0.0	"2.5"	"F0034"	1	1	"PR"	357.96	"deionize"	236.499	1	1	0	932.019	0.0	1033.025	null	1391.606	0.087
12.6	0.03245	30000.0	2962.5	2409.375	NaN	NaN	NaN	0	1	1	0	0	0	0	0	0	0	0	0	1	0	0	0	1	1	1	1	0	1	1	1	0	151.0	0.111	0.299	NaN	NaN	0.264	0.664	NaN	NaN	7.92	23.24	NaN	NaN	0.0	"2.5"	"F0034"	1	1	"PR"	368.099	"deionize-uv"	6.526	1	1	0	932.019	0.0	1033.025	null	1401.745	0.084
9.7	0.03245	30000.0	2981.25	2409.375	NaN	NaN	NaN	0	1	1	0	0	0	0	0	0	0	0	0	1	0	0	0	1	1	1	1	0	1	1	1	0	116.0	0.113	0.299	NaN	NaN	0.269	0.664	NaN	NaN	8.07	23.24	NaN	NaN	0.0	"2.5"	"F0034"	1	1	"PR"	378.139	"deionize-uv"	16.566	1	1	0	932.019	0.0	1033.025	null	1411.785	0.084
12.4	0.032175	29250.0	2971.875	2456.25	NaN	NaN	NaN	0	1	1	0	0	0	0	0	0	0	0	0	1	0	0	0	1	1	1	1	0	1	1	1	0	149.0	0.112	0.304	NaN	NaN	0.267	0.676	NaN	NaN	8.01	23.66	NaN	NaN	0.0	"2.5"	"F0034"	1	1	"PR"	387.97	"deionize-uv"	26.397	1	1	0	932.019	0.0	1033.025	null	1421.616	0.087
11.9	0.03135	29812.5	2971.875	2418.75	NaN	NaN	NaN	0	1	1	0	0	0	0	0	0	0	0	0	1	0	0	0	1	1	1	1	0	1	1	1	0	143.0	0.112	0.3	NaN	NaN	0.267	0.667	NaN	NaN	8.01	23.345	NaN	NaN	0.0	"2.5"	"F0034"	1	1	"PR"	398.009	"deionize-uv"	36.436	1	1	0	932.019	0.0	1033.025	null	1431.655	0.09
12.6	0.03135	29812.5	2971.875	2465.625	NaN	NaN	NaN	0	1	1	0	0	0	0	0	0	0	0	0	1	0	0	0	1	1	1	1	0	1	1	1	0	151.0	0.112	0.305	NaN	NaN	0.267	0.678	NaN	NaN	8.01	23.73	NaN	NaN	0.0	"2.5"	"F0034"	1	1	"PR"	408.045	"deionize-uv"	46.472	1	1	0	932.019	0.0	1033.025	null	1441.691	0.09
12.2	0.03025	29812.5	2953.125	2437.5	NaN	NaN	NaN	0	1	1	0	0	0	0	0	0	0	0	0	1	0	0	0	1	1	1	1	0	1	1	1	0	146.0	0.11	0.302	NaN	NaN	0.262	0.671	NaN	NaN	7.86	23.485	NaN	NaN	0.0	"2.5"	"F0034"	1	1	"PR"	418.082	"deionize-uv"	56.509	1	1	0	932.019	0.0	1033.025	null	1451.728	0.083
11.8	0.03025	30000.0	2962.5	2400.0	NaN	NaN	NaN	0	1	1	0	0	0	0	0	0	0	0	0	1	0	0	0	1	1	1	1	0	1	1	1	0	142.0	0.111	0.298	NaN	NaN	0.264	0.662	NaN	NaN	7.92	23.17	NaN	NaN	0.0	"2.5"	"F0034"	1	1	"PR"	428.114	"deionize-uv"	66.541	1	1	0	932.019	0.0	1033.025	null	1461.76	0.085
12.7	0.0297	30000.0	2981.25	2456.25	NaN	NaN	NaN	0	1	1	0	0	0	0	0	0	0	0	0	1	0	0	0	1	1	1	1	0	1	1	1	0	152.0	0.113	0.304	NaN	NaN	0.269	0.676	NaN	NaN	8.07	23.66	NaN	NaN	0.0	"2.5"	"F0034"	1	1	"PR"	438.152	"deionize-uv"	76.579	1	1	0	932.019	0.0	1033.025	null	1471.798	0.083
11.2	0.0297	29625.0	2971.875	2362.5	NaN	NaN	NaN	0	1	1	0	0	0	0	0	0	0	0	0	1	0	0	0	1	1	1	1	0	1	1	1	0	134.0	0.112	0.294	NaN	NaN	0.267	0.653	NaN	NaN	8.01	22.855	NaN	NaN	0.0	"2.5"	"F0034"	1	1	"PR"	448.185	"deionize-uv"	86.612	1	1	0	932.019	0.0	1033.025	null	1481.831	0.083
11.6	0.02915	29437.5	3009.375	2390.625	NaN	NaN	NaN	0	1	1	0	0	0	0	0	0	0	0	0	1	0	0	0	1	1	1	1	0	1	1	1	0	139.0	0.116	0.297	NaN	NaN	0.276	0.66	NaN	NaN	8.28	23.1	NaN	NaN	0.0	"2.5"	"F0034"	1	1	"PR"	458.023	"deionize-uv"	96.45	1	1	0	932.019	0.0	1033.025	null	1491.669	0.093
11.6	0.02915	30000.0	2962.5	2371.875	NaN	NaN	NaN	0	1	1	0	0	0	0	0	0	0	0	0	1	0	0	0	1	1	1	1	0	1	1	1	0	139.0	0.111	0.295	NaN	NaN	0.264	0.656	NaN	NaN	7.92	22.96	NaN	NaN	0.0	"2.5"	"F0034"	1	1	"PR"	468.057	"deionize-uv"	106.484	1	1	0	932.019	0.0	1033.025	null	1501.703	0.087
11.2	0.02805	30000.0	2971.875	2418.75	NaN	NaN	NaN	0	1	1	0	0	0	0	0	0	0	0	0	1	0	0	0	1	1	1	1	0	1	1	1	0	134.0	0.112	0.3	NaN	NaN	0.267	0.667	NaN	NaN	8.01	23.345	NaN	NaN	0.0	"2.5"	"F0034"	1	1	"PR"	478.092	"deionize-uv"	116.519	1	1	0	932.019	0.0	1033.025	null	1511.738	0.091
10.3	0.028325	26062.5	2981.25	1931.25	NaN	NaN	NaN	0	0	1	0	0	0	0	1	0	0	0	0	1	0	0	0	1	1	1	1	0	1	1	1	0	124.0	0.113	0.251	NaN	NaN	0.269	0.558	NaN	NaN	8.07	19.53	NaN	NaN	0.0	"2.5"	"F0034"	1	1	"PR"	488.254	"drain-di-1"	6.552	1	1	0	932.019	0.0	1033.025	null	1521.9	0.084
10.8	0.02805	23062.5	2981.25	1668.75	NaN	NaN	NaN	0	0	1	0	0	0	0	1	0	0	0	0	1	0	0	0	1	1	1	1	0	1	1	1	0	130.0	0.113	0.225	NaN	NaN	0.269	0.5	NaN	NaN	8.07	17.5	NaN	NaN	0.0	"2.5"	"F0034"	1	1	"PR"	498.089	"drain-di-1"	16.387	1	1	0	932.019	0.0	1033.025	null	1531.735	0.091
10.5	0.02805	25125.0	2962.5	1378.125	NaN	NaN	NaN	0	0	1	0	0	0	0	1	0	0	0	0	1	0	0	0	1	1	1	1	0	1	1	1	0	126.0	0.111	0.196	NaN	NaN	0.264	0.436	NaN	NaN	7.92	15.26	NaN	NaN	0.0	"2.5"	"F0034"	1	1	"PR"	508.13	"drain-di-1"	26.428	1	1	0	932.019	0.0	1033.025	null	1541.776	0.092
11.2	0.0275	23250.0	2971.875	1162.5	NaN	NaN	NaN	0	0	1	0	0	0	0	1	0	0	0	0	1	0	0	0	1	1	1	1	0	1	1	1	0	134.0	0.112	0.174	NaN	NaN	0.267	0.387	NaN	NaN	8.01	13.545	NaN	NaN	0.0	"2.5"	"F0034"	1	1	"PR"	518.167	"drain-di-1"	36.465	1	1	0	932.019	0.0	1033.025	null	1551.813	0.09
10.6	0.0275	24375.0	2981.25	909.375	NaN	NaN	NaN	0	0	1	0	0	0	0	1	0	0	0	0	1	0	0	0	1	1	1	1	0	1	1	1	0	127.0	0.113	0.149	NaN	NaN	0.269	0.331	NaN	NaN	8.07	11.585	NaN	NaN	0.0	"2.5"	"F0034"	1	1	"PR"	528.204	"drain-di-1"	46.502	1	1	0	932.019	0.0	1033.025	null	1561.85	0.088
12.1	0.02695	24937.5	2971.875	656.25	NaN	NaN	NaN	0	0	1	0	0	0	0	1	0	0	0	0	1	0	0	0	1	1	1	1	0	1	1	1	0	145.0	0.112	0.124	NaN	NaN	0.267	0.276	NaN	NaN	8.01	9.66	NaN	NaN	0.0	"2.5"	"F0034"	1	1	"PR"	538.243	"drain-di-1"	56.541	1	1	0	932.019	0.0	1033.025	null	1571.889	0.091
10.5	0.0275	25125.0	2962.5	384.375	NaN	NaN	NaN	0	0	1	0	0	0	0	1	0	0	0	0	1	0	0	0	1	1	1	1	0	1	1	1	0	126.0	0.111	0.096	NaN	NaN	0.264	0.213	NaN	NaN	7.92	7.455	NaN	NaN	0.0	"2.5"	"F0034"	1	1	"PR"	548.281	"drain-di-1"	66.579	1	1	0	932.019	0.0	1033.025	null	1581.927	0.091
10.3	0.02695	24937.5	2981.25	140.625	NaN	NaN	NaN	0	0	1	0	0	0	0	1	0	0	0	0	1	0	0	0	1	1	1	1	0	1	1	1	0	124.0	0.113	0.072	NaN	NaN	0.269	0.16	NaN	NaN	8.07	5.6	NaN	NaN	0.0	"2.5"	"F0034"	1	1	"PR"	558.323	"drain-di-1"	76.621	1	1	0	932.019	0.0	1033.025	null	1591.969	0.093
10.1	0.02695	23625.0	2971.875	-112.5	NaN	NaN	NaN	0	0	1	0	0	0	0	1	0	0	0	0	1	0	0	0	1	1	1	1	0	1	1	1	0	121.0	0.112	0.047	NaN	NaN	0.267	0.104	NaN	NaN	8.01	3.64	NaN	NaN	0.0	"2.5"	"F0034"	1	1	"PR"	568.272	"drip-di-1"	7.539	1	1	0	932.019	0.0	1033.025	null	1601.918	0.091
-12.2	0.0264	23062.5	2784.375	-65.625	NaN	NaN	NaN	1	0	0	0	0	1	1	0	0	0	0	0	1	1	0	0	0	1	1	0	1	1	1	0	1	-146.0	0.093	0.051	NaN	NaN	0.221	0.113	NaN	NaN	6.63	3.955	NaN	NaN	0.0	"2.5"	"F0034"	1	0	"PR"	578.271	"reverse-f"	2.37	1	1	0	932.019	0.0	1033.025	null	1611.917	0.087
-12.0	0.02805	25125.0	2793.75	225.0	NaN	NaN	NaN	1	0	0	0	0	1	1	0	0	0	0	0	1	1	0	0	0	1	1	0	1	1	1	0	1	-144.0	0.094	0.081	NaN	NaN	0.224	0.18	NaN	NaN	6.72	6.3	NaN	NaN	0.0	"2.5"	"F0034"	1	0	"PR"	588.3	"reverse-f"	12.399	1	1	0	932.019	0.0	1033.025	null	1621.946	0.09
-11.3	0.03025	23625.0	2784.375	515.625	NaN	NaN	NaN	1	0	0	0	0	1	1	0	0	0	0	0	1	1	0	0	0	1	1	0	1	1	1	0	1	-136.0	0.093	0.11	NaN	NaN	0.221	0.244	NaN	NaN	6.63	8.54	NaN	NaN	0.0	"2.5"	"F0034"	1	0	"PR"	598.335	"reverse-f"	22.434	1	1	0	932.019	0.0	1033.025	null	1631.981	0.089
-11.9	0.03355	23062.5	2793.75	815.625	NaN	NaN	NaN	1	0	0	0	0	1	1	0	0	0	0	0	1	1	0	0	0	1	1	0	1	1	1	0	1	-143.0	0.094	0.14	NaN	NaN	0.224	0.311	NaN	NaN	6.72	10.885	NaN	NaN	0.0	"2.5"	"F0034"	1	0	"PR"	608.368	"reverse-f"	32.467	1	1	0	932.019	0.0	1033.025	null	1642.014	0.087
-11.6	0.036025	22125.0	2784.375	1096.875	NaN	NaN	NaN	1	0	0	0	0	1	1	0	0	0	0	0	1	1	0	0	0	1	1	0	1	1	1	0	1	-139.0	0.093	0.168	NaN	NaN	0.221	0.373	NaN	NaN	6.63	13.055	NaN	NaN	0.0	"2.5"	"F0034"	1	0	"PR"	618.209	"reverse-f"	42.308	1	1	0	932.019	0.0	1033.025	null	1651.855	0.083
-12.7	0.039325	24562.5	2775.0	1396.875	NaN	NaN	NaN	1	0	0	0	0	1	1	0	0	0	0	0	1	1	0	0	0	1	1	0	1	1	1	0	1	-152.0	0.093	0.198	NaN	NaN	0.221	0.44	NaN	NaN	6.63	15.4	NaN	NaN	0.0	"2.5"	"F0034"	1	0	"PR"	628.246	"reverse-f"	52.345	1	1	0	932.019	0.0	1033.025	null	1661.892	0.086
-12.3	0.04235	24375.0	2803.125	1668.75	NaN	NaN	NaN	1	0	0	0	0	1	1	0	0	0	0	0	1	1	0	0	0	1	1	0	1	1	1	0	1	-148.0	0.095	0.225	NaN	NaN	0.226	0.5	NaN	NaN	6.78	17.5	NaN	NaN	0.0	"2.5"	"F0034"	1	0	"PR"	638.28	"reverse-f"	62.379	1	1	0	932.019	0.0	1033.025	null	1671.926	0.086
-11.6	0.044275	24187.5	2793.75	1987.5	NaN	NaN	NaN	1	0	0	0	0	1	1	0	0	0	0	0	1	1	0	0	0	1	1	0	1	1	1	0	1	-139.0	0.094	0.257	NaN	NaN	0.224	0.571	NaN	NaN	6.72	19.985	NaN	NaN	0.0	"2.5"	"F0034"	1	0	"PR"	648.318	"reverse-f"	72.417	1	1	0	932.019	0.0	1033.025	null	1681.964	0.092
-13.2	0.04565	21562.5	2784.375	2250.0	NaN	NaN	NaN	0	0	0	0	0	1	1	0	0	0	0	0	1	0	0	0	0	1	1	0	1	1	1	0	1	-158.0	0.093	0.283	NaN	NaN	0.221	0.629	NaN	NaN	6.63	22.015	NaN	NaN	0.0	"2.5"	"F0034"	1	0	"PR"	658.151	"reverse"	82.25	1	1	0	932.019	0.0	1033.025	null	1691.797	0.094
-12.0	0.04785	25875.0	2803.125	2278.125	NaN	NaN	NaN	0	0	0	0	0	1	1	0	0	0	0	0	1	0	0	0	0	1	1	0	1	1	1	0	1	-144.0	0.095	0.286	NaN	NaN	0.226	0.636	NaN	NaN	6.78	22.26	NaN	NaN	0.0	"2.5"	"F0034"	1	0	"PR"	668.303	"reverse"	92.402	1	1	0	932.019	0.0	1033.025	null	1701.949	0.086
-10.8	0.0484	25312.5	2784.375	2268.75	NaN	NaN	NaN	0	0	0	0	0	1	1	0	0	0	0	0	1	0	0	0	0	1	1	0	1	1	1	0	1	-130.0	0.093	0.285	NaN	NaN	0.221	0.633	NaN	NaN	6.63	22.155	NaN	NaN	0.0	"2.5"	"F0034"	1	0	"PR"	678.34	"reverse"	102.439	1	1	0	932.019	0.0	1033.025	null	1711.986	0.087
-12.3	0.0495	23062.5	2821.875	2259.375	NaN	NaN	NaN	0	0	0	0	0	1	1	0	0	0	0	0	1	0	0	0	0	1	1	0	1	1	1	0	1	-148.0	0.097	0.284	NaN	NaN	0.231	0.631	NaN	NaN	6.93	22.085	NaN	NaN	0.0	"2.5"	"F0034"	1	0	"PR"	688.377	"reverse"	112.476	1	1	0	932.019	0.0	1033.025	null	1722.023	0.086
-12.4	0.050325	23062.5	2784.375	2259.375	NaN	NaN	NaN	0	0	0	0	0	1	1	0	0	0	0	0	1	0	0	0	0	1	1	0	1	1	1	0	1	-149.0	0.093	0.284	NaN	NaN	0.221	0.631	NaN	NaN	6.63	22.085	NaN	NaN	0.0	"2.5"	"F0034"	1	0	"PR"	698.417	"reverse"	122.516	1	1	0	932.019	0.0	1033.025	null	1732.063	0.092
-11.6	0.050875	22125.0	2821.875	2268.75	NaN	NaN	NaN	0	0	0	0	0	1	1	0	0	0	0	0	1	0	0	0	0	1	1	0	1	1	1	0	1	-139.0	0.097	0.285	NaN	NaN	0.231	0.633	NaN	NaN	6.93	22.155	NaN	NaN	0.0	"2.5"	"F0034"	1	0	"PR"	708.456	"reverse"	132.555	1	1	0	932.019	0.0	1033.025	null	1742.102	0.089
-12.4	0.050875	22125.0	2821.875	2250.0	NaN	NaN	NaN	0	0	0	0	0	1	1	0	0	0	0	0	1	0	0	0	0	1	1	0	1	1	1	0	1	-149.0	0.097	0.283	NaN	NaN	0.231	0.629	NaN	NaN	6.93	22.015	NaN	NaN	0.0	"2.5"	"F0034"	1	0	"PR"	718.493	"reverse"	142.592	1	1	0	932.019	0.0	1033.025	null	1752.139	0.091
-0.8	0.05225	0.0	3000.0	2278.125	NaN	NaN	NaN	0	0	0	0	0	0	0	0	0	0	0	0	0	0	0	0	0	0	0	0	1	0	0	0	1	-10.0	0.115	0.286	NaN	NaN	0.274	0.636	NaN	NaN	8.22	22.26	NaN	NaN	0.0	"2.5"	"F0034"	0	0	"PR"	728.423	"diffuse"	2.499	1	1	1	932.019	0.0	1033.025	null	1762.069	0.086
-1.5	0.05225	2062.5	2981.25	2278.125	NaN	NaN	NaN	0	0	0	0	0	0	0	0	0	0	0	0	0	0	0	0	0	0	0	0	1	0	0	0	1	-18.0	0.113	0.286	NaN	NaN	0.269	0.636	NaN	NaN	8.07	22.26	NaN	NaN	0.0	"2.5"	"F0034"	0	0	"PR"	738.461	"diffuse"	12.537	1	1	1	932.019	0.0	1033.025	null	1772.107	0.086
-1.7	0.051975	-375.0	2971.875	2306.25	NaN	NaN	NaN	0	0	0	0	0	0	0	0	0	0	0	0	0	0	0	0	0	0	0	0	1	0	0	0	1	-20.0	0.112	0.289	NaN	NaN	0.267	0.642	NaN	NaN	8.01	22.47	NaN	NaN	0.0	"2.5"	"F0034"	0	0	"PR"	748.493	"diffuse"	22.569	1	1	1	932.019	0.0	1033.025	null	1782.139	0.087
-11.9	0.050875	25312.5	2793.75	2250.0	NaN	NaN	NaN	0	0	0	0	0	1	1	0	0	0	0	0	1	0	0	0	0	1	1	0	1	1	1	0	1	-143.0	0.094	0.283	NaN	NaN	0.224	0.629	NaN	NaN	6.72	22.015	NaN	NaN	0.0	"2.5"	"F0034"	1	0	"PR"	758.425	"wash-en"	2.3	1	1	1	932.019	0.0	1033.025	null	1792.071	0.089
-11.9	0.05115	24375.0	2812.5	2296.875	NaN	NaN	NaN	0	0	0	0	0	1	1	0	0	0	0	0	1	0	0	0	0	1	1	0	1	1	1	0	1	-143.0	0.096	0.288	NaN	NaN	0.229	0.64	NaN	NaN	6.87	22.4	NaN	NaN	0.0	"2.5"	"F0034"	1	0	"PR"	768.467	"wash-en"	12.342	1	1	1	932.019	0.0	1033.025	null	1802.113	0.086
-0.5	0.0528	23437.5	2821.875	2287.5	NaN	NaN	NaN	0	0	0	0	0	1	1	0	0	0	0	0	1	0	0	0	0	0	0	0	1	0	0	0	1	-6.0	0.097	0.287	NaN	NaN	0.231	0.638	NaN	NaN	6.93	22.33	NaN	NaN	0.0	"2.5"	"F0034"	0	0	"PR"	778.398	"wash-sc"	2.101	1	1	1	932.019	0.0	1033.025	null	1812.044	0.087
-0.9	0.053075	-375.0	2981.25	2278.125	NaN	NaN	NaN	0	0	0	0	0	0	0	0	0	0	0	0	0	0	0	0	0	0	0	0	1	0	0	0	1	-11.0	0.113	0.286	NaN	NaN	0.269	0.636	NaN	NaN	8.07	22.26	NaN	NaN	0.0	"2.5"	"F0034"	0	0	"PR"	788.44	"diffuse"	2.007	1	1	2	932.019	0.0	1033.025	null	1822.086	0.084
-0.8	0.053075	375.0	2981.25	2250.0	NaN	NaN	NaN	0	0	0	0	0	0	0	0	0	0	0	0	0	0	0	0	0	0	0	0	1	0	0	0	1	-10.0	0.113	0.283	NaN	NaN	0.269	0.629	NaN	NaN	8.07	22.015	NaN	NaN	0.0	"2.5"	"F0034"	0	0	"PR"	798.474	"diffuse"	12.041	1	1	2	932.019	0.0	1033.025	null	1832.12	0.086
-1.0	0.05335	1125.0	2981.25	2287.5	NaN	NaN	NaN	0	0	0	0	0	0	0	0	0	0	0	0	0	0	0	0	0	0	0	0	1	0	0	0	1	-12.0	0.113	0.287	NaN	NaN	0.269	0.638	NaN	NaN	8.07	22.33	NaN	NaN	0.0	"2.5"	"F0034"	0	0	"PR"	808.512	"diffuse"	22.079	1	1	2	932.019	0.0	1033.025	null	1842.158	0.087
-11.6	0.05225	21562.5	2793.75	2240.625	NaN	NaN	NaN	0	0	0	0	0	1	1	0	0	0	0	0	1	0	0	0	0	1	1	0	1	1	1	0	1	-139.0	0.094	0.282	NaN	NaN	0.224	0.627	NaN	NaN	6.72	21.945	NaN	NaN	0.0	"2.5"	"F0034"	1	0	"PR"	818.44	"wash-en"	1.898	1	1	2	932.019	0.0	1033.025	null	1852.086	0.084
-11.7	0.0528	23812.5	2784.375	2259.375	NaN	NaN	NaN	0	0	0	0	0	1	1	0	0	0	0	0	1	0	0	0	0	1	1	0	1	1	1	0	1	-140.0	0.093	0.284	NaN	NaN	0.221	0.631	NaN	NaN	6.63	22.085	NaN	NaN	0.0	"2.5"	"F0034"	1	0	"PR"	828.48	"wash-en"	11.938	1	1	2	932.019	0.0	1033.025	null	1862.126	0.084
-0.1	0.053075	24937.5	2840.625	2287.5	NaN	NaN	NaN	0	0	0	0	0	1	1	0	0	0	0	0	1	0	0	0	0	0	0	0	1	0	0	0	1	-1.0	0.099	0.287	NaN	NaN	0.236	0.638	NaN	NaN	7.08	22.33	NaN	NaN	0.0	"2.5"	"F0034"	0	0	"PR"	838.614	"wash-sc"	1.905	1	1	2	932.019	0.0	1033.025	null	1872.26	0.088
-0.8	0.05335	0.0	2981.25	2278.125	NaN	NaN	NaN	0	0	0	0	0	0	0	0	0	0	0	0	0	0	0	0	0	0	0	0	1	0	0	0	1	-10.0	0.113	0.286	NaN	NaN	0.269	0.636	NaN	NaN	8.07	22.26	NaN	NaN	0.0	"2.5"	"F0034"	0	0	"PR"	848.653	"diffuse"	1.807	1	1	3	932.019	0.0	1033.025	null	1882.299	0.086
-0.5	0.0528	1875.0	2981.25	2278.125	NaN	NaN	NaN	0	0	0	0	0	0	0	0	0	0	0	0	0	0	0	0	0	0	0	0	1	0	0	0	1	-6.0	0.113	0.286	NaN	NaN	0.269	0.636	NaN	NaN	8.07	22.26	NaN	NaN	0.0	"2.5"	"F0034"	0	0	"PR"	858.487	"diffuse"	11.641	1	1	3	932.019	0.0	1033.025	null	1892.133	0.093
-1.5	0.053075	1687.5	2971.875	2278.125	NaN	NaN	NaN	0	0	0	0	0	0	0	0	0	0	0	0	0	0	0	0	0	0	0	0	1	0	0	0	1	-18.0	0.112	0.286	NaN	NaN	0.267	0.636	NaN	NaN	8.01	22.26	NaN	NaN	0.0	"2.5"	"F0034"	0	0	"PR"	868.524	"diffuse"	21.678	1	1	3	932.019	0.0	1033.025	null	1902.17	0.086
-11.5	0.053075	23625.0	2793.75	2259.375	NaN	NaN	NaN	0	0	0	0	0	1	1	0	0	0	0	0	1	0	0	0	0	1	1	0	1	1	1	0	1	-138.0	0.094	0.284	NaN	NaN	0.224	0.631	NaN	NaN	6.72	22.085	NaN	NaN	0.0	"2.5"	"F0034"	1	0	"PR"	878.647	"wash-en"	1.694	1	1	3	932.019	0.0	1033.025	null	1912.293	0.086
-12.9	0.053075	25312.5	2793.75	2278.125	NaN	NaN	NaN	0	0	0	0	0	1	1	0	0	0	0	0	1	0	0	0	0	1	1	0	1	1	1	0	1	-155.0	0.094	0.286	NaN	NaN	0.224	0.636	NaN	NaN	6.72	22.26	NaN	NaN	0.0	"2.5"	"F0034"	1	0	"PR"	888.684	"wash-en"	11.731	1	1	3	932.019	0.0	1033.025	null	1922.33	0.086
0.7	0.0528	22875.0	2812.5	2278.125	NaN	NaN	NaN	0	0	0	0	0	1	1	0	0	0	0	0	1	0	0	0	0	0	0	0	1	0	0	0	1	8.0	0.096	0.286	NaN	NaN	0.229	0.636	NaN	NaN	6.87	22.26	NaN	NaN	0.0	"2.5"	"F0034"	0	0	"PR"	898.611	"wash-sc"	1.493	1	1	3	932.019	0.0	1033.025	null	1932.257	0.085
0.0	0.053075	-750.0	3018.75	2278.125	NaN	NaN	NaN	0	0	0	0	0	0	0	0	0	0	0	0	0	0	0	0	0	0	0	0	1	0	0	0	1	0.0	0.117	0.286	NaN	NaN	0.279	0.636	NaN	NaN	8.37	22.26	NaN	NaN	0.0	"2.5"	"F0034"	0	0	"PR"	908.649	"diffuse"	1.406	1	1	4	932.019	0.0	1033.025	null	1942.295	0.083
-0.1	0.052525	1125.0	2981.25	2278.125	NaN	NaN	NaN	0	0	0	0	0	0	0	0	0	0	0	0	0	0	0	0	0	0	0	0	1	0	0	0	1	-1.0	0.113	0.286	NaN	NaN	0.269	0.636	NaN	NaN	8.07	22.26	NaN	NaN	0.0	"2.5"	"F0034"	0	0	"PR"	918.682	"diffuse"	11.439	1	1	4	932.019	0.0	1033.025	null	1952.328	0.084
-0.3	0.0528	-375.0	2981.25	2278.125	NaN	NaN	NaN	0	0	0	0	0	0	0	0	0	0	0	0	0	0	0	0	0	0	0	0	1	0	0	0	1	-4.0	0.113	0.286	NaN	NaN	0.269	0.636	NaN	NaN	8.07	22.26	NaN	NaN	0.0	"2.5"	"F0034"	0	0	"PR"	928.717	"diffuse"	21.474	1	1	4	932.019	0.0	1033.025	null	1962.363	0.088
-11.9	0.05225	21937.5	2784.375	2268.75	NaN	NaN	NaN	0	0	0	0	0	1	1	0	0	0	0	0	1	0	0	0	0	1	1	0	1	1	1	0	1	-143.0	0.093	0.285	NaN	NaN	0.221	0.633	NaN	NaN	6.63	22.155	NaN	NaN	0.0	"2.5"	"F0034"	1	0	"PR"	938.639	"wash-en"	1.294	1	1	4	932.019	0.0	1033.025	null	1972.285	0.087
-11.2	0.051975	22125.0	2793.75	2240.625	NaN	NaN	NaN	0	0	0	0	0	1	1	0	0	0	0	0	1	0	0	0	0	1	1	0	1	1	1	0	1	-134.0	0.094	0.282	NaN	NaN	0.224	0.627	NaN	NaN	6.72	21.945	NaN	NaN	0.0	"2.5"	"F0034"	1	0	"PR"	948.673	"wash-en"	11.328	1	1	4	932.019	0.0	1033.025	null	1982.319	0.083
1.0	0.05335	25875.0	2831.25	2287.5	NaN	NaN	NaN	0	0	0	0	0	1	1	0	0	0	0	0	1	0	0	0	0	0	0	0	1	0	0	0	1	12.0	0.098	0.287	NaN	NaN	0.233	0.638	NaN	NaN	6.99	22.33	NaN	NaN	0.0	"2.5"	"F0034"	0	0	"PR"	958.601	"wash-sc"	1.092	1	1	4	932.019	0.0	1033.025	null	1992.247	0.09
0.3	0.053075	-3187.5	2746.875	2278.125	NaN	NaN	NaN	0	0	0	0	1	0	0	0	0	0	0	0	0	0	0	0	0	0	0	0	1	0	0	0	1	4.0	0.09	0.286	NaN	NaN	0.214	0.636	NaN	NaN	6.42	22.26	NaN	NaN	0.0	"2.5"	"F0034"	0	0	"PR"	968.641	"drain-rg"	1.004	1	1	4	932.019	0.0	1033.025	null	2002.287	0.086
0.6	0.05335	-2437.5	2418.75	2278.125	NaN	NaN	NaN	0	0	0	0	1	0	0	0	0	0	0	0	0	0	0	0	0	0	0	0	1	0	0	0	1	7.0	0.057	0.286	NaN	NaN	0.136	0.636	NaN	NaN	4.08	22.26	NaN	NaN	0.0	"2.5"	"F0034"	0	0	"PR"	978.675	"drain-rg"	11.038	1	1	4	932.019	0.0	1033.025	null	2012.321	0.084
-0.1	0.0528	-1500.0	2034.375	2278.125	NaN	NaN	NaN	0	0	0	0	1	0	0	0	0	0	0	0	0	0	0	0	0	0	0	0	1	0	0	0	1	-1.0	0.018	0.286	NaN	NaN	0.043	0.636	NaN	NaN	1.29	22.26	NaN	NaN	0.0	"2.5"	"F0034"	0	0	"PR"	988.714	"drain-rg"	21.077	1	1	4	932.019	0.0	1033.025	null	2022.36	0.085
-0.1	0.0528	-1875.0	1593.75	2278.125	NaN	NaN	NaN	0	0	0	0	1	0	0	0	0	0	0	0	0	0	0	0	0	0	0	0	1	0	0	0	1	-1.0	-0.026	0.286	NaN	NaN	-0.062	0.636	NaN	NaN	-1.86	22.26	NaN	NaN	0.0	"2.5"	"F0034"	0	0	"PR"	998.751	"drip-rg"	5.018	1	1	4	932.019	0.0	1033.025	null	2032.397	0.086
0.1	0.053075	-1125.0	0.0	2296.875	NaN	NaN	NaN	0	0	0	0	1	0	0	0	0	0	0	0	0	0	0	0	0	0	0	0	1	0	0	0	1	1.0	-0.185	0.288	NaN	NaN	-0.44	0.64	NaN	NaN	-13.2	22.4	NaN	NaN	0.0	"2.5"	"F0034"	0	0	"PR"	1008.78	"drip-rg"	15.047	1	1	4	932.019	0.0	1033.025	null	2042.426	0.084
0.2	0.0528	24000.0	1884.375	2062.5	NaN	NaN	NaN	0	0	1	0	0	1	0	0	0	0	0	0	1	0	0	0	0	0	0	0	1	0	0	0	1	2.0	0.003	0.264	NaN	NaN	0.007	0.587	NaN	NaN	0.21	20.545	NaN	NaN	0.0	"2.5"	"F0034"	0	0	"FR"	9.048	"fill-rg-di"	8.848	2	1	0	2042.627	0.0	1033.025	null	2052.308	0.086
0.3	0.051975	21562.5	2278.125	1771.875	NaN	NaN	NaN	0	0	1	0	0	1	0	0	0	0	0	0	1	0	0	0	0	0	0	0	1	0	0	0	1	4.0	0.043	0.235	NaN	NaN	0.102	0.522	NaN	NaN	3.06	18.27	NaN	NaN	0.0	"2.5"	"F0034"	0	0	"FR"	19.085	"fill-rg-di"	18.885	2	1	0	2042.627	0.0	1033.025	null	2062.345	0.09
0.6	0.050875	24562.5	2568.75	1556.25	NaN	NaN	NaN	0	0	1	0	0	1	0	0	0	0	0	0	1	0	0	0	0	0	0	0	1	0	0	0	1	7.0	0.072	0.214	NaN	NaN	0.171	0.476	NaN	NaN	5.13	16.66	NaN	NaN	0.0	"2.5"	"F0034"	0	0	"FR"	29.126	"fill-rg-di"	28.926	2	1	0	2042.627	0.0	1033.025	null	2072.386	0.09
0.2	0.0506	23250.0	2878.125	1303.125	NaN	NaN	NaN	0	0	1	0	0	1	0	0	0	0	0	0	1	0	0	0	0	0	0	0	1	0	0	0	1	2.0	0.103	0.188	NaN	NaN	0.245	0.418	NaN	NaN	7.35	14.63	NaN	NaN	0.0	"2.5"	"F0034"	0	0	"FR"	39.165	"fill-rg-di"	38.965	2	1	0	2042.627	0.0	1033.025	null	2082.425	0.087
0.3	0.048675	23812.5	3187.5	1059.375	NaN	NaN	NaN	0	0	1	0	0	1	0	0	0	0	0	0	1	0	0	0	0	0	0	0	1	0	0	0	1	4.0	0.134	0.164	NaN	NaN	0.319	0.364	NaN	NaN	9.57	12.74	NaN	NaN	0.0	"2.5"	"F0034"	0	0	"FR"	49.202	"fill-rg-di"	49.002	2	1	0	2042.627	0.0	1033.025	null	2092.462	0.088
0.1	0.049225	1125.0	2737.5	993.75	NaN	NaN	NaN	0	0	0	0	1	0	0	0	0	0	0	0	0	0	0	0	0	0	0	0	1	0	0	0	1	1.0	0.089	0.157	NaN	NaN	0.212	0.349	NaN	NaN	6.36	12.215	NaN	NaN	0.0	"2.5"	"F0034"	0	0	"FR"	59.239	"drain-rg"	7.826	2	1	0	2042.627	0.0	1033.025	null	2102.499	0.084
0.2	0.0484	1500.0	2371.875	1003.125	NaN	NaN	NaN	0	0	0	0	1	0	0	0	0	0	0	0	0	0	0	0	0	0	0	0	1	0	0	0	1	2.0	0.052	0.158	NaN	NaN	0.124	0.351	NaN	NaN	3.72	12.285	NaN	NaN	0.0	"2.5"	"F0034"	0	0	"FR"	69.271	"drain-rg"	17.858	2	1	0	2042.627	0.0	1033.025	null	2112.531	0.084
-0.3	0.049225	1312.5	2034.375	993.75	NaN	NaN	NaN	0	0	0	0	1	0	0	0	0	0	0	0	0	0	0	0	0	0	0	0	1	0	0	0	1	-4.0	0.018	0.157	NaN	NaN	0.043	0.349	NaN	NaN	1.29	12.215	NaN	NaN	0.0	"2.5"	"F0034"	0	0	"FR"	79.31	"drain-rg"	27.897	2	1	0	2042.627	0.0	1033.025	null	2122.57	0.086
-0.7	0.0495	937.5	1650.0	984.375	NaN	NaN	NaN	0	0	0	0	1	0	0	0	0	0	0	0	0	0	0	0	0	0	0	0	1	0	0	0	1	-8.0	-0.02	0.156	NaN	NaN	-0.048	0.347	NaN	NaN	-1.44	12.145	NaN	NaN	0.0	"2.5"	"F0034"	0	0	"FR"	89.143	"drip-rg"	4.414	2	1	0	2042.627	0.0	1033.025	null	2132.403	0.09
0.2	0.04895	2250.0	9.375	993.75	NaN	NaN	NaN	0	0	0	0	1	0	0	0	0	0	0	0	0	0	0	0	0	0	0	0	1	0	0	0	1	2.0	-0.184	0.157	NaN	NaN	-0.438	0.349	NaN	NaN	-13.14	12.215	NaN	NaN	0.0	"2.5"	"F0034"	0	0	"FR"	99.18	"drip-rg"	14.451	2	1	0	2042.627	0.0	1033.025	null	2142.44	0.09
-0.1	0.04895	2812.5	1575.0	1012.5	NaN	NaN	NaN	1	0	0	0	0	0	0	0	0	0	0	0	0	1	0	0	0	0	0	0	1	0	0	0	1	-1.0	-0.027	0.159	NaN	NaN	-0.064	0.353	NaN	NaN	-1.92	12.355	NaN	NaN	0.0	"2.5"	"F0034"	0	0	"PR"	8.652	"fill-di"	4.618	2	0	0	2042.627	0.0	2143.243	null	2152.518	0.09
-0.1	0.048675	1125.0	1565.625	1340.625	NaN	NaN	NaN	1	0	0	0	0	0	0	0	0	0	0	0	0	1	0	0	0	0	0	0	1	0	0	0	1	-1.0	-0.028	0.192	NaN	NaN	-0.067	0.427	NaN	NaN	-2.01	14.945	NaN	NaN	0.0	"2.5"	"F0034"	0	0	"PR"	18.683	"fill-di"	14.649	2	0	0	2042.627	0.0	2143.243	null	2162.549	0.087
-0.1	0.04895	1500.0	1575.0	1650.0	NaN	NaN	NaN	1	0	0	0	0	0	0	0	0	0	0	0	0	1	0	0	0	0	0	0	1	0	0	0	1	-1.0	-0.027	0.223	NaN	NaN	-0.064	0.496	NaN	NaN	-1.92	17.36	NaN	NaN	0.0	"2.5"	"F0034"	0	0	"PR"	28.72	"fill-di"	24.686	2	0	0	2042.627	0.0	2143.243	null	2172.586	0.087
-0.2	0.048125	3562.5	1575.0	1931.25	NaN	NaN	NaN	1	0	0	0	0	0	0	0	0	0	0	0	0	1	0	0	0	0	0	0	1	0	0	0	1	-2.0	-0.027	0.251	NaN	NaN	-0.064	0.558	NaN	NaN	-1.92	19.53	NaN	NaN	0.0	"2.5"	"F0034"	0	0	"PR"	38.753	"fill-di"	34.719	2	0	0	2042.627	0.0	2143.243	null	2182.619	0.09
-0.1	0.049225	562.5	1575.0	2212.5	NaN	NaN	NaN	1	0	0	0	0	0	0	0	0	0	0	0	0	1	0	0	0	0	0	0	1	0	0	0	1	-1.0	-0.027	0.279	NaN	NaN	-0.064	0.62	NaN	NaN	-1.92	21.7	NaN	NaN	0.0	"2.5"	"F0034"	0	0	"PR"	48.785	"fill-di"	44.751	2	0	0	2042.627	0.0	2143.243	null	2192.651	0.084
-11.8	0.0484	30187.5	1593.75	2568.75	NaN	NaN	NaN	0	1	1	0	0	0	0	0	0	0	0	0	1	0	0	0	0	1	1	0	1	1	1	0	1	-142.0	-0.026	0.315	NaN	NaN	-0.062	0.7	NaN	NaN	-1.86	24.5	NaN	NaN	0.0	"2.5"	"F0034"	1	0	"PR"	58.634	"deionize"	8.242	2	1	0	2042.627	0.0	2143.243	null	2202.5	0.09
-11.9	0.0473	30187.5	1603.125	2550.0	NaN	NaN	NaN	0	1	1	0	0	0	0	0	0	0	0	0	1	0	0	0	0	1	1	0	1	1	1	0	1	-143.0	-0.025	0.313	NaN	NaN	-0.06	0.696	NaN	NaN	-1.8	24.36	NaN	NaN	0.0	"2.5"	"F0034"	1	0	"PR"	68.671	"deionize"	18.279	2	1	0	2042.627	0.0	2143.243	null	2212.537	0.091
-11.9	0.046475	29812.5	1603.125	2587.5	NaN	NaN	NaN	0	1	1	0	0	0	0	0	0	0	0	0	1	0	0	0	0	1	1	0	1	1	1	0	1	-143.0	-0.025	0.317	NaN	NaN	-0.06	0.704	NaN	NaN	-1.8	24.64	NaN	NaN	0.0	"2.5"	"F0034"	1	0	"PR"	78.711	"deionize"	28.319	2	1	0	2042.627	0.0	2143.243	null	2222.577	0.091
-12.0	0.04565	30000.0	1603.125	2596.875	NaN	NaN	NaN	0	1	1	0	0	0	0	0	0	0	0	0	1	0	0	0	0	1	1	0	1	1	1	0	1	-144.0	-0.025	0.318	NaN	NaN	-0.06	0.707	NaN	NaN	-1.8	24.745	NaN	NaN	0.0	"2.5"	"F0034"	1	0	"PR"	88.75	"deionize"	38.358	2	1	0	2042.627	0.0	2143.243	null	2232.616	0.09
-11.5	0.043725	30375.0	1593.75	2512.5	NaN	NaN	NaN	0	1	1	0	0	0	0	0	0	0	0	0	1	0	0	0	0	1	1	0	1	1	1	0	1	-138.0	-0.026	0.309	NaN	NaN	-0.062	0.687	NaN	NaN	-1.86	24.045	NaN	NaN	0.0	"2.5"	"F0034"	1	0	"PR"	98.788	"deionize"	48.396	2	1	0	2042.627	0.0	2143.243	null	2242.654	0.087
-12.7	0.042625	30000.0	1584.375	2493.75	NaN	NaN	NaN	0	1	1	0	0	0	0	0	0	0	0	0	1	0	0	0	0	1	1	0	1	1	1	0	1	-152.0	-0.027	0.307	NaN	NaN	-0.064	0.682	NaN	NaN	-1.92	23.87	NaN	NaN	0.0	"2.5"	"F0034"	1	0	"PR"	108.826	"deionize"	58.434	2	1	0	2042.627	0.0	2143.243	null	2252.692	0.091
-11.9	0.04125	29250.0	1593.75	2512.5	NaN	NaN	NaN	0	1	1	0	0	0	0	0	0	0	0	0	1	0	0	0	0	1	1	0	1	1	1	0	1	-143.0	-0.026	0.309	NaN	NaN	-0.062	0.687	NaN	NaN	-1.86	24.045	NaN	NaN	0.0	"2.5"	"F0034"	1	0	"PR"	118.662	"deionize"	68.27	2	1	0	2042.627	0.0	2143.243	null	2262.528	0.087
-12.3	0.040425	29437.5	1603.125	2503.125	NaN	NaN	NaN	0	1	1	0	0	0	0	0	0	0	0	0	1	0	0	0	0	1	1	0	1	1	1	0	1	-148.0	-0.025	0.308	NaN	NaN	-0.06	0.684	NaN	NaN	-1.8	23.94	NaN	NaN	0.0	"2.5"	"F0034"	1	0	"PR"	128.703	"deionize"	78.311	2	1	0	2042.627	0.0	2143.243	null	2272.569	0.089
-11.8	0.0396	29437.5	1603.125	2521.875	NaN	NaN	NaN	0	1	1	0	0	0	0	0	0	0	0	0	1	0	0	0	0	1	1	0	1	1	1	0	1	-142.0	-0.025	0.31	NaN	NaN	-0.06	0.689	NaN	NaN	-1.8	24.115	NaN	NaN	0.0	"2.5"	"F0034"	1	0	"PR"	138.74	"deionize"	88.348	2	1	0	2042.627	0.0	2143.243	null	2282.606	0.084
-12.4	0.0385	29625.0	1593.75	2428.125	NaN	NaN	NaN	0	1	1	0	0	0	0	0	0	0	0	0	1	0	0	0	0	1	1	0	1	1	1	0	1	-149.0	-0.026	0.301	NaN	NaN	-0.062	0.669	NaN	NaN	-1.86	23.415	NaN	NaN	0.0	"2.5"	"F0034"	1	0	"PR"	148.776	"deionize"	98.384	2	1	0	2042.627	0.0	2143.243	null	2292.642	0.091
-12.4	0.038225	29250.0	1593.75	2428.125	NaN	NaN	NaN	0	1	1	0	0	0	0	0	0	0	0	0	1	0	0	0	0	1	1	0	1	1	1	0	1	-149.0	-0.026	0.301	NaN	NaN	-0.062	0.669	NaN	NaN	-1.86	23.415	NaN	NaN	0.0	"2.5"	"F0034"	1	0	"PR"	158.819	"deionize"	108.427	2	1	0	2042.627	0.0	2143.243	null	2302.685	0.091
-12.1	0.037675	29625.0	1612.5	2475.0	NaN	NaN	NaN	0	1	1	0	0	0	0	0	0	0	0	0	1	0	0	0	0	1	1	0	1	1	1	0	1	-145.0	-0.024	0.305	NaN	NaN	-0.057	0.678	NaN	NaN	-1.71	23.73	NaN	NaN	0.0	"2.5"	"F0034"	1	0	"PR"	168.854	"deionize"	118.462	2	1	0	2042.627	0.0	2143.243	null	2312.72	0.091
-11.7	0.037675	30187.5	1612.5	2493.75	NaN	NaN	NaN	0	1	1	0	0	0	0	0	0	0	0	0	1	0	0	0	0	1	1	0	1	1	1	0	1	-140.0	-0.024	0.307	NaN	NaN	-0.057	0.682	NaN	NaN	-1.71	23.87	NaN	NaN	0.0	"2.5"	"F0034"	1	0	"PR"	178.891	"deionize"	128.499	2	1	0	2042.627	0.0	2143.243	null	2322.757	0.092
-11.0	0.03685	29812.5	1593.75	2437.5	NaN	NaN	NaN	0	1	1	0	0	0	0	0	0	0	0	0	1	0	0	0	0	1	1	0	1	1	1	0	1	-132.0	-0.026	0.302	NaN	NaN	-0.062	0.671	NaN	NaN	-1.86	23.485	NaN	NaN	0.0	"2.5"	"F0034"	1	0	"PR"	188.729	"deionize"	138.337	2	1	0	2042.627	0.0	2143.243	null	2332.595	0.084
-12.2	0.036025	30000.0	1603.125	2390.625	NaN	NaN	NaN	0	1	1	0	0	0	0	0	0	0	0	0	1	0	0	0	0	1	1	0	1	1	1	0	1	-146.0	-0.025	0.297	NaN	NaN	-0.06	0.66	NaN	NaN	-1.8	23.1	NaN	NaN	0.0	"2.5"	"F0034"	1	0	"PR"	198.766	"deionize"	148.374	2	1	0	2042.627	0.0	2143.243	null	2342.632	0.087
-12.0	0.03575	30187.5	1631.25	2428.125	NaN	NaN	NaN	0	1	1	0	0	0	0	0	0	0	0	0	1	0	0	0	0	1	1	0	1	1	1	0	1	-144.0	-0.022	0.301	NaN	NaN	-0.052	0.669	NaN	NaN	-1.56	23.415	NaN	NaN	0.0	"2.5"	"F0034"	1	0	"PR"	208.806	"deionize"	158.414	2	1	0	2042.627	0.0	2143.243	null	2352.672	0.089
-10.7	0.034925	29437.5	1575.0	2456.25	NaN	NaN	NaN	0	1	1	0	0	0	0	0	0	0	0	0	1	0	0	0	0	1	1	0	1	1	1	0	1	-128.0	-0.027	0.304	NaN	NaN	-0.064	0.676	NaN	NaN	-1.92	23.66	NaN	NaN	0.0	"2.5"	"F0034"	1	0	"PR"	218.843	"deionize"	168.451	2	1	0	2042.627	0.0	2143.243	null	2362.709	0.087
-12.4	0.034925	29250.0	1603.125	2325.0	NaN	NaN	NaN	0	1	1	0	0	0	0	0	0	0	0	0	1	0	0	0	0	1	1	0	1	1	1	0	1	-149.0	-0.025	0.291	NaN	NaN	-0.06	0.647	NaN	NaN	-1.8	22.645	NaN	NaN	0.0	"2.5"	"F0034"	1	0	"PR"	228.879	"deionize"	178.487	2	1	0	2042.627	0.0	2143.243	null	2372.745	0.09
-11.3	0.0341	30000.0	1612.5	2418.75	NaN	NaN	NaN	0	1	1	0	0	0	0	0	0	0	0	0	1	0	0	0	0	1	1	0	1	1	1	0	1	-136.0	-0.024	0.3	NaN	NaN	-0.057	0.667	NaN	NaN	-1.71	23.345	NaN	NaN	0.0	"2.5"	"F0034"	1	0	"PR"	238.921	"deionize"	188.529	2	1	0	2042.627	0.0	2143.243	null	2382.787	0.087
-12.0	0.034375	29812.5	1593.75	2390.625	NaN	NaN	NaN	0	1	1	0	0	0	0	0	0	0	0	0	1	0	0	0	0	1	1	0	1	1	1	0	1	-144.0	-0.026	0.297	NaN	NaN	-0.062	0.66	NaN	NaN	-1.86	23.1	NaN	NaN	0.0	"2.5"	"F0034"	1	0	"PR"	248.958	"deionize"	198.566	2	1	0	2042.627	0.0	2143.243	null	2392.824	0.087
-12.4	0.033825	29250.0	1603.125	2484.375	NaN	NaN	NaN	0	1	1	0	0	0	0	0	0	0	0	0	1	0	0	0	0	1	1	0	1	1	1	0	1	-149.0	-0.025	0.306	NaN	NaN	-0.06	0.68	NaN	NaN	-1.8	23.8	NaN	NaN	0.0	"2.5"	"F0034"	1	0	"PR"	258.996	"deionize"	208.604	2	1	0	2042.627	0.0	2143.243	null	2402.862	0.089
-12.3	0.032725	30000.0	1593.75	2446.875	NaN	NaN	NaN	0	1	1	0	0	0	0	0	0	0	0	0	1	0	0	0	0	1	1	0	1	1	1	0	1	-148.0	-0.026	0.303	NaN	NaN	-0.062	0.673	NaN	NaN	-1.86	23.555	NaN	NaN	0.0	"2.5"	"F0034"	1	0	"PR"	268.833	"deionize"	218.441	2	1	0	2042.627	0.0	2143.243	null	2412.699	0.084
-11.6	0.03245	29625.0	1603.125	2437.5	NaN	NaN	NaN	0	1	1	0	0	0	0	0	0	0	0	0	1	0	0	0	0	1	1	0	1	1	1	0	1	-139.0	-0.025	0.302	NaN	NaN	-0.06	0.671	NaN	NaN	-1.8	23.485	NaN	NaN	0.0	"2.5"	"F0034"	1	0	"PR"	278.871	"deionize"	228.479	2	1	0	2042.627	0.0	2143.243	null	2422.737	0.087
-11.5	0.03245	30000.0	1603.125	2446.875	NaN	NaN	NaN	0	1	1	0	0	0	0	0	0	0	0	0	1	0	0	0	0	1	1	0	1	1	1	0	1	-138.0	-0.025	0.303	NaN	NaN	-0.06	0.673	NaN	NaN	-1.8	23.555	NaN	NaN	0.0	"2.5"	"F0034"	1	0	"PR"	288.909	"deionize"	238.517	2	1	0	2042.627	0.0	2143.243	null	2432.775	0.087
-11.7	0.032175	29625.0	1612.5	2371.875	NaN	NaN	NaN	0	1	1	0	0	0	0	0	0	0	0	0	1	0	0	0	1	1	1	0	1	1	1	0	1	-140.0	-0.024	0.295	NaN	NaN	-0.057	0.656	NaN	NaN	-1.71	22.96	NaN	NaN	0.0	"2.5"	"F0034"	1	0	"PR"	298.854	"deionize-uv"	8.339	2	1	0	2042.627	0.0	2143.243	null	2442.72	0.083
-10.6	0.03135	29812.5	1603.125	2381.25	NaN	NaN	NaN	0	1	1	0	0	0	0	0	0	0	0	0	1	0	0	0	1	1	1	0	1	1	1	0	1	-127.0	-0.025	0.296	NaN	NaN	-0.06	0.658	NaN	NaN	-1.8	23.03	NaN	NaN	0.0	"2.5"	"F0034"	1	0	"PR"	308.895	"deionize-uv"	18.38	2	1	0	2042.627	0.0	2143.243	null	2452.761	0.085
-11.3	0.0308	29812.5	1603.125	2390.625	NaN	NaN	NaN	0	1	1	0	0	0	0	0	0	0	0	0	1	0	0	0	1	1	1	0	1	1	1	0	1	-136.0	-0.025	0.297	NaN	NaN	-0.06	0.66	NaN	NaN	-1.8	23.1	NaN	NaN	0.0	"2.5"	"F0034"	1	0	"PR"	318.931	"deionize-uv"	28.416	2	1	0	2042.627	0.0	2143.243	null	2462.797	0.084
-11.0	0.030525	30000.0	1612.5	2371.875	NaN	NaN	NaN	0	1	1	0	0	0	0	0	0	0	0	0	1	0	0	0	1	1	1	0	1	1	1	0	1	-132.0	-0.024	0.295	NaN	NaN	-0.057	0.656	NaN	NaN	-1.71	22.96	NaN	NaN	0.0	"2.5"	"F0034"	1	0	"PR"	328.968	"deionize-uv"	38.453	2	1	0	2042.627	0.0	2143.243	null	2472.834	0.083
-11.0	0.03025	30187.5	1612.5	2428.125	NaN	NaN	NaN	0	1	1	0	0	0	0	0	0	0	0	0	1	0	0	0	1	1	1	0	1	1	1	0	1	-132.0	-0.024	0.301	NaN	NaN	-0.057	0.669	NaN	NaN	-1.71	23.415	NaN	NaN	0.0	"2.5"	"F0034"	1	0	"PR"	339.01	"deionize-uv"	48.495	2	1	0	2042.627	0.0	2143.243	null	2482.876	0.085
-8.8	0.029975	30187.5	1584.375	2437.5	NaN	NaN	NaN	0	1	1	0	0	0	0	0	0	0	0	0	1	0	0	0	1	1	1	0	1	1	1	0	1	-106.0	-0.027	0.302	NaN	NaN	-0.064	0.671	NaN	NaN	-1.92	23.485	NaN	NaN	0.0	"2.5"	"F0034"	1	0	"PR"	349.043	"deionize-uv"	58.528	2	1	0	2042.627	0.0	2143.243	null	2492.909	0.084
-10.2	0.0297	29250.0	1612.5	2409.375	NaN	NaN	NaN	0	1	1	0	0	0	0	0	0	0	0	0	1	0	0	0	1	1	1	0	1	1	1	0	1	-122.0	-0.024	0.299	NaN	NaN	-0.057	0.664	NaN	NaN	-1.71	23.24	NaN	NaN	0.0	"2.5"	"F0034"	1	0	"PR"	359.076	"deionize-uv"	68.561	2	1	0	2042.627	0.0	2143.243	null	2502.942	0.086
-10.2	0.028875	29437.5	1575.0	2456.25	NaN	NaN	NaN	0	1	1	0	0	0	0	0	0	0	0	0	1	0	0	0	1	1	1	0	1	1	1	0	1	-122.0	-0.027	0.304	NaN	NaN	-0.064	0.676	NaN	NaN	-1.92	23.66	NaN	NaN	0.0	"2.5"	"F0034"	1	0	"PR"	369.114	"deionize-uv"	78.599	2	1	0	2042.627	0.0	2143.243	null	2512.98	0.086
-10.0	0.0286	29812.5	1593.75	2409.375	NaN	NaN	NaN	0	1	1	0	0	0	0	0	0	0	0	0	1	0	0	0	1	1	1	0	1	1	1	0	1	-120.0	-0.026	0.299	NaN	NaN	-0.062	0.664	NaN	NaN	-1.86	23.24	NaN	NaN	0.0	"2.5"	"F0034"	1	0	"PR"	378.944	"deionize-uv"	88.429	2	1	0	2042.627	0.0	2143.243	null	2522.81	0.087
-10.0	0.0286	28500.0	1593.75	2390.625	NaN	NaN	NaN	0	1	1	0	0	0	0	0	0	0	0	0	1	0	0	0	1	1	1	0	1	1	1	0	1	-120.0	-0.026	0.297	NaN	NaN	-0.062	0.66	NaN	NaN	-1.86	23.1	NaN	NaN	0.0	"2.5"	"F0034"	1	0	"PR"	388.98	"deionize-uv"	98.465	2	1	0	2042.627	0.0	2143.243	null	2532.846	0.083
-10.2	0.02805	29437.5	1603.125	2418.75	NaN	NaN	NaN	0	1	1	0	0	0	0	0	0	0	0	0	1	0	0	0	1	1	1	0	1	1	1	0	1	-122.0	-0.025	0.3	NaN	NaN	-0.06	0.667	NaN	NaN	-1.8	23.345	NaN	NaN	0.0	"2.5"	"F0034"	1	0	"PR"	399.019	"deionize-uv"	108.504	2	1	0	2042.627	0.0	2143.243	null	2542.885	0.084
-10.2	0.02805	30562.5	1612.5	2456.25	NaN	NaN	NaN	0	1	1	0	0	0	0	0	0	0	0	0	1	0	0	0	1	1	1	0	1	1	1	0	1	-122.0	-0.024	0.304	NaN	NaN	-0.057	0.676	NaN	NaN	-1.71	23.66	NaN	NaN	0.0	"2.5"	"F0034"	1	0	"PR"	409.051	"deionize-uv"	118.536	2	1	0	2042.627	0.0	2143.243	null	2552.917	0.083
-9.7	0.027225	25687.5	1575.0	1875.0	NaN	NaN	NaN	0	0	1	0	0	0	0	1	0	0	0	0	1	0	0	0	1	1	1	0	1	1	1	0	1	-116.0	-0.027	0.245	NaN	NaN	-0.064	0.544	NaN	NaN	-1.92	19.04	NaN	NaN	0.0	"2.5"	"F0034"	1	0	"PR"	419.013	"drain-di-1"	8.357	2	1	0	2042.627	0.0	2143.243	null	2562.879	0.088
-9.3	0.02695	25500.0	1593.75	1621.875	NaN	NaN	NaN	0	0	1	0	0	0	0	1	0	0	0	0	1	0	0	0	1	1	1	0	1	1	1	0	1	-112.0	-0.026	0.22	NaN	NaN	-0.062	0.489	NaN	NaN	-1.86	17.115	NaN	NaN	0.0	"2.5"	"F0034"	1	0	"PR"	429.05	"drain-di-1"	18.394	2	1	0	2042.627	0.0	2143.243	null	2572.916	0.084
-11.3	0.02695	26062.5	1584.375	1378.125	NaN	NaN	NaN	0	0	1	0	0	0	0	1	0	0	0	0	1	0	0	0	1	1	1	0	1	1	1	0	1	-136.0	-0.027	0.196	NaN	NaN	-0.064	0.436	NaN	NaN	-1.92	15.26	NaN	NaN	0.0	"2.5"	"F0034"	1	0	"PR"	439.091	"drain-di-1"	28.435	2	1	0	2042.627	0.0	2143.243	null	2582.957	0.087
-9.6	0.02695	25312.5	1603.125	1115.625	NaN	NaN	NaN	0	0	1	0	0	0	0	1	0	0	0	0	1	0	0	0	1	1	1	0	1	1	1	0	1	-115.0	-0.025	0.17	NaN	NaN	-0.06	0.378	NaN	NaN	-1.8	13.23	NaN	NaN	0.0	"2.5"	"F0034"	1	0	"PR"	449.129	"drain-di-1"	38.473	2	1	0	2042.627	0.0	2143.243	null	2592.995	0.084
-8.0	0.0264	24562.5	1593.75	862.5	NaN	NaN	NaN	0	0	1	0	0	0	0	1	0	0	0	0	1	0	0	0	1	1	1	0	1	1	1	0	1	-96.0	-0.026	0.144	NaN	NaN	-0.062	0.32	NaN	NaN	-1.86	11.2	NaN	NaN	0.0	"2.5"	"F0034"	1	0	"PR"	459.164	"drain-di-1"	48.508	2	1	0	2042.627	0.0	2143.243	null	2603.03	0.084
-9.4	0.02585	22875.0	1593.75	609.375	NaN	NaN	NaN	0	0	1	0	0	0	0	1	0	0	0	0	1	0	0	0	1	1	1	0	1	1	1	0	1	-113.0	-0.026	0.119	NaN	NaN	-0.062	0.264	NaN	NaN	-1.86	9.24	NaN	NaN	0.0	"2.5"	"F0034"	1	0	"PR"	469.2	"drain-di-1"	58.544	2	1	0	2042.627	0.0	2143.243	null	2613.066	0.088
-9.2	0.0264	23812.5	1584.375	384.375	NaN	NaN	NaN	0	0	1	0	0	0	0	1	0	0	0	0	1	0	0	0	1	1	1	0	1	1	1	0	1	-110.0	-0.027	0.096	NaN	NaN	-0.064	0.213	NaN	NaN	-1.92	7.455	NaN	NaN	0.0	"2.5"	"F0034"	1	0	"PR"	479.238	"drain-di-1"	68.582	2	1	0	2042.627	0.0	2143.243	null	2623.104	0.084
-8.3	0.0264	24937.5	1603.125	93.75	NaN	NaN	NaN	0	0	1	0	0	0	0	1	0	0	0	0	1	0	0	0	1	1	1	0	1	1	1	0	1	-100.0	-0.025	0.067	NaN	NaN	-0.06	0.149	NaN	NaN	-1.8	5.215	NaN	NaN	0.0	"2.5"	"F0034"	1	0	"PR"	489.073	"drain-di-1"	78.417	2	1	0	2042.627	0.0	2143.243	null	2632.939	0.091
-6.9	0.025575	24750.0	1593.75	-168.75	NaN	NaN	NaN	0	0	1	0	0	0	0	1	0	0	0	0	1	0	0	0	1	1	1	0	1	1	1	0	1	-83.0	-0.026	0.041	NaN	NaN	-0.062	0.091	NaN	NaN	-1.86	3.185	NaN	NaN	0.0	"2.5"	"F0034"	1	0	"PR"	499.223	"drip-di-1"	9.347	2	1	0	2042.627	0.0	2143.243	null	2643.089	0.087
12.4	0.02585	21000.0	1471.875	-46.875	NaN	NaN	NaN	1	0	0	0	0	1	1	0	0	0	0	0	1	1	0	0	0	1	1	1	0	1	1	1	0	149.0	-0.038	0.053	NaN	NaN	-0.09	0.118	NaN	NaN	-2.7	4.13	NaN	NaN	0.0	"2.5"	"F0034"	1	1	"PR"	509.221	"reverse-f"	4.176	2	1	0	2042.627	0.0	2143.243	null	2653.087	0.084
12.5	0.026675	21937.5	1500.0	262.5	NaN	NaN	NaN	1	0	0	0	0	1	1	0	0	0	0	0	1	1	0	0	0	1	1	1	0	1	1	1	0	150.0	-0.035	0.084	NaN	NaN	-0.083	0.187	NaN	NaN	-2.49	6.545	NaN	NaN	0.0	"2.5"	"F0034"	1	1	"PR"	519.257	"reverse-f"	14.212	2	1	0	2042.627	0.0	2143.243	null	2663.123	0.084
12.0	0.02805	20250.0	1415.625	581.25	NaN	NaN	NaN	1	0	0	0	0	1	1	0	0	0	0	0	1	1	0	0	0	1	1	1	0	1	1	1	0	144.0	-0.043	0.116	NaN	NaN	-0.102	0.258	NaN	NaN	-3.06	9.03	NaN	NaN	0.0	"2.5"	"F0034"	1	1	"PR"	529.3	"reverse-f"	24.255	2	1	0	2042.627	0.0	2143.243	null	2673.166	0.087
11.9	0.029975	23437.5	1453.125	834.375	NaN	NaN	NaN	1	0	0	0	0	1	1	0	0	0	0	0	1	1	0	0	0	1	1	1	0	1	1	1	0	143.0	-0.04	0.141	NaN	NaN	-0.095	0.313	NaN	NaN	-2.85	10.955	NaN	NaN	0.0	"2.5"	"F0034"	1	1	"PR"	539.134	"reverse-f"	34.089	2	1	0	2042.627	0.0	2143.243	null	2683.0	0.09
13.0	0.032725	22875.0	1396.875	1153.125	NaN	NaN	NaN	1	0	0	0	0	1	1	0	0	0	0	0	1	1	0	0	0	1	1	1	0	1	1	1	0	156.0	-0.045	0.173	NaN	NaN	-0.107	0.384	NaN	NaN	-3.21	13.44	NaN	NaN	0.0	"2.5"	"F0034"	1	1	"PR"	549.172	"reverse-f"	44.127	2	1	0	2042.627	0.0	2143.243	null	2693.038	0.089
12.4	0.034925	22875.0	1462.5	1434.375	NaN	NaN	NaN	1	0	0	0	0	1	1	0	0	0	0	0	1	1	0	0	0	1	1	1	0	1	1	1	0	149.0	-0.039	0.201	NaN	NaN	-0.093	0.447	NaN	NaN	-2.79	15.645	NaN	NaN	0.0	"2.5"	"F0034"	1	1	"PR"	559.213	"reverse-f"	54.168	2	1	0	2042.627	0.0	2143.243	null	2703.079	0.09
12.7	0.037675	23625.0	1434.375	1734.375	NaN	NaN	NaN	1	0	0	0	0	1	1	0	0	0	0	0	1	1	0	0	0	1	1	1	0	1	1	1	0	152.0	-0.042	0.231	NaN	NaN	-0.1	0.513	NaN	NaN	-3.0	17.955	NaN	NaN	0.0	"2.5"	"F0034"	1	1	"PR"	569.245	"reverse-f"	64.2	2	1	0	2042.627	0.0	2143.243	null	2713.111	0.09
12.3	0.040425	22875.0	1321.875	2025.0	NaN	NaN	NaN	1	0	0	0	0	1	1	0	0	0	0	0	1	1	0	0	0	1	1	1	0	1	1	1	0	148.0	-0.053	0.261	NaN	NaN	-0.126	0.58	NaN	NaN	-3.78	20.3	NaN	NaN	0.0	"2.5"	"F0034"	1	1	"PR"	579.282	"reverse-f"	74.237	2	1	0	2042.627	0.0	2143.243	null	2723.148	0.087
13.9	0.04235	21375.0	1443.75	2278.125	NaN	NaN	NaN	0	0	0	0	0	1	1	0	0	0	0	0	1	0	0	0	0	1	1	1	0	1	1	1	0	167.0	-0.041	0.286	NaN	NaN	-0.098	0.636	NaN	NaN	-2.94	22.26	NaN	NaN	0.0	"2.5"	"F0034"	1	1	"PR"	589.232	"reverse"	84.187	2	1	0	2042.627	0.0	2143.243	null	2733.098	0.09
12.6	0.04345	23062.5	1443.75	2268.75	NaN	NaN	NaN	0	0	0	0	0	1	1	0	0	0	0	0	1	0	0	0	0	1	1	1	0	1	1	1	0	151.0	-0.041	0.285	NaN	NaN	-0.098	0.633	NaN	NaN	-2.94	22.155	NaN	NaN	0.0	"2.5"	"F0034"	1	1	"PR"	599.269	"reverse"	94.224	2	1	0	2042.627	0.0	2143.243	null	2743.135	0.09
12.7	0.04455	23812.5	1481.25	2268.75	NaN	NaN	NaN	0	0	0	0	0	1	1	0	0	0	0	0	1	0	0	0	0	1	1	1	0	1	1	1	0	152.0	-0.037	0.285	NaN	NaN	-0.088	0.633	NaN	NaN	-2.64	22.155	NaN	NaN	0.0	"2.5"	"F0034"	1	1	"PR"	609.31	"reverse"	104.265	2	1	0	2042.627	0.0	2143.243	null	2753.176	0.092
12.6	0.04675	21937.5	1453.125	2268.75	NaN	NaN	NaN	0	0	0	0	0	1	1	0	0	0	0	0	1	0	0	0	0	1	1	1	0	1	1	1	0	151.0	-0.04	0.285	NaN	NaN	-0.095	0.633	NaN	NaN	-2.85	22.155	NaN	NaN	0.0	"2.5"	"F0034"	1	1	"PR"	619.34	"reverse"	114.295	2	1	0	2042.627	0.0	2143.243	null	2763.206	0.09
12.4	0.047575	21937.5	1425.0	2259.375	NaN	NaN	NaN	0	0	0	0	0	1	1	0	0	0	0	0	1	0	0	0	0	1	1	1	0	1	1	1	0	149.0	-0.043	0.284	NaN	NaN	-0.102	0.631	NaN	NaN	-3.06	22.085	NaN	NaN	0.0	"2.5"	"F0034"	1	1	"PR"	629.378	"reverse"	124.333	2	1	0	2042.627	0.0	2143.243	null	2773.244	0.09
12.5	0.04895	20062.5	1490.625	2278.125	NaN	NaN	NaN	0	0	0	0	0	1	1	0	0	0	0	0	1	0	0	0	0	1	1	1	0	1	1	1	0	150.0	-0.036	0.286	NaN	NaN	-0.086	0.636	NaN	NaN	-2.58	22.26	NaN	NaN	0.0	"2.5"	"F0034"	1	1	"PR"	639.419	"reverse"	134.374	2	1	0	2042.627	0.0	2143.243	null	2783.285	0.084
12.4	0.049775	22500.0	1425.0	2278.125	NaN	NaN	NaN	0	0	0	0	0	1	1	0	0	0	0	0	1	0	0	0	0	1	1	1	0	1	1	1	0	149.0	-0.043	0.286	NaN	NaN	-0.102	0.636	NaN	NaN	-3.06	22.26	NaN	NaN	0.0	"2.5"	"F0034"	1	1	"PR"	649.251	"reverse"	144.206	2	1	0	2042.627	0.0	2143.243	null	2793.117	0.09
