cur	ec	mod-ps	rg-ps	di-ps	fw1-ps	fw2-ps	pf-ps	vlv-di-fill	vlv-di-in	vlv-di-out	vlv-rg-fill	vlv-rg-drain	vlv-rg-in	vlv-rg-out	vlv-fw1-in	vlv-fw1-out	vlv-fw2-in	vlv-po	vlv-mod-drain	pmp-sys	pmp-di	pmp-fw1	pmp-fw2	uv	en-anode1	en-cath1	pl-anode1	pl-cath1	en-anode2	en-cath2	pl-anode2	pl-cath2	pw	rg-he	di-he	fw1-he	fw2-he	rg-lev	di-lev	fw1-lev	fw2-lev	rg-vol	di-vol	fw1-vol	fw2-vol	pr-ec	ver	sn	mod-en	mod-pl	proc	proc-time	ph	ph-time	count	cyc	rnd	pr-last	rc-last	fr-last	halt-re	time	exec
2.2	0.05005	29625.0	2793.75	2287.5	NaN	NaN	NaN	0	0	0	0	0	1	1	0	0	0	0	0	1	0	0	0	0	0	0	0	1	0	0	0	1	26.0	0.094	0.287	NaN	NaN	0.224	0.638	NaN	NaN	6.72	22.33	NaN	NaN	0.0	"2.5"	"F0034"	0	0	"PR"	8.243	"prime"	7.422	0	0	0	0.0	0.0	0.0	null	10.039	0.09
2.2	0.05005	29625.0	2793.75	2287.5	NaN	NaN	NaN	0	0	0	0	0	1	1	0	0	0	0	0	1	0	0	0	0	0	0	0	1	0	0	0	1	26.0	0.094	0.287	NaN	NaN	0.224	0.638	NaN	NaN	6.72	22.33	NaN	NaN	0.0	"2.5"	"F0034"	0	0	"PR"	8.243	"prime"	7.422	0	0	0	0.0	0.0	0.0	null	10.039	0.09
3.0	0.0506	29625.0	2859.375	2278.125	NaN	NaN	NaN	0	0	0	0	0	1	1	0	0	0	0	0	1	0	0	0	0	0	0	0	1	0	0	0	1	36.0	0.101	0.286	NaN	NaN	0.24	0.636	NaN	NaN	7.2	22.26	NaN	NaN	0.0	"2.5"	"F0034"	0	0	"PR"	18.277	"prime"	17.456	0	0	0	0.0	0.0	0.0	null	20.073	0.088
2.2	0.049775	30000.0	2793.75	2287.5	NaN	NaN	NaN	0	0	0	0	0	1	1	0	0	0	0	0	1	0	0	0	0	0	0	0	1	0	0	0	1	26.0	0.094	0.287	NaN	NaN	0.224	0.638	NaN	NaN	6.72	22.33	NaN	NaN	0.0	"2.5"	"F0034"	0	0	"PR"	28.316	"prime"	27.495	0	0	0	0.0	0.0	0.0	null	30.112	0.09
-11.6	0.0495	36562.5	2981.25	2606.25	NaN	NaN	NaN	0	1	1	0	0	0	0	0	0	0	0	0	1	0	0	0	0	1	1	0	1	1	1	0	1	-139.0	0.113	0.319	NaN	NaN	0.269	0.709	NaN	NaN	8.07	24.815	NaN	NaN	0.0	"2.5"	"F0034"	1	0	"PR"	38.354	"deionize"	7.027	0	1	0	0.0	0.0	0.0	null	40.15	0.087
-11.7	0.04785	35437.5	2981.25	2559.375	NaN	NaN	NaN	0	1	1	0	0	0	0	0	0	0	0	0	1	0	0	0	0	1	1	0	1	1	1	0	1	-140.0	0.113	0.314	NaN	NaN	0.269	0.698	NaN	NaN	8.07	24.43	NaN	NaN	0.0	"2.5"	"F0034"	1	0	"PR"	48.396	"deionize"	17.069	0	1	0	0.0	0.0	0.0	null	50.192	0.086
-11.4	0.04675	36187.5	2971.875	2587.5	NaN	NaN	NaN	0	1	1	0	0	0	0	0	0	0	0	0	1	0	0	0	0	1	1	0	1	1	1	0	1	-137.0	0.112	0.317	NaN	NaN	0.267	0.704	NaN	NaN	8.01	24.64	NaN	NaN	0.0	"2.5"	"F0034"	1	0	"PR"	58.433	"deionize"	27.106	0	1	0	0.0	0.0	0.0	null	60.229	0.084
-11.3	0.0451	36937.5	2981.25	2625.0	NaN	NaN	NaN	0	1	1	0	0	0	0	0	0	0	0	0	1	0	0	0	0	1	1	0	1	1	1	0	1	-136.0	0.113	0.321	NaN	NaN	0.269	0.713	NaN	NaN	8.07	24.955	NaN	NaN	0.0	"2.5"	"F0034"	1	0	"PR"	68.469	"deionize"	37.142	0	1	0	0.0	0.0	0.0	null	70.265	0.084
-11.9	0.04455	36187.5	2981.25	2550.0	NaN	NaN	NaN	0	1	1	0	0	0	0	0	0	0	0	0	1	0	0	0	0	1	1	0	1	1	1	0	1	-143.0	0.113	0.313	NaN	NaN	0.269	0.696	NaN	NaN	8.07	24.36	NaN	NaN	0.0	"2.5"	"F0034"	1	0	"PR"	78.508	"deionize"	47.181	0	1	0	0.0	0.0	0.0	null	80.304	0.085
-12.3	0.0429	36187.5	2981.25	2559.375	NaN	NaN	NaN	0	1	1	0	0	0	0	0	0	0	0	0	1	0	0	0	0	1	1	0	1	1	1	0	1	-148.0	0.113	0.314	NaN	NaN	0.269	0.698	NaN	NaN	8.07	24.43	NaN	NaN	0.0	"2.5"	"F0034"	1	0	"PR"	88.346	"deionize"	57.019	0	1	0	0.0	0.0	0.0	null	90.142	0.091
-11.3	0.041525	37687.5	2971.875	2550.0	NaN	NaN	NaN	0	1	1	0	0	0	0	0	0	0	0	0	1	0	0	0	0	1	1	0	1	1	1	0	1	-136.0	0.112	0.313	NaN	NaN	0.267	0.696	NaN	NaN	8.01	24.36	NaN	NaN	0.0	"2.5"	"F0034"	1	0	"PR"	98.388	"deionize"	67.061	0	1	0	0.0	0.0	0.0	null	100.184	0.092
-11.3	0.040425	33937.5	3009.375	2540.625	NaN	NaN	NaN	0	1	1	0	0	0	0	0	0	0	0	0	1	0	0	0	0	1	1	0	1	1	1	0	1	-136.0	0.116	0.312	NaN	NaN	0.276	0.693	NaN	NaN	8.28	24.255	NaN	NaN	0.0	"2.5"	"F0034"	1	0	"PR"	108.424	"deionize"	77.097	0	1	0	0.0	0.0	0.0	null	110.22	0.091
-11.8	0.040425	34875.0	2981.25	2512.5	NaN	NaN	NaN	0	1	1	0	0	0	0	0	0	0	0	0	1	0	0	0	0	1	1	0	1	1	1	0	1	-142.0	0.113	0.309	NaN	NaN	0.269	0.687	NaN	NaN	8.07	24.045	NaN	NaN	0.0	"2.5"	"F0034"	1	0	"PR"	118.461	"deionize"	87.134	0	1	0	0.0	0.0	0.0	null	120.257	0.091
-11.5	0.0385	34500.0	2943.75	2475.0	NaN	NaN	NaN	0	1	1	0	0	0	0	0	0	0	0	0	1	0	0	0	0	1	1	0	1	1	1	0	1	-138.0	0.109	0.305	NaN	NaN	0.26	0.678	NaN	NaN	7.8	23.73	NaN	NaN	0.0	"2.5"	"F0034"	1	0	"PR"	128.499	"deionize"	97.172	0	1	0	0.0	0.0	0.0	null	130.295	0.092
-11.3	0.037675	34687.5	2981.25	2540.625	NaN	NaN	NaN	0	1	1	0	0	0	0	0	0	0	0	0	1	0	0	0	0	1	1	0	1	1	1	0	1	-136.0	0.113	0.312	NaN	NaN	0.269	0.693	NaN	NaN	8.07	24.255	NaN	NaN	0.0	"2.5"	"F0034"	1	0	"PR"	138.54	"deionize"	107.213	0	1	0	0.0	0.0	0.0	null	140.336	0.09
-11.5	0.0374	34500.0	2971.875	2475.0	NaN	NaN	NaN	0	1	1	0	0	0	0	0	0	0	0	0	1	0	0	0	0	1	1	0	1	1	1	0	1	-138.0	0.112	0.305	NaN	NaN	0.267	0.678	NaN	NaN	8.01	23.73	NaN	NaN	0.0	"2.5"	"F0034"	1	0	"PR"	148.581	"deionize"	117.254	0	1	0	0.0	0.0	0.0	null	150.377	0.084
-9.5	0.036025	35625.0	2971.875	2503.125	NaN	NaN	NaN	0	1	1	0	0	0	0	0	0	0	0	0	1	0	0	0	0	1	1	0	1	1	1	0	1	-114.0	0.112	0.308	NaN	NaN	0.267	0.684	NaN	NaN	8.01	23.94	NaN	NaN	0.0	"2.5"	"F0034"	1	0	"PR"	158.418	"deionize"	127.091	0	1	0	0.0	0.0	0.0	null	160.214	0.091
-10.1	0.036025	36937.5	2981.25	2390.625	NaN	NaN	NaN	0	1	1	0	0	0	0	0	0	0	0	0	1	0	0	0	0	1	1	0	1	1	1	0	1	-121.0	0.113	0.297	NaN	NaN	0.269	0.66	NaN	NaN	8.07	23.1	NaN	NaN	0.0	"2.5"	"F0034"	1	0	"PR"	168.455	"deionize"	137.128	0	1	0	0.0	0.0	0.0	null	170.251	0.09
-10.4	0.03575	36187.5	2971.875	2503.125	NaN	NaN	NaN	0	1	1	0	0	0	0	0	0	0	0	0	1	0	0	0	0	1	1	0	1	1	1	0	1	-125.0	0.112	0.308	NaN	NaN	0.267	0.684	NaN	NaN	8.01	23.94	NaN	NaN	0.0	"2.5"	"F0034"	1	0	"PR"	178.495	"deionize"	147.168	0	1	0	0.0	0.0	0.0	null	180.291	0.099
-10.2	0.0352	35625.0	2971.875	2475.0	NaN	NaN	NaN	0	1	1	0	0	0	0	0	0	0	0	0	1	0	0	0	0	1	1	0	1	1	1	0	1	-122.0	0.112	0.305	NaN	NaN	0.267	0.678	NaN	NaN	8.01	23.73	NaN	NaN	0.0	"2.5"	"F0034"	1	0	"PR"	188.529	"deionize"	157.202	0	1	0	0.0	0.0	0.0	null	190.325	0.091
-9.6	0.03465	36000.0	2981.25	2446.875	NaN	NaN	NaN	0	1	1	0	0	0	0	0	0	0	0	0	1	0	0	0	0	1	1	0	1	1	1	0	1	-115.0	0.113	0.303	NaN	NaN	0.269	0.673	NaN	NaN	8.07	23.555	NaN	NaN	0.0	"2.5"	"F0034"	1	0	"PR"	198.566	"deionize"	167.239	0	1	0	0.0	0.0	0.0	null	200.362	0.091
-9.9	0.0341	35437.5	2981.25	2475.0	NaN	NaN	NaN	0	1	1	0	0	0	0	0	0	0	0	0	1	0	0	0	0	1	1	0	1	1	1	0	1	-119.0	0.113	0.305	NaN	NaN	0.269	0.678	NaN	NaN	8.07	23.73	NaN	NaN	0.0	"2.5"	"F0034"	1	0	"PR"	208.605	"deionize"	177.278	0	1	0	0.0	0.0	0.0	null	210.401	0.1
-8.9	0.0341	34687.5	3000.0	2559.375	NaN	NaN	NaN	0	1	1	0	0	0	0	0	0	0	0	0	1	0	0	0	0	1	1	0	1	1	1	0	1	-107.0	0.115	0.314	NaN	NaN	0.274	0.698	NaN	NaN	8.22	24.43	NaN	NaN	0.0	"2.5"	"F0034"	1	0	"PR"	218.641	"deionize"	187.314	0	1	0	0.0	0.0	0.0	null	220.437	0.09
-10.0	0.033825	35437.5	2981.25	2437.5	NaN	NaN	NaN	0	1	1	0	0	0	0	0	0	0	0	0	1	0	0	0	0	1	1	0	1	1	1	0	1	-120.0	0.113	0.302	NaN	NaN	0.269	0.671	NaN	NaN	8.07	23.485	NaN	NaN	0.0	"2.5"	"F0034"	1	0	"PR"	228.678	"deionize"	197.351	0	1	0	0.0	0.0	0.0	null	230.474	0.091
-8.5	0.03355	33937.5	2981.25	2418.75	NaN	NaN	NaN	0	1	1	0	0	0	0	0	0	0	0	0	1	0	0	0	0	1	1	0	1	1	1	0	1	-102.0	0.113	0.3	NaN	NaN	0.269	0.667	NaN	NaN	8.07	23.345	NaN	NaN	0.0	"2.5"	"F0034"	1	0	"PR"	238.517	"deionize"	207.19	0	1	0	0.0	0.0	0.0	null	240.313	0.097
-9.4	0.033275	36375.0	2981.25	2400.0	NaN	NaN	NaN	0	1	1	0	0	0	0	0	0	0	0	0	1	0	0	0	0	1	1	0	1	1	1	0	1	-113.0	0.113	0.298	NaN	NaN	0.269	0.662	NaN	NaN	8.07	23.17	NaN	NaN	0.0	"2.5"	"F0034"	1	0	"PR"	248.554	"deionize"	217.227	0	1	0	0.0	0.0	0.0	null	250.35	0.087
-9.7	0.03245	36562.5	2971.875	2437.5	NaN	NaN	NaN	0	1	1	0	0	0	0	0	0	0	0	0	1	0	0	0	0	1	1	0	1	1	1	0	1	-116.0	0.112	0.302	NaN	NaN	0.267	0.671	NaN	NaN	8.01	23.485	NaN	NaN	0.0	"2.5"	"F0034"	1	0	"PR"	258.593	"deionize"	227.266	0	1	0	0.0	0.0	0.0	null	260.389	0.088
-10.8	0.032175	36750.0	2971.875	2409.375	NaN	NaN	NaN	0	1	1	0	0	0	0	0	0	0	0	0	1	0	0	0	0	1	1	0	1	1	1	0	1	-130.0	0.112	0.299	NaN	NaN	0.267	0.664	NaN	NaN	8.01	23.24	NaN	NaN	0.0	"2.5"	"F0034"	1	0	"PR"	268.631	"deionize"	237.304	0	1	0	0.0	0.0	0.0	null	270.427	0.102
-9.4	0.0319	35812.5	2981.25	2400.0	NaN	NaN	NaN	0	1	1	0	0	0	0	0	0	0	0	0	1	0	0	0	1	1	1	0	1	1	1	0	1	-113.0	0.113	0.298	NaN	NaN	0.269	0.662	NaN	NaN	8.07	23.17	NaN	NaN	0.0	"2.5"	"F0034"	1	0	"PR"	278.576	"deionize-uv"	7.134	0	1	0	0.0	0.0	0.0	null	280.372	0.085
-9.2	0.032175	36937.5	2981.25	2400.0	NaN	NaN	NaN	0	1	1	0	0	0	0	0	0	0	0	0	1	0	0	0	1	1	1	0	1	1	1	0	1	-110.0	0.113	0.298	NaN	NaN	0.269	0.662	NaN	NaN	8.07	23.17	NaN	NaN	0.0	"2.5"	"F0034"	1	0	"PR"	288.613	"deionize-uv"	17.171	0	1	0	0.0	0.0	0.0	null	290.409	0.086
-9.0	0.03135	34687.5	2971.875	2475.0	NaN	NaN	NaN	0	1	1	0	0	0	0	0	0	0	0	0	1	0	0	0	1	1	1	0	1	1	1	0	1	-108.0	0.112	0.305	NaN	NaN	0.267	0.678	NaN	NaN	8.01	23.73	NaN	NaN	0.0	"2.5"	"F0034"	1	0	"PR"	298.644	"deionize-uv"	27.202	0	1	0	0.0	0.0	0.0	null	300.44	0.097
-9.4	0.031075	33937.5	2981.25	2475.0	NaN	NaN	NaN	0	1	1	0	0	0	0	0	0	0	0	0	1	0	0	0	1	1	1	0	1	1	1	0	1	-113.0	0.113	0.305	NaN	NaN	0.269	0.678	NaN	NaN	8.07	23.73	NaN	NaN	0.0	"2.5"	"F0034"	1	0	"PR"	308.681	"deionize-uv"	37.239	0	1	0	0.0	0.0	0.0	null	310.477	0.087
-8.5	0.0308	36000.0	2971.875	2475.0	NaN	NaN	NaN	0	1	1	0	0	0	0	0	0	0	0	0	1	0	0	0	1	1	1	0	1	1	1	0	1	-102.0	0.112	0.305	NaN	NaN	0.267	0.678	NaN	NaN	8.01	23.73	NaN	NaN	0.0	"2.5"	"F0034"	1	0	"PR"	318.716	"deionize-uv"	47.274	0	1	0	0.0	0.0	0.0	null	320.512	0.087
-9.2	0.03025	35062.5	2981.25	2390.625	NaN	NaN	NaN	0	1	1	0	0	0	0	0	0	0	0	0	1	0	0	0	1	1	1	0	1	1	1	0	1	-110.0	0.113	0.297	NaN	NaN	0.269	0.66	NaN	NaN	8.07	23.1	NaN	NaN	0.0	"2.5"	"F0034"	1	0	"PR"	328.747	"deionize-uv"	57.305	0	1	0	0.0	0.0	0.0	null	330.543	0.091
-9.4	0.0297	35062.5	2971.875	2353.125	NaN	NaN	NaN	0	1	1	0	0	0	0	0	0	0	0	0	1	0	0	0	1	1	1	0	1	1	1	0	1	-113.0	0.112	0.293	NaN	NaN	0.267	0.651	NaN	NaN	8.01	22.785	NaN	NaN	0.0	"2.5"	"F0034"	1	0	"PR"	338.786	"deionize-uv"	67.344	0	1	0	0.0	0.0	0.0	null	340.582	0.093
-8.0	0.03025	35062.5	2981.25	2353.125	NaN	NaN	NaN	0	1	1	0	0	0	0	0	0	0	0	0	1	0	0	0	1	1	1	0	1	1	1	0	1	-96.0	0.113	0.293	NaN	NaN	0.269	0.651	NaN	NaN	8.07	22.785	NaN	NaN	0.0	"2.5"	"F0034"	1	0	"PR"	348.819	"deionize-uv"	77.377	0	1	0	0.0	0.0	0.0	null	350.615	0.09
-8.0	0.0297	36562.5	2981.25	2465.625	NaN	NaN	NaN	0	1	1	0	0	0	0	0	0	0	0	0	1	0	0	0	1	1	1	0	1	1	1	0	1	-96.0	0.113	0.305	NaN	NaN	0.269	0.678	NaN	NaN	8.07	23.73	NaN	NaN	0.0	"2.5"	"F0034"	1	0	"PR"	358.652	"deionize-uv"	87.21	0	1	0	0.0	0.0	0.0	null	360.448	0.09
-7.3	0.0297	36000.0	2981.25	2437.5	NaN	NaN	NaN	0	1	1	0	0	0	0	0	0	0	0	0	1	0	0	0	1	1	1	0	1	1	1	0	1	-88.0	0.113	0.302	NaN	NaN	0.269	0.671	NaN	NaN	8.07	23.485	NaN	NaN	0.0	"2.5"	"F0034"	1	0	"PR"	368.691	"deionize-uv"	97.249	0	1	0	0.0	0.0	0.0	null	370.487	0.085
-7.8	0.02915	34125.0	2971.875	2428.125	NaN	NaN	NaN	0	1	1	0	0	0	0	0	0	0	0	0	1	0	0	0	1	1	1	0	1	1	1	0	1	-94.0	0.112	0.301	NaN	NaN	0.267	0.669	NaN	NaN	8.01	23.415	NaN	NaN	0.0	"2.5"	"F0034"	1	0	"PR"	378.724	"deionize-uv"	107.282	0	1	0	0.0	0.0	0.0	null	380.52	0.084
-8.4	0.02915	35250.0	2971.875	2409.375	NaN	NaN	NaN	0	1	1	0	0	0	0	0	0	0	0	0	1	0	0	0	1	1	1	0	1	1	1	0	1	-101.0	0.112	0.299	NaN	NaN	0.267	0.664	NaN	NaN	8.01	23.24	NaN	NaN	0.0	"2.5"	"F0034"	1	0	"PR"	388.758	"deionize-uv"	117.316	0	1	0	0.0	0.0	0.0	null	390.554	0.086
-8.2	0.029425	38062.5	2981.25	1968.75	NaN	NaN	NaN	0	0	1	0	0	0	0	1	0	0	0	0	1	0	0	0	1	1	1	0	1	1	1	0	1	-98.0	0.113	0.255	NaN	NaN	0.269	0.567	NaN	NaN	8.07	19.845	NaN	NaN	0.0	"2.5"	"F0034"	1	0	"PR"	398.836	"drip-di-1"	6.335	0	1	0	0.0	0.0	0.0	null	400.632	0.087
12.1	0.02805	29250.0	2887.5	1771.875	NaN	NaN	NaN	1	0	0	0	0	1	1	0	0	0	0	0	1	1	0	0	0	1	1	1	0	1	1	1	0	145.0	0.104	0.235	NaN	NaN	0.248	0.522	NaN	NaN	7.44	18.27	NaN	NaN	0.0	"2.5"	"F0034"	1	1	"PR"	408.835	"reverse-f"	1.168	0	1	0	0.0	0.0	0.0	null	410.631	0.084
12.6	0.02915	30375.0	2821.875	2071.875	NaN	NaN	NaN	1	0	0	0	0	1	1	0	0	0	0	0	1	1	0	0	0	1	1	1	0	1	1	1	0	151.0	0.097	0.265	NaN	NaN	0.231	0.589	NaN	NaN	6.93	20.615	NaN	NaN	0.0	"2.5"	"F0034"	1	1	"PR"	418.873	"reverse-f"	11.206	0	1	0	0.0	0.0	0.0	null	420.669	0.084
12.6	0.032175	30000.0	2821.875	2250.0	NaN	NaN	NaN	0	0	0	0	0	1	1	0	0	0	0	0	1	0	0	0	0	1	1	1	0	1	1	1	0	151.0	0.097	0.283	NaN	NaN	0.231	0.629	NaN	NaN	6.93	22.015	NaN	NaN	0.0	"2.5"	"F0034"	1	1	"PR"	428.815	"reverse"	21.148	0	1	0	0.0	0.0	0.0	null	430.611	0.083
10.1	0.034925	30000.0	2831.25	2250.0	NaN	NaN	NaN	0	0	0	0	0	1	1	0	0	0	0	0	1	0	0	0	0	1	1	1	0	1	1	1	0	121.0	0.098	0.283	NaN	NaN	0.233	0.629	NaN	NaN	6.99	22.015	NaN	NaN	0.0	"2.5"	"F0034"	1	1	"PR"	438.846	"reverse"	31.179	0	1	0	0.0	0.0	0.0	null	440.642	0.086
12.5	0.037125	29437.5	2850.0	2259.375	NaN	NaN	NaN	0	0	0	0	0	1	1	0	0	0	0	0	1	0	0	0	0	1	1	1	0	1	1	1	0	150.0	0.1	0.284	NaN	NaN	0.238	0.631	NaN	NaN	7.14	22.085	NaN	NaN	0.0	"2.5"	"F0034"	1	1	"PR"	448.883	"reverse"	41.216	0	1	0	0.0	0.0	0.0	null	450.679	0.088
12.3	0.039325	29812.5	2859.375	2240.625	NaN	NaN	NaN	0	0	0	0	0	1	1	0	0	0	0	0	1	0	0	0	0	1	1	1	0	1	1	1	0	148.0	0.101	0.282	NaN	NaN	0.24	0.627	NaN	NaN	7.2	21.945	NaN	NaN	0.0	"2.5"	"F0034"	1	1	"PR"	458.921	"reverse"	51.254	0	1	0	0.0	0.0	0.0	null	460.717	0.086
12.3	0.042075	30937.5	2840.625	2268.75	NaN	NaN	NaN	0	0	0	0	0	1	1	0	0	0	0	0	1	0	0	0	0	1	1	1	0	1	1	1	0	148.0	0.099	0.285	NaN	NaN	0.236	0.633	NaN	NaN	7.08	22.155	NaN	NaN	0.0	"2.5"	"F0034"	1	1	"PR"	468.952	"reverse"	61.285	0	1	0	0.0	0.0	0.0	null	470.748	0.086
12.4	0.043725	30187.5	2812.5	2278.125	NaN	NaN	NaN	0	0	0	0	0	1	1	0	0	0	0	0	1	0	0	0	0	1	1	1	0	1	1	1	0	149.0	0.096	0.286	NaN	NaN	0.229	0.636	NaN	NaN	6.87	22.26	NaN	NaN	0.0	"2.5"	"F0034"	1	1	"PR"	478.792	"reverse"	71.125	0	1	0	0.0	0.0	0.0	null	480.588	0.087
12.6	0.045375	29812.5	2850.0	2240.625	NaN	NaN	NaN	0	0	0	0	0	1	1	0	0	0	0	0	1	0	0	0	0	1	1	1	0	1	1	1	0	151.0	0.1	0.282	NaN	NaN	0.238	0.627	NaN	NaN	7.14	21.945	NaN	NaN	0.0	"2.5"	"F0034"	1	1	"PR"	488.823	"reverse"	81.156	0	1	0	0.0	0.0	0.0	null	490.619	0.084
12.7	0.045925	29812.5	2831.25	2268.75	NaN	NaN	NaN	0	0	0	0	0	1	1	0	0	0	0	0	1	0	0	0	0	1	1	1	0	1	1	1	0	152.0	0.098	0.285	NaN	NaN	0.233	0.633	NaN	NaN	6.99	22.155	NaN	NaN	0.0	"2.5"	"F0034"	1	1	"PR"	498.857	"reverse"	91.19	0	1	0	0.0	0.0	0.0	null	500.653	0.084
11.9	0.0473	29625.0	2840.625	2250.0	NaN	NaN	NaN	0	0	0	0	0	1	1	0	0	0	0	0	1	0	0	0	0	1	1	1	0	1	1	1	0	143.0	0.099	0.283	NaN	NaN	0.236	0.629	NaN	NaN	7.08	22.015	NaN	NaN	0.0	"2.5"	"F0034"	1	1	"PR"	508.897	"reverse"	101.23	0	1	0	0.0	0.0	0.0	null	510.693	0.085
10.5	0.0484	30187.5	2887.5	2278.125	NaN	NaN	NaN	0	0	0	0	0	1	1	0	0	0	0	0	1	0	0	0	0	1	1	1	0	1	1	1	0	126.0	0.104	0.286	NaN	NaN	0.248	0.636	NaN	NaN	7.44	22.26	NaN	NaN	0.0	"2.5"	"F0034"	1	1	"PR"	518.929	"reverse"	111.262	0	1	0	0.0	0.0	0.0	null	520.725	0.084
12.1	0.049225	30000.0	2821.875	2240.625	NaN	NaN	NaN	0	0	0	0	0	1	1	0	0	0	0	0	1	0	0	0	0	1	1	1	0	1	1	1	0	145.0	0.097	0.282	NaN	NaN	0.231	0.627	NaN	NaN	6.93	21.945	NaN	NaN	0.0	"2.5"	"F0034"	1	1	"PR"	528.965	"reverse"	121.298	0	1	0	0.0	0.0	0.0	null	530.761	0.085
12.5	0.049775	30000.0	2793.75	2240.625	NaN	NaN	NaN	0	0	0	0	0	1	1	0	0	0	0	0	1	0	0	0	0	1	1	1	0	1	1	1	0	150.0	0.094	0.282	NaN	NaN	0.224	0.627	NaN	NaN	6.72	21.945	NaN	NaN	0.0	"2.5"	"F0034"	1	1	"PR"	539.004	"reverse"	131.337	0	1	0	0.0	0.0	0.0	null	540.8	0.091
13.8	0.050875	29625.0	2850.0	2240.625	NaN	NaN	NaN	0	0	0	0	0	1	1	0	0	0	0	0	1	0	0	0	0	1	1	1	0	1	1	1	0	166.0	0.1	0.282	NaN	NaN	0.238	0.627	NaN	NaN	7.14	21.945	NaN	NaN	0.0	"2.5"	"F0034"	1	1	"PR"	549.037	"reverse"	141.37	0	1	0	0.0	0.0	0.0	null	550.833	0.084
2.1	0.050875	-375.0	2981.25	2259.375	NaN	NaN	NaN	0	0	0	0	0	0	0	0	0	0	0	0	0	0	0	0	0	0	0	0	1	0	0	0	1	25.0	0.113	0.284	NaN	NaN	0.269	0.631	NaN	NaN	8.07	22.085	NaN	NaN	0.0	"2.5"	"F0034"	0	0	"PR"	558.964	"diffuse"	1.296	0	1	1	0.0	0.0	0.0	null	560.76	0.084
3.5	0.0517	1500.0	3009.375	2250.0	NaN	NaN	NaN	0	0	0	0	0	0	0	0	0	0	0	0	0	0	0	0	0	0	0	0	1	0	0	0	1	42.0	0.116	0.283	NaN	NaN	0.276	0.629	NaN	NaN	8.28	22.015	NaN	NaN	0.0	"2.5"	"F0034"	0	0	"PR"	569.001	"diffuse"	11.333	0	1	1	0.0	0.0	0.0	null	570.797	0.085
3.5	0.050875	2250.0	3028.125	2278.125	NaN	NaN	NaN	0	0	0	0	0	0	0	0	0	0	0	0	0	0	0	0	0	0	0	0	1	0	0	0	1	42.0	0.118	0.286	NaN	NaN	0.281	0.636	NaN	NaN	8.43	22.26	NaN	NaN	0.0	"2.5"	"F0034"	0	0	"PR"	579.034	"diffuse"	21.366	0	1	1	0.0	0.0	0.0	null	580.83	0.086
12.5	0.051425	16500.0	2821.875	2221.875	NaN	NaN	NaN	0	0	0	0	0	1	1	0	0	0	0	0	1	0	0	0	0	1	1	1	0	1	1	1	0	150.0	0.097	0.28	NaN	NaN	0.231	0.622	NaN	NaN	6.93	21.77	NaN	NaN	0.0	"2.5"	"F0034"	1	1	"PR"	588.96	"wash-en"	1.096	0	1	1	0.0	0.0	0.0	null	590.756	0.087
11.8	0.051975	28875.0	2850.0	2250.0	NaN	NaN	NaN	0	0	0	0	0	1	1	0	0	0	0	0	1	0	0	0	0	1	1	1	0	1	1	1	0	142.0	0.1	0.283	NaN	NaN	0.238	0.629	NaN	NaN	7.14	22.015	NaN	NaN	0.0	"2.5"	"F0034"	1	1	"PR"	599.001	"wash-en"	11.137	0	1	1	0.0	0.0	0.0	null	600.797	0.094
2.5	0.05335	30187.5	2859.375	2250.0	NaN	NaN	NaN	0	0	0	0	0	1	1	0	0	0	0	0	1	0	0	0	0	0	0	0	1	0	0	0	1	30.0	0.101	0.283	NaN	NaN	0.24	0.629	NaN	NaN	7.2	22.015	NaN	NaN	0.0	"2.5"	"F0034"	0	0	"PR"	608.926	"wash-sc"	0.895	0	1	1	0.0	0.0	0.0	null	610.722	0.09
3.5	0.053075	1125.0	3018.75	2259.375	NaN	NaN	NaN	0	0	0	0	0	0	0	0	0	0	0	0	0	0	0	0	0	0	0	0	1	0	0	0	1	42.0	0.117	0.284	NaN	NaN	0.279	0.631	NaN	NaN	8.37	22.085	NaN	NaN	0.0	"2.5"	"F0034"	0	0	"PR"	618.958	"diffuse"	0.802	0	1	2	0.0	0.0	0.0	null	620.754	0.09
2.5	0.053075	1875.0	2990.625	2259.375	NaN	NaN	NaN	0	0	0	0	0	0	0	0	0	0	0	0	0	0	0	0	0	0	0	0	1	0	0	0	1	30.0	0.114	0.284	NaN	NaN	0.271	0.631	NaN	NaN	8.13	22.085	NaN	NaN	0.0	"2.5"	"F0034"	0	0	"PR"	628.998	"diffuse"	10.842	0	1	2	0.0	0.0	0.0	null	630.794	0.092
2.9	0.053075	2250.0	3009.375	2268.75	NaN	NaN	NaN	0	0	0	0	0	0	0	0	0	0	0	0	0	0	0	0	0	0	0	0	1	0	0	0	1	35.0	0.116	0.285	NaN	NaN	0.276	0.633	NaN	NaN	8.28	22.155	NaN	NaN	0.0	"2.5"	"F0034"	0	0	"PR"	639.033	"diffuse"	20.877	0	1	2	0.0	0.0	0.0	null	640.829	0.09
13.3	0.053075	8250.0	2662.5	2268.75	NaN	NaN	NaN	0	0	0	0	0	1	1	0	0	0	0	0	1	0	0	0	0	1	1	1	0	1	1	1	0	160.0	0.081	0.285	NaN	NaN	0.193	0.633	NaN	NaN	5.79	22.155	NaN	NaN	0.0	"2.5"	"F0034"	1	1	"PR"	648.963	"wash-en"	0.695	0	1	2	0.0	0.0	0.0	null	650.759	0.084
12.6	0.05335	30187.5	2850.0	2259.375	NaN	NaN	NaN	0	0	0	0	0	1	1	0	0	0	0	0	1	0	0	0	0	1	1	1	0	1	1	1	0	151.0	0.1	0.284	NaN	NaN	0.238	0.631	NaN	NaN	7.14	22.085	NaN	NaN	0.0	"2.5"	"F0034"	1	1	"PR"	659.003	"wash-en"	10.735	0	1	2	0.0	0.0	0.0	null	660.799	0.091
2.0	0.053625	30562.5	2821.875	2268.75	NaN	NaN	NaN	0	0	0	0	0	1	1	0	0	0	0	0	1	0	0	0	0	0	0	0	1	0	0	0	1	24.0	0.097	0.285	NaN	NaN	0.231	0.633	NaN	NaN	6.93	22.155	NaN	NaN	0.0	"2.5"	"F0034"	0	0	"PR"	669.128	"wash-sc"	0.693	0	1	2	0.0	0.0	0.0	null	670.924	0.084
2.5	0.053075	3375.0	3018.75	2268.75	NaN	NaN	NaN	0	0	0	0	0	0	0	0	0	0	0	0	0	0	0	0	0	0	0	0	1	0	0	0	1	30.0	0.117	0.285	NaN	NaN	0.279	0.633	NaN	NaN	8.37	22.155	NaN	NaN	0.0	"2.5"	"F0034"	0	0	"PR"	679.165	"diffuse"	0.602	0	1	3	0.0	0.0	0.0	null	680.961	0.084
3.5	0.05335	937.5	3000.0	2259.375	NaN	NaN	NaN	0	0	0	0	0	0	0	0	0	0	0	0	0	0	0	0	0	0	0	0	1	0	0	0	1	42.0	0.115	0.284	NaN	NaN	0.274	0.631	NaN	NaN	8.22	22.085	NaN	NaN	0.0	"2.5"	"F0034"	0	0	"PR"	689.202	"diffuse"	10.639	0	1	3	0.0	0.0	0.0	null	690.998	0.085
2.7	0.053625	1875.0	2990.625	2259.375	NaN	NaN	NaN	0	0	0	0	0	0	0	0	0	0	0	0	0	0	0	0	0	0	0	0	1	0	0	0	1	32.0	0.114	0.284	NaN	NaN	0.271	0.631	NaN	NaN	8.13	22.085	NaN	NaN	0.0	"2.5"	"F0034"	0	0	"PR"	699.035	"diffuse"	20.472	0	1	3	0.0	0.0	0.0	null	700.831	0.09
2.5	0.05335	3000.0	3009.375	2268.75	NaN	NaN	NaN	0	0	0	0	0	1	1	0	0	0	0	0	1	0	0	0	0	1	1	1	0	1	1	1	0	30.0	0.116	0.285	NaN	NaN	0.276	0.633	NaN	NaN	8.28	22.155	NaN	NaN	0.0	"2.5"	"F0034"	1	1	"PR"	708.866	"wash-en"	0.201	0	1	3	0.0	0.0	0.0	null	710.662	0.093
12.6	0.053075	29812.5	2812.5	2240.625	NaN	NaN	NaN	0	0	0	0	0	1	1	0	0	0	0	0	1	0	0	0	0	1	1	1	0	1	1	1	0	151.0	0.096	0.282	NaN	NaN	0.229	0.627	NaN	NaN	6.87	21.945	NaN	NaN	0.0	"2.5"	"F0034"	1	1	"PR"	719.198	"wash-en"	10.533	0	1	3	0.0	0.0	0.0	null	720.994	0.085
14.4	0.053625	30187.5	2803.125	2250.0	NaN	NaN	NaN	0	0	0	0	0	1	1	0	0	0	0	0	1	0	0	0	0	0	0	0	1	0	0	0	1	173.0	0.095	0.283	NaN	NaN	0.226	0.629	NaN	NaN	6.78	22.015	NaN	NaN	0.0	"2.5"	"F0034"	0	0	"PR"	729.03	"wash-sc"	0.201	0	1	3	0.0	0.0	0.0	null	730.826	0.098
2.0	0.05335	30000.0	2840.625	2259.375	NaN	NaN	NaN	0	0	0	0	0	0	0	0	0	0	0	0	0	0	0	0	0	0	0	0	1	0	0	0	1	24.0	0.099	0.284	NaN	NaN	0.236	0.631	NaN	NaN	7.08	22.085	NaN	NaN	0.0	"2.5"	"F0034"	0	0	"PR"	739.156	"diffuse"	0.2	0	1	4	0.0	0.0	0.0	null	740.952	0.091
2.5	0.0539	2250.0	3009.375	2268.75	NaN	NaN	NaN	0	0	0	0	0	0	0	0	0	0	0	0	0	0	0	0	0	0	0	0	1	0	0	0	1	30.0	0.116	0.285	NaN	NaN	0.276	0.633	NaN	NaN	8.28	22.155	NaN	NaN	0.0	"2.5"	"F0034"	0	0	"PR"	749.195	"diffuse"	10.239	0	1	4	0.0	0.0	0.0	null	750.991	0.092
2.0	0.053625	2062.5	3009.375	2259.375	NaN	NaN	NaN	0	0	0	0	0	0	0	0	0	0	0	0	0	0	0	0	0	0	0	0	1	0	0	0	1	24.0	0.116	0.284	NaN	NaN	0.276	0.631	NaN	NaN	8.28	22.085	NaN	NaN	0.0	"2.5"	"F0034"	0	0	"PR"	759.225	"diffuse"	20.269	0	1	4	0.0	0.0	0.0	null	761.021	0.089
2.6	0.053625	1875.0	2990.625	2259.375	NaN	NaN	NaN	0	0	0	0	0	1	1	0	0	0	0	0	1	0	0	0	0	1	1	1	0	1	1	1	0	31.0	0.114	0.284	NaN	NaN	0.271	0.631	NaN	NaN	8.13	22.085	NaN	NaN	0.0	"2.5"	"F0034"	1	1	"PR"	769.256	"wash-en"	0.2	0	1	4	0.0	0.0	0.0	null	771.052	0.097
12.7	0.0539	30187.5	2821.875	2240.625	NaN	NaN	NaN	0	0	0	0	0	1	1	0	0	0	0	0	1	0	0	0	0	1	1	1	0	1	1	1	0	152.0	0.097	0.282	NaN	NaN	0.231	0.627	NaN	NaN	6.93	21.945	NaN	NaN	0.0	"2.5"	"F0034"	1	1	"PR"	779.187	"wash-en"	10.131	0	1	4	0.0	0.0	0.0	null	780.983	0.093
12.6	0.05335	29250.0	2859.375	2240.625	NaN	NaN	NaN	0	0	0	0	0	1	1	0	0	0	0	0	1	0	0	0	0	1	1	1	0	1	1	1	0	151.0	0.101	0.282	NaN	NaN	0.24	0.627	NaN	NaN	7.2	21.945	NaN	NaN	0.0	"2.5"	"F0034"	1	1	"PR"	789.22	"wash-en"	20.164	0	1	4	0.0	0.0	0.0	null	791.016	0.087
1.6	0.053625	30562.5	2821.875	2259.375	NaN	NaN	NaN	0	0	0	0	0	1	1	0	0	0	0	0	1	0	0	0	0	0	0	0	1	0	0	0	1	19.0	0.097	0.284	NaN	NaN	0.231	0.631	NaN	NaN	6.93	22.085	NaN	NaN	0.0	"2.5"	"F0034"	0	0	"PR"	799.147	"wash-sc"	9.927	0	1	4	0.0	0.0	0.0	null	800.943	0.091
2.0	0.053625	937.5	2465.625	2250.0	NaN	NaN	NaN	0	0	0	0	1	0	0	0	0	0	0	0	0	0	0	0	0	0	0	0	1	0	0	0	1	24.0	0.062	0.283	NaN	NaN	0.148	0.629	NaN	NaN	4.44	22.015	NaN	NaN	0.0	"2.5"	"F0034"	0	0	"PR"	809.187	"drain-rg"	9.839	0	1	4	0.0	0.0	0.0	null	810.983	0.088
2.7	0.0539	187.5	2081.25	2259.375	NaN	NaN	NaN	0	0	0	0	1	0	0	0	0	0	0	0	0	0	0	0	0	0	0	0	1	0	0	0	1	32.0	0.023	0.284	NaN	NaN	0.055	0.631	NaN	NaN	1.65	22.085	NaN	NaN	0.0	"2.5"	"F0034"	0	0	"PR"	819.219	"drain-rg"	19.871	0	1	4	0.0	0.0	0.0	null	821.015	0.09
1.8	0.053075	-375.0	1734.375	2268.75	NaN	NaN	NaN	0	0	0	0	1	0	0	0	0	0	0	0	0	0	0	0	0	0	0	0	1	0	0	0	1	22.0	-0.012	0.285	NaN	NaN	-0.029	0.633	NaN	NaN	-0.87	22.155	NaN	NaN	0.0	"2.5"	"F0034"	0	0	"PR"	829.254	"drip-rg"	3.413	0	1	4	0.0	0.0	0.0	null	831.05	0.089
2.0	0.0539	0.0	0.0	2268.75	NaN	NaN	NaN	0	0	0	0	1	0	0	0	0	0	0	0	0	0	0	0	0	0	0	0	1	0	0	0	1	24.0	-0.185	0.285	NaN	NaN	-0.44	0.633	NaN	NaN	-13.2	22.155	NaN	NaN	0.0	"2.5"	"F0034"	0	0	"PR"	839.294	"drip-rg"	13.453	0	1	4	0.0	0.0	0.0	null	841.09	0.092
2.1	0.05335	30562.5	1781.25	2081.25	NaN	NaN	NaN	0	0	1	0	0	1	0	0	0	0	0	0	1	0	0	0	0	0	0	0	1	0	0	0	1	25.0	-0.007	0.266	NaN	NaN	-0.017	0.591	NaN	NaN	-0.51	20.685	NaN	NaN	0.0	"2.5"	"F0034"	0	0	"FR"	7.646	"fill-rg-di"	7.445	1	1	0	842.894	0.0	0.0	null	851.164	0.087
2.0	0.051975	30187.5	2175.0	1846.875	NaN	NaN	NaN	0	0	1	0	0	1	0	0	0	0	0	0	1	0	0	0	0	0	0	0	1	0	0	0	1	24.0	0.033	0.243	NaN	NaN	0.079	0.54	NaN	NaN	2.37	18.9	NaN	NaN	0.0	"2.5"	"F0034"	0	0	"FR"	17.484	"fill-rg-di"	17.283	1	1	0	842.894	0.0	0.0	null	861.002	0.087
1.0	0.05005	30000.0	2484.375	1584.375	NaN	NaN	NaN	0	0	1	0	0	1	0	0	0	0	0	0	1	0	0	0	0	0	0	0	1	0	0	0	1	12.0	0.063	0.216	NaN	NaN	0.15	0.48	NaN	NaN	4.5	16.8	NaN	NaN	0.0	"2.5"	"F0034"	0	0	"FR"	27.517	"fill-rg-di"	27.316	1	1	0	842.894	0.0	0.0	null	871.035	0.086
1.8	0.0484	30000.0	2812.5	1350.0	NaN	NaN	NaN	0	0	1	0	0	1	0	0	0	0	0	0	1	0	0	0	0	0	0	0	1	0	0	0	1	22.0	0.096	0.193	NaN	NaN	0.229	0.429	NaN	NaN	6.87	15.015	NaN	NaN	0.0	"2.5"	"F0034"	0	0	"FR"	37.557	"fill-rg-di"	37.356	1	1	0	842.894	0.0	0.0	null	881.075	0.088
2.0	0.046475	29812.5	3093.75	1115.625	NaN	NaN	NaN	0	0	1	0	0	1	0	0	0	0	0	0	1	0	0	0	0	0	0	0	1	0	0	0	1	24.0	0.124	0.17	NaN	NaN	0.295	0.378	NaN	NaN	8.85	13.23	NaN	NaN	0.0	"2.5"	"F0034"	0	0	"FR"	47.592	"fill-rg-di"	47.391	1	1	0	842.894	0.0	0.0	null	891.11	0.086
2.0	0.045375	2812.5	2896.875	975.0	NaN	NaN	NaN	0	0	0	0	1	0	0	0	0	0	0	0	0	0	0	0	0	0	0	0	1	0	0	0	1	24.0	0.105	0.155	NaN	NaN	0.25	0.344	NaN	NaN	7.5	12.04	NaN	NaN	0.0	"2.5"	"F0034"	0	0	"FR"	57.627	"drain-rg"	4.617	1	1	0	842.894	0.0	0.0	null	901.145	0.09
1.9	0.045925	3000.0	2550.0	965.625	NaN	NaN	NaN	0	0	0	0	1	0	0	0	0	0	0	0	0	0	0	0	0	0	0	0	1	0	0	0	1	23.0	0.07	0.155	NaN	NaN	0.167	0.344	NaN	NaN	5.01	12.04	NaN	NaN	0.0	"2.5"	"F0034"	0	0	"FR"	67.667	"drain-rg"	14.657	1	1	0	842.894	0.0	0.0	null	911.185	0.093
0.9	0.0451	2250.0	2203.125	956.25	NaN	NaN	NaN	0	0	0	0	1	0	0	0	0	0	0	0	0	0	0	0	0	0	0	0	1	0	0	0	1	11.0	0.035	0.154	NaN	NaN	0.083	0.342	NaN	NaN	2.49	11.97	NaN	NaN	0.0	"2.5"	"F0034"	0	0	"FR"	77.695	"drain-rg"	24.685	1	1	0	842.894	0.0	0.0	null	921.213	0.089
1.9	0.045375	2250.0	1846.875	918.75	NaN	NaN	NaN	0	0	0	0	1	0	0	0	0	0	0	0	0	0	0	0	0	0	0	0	1	0	0	0	1	23.0	-0.0	0.15	NaN	NaN	-0.0	0.333	NaN	NaN	-0.0	11.655	NaN	NaN	0.0	"2.5"	"F0034"	0	0	"FR"	87.721	"drain-rg"	34.711	1	1	0	842.894	0.0	0.0	null	931.239	0.09
1.4	0.045925	3000.0	1087.5	984.375	NaN	NaN	NaN	0	0	0	0	1	0	0	0	0	0	0	0	0	0	0	0	0	0	0	0	1	0	0	0	1	17.0	-0.076	0.156	NaN	NaN	-0.181	0.347	NaN	NaN	-5.43	12.145	NaN	NaN	0.0	"2.5"	"F0034"	0	0	"FR"	97.563	"drip-rg"	9.642	1	1	0	842.894	0.0	0.0	null	941.081	0.088
1.7	0.0451	30000.0	1209.375	900.0	NaN	NaN	NaN	0	0	1	0	0	1	0	0	0	0	0	0	1	0	0	0	0	0	0	0	1	0	0	0	1	20.0	-0.064	0.148	NaN	NaN	-0.152	0.329	NaN	NaN	-4.56	11.515	NaN	NaN	0.0	"2.5"	"F0034"	0	0	"PR"	3.832	"fill-rg-di"	3.632	1	0	0	842.894	0.0	946.7	null	951.159	0.087
1.9	0.044825	30000.0	2081.25	628.125	NaN	NaN	NaN	0	0	1	0	0	1	0	0	0	0	0	0	1	0	0	0	0	0	0	0	1	0	0	0	1	23.0	0.023	0.121	NaN	NaN	0.055	0.269	NaN	NaN	1.65	9.415	NaN	NaN	0.0	"2.5"	"F0034"	0	0	"PR"	13.873	"fill-rg-di"	13.673	1	0	0	842.894	0.0	946.7	null	961.2	0.088
3.6	0.043725	30187.5	2371.875	393.75	NaN	NaN	NaN	0	0	1	0	0	1	0	0	0	0	0	0	1	0	0	0	0	0	0	0	1	0	0	0	1	43.0	0.052	0.097	NaN	NaN	0.124	0.216	NaN	NaN	3.72	7.56	NaN	NaN	0.0	"2.5"	"F0034"	0	0	"PR"	23.914	"fill-rg-di"	23.714	1	0	0	842.894	0.0	946.7	null	971.241	0.084
1.7	0.0429	30562.5	2690.625	121.875	NaN	NaN	NaN	0	0	1	0	0	1	0	0	0	0	0	0	1	0	0	0	0	0	0	0	1	0	0	0	1	20.0	0.084	0.07	NaN	NaN	0.2	0.156	NaN	NaN	6.0	5.46	NaN	NaN	0.0	"2.5"	"F0034"	0	0	"PR"	33.953	"fill-rg-di"	33.753	1	0	0	842.894	0.0	946.7	null	981.28	0.089
1.4	0.04235	2812.5	2756.25	290.625	NaN	NaN	NaN	1	0	0	0	0	0	0	0	0	0	0	0	0	1	0	0	0	0	0	0	1	0	0	0	1	17.0	0.091	0.087	NaN	NaN	0.217	0.193	NaN	NaN	6.51	6.755	NaN	NaN	0.0	"2.5"	"F0034"	0	0	"PR"	43.987	"fill-di-lb"	7.825	1	0	0	842.894	0.0	946.7	null	991.314	0.091
2.0	0.0429	3000.0	2746.875	600.0	NaN	NaN	NaN	1	0	0	0	0	0	0	0	0	0	0	0	0	1	0	0	0	0	0	0	1	0	0	0	1	24.0	0.09	0.118	NaN	NaN	0.214	0.262	NaN	NaN	6.42	9.17	NaN	NaN	0.0	"2.5"	"F0034"	0	0	"PR"	54.022	"fill-di-lb"	17.86	1	0	0	842.894	0.0	946.7	null	1001.349	0.09
2.0	0.042075	4500.0	2775.0	890.625	NaN	NaN	NaN	1	0	0	0	0	0	0	0	0	0	0	0	0	1	0	0	0	0	0	0	1	0	0	0	1	24.0	0.093	0.147	NaN	NaN	0.221	0.327	NaN	NaN	6.63	11.445	NaN	NaN	0.0	"2.5"	"F0034"	0	0	"PR"	63.861	"fill-di-lb"	27.699	1	0	0	842.894	0.0	946.7	null	1011.188	0.089
1.9	0.0429	3000.0	2756.25	1209.375	NaN	NaN	NaN	1	0	0	0	0	0	0	0	0	0	0	0	0	1	0	0	0	0	0	0	1	0	0	0	1	23.0	0.091	0.179	NaN	NaN	0.217	0.398	NaN	NaN	6.51	13.93	NaN	NaN	0.0	"2.5"	"F0034"	0	0	"PR"	73.894	"fill-di-lb"	37.732	1	0	0	842.894	0.0	946.7	null	1021.221	0.087
1.9	0.042625	3000.0	2756.25	1471.875	NaN	NaN	NaN	1	0	0	0	0	0	0	0	0	0	0	0	0	1	0	0	0	0	0	0	1	0	0	0	1	23.0	0.091	0.205	NaN	NaN	0.217	0.456	NaN	NaN	6.51	15.96	NaN	NaN	0.0	"2.5"	"F0034"	0	0	"PR"	83.927	"fill-di-lb"	47.765	1	0	0	842.894	0.0	946.7	null	1031.254	0.086
1.9	0.04235	2437.5	2746.875	1753.125	NaN	NaN	NaN	1	0	0	0	0	0	0	0	0	0	0	0	0	1	0	0	0	0	0	0	1	0	0	0	1	23.0	0.09	0.233	NaN	NaN	0.214	0.518	NaN	NaN	6.42	18.13	NaN	NaN	0.0	"2.5"	"F0034"	0	0	"PR"	93.965	"fill-di-lb"	57.803	1	0	0	842.894	0.0	946.7	null	1041.292	0.086
1.8	0.04235	3562.5	2765.625	2043.75	NaN	NaN	NaN	1	0	0	0	0	0	0	0	0	0	0	0	0	1	0	0	0	0	0	0	1	0	0	0	1	22.0	0.092	0.262	NaN	NaN	0.219	0.582	NaN	NaN	6.57	20.37	NaN	NaN	0.0	"2.5"	"F0034"	0	0	"PR"	103.999	"fill-di-lb"	67.837	1	0	0	842.894	0.0	946.7	null	1051.326	0.086
1.8	0.0418	30562.5	2850.0	2193.75	NaN	NaN	NaN	0	0	1	0	0	1	0	0	0	0	0	0	1	0	0	0	0	0	0	0	1	0	0	0	1	22.0	0.1	0.277	NaN	NaN	0.238	0.616	NaN	NaN	7.14	21.56	NaN	NaN	0.0	"2.5"	"F0034"	0	0	"PR"	114.035	"fill-rg-di"	3.412	1	0	0	842.894	0.0	946.7	null	1061.362	0.084
1.3	0.0429	4312.5	2990.625	2240.625	NaN	NaN	NaN	0	0	1	0	0	1	0	0	0	0	0	0	1	0	0	0	0	0	0	0	1	0	0	0	1	16.0	0.114	0.282	NaN	NaN	0.271	0.627	NaN	NaN	8.13	21.945	NaN	NaN	0.0	"2.5"	"F0034"	0	0	"PR"	124.074	"flush-rg-sc"	0.201	1	1	0	842.894	0.0	946.7	null	1071.401	0.091
12.9	0.04235	34500.0	2971.875	2550.0	NaN	NaN	NaN	0	1	1	0	0	0	0	0	0	0	0	0	1	0	0	0	0	1	1	1	0	1	1	1	0	155.0	0.112	0.313	NaN	NaN	0.267	0.696	NaN	NaN	8.01	24.36	NaN	NaN	0.0	"2.5"	"F0034"	1	1	"PR"	134.113	"deionize"	9.838	1	1	0	842.894	0.0	946.7	null	1081.44	0.087
12.3	0.041525	34687.5	2981.25	2587.5	NaN	NaN	NaN	0	1	1	0	0	0	0	0	0	0	0	0	1	0	0	0	0	1	1	1	0	1	1	1	0	148.0	0.113	0.317	NaN	NaN	0.269	0.704	NaN	NaN	8.07	24.64	NaN	NaN	0.0	"2.5"	"F0034"	1	1	"PR"	143.954	"deionize"	19.679	1	1	0	842.894	0.0	946.7	null	1091.281	0.086
12.6	0.040975	34312.5	2934.375	2531.25	NaN	NaN	NaN	0	1	1	0	0	0	0	0	0	0	0	0	1	0	0	0	0	1	1	1	0	1	1	1	0	151.0	0.108	0.311	NaN	NaN	0.257	0.691	NaN	NaN	7.71	24.185	NaN	NaN	0.0	"2.5"	"F0034"	1	1	"PR"	153.989	"deionize"	29.714	1	1	0	842.894	0.0	946.7	null	1101.316	0.084
14.1	0.040425	34687.5	2943.75	2540.625	NaN	NaN	NaN	0	1	1	0	0	0	0	0	0	0	0	0	1	0	0	0	0	1	1	1	0	1	1	1	0	169.0	0.109	0.312	NaN	NaN	0.26	0.693	NaN	NaN	7.8	24.255	NaN	NaN	0.0	"2.5"	"F0034"	1	1	"PR"	164.024	"deionize"	39.749	1	1	0	842.894	0.0	946.7	null	1111.351	0.084
12.6	0.039325	34687.5	2981.25	2521.875	NaN	NaN	NaN	0	1	1	0	0	0	0	0	0	0	0	0	1	0	0	0	0	1	1	1	0	1	1	1	0	151.0	0.113	0.31	NaN	NaN	0.269	0.689	NaN	NaN	8.07	24.115	NaN	NaN	0.0	"2.5"	"F0034"	1	1	"PR"	174.068	"deionize"	49.793	1	1	0	842.894	0.0	946.7	null	1121.395	0.089
12.9	0.0385	36187.5	2981.25	2568.75	NaN	NaN	NaN	0	1	1	0	0	0	0	0	0	0	0	0	1	0	0	0	0	1	1	1	0	1	1	1	0	155.0	0.113	0.315	NaN	NaN	0.269	0.7	NaN	NaN	8.07	24.5	NaN	NaN	0.0	"2.5"	"F0034"	1	1	"PR"	184.105	"deionize"	59.83	1	1	0	842.894	0.0	946.7	null	1131.432	0.087
12.9	0.037675	34687.5	2981.25	2550.0	NaN	NaN	NaN	0	1	1	0	0	0	0	0	0	0	0	0	1	0	0	0	0	1	1	1	0	1	1	1	0	155.0	0.113	0.313	NaN	NaN	0.269	0.696	NaN	NaN	8.07	24.36	NaN	NaN	0.0	"2.5"	"F0034"	1	1	"PR"	194.145	"deionize"	69.87	1	1	0	842.894	0.0	946.7	null	1141.472	0.084
13.0	0.03685	35812.5	2971.875	2550.0	NaN	NaN	NaN	0	1	1	0	0	0	0	0	0	0	0	0	1	0	0	0	0	1	1	1	0	1	1	1	0	156.0	0.112	0.313	NaN	NaN	0.267	0.696	NaN	NaN	8.01	24.36	NaN	NaN	0.0	"2.5"	"F0034"	1	1	"PR"	204.18	"deionize"	79.905	1	1	0	842.894	0.0	946.7	null	1151.507	0.087
12.9	0.036575	35625.0	2971.875	2550.0	NaN	NaN	NaN	0	1	1	0	0	0	0	0	0	0	0	0	1	0	0	0	0	1	1	1	0	1	1	1	0	155.0	0.112	0.313	NaN	NaN	0.267	0.696	NaN	NaN	8.01	24.36	NaN	NaN	0.0	"2.5"	"F0034"	1	1	"PR"	214.016	"deionize"	89.741	1	1	0	842.894	0.0	946.7	null	1161.343	0.084
12.4	0.0363	36187.5	2962.5	2550.0	NaN	NaN	NaN	0	1	1	0	0	0	0	0	0	0	0	0	1	0	0	0	0	1	1	1	0	1	1	1	0	149.0	0.111	0.313	NaN	NaN	0.264	0.696	NaN	NaN	7.92	24.36	NaN	NaN	0.0	"2.5"	"F0034"	1	1	"PR"	224.056	"deionize"	99.781	1	1	0	842.894	0.0	946.7	null	1171.383	0.086
12.1	0.03575	34125.0	2971.875	2493.75	NaN	NaN	NaN	0	1	1	0	0	0	0	0	0	0	0	0	1	0	0	0	0	1	1	1	0	1	1	1	0	145.0	0.112	0.307	NaN	NaN	0.267	0.682	NaN	NaN	8.01	23.87	NaN	NaN	0.0	"2.5"	"F0034"	1	1	"PR"	234.094	"deionize"	109.819	1	1	0	842.894	0.0	946.7	null	1181.421	0.087
12.8	0.034925	33750.0	2981.25	2540.625	NaN	NaN	NaN	0	1	1	0	0	0	0	0	0	0	0	0	1	0	0	0	0	1	1	1	0	1	1	1	0	154.0	0.113	0.312	NaN	NaN	0.269	0.693	NaN	NaN	8.07	24.255	NaN	NaN	0.0	"2.5"	"F0034"	1	1	"PR"	244.132	"deionize"	119.857	1	1	0	842.894	0.0	946.7	null	1191.459	0.084
13.0	0.0352	34687.5	2971.875	2512.5	NaN	NaN	NaN	0	1	1	0	0	0	0	0	0	0	0	0	1	0	0	0	0	1	1	1	0	1	1	1	0	156.0	0.112	0.309	NaN	NaN	0.267	0.687	NaN	NaN	8.01	24.045	NaN	NaN	0.0	"2.5"	"F0034"	1	1	"PR"	254.167	"deionize"	129.892	1	1	0	842.894	0.0	946.7	null	1201.494	0.086
11.4	0.034925	36187.5	2981.25	2550.0	NaN	NaN	NaN	0	1	1	0	0	0	0	0	0	0	0	0	1	0	0	0	0	1	1	1	0	1	1	1	0	137.0	0.113	0.313	NaN	NaN	0.269	0.696	NaN	NaN	8.07	24.36	NaN	NaN	0.0	"2.5"	"F0034"	1	1	"PR"	264.202	"deionize"	139.927	1	1	0	842.894	0.0	946.7	null	1211.529	0.084
12.3	0.03465	35250.0	2971.875	2568.75	NaN	NaN	NaN	0	1	1	0	0	0	0	0	0	0	0	0	1	0	0	0	0	1	1	1	0	1	1	1	0	148.0	0.112	0.315	NaN	NaN	0.267	0.7	NaN	NaN	8.01	24.5	NaN	NaN	0.0	"2.5"	"F0034"	1	1	"PR"	274.244	"deionize"	149.969	1	1	0	842.894	0.0	946.7	null	1221.571	0.084
11.3	0.03465	36937.5	2981.25	2550.0	NaN	NaN	NaN	0	1	1	0	0	0	0	0	0	0	0	0	1	0	0	0	0	1	1	1	0	1	1	1	0	136.0	0.113	0.313	NaN	NaN	0.269	0.696	NaN	NaN	8.07	24.36	NaN	NaN	0.0	"2.5"	"F0034"	1	1	"PR"	284.079	"deionize"	159.804	1	1	0	842.894	0.0	946.7	null	1231.406	0.091
13.0	0.03355	33375.0	2971.875	2578.125	NaN	NaN	NaN	0	1	1	0	0	0	0	0	0	0	0	0	1	0	0	0	0	1	1	1	0	1	1	1	0	156.0	0.112	0.316	NaN	NaN	0.267	0.702	NaN	NaN	8.01	24.57	NaN	NaN	0.0	"2.5"	"F0034"	1	1	"PR"	294.113	"deionize"	169.838	1	1	0	842.894	0.0	946.7	null	1241.44	0.09
12.6	0.033	33750.0	2981.25	2531.25	NaN	NaN	NaN	0	1	1	0	0	0	0	0	0	0	0	0	1	0	0	0	0	1	1	1	0	1	1	1	0	151.0	0.113	0.311	NaN	NaN	0.269	0.691	NaN	NaN	8.07	24.185	NaN	NaN	0.0	"2.5"	"F0034"	1	1	"PR"	304.152	"deionize"	179.877	1	1	0	842.894	0.0	946.7	null	1251.479	0.09
12.3	0.032175	34687.5	2971.875	2587.5	NaN	NaN	NaN	0	1	1	0	0	0	0	0	0	0	0	0	1	0	0	0	0	1	1	1	0	1	1	1	0	148.0	0.112	0.317	NaN	NaN	0.267	0.704	NaN	NaN	8.01	24.64	NaN	NaN	0.0	"2.5"	"F0034"	1	1	"PR"	314.188	"deionize"	189.913	1	1	0	842.894	0.0	946.7	null	1261.515	0.091
12.3	0.0319	36187.5	2943.75	2578.125	NaN	NaN	NaN	0	1	1	0	0	0	0	0	0	0	0	0	1	0	0	0	0	1	1	1	0	1	1	1	0	148.0	0.109	0.316	NaN	NaN	0.26	0.702	NaN	NaN	7.8	24.57	NaN	NaN	0.0	"2.5"	"F0034"	1	1	"PR"	324.224	"deionize"	199.949	1	1	0	842.894	0.0	946.7	null	1271.551	0.087
11.9	0.031625	36187.5	2971.875	2512.5	NaN	NaN	NaN	0	1	1	0	0	0	0	0	0	0	0	0	1	0	0	0	0	1	1	1	0	1	1	1	0	143.0	0.112	0.309	NaN	NaN	0.267	0.687	NaN	NaN	8.01	24.045	NaN	NaN	0.0	"2.5"	"F0034"	1	1	"PR"	334.265	"deionize"	209.99	1	1	0	842.894	0.0	946.7	null	1281.592	0.086
12.1	0.031075	35625.0	2943.75	2437.5	NaN	NaN	NaN	0	1	1	0	0	0	0	0	0	0	0	0	1	0	0	0	0	1	1	1	0	1	1	1	0	145.0	0.109	0.302	NaN	NaN	0.26	0.671	NaN	NaN	7.8	23.485	NaN	NaN	0.0	"2.5"	"F0034"	1	1	"PR"	344.301	"deionize"	220.026	1	1	0	842.894	0.0	946.7	null	1291.628	0.084
12.6	0.031075	35437.5	2971.875	2578.125	NaN	NaN	NaN	0	1	1	0	0	0	0	0	0	0	0	0	1	0	0	0	0	1	1	1	0	1	1	1	0	151.0	0.112	0.316	NaN	NaN	0.267	0.702	NaN	NaN	8.01	24.57	NaN	NaN	0.0	"2.5"	"F0034"	1	1	"PR"	354.339	"deionize"	230.064	1	1	0	842.894	0.0	946.7	null	1301.666	0.084
12.4	0.03025	36375.0	2981.25	2559.375	NaN	NaN	NaN	0	1	1	0	0	0	0	0	0	0	0	0	1	0	0	0	0	1	1	1	0	1	1	1	0	149.0	0.113	0.314	NaN	NaN	0.269	0.698	NaN	NaN	8.07	24.43	NaN	NaN	0.0	"2.5"	"F0034"	1	1	"PR"	364.177	"deionize"	239.902	1	1	0	842.894	0.0	946.7	null	1311.504	0.091
13.3	0.03025	36187.5	3000.0	2475.0	NaN	NaN	NaN	0	1	1	0	0	0	0	0	0	0	0	0	1	0	0	0	1	1	1	1	0	1	1	1	0	160.0	0.115	0.305	NaN	NaN	0.274	0.678	NaN	NaN	8.22	23.73	NaN	NaN	0.0	"2.5"	"F0034"	1	1	"PR"	374.322	"deionize-uv"	9.944	1	1	0	842.894	0.0	946.7	null	1321.649	0.086
15.5	0.03025	35437.5	2971.875	2531.25	NaN	NaN	NaN	0	1	1	0	0	0	0	0	0	0	0	0	1	0	0	0	1	1	1	1	0	1	1	1	0	186.0	0.112	0.311	NaN	NaN	0.267	0.691	NaN	NaN	8.01	24.185	NaN	NaN	0.0	"2.5"	"F0034"	1	1	"PR"	384.363	"deionize-uv"	19.985	1	1	0	842.894	0.0	946.7	null	1331.69	0.086
11.9	0.0297	36750.0	2981.25	2475.0	NaN	NaN	NaN	0	1	1	0	0	0	0	0	0	0	0	0	1	0	0	0	1	1	1	1	0	1	1	1	0	143.0	0.113	0.305	NaN	NaN	0.269	0.678	NaN	NaN	8.07	23.73	NaN	NaN	0.0	"2.5"	"F0034"	1	1	"PR"	394.197	"deionize-uv"	29.819	1	1	0	842.894	0.0	946.7	null	1341.524	0.088
10.5	0.02915	33187.5	2990.625	2503.125	NaN	NaN	NaN	0	1	1	0	0	0	0	0	0	0	0	0	1	0	0	0	1	1	1	1	0	1	1	1	0	126.0	0.114	0.308	NaN	NaN	0.271	0.684	NaN	NaN	8.13	23.94	NaN	NaN	0.0	"2.5"	"F0034"	1	1	"PR"	404.229	"deionize-uv"	39.851	1	1	0	842.894	0.0	946.7	null	1351.556	0.091
12.0	0.02805	35437.5	2981.25	2587.5	NaN	NaN	NaN	0	1	1	0	0	0	0	0	0	0	0	0	1	0	0	0	1	1	1	1	0	1	1	1	0	144.0	0.113	0.317	NaN	NaN	0.269	0.704	NaN	NaN	8.07	24.64	NaN	NaN	0.0	"2.5"	"F0034"	1	1	"PR"	414.266	"deionize-uv"	49.888	1	1	0	842.894	0.0	946.7	null	1361.593	0.091
11.6	0.028325	36375.0	2962.5	2587.5	NaN	NaN	NaN	0	1	1	0	0	0	0	0	0	0	0	0	1	0	0	0	1	1	1	1	0	1	1	1	0	139.0	0.111	0.317	NaN	NaN	0.264	0.704	NaN	NaN	7.92	24.64	NaN	NaN	0.0	"2.5"	"F0034"	1	1	"PR"	424.3	"deionize-uv"	59.922	1	1	0	842.894	0.0	946.7	null	1371.627	0.088
9.2	0.027775	35625.0	2962.5	2559.375	NaN	NaN	NaN	0	1	1	0	0	0	0	0	0	0	0	0	1	0	0	0	1	1	1	1	0	1	1	1	0	110.0	0.111	0.314	NaN	NaN	0.264	0.698	NaN	NaN	7.92	24.43	NaN	NaN	0.0	"2.5"	"F0034"	1	1	"PR"	434.333	"deionize-uv"	69.955	1	1	0	842.894	0.0	946.7	null	1381.66	0.087
11.6	0.027225	36562.5	2971.875	2512.5	NaN	NaN	NaN	0	1	1	0	0	0	0	0	0	0	0	0	1	0	0	0	1	1	1	1	0	1	1	1	0	139.0	0.112	0.309	NaN	NaN	0.267	0.687	NaN	NaN	8.01	24.045	NaN	NaN	0.0	"2.5"	"F0034"	1	1	"PR"	444.376	"deionize-uv"	79.998	1	1	0	842.894	0.0	946.7	null	1391.703	0.09
11.1	0.02695	34500.0	2981.25	2531.25	NaN	NaN	NaN	0	1	1	0	0	0	0	0	0	0	0	0	1	0	0	0	1	1	1	1	0	1	1	1	0	133.0	0.113	0.311	NaN	NaN	0.269	0.691	NaN	NaN	8.07	24.185	NaN	NaN	0.0	"2.5"	"F0034"	1	1	"PR"	454.409	"deionize-uv"	90.031	1	1	0	842.894	0.0	946.7	null	1401.736	0.09
11.4	0.02695	35250.0	2971.875	2512.5	NaN	NaN	NaN	0	1	1	0	0	0	0	0	0	0	0	0	1	0	0	0	1	1	1	1	0	1	1	1	0	137.0	0.112	0.309	NaN	NaN	0.267	0.687	NaN	NaN	8.01	24.045	NaN	NaN	0.0	"2.5"	"F0034"	1	1	"PR"	464.442	"deionize-uv"	100.064	1	1	0	842.894	0.0	946.7	null	1411.769	0.087
10.9	0.026675	36937.5	2971.875	2531.25	NaN	NaN	NaN	0	1	1	0	0	0	0	0	0	0	0	0	1	0	0	0	1	1	1	1	0	1	1	1	0	131.0	0.112	0.311	NaN	NaN	0.267	0.691	NaN	NaN	8.01	24.185	NaN	NaN	0.0	"2.5"	"F0034"	1	1	"PR"	474.278	"deionize-uv"	109.9	1	1	0	842.894	0.0	946.7	null	1421.605	0.087
10.8	0.026675	34687.5	2971.875	2540.625	NaN	NaN	NaN	0	1	1	0	0	0	0	0	0	0	0	0	1	0	0	0	1	1	1	1	0	1	1	1	0	130.0	0.112	0.312	NaN	NaN	0.267	0.693	NaN	NaN	8.01	24.255	NaN	NaN	0.0	"2.5"	"F0034"	1	1	"PR"	484.305	"deionize-uv"	119.927	1	1	0	842.894	0.0	946.7	null	1431.632	0.086
10.1	0.025575	39000.0	2981.25	2034.375	NaN	NaN	NaN	0	0	1	0	0	0	0	1	0	0	0	0	1	0	0	0	1	1	1	1	0	1	1	1	0	121.0	0.113	0.261	NaN	NaN	0.269	0.58	NaN	NaN	8.07	20.3	NaN	NaN	0.0	"2.5"	"F0034"	1	1	"PR"	494.476	"drain-di-1"	9.971	1	1	0	842.894	0.0	946.7	null	1441.803	0.088
10.2	0.02585	38437.5	2971.875	1753.125	NaN	NaN	NaN	0	0	1	0	0	0	0	1	0	0	0	0	1	0	0	0	1	1	1	1	0	1	1	1	0	122.0	0.112	0.233	NaN	NaN	0.267	0.518	NaN	NaN	8.01	18.13	NaN	NaN	0.0	"2.5"	"F0034"	1	1	"PR"	504.313	"drain-di-1"	19.808	1	1	0	842.894	0.0	946.7	null	1451.64	0.087
10.1	0.025025	36937.5	2981.25	1509.375	NaN	NaN	NaN	0	0	1	0	0	0	0	1	0	0	0	0	1	0	0	0	1	1	1	1	0	1	1	1	0	121.0	0.113	0.209	NaN	NaN	0.269	0.464	NaN	NaN	8.07	16.24	NaN	NaN	0.0	"2.5"	"F0034"	1	1	"PR"	514.352	"drain-di-1"	29.847	1	1	0	842.894	0.0	946.7	null	1461.679	0.089
11.2	0.0253	37687.5	2962.5	1265.625	NaN	NaN	NaN	0	0	1	0	0	0	0	1	0	0	0	0	1	0	0	0	1	1	1	1	0	1	1	1	0	134.0	0.111	0.185	NaN	NaN	0.264	0.411	NaN	NaN	7.92	14.385	NaN	NaN	0.0	"2.5"	"F0034"	1	1	"PR"	524.388	"drain-di-1"	39.883	1	1	0	842.894	0.0	946.7	null	1471.715	0.087
10.8	0.025025	37500.0	2971.875	1031.25	NaN	NaN	NaN	0	0	1	0	0	0	0	1	0	0	0	0	1	0	0	0	1	1	1	1	0	1	1	1	0	130.0	0.112	0.161	NaN	NaN	0.267	0.358	NaN	NaN	8.01	12.53	NaN	NaN	0.0	"2.5"	"F0034"	1	1	"PR"	534.426	"drain-di-1"	49.921	1	1	0	842.894	0.0	946.7	null	1481.753	0.087
10.1	0.024475	37500.0	2981.25	778.125	NaN	NaN	NaN	0	0	1	0	0	0	0	1	0	0	0	0	1	0	0	0	1	1	1	1	0	1	1	1	0	121.0	0.113	0.136	NaN	NaN	0.269	0.302	NaN	NaN	8.07	10.57	NaN	NaN	0.0	"2.5"	"F0034"	1	1	"PR"	544.465	"drain-di-1"	59.96	1	1	0	842.894	0.0	946.7	null	1491.792	0.097
9.1	0.02475	36562.5	2981.25	553.125	NaN	NaN	NaN	0	0	1	0	0	0	0	1	0	0	0	0	1	0	0	0	1	1	1	1	0	1	1	1	0	109.0	0.113	0.113	NaN	NaN	0.269	0.251	NaN	NaN	8.07	8.785	NaN	NaN	0.0	"2.5"	"F0034"	1	1	"PR"	554.508	"drain-di-1"	70.003	1	1	0	842.894	0.0	946.7	null	1501.835	0.09
9.7	0.024475	36000.0	2971.875	300.0	NaN	NaN	NaN	0	0	1	0	0	0	0	1	0	0	0	0	1	0	0	0	1	1	1	1	0	1	1	1	0	116.0	0.112	0.088	NaN	NaN	0.267	0.196	NaN	NaN	8.01	6.86	NaN	NaN	0.0	"2.5"	"F0034"	1	1	"PR"	564.549	"drain-di-1"	80.044	1	1	0	842.894	0.0	946.7	null	1511.876	0.091
10.4	0.024475	36937.5	2971.875	56.25	NaN	NaN	NaN	0	0	1	0	0	0	0	1	0	0	0	0	1	0	0	0	1	1	1	1	0	1	1	1	0	125.0	0.112	0.064	NaN	NaN	0.267	0.142	NaN	NaN	8.01	4.97	NaN	NaN	0.0	"2.5"	"F0034"	1	1	"PR"	574.188	"drip-di-1"	0.201	1	1	0	842.894	0.0	946.7	null	1521.515	0.096
9.7	0.024475	37687.5	2971.875	-196.875	NaN	NaN	NaN	0	0	1	0	0	0	0	1	0	0	0	0	1	0	0	0	1	1	1	1	0	1	1	1	0	116.0	0.112	0.038	NaN	NaN	0.267	0.084	NaN	NaN	8.01	2.94	NaN	NaN	0.0	"2.5"	"F0034"	1	1	"PR"	584.546	"drip-di-1"	10.559	1	1	0	842.894	0.0	946.7	null	1531.873	0.091
-12.0	0.025025	29812.5	2803.125	-18.75	NaN	NaN	NaN	1	0	0	0	0	1	1	0	0	0	0	0	1	1	0	0	0	1	1	0	1	1	1	0	1	-144.0	0.095	0.056	NaN	NaN	0.226	0.124	NaN	NaN	6.78	4.34	NaN	NaN	0.0	"2.5"	"F0034"	1	0	"PR"	594.549	"reverse-f"	5.386	1	1	0	842.894	0.0	946.7	null	1541.876	0.092
-12.3	0.02585	29250.0	2793.75	309.375	NaN	NaN	NaN	1	0	0	0	0	1	1	0	0	0	0	0	1	1	0	0	0	1	1	0	1	1	1	0	1	-148.0	0.094	0.089	NaN	NaN	0.224	0.198	NaN	NaN	6.72	6.93	NaN	NaN	0.0	"2.5"	"F0034"	1	0	"PR"	604.586	"reverse-f"	15.423	1	1	0	842.894	0.0	946.7	null	1551.913	0.094
-12.1	0.02915	30000.0	2821.875	600.0	NaN	NaN	NaN	1	0	0	0	0	1	1	0	0	0	0	0	1	1	0	0	0	1	1	0	1	1	1	0	1	-145.0	0.097	0.118	NaN	NaN	0.231	0.262	NaN	NaN	6.93	9.17	NaN	NaN	0.0	"2.5"	"F0034"	1	0	"PR"	614.622	"reverse-f"	25.459	1	1	0	842.894	0.0	946.7	null	1561.949	0.09
-12.0	0.0319	29812.5	2850.0	918.75	NaN	NaN	NaN	1	0	0	0	0	1	1	0	0	0	0	0	1	1	0	0	0	1	1	0	1	1	1	0	1	-144.0	0.1	0.15	NaN	NaN	0.238	0.333	NaN	NaN	7.14	11.655	NaN	NaN	0.0	"2.5"	"F0034"	1	0	"PR"	624.461	"reverse-f"	35.298	1	1	0	842.894	0.0	946.7	null	1571.788	0.088
-12.2	0.034375	30000.0	2812.5	1190.625	NaN	NaN	NaN	1	0	0	0	0	1	1	0	0	0	0	0	1	1	0	0	0	1	1	0	1	1	1	0	1	-146.0	0.096	0.177	NaN	NaN	0.229	0.393	NaN	NaN	6.87	13.755	NaN	NaN	0.0	"2.5"	"F0034"	1	0	"PR"	634.497	"reverse-f"	45.334	1	1	0	842.894	0.0	946.7	null	1581.824	0.084
-11.9	0.036575	29812.5	2840.625	1500.0	NaN	NaN	NaN	1	0	0	0	0	1	1	0	0	0	0	0	1	1	0	0	0	1	1	0	1	1	1	0	1	-143.0	0.099	0.208	NaN	NaN	0.236	0.462	NaN	NaN	7.08	16.17	NaN	NaN	0.0	"2.5"	"F0034"	1	0	"PR"	644.531	"reverse-f"	55.368	1	1	0	842.894	0.0	946.7	null	1591.858	0.084
-12.4	0.038225	30750.0	2803.125	1771.875	NaN	NaN	NaN	1	0	0	0	0	1	1	0	0	0	0	0	1	1	0	0	0	1	1	0	1	1	1	0	1	-149.0	0.095	0.235	NaN	NaN	0.226	0.522	NaN	NaN	6.78	18.27	NaN	NaN	0.0	"2.5"	"F0034"	1	0	"PR"	654.573	"reverse-f"	65.41	1	1	0	842.894	0.0	946.7	null	1601.9	0.088
-11.9	0.04125	29437.5	2850.0	2043.75	NaN	NaN	NaN	1	0	0	0	0	1	1	0	0	0	0	0	1	1	0	0	0	1	1	0	1	1	1	0	1	-143.0	0.1	0.262	NaN	NaN	0.238	0.582	NaN	NaN	7.14	20.37	NaN	NaN	0.0	"2.5"	"F0034"	1	0	"PR"	664.608	"reverse-f"	75.445	1	1	0	842.894	0.0	946.7	null	1611.935	0.086
-12.2	0.042625	29250.0	2812.5	2259.375	NaN	NaN	NaN	0	0	0	0	0	1	1	0	0	0	0	0	1	0	0	0	0	1	1	0	1	1	1	0	1	-146.0	0.096	0.284	NaN	NaN	0.229	0.631	NaN	NaN	6.87	22.085	NaN	NaN	0.0	"2.5"	"F0034"	1	0	"PR"	674.549	"reverse"	85.386	1	1	0	842.894	0.0	946.7	null	1621.876	0.088
-12.0	0.043725	29812.5	2831.25	2278.125	NaN	NaN	NaN	0	0	0	0	0	1	1	0	0	0	0	0	1	0	0	0	0	1	1	0	1	1	1	0	1	-144.0	0.098	0.286	NaN	NaN	0.233	0.636	NaN	NaN	6.99	22.26	NaN	NaN	0.0	"2.5"	"F0034"	1	0	"PR"	684.585	"reverse"	95.422	1	1	0	842.894	0.0	946.7	null	1631.912	0.084
-11.9	0.0451	30000.0	2821.875	2240.625	NaN	NaN	NaN	0	0	0	0	0	1	1	0	0	0	0	0	1	0	0	0	0	1	1	0	1	1	1	0	1	-143.0	0.097	0.282	NaN	NaN	0.231	0.627	NaN	NaN	6.93	21.945	NaN	NaN	0.0	"2.5"	"F0034"	1	0	"PR"	694.616	"reverse"	105.453	1	1	0	842.894	0.0	946.7	null	1641.943	0.084
-12.0	0.0462	30000.0	2831.25	2240.625	NaN	NaN	NaN	0	0	0	0	0	1	1	0	0	0	0	0	1	0	0	0	0	1	1	0	1	1	1	0	1	-144.0	0.098	0.282	NaN	NaN	0.233	0.627	NaN	NaN	6.99	21.945	NaN	NaN	0.0	"2.5"	"F0034"	1	0	"PR"	704.652	"reverse"	115.489	1	1	0	842.894	0.0	946.7	null	1651.979	0.085
-11.9	0.04675	29250.0	2840.625	2250.0	NaN	NaN	NaN	0	0	0	0	0	1	1	0	0	0	0	0	1	0	0	0	0	1	1	0	1	1	1	0	1	-143.0	0.099	0.283	NaN	NaN	0.236	0.629	NaN	NaN	7.08	22.015	NaN	NaN	0.0	"2.5"	"F0034"	1	0	"PR"	714.688	"reverse"	125.525	1	1	0	842.894	0.0	946.7	null	1662.015	0.086
-11.9	0.04785	29437.5	2831.25	2250.0	NaN	NaN	NaN	0	0	0	0	0	1	1	0	0	0	0	0	1	0	0	0	0	1	1	0	1	1	1	0	1	-143.0	0.098	0.283	NaN	NaN	0.233	0.629	NaN	NaN	6.99	22.015	NaN	NaN	0.0	"2.5"	"F0034"	1	0	"PR"	724.723	"reverse"	135.56	1	1	0	842.894	0.0	946.7	null	1672.05	0.086
-11.9	0.0484	29437.5	2803.125	2268.75	NaN	NaN	NaN	0	0	0	0	0	1	1	0	0	0	0	0	1	0	0	0	0	1	1	0	1	1	1	0	1	-143.0	0.095	0.285	NaN	NaN	0.226	0.633	NaN	NaN	6.78	22.155	NaN	NaN	0.0	"2.5"	"F0034"	1	0	"PR"	734.763	"reverse"	145.6	1	1	0	842.894	0.0	946.7	null	1682.09	0.089
-1.1	0.048675	1687.5	2990.625	2268.75	NaN	NaN	NaN	0	0	0	0	0	0	0	0	0	0	0	0	0	0	0	0	0	0	0	0	1	0	0	0	1	-13.0	0.114	0.285	NaN	NaN	0.271	0.633	NaN	NaN	8.13	22.155	NaN	NaN	0.0	"2.5"	"F0034"	0	0	"PR"	744.683	"diffuse"	5.505	1	1	1	842.894	0.0	946.7	null	1692.01	0.085
-1.2	0.048675	3375.0	2990.625	2296.875	NaN	NaN	NaN	0	0	0	0	0	0	0	0	0	0	0	0	0	0	0	0	0	0	0	0	1	0	0	0	1	-14.0	0.114	0.288	NaN	NaN	0.271	0.64	NaN	NaN	8.13	22.4	NaN	NaN	0.0	"2.5"	"F0034"	0	0	"PR"	754.714	"diffuse"	15.536	1	1	1	842.894	0.0	946.7	null	1702.041	0.086
-1.2	0.0495	2625.0	3000.0	2268.75	NaN	NaN	NaN	0	0	0	0	0	0	0	0	0	0	0	0	0	0	0	0	0	0	0	0	1	0	0	0	1	-14.0	0.115	0.285	NaN	NaN	0.274	0.633	NaN	NaN	8.22	22.155	NaN	NaN	0.0	"2.5"	"F0034"	0	0	"PR"	764.753	"diffuse"	25.575	1	1	1	842.894	0.0	946.7	null	1712.08	0.085
-11.4	0.04895	29625.0	2831.25	2240.625	NaN	NaN	NaN	0	0	0	0	0	1	1	0	0	0	0	0	1	0	0	0	0	1	1	0	1	1	1	0	1	-137.0	0.098	0.282	NaN	NaN	0.233	0.627	NaN	NaN	6.99	21.945	NaN	NaN	0.0	"2.5"	"F0034"	1	0	"PR"	774.679	"wash-en"	5.308	1	1	1	842.894	0.0	946.7	null	1722.006	0.084
-13.4	0.049775	28500.0	2821.875	2259.375	NaN	NaN	NaN	0	0	0	0	0	1	1	0	0	0	0	0	1	0	0	0	0	1	1	0	1	1	1	0	1	-161.0	0.097	0.284	NaN	NaN	0.231	0.631	NaN	NaN	6.93	22.085	NaN	NaN	0.0	"2.5"	"F0034"	1	0	"PR"	784.709	"wash-en"	15.338	1	1	1	842.894	0.0	946.7	null	1732.036	0.084
0.5	0.050875	30375.0	2821.875	2259.375	NaN	NaN	NaN	0	0	0	0	0	1	1	0	0	0	0	0	1	0	0	0	0	0	0	0	1	0	0	0	1	6.0	0.097	0.284	NaN	NaN	0.231	0.631	NaN	NaN	6.93	22.085	NaN	NaN	0.0	"2.5"	"F0034"	0	0	"PR"	794.835	"wash-sc"	5.312	1	1	1	842.894	0.0	946.7	null	1742.162	0.093
-0.6	0.0506	3000.0	2990.625	2278.125	NaN	NaN	NaN	0	0	0	0	0	0	0	0	0	0	0	0	0	0	0	0	0	0	0	0	1	0	0	0	1	-7.0	0.114	0.286	NaN	NaN	0.271	0.636	NaN	NaN	8.13	22.26	NaN	NaN	0.0	"2.5"	"F0034"	0	0	"PR"	804.676	"diffuse"	5.019	1	1	2	842.894	0.0	946.7	null	1752.003	0.084
-1.9	0.051425	937.5	3000.0	2268.75	NaN	NaN	NaN	0	0	0	0	0	0	0	0	0	0	0	0	0	0	0	0	0	0	0	0	1	0	0	0	1	-23.0	0.115	0.285	NaN	NaN	0.274	0.633	NaN	NaN	8.22	22.155	NaN	NaN	0.0	"2.5"	"F0034"	0	0	"PR"	814.708	"diffuse"	15.051	1	1	2	842.894	0.0	946.7	null	1762.035	0.084
-0.9	0.051425	1125.0	2981.25	2268.75	NaN	NaN	NaN	0	0	0	0	0	0	0	0	0	0	0	0	0	0	0	0	0	0	0	0	1	0	0	0	1	-11.0	0.113	0.285	NaN	NaN	0.269	0.633	NaN	NaN	8.07	22.155	NaN	NaN	0.0	"2.5"	"F0034"	0	0	"PR"	824.747	"diffuse"	25.09	1	1	2	842.894	0.0	946.7	null	1772.074	0.088
-12.1	0.049775	30375.0	2821.875	2278.125	NaN	NaN	NaN	0	0	0	0	0	1	1	0	0	0	0	0	1	0	0	0	0	1	1	0	1	1	1	0	1	-145.0	0.097	0.286	NaN	NaN	0.231	0.636	NaN	NaN	6.93	22.26	NaN	NaN	0.0	"2.5"	"F0034"	1	0	"PR"	834.878	"wash-en"	5.11	1	1	2	842.894	0.0	946.7	null	1782.205	0.087
-10.9	0.05115	29625.0	2831.25	2268.75	NaN	NaN	NaN	0	0	0	0	0	1	1	0	0	0	0	0	1	0	0	0	0	1	1	0	1	1	1	0	1	-131.0	0.098	0.285	NaN	NaN	0.233	0.633	NaN	NaN	6.99	22.155	NaN	NaN	0.0	"2.5"	"F0034"	1	0	"PR"	844.709	"wash-en"	14.941	1	1	2	842.894	0.0	946.7	null	1792.036	0.09
-0.6	0.05115	30375.0	2840.625	2250.0	NaN	NaN	NaN	0	0	0	0	0	1	1	0	0	0	0	0	1	0	0	0	0	0	0	0	1	0	0	0	1	-7.0	0.099	0.283	NaN	NaN	0.236	0.629	NaN	NaN	7.08	22.015	NaN	NaN	0.0	"2.5"	"F0034"	0	0	"PR"	854.832	"wash-sc"	4.902	1	1	2	842.894	0.0	946.7	null	1802.159	0.085
-0.8	0.0517	1125.0	2990.625	2278.125	NaN	NaN	NaN	0	0	0	0	0	0	0	0	0	0	0	0	0	0	0	0	0	0	0	0	1	0	0	0	1	-10.0	0.114	0.286	NaN	NaN	0.271	0.636	NaN	NaN	8.13	22.26	NaN	NaN	0.0	"2.5"	"F0034"	0	0	"PR"	864.871	"diffuse"	4.814	1	1	3	842.894	0.0	946.7	null	1812.198	0.085
-0.8	0.05115	1312.5	3000.0	2278.125	NaN	NaN	NaN	0	0	0	0	0	0	0	0	0	0	0	0	0	0	0	0	0	0	0	0	1	0	0	0	1	-10.0	0.115	0.286	NaN	NaN	0.274	0.636	NaN	NaN	8.22	22.26	NaN	NaN	0.0	"2.5"	"F0034"	0	0	"PR"	874.903	"diffuse"	14.846	1	1	3	842.894	0.0	946.7	null	1822.23	0.084
-0.4	0.05115	2250.0	2990.625	2268.75	NaN	NaN	NaN	0	0	0	0	0	0	0	0	0	0	0	0	0	0	0	0	0	0	0	0	1	0	0	0	1	-5.0	0.114	0.285	NaN	NaN	0.271	0.633	NaN	NaN	8.13	22.155	NaN	NaN	0.0	"2.5"	"F0034"	0	0	"PR"	884.942	"diffuse"	24.885	1	1	3	842.894	0.0	946.7	null	1832.269	0.084
-12.4	0.050875	30375.0	2831.25	2268.75	NaN	NaN	NaN	0	0	0	0	0	1	1	0	0	0	0	0	1	0	0	0	0	1	1	0	1	1	1	0	1	-149.0	0.098	0.285	NaN	NaN	0.233	0.633	NaN	NaN	6.99	22.155	NaN	NaN	0.0	"2.5"	"F0034"	1	0	"PR"	894.874	"wash-en"	4.709	1	1	3	842.894	0.0	946.7	null	1842.201	0.085
-11.4	0.050875	29812.5	2859.375	2240.625	NaN	NaN	NaN	0	0	0	0	0	1	1	0	0	0	0	0	1	0	0	0	0	1	1	0	1	1	1	0	1	-137.0	0.101	0.282	NaN	NaN	0.24	0.627	NaN	NaN	7.2	21.945	NaN	NaN	0.0	"2.5"	"F0034"	1	0	"PR"	904.91	"wash-en"	14.745	1	1	3	842.894	0.0	946.7	null	1852.237	0.084
0.3	0.05115	29812.5	2821.875	2268.75	NaN	NaN	NaN	0	0	0	0	0	1	1	0	0	0	0	0	1	0	0	0	0	0	0	0	1	0	0	0	1	4.0	0.097	0.285	NaN	NaN	0.231	0.633	NaN	NaN	6.93	22.155	NaN	NaN	0.0	"2.5"	"F0034"	0	0	"PR"	914.842	"wash-sc"	4.511	1	1	3	842.894	0.0	946.7	null	1862.169	0.092
0.1	0.05115	1875.0	3000.0	2278.125	NaN	NaN	NaN	0	0	0	0	0	0	0	0	0	0	0	0	0	0	0	0	0	0	0	0	1	0	0	0	1	1.0	0.115	0.286	NaN	NaN	0.274	0.636	NaN	NaN	8.22	22.26	NaN	NaN	0.0	"2.5"	"F0034"	0	0	"PR"	924.881	"diffuse"	4.415	1	1	4	842.894	0.0	946.7	null	1872.208	0.09
-1.0	0.0517	3562.5	2990.625	2268.75	NaN	NaN	NaN	0	0	0	0	0	0	0	0	0	0	0	0	0	0	0	0	0	0	0	0	1	0	0	0	1	-12.0	0.114	0.285	NaN	NaN	0.271	0.633	NaN	NaN	8.13	22.155	NaN	NaN	0.0	"2.5"	"F0034"	0	0	"PR"	934.917	"diffuse"	14.451	1	1	4	842.894	0.0	946.7	null	1882.244	0.084
-0.1	0.0517	3187.5	2990.625	2278.125	NaN	NaN	NaN	0	0	0	0	0	0	0	0	0	0	0	0	0	0	0	0	0	0	0	0	1	0	0	0	1	-1.0	0.114	0.286	NaN	NaN	0.271	0.636	NaN	NaN	8.13	22.26	NaN	NaN	0.0	"2.5"	"F0034"	0	0	"PR"	944.956	"diffuse"	24.49	1	1	4	842.894	0.0	946.7	null	1892.283	0.087
-12.4	0.050875	30375.0	2803.125	2259.375	NaN	NaN	NaN	0	0	0	0	0	1	1	0	0	0	0	0	1	0	0	0	0	1	1	0	1	1	1	0	1	-149.0	0.095	0.284	NaN	NaN	0.226	0.631	NaN	NaN	6.78	22.085	NaN	NaN	0.0	"2.5"	"F0034"	1	0	"PR"	954.877	"wash-en"	4.301	1	1	4	842.894	0.0	946.7	null	1902.204	0.091
-12.4	0.0506	29250.0	2821.875	2259.375	NaN	NaN	NaN	0	0	0	0	0	1	1	0	0	0	0	0	1	0	0	0	0	1	1	0	1	1	1	0	1	-149.0	0.097	0.284	NaN	NaN	0.231	0.631	NaN	NaN	6.93	22.085	NaN	NaN	0.0	"2.5"	"F0034"	1	0	"PR"	964.908	"wash-en"	14.332	1	1	4	842.894	0.0	946.7	null	1912.235	0.089
2.0	0.050875	30000.0	2859.375	2268.75	NaN	NaN	NaN	0	0	0	0	0	1	1	0	0	0	0	0	1	0	0	0	0	0	0	0	1	0	0	0	1	24.0	0.101	0.285	NaN	NaN	0.24	0.633	NaN	NaN	7.2	22.155	NaN	NaN	0.0	"2.5"	"F0034"	0	0	"PR"	975.038	"wash-sc"	4.306	1	1	4	842.894	0.0	946.7	null	1922.365	0.084
0.7	0.051425	750.0	2643.75	2278.125	NaN	NaN	NaN	0	0	0	0	1	0	0	0	0	0	0	0	0	0	0	0	0	0	0	0	1	0	0	0	1	8.0	0.079	0.286	NaN	NaN	0.188	0.636	NaN	NaN	5.64	22.26	NaN	NaN	0.0	"2.5"	"F0034"	0	0	"PR"	984.876	"drain-rg"	4.013	1	1	4	842.894	0.0	946.7	null	1932.203	0.091
-0.1	0.05115	-375.0	2315.625	2278.125	NaN	NaN	NaN	0	0	0	0	1	0	0	0	0	0	0	0	0	0	0	0	0	0	0	0	1	0	0	0	1	-1.0	0.047	0.286	NaN	NaN	0.112	0.636	NaN	NaN	3.36	22.26	NaN	NaN	0.0	"2.5"	"F0034"	0	0	"PR"	994.908	"drain-rg"	14.045	1	1	4	842.894	0.0	946.7	null	1942.235	0.09
0.8	0.05115	0.0	1959.375	2278.125	NaN	NaN	NaN	0	0	0	0	1	0	0	0	0	0	0	0	0	0	0	0	0	0	0	0	1	0	0	0	1	10.0	0.011	0.286	NaN	NaN	0.026	0.636	NaN	NaN	0.78	22.26	NaN	NaN	0.0	"2.5"	"F0034"	0	0	"PR"	1004.938	"drain-rg"	24.075	1	1	4	842.894	0.0	946.7	null	1952.265	0.087
0.1	0.050875	187.5	1462.5	2287.5	NaN	NaN	NaN	0	0	0	0	1	0	0	0	0	0	0	0	0	0	0	0	0	0	0	0	1	0	0	0	1	1.0	-0.039	0.287	NaN	NaN	-0.093	0.638	NaN	NaN	-2.79	22.33	NaN	NaN	0.0	"2.5"	"F0034"	0	0	"PR"	1014.979	"drip-rg"	7.432	1	1	4	842.894	0.0	946.7	null	1962.306	0.09
0.1	0.0506	23062.5	412.5	2250.0	NaN	NaN	NaN	0	0	1	0	0	1	0	0	0	0	0	0	1	0	0	0	0	0	0	0	1	0	0	0	1	1.0	-0.144	0.283	NaN	NaN	-0.343	0.629	NaN	NaN	-10.29	22.015	NaN	NaN	0.0	"2.5"	"F0034"	0	0	"FR"	1.629	"fill-rg-di"	1.428	2	1	0	1970.128	0.0	946.7	null	1972.381	0.093
-0.7	0.0506	30187.5	2006.25	1996.875	NaN	NaN	NaN	0	0	1	0	0	1	0	0	0	0	0	0	1	0	0	0	0	0	0	0	1	0	0	0	1	-8.0	0.016	0.258	NaN	NaN	0.038	0.573	NaN	NaN	1.14	20.055	NaN	NaN	0.0	"2.5"	"F0034"	0	0	"FR"	11.668	"fill-rg-di"	11.467	2	1	0	1970.128	0.0	946.7	null	1982.42	0.092
-0.1	0.049225	30000.0	2334.375	1753.125	NaN	NaN	NaN	0	0	1	0	0	1	0	0	0	0	0	0	1	0	0	0	0	0	0	0	1	0	0	0	1	-1.0	0.048	0.233	NaN	NaN	0.114	0.518	NaN	NaN	3.42	18.13	NaN	NaN	0.0	"2.5"	"F0034"	0	0	"FR"	21.7	"fill-rg-di"	21.499	2	1	0	1970.128	0.0	946.7	null	1992.452	0.084
-0.2	0.047575	30000.0	2625.0	1500.0	NaN	NaN	NaN	0	0	1	0	0	1	0	0	0	0	0	0	1	0	0	0	0	0	0	0	1	0	0	0	1	-2.0	0.078	0.208	NaN	NaN	0.186	0.462	NaN	NaN	5.58	16.17	NaN	NaN	0.0	"2.5"	"F0034"	0	0	"FR"	31.537	"fill-rg-di"	31.336	2	1	0	1970.128	0.0	946.7	null	2002.289	0.093
0.5	0.0473	30000.0	2934.375	1256.25	NaN	NaN	NaN	0	0	1	0	0	1	0	0	0	0	0	0	1	0	0	0	0	0	0	0	1	0	0	0	1	6.0	0.108	0.184	NaN	NaN	0.257	0.409	NaN	NaN	7.71	14.315	NaN	NaN	0.0	"2.5"	"F0034"	0	0	"FR"	41.574	"fill-rg-di"	41.373	2	1	0	1970.128	0.0	946.7	null	2012.326	0.102
0.1	0.0462	30750.0	3234.375	993.75	NaN	NaN	NaN	0	0	1	0	0	1	0	0	0	0	0	0	1	0	0	0	0	0	0	0	1	0	0	0	1	1.0	0.138	0.157	NaN	NaN	0.329	0.349	NaN	NaN	9.87	12.215	NaN	NaN	0.0	"2.5"	"F0034"	0	0	"FR"	51.61	"fill-rg-di"	51.409	2	1	0	1970.128	0.0	946.7	null	2022.362	0.09
0.3	0.04565	1500.0	2709.375	956.25	NaN	NaN	NaN	0	0	0	0	1	0	0	0	0	0	0	0	0	0	0	0	0	0	0	0	1	0	0	0	1	4.0	0.086	0.154	NaN	NaN	0.205	0.342	NaN	NaN	6.15	11.97	NaN	NaN	0.0	"2.5"	"F0034"	0	0	"FR"	61.648	"drain-rg"	9.034	2	1	0	1970.128	0.0	946.7	null	2032.4	0.09
-0.1	0.04565	-187.5	2381.25	975.0	NaN	NaN	NaN	0	0	0	0	1	0	0	0	0	0	0	0	0	0	0	0	0	0	0	0	1	0	0	0	1	-1.0	0.053	0.155	NaN	NaN	0.126	0.344	NaN	NaN	3.78	12.04	NaN	NaN	0.0	"2.5"	"F0034"	0	0	"FR"	71.682	"drain-rg"	19.068	2	1	0	1970.128	0.0	946.7	null	2042.434	0.097
0.2	0.0451	0.0	2043.75	956.25	NaN	NaN	NaN	0	0	0	0	1	0	0	0	0	0	0	0	0	0	0	0	0	0	0	0	1	0	0	0	1	2.0	0.019	0.154	NaN	NaN	0.045	0.342	NaN	NaN	1.35	11.97	NaN	NaN	0.0	"2.5"	"F0034"	0	0	"FR"	81.719	"drain-rg"	29.105	2	1	0	1970.128	0.0	946.7	null	2052.471	0.091
-0.1	0.0462	-375.0	1612.5	975.0	NaN	NaN	NaN	0	0	0	0	1	0	0	0	0	0	0	0	0	0	0	0	0	0	0	0	1	0	0	0	1	-1.0	-0.024	0.155	NaN	NaN	-0.057	0.344	NaN	NaN	-1.71	12.04	NaN	NaN	0.0	"2.5"	"F0034"	0	0	"FR"	91.758	"drip-rg"	5.217	2	1	0	1970.128	0.0	946.7	null	2062.51	0.091
-0.1	0.045925	-375.0	9.375	984.375	NaN	NaN	NaN	0	0	0	0	0	0	0	0	0	0	0	0	0	0	0	0	0	0	0	0	1	0	0	0	1	-1.0	-0.184	0.156	NaN	NaN	-0.438	0.347	NaN	NaN	-13.14	12.145	NaN	NaN	0.0	"2.5"	"F0034"	0	0	"FR"	101.793	"end"	0.2	2	2	0	1970.128	0.0	946.7	null	2072.545	0.106
-0.8	0.045375	30000.0	1884.375	759.375	NaN	NaN	NaN	0	0	1	0	0	1	0	0	0	0	0	0	1	0	0	0	0	0	0	0	1	0	0	0	1	-10.0	0.003	0.134	NaN	NaN	0.007	0.298	NaN	NaN	0.21	10.43	NaN	NaN	0.0	"2.5"	"F0034"	0	0	"PR"	9.256	"fill-rg-di"	9.056	2	0	0	1970.128	0.0	2072.545	null	2082.427	0.091
-0.1	0.0451	30000.0	2268.75	496.875	NaN	NaN	NaN	0	0	1	0	0	1	0	0	0	0	0	0	1	0	0	0	0	0	0	0	1	0	0	0	1	-1.0	0.042	0.108	NaN	NaN	0.1	0.24	NaN	NaN	3.0	8.4	NaN	NaN	0.0	"2.5"	"F0034"	0	0	"PR"	19.294	"fill-rg-di"	19.094	2	0	0	1970.128	0.0	2072.545	null	2092.465	0.091
-1.0	0.04455	30187.5	2568.75	253.125	NaN	NaN	NaN	0	0	1	0	0	1	0	0	0	0	0	0	1	0	0	0	0	0	0	0	1	0	0	0	1	-12.0	0.072	0.083	NaN	NaN	0.171	0.184	NaN	NaN	5.13	6.44	NaN	NaN	0.0	"2.5"	"F0034"	0	0	"PR"	29.333	"fill-rg-di"	29.133	2	0	0	1970.128	0.0	2072.545	null	2102.504	0.092
0.6	0.043725	2812.5	2784.375	178.125	NaN	NaN	NaN	1	0	0	0	0	0	0	0	0	0	0	0	0	1	0	0	0	0	0	0	1	0	0	0	1	7.0	0.093	0.076	NaN	NaN	0.221	0.169	NaN	NaN	6.63	5.915	NaN	NaN	0.0	"2.5"	"F0034"	0	0	"PR"	39.367	"fill-di-lb"	3.009	2	0	0	1970.128	0.0	2072.545	null	2112.538	0.087
-0.1	0.044	1687.5	2784.375	450.0	NaN	NaN	NaN	1	0	0	0	0	0	0	0	0	0	0	0	0	1	0	0	0	0	0	0	1	0	0	0	1	-1.0	0.093	0.103	NaN	NaN	0.221	0.229	NaN	NaN	6.63	8.015	NaN	NaN	0.0	"2.5"	"F0034"	0	0	"PR"	49.403	"fill-di-lb"	13.045	2	0	0	1970.128	0.0	2072.545	null	2122.574	0.093
-0.2	0.044	2812.5	2775.0	750.0	NaN	NaN	NaN	1	0	0	0	0	0	0	0	0	0	0	0	0	1	0	0	0	0	0	0	1	0	0	0	1	-2.0	0.093	0.133	NaN	NaN	0.221	0.296	NaN	NaN	6.63	10.36	NaN	NaN	0.0	"2.5"	"F0034"	0	0	"PR"	59.441	"fill-di-lb"	23.083	2	0	0	1970.128	0.0	2072.545	null	2132.612	0.09
-0.1	0.044	4500.0	2775.0	1031.25	NaN	NaN	NaN	1	0	0	0	0	0	0	0	0	0	0	0	0	1	0	0	0	0	0	0	1	0	0	0	1	-1.0	0.093	0.161	NaN	NaN	0.221	0.358	NaN	NaN	6.63	12.53	NaN	NaN	0.0	"2.5"	"F0034"	0	0	"PR"	69.273	"fill-di-lb"	32.915	2	0	0	1970.128	0.0	2072.545	null	2142.444	0.086
-1.5	0.044275	3937.5	2765.625	1331.25	NaN	NaN	NaN	1	0	0	0	0	0	0	0	0	0	0	0	0	1	0	0	0	0	0	0	1	0	0	0	1	-18.0	0.092	0.191	NaN	NaN	0.219	0.424	NaN	NaN	6.57	14.84	NaN	NaN	0.0	"2.5"	"F0034"	0	0	"PR"	79.311	"fill-di-lb"	42.953	2	0	0	1970.128	0.0	2072.545	null	2152.482	0.088
0.0	0.044	2812.5	2765.625	1603.125	NaN	NaN	NaN	1	0	0	0	0	0	0	0	0	0	0	0	0	1	0	0	0	0	0	0	1	0	0	0	1	0.0	0.092	0.218	NaN	NaN	0.219	0.484	NaN	NaN	6.57	16.94	NaN	NaN	0.0	"2.5"	"F0034"	0	0	"PR"	89.347	"fill-di-lb"	52.989	2	0	0	1970.128	0.0	2072.545	null	2162.518	0.086
-0.1	0.04345	1687.5	2756.25	1912.5	NaN	NaN	NaN	1	0	0	0	0	0	0	0	0	0	0	0	0	1	0	0	0	0	0	0	1	0	0	0	1	-1.0	0.091	0.249	NaN	NaN	0.217	0.553	NaN	NaN	6.51	19.355	NaN	NaN	0.0	"2.5"	"F0034"	0	0	"PR"	99.384	"fill-di-lb"	63.026	2	0	0	1970.128	0.0	2072.545	null	2172.555	0.086
0.0	0.043725	2250.0	2756.25	2193.75	NaN	NaN	NaN	1	0	0	0	0	0	0	0	0	0	0	0	0	1	0	0	0	0	0	0	1	0	0	0	1	0.0	0.091	0.277	NaN	NaN	0.217	0.616	NaN	NaN	6.51	21.56	NaN	NaN	0.0	"2.5"	"F0034"	0	0	"PR"	109.424	"fill-di-lb"	73.066	2	0	0	1970.128	0.0	2072.545	null	2182.595	0.085
-0.9	0.044	4687.5	2981.25	2146.875	NaN	NaN	NaN	1	0	0	0	0	0	0	0	0	0	0	0	0	1	0	0	0	0	0	0	1	0	0	0	1	-11.0	0.113	0.273	NaN	NaN	0.269	0.607	NaN	NaN	8.07	21.245	NaN	NaN	0.0	"2.5"	"F0034"	0	0	"PR"	119.458	"fill-di"	1.605	2	0	0	1970.128	0.0	2072.545	null	2192.629	0.087
-12.0	0.044	34875.0	2981.25	2606.25	NaN	NaN	NaN	0	1	1	0	0	0	0	0	0	0	0	0	1	0	0	0	0	1	1	0	1	1	1	0	1	-144.0	0.113	0.319	NaN	NaN	0.269	0.709	NaN	NaN	8.07	24.815	NaN	NaN	0.0	"2.5"	"F0034"	1	0	"PR"	129.499	"deionize"	5.829	2	1	0	1970.128	0.0	2072.545	null	2202.67	0.088
-11.0	0.042625	37125.0	2962.5	2493.75	NaN	NaN	NaN	0	1	1	0	0	0	0	0	0	0	0	0	1	0	0	0	0	1	1	0	1	1	1	0	1	-132.0	0.111	0.307	NaN	NaN	0.264	0.682	NaN	NaN	7.92	23.87	NaN	NaN	0.0	"2.5"	"F0034"	1	0	"PR"	139.335	"deionize"	15.665	2	1	0	1970.128	0.0	2072.545	null	2212.506	0.085
-12.0	0.0429	35812.5	2971.875	2550.0	NaN	NaN	NaN	0	1	1	0	0	0	0	0	0	0	0	0	1	0	0	0	0	1	1	0	1	1	1	0	1	-144.0	0.112	0.313	NaN	NaN	0.267	0.696	NaN	NaN	8.01	24.36	NaN	NaN	0.0	"2.5"	"F0034"	1	0	"PR"	149.37	"deionize"	25.7	2	1	0	1970.128	0.0	2072.545	null	2222.541	0.084
-12.7	0.0418	35250.0	2934.375	2587.5	NaN	NaN	NaN	0	1	1	0	0	0	0	0	0	0	0	0	1	0	0	0	0	1	1	0	1	1	1	0	1	-152.0	0.108	0.317	NaN	NaN	0.257	0.704	NaN	NaN	7.71	24.64	NaN	NaN	0.0	"2.5"	"F0034"	1	0	"PR"	159.409	"deionize"	35.739	2	1	0	1970.128	0.0	2072.545	null	2232.58	0.086
-11.9	0.0418	33937.5	2971.875	2578.125	NaN	NaN	NaN	0	1	1	0	0	0	0	0	0	0	0	0	1	0	0	0	0	1	1	0	1	1	1	0	1	-143.0	0.112	0.316	NaN	NaN	0.267	0.702	NaN	NaN	8.01	24.57	NaN	NaN	0.0	"2.5"	"F0034"	1	0	"PR"	169.446	"deionize"	45.776	2	1	0	1970.128	0.0	2072.545	null	2242.617	0.084
-11.0	0.0407	34687.5	2971.875	2484.375	NaN	NaN	NaN	0	1	1	0	0	0	0	0	0	0	0	0	1	0	0	0	0	1	1	0	1	1	1	0	1	-132.0	0.112	0.306	NaN	NaN	0.267	0.68	NaN	NaN	8.01	23.8	NaN	NaN	0.0	"2.5"	"F0034"	1	0	"PR"	179.484	"deionize"	55.814	2	1	0	1970.128	0.0	2072.545	null	2252.655	0.087
-11.2	0.040425	34687.5	2981.25	2540.625	NaN	NaN	NaN	0	1	1	0	0	0	0	0	0	0	0	0	1	0	0	0	0	1	1	0	1	1	1	0	1	-134.0	0.113	0.312	NaN	NaN	0.269	0.693	NaN	NaN	8.07	24.255	NaN	NaN	0.0	"2.5"	"F0034"	1	0	"PR"	189.522	"deionize"	65.852	2	1	0	1970.128	0.0	2072.545	null	2262.693	0.089
-11.4	0.040425	35812.5	2962.5	2521.875	NaN	NaN	NaN	0	1	1	0	0	0	0	0	0	0	0	0	1	0	0	0	0	1	1	0	1	1	1	0	1	-137.0	0.111	0.31	NaN	NaN	0.264	0.689	NaN	NaN	7.92	24.115	NaN	NaN	0.0	"2.5"	"F0034"	1	0	"PR"	199.556	"deionize"	75.886	2	1	0	1970.128	0.0	2072.545	null	2272.727	0.087
-12.1	0.039325	35437.5	2981.25	2550.0	NaN	NaN	NaN	0	1	1	0	0	0	0	0	0	0	0	0	1	0	0	0	0	1	1	0	1	1	1	0	1	-145.0	0.113	0.313	NaN	NaN	0.269	0.696	NaN	NaN	8.07	24.36	NaN	NaN	0.0	"2.5"	"F0034"	1	0	"PR"	209.589	"deionize"	85.919	2	1	0	1970.128	0.0	2072.545	null	2282.76	0.087
-11.9	0.038775	36187.5	2953.125	2512.5	NaN	NaN	NaN	0	1	1	0	0	0	0	0	0	0	0	0	1	0	0	0	0	1	1	0	1	1	1	0	1	-143.0	0.11	0.309	NaN	NaN	0.262	0.687	NaN	NaN	7.86	24.045	NaN	NaN	0.0	"2.5"	"F0034"	1	0	"PR"	219.432	"deionize"	95.762	2	1	0	1970.128	0.0	2072.545	null	2292.603	0.087
-11.8	0.0385	34500.0	2981.25	2390.625	NaN	NaN	NaN	0	1	1	0	0	0	0	0	0	0	0	0	1	0	0	0	0	1	1	0	1	1	1	0	1	-142.0	0.113	0.297	NaN	NaN	0.269	0.66	NaN	NaN	8.07	23.1	NaN	NaN	0.0	"2.5"	"F0034"	1	0	"PR"	229.467	"deionize"	105.797	2	1	0	1970.128	0.0	2072.545	null	2302.638	0.084
-12.0	0.037675	34125.0	2953.125	2362.5	NaN	NaN	NaN	0	1	1	0	0	0	0	0	0	0	0	0	1	0	0	0	0	1	1	0	1	1	1	0	1	-144.0	0.11	0.294	NaN	NaN	0.262	0.653	NaN	NaN	7.86	22.855	NaN	NaN	0.0	"2.5"	"F0034"	1	0	"PR"	239.507	"deionize"	115.837	2	1	0	1970.128	0.0	2072.545	null	2312.678	0.086
-11.1	0.037125	35062.5	3000.0	2465.625	NaN	NaN	NaN	0	1	1	0	0	0	0	0	0	0	0	0	1	0	0	0	0	1	1	0	1	1	1	0	1	-133.0	0.115	0.305	NaN	NaN	0.274	0.678	NaN	NaN	8.22	23.73	NaN	NaN	0.0	"2.5"	"F0034"	1	0	"PR"	249.544	"deionize"	125.874	2	1	0	1970.128	0.0	2072.545	null	2322.715	0.087
-11.3	0.03685	33562.5	2953.125	2512.5	NaN	NaN	NaN	0	1	1	0	0	0	0	0	0	0	0	0	1	0	0	0	0	1	1	0	1	1	1	0	1	-136.0	0.11	0.309	NaN	NaN	0.262	0.687	NaN	NaN	7.86	24.045	NaN	NaN	0.0	"2.5"	"F0034"	1	0	"PR"	259.586	"deionize"	135.916	2	1	0	1970.128	0.0	2072.545	null	2332.757	0.085
-11.7	0.03685	32437.5	2971.875	2428.125	NaN	NaN	NaN	0	1	1	0	0	0	0	0	0	0	0	0	1	0	0	0	0	1	1	0	1	1	1	0	1	-140.0	0.112	0.301	NaN	NaN	0.267	0.669	NaN	NaN	8.01	23.415	NaN	NaN	0.0	"2.5"	"F0034"	1	0	"PR"	269.627	"deionize"	145.957	2	1	0	1970.128	0.0	2072.545	null	2342.798	0.088
-12.2	0.0363	33937.5	2971.875	2371.875	NaN	NaN	NaN	0	1	1	0	0	0	0	0	0	0	0	0	1	0	0	0	0	1	1	0	1	1	1	0	1	-146.0	0.112	0.295	NaN	NaN	0.267	0.656	NaN	NaN	8.01	22.96	NaN	NaN	0.0	"2.5"	"F0034"	1	0	"PR"	279.663	"deionize"	155.993	2	1	0	1970.128	0.0	2072.545	null	2352.834	0.084
-11.3	0.036025	34312.5	2962.5	2400.0	NaN	NaN	NaN	0	1	1	0	0	0	0	0	0	0	0	0	1	0	0	0	0	1	1	0	1	1	1	0	1	-136.0	0.111	0.298	NaN	NaN	0.264	0.662	NaN	NaN	7.92	23.17	NaN	NaN	0.0	"2.5"	"F0034"	1	0	"PR"	289.505	"deionize"	165.835	2	1	0	1970.128	0.0	2072.545	null	2362.676	0.085
-13.0	0.035475	34125.0	2990.625	2371.875	NaN	NaN	NaN	0	1	1	0	0	0	0	0	0	0	0	0	1	0	0	0	0	1	1	0	1	1	1	0	1	-156.0	0.114	0.295	NaN	NaN	0.271	0.656	NaN	NaN	8.13	22.96	NaN	NaN	0.0	"2.5"	"F0034"	1	0	"PR"	299.543	"deionize"	175.873	2	1	0	1970.128	0.0	2072.545	null	2372.714	0.084
-11.7	0.034925	34312.5	2971.875	2437.5	NaN	NaN	NaN	0	1	1	0	0	0	0	0	0	0	0	0	1	0	0	0	0	1	1	0	1	1	1	0	1	-140.0	0.112	0.302	NaN	NaN	0.267	0.671	NaN	NaN	8.01	23.485	NaN	NaN	0.0	"2.5"	"F0034"	1	0	"PR"	309.582	"deionize"	185.912	2	1	0	1970.128	0.0	2072.545	null	2382.753	0.094
-11.9	0.03465	34312.5	2962.5	2400.0	NaN	NaN	NaN	0	1	1	0	0	0	0	0	0	0	0	0	1	0	0	0	0	1	1	0	1	1	1	0	1	-143.0	0.111	0.298	NaN	NaN	0.264	0.662	NaN	NaN	7.92	23.17	NaN	NaN	0.0	"2.5"	"F0034"	1	0	"PR"	319.623	"deionize"	195.953	2	1	0	1970.128	0.0	2072.545	null	2392.794	0.086
-11.9	0.034375	34875.0	2962.5	2418.75	NaN	NaN	NaN	0	1	1	0	0	0	0	0	0	0	0	0	1	0	0	0	0	1	1	0	1	1	1	0	1	-143.0	0.111	0.3	NaN	NaN	0.264	0.667	NaN	NaN	7.92	23.345	NaN	NaN	0.0	"2.5"	"F0034"	1	0	"PR"	329.659	"deionize"	205.989	2	1	0	1970.128	0.0	2072.545	null	2402.83	0.087
-11.3	0.033825	35250.0	2971.875	2409.375	NaN	NaN	NaN	0	1	1	0	0	0	0	0	0	0	0	0	1	0	0	0	0	1	1	0	1	1	1	0	1	-136.0	0.112	0.299	NaN	NaN	0.267	0.664	NaN	NaN	8.01	23.24	NaN	NaN	0.0	"2.5"	"F0034"	1	0	"PR"	339.699	"deionize"	216.029	2	1	0	1970.128	0.0	2072.545	null	2412.87	0.091
-11.4	0.03355	36187.5	2962.5	2437.5	NaN	NaN	NaN	0	1	1	0	0	0	0	0	0	0	0	0	1	0	0	0	0	1	1	0	1	1	1	0	1	-137.0	0.111	0.302	NaN	NaN	0.264	0.671	NaN	NaN	7.92	23.485	NaN	NaN	0.0	"2.5"	"F0034"	1	0	"PR"	349.738	"deionize"	226.068	2	1	0	1970.128	0.0	2072.545	null	2422.909	0.084
-11.2	0.032725	36937.5	2981.25	2428.125	NaN	NaN	NaN	0	1	1	0	0	0	0	0	0	0	0	0	1	0	0	0	0	1	1	0	1	1	1	0	1	-134.0	0.113	0.301	NaN	NaN	0.269	0.669	NaN	NaN	8.07	23.415	NaN	NaN	0.0	"2.5"	"F0034"	1	0	"PR"	359.775	"deionize"	236.105	2	1	0	1970.128	0.0	2072.545	null	2432.946	0.084
-10.6	0.033	35250.0	2962.5	2390.625	NaN	NaN	NaN	0	1	1	0	0	0	0	0	0	0	0	0	1	0	0	0	1	1	1	0	1	1	1	0	1	-127.0	0.111	0.297	NaN	NaN	0.264	0.66	NaN	NaN	7.92	23.1	NaN	NaN	0.0	"2.5"	"F0034"	1	0	"PR"	369.722	"deionize-uv"	5.933	2	1	0	1970.128	0.0	2072.545	null	2442.893	0.086
-11.9	0.03245	36937.5	2953.125	2428.125	NaN	NaN	NaN	0	1	1	0	0	0	0	0	0	0	0	0	1	0	0	0	1	1	1	0	1	1	1	0	1	-143.0	0.11	0.301	NaN	NaN	0.262	0.669	NaN	NaN	7.86	23.415	NaN	NaN	0.0	"2.5"	"F0034"	1	0	"PR"	379.755	"deionize-uv"	15.966	2	1	0	1970.128	0.0	2072.545	null	2452.926	0.084
-11.4	0.032175	35437.5	2971.875	2400.0	NaN	NaN	NaN	0	1	1	0	0	0	0	0	0	0	0	0	1	0	0	0	1	1	1	0	1	1	1	0	1	-137.0	0.112	0.298	NaN	NaN	0.267	0.662	NaN	NaN	8.01	23.17	NaN	NaN	0.0	"2.5"	"F0034"	1	0	"PR"	389.79	"deionize-uv"	26.001	2	1	0	1970.128	0.0	2072.545	null	2462.961	0.084
-10.6	0.031625	35062.5	2981.25	2428.125	NaN	NaN	NaN	0	1	1	0	0	0	0	0	0	0	0	0	1	0	0	0	1	1	1	0	1	1	1	0	1	-127.0	0.113	0.301	NaN	NaN	0.269	0.669	NaN	NaN	8.07	23.415	NaN	NaN	0.0	"2.5"	"F0034"	1	0	"PR"	399.625	"deionize-uv"	35.836	2	1	0	1970.128	0.0	2072.545	null	2472.796	0.091
-10.5	0.03135	37125.0	2953.125	2437.5	NaN	NaN	NaN	0	1	1	0	0	0	0	0	0	0	0	0	1	0	0	0	1	1	1	0	1	1	1	0	1	-126.0	0.11	0.302	NaN	NaN	0.262	0.671	NaN	NaN	7.86	23.485	NaN	NaN	0.0	"2.5"	"F0034"	1	0	"PR"	409.655	"deionize-uv"	45.866	2	1	0	1970.128	0.0	2072.545	null	2482.826	0.087
-10.0	0.03135	34687.5	2962.5	2390.625	NaN	NaN	NaN	0	1	1	0	0	0	0	0	0	0	0	0	1	0	0	0	1	1	1	0	1	1	1	0	1	-120.0	0.111	0.297	NaN	NaN	0.264	0.66	NaN	NaN	7.92	23.1	NaN	NaN	0.0	"2.5"	"F0034"	1	0	"PR"	419.684	"deionize-uv"	55.895	2	1	0	1970.128	0.0	2072.545	null	2492.855	0.09
-12.5	0.030525	34500.0	2981.25	2362.5	NaN	NaN	NaN	0	1	1	0	0	0	0	0	0	0	0	0	1	0	0	0	1	1	1	0	1	1	1	0	1	-150.0	0.113	0.294	NaN	NaN	0.269	0.653	NaN	NaN	8.07	22.855	NaN	NaN	0.0	"2.5"	"F0034"	1	0	"PR"	429.723	"deionize-uv"	65.934	2	1	0	1970.128	0.0	2072.545	null	2502.894	0.092
-9.5	0.030525	34687.5	2971.875	2409.375	NaN	NaN	NaN	0	1	1	0	0	0	0	0	0	0	0	0	1	0	0	0	1	1	1	0	1	1	1	0	1	-114.0	0.112	0.299	NaN	NaN	0.267	0.664	NaN	NaN	8.01	23.24	NaN	NaN	0.0	"2.5"	"F0034"	1	0	"PR"	439.762	"deionize-uv"	75.973	2	1	0	1970.128	0.0	2072.545	null	2512.933	0.09
-8.9	0.030525	36187.5	2962.5	2428.125	NaN	NaN	NaN	0	1	1	0	0	0	0	0	0	0	0	0	1	0	0	0	1	1	1	0	1	1	1	0	1	-107.0	0.111	0.301	NaN	NaN	0.264	0.669	NaN	NaN	7.92	23.415	NaN	NaN	0.0	"2.5"	"F0034"	1	0	"PR"	449.795	"deionize-uv"	86.006	2	1	0	1970.128	0.0	2072.545	null	2522.966	0.084
-9.5	0.03025	35437.5	2953.125	2353.125	NaN	NaN	NaN	0	1	1	0	0	0	0	0	0	0	0	0	1	0	0	0	1	1	1	0	1	1	1	0	1	-114.0	0.11	0.293	NaN	NaN	0.262	0.651	NaN	NaN	7.86	22.785	NaN	NaN	0.0	"2.5"	"F0034"	1	0	"PR"	459.833	"deionize-uv"	96.044	2	1	0	1970.128	0.0	2072.545	null	2533.004	0.088
-9.7	0.0297	33375.0	2962.5	2371.875	NaN	NaN	NaN	0	1	1	0	0	0	0	0	0	0	0	0	1	0	0	0	1	1	1	0	1	1	1	0	1	-116.0	0.111	0.295	NaN	NaN	0.264	0.656	NaN	NaN	7.92	22.96	NaN	NaN	0.0	"2.5"	"F0034"	1	0	"PR"	469.868	"deionize-uv"	106.079	2	1	0	1970.128	0.0	2072.545	null	2543.039	0.084
-9.8	0.0297	35062.5	2943.75	2437.5	NaN	NaN	NaN	0	1	1	0	0	0	0	0	0	0	0	0	1	0	0	0	1	1	1	0	1	1	1	0	1	-118.0	0.109	0.302	NaN	NaN	0.26	0.671	NaN	NaN	7.8	23.485	NaN	NaN	0.0	"2.5"	"F0034"	1	0	"PR"	479.904	"deionize-uv"	116.115	2	1	0	1970.128	0.0	2072.545	null	2553.075	0.088
-8.7	0.029425	39187.5	2962.5	1968.75	NaN	NaN	NaN	0	0	1	0	0	0	0	1	0	0	0	0	1	0	0	0	1	1	1	0	1	1	1	0	1	-104.0	0.111	0.255	NaN	NaN	0.264	0.567	NaN	NaN	7.92	19.845	NaN	NaN	0.0	"2.5"	"F0034"	1	0	"PR"	489.877	"drain-di-1"	5.958	2	1	0	1970.128	0.0	2072.545	null	2563.048	0.088
-10.2	0.02805	37687.5	2953.125	1725.0	NaN	NaN	NaN	0	0	1	0	0	0	0	1	0	0	0	0	1	0	0	0	1	1	1	0	1	1	1	0	1	-122.0	0.11	0.23	NaN	NaN	0.262	0.511	NaN	NaN	7.86	17.885	NaN	NaN	0.0	"2.5"	"F0034"	1	0	"PR"	499.92	"drain-di-1"	16.001	2	1	0	1970.128	0.0	2072.545	null	2573.091	0.089
-9.4	0.02915	39000.0	2990.625	1471.875	NaN	NaN	NaN	0	0	1	0	0	0	0	1	0	0	0	0	1	0	0	0	1	1	1	0	1	1	1	0	1	-113.0	0.114	0.205	NaN	NaN	0.271	0.456	NaN	NaN	8.13	15.96	NaN	NaN	0.0	"2.5"	"F0034"	1	0	"PR"	509.754	"drain-di-1"	25.835	2	1	0	1970.128	0.0	2072.545	null	2582.925	0.091
-9.0	0.02805	36187.5	2971.875	1228.125	NaN	NaN	NaN	0	0	1	0	0	0	0	1	0	0	0	0	1	0	0	0	1	1	1	0	1	1	1	0	1	-108.0	0.112	0.181	NaN	NaN	0.267	0.402	NaN	NaN	8.01	14.07	NaN	NaN	0.0	"2.5"	"F0034"	1	0	"PR"	519.787	"drain-di-1"	35.868	2	1	0	1970.128	0.0	2072.545	null	2592.958	0.091
-9.1	0.0286	38812.5	2962.5	1003.125	NaN	NaN	NaN	0	0	1	0	0	0	0	1	0	0	0	0	1	0	0	0	1	1	1	0	1	1	1	0	1	-109.0	0.111	0.158	NaN	NaN	0.264	0.351	NaN	NaN	7.92	12.285	NaN	NaN	0.0	"2.5"	"F0034"	1	0	"PR"	529.834	"drain-di-1"	45.915	2	1	0	1970.128	0.0	2072.545	null	2603.005	0.091
-9.8	0.028325	37687.5	2962.5	768.75	NaN	NaN	NaN	0	0	1	0	0	0	0	1	0	0	0	0	1	0	0	0	1	1	1	0	1	1	1	0	1	-118.0	0.111	0.135	NaN	NaN	0.264	0.3	NaN	NaN	7.92	10.5	NaN	NaN	0.0	"2.5"	"F0034"	1	0	"PR"	539.872	"drain-di-1"	55.953	2	1	0	1970.128	0.0	2072.545	null	2613.043	0.09
-8.5	0.02805	38250.0	2943.75	496.875	NaN	NaN	NaN	0	0	1	0	0	0	0	1	0	0	0	0	1	0	0	0	1	1	1	0	1	1	1	0	1	-102.0	0.109	0.108	NaN	NaN	0.26	0.24	NaN	NaN	7.8	8.4	NaN	NaN	0.0	"2.5"	"F0034"	1	0	"PR"	549.912	"drain-di-1"	65.993	2	1	0	1970.128	0.0	2072.545	null	2623.083	0.095
-9.1	0.028325	36562.5	2971.875	225.0	NaN	NaN	NaN	0	0	1	0	0	0	0	1	0	0	0	0	1	0	0	0	1	1	1	0	1	1	1	0	1	-109.0	0.112	0.081	NaN	NaN	0.267	0.18	NaN	NaN	8.01	6.3	NaN	NaN	0.0	"2.5"	"F0034"	1	0	"PR"	559.947	"drain-di-1"	76.028	2	1	0	1970.128	0.0	2072.545	null	2633.118	0.091
-8.8	0.028325	38625.0	2981.25	9.375	NaN	NaN	NaN	0	0	1	0	0	0	0	1	0	0	0	0	1	0	0	0	1	1	1	0	1	1	1	0	1	-106.0	0.113	0.059	NaN	NaN	0.269	0.131	NaN	NaN	8.07	4.585	NaN	NaN	0.0	"2.5"	"F0034"	1	0	"PR"	569.893	"drip-di-1"	1.515	2	1	0	1970.128	0.0	2072.545	null	2643.064	0.091
-8.9	0.02805	38812.5	2971.875	-28.125	NaN	NaN	NaN	0	0	1	0	0	0	0	1	0	0	0	0	1	0	0	0	1	1	1	0	1	1	1	0	1	-107.0	0.112	0.055	NaN	NaN	0.267	0.122	NaN	NaN	8.01	4.27	NaN	NaN	0.0	"2.5"	"F0034"	1	0	"PR"	579.934	"drip-di-1"	11.556	2	1	0	1970.128	0.0	2072.545	null	2653.105	0.095
12.6	0.028325	30000.0	2756.25	-18.75	NaN	NaN	NaN	1	0	0	0	0	1	1	0	0	0	0	0	1	1	0	0	0	1	1	1	0	1	1	1	0	151.0	0.091	0.056	NaN	NaN	0.217	0.124	NaN	NaN	6.51	4.34	NaN	NaN	0.0	"2.5"	"F0034"	1	1	"PR"	589.935	"reverse-f"	6.388	2	1	0	1970.128	0.0	2072.545	null	2663.106	0.09
12.6	0.0297	29250.0	2821.875	309.375	NaN	NaN	NaN	1	0	0	0	0	1	1	0	0	0	0	0	1	1	0	0	0	1	1	1	0	1	1	1	0	151.0	0.097	0.089	NaN	NaN	0.231	0.198	NaN	NaN	6.93	6.93	NaN	NaN	0.0	"2.5"	"F0034"	1	1	"PR"	599.966	"reverse-f"	16.419	2	1	0	1970.128	0.0	2072.545	null	2673.137	0.09
12.6	0.032175	29062.5	2859.375	600.0	NaN	NaN	NaN	1	0	0	0	0	1	1	0	0	0	0	0	1	1	0	0	0	1	1	1	0	1	1	1	0	151.0	0.101	0.118	NaN	NaN	0.24	0.262	NaN	NaN	7.2	9.17	NaN	NaN	0.0	"2.5"	"F0034"	1	1	"PR"	610.006	"reverse-f"	26.459	2	1	0	1970.128	0.0	2072.545	null	2683.177	0.095
12.6	0.034375	29625.0	2850.0	890.625	NaN	NaN	NaN	1	0	0	0	0	1	1	0	0	0	0	0	1	1	0	0	0	1	1	1	0	1	1	1	0	151.0	0.1	0.147	NaN	NaN	0.238	0.327	NaN	NaN	7.14	11.445	NaN	NaN	0.0	"2.5"	"F0034"	1	1	"PR"	620.044	"reverse-f"	36.497	2	1	0	1970.128	0.0	2072.545	null	2693.215	0.09
12.6	0.036025	29250.0	2831.25	1181.25	NaN	NaN	NaN	1	0	0	0	0	1	1	0	0	0	0	0	1	1	0	0	0	1	1	1	0	1	1	1	0	151.0	0.098	0.176	NaN	NaN	0.233	0.391	NaN	NaN	6.99	13.685	NaN	NaN	0.0	"2.5"	"F0034"	1	1	"PR"	629.878	"reverse-f"	46.331	2	1	0	1970.128	0.0	2072.545	null	2703.049	0.086
12.3	0.0385	29812.5	2840.625	1471.875	NaN	NaN	NaN	1	0	0	0	0	1	1	0	0	0	0	0	1	1	0	0	0	1	1	1	0	1	1	1	0	148.0	0.099	0.205	NaN	NaN	0.236	0.456	NaN	NaN	7.08	15.96	NaN	NaN	0.0	"2.5"	"F0034"	1	1	"PR"	639.92	"reverse-f"	56.373	2	1	0	1970.128	0.0	2072.545	null	2713.091	0.088
11.8	0.040425	30000.0	2850.0	1762.5	NaN	NaN	NaN	1	0	0	0	0	1	1	0	0	0	0	0	1	1	0	0	0	1	1	1	0	1	1	1	0	142.0	0.1	0.234	NaN	NaN	0.238	0.52	NaN	NaN	7.14	18.2	NaN	NaN	0.0	"2.5"	"F0034"	1	1	"PR"	649.957	"reverse-f"	66.41	2	1	0	1970.128	0.0	2072.545	null	2723.128	0.086
13.1	0.0418	30000.0	2812.5	2043.75	NaN	NaN	NaN	1	0	0	0	0	1	1	0	0	0	0	0	1	1	0	0	0	1	1	1	0	1	1	1	0	157.0	0.096	0.262	NaN	NaN	0.229	0.582	NaN	NaN	6.87	20.37	NaN	NaN	0.0	"2.5"	"F0034"	1	1	"PR"	659.993	"reverse-f"	76.446	2	1	0	1970.128	0.0	2072.545	null	2733.164	0.086
12.6	0.04345	30000.0	2821.875	2268.75	NaN	NaN	NaN	0	0	0	0	0	1	1	0	0	0	0	0	1	0	0	0	0	1	1	1	0	1	1	1	0	151.0	0.097	0.285	NaN	NaN	0.231	0.633	NaN	NaN	6.93	22.155	NaN	NaN	0.0	"2.5"	"F0034"	1	1	"PR"	669.932	"reverse"	86.385	2	1	0	1970.128	0.0	2072.545	null	2743.103	0.087
12.2	0.044825	29250.0	2821.875	2259.375	NaN	NaN	NaN	0	0	0	0	0	1	1	0	0	0	0	0	1	0	0	0	0	1	1	1	0	1	1	1	0	146.0	0.097	0.284	NaN	NaN	0.231	0.631	NaN	NaN	6.93	22.085	NaN	NaN	0.0	"2.5"	"F0034"	1	1	"PR"	679.965	"reverse"	96.418	2	1	0	1970.128	0.0	2072.545	null	2753.136	0.086
12.4	0.045925	29812.5	2821.875	2240.625	NaN	NaN	NaN	0	0	0	0	0	1	1	0	0	0	0	0	1	0	0	0	0	1	1	1	0	1	1	1	0	149.0	0.097	0.282	NaN	NaN	0.231	0.627	NaN	NaN	6.93	21.945	NaN	NaN	0.0	"2.5"	"F0034"	1	1	"PR"	689.999	"reverse"	106.452	2	1	0	1970.128	0.0	2072.545	null	2763.17	0.087
12.5	0.0462	30000.0	2840.625	2259.375	NaN	NaN	NaN	0	0	0	0	0	1	1	0	0	0	0	0	1	0	0	0	0	1	1	1	0	1	1	1	0	150.0	0.099	0.284	NaN	NaN	0.236	0.631	NaN	NaN	7.08	22.085	NaN	NaN	0.0	"2.5"	"F0034"	1	1	"PR"	700.035	"reverse"	116.488	2	1	0	1970.128	0.0	2072.545	null	2773.206	0.087
13.3	0.0473	29625.0	2831.25	2250.0	NaN	NaN	NaN	0	0	0	0	0	1	1	0	0	0	0	0	1	0	0	0	0	1	1	1	0	1	1	1	0	160.0	0.098	0.283	NaN	NaN	0.233	0.629	NaN	NaN	6.99	22.015	NaN	NaN	0.0	"2.5"	"F0034"	1	1	"PR"	710.07	"reverse"	126.523	2	1	0	1970.128	0.0	2072.545	null	2783.241	0.086
13.0	0.0473	30000.0	2821.875	2278.125	NaN	NaN	NaN	0	0	0	0	0	1	1	0	0	0	0	0	1	0	0	0	0	1	1	1	0	1	1	1	0	156.0	0.097	0.286	NaN	NaN	0.231	0.636	NaN	NaN	6.93	22.26	NaN	NaN	0.0	"2.5"	"F0034"	1	1	"PR"	720.104	"reverse"	136.557	2	1	0	1970.128	0.0	2072.545	null	2793.275	0.087
12.6	0.047575	30000.0	2803.125	2268.75	NaN	NaN	NaN	0	0	0	0	0	1	1	0	0	0	0	0	1	0	0	0	0	1	1	1	0	1	1	1	0	151.0	0.095	0.285	NaN	NaN	0.226	0.633	NaN	NaN	6.78	22.155	NaN	NaN	0.0	"2.5"	"F0034"	1	1	"PR"	730.139	"reverse"	146.592	2	1	0	1970.128	0.0	2072.545	null	2803.31	0.09
2.7	0.04895	1875.0	2990.625	2278.125	NaN	NaN	NaN	0	0	0	0	0	0	0	0	0	0	0	0	0	0	0	0	0	0	0	0	1	0	0	0	1	32.0	0.114	0.286	NaN	NaN	0.271	0.636	NaN	NaN	8.13	22.26	NaN	NaN	0.0	"2.5"	"F0034"	0	0	"PR"	740.061	"diffuse"	6.51	2	1	1	1970.128	0.0	2072.545	null	2813.232	0.086
2.5	0.04895	2250.0	2981.25	2278.125	NaN	NaN	NaN	0	0	0	0	0	0	0	0	0	0	0	0	0	0	0	0	0	0	0	0	1	0	0	0	1	30.0	0.113	0.286	NaN	NaN	0.269	0.636	NaN	NaN	8.07	22.26	NaN	NaN	0.0	"2.5"	"F0034"	0	0	"PR"	750.099	"diffuse"	16.548	2	1	1	1970.128	0.0	2072.545	null	2823.27	0.086
3.8	0.0484	3187.5	3000.0	2268.75	NaN	NaN	NaN	0	0	0	0	0	0	0	0	0	0	0	0	0	0	0	0	0	0	0	0	1	0	0	0	1	46.0	0.115	0.285	NaN	NaN	0.274	0.633	NaN	NaN	8.22	22.155	NaN	NaN	0.0	"2.5"	"F0034"	0	0	"PR"	760.136	"diffuse"	26.585	2	1	1	1970.128	0.0	2072.545	null	2833.307	0.086
12.7	0.0484	30000.0	2831.25	2250.0	NaN	NaN	NaN	0	0	0	0	0	1	1	0	0	0	0	0	1	0	0	0	0	1	1	1	0	1	1	1	0	152.0	0.098	0.283	NaN	NaN	0.233	0.629	NaN	NaN	6.99	22.015	NaN	NaN	0.0	"2.5"	"F0034"	1	1	"PR"	770.057	"wash-en"	6.31	2	1	1	1970.128	0.0	2072.545	null	2843.228	0.084
12.5	0.049775	29250.0	2821.875	2278.125	NaN	NaN	NaN	0	0	0	0	0	1	1	0	0	0	0	0	1	0	0	0	0	1	1	1	0	1	1	1	0	150.0	0.097	0.286	NaN	NaN	0.231	0.636	NaN	NaN	6.93	22.26	NaN	NaN	0.0	"2.5"	"F0034"	1	1	"PR"	780.087	"wash-en"	16.34	2	1	1	1970.128	0.0	2072.545	null	2853.258	0.085
2.1	0.05005	30187.5	2840.625	2250.0	NaN	NaN	NaN	0	0	0	0	0	1	1	0	0	0	0	0	1	0	0	0	0	0	0	0	1	0	0	0	1	25.0	0.099	0.283	NaN	NaN	0.236	0.629	NaN	NaN	7.08	22.015	NaN	NaN	0.0	"2.5"	"F0034"	0	0	"PR"	790.218	"wash-sc"	6.317	2	1	1	1970.128	0.0	2072.545	null	2863.389	0.09
