cur	ec	mod-ps	rg-ps	di-ps	fw1-ps	fw2-ps	pf-ps	vlv-di-fill	vlv-di-in	vlv-di-out	vlv-rg-fill	vlv-rg-drain	vlv-rg-in	vlv-rg-out	vlv-fw1-in	vlv-fw1-out	vlv-fw2-in	vlv-po	vlv-mod-drain	pmp-sys	pmp-di	pmp-fw1	pmp-fw2	uv	en-anode1	en-cath1	pl-anode1	pl-cath1	en-anode2	en-cath2	pl-anode2	pl-cath2	pw	rg-he	di-he	fw1-he	fw2-he	rg-lev	di-lev	fw1-lev	fw2-lev	rg-vol	di-vol	fw1-vol	fw2-vol	pr-ec	ver	sn	mod-en	mod-pl	proc	proc-time	ph	ph-time	count	cyc	rnd	pr-last	rc-last	fr-last	halt-re	time	exec
0.5	0.0462	4687.5	3018.75	2081.25	NaN	NaN	NaN	1	0	0	0	0	0	0	0	0	0	0	0	0	1	0	0	0	0	0	0	1	0	0	0	1	6.0	0.117	0.266	NaN	NaN	0.279	0.591	NaN	NaN	8.37	20.685	NaN	NaN	0.0	"2.5"	"F0034"	0	0	"PR"	8.248	"fill-di"	0.603	0	0	0	0.0	0.0	0.0	null	10.038	0.087
0.5	0.0462	4687.5	3018.75	2081.25	NaN	NaN	NaN	1	0	0	0	0	0	0	0	0	0	0	0	0	1	0	0	0	0	0	0	1	0	0	0	1	6.0	0.117	0.266	NaN	NaN	0.279	0.591	NaN	NaN	8.37	20.685	NaN	NaN	0.0	"2.5"	"F0034"	0	0	"PR"	8.248	"fill-di"	0.603	0	0	0	0.0	0.0	0.0	null	10.038	0.087
0.6	0.046475	25875.0	2793.75	2278.125	NaN	NaN	NaN	0	0	0	0	0	1	1	0	0	0	0	0	1	0	0	0	0	0	0	0	1	0	0	0	1	7.0	0.094	0.286	NaN	NaN	0.224	0.636	NaN	NaN	6.72	22.26	NaN	NaN	0.0	"2.5"	"F0034"	0	0	"PR"	18.283	"prime"	4.417	0	0	0	0.0	0.0	0.0	null	20.073	0.09
0.6	0.04675	25312.5	2775.0	2287.5	NaN	NaN	NaN	0	0	0	0	0	1	1	0	0	0	0	0	1	0	0	0	0	0	0	0	1	0	0	0	1	7.0	0.093	0.287	NaN	NaN	0.221	0.638	NaN	NaN	6.63	22.33	NaN	NaN	0.0	"2.5"	"F0034"	0	0	"PR"	28.325	"prime"	14.459	0	0	0	0.0	0.0	0.0	null	30.115	0.092
0.2	0.047025	26062.5	2756.25	2268.75	NaN	NaN	NaN	0	0	0	0	0	1	1	0	0	0	0	0	1	0	0	0	0	0	0	0	1	0	0	0	1	2.0	0.091	0.285	NaN	NaN	0.217	0.633	NaN	NaN	6.51	22.155	NaN	NaN	0.0	"2.5"	"F0034"	0	0	"PR"	38.358	"prime"	24.492	0	0	0	0.0	0.0	0.0	null	40.148	0.09
-11.7	0.04565	31500.0	2943.75	2596.875	NaN	NaN	NaN	0	1	1	0	0	0	0	0	0	0	0	0	1	0	0	0	0	1	1	0	1	1	1	0	1	-140.0	0.109	0.318	NaN	NaN	0.26	0.707	NaN	NaN	7.8	24.745	NaN	NaN	0.0	"2.5"	"F0034"	1	0	"PR"	48.397	"deionize"	4.019	0	1	0	0.0	0.0	0.0	null	50.187	0.09
-12.4	0.044825	30750.0	2953.125	2615.625	NaN	NaN	NaN	0	1	1	0	0	0	0	0	0	0	0	0	1	0	0	0	0	1	1	0	1	1	1	0	1	-149.0	0.11	0.32	NaN	NaN	0.262	0.711	NaN	NaN	7.86	24.885	NaN	NaN	0.0	"2.5"	"F0034"	1	0	"PR"	58.436	"deionize"	14.058	0	1	0	0.0	0.0	0.0	null	60.226	0.093
-11.8	0.044825	32250.0	2953.125	2475.0	NaN	NaN	NaN	0	1	1	0	0	0	0	0	0	0	0	0	1	0	0	0	0	1	1	0	1	1	1	0	1	-142.0	0.11	0.305	NaN	NaN	0.262	0.678	NaN	NaN	7.86	23.73	NaN	NaN	0.0	"2.5"	"F0034"	1	0	"PR"	68.471	"deionize"	24.093	0	1	0	0.0	0.0	0.0	null	70.261	0.087
-12.1	0.043725	31500.0	2943.75	2484.375	NaN	NaN	NaN	0	1	1	0	0	0	0	0	0	0	0	0	1	0	0	0	0	1	1	0	1	1	1	0	1	-145.0	0.109	0.306	NaN	NaN	0.26	0.68	NaN	NaN	7.8	23.8	NaN	NaN	0.0	"2.5"	"F0034"	1	0	"PR"	78.506	"deionize"	34.128	0	1	0	0.0	0.0	0.0	null	80.296	0.087
-10.7	0.0429	30937.5	2943.75	2559.375	NaN	NaN	NaN	0	1	1	0	0	0	0	0	0	0	0	0	1	0	0	0	0	1	1	0	1	1	1	0	1	-128.0	0.109	0.314	NaN	NaN	0.26	0.698	NaN	NaN	7.8	24.43	NaN	NaN	0.0	"2.5"	"F0034"	1	0	"PR"	88.347	"deionize"	43.969	0	1	0	0.0	0.0	0.0	null	90.137	0.084
-13.0	0.0429	29250.0	2953.125	2550.0	NaN	NaN	NaN	0	1	1	0	0	0	0	0	0	0	0	0	1	0	0	0	0	1	1	0	1	1	1	0	1	-156.0	0.11	0.313	NaN	NaN	0.262	0.696	NaN	NaN	7.86	24.36	NaN	NaN	0.0	"2.5"	"F0034"	1	0	"PR"	98.382	"deionize"	54.004	0	1	0	0.0	0.0	0.0	null	100.172	0.087
-12.7	0.042075	30000.0	2943.75	2550.0	NaN	NaN	NaN	0	1	1	0	0	0	0	0	0	0	0	0	1	0	0	0	0	1	1	0	1	1	1	0	1	-152.0	0.109	0.313	NaN	NaN	0.26	0.696	NaN	NaN	7.8	24.36	NaN	NaN	0.0	"2.5"	"F0034"	1	0	"PR"	108.419	"deionize"	64.041	0	1	0	0.0	0.0	0.0	null	110.209	0.089
-13.1	0.040975	32250.0	2953.125	2559.375	NaN	NaN	NaN	0	1	1	0	0	0	0	0	0	0	0	0	1	0	0	0	0	1	1	0	1	1	1	0	1	-157.0	0.11	0.314	NaN	NaN	0.262	0.698	NaN	NaN	7.86	24.43	NaN	NaN	0.0	"2.5"	"F0034"	1	0	"PR"	118.456	"deionize"	74.078	0	1	0	0.0	0.0	0.0	null	120.246	0.087
-12.5	0.040425	30000.0	2943.75	2568.75	NaN	NaN	NaN	0	1	1	0	0	0	0	0	0	0	0	0	1	0	0	0	0	1	1	0	1	1	1	0	1	-150.0	0.109	0.315	NaN	NaN	0.26	0.7	NaN	NaN	7.8	24.5	NaN	NaN	0.0	"2.5"	"F0034"	1	0	"PR"	128.486	"deionize"	84.108	0	1	0	0.0	0.0	0.0	null	130.276	0.09
-11.1	0.04015	29250.0	2953.125	2512.5	NaN	NaN	NaN	0	1	1	0	0	0	0	0	0	0	0	0	1	0	0	0	0	1	1	0	1	1	1	0	1	-133.0	0.11	0.309	NaN	NaN	0.262	0.687	NaN	NaN	7.86	24.045	NaN	NaN	0.0	"2.5"	"F0034"	1	0	"PR"	138.524	"deionize"	94.146	0	1	0	0.0	0.0	0.0	null	140.314	0.089
-12.2	0.039325	29250.0	2934.375	2475.0	NaN	NaN	NaN	0	1	1	0	0	0	0	0	0	0	0	0	1	0	0	0	0	1	1	0	1	1	1	0	1	-146.0	0.108	0.305	NaN	NaN	0.257	0.678	NaN	NaN	7.71	23.73	NaN	NaN	0.0	"2.5"	"F0034"	1	0	"PR"	148.562	"deionize"	104.184	0	1	0	0.0	0.0	0.0	null	150.352	0.09
-12.4	0.03905	29250.0	2971.875	2446.875	NaN	NaN	NaN	0	1	1	0	0	0	0	0	0	0	0	0	1	0	0	0	0	1	1	0	1	1	1	0	1	-149.0	0.112	0.303	NaN	NaN	0.267	0.673	NaN	NaN	8.01	23.555	NaN	NaN	0.0	"2.5"	"F0034"	1	0	"PR"	158.603	"deionize"	114.225	0	1	0	0.0	0.0	0.0	null	160.393	0.087
-12.6	0.03795	29062.5	2953.125	2456.25	NaN	NaN	NaN	0	1	1	0	0	0	0	0	0	0	0	0	1	0	0	0	0	1	1	0	1	1	1	0	1	-151.0	0.11	0.304	NaN	NaN	0.262	0.676	NaN	NaN	7.86	23.66	NaN	NaN	0.0	"2.5"	"F0034"	1	0	"PR"	168.443	"deionize"	124.065	0	1	0	0.0	0.0	0.0	null	170.233	0.088
-11.6	0.037125	30562.5	2934.375	2409.375	NaN	NaN	NaN	0	1	1	0	0	0	0	0	0	0	0	0	1	0	0	0	0	1	1	0	1	1	1	0	1	-139.0	0.108	0.299	NaN	NaN	0.257	0.664	NaN	NaN	7.71	23.24	NaN	NaN	0.0	"2.5"	"F0034"	1	0	"PR"	178.474	"deionize"	134.096	0	1	0	0.0	0.0	0.0	null	180.264	0.087
-11.7	0.03685	31125.0	2953.125	2400.0	NaN	NaN	NaN	0	1	1	0	0	0	0	0	0	0	0	0	1	0	0	0	0	1	1	0	1	1	1	0	1	-140.0	0.11	0.298	NaN	NaN	0.262	0.662	NaN	NaN	7.86	23.17	NaN	NaN	0.0	"2.5"	"F0034"	1	0	"PR"	188.513	"deionize"	144.135	0	1	0	0.0	0.0	0.0	null	190.303	0.087
-12.9	0.035475	31687.5	2962.5	2409.375	NaN	NaN	NaN	0	1	1	0	0	0	0	0	0	0	0	0	1	0	0	0	0	1	1	0	1	1	1	0	1	-155.0	0.111	0.299	NaN	NaN	0.264	0.664	NaN	NaN	7.92	23.24	NaN	NaN	0.0	"2.5"	"F0034"	1	0	"PR"	198.548	"deionize"	154.17	0	1	0	0.0	0.0	0.0	null	200.338	0.088
-12.0	0.036025	30562.5	2962.5	2400.0	NaN	NaN	NaN	0	1	1	0	0	0	0	0	0	0	0	0	1	0	0	0	0	1	1	0	1	1	1	0	1	-144.0	0.111	0.298	NaN	NaN	0.264	0.662	NaN	NaN	7.92	23.17	NaN	NaN	0.0	"2.5"	"F0034"	1	0	"PR"	208.585	"deionize"	164.207	0	1	0	0.0	0.0	0.0	null	210.375	0.084
-13.6	0.0352	29812.5	2934.375	2428.125	NaN	NaN	NaN	0	1	1	0	0	0	0	0	0	0	0	0	1	0	0	0	0	1	1	0	1	1	1	0	1	-163.0	0.108	0.301	NaN	NaN	0.257	0.669	NaN	NaN	7.71	23.415	NaN	NaN	0.0	"2.5"	"F0034"	1	0	"PR"	218.624	"deionize"	174.246	0	1	0	0.0	0.0	0.0	null	220.414	0.085
-11.7	0.034925	30000.0	2953.125	2428.125	NaN	NaN	NaN	0	1	1	0	0	0	0	0	0	0	0	0	1	0	0	0	0	1	1	0	1	1	1	0	1	-140.0	0.11	0.301	NaN	NaN	0.262	0.669	NaN	NaN	7.86	23.415	NaN	NaN	0.0	"2.5"	"F0034"	1	0	"PR"	228.663	"deionize"	184.285	0	1	0	0.0	0.0	0.0	null	230.453	0.09
-10.9	0.0341	31125.0	2943.75	2465.625	NaN	NaN	NaN	0	1	1	0	0	0	0	0	0	0	0	0	1	0	0	0	0	1	1	0	1	1	1	0	1	-131.0	0.109	0.305	NaN	NaN	0.26	0.678	NaN	NaN	7.8	23.73	NaN	NaN	0.0	"2.5"	"F0034"	1	0	"PR"	238.693	"deionize"	194.315	0	1	0	0.0	0.0	0.0	null	240.483	0.091
-11.0	0.033825	30750.0	2962.5	2475.0	NaN	NaN	NaN	0	1	1	0	0	0	0	0	0	0	0	0	1	0	0	0	0	1	1	0	1	1	1	0	1	-132.0	0.111	0.305	NaN	NaN	0.264	0.678	NaN	NaN	7.92	23.73	NaN	NaN	0.0	"2.5"	"F0034"	1	0	"PR"	248.533	"deionize"	204.155	0	1	0	0.0	0.0	0.0	null	250.323	0.086
-11.1	0.03355	31125.0	2962.5	2400.0	NaN	NaN	NaN	0	1	1	0	0	0	0	0	0	0	0	0	1	0	0	0	0	1	1	0	1	1	1	0	1	-133.0	0.111	0.298	NaN	NaN	0.264	0.662	NaN	NaN	7.92	23.17	NaN	NaN	0.0	"2.5"	"F0034"	1	0	"PR"	258.567	"deionize"	214.189	0	1	0	0.0	0.0	0.0	null	260.357	0.082
-11.3	0.03245	29250.0	2934.375	2409.375	NaN	NaN	NaN	0	1	1	0	0	0	0	0	0	0	0	0	1	0	0	0	0	1	1	0	1	1	1	0	1	-136.0	0.108	0.299	NaN	NaN	0.257	0.664	NaN	NaN	7.71	23.24	NaN	NaN	0.0	"2.5"	"F0034"	1	0	"PR"	268.6	"deionize"	224.222	0	1	0	0.0	0.0	0.0	null	270.39	0.084
-10.6	0.0319	30000.0	2981.25	2390.625	NaN	NaN	NaN	0	1	1	0	0	0	0	0	0	0	0	0	1	0	0	0	0	1	1	0	1	1	1	0	1	-127.0	0.113	0.297	NaN	NaN	0.269	0.66	NaN	NaN	8.07	23.1	NaN	NaN	0.0	"2.5"	"F0034"	1	0	"PR"	278.64	"deionize"	234.262	0	1	0	0.0	0.0	0.0	null	280.43	0.088
-10.5	0.031625	29812.5	2934.375	2437.5	NaN	NaN	NaN	0	1	1	0	0	0	0	0	0	0	0	0	1	0	0	0	1	1	1	0	1	1	1	0	1	-126.0	0.108	0.302	NaN	NaN	0.257	0.671	NaN	NaN	7.71	23.485	NaN	NaN	0.0	"2.5"	"F0034"	1	0	"PR"	288.585	"deionize-uv"	4.124	0	1	0	0.0	0.0	0.0	null	290.375	0.083
-10.7	0.03135	30750.0	2943.75	2428.125	NaN	NaN	NaN	0	1	1	0	0	0	0	0	0	0	0	0	1	0	0	0	1	1	1	0	1	1	1	0	1	-128.0	0.109	0.301	NaN	NaN	0.26	0.669	NaN	NaN	7.8	23.415	NaN	NaN	0.0	"2.5"	"F0034"	1	0	"PR"	298.626	"deionize-uv"	14.165	0	1	0	0.0	0.0	0.0	null	300.416	0.085
-12.2	0.0308	30562.5	2971.875	2503.125	NaN	NaN	NaN	0	1	1	0	0	0	0	0	0	0	0	0	1	0	0	0	1	1	1	0	1	1	1	0	1	-146.0	0.112	0.308	NaN	NaN	0.267	0.684	NaN	NaN	8.01	23.94	NaN	NaN	0.0	"2.5"	"F0034"	1	0	"PR"	308.662	"deionize-uv"	24.201	0	1	0	0.0	0.0	0.0	null	310.452	0.083
-9.8	0.031075	29812.5	2943.75	2390.625	NaN	NaN	NaN	0	1	1	0	0	0	0	0	0	0	0	0	1	0	0	0	1	1	1	0	1	1	1	0	1	-118.0	0.109	0.297	NaN	NaN	0.26	0.66	NaN	NaN	7.8	23.1	NaN	NaN	0.0	"2.5"	"F0034"	1	0	"PR"	318.698	"deionize-uv"	34.237	0	1	0	0.0	0.0	0.0	null	320.488	0.087
-11.0	0.029975	31312.5	2953.125	2381.25	NaN	NaN	NaN	0	1	1	0	0	0	0	0	0	0	0	0	1	0	0	0	1	1	1	0	1	1	1	0	1	-132.0	0.11	0.296	NaN	NaN	0.262	0.658	NaN	NaN	7.86	23.03	NaN	NaN	0.0	"2.5"	"F0034"	1	0	"PR"	328.734	"deionize-uv"	44.273	0	1	0	0.0	0.0	0.0	null	330.524	0.086
-10.0	0.03025	30750.0	2953.125	2456.25	NaN	NaN	NaN	0	1	1	0	0	0	0	0	0	0	0	0	1	0	0	0	1	1	1	0	1	1	1	0	1	-120.0	0.11	0.304	NaN	NaN	0.262	0.676	NaN	NaN	7.86	23.66	NaN	NaN	0.0	"2.5"	"F0034"	1	0	"PR"	338.771	"deionize-uv"	54.31	0	1	0	0.0	0.0	0.0	null	340.561	0.086
-9.9	0.02915	30562.5	2943.75	2418.75	NaN	NaN	NaN	0	1	1	0	0	0	0	0	0	0	0	0	1	0	0	0	1	1	1	0	1	1	1	0	1	-119.0	0.109	0.3	NaN	NaN	0.26	0.667	NaN	NaN	7.8	23.345	NaN	NaN	0.0	"2.5"	"F0034"	1	0	"PR"	348.811	"deionize-uv"	64.35	0	1	0	0.0	0.0	0.0	null	350.601	0.086
-10.0	0.0286	30375.0	2943.75	2437.5	NaN	NaN	NaN	0	1	1	0	0	0	0	0	0	0	0	0	1	0	0	0	1	1	1	0	1	1	1	0	1	-120.0	0.109	0.302	NaN	NaN	0.26	0.671	NaN	NaN	7.8	23.485	NaN	NaN	0.0	"2.5"	"F0034"	1	0	"PR"	358.646	"deionize-uv"	74.185	0	1	0	0.0	0.0	0.0	null	360.436	0.084
-10.3	0.02915	29625.0	2943.75	2371.875	NaN	NaN	NaN	0	1	1	0	0	0	0	0	0	0	0	0	1	0	0	0	1	1	1	0	1	1	1	0	1	-124.0	0.109	0.295	NaN	NaN	0.26	0.656	NaN	NaN	7.8	22.96	NaN	NaN	0.0	"2.5"	"F0034"	1	0	"PR"	368.682	"deionize-uv"	84.221	0	1	0	0.0	0.0	0.0	null	370.472	0.083
-8.8	0.0286	30750.0	2943.75	2418.75	NaN	NaN	NaN	0	1	1	0	0	0	0	0	0	0	0	0	1	0	0	0	1	1	1	0	1	1	1	0	1	-106.0	0.109	0.3	NaN	NaN	0.26	0.667	NaN	NaN	7.8	23.345	NaN	NaN	0.0	"2.5"	"F0034"	1	0	"PR"	378.721	"deionize-uv"	94.26	0	1	0	0.0	0.0	0.0	null	380.511	0.088
-9.5	0.02805	29812.5	2971.875	2390.625	NaN	NaN	NaN	0	1	1	0	0	0	0	0	0	0	0	0	1	0	0	0	1	1	1	0	1	1	1	0	1	-114.0	0.112	0.297	NaN	NaN	0.267	0.66	NaN	NaN	8.01	23.1	NaN	NaN	0.0	"2.5"	"F0034"	1	0	"PR"	388.76	"deionize-uv"	104.299	0	1	0	0.0	0.0	0.0	null	390.55	0.086
-9.2	0.027225	30187.5	2943.75	2428.125	NaN	NaN	NaN	0	1	1	0	0	0	0	0	0	0	0	0	1	0	0	0	1	1	1	0	1	1	1	0	1	-110.0	0.109	0.301	NaN	NaN	0.26	0.669	NaN	NaN	7.8	23.415	NaN	NaN	0.0	"2.5"	"F0034"	1	0	"PR"	398.796	"deionize-uv"	114.335	0	1	0	0.0	0.0	0.0	null	400.586	0.083
-10.5	0.027775	29250.0	2943.75	1978.125	NaN	NaN	NaN	0	0	1	0	0	0	0	1	0	0	0	0	1	0	0	0	1	1	1	0	1	1	1	0	1	-126.0	0.109	0.256	NaN	NaN	0.26	0.569	NaN	NaN	7.8	19.915	NaN	NaN	0.0	"2.5"	"F0034"	1	0	"PR"	408.764	"drain-di-1"	4.146	0	1	0	0.0	0.0	0.0	null	410.554	0.084
-8.5	0.027775	29625.0	2981.25	1753.125	NaN	NaN	NaN	0	0	1	0	0	0	0	1	0	0	0	0	1	0	0	0	1	1	1	0	1	1	1	0	1	-102.0	0.113	0.233	NaN	NaN	0.269	0.518	NaN	NaN	8.07	18.13	NaN	NaN	0.0	"2.5"	"F0034"	1	0	"PR"	418.798	"drain-di-1"	14.18	0	1	0	0.0	0.0	0.0	null	420.588	0.087
-9.7	0.027225	29437.5	2943.75	1462.5	NaN	NaN	NaN	0	0	1	0	0	0	0	1	0	0	0	0	1	0	0	0	1	1	1	0	1	1	1	0	1	-116.0	0.109	0.204	NaN	NaN	0.26	0.453	NaN	NaN	7.8	15.855	NaN	NaN	0.0	"2.5"	"F0034"	1	0	"PR"	428.839	"drain-di-1"	24.221	0	1	0	0.0	0.0	0.0	null	430.629	0.085
-9.5	0.02695	29250.0	2971.875	1237.5	NaN	NaN	NaN	0	0	1	0	0	0	0	1	0	0	0	0	1	0	0	0	1	1	1	0	1	1	1	0	1	-114.0	0.112	0.182	NaN	NaN	0.267	0.404	NaN	NaN	8.01	14.14	NaN	NaN	0.0	"2.5"	"F0034"	1	0	"PR"	438.87	"drain-di-1"	34.252	0	1	0	0.0	0.0	0.0	null	440.66	0.084
-8.4	0.02695	28875.0	2953.125	984.375	NaN	NaN	NaN	0	0	1	0	0	0	0	1	0	0	0	0	1	0	0	0	1	1	1	0	1	1	1	0	1	-101.0	0.11	0.156	NaN	NaN	0.262	0.347	NaN	NaN	7.86	12.145	NaN	NaN	0.0	"2.5"	"F0034"	1	0	"PR"	448.904	"drain-di-1"	44.286	0	1	0	0.0	0.0	0.0	null	450.694	0.084
-8.5	0.0264	29437.5	2943.75	721.875	NaN	NaN	NaN	0	0	1	0	0	0	0	1	0	0	0	0	1	0	0	0	1	1	1	0	1	1	1	0	1	-102.0	0.109	0.13	NaN	NaN	0.26	0.289	NaN	NaN	7.8	10.115	NaN	NaN	0.0	"2.5"	"F0034"	1	0	"PR"	458.944	"drain-di-1"	54.326	0	1	0	0.0	0.0	0.0	null	460.734	0.084
-10.5	0.026675	30000.0	2953.125	487.5	NaN	NaN	NaN	0	0	1	0	0	0	0	1	0	0	0	0	1	0	0	0	1	1	1	0	1	1	1	0	1	-126.0	0.11	0.107	NaN	NaN	0.262	0.238	NaN	NaN	7.86	8.33	NaN	NaN	0.0	"2.5"	"F0034"	1	0	"PR"	468.778	"drain-di-1"	64.16	0	1	0	0.0	0.0	0.0	null	470.568	0.087
-9.1	0.0264	30375.0	2934.375	225.0	NaN	NaN	NaN	0	0	1	0	0	0	0	1	0	0	0	0	1	0	0	0	1	1	1	0	1	1	1	0	1	-109.0	0.108	0.081	NaN	NaN	0.257	0.18	NaN	NaN	7.71	6.3	NaN	NaN	0.0	"2.5"	"F0034"	1	0	"PR"	478.813	"drain-di-1"	74.195	0	1	0	0.0	0.0	0.0	null	480.603	0.091
-8.0	0.02695	29437.5	2962.5	-18.75	NaN	NaN	NaN	0	0	1	0	0	0	0	1	0	0	0	0	1	0	0	0	1	1	1	0	1	1	1	0	1	-96.0	0.111	0.056	NaN	NaN	0.264	0.124	NaN	NaN	7.92	4.34	NaN	NaN	0.0	"2.5"	"F0034"	1	0	"PR"	488.966	"drip-di-1"	3.525	0	1	0	0.0	0.0	0.0	null	490.756	0.084
-8.5	0.02585	29812.5	2934.375	-37.5	NaN	NaN	NaN	0	0	1	0	0	0	0	1	0	0	0	0	1	0	0	0	1	1	1	0	1	1	1	0	1	-102.0	0.108	0.054	NaN	NaN	0.257	0.12	NaN	NaN	7.71	4.2	NaN	NaN	0.0	"2.5"	"F0034"	1	0	"PR"	499.0	"drip-di-1"	13.559	0	1	0	0.0	0.0	0.0	null	500.79	0.084
12.4	0.027225	26812.5	2775.0	65.625	NaN	NaN	NaN	1	0	0	0	0	1	1	0	0	0	0	0	1	1	0	0	0	1	1	1	0	1	1	1	0	149.0	0.093	0.065	NaN	NaN	0.221	0.144	NaN	NaN	6.63	5.04	NaN	NaN	0.0	"2.5"	"F0034"	1	1	"PR"	509.001	"reverse-f"	8.394	0	1	0	0.0	0.0	0.0	null	510.791	0.086
11.9	0.028325	27187.5	2765.625	356.25	NaN	NaN	NaN	1	0	0	0	0	1	1	0	0	0	0	0	1	1	0	0	0	1	1	1	0	1	1	1	0	143.0	0.092	0.094	NaN	NaN	0.219	0.209	NaN	NaN	6.57	7.315	NaN	NaN	0.0	"2.5"	"F0034"	1	1	"PR"	518.839	"reverse-f"	18.232	0	1	0	0.0	0.0	0.0	null	520.629	0.09
12.9	0.031625	29250.0	2812.5	665.625	NaN	NaN	NaN	1	0	0	0	0	1	1	0	0	0	0	0	1	1	0	0	0	1	1	1	0	1	1	1	0	155.0	0.096	0.125	NaN	NaN	0.229	0.278	NaN	NaN	6.87	9.73	NaN	NaN	0.0	"2.5"	"F0034"	1	1	"PR"	528.874	"reverse-f"	28.267	0	1	0	0.0	0.0	0.0	null	530.664	0.09
15.2	0.0341	27375.0	2784.375	956.25	NaN	NaN	NaN	1	0	0	0	0	1	1	0	0	0	0	0	1	1	0	0	0	1	1	1	0	1	1	1	0	182.0	0.093	0.154	NaN	NaN	0.221	0.342	NaN	NaN	6.63	11.97	NaN	NaN	0.0	"2.5"	"F0034"	1	1	"PR"	538.909	"reverse-f"	38.302	0	1	0	0.0	0.0	0.0	null	540.699	0.089
11.6	0.0363	26062.5	2812.5	1256.25	NaN	NaN	NaN	1	0	0	0	0	1	1	0	0	0	0	0	1	1	0	0	0	1	1	1	0	1	1	1	0	139.0	0.096	0.184	NaN	NaN	0.229	0.409	NaN	NaN	6.87	14.315	NaN	NaN	0.0	"2.5"	"F0034"	1	1	"PR"	548.95	"reverse-f"	48.343	0	1	0	0.0	0.0	0.0	null	550.74	0.09
13.0	0.039325	25875.0	2831.25	1528.125	NaN	NaN	NaN	1	0	0	0	0	1	1	0	0	0	0	0	1	1	0	0	0	1	1	1	0	1	1	1	0	156.0	0.098	0.211	NaN	NaN	0.233	0.469	NaN	NaN	6.99	16.415	NaN	NaN	0.0	"2.5"	"F0034"	1	1	"PR"	558.984	"reverse-f"	58.377	0	1	0	0.0	0.0	0.0	null	560.774	0.087
12.6	0.04125	25875.0	2784.375	1856.25	NaN	NaN	NaN	1	0	0	0	0	1	1	0	0	0	0	0	1	1	0	0	0	1	1	1	0	1	1	1	0	151.0	0.093	0.244	NaN	NaN	0.221	0.542	NaN	NaN	6.63	18.97	NaN	NaN	0.0	"2.5"	"F0034"	1	1	"PR"	569.022	"reverse-f"	68.415	0	1	0	0.0	0.0	0.0	null	570.812	0.085
12.1	0.04345	26812.5	2765.625	2118.75	NaN	NaN	NaN	1	0	0	0	0	1	1	0	0	0	0	0	1	1	0	0	0	1	1	1	0	1	1	1	0	145.0	0.092	0.27	NaN	NaN	0.219	0.6	NaN	NaN	6.57	21.0	NaN	NaN	0.0	"2.5"	"F0034"	1	1	"PR"	579.059	"reverse-f"	78.452	0	1	0	0.0	0.0	0.0	null	580.849	0.086
12.6	0.04565	26812.5	2812.5	2268.75	NaN	NaN	NaN	0	0	0	0	0	1	1	0	0	0	0	0	1	0	0	0	0	1	1	1	0	1	1	1	0	151.0	0.096	0.285	NaN	NaN	0.229	0.633	NaN	NaN	6.87	22.155	NaN	NaN	0.0	"2.5"	"F0034"	1	1	"PR"	588.999	"reverse"	88.392	0	1	0	0.0	0.0	0.0	null	590.789	0.09
11.3	0.0462	26812.5	2821.875	2278.125	NaN	NaN	NaN	0	0	0	0	0	1	1	0	0	0	0	0	1	0	0	0	0	1	1	1	0	1	1	1	0	136.0	0.097	0.286	NaN	NaN	0.231	0.636	NaN	NaN	6.93	22.26	NaN	NaN	0.0	"2.5"	"F0034"	1	1	"PR"	599.039	"reverse"	98.432	0	1	0	0.0	0.0	0.0	null	600.829	0.091
12.5	0.048125	28500.0	2775.0	2278.125	NaN	NaN	NaN	0	0	0	0	0	1	1	0	0	0	0	0	1	0	0	0	0	1	1	1	0	1	1	1	0	150.0	0.093	0.286	NaN	NaN	0.221	0.636	NaN	NaN	6.63	22.26	NaN	NaN	0.0	"2.5"	"F0034"	1	1	"PR"	609.076	"reverse"	108.469	0	1	0	0.0	0.0	0.0	null	610.866	0.09
14.2	0.0484	28500.0	2803.125	2278.125	NaN	NaN	NaN	0	0	0	0	0	1	1	0	0	0	0	0	1	0	0	0	0	1	1	1	0	1	1	1	0	170.0	0.095	0.286	NaN	NaN	0.226	0.636	NaN	NaN	6.78	22.26	NaN	NaN	0.0	"2.5"	"F0034"	1	1	"PR"	619.112	"reverse"	118.505	0	1	0	0.0	0.0	0.0	null	620.902	0.091
12.5	0.049225	26812.5	2821.875	2278.125	NaN	NaN	NaN	0	0	0	0	0	1	1	0	0	0	0	0	1	0	0	0	0	1	1	1	0	1	1	1	0	150.0	0.097	0.286	NaN	NaN	0.231	0.636	NaN	NaN	6.93	22.26	NaN	NaN	0.0	"2.5"	"F0034"	1	1	"PR"	629.147	"reverse"	128.54	0	1	0	0.0	0.0	0.0	null	630.937	0.084
12.5	0.049775	25500.0	2803.125	2278.125	NaN	NaN	NaN	0	0	0	0	0	1	1	0	0	0	0	0	1	0	0	0	0	1	1	1	0	1	1	1	0	150.0	0.095	0.286	NaN	NaN	0.226	0.636	NaN	NaN	6.78	22.26	NaN	NaN	0.0	"2.5"	"F0034"	1	1	"PR"	638.983	"reverse"	138.376	0	1	0	0.0	0.0	0.0	null	640.773	0.09
12.3	0.050325	26437.5	2775.0	2268.75	NaN	NaN	NaN	0	0	0	0	0	1	1	0	0	0	0	0	1	0	0	0	0	1	1	1	0	1	1	1	0	148.0	0.093	0.285	NaN	NaN	0.221	0.633	NaN	NaN	6.63	22.155	NaN	NaN	0.0	"2.5"	"F0034"	1	1	"PR"	649.02	"reverse"	148.413	0	1	0	0.0	0.0	0.0	null	650.81	0.091
3.3	0.050875	1875.0	2953.125	2278.125	NaN	NaN	NaN	0	0	0	0	0	0	0	0	0	0	0	0	0	0	0	0	0	0	0	0	1	0	0	0	1	40.0	0.11	0.286	NaN	NaN	0.262	0.636	NaN	NaN	7.86	22.26	NaN	NaN	0.0	"2.5"	"F0034"	0	0	"PR"	659.149	"diffuse"	8.523	0	1	1	0.0	0.0	0.0	null	660.939	0.09
3.5	0.05115	937.5	2962.5	2278.125	NaN	NaN	NaN	0	0	0	0	0	0	0	0	0	0	0	0	0	0	0	0	0	0	0	0	1	0	0	0	1	42.0	0.111	0.286	NaN	NaN	0.264	0.636	NaN	NaN	7.92	22.26	NaN	NaN	0.0	"2.5"	"F0034"	0	0	"PR"	669.183	"diffuse"	18.557	0	1	1	0.0	0.0	0.0	null	670.973	0.09
3.5	0.051425	2437.5	2971.875	2287.5	NaN	NaN	NaN	0	0	0	0	0	0	0	0	0	0	0	0	0	0	0	0	0	0	0	0	1	0	0	0	1	42.0	0.112	0.287	NaN	NaN	0.267	0.638	NaN	NaN	8.01	22.33	NaN	NaN	0.0	"2.5"	"F0034"	0	0	"PR"	679.018	"diffuse"	28.392	0	1	1	0.0	0.0	0.0	null	680.808	0.087
11.8	0.050875	25500.0	2775.0	2278.125	NaN	NaN	NaN	0	0	0	0	0	1	1	0	0	0	0	0	1	0	0	0	0	1	1	1	0	1	1	1	0	142.0	0.093	0.286	NaN	NaN	0.221	0.636	NaN	NaN	6.63	22.26	NaN	NaN	0.0	"2.5"	"F0034"	1	1	"PR"	689.15	"wash-en"	8.326	0	1	1	0.0	0.0	0.0	null	690.94	0.09
12.5	0.052525	25125.0	2812.5	2287.5	NaN	NaN	NaN	0	0	0	0	0	1	1	0	0	0	0	0	1	0	0	0	0	1	1	1	0	1	1	1	0	150.0	0.096	0.287	NaN	NaN	0.229	0.638	NaN	NaN	6.87	22.33	NaN	NaN	0.0	"2.5"	"F0034"	1	1	"PR"	699.187	"wash-en"	18.363	0	1	1	0.0	0.0	0.0	null	700.977	0.09
2.5	0.0528	27000.0	2784.375	2278.125	NaN	NaN	NaN	0	0	0	0	0	1	1	0	0	0	0	0	1	0	0	0	0	0	0	0	1	0	0	0	1	30.0	0.093	0.286	NaN	NaN	0.221	0.636	NaN	NaN	6.63	22.26	NaN	NaN	0.0	"2.5"	"F0034"	0	0	"PR"	709.116	"wash-sc"	8.122	0	1	1	0.0	0.0	0.0	null	710.906	0.091
1.8	0.053075	2250.0	2990.625	2287.5	NaN	NaN	NaN	0	0	0	0	0	0	0	0	0	0	0	0	0	0	0	0	0	0	0	0	1	0	0	0	1	22.0	0.114	0.287	NaN	NaN	0.271	0.638	NaN	NaN	8.13	22.33	NaN	NaN	0.0	"2.5"	"F0034"	0	0	"PR"	719.151	"diffuse"	8.025	0	1	2	0.0	0.0	0.0	null	720.941	0.09
2.9	0.053075	562.5	2962.5	2278.125	NaN	NaN	NaN	0	0	0	0	0	0	0	0	0	0	0	0	0	0	0	0	0	0	0	0	1	0	0	0	1	35.0	0.111	0.286	NaN	NaN	0.264	0.636	NaN	NaN	7.92	22.26	NaN	NaN	0.0	"2.5"	"F0034"	0	0	"PR"	729.185	"diffuse"	18.059	0	1	2	0.0	0.0	0.0	null	730.975	0.09
2.8	0.0528	1312.5	2962.5	2278.125	NaN	NaN	NaN	0	0	0	0	0	0	0	0	0	0	0	0	0	0	0	0	0	0	0	0	1	0	0	0	1	34.0	0.111	0.286	NaN	NaN	0.264	0.636	NaN	NaN	7.92	22.26	NaN	NaN	0.0	"2.5"	"F0034"	0	0	"PR"	739.225	"diffuse"	28.099	0	1	2	0.0	0.0	0.0	null	741.015	0.089
11.4	0.052525	28125.0	2803.125	2268.75	NaN	NaN	NaN	0	0	0	0	0	1	1	0	0	0	0	0	1	0	0	0	0	1	1	1	0	1	1	1	0	137.0	0.095	0.285	NaN	NaN	0.226	0.633	NaN	NaN	6.78	22.155	NaN	NaN	0.0	"2.5"	"F0034"	1	1	"PR"	749.153	"wash-en"	7.92	0	1	2	0.0	0.0	0.0	null	750.943	0.086
12.1	0.0528	27375.0	2765.625	2278.125	NaN	NaN	NaN	0	0	0	0	0	1	1	0	0	0	0	0	1	0	0	0	0	1	1	1	0	1	1	1	0	145.0	0.092	0.286	NaN	NaN	0.219	0.636	NaN	NaN	6.57	22.26	NaN	NaN	0.0	"2.5"	"F0034"	1	1	"PR"	759.19	"wash-en"	17.957	0	1	2	0.0	0.0	0.0	null	760.98	0.09
2.4	0.053075	26437.5	2784.375	2268.75	NaN	NaN	NaN	0	0	0	0	0	1	1	0	0	0	0	0	1	0	0	0	0	0	0	0	1	0	0	0	1	29.0	0.093	0.285	NaN	NaN	0.221	0.633	NaN	NaN	6.63	22.155	NaN	NaN	0.0	"2.5"	"F0034"	0	0	"PR"	769.119	"wash-sc"	7.721	0	1	2	0.0	0.0	0.0	null	770.909	0.088
2.1	0.0528	1875.0	2943.75	2287.5	NaN	NaN	NaN	0	0	0	0	0	0	0	0	0	0	0	0	0	0	0	0	0	0	0	0	1	0	0	0	1	25.0	0.109	0.287	NaN	NaN	0.26	0.638	NaN	NaN	7.8	22.33	NaN	NaN	0.0	"2.5"	"F0034"	0	0	"PR"	779.152	"diffuse"	7.624	0	1	3	0.0	0.0	0.0	null	780.942	0.086
2.2	0.0528	2437.5	2962.5	2306.25	NaN	NaN	NaN	0	0	0	0	0	0	0	0	0	0	0	0	0	0	0	0	0	0	0	0	1	0	0	0	1	26.0	0.111	0.289	NaN	NaN	0.264	0.642	NaN	NaN	7.92	22.47	NaN	NaN	0.0	"2.5"	"F0034"	0	0	"PR"	789.19	"diffuse"	17.662	0	1	3	0.0	0.0	0.0	null	790.98	0.083
2.5	0.05335	187.5	2953.125	2287.5	NaN	NaN	NaN	0	0	0	0	0	0	0	0	0	0	0	0	0	0	0	0	0	0	0	0	1	0	0	0	1	30.0	0.11	0.287	NaN	NaN	0.262	0.638	NaN	NaN	7.86	22.33	NaN	NaN	0.0	"2.5"	"F0034"	0	0	"PR"	799.225	"diffuse"	27.697	0	1	3	0.0	0.0	0.0	null	801.015	0.088
12.3	0.05225	28125.0	2793.75	2259.375	NaN	NaN	NaN	0	0	0	0	0	1	1	0	0	0	0	0	1	0	0	0	0	1	1	1	0	1	1	1	0	148.0	0.094	0.284	NaN	NaN	0.224	0.631	NaN	NaN	6.72	22.085	NaN	NaN	0.0	"2.5"	"F0034"	1	1	"PR"	809.153	"wash-en"	7.52	0	1	3	0.0	0.0	0.0	null	810.943	0.086
12.3	0.05225	27750.0	2784.375	2278.125	NaN	NaN	NaN	0	0	0	0	0	1	1	0	0	0	0	0	1	0	0	0	0	1	1	1	0	1	1	1	0	148.0	0.093	0.286	NaN	NaN	0.221	0.636	NaN	NaN	6.63	22.26	NaN	NaN	0.0	"2.5"	"F0034"	1	1	"PR"	819.189	"wash-en"	17.556	0	1	3	0.0	0.0	0.0	null	820.979	0.083
0.7	0.053075	25687.5	2821.875	2306.25	NaN	NaN	NaN	0	0	0	0	0	1	1	0	0	0	0	0	1	0	0	0	0	0	0	0	1	0	0	0	1	8.0	0.097	0.289	NaN	NaN	0.231	0.642	NaN	NaN	6.93	22.47	NaN	NaN	0.0	"2.5"	"F0034"	0	0	"PR"	829.314	"wash-sc"	7.515	0	1	3	0.0	0.0	0.0	null	831.104	0.092
2.1	0.053075	2812.5	2971.875	2296.875	NaN	NaN	NaN	0	0	0	0	0	0	0	0	0	0	0	0	0	0	0	0	0	0	0	0	1	0	0	0	1	25.0	0.112	0.288	NaN	NaN	0.267	0.64	NaN	NaN	8.01	22.4	NaN	NaN	0.0	"2.5"	"F0034"	0	0	"PR"	839.35	"diffuse"	7.424	0	1	4	0.0	0.0	0.0	null	841.14	0.09
1.4	0.053075	1125.0	2971.875	2278.125	NaN	NaN	NaN	0	0	0	0	0	0	0	0	0	0	0	0	0	0	0	0	0	0	0	0	1	0	0	0	1	17.0	0.112	0.286	NaN	NaN	0.267	0.636	NaN	NaN	8.01	22.26	NaN	NaN	0.0	"2.5"	"F0034"	0	0	"PR"	849.386	"diffuse"	17.46	0	1	4	0.0	0.0	0.0	null	851.176	0.09
1.9	0.053075	375.0	2962.5	2278.125	NaN	NaN	NaN	0	0	0	0	0	0	0	0	0	0	0	0	0	0	0	0	0	0	0	0	1	0	0	0	1	23.0	0.111	0.286	NaN	NaN	0.264	0.636	NaN	NaN	7.92	22.26	NaN	NaN	0.0	"2.5"	"F0034"	0	0	"PR"	859.223	"diffuse"	27.297	0	1	4	0.0	0.0	0.0	null	861.013	0.092
13.9	0.051975	28312.5	2793.75	2278.125	NaN	NaN	NaN	0	0	0	0	0	1	1	0	0	0	0	0	1	0	0	0	0	1	1	1	0	1	1	1	0	167.0	0.094	0.286	NaN	NaN	0.224	0.636	NaN	NaN	6.72	22.26	NaN	NaN	0.0	"2.5"	"F0034"	1	1	"PR"	869.349	"wash-en"	7.315	0	1	4	0.0	0.0	0.0	null	871.139	0.086
13.4	0.053075	26250.0	2793.75	2250.0	NaN	NaN	NaN	0	0	0	0	0	1	1	0	0	0	0	0	1	0	0	0	0	1	1	1	0	1	1	1	0	161.0	0.094	0.283	NaN	NaN	0.224	0.629	NaN	NaN	6.72	22.015	NaN	NaN	0.0	"2.5"	"F0034"	1	1	"PR"	879.385	"wash-en"	17.351	0	1	4	0.0	0.0	0.0	null	881.175	0.086
1.3	0.053075	28312.5	2784.375	2287.5	NaN	NaN	NaN	0	0	0	0	0	1	1	0	0	0	0	0	1	0	0	0	0	0	0	0	1	0	0	0	1	16.0	0.093	0.287	NaN	NaN	0.221	0.638	NaN	NaN	6.63	22.33	NaN	NaN	0.0	"2.5"	"F0034"	0	0	"PR"	889.311	"wash-sc"	7.116	0	1	4	0.0	0.0	0.0	null	891.101	0.084
1.5	0.053075	-937.5	2512.5	2287.5	NaN	NaN	NaN	0	0	0	0	1	0	0	0	0	0	0	0	0	0	0	0	0	0	0	0	1	0	0	0	1	18.0	0.066	0.287	NaN	NaN	0.157	0.638	NaN	NaN	4.71	22.33	NaN	NaN	0.0	"2.5"	"F0034"	0	0	"PR"	899.349	"drain-rg"	7.024	0	1	4	0.0	0.0	0.0	null	901.139	0.086
1.7	0.05335	-375.0	2184.375	2278.125	NaN	NaN	NaN	0	0	0	0	1	0	0	0	0	0	0	0	0	0	0	0	0	0	0	0	1	0	0	0	1	20.0	0.033	0.286	NaN	NaN	0.079	0.636	NaN	NaN	2.37	22.26	NaN	NaN	0.0	"2.5"	"F0034"	0	0	"PR"	909.388	"drain-rg"	17.063	0	1	4	0.0	0.0	0.0	null	911.178	0.086
1.7	0.053075	187.5	1790.625	2278.125	NaN	NaN	NaN	0	0	0	0	1	0	0	0	0	0	0	0	0	0	0	0	0	0	0	0	1	0	0	0	1	20.0	-0.006	0.286	NaN	NaN	-0.014	0.636	NaN	NaN	-0.42	22.26	NaN	NaN	0.0	"2.5"	"F0034"	0	0	"PR"	919.429	"drip-rg"	1.004	0	1	4	0.0	0.0	0.0	null	921.219	0.087
1.8	0.053075	-1312.5	-37.5	2287.5	NaN	NaN	NaN	0	0	0	0	1	0	0	0	0	0	0	0	0	0	0	0	0	0	0	0	1	0	0	0	1	22.0	-0.189	0.287	NaN	NaN	-0.45	0.638	NaN	NaN	-13.5	22.33	NaN	NaN	0.0	"2.5"	"F0034"	0	0	"PR"	929.465	"drip-rg"	11.04	0	1	4	0.0	0.0	0.0	null	931.255	0.084
1.3	0.05335	25312.5	1575.0	2137.5	NaN	NaN	NaN	0	0	1	0	0	1	0	0	0	0	0	0	1	0	0	0	0	0	0	0	1	0	0	0	1	16.0	-0.027	0.272	NaN	NaN	-0.064	0.604	NaN	NaN	-1.92	21.14	NaN	NaN	0.0	"2.5"	"F0034"	0	0	"FR"	5.036	"fill-rg-di"	4.835	1	1	0	935.471	0.0	0.0	null	941.136	0.084
2.7	0.051975	26812.5	2118.75	1912.5	NaN	NaN	NaN	0	0	1	0	0	1	0	0	0	0	0	0	1	0	0	0	0	0	0	0	1	0	0	0	1	32.0	0.027	0.249	NaN	NaN	0.064	0.553	NaN	NaN	1.92	19.355	NaN	NaN	0.0	"2.5"	"F0034"	0	0	"FR"	15.066	"fill-rg-di"	14.865	1	1	0	935.471	0.0	0.0	null	951.166	0.084
1.4	0.0517	28875.0	2446.875	1678.125	NaN	NaN	NaN	0	0	1	0	0	1	0	0	0	0	0	0	1	0	0	0	0	0	0	0	1	0	0	0	1	17.0	0.06	0.226	NaN	NaN	0.143	0.502	NaN	NaN	4.29	17.57	NaN	NaN	0.0	"2.5"	"F0034"	0	0	"FR"	25.1	"fill-rg-di"	24.899	1	1	0	935.471	0.0	0.0	null	961.2	0.084
1.3	0.050325	27750.0	2756.25	1415.625	NaN	NaN	NaN	0	0	1	0	0	1	0	0	0	0	0	0	1	0	0	0	0	0	0	0	1	0	0	0	1	16.0	0.091	0.2	NaN	NaN	0.217	0.444	NaN	NaN	6.51	15.54	NaN	NaN	0.0	"2.5"	"F0034"	0	0	"FR"	35.144	"fill-rg-di"	34.943	1	1	0	935.471	0.0	0.0	null	971.244	0.083
1.6	0.049225	28125.0	3065.625	1181.25	NaN	NaN	NaN	0	0	1	0	0	1	0	0	0	0	0	0	1	0	0	0	0	0	0	0	1	0	0	0	1	19.0	0.122	0.176	NaN	NaN	0.29	0.391	NaN	NaN	8.7	13.685	NaN	NaN	0.0	"2.5"	"F0034"	0	0	"FR"	45.183	"fill-rg-di"	44.982	1	1	0	935.471	0.0	0.0	null	981.283	0.084
1.5	0.048125	-2625.0	2906.25	1003.125	NaN	NaN	NaN	0	0	0	0	1	0	0	0	0	0	0	0	0	0	0	0	0	0	0	0	1	0	0	0	1	18.0	0.106	0.158	NaN	NaN	0.252	0.351	NaN	NaN	7.56	12.285	NaN	NaN	0.0	"2.5"	"F0034"	0	0	"FR"	55.222	"drain-rg"	3.414	1	1	0	935.471	0.0	0.0	null	991.322	0.087
1.9	0.048675	-5250.0	2587.5	993.75	NaN	NaN	NaN	0	0	0	0	1	0	0	0	0	0	0	0	0	0	0	0	0	0	0	0	1	0	0	0	1	23.0	0.074	0.157	NaN	NaN	0.176	0.349	NaN	NaN	5.28	12.215	NaN	NaN	0.0	"2.5"	"F0034"	0	0	"FR"	65.259	"drain-rg"	13.451	1	1	0	935.471	0.0	0.0	null	1001.359	0.086
1.3	0.0484	-7312.5	2240.625	993.75	NaN	NaN	NaN	0	0	0	0	1	0	0	0	0	0	0	0	0	0	0	0	0	0	0	0	1	0	0	0	1	16.0	0.039	0.157	NaN	NaN	0.093	0.349	NaN	NaN	2.79	12.215	NaN	NaN	0.0	"2.5"	"F0034"	0	0	"FR"	75.094	"drain-rg"	23.286	1	1	0	935.471	0.0	0.0	null	1011.194	0.083
0.6	0.048125	-8250.0	1846.875	993.75	NaN	NaN	NaN	0	0	0	0	1	0	0	0	0	0	0	0	0	0	0	0	0	0	0	0	1	0	0	0	1	7.0	-0.0	0.157	NaN	NaN	-0.0	0.349	NaN	NaN	-0.0	12.215	NaN	NaN	0.0	"2.5"	"F0034"	0	0	"FR"	85.131	"drain-rg"	33.323	1	1	0	935.471	0.0	0.0	null	1021.231	0.084
1.3	0.0484	-7312.5	1237.5	965.625	NaN	NaN	NaN	0	0	0	0	1	0	0	0	0	0	0	0	0	0	0	0	0	0	0	0	1	0	0	0	1	16.0	-0.061	0.155	NaN	NaN	-0.145	0.344	NaN	NaN	-4.35	12.04	NaN	NaN	0.0	"2.5"	"F0034"	0	0	"FR"	95.164	"drip-rg"	8.829	1	1	0	935.471	0.0	0.0	null	1031.264	0.086
0.7	0.048675	26250.0	1406.25	937.5	NaN	NaN	NaN	0	0	1	0	0	1	0	0	0	0	0	0	1	0	0	0	0	0	0	0	1	0	0	0	1	8.0	-0.044	0.152	NaN	NaN	-0.105	0.338	NaN	NaN	-3.15	11.83	NaN	NaN	0.0	"2.5"	"F0034"	0	0	"PR"	3.03	"fill-rg-di"	2.83	1	0	0	935.471	0.0	1037.687	null	1041.341	0.084
0.8	0.047575	26062.5	2043.75	703.125	NaN	NaN	NaN	0	0	1	0	0	1	0	0	0	0	0	0	1	0	0	0	0	0	0	0	1	0	0	0	1	10.0	0.019	0.128	NaN	NaN	0.045	0.284	NaN	NaN	1.35	9.94	NaN	NaN	0.0	"2.5"	"F0034"	0	0	"PR"	13.065	"fill-rg-di"	12.865	1	0	0	935.471	0.0	1037.687	null	1051.376	0.084
1.7	0.047025	27000.0	2371.875	421.875	NaN	NaN	NaN	0	0	1	0	0	1	0	0	0	0	0	0	1	0	0	0	0	0	0	0	1	0	0	0	1	20.0	0.052	0.1	NaN	NaN	0.124	0.222	NaN	NaN	3.72	7.77	NaN	NaN	0.0	"2.5"	"F0034"	0	0	"PR"	23.107	"fill-rg-di"	22.907	1	0	0	935.471	0.0	1037.687	null	1061.418	0.086
1.8	0.0462	26437.5	2671.875	159.375	NaN	NaN	NaN	0	0	1	0	0	1	0	0	0	0	0	0	1	0	0	0	0	0	0	0	1	0	0	0	1	22.0	0.082	0.074	NaN	NaN	0.195	0.164	NaN	NaN	5.85	5.74	NaN	NaN	0.0	"2.5"	"F0034"	0	0	"PR"	32.941	"fill-rg-di"	32.741	1	0	0	935.471	0.0	1037.687	null	1071.252	0.087
1.8	0.04565	2250.0	2765.625	262.5	NaN	NaN	NaN	1	0	0	0	0	0	0	0	0	0	0	0	0	1	0	0	0	0	0	0	1	0	0	0	1	22.0	0.092	0.084	NaN	NaN	0.219	0.187	NaN	NaN	6.57	6.545	NaN	NaN	0.0	"2.5"	"F0034"	0	0	"PR"	42.976	"fill-di-lb"	6.823	1	0	0	935.471	0.0	1037.687	null	1081.287	0.086
1.3	0.0462	2625.0	2756.25	562.5	NaN	NaN	NaN	1	0	0	0	0	0	0	0	0	0	0	0	0	1	0	0	0	0	0	0	1	0	0	0	1	16.0	0.091	0.114	NaN	NaN	0.217	0.253	NaN	NaN	6.51	8.855	NaN	NaN	0.0	"2.5"	"F0034"	0	0	"PR"	53.011	"fill-di-lb"	16.858	1	0	0	935.471	0.0	1037.687	null	1091.322	0.087
1.8	0.04565	1500.0	2765.625	834.375	NaN	NaN	NaN	1	0	0	0	0	0	0	0	0	0	0	0	0	1	0	0	0	0	0	0	1	0	0	0	1	22.0	0.092	0.141	NaN	NaN	0.219	0.313	NaN	NaN	6.57	10.955	NaN	NaN	0.0	"2.5"	"F0034"	0	0	"PR"	63.049	"fill-di-lb"	26.896	1	0	0	935.471	0.0	1037.687	null	1101.36	0.083
1.4	0.045375	-187.5	2756.25	1106.25	NaN	NaN	NaN	1	0	0	0	0	0	0	0	0	0	0	0	0	1	0	0	0	0	0	0	1	0	0	0	1	17.0	0.091	0.169	NaN	NaN	0.217	0.376	NaN	NaN	6.51	13.16	NaN	NaN	0.0	"2.5"	"F0034"	0	0	"PR"	73.084	"fill-di-lb"	36.931	1	0	0	935.471	0.0	1037.687	null	1111.395	0.083
1.4	0.04565	562.5	2756.25	1425.0	NaN	NaN	NaN	1	0	0	0	0	0	0	0	0	0	0	0	0	1	0	0	0	0	0	0	1	0	0	0	1	17.0	0.091	0.2	NaN	NaN	0.217	0.444	NaN	NaN	6.51	15.54	NaN	NaN	0.0	"2.5"	"F0034"	0	0	"PR"	83.121	"fill-di-lb"	46.968	1	0	0	935.471	0.0	1037.687	null	1121.432	0.085
2.5	0.04565	937.5	2775.0	1687.5	NaN	NaN	NaN	1	0	0	0	0	0	0	0	0	0	0	0	0	1	0	0	0	0	0	0	1	0	0	0	1	30.0	0.093	0.227	NaN	NaN	0.221	0.504	NaN	NaN	6.63	17.64	NaN	NaN	0.0	"2.5"	"F0034"	0	0	"PR"	93.159	"fill-di-lb"	57.006	1	0	0	935.471	0.0	1037.687	null	1131.47	0.083
1.3	0.04565	1312.5	2765.625	1978.125	NaN	NaN	NaN	1	0	0	0	0	0	0	0	0	0	0	0	0	1	0	0	0	0	0	0	1	0	0	0	1	16.0	0.092	0.256	NaN	NaN	0.219	0.569	NaN	NaN	6.57	19.915	NaN	NaN	0.0	"2.5"	"F0034"	0	0	"PR"	103.195	"fill-di-lb"	67.042	1	0	0	935.471	0.0	1037.687	null	1141.506	0.084
1.2	0.045925	1500.0	2756.25	2231.25	NaN	NaN	NaN	1	0	0	0	0	0	0	0	0	0	0	0	0	1	0	0	0	0	0	0	1	0	0	0	1	14.0	0.091	0.281	NaN	NaN	0.217	0.624	NaN	NaN	6.51	21.84	NaN	NaN	0.0	"2.5"	"F0034"	0	0	"PR"	113.033	"fill-di-lb"	76.88	1	0	0	935.471	0.0	1037.687	null	1151.344	0.086
2.8	0.0462	2625.0	2981.25	2165.625	NaN	NaN	NaN	1	0	0	0	0	0	0	0	0	0	0	0	0	1	0	0	0	0	0	0	1	0	0	0	1	34.0	0.113	0.275	NaN	NaN	0.269	0.611	NaN	NaN	8.07	21.385	NaN	NaN	0.0	"2.5"	"F0034"	0	0	"PR"	123.065	"fill-di"	2.408	1	0	0	935.471	0.0	1037.687	null	1161.376	0.087
12.5	0.0451	29062.5	2953.125	2615.625	NaN	NaN	NaN	0	1	1	0	0	0	0	0	0	0	0	0	1	0	0	0	0	1	1	1	0	1	1	1	0	150.0	0.11	0.32	NaN	NaN	0.262	0.711	NaN	NaN	7.86	24.885	NaN	NaN	0.0	"2.5"	"F0034"	1	1	"PR"	133.105	"deionize"	7.231	1	1	0	935.471	0.0	1037.687	null	1171.416	0.089
12.4	0.044825	29625.0	2971.875	2550.0	NaN	NaN	NaN	0	1	1	0	0	0	0	0	0	0	0	0	1	0	0	0	0	1	1	1	0	1	1	1	0	149.0	0.112	0.313	NaN	NaN	0.267	0.696	NaN	NaN	8.01	24.36	NaN	NaN	0.0	"2.5"	"F0034"	1	1	"PR"	143.143	"deionize"	17.269	1	1	0	935.471	0.0	1037.687	null	1181.454	0.09
12.0	0.044	32062.5	2971.875	2550.0	NaN	NaN	NaN	0	1	1	0	0	0	0	0	0	0	0	0	1	0	0	0	0	1	1	1	0	1	1	1	0	144.0	0.112	0.313	NaN	NaN	0.267	0.696	NaN	NaN	8.01	24.36	NaN	NaN	0.0	"2.5"	"F0034"	1	1	"PR"	153.177	"deionize"	27.303	1	1	0	935.471	0.0	1037.687	null	1191.488	0.088
12.6	0.0429	30937.5	2971.875	2559.375	NaN	NaN	NaN	0	1	1	0	0	0	0	0	0	0	0	0	1	0	0	0	0	1	1	1	0	1	1	1	0	151.0	0.112	0.314	NaN	NaN	0.267	0.698	NaN	NaN	8.01	24.43	NaN	NaN	0.0	"2.5"	"F0034"	1	1	"PR"	163.215	"deionize"	37.341	1	1	0	935.471	0.0	1037.687	null	1201.526	0.086
12.2	0.0418	30375.0	2962.5	2475.0	NaN	NaN	NaN	0	1	1	0	0	0	0	0	0	0	0	0	1	0	0	0	0	1	1	1	0	1	1	1	0	146.0	0.111	0.305	NaN	NaN	0.264	0.678	NaN	NaN	7.92	23.73	NaN	NaN	0.0	"2.5"	"F0034"	1	1	"PR"	173.25	"deionize"	47.376	1	1	0	935.471	0.0	1037.687	null	1211.561	0.087
11.9	0.04125	29812.5	2943.75	2568.75	NaN	NaN	NaN	0	1	1	0	0	0	0	0	0	0	0	0	1	0	0	0	0	1	1	1	0	1	1	1	0	143.0	0.109	0.315	NaN	NaN	0.26	0.7	NaN	NaN	7.8	24.5	NaN	NaN	0.0	"2.5"	"F0034"	1	1	"PR"	183.29	"deionize"	57.416	1	1	0	935.471	0.0	1037.687	null	1221.601	0.084
14.0	0.039875	30187.5	2943.75	2550.0	NaN	NaN	NaN	0	1	1	0	0	0	0	0	0	0	0	0	1	0	0	0	0	1	1	1	0	1	1	1	0	168.0	0.109	0.313	NaN	NaN	0.26	0.696	NaN	NaN	7.8	24.36	NaN	NaN	0.0	"2.5"	"F0034"	1	1	"PR"	193.13	"deionize"	67.256	1	1	0	935.471	0.0	1037.687	null	1231.441	0.09
12.5	0.039325	29812.5	2981.25	2493.75	NaN	NaN	NaN	0	1	1	0	0	0	0	0	0	0	0	0	1	0	0	0	0	1	1	1	0	1	1	1	0	150.0	0.113	0.307	NaN	NaN	0.269	0.682	NaN	NaN	8.07	23.87	NaN	NaN	0.0	"2.5"	"F0034"	1	1	"PR"	203.169	"deionize"	77.295	1	1	0	935.471	0.0	1037.687	null	1241.48	0.09
13.3	0.038775	30000.0	2934.375	2493.75	NaN	NaN	NaN	0	1	1	0	0	0	0	0	0	0	0	0	1	0	0	0	0	1	1	1	0	1	1	1	0	160.0	0.108	0.307	NaN	NaN	0.257	0.682	NaN	NaN	7.71	23.87	NaN	NaN	0.0	"2.5"	"F0034"	1	1	"PR"	213.209	"deionize"	87.335	1	1	0	935.471	0.0	1037.687	null	1251.52	0.09
13.3	0.038225	30937.5	2943.75	2475.0	NaN	NaN	NaN	0	1	1	0	0	0	0	0	0	0	0	0	1	0	0	0	0	1	1	1	0	1	1	1	0	160.0	0.109	0.305	NaN	NaN	0.26	0.678	NaN	NaN	7.8	23.73	NaN	NaN	0.0	"2.5"	"F0034"	1	1	"PR"	223.242	"deionize"	97.368	1	1	0	935.471	0.0	1037.687	null	1261.553	0.09
12.5	0.037675	30562.5	2953.125	2475.0	NaN	NaN	NaN	0	1	1	0	0	0	0	0	0	0	0	0	1	0	0	0	0	1	1	1	0	1	1	1	0	150.0	0.11	0.305	NaN	NaN	0.262	0.678	NaN	NaN	7.86	23.73	NaN	NaN	0.0	"2.5"	"F0034"	1	1	"PR"	233.281	"deionize"	107.407	1	1	0	935.471	0.0	1037.687	null	1271.592	0.087
13.3	0.037125	30750.0	2971.875	2475.0	NaN	NaN	NaN	0	1	1	0	0	0	0	0	0	0	0	0	1	0	0	0	0	1	1	1	0	1	1	1	0	160.0	0.112	0.305	NaN	NaN	0.267	0.678	NaN	NaN	8.01	23.73	NaN	NaN	0.0	"2.5"	"F0034"	1	1	"PR"	243.321	"deionize"	117.447	1	1	0	935.471	0.0	1037.687	null	1281.632	0.092
11.9	0.0363	31312.5	2971.875	2390.625	NaN	NaN	NaN	0	1	1	0	0	0	0	0	0	0	0	0	1	0	0	0	0	1	1	1	0	1	1	1	0	143.0	0.112	0.297	NaN	NaN	0.267	0.66	NaN	NaN	8.01	23.1	NaN	NaN	0.0	"2.5"	"F0034"	1	1	"PR"	253.356	"deionize"	127.482	1	1	0	935.471	0.0	1037.687	null	1291.667	0.09
12.2	0.036025	31500.0	2971.875	2465.625	NaN	NaN	NaN	0	1	1	0	0	0	0	0	0	0	0	0	1	0	0	0	0	1	1	1	0	1	1	1	0	146.0	0.112	0.305	NaN	NaN	0.267	0.678	NaN	NaN	8.01	23.73	NaN	NaN	0.0	"2.5"	"F0034"	1	1	"PR"	263.197	"deionize"	137.323	1	1	0	935.471	0.0	1037.687	null	1301.508	0.093
12.4	0.0352	32062.5	2971.875	2437.5	NaN	NaN	NaN	0	1	1	0	0	0	0	0	0	0	0	0	1	0	0	0	0	1	1	1	0	1	1	1	0	149.0	0.112	0.302	NaN	NaN	0.267	0.671	NaN	NaN	8.01	23.485	NaN	NaN	0.0	"2.5"	"F0034"	1	1	"PR"	273.233	"deionize"	147.359	1	1	0	935.471	0.0	1037.687	null	1311.544	0.091
12.3	0.03575	30000.0	2962.5	2437.5	NaN	NaN	NaN	0	1	1	0	0	0	0	0	0	0	0	0	1	0	0	0	0	1	1	1	0	1	1	1	0	148.0	0.111	0.302	NaN	NaN	0.264	0.671	NaN	NaN	7.92	23.485	NaN	NaN	0.0	"2.5"	"F0034"	1	1	"PR"	283.268	"deionize"	157.394	1	1	0	935.471	0.0	1037.687	null	1321.579	0.09
12.6	0.034925	30000.0	2962.5	2390.625	NaN	NaN	NaN	0	1	1	0	0	0	0	0	0	0	0	0	1	0	0	0	0	1	1	1	0	1	1	1	0	151.0	0.111	0.297	NaN	NaN	0.264	0.66	NaN	NaN	7.92	23.1	NaN	NaN	0.0	"2.5"	"F0034"	1	1	"PR"	293.307	"deionize"	167.433	1	1	0	935.471	0.0	1037.687	null	1331.618	0.093
14.3	0.03465	30187.5	2953.125	2465.625	NaN	NaN	NaN	0	1	1	0	0	0	0	0	0	0	0	0	1	0	0	0	0	1	1	1	0	1	1	1	0	172.0	0.11	0.305	NaN	NaN	0.262	0.678	NaN	NaN	7.86	23.73	NaN	NaN	0.0	"2.5"	"F0034"	1	1	"PR"	303.342	"deionize"	177.468	1	1	0	935.471	0.0	1037.687	null	1341.653	0.09
12.6	0.03465	30187.5	2981.25	2484.375	NaN	NaN	NaN	0	1	1	0	0	0	0	0	0	0	0	0	1	0	0	0	0	1	1	1	0	1	1	1	0	151.0	0.113	0.306	NaN	NaN	0.269	0.68	NaN	NaN	8.07	23.8	NaN	NaN	0.0	"2.5"	"F0034"	1	1	"PR"	313.378	"deionize"	187.504	1	1	0	935.471	0.0	1037.687	null	1351.689	0.091
12.3	0.033825	32062.5	2953.125	2437.5	NaN	NaN	NaN	0	1	1	0	0	0	0	0	0	0	0	0	1	0	0	0	0	1	1	1	0	1	1	1	0	148.0	0.11	0.302	NaN	NaN	0.262	0.671	NaN	NaN	7.86	23.485	NaN	NaN	0.0	"2.5"	"F0034"	1	1	"PR"	323.417	"deionize"	197.543	1	1	0	935.471	0.0	1037.687	null	1361.728	0.09
11.7	0.033825	30000.0	2971.875	2456.25	NaN	NaN	NaN	0	1	1	0	0	0	0	0	0	0	0	0	1	0	0	0	0	1	1	1	0	1	1	1	0	140.0	0.112	0.304	NaN	NaN	0.267	0.676	NaN	NaN	8.01	23.66	NaN	NaN	0.0	"2.5"	"F0034"	1	1	"PR"	333.451	"deionize"	207.577	1	1	0	935.471	0.0	1037.687	null	1371.762	0.091
12.8	0.033275	29250.0	2990.625	2390.625	NaN	NaN	NaN	0	1	1	0	0	0	0	0	0	0	0	0	1	0	0	0	0	1	1	1	0	1	1	1	0	154.0	0.114	0.297	NaN	NaN	0.271	0.66	NaN	NaN	8.13	23.1	NaN	NaN	0.0	"2.5"	"F0034"	1	1	"PR"	343.286	"deionize"	217.412	1	1	0	935.471	0.0	1037.687	null	1381.597	0.087
12.4	0.03245	29437.5	2953.125	2390.625	NaN	NaN	NaN	0	1	1	0	0	0	0	0	0	0	0	0	1	0	0	0	0	1	1	1	0	1	1	1	0	149.0	0.11	0.297	NaN	NaN	0.262	0.66	NaN	NaN	7.86	23.1	NaN	NaN	0.0	"2.5"	"F0034"	1	1	"PR"	353.327	"deionize"	227.453	1	1	0	935.471	0.0	1037.687	null	1391.638	0.087
13.0	0.0319	31500.0	2981.25	2381.25	NaN	NaN	NaN	0	1	1	0	0	0	0	0	0	0	0	0	1	0	0	0	0	1	1	1	0	1	1	1	0	156.0	0.113	0.296	NaN	NaN	0.269	0.658	NaN	NaN	8.07	23.03	NaN	NaN	0.0	"2.5"	"F0034"	1	1	"PR"	363.362	"deionize"	237.488	1	1	0	935.471	0.0	1037.687	null	1401.673	0.087
12.3	0.03135	30937.5	2962.5	2418.75	NaN	NaN	NaN	0	1	1	0	0	0	0	0	0	0	0	0	1	0	0	0	1	1	1	1	0	1	1	1	0	148.0	0.111	0.3	NaN	NaN	0.264	0.667	NaN	NaN	7.92	23.345	NaN	NaN	0.0	"2.5"	"F0034"	1	1	"PR"	373.314	"deionize-uv"	7.342	1	1	0	935.471	0.0	1037.687	null	1411.625	0.088
12.3	0.03135	30000.0	2981.25	2409.375	NaN	NaN	NaN	0	1	1	0	0	0	0	0	0	0	0	0	1	0	0	0	1	1	1	1	0	1	1	1	0	148.0	0.113	0.299	NaN	NaN	0.269	0.664	NaN	NaN	8.07	23.24	NaN	NaN	0.0	"2.5"	"F0034"	1	1	"PR"	383.352	"deionize-uv"	17.38	1	1	0	935.471	0.0	1037.687	null	1421.663	0.086
12.7	0.030525	30750.0	2962.5	2390.625	NaN	NaN	NaN	0	1	1	0	0	0	0	0	0	0	0	0	1	0	0	0	1	1	1	1	0	1	1	1	0	152.0	0.111	0.297	NaN	NaN	0.264	0.66	NaN	NaN	7.92	23.1	NaN	NaN	0.0	"2.5"	"F0034"	1	1	"PR"	393.392	"deionize-uv"	27.42	1	1	0	935.471	0.0	1037.687	null	1431.703	0.086
12.7	0.030525	30562.5	2953.125	2475.0	NaN	NaN	NaN	0	1	1	0	0	0	0	0	0	0	0	0	1	0	0	0	1	1	1	1	0	1	1	1	0	152.0	0.11	0.305	NaN	NaN	0.262	0.678	NaN	NaN	7.86	23.73	NaN	NaN	0.0	"2.5"	"F0034"	1	1	"PR"	403.425	"deionize-uv"	37.453	1	1	0	935.471	0.0	1037.687	null	1441.736	0.086
12.9	0.0297	30562.5	2934.375	2371.875	NaN	NaN	NaN	0	1	1	0	0	0	0	0	0	0	0	0	1	0	0	0	1	1	1	1	0	1	1	1	0	155.0	0.108	0.295	NaN	NaN	0.257	0.656	NaN	NaN	7.71	22.96	NaN	NaN	0.0	"2.5"	"F0034"	1	1	"PR"	413.462	"deionize-uv"	47.49	1	1	0	935.471	0.0	1037.687	null	1451.773	0.086
11.5	0.03025	31500.0	2962.5	2400.0	NaN	NaN	NaN	0	1	1	0	0	0	0	0	0	0	0	0	1	0	0	0	1	1	1	1	0	1	1	1	0	138.0	0.111	0.298	NaN	NaN	0.264	0.662	NaN	NaN	7.92	23.17	NaN	NaN	0.0	"2.5"	"F0034"	1	1	"PR"	423.497	"deionize-uv"	57.525	1	1	0	935.471	0.0	1037.687	null	1461.808	0.088
11.8	0.02915	31125.0	2962.5	2343.75	NaN	NaN	NaN	0	1	1	0	0	0	0	0	0	0	0	0	1	0	0	0	1	1	1	1	0	1	1	1	0	142.0	0.111	0.292	NaN	NaN	0.264	0.649	NaN	NaN	7.92	22.715	NaN	NaN	0.0	"2.5"	"F0034"	1	1	"PR"	433.536	"deionize-uv"	67.564	1	1	0	935.471	0.0	1037.687	null	1471.847	0.089
11.2	0.02915	29250.0	3000.0	2437.5	NaN	NaN	NaN	0	1	1	0	0	0	0	0	0	0	0	0	1	0	0	0	1	1	1	1	0	1	1	1	0	134.0	0.115	0.302	NaN	NaN	0.274	0.671	NaN	NaN	8.22	23.485	NaN	NaN	0.0	"2.5"	"F0034"	1	1	"PR"	443.57	"deionize-uv"	77.598	1	1	0	935.471	0.0	1037.687	null	1481.881	0.09
12.3	0.028325	29250.0	2962.5	2428.125	NaN	NaN	NaN	0	1	1	0	0	0	0	0	0	0	0	0	1	0	0	0	1	1	1	1	0	1	1	1	0	148.0	0.111	0.301	NaN	NaN	0.264	0.669	NaN	NaN	7.92	23.415	NaN	NaN	0.0	"2.5"	"F0034"	1	1	"PR"	453.411	"deionize-uv"	87.439	1	1	0	935.471	0.0	1037.687	null	1491.722	0.086
10.9	0.02805	30000.0	2971.875	2437.5	NaN	NaN	NaN	0	1	1	0	0	0	0	0	0	0	0	0	1	0	0	0	1	1	1	1	0	1	1	1	0	131.0	0.112	0.302	NaN	NaN	0.267	0.671	NaN	NaN	8.01	23.485	NaN	NaN	0.0	"2.5"	"F0034"	1	1	"PR"	463.447	"deionize-uv"	97.475	1	1	0	935.471	0.0	1037.687	null	1501.758	0.084
11.4	0.02805	33562.5	2962.5	2400.0	NaN	NaN	NaN	0	1	1	0	0	0	0	0	0	0	0	0	1	0	0	0	1	1	1	1	0	1	1	1	0	137.0	0.111	0.298	NaN	NaN	0.264	0.662	NaN	NaN	7.92	23.17	NaN	NaN	0.0	"2.5"	"F0034"	1	1	"PR"	473.481	"deionize-uv"	107.509	1	1	0	935.471	0.0	1037.687	null	1511.792	0.084
9.8	0.027775	32062.5	2953.125	2437.5	NaN	NaN	NaN	0	1	1	0	0	0	0	0	0	0	0	0	1	0	0	0	1	1	1	1	0	1	1	1	0	118.0	0.11	0.302	NaN	NaN	0.262	0.671	NaN	NaN	7.86	23.485	NaN	NaN	0.0	"2.5"	"F0034"	1	1	"PR"	483.519	"deionize-uv"	117.547	1	1	0	935.471	0.0	1037.687	null	1521.83	0.084
10.8	0.0275	30000.0	2962.5	1884.375	NaN	NaN	NaN	0	0	1	0	0	0	0	1	0	0	0	0	1	0	0	0	1	1	1	1	0	1	1	1	0	130.0	0.111	0.246	NaN	NaN	0.264	0.547	NaN	NaN	7.92	19.145	NaN	NaN	0.0	"2.5"	"F0034"	1	1	"PR"	493.481	"drain-di-1"	7.352	1	1	0	935.471	0.0	1037.687	null	1531.792	0.084
11.1	0.02695	29250.0	2962.5	1659.375	NaN	NaN	NaN	0	0	1	0	0	0	0	1	0	0	0	0	1	0	0	0	1	1	1	1	0	1	1	1	0	133.0	0.111	0.224	NaN	NaN	0.264	0.498	NaN	NaN	7.92	17.43	NaN	NaN	0.0	"2.5"	"F0034"	1	1	"PR"	503.517	"drain-di-1"	17.388	1	1	0	935.471	0.0	1037.687	null	1541.828	0.087
10.8	0.02695	29625.0	2962.5	1406.25	NaN	NaN	NaN	0	0	1	0	0	0	0	1	0	0	0	0	1	0	0	0	1	1	1	1	0	1	1	1	0	130.0	0.111	0.199	NaN	NaN	0.264	0.442	NaN	NaN	7.92	15.47	NaN	NaN	0.0	"2.5"	"F0034"	1	1	"PR"	513.553	"drain-di-1"	27.424	1	1	0	935.471	0.0	1037.687	null	1551.864	0.084
10.9	0.02695	29437.5	2962.5	1134.375	NaN	NaN	NaN	0	0	1	0	0	0	0	1	0	0	0	0	1	0	0	0	1	1	1	1	0	1	1	1	0	131.0	0.111	0.171	NaN	NaN	0.264	0.38	NaN	NaN	7.92	13.3	NaN	NaN	0.0	"2.5"	"F0034"	1	1	"PR"	523.593	"drain-di-1"	37.464	1	1	0	935.471	0.0	1037.687	null	1561.904	0.086
10.6	0.026675	30187.5	2962.5	900.0	NaN	NaN	NaN	0	0	1	0	0	0	0	1	0	0	0	0	1	0	0	0	1	1	1	1	0	1	1	1	0	127.0	0.111	0.148	NaN	NaN	0.264	0.329	NaN	NaN	7.92	11.515	NaN	NaN	0.0	"2.5"	"F0034"	1	1	"PR"	533.63	"drain-di-1"	47.501	1	1	0	935.471	0.0	1037.687	null	1571.941	0.087
9.7	0.026125	29812.5	2981.25	646.875	NaN	NaN	NaN	0	0	1	0	0	0	0	1	0	0	0	0	1	0	0	0	1	1	1	1	0	1	1	1	0	116.0	0.113	0.123	NaN	NaN	0.269	0.273	NaN	NaN	8.07	9.555	NaN	NaN	0.0	"2.5"	"F0034"	1	1	"PR"	543.656	"drain-di-1"	57.527	1	1	0	935.471	0.0	1037.687	null	1581.967	0.087
10.4	0.02585	29812.5	2943.75	375.0	NaN	NaN	NaN	0	0	1	0	0	0	0	1	0	0	0	0	1	0	0	0	1	1	1	1	0	1	1	1	0	125.0	0.109	0.096	NaN	NaN	0.26	0.213	NaN	NaN	7.8	7.455	NaN	NaN	0.0	"2.5"	"F0034"	1	1	"PR"	553.692	"drain-di-1"	67.563	1	1	0	935.471	0.0	1037.687	null	1592.003	0.088
10.8	0.025575	30000.0	2953.125	131.25	NaN	NaN	NaN	0	0	1	0	0	0	0	1	0	0	0	0	1	0	0	0	1	1	1	1	0	1	1	1	0	130.0	0.11	0.071	NaN	NaN	0.262	0.158	NaN	NaN	7.86	5.53	NaN	NaN	0.0	"2.5"	"F0034"	1	1	"PR"	563.528	"drain-di-1"	77.399	1	1	0	935.471	0.0	1037.687	null	1601.839	0.084
9.9	0.02585	30375.0	2953.125	-103.125	NaN	NaN	NaN	0	0	1	0	0	0	0	1	0	0	0	0	1	0	0	0	1	1	1	1	0	1	1	1	0	119.0	0.11	0.048	NaN	NaN	0.262	0.107	NaN	NaN	7.86	3.745	NaN	NaN	0.0	"2.5"	"F0034"	1	1	"PR"	573.674	"drip-di-1"	7.335	1	1	0	935.471	0.0	1037.687	null	1611.985	0.087
-10.6	0.025575	27375.0	2765.625	-28.125	NaN	NaN	NaN	1	0	0	0	0	1	1	0	0	0	0	0	1	1	0	0	0	1	1	0	1	1	1	0	1	-127.0	0.092	0.055	NaN	NaN	0.219	0.122	NaN	NaN	6.57	4.27	NaN	NaN	0.0	"2.5"	"F0034"	1	0	"PR"	583.682	"reverse-f"	2.175	1	1	0	935.471	0.0	1037.687	null	1621.993	0.084
-12.9	0.027225	25312.5	2793.75	187.5	NaN	NaN	NaN	1	0	0	0	0	1	1	0	0	0	0	0	1	1	0	0	0	1	1	0	1	1	1	0	1	-155.0	0.094	0.077	NaN	NaN	0.224	0.171	NaN	NaN	6.72	5.985	NaN	NaN	0.0	"2.5"	"F0034"	1	0	"PR"	593.721	"reverse-f"	12.214	1	1	0	935.471	0.0	1037.687	null	1632.032	0.085
-12.1	0.03025	28125.0	2821.875	487.5	NaN	NaN	NaN	1	0	0	0	0	1	1	0	0	0	0	0	1	1	0	0	0	1	1	0	1	1	1	0	1	-145.0	0.097	0.107	NaN	NaN	0.231	0.238	NaN	NaN	6.93	8.33	NaN	NaN	0.0	"2.5"	"F0034"	1	0	"PR"	603.751	"reverse-f"	22.244	1	1	0	935.471	0.0	1037.687	null	1642.062	0.083
-13.5	0.03245	28125.0	2831.25	759.375	NaN	NaN	NaN	1	0	0	0	0	1	1	0	0	0	0	0	1	1	0	0	0	1	1	0	1	1	1	0	1	-162.0	0.098	0.134	NaN	NaN	0.233	0.298	NaN	NaN	6.99	10.43	NaN	NaN	0.0	"2.5"	"F0034"	1	0	"PR"	613.588	"reverse-f"	32.081	1	1	0	935.471	0.0	1037.687	null	1651.899	0.083
-12.4	0.035475	28312.5	2812.5	1050.0	NaN	NaN	NaN	1	0	0	0	0	1	1	0	0	0	0	0	1	1	0	0	0	1	1	0	1	1	1	0	1	-149.0	0.096	0.163	NaN	NaN	0.229	0.362	NaN	NaN	6.87	12.67	NaN	NaN	0.0	"2.5"	"F0034"	1	0	"PR"	623.627	"reverse-f"	42.12	1	1	0	935.471	0.0	1037.687	null	1661.938	0.084
-12.5	0.03795	25125.0	2812.5	1340.625	NaN	NaN	NaN	1	0	0	0	0	1	1	0	0	0	0	0	1	1	0	0	0	1	1	0	1	1	1	0	1	-150.0	0.096	0.192	NaN	NaN	0.229	0.427	NaN	NaN	6.87	14.945	NaN	NaN	0.0	"2.5"	"F0034"	1	0	"PR"	633.66	"reverse-f"	52.153	1	1	0	935.471	0.0	1037.687	null	1671.971	0.083
-11.3	0.0396	27937.5	2793.75	1593.75	NaN	NaN	NaN	1	0	0	0	0	1	1	0	0	0	0	0	1	1	0	0	0	1	1	0	1	1	1	0	1	-136.0	0.094	0.217	NaN	NaN	0.224	0.482	NaN	NaN	6.72	16.87	NaN	NaN	0.0	"2.5"	"F0034"	1	0	"PR"	643.711	"reverse-f"	62.204	1	1	0	935.471	0.0	1037.687	null	1682.022	0.086
-12.8	0.042625	25312.5	2812.5	1884.375	NaN	NaN	NaN	1	0	0	0	0	1	1	0	0	0	0	0	1	1	0	0	0	1	1	0	1	1	1	0	1	-154.0	0.096	0.246	NaN	NaN	0.229	0.547	NaN	NaN	6.87	19.145	NaN	NaN	0.0	"2.5"	"F0034"	1	0	"PR"	653.741	"reverse-f"	72.234	1	1	0	935.471	0.0	1037.687	null	1692.052	0.083
-12.3	0.0451	27562.5	2775.0	2156.25	NaN	NaN	NaN	1	0	0	0	0	1	1	0	0	0	0	0	1	1	0	0	0	1	1	0	1	1	1	0	1	-148.0	0.093	0.274	NaN	NaN	0.221	0.609	NaN	NaN	6.63	21.315	NaN	NaN	0.0	"2.5"	"F0034"	1	0	"PR"	663.775	"reverse-f"	82.268	1	1	0	935.471	0.0	1037.687	null	1702.086	0.084
-12.1	0.0462	26812.5	2812.5	2250.0	NaN	NaN	NaN	0	0	0	0	0	1	1	0	0	0	0	0	1	0	0	0	0	1	1	0	1	1	1	0	1	-145.0	0.096	0.283	NaN	NaN	0.229	0.629	NaN	NaN	6.87	22.015	NaN	NaN	0.0	"2.5"	"F0034"	1	0	"PR"	673.728	"reverse"	92.221	1	1	0	935.471	0.0	1037.687	null	1712.039	0.083
-11.3	0.047575	26437.5	2784.375	2259.375	NaN	NaN	NaN	0	0	0	0	0	1	1	0	0	0	0	0	1	0	0	0	0	1	1	0	1	1	1	0	1	-136.0	0.093	0.284	NaN	NaN	0.221	0.631	NaN	NaN	6.63	22.085	NaN	NaN	0.0	"2.5"	"F0034"	1	0	"PR"	683.761	"reverse"	102.254	1	1	0	935.471	0.0	1037.687	null	1722.072	0.084
-10.9	0.049225	26812.5	2784.375	2259.375	NaN	NaN	NaN	0	0	0	0	0	1	1	0	0	0	0	0	1	0	0	0	0	1	1	0	1	1	1	0	1	-131.0	0.093	0.284	NaN	NaN	0.221	0.631	NaN	NaN	6.63	22.085	NaN	NaN	0.0	"2.5"	"F0034"	1	0	"PR"	693.797	"reverse"	112.29	1	1	0	935.471	0.0	1037.687	null	1732.108	0.084
-11.9	0.0495	27562.5	2793.75	2259.375	NaN	NaN	NaN	0	0	0	0	0	1	1	0	0	0	0	0	1	0	0	0	0	1	1	0	1	1	1	0	1	-143.0	0.094	0.284	NaN	NaN	0.224	0.631	NaN	NaN	6.72	22.085	NaN	NaN	0.0	"2.5"	"F0034"	1	0	"PR"	703.834	"reverse"	122.327	1	1	0	935.471	0.0	1037.687	null	1742.145	0.083
-12.8	0.049775	26812.5	2793.75	2268.75	NaN	NaN	NaN	0	0	0	0	0	1	1	0	0	0	0	0	1	0	0	0	0	1	1	0	1	1	1	0	1	-154.0	0.094	0.285	NaN	NaN	0.224	0.633	NaN	NaN	6.72	22.155	NaN	NaN	0.0	"2.5"	"F0034"	1	0	"PR"	713.875	"reverse"	132.368	1	1	0	935.471	0.0	1037.687	null	1752.186	0.084
-11.4	0.050325	26812.5	2793.75	2250.0	NaN	NaN	NaN	0	0	0	0	0	1	1	0	0	0	0	0	1	0	0	0	0	1	1	0	1	1	1	0	1	-137.0	0.094	0.283	NaN	NaN	0.224	0.629	NaN	NaN	6.72	22.015	NaN	NaN	0.0	"2.5"	"F0034"	1	0	"PR"	723.714	"reverse"	142.207	1	1	0	935.471	0.0	1037.687	null	1762.025	0.092
-1.5	0.0506	-187.5	2981.25	2278.125	NaN	NaN	NaN	0	0	0	0	0	0	0	0	0	0	0	0	0	0	0	0	0	0	0	0	1	0	0	0	1	-18.0	0.113	0.286	NaN	NaN	0.269	0.636	NaN	NaN	8.07	22.26	NaN	NaN	0.0	"2.5"	"F0034"	0	0	"PR"	733.841	"diffuse"	2.299	1	1	1	935.471	0.0	1037.687	null	1772.152	0.083
-1.2	0.05115	1875.0	2962.5	2268.75	NaN	NaN	NaN	0	0	0	0	0	0	0	0	0	0	0	0	0	0	0	0	0	0	0	0	1	0	0	0	1	-14.0	0.111	0.285	NaN	NaN	0.264	0.633	NaN	NaN	7.92	22.155	NaN	NaN	0.0	"2.5"	"F0034"	0	0	"PR"	743.873	"diffuse"	12.331	1	1	1	935.471	0.0	1037.687	null	1782.184	0.086
-1.7	0.05115	1500.0	2981.25	2287.5	NaN	NaN	NaN	0	0	0	0	0	0	0	0	0	0	0	0	0	0	0	0	0	0	0	0	1	0	0	0	1	-20.0	0.113	0.287	NaN	NaN	0.269	0.638	NaN	NaN	8.07	22.33	NaN	NaN	0.0	"2.5"	"F0034"	0	0	"PR"	753.917	"diffuse"	22.375	1	1	1	935.471	0.0	1037.687	null	1792.228	0.085
-12.1	0.050875	25687.5	2784.375	2240.625	NaN	NaN	NaN	0	0	0	0	0	1	1	0	0	0	0	0	1	0	0	0	0	1	1	0	1	1	1	0	1	-145.0	0.093	0.282	NaN	NaN	0.221	0.627	NaN	NaN	6.63	21.945	NaN	NaN	0.0	"2.5"	"F0034"	1	0	"PR"	763.838	"wash-en"	2.291	1	1	1	935.471	0.0	1037.687	null	1802.149	0.09
-12.4	0.0517	28875.0	2793.75	2240.625	NaN	NaN	NaN	0	0	0	0	0	1	1	0	0	0	0	0	1	0	0	0	0	1	1	0	1	1	1	0	1	-149.0	0.094	0.282	NaN	NaN	0.224	0.627	NaN	NaN	6.72	21.945	NaN	NaN	0.0	"2.5"	"F0034"	1	0	"PR"	773.874	"wash-en"	12.327	1	1	1	935.471	0.0	1037.687	null	1812.185	0.087
-0.1	0.051975	26437.5	2812.5	2278.125	NaN	NaN	NaN	0	0	0	0	0	1	1	0	0	0	0	0	1	0	0	0	0	0	0	0	1	0	0	0	1	-1.0	0.096	0.286	NaN	NaN	0.229	0.636	NaN	NaN	6.87	22.26	NaN	NaN	0.0	"2.5"	"F0034"	0	0	"PR"	783.808	"wash-sc"	2.101	1	1	1	935.471	0.0	1037.687	null	1822.119	0.091
-0.4	0.05335	375.0	2981.25	2268.75	NaN	NaN	NaN	0	0	0	0	0	0	0	0	0	0	0	0	0	0	0	0	0	0	0	0	1	0	0	0	1	-5.0	0.113	0.285	NaN	NaN	0.269	0.633	NaN	NaN	8.07	22.155	NaN	NaN	0.0	"2.5"	"F0034"	0	0	"PR"	793.841	"diffuse"	2.006	1	1	2	935.471	0.0	1037.687	null	1832.152	0.09
-0.7	0.053075	2625.0	2971.875	2268.75	NaN	NaN	NaN	0	0	0	0	0	0	0	0	0	0	0	0	0	0	0	0	0	0	0	0	1	0	0	0	1	-8.0	0.112	0.285	NaN	NaN	0.267	0.633	NaN	NaN	8.01	22.155	NaN	NaN	0.0	"2.5"	"F0034"	0	0	"PR"	803.875	"diffuse"	12.04	1	1	2	935.471	0.0	1037.687	null	1842.186	0.09
-1.2	0.052525	2437.5	2971.875	2278.125	NaN	NaN	NaN	0	0	0	0	0	0	0	0	0	0	0	0	0	0	0	0	0	0	0	0	1	0	0	0	1	-14.0	0.112	0.286	NaN	NaN	0.267	0.636	NaN	NaN	8.01	22.26	NaN	NaN	0.0	"2.5"	"F0034"	0	0	"PR"	813.913	"diffuse"	22.078	1	1	2	935.471	0.0	1037.687	null	1852.224	0.093
-11.9	0.051975	25500.0	2812.5	2259.375	NaN	NaN	NaN	0	0	0	0	0	1	1	0	0	0	0	0	1	0	0	0	0	1	1	0	1	1	1	0	1	-143.0	0.096	0.284	NaN	NaN	0.229	0.631	NaN	NaN	6.87	22.085	NaN	NaN	0.0	"2.5"	"F0034"	1	0	"PR"	823.84	"wash-en"	1.9	1	1	2	935.471	0.0	1037.687	null	1862.151	0.09
-12.2	0.051975	28875.0	2784.375	2240.625	NaN	NaN	NaN	0	0	0	0	0	1	1	0	0	0	0	0	1	0	0	0	0	1	1	0	1	1	1	0	1	-146.0	0.093	0.282	NaN	NaN	0.221	0.627	NaN	NaN	6.63	21.945	NaN	NaN	0.0	"2.5"	"F0034"	1	0	"PR"	833.879	"wash-en"	11.939	1	1	2	935.471	0.0	1037.687	null	1872.19	0.09
-0.4	0.0528	26812.5	2821.875	2268.75	NaN	NaN	NaN	0	0	0	0	0	1	1	0	0	0	0	0	1	0	0	0	0	0	0	0	1	0	0	0	1	-5.0	0.097	0.285	NaN	NaN	0.231	0.633	NaN	NaN	6.93	22.155	NaN	NaN	0.0	"2.5"	"F0034"	0	0	"PR"	844.01	"wash-sc"	1.898	1	1	2	935.471	0.0	1037.687	null	1882.321	0.093
-1.0	0.0528	375.0	2981.25	2259.375	NaN	NaN	NaN	0	0	0	0	0	0	0	0	0	0	0	0	0	0	0	0	0	0	0	0	1	0	0	0	1	-12.0	0.113	0.284	NaN	NaN	0.269	0.631	NaN	NaN	8.07	22.085	NaN	NaN	0.0	"2.5"	"F0034"	0	0	"PR"	854.043	"diffuse"	1.806	1	1	3	935.471	0.0	1037.687	null	1892.354	0.084
-1.1	0.052525	2250.0	2971.875	2268.75	NaN	NaN	NaN	0	0	0	0	0	0	0	0	0	0	0	0	0	0	0	0	0	0	0	0	1	0	0	0	1	-13.0	0.112	0.285	NaN	NaN	0.267	0.633	NaN	NaN	8.01	22.155	NaN	NaN	0.0	"2.5"	"F0034"	0	0	"PR"	863.875	"diffuse"	11.638	1	1	3	935.471	0.0	1037.687	null	1902.186	0.09
-0.8	0.053075	1875.0	2971.875	2278.125	NaN	NaN	NaN	0	0	0	0	0	0	0	0	0	0	0	0	0	0	0	0	0	0	0	0	1	0	0	0	1	-10.0	0.112	0.286	NaN	NaN	0.267	0.636	NaN	NaN	8.01	22.26	NaN	NaN	0.0	"2.5"	"F0034"	0	0	"PR"	873.916	"diffuse"	21.679	1	1	3	935.471	0.0	1037.687	null	1912.227	0.092
-8.8	0.051975	23812.5	2821.875	2278.125	NaN	NaN	NaN	0	0	0	0	0	1	1	0	0	0	0	0	1	0	0	0	0	1	1	0	1	1	1	0	1	-106.0	0.097	0.286	NaN	NaN	0.231	0.636	NaN	NaN	6.93	22.26	NaN	NaN	0.0	"2.5"	"F0034"	1	0	"PR"	884.043	"wash-en"	1.695	1	1	3	935.471	0.0	1037.687	null	1922.354	0.087
-12.7	0.052525	27562.5	2784.375	2240.625	NaN	NaN	NaN	0	0	0	0	0	1	1	0	0	0	0	0	1	0	0	0	0	1	1	0	1	1	1	0	1	-152.0	0.093	0.282	NaN	NaN	0.221	0.627	NaN	NaN	6.63	21.945	NaN	NaN	0.0	"2.5"	"F0034"	1	0	"PR"	894.078	"wash-en"	11.73	1	1	3	935.471	0.0	1037.687	null	1932.389	0.09
0.3	0.053075	26625.0	2784.375	2268.75	NaN	NaN	NaN	0	0	0	0	0	1	1	0	0	0	0	0	1	0	0	0	0	0	0	0	1	0	0	0	1	4.0	0.093	0.285	NaN	NaN	0.221	0.633	NaN	NaN	6.63	22.155	NaN	NaN	0.0	"2.5"	"F0034"	0	0	"PR"	904.008	"wash-sc"	1.495	1	1	3	935.471	0.0	1037.687	null	1942.319	0.09
0.3	0.05225	-1125.0	2981.25	2278.125	NaN	NaN	NaN	0	0	0	0	0	0	0	0	0	0	0	0	0	0	0	0	0	0	0	0	1	0	0	0	1	4.0	0.113	0.286	NaN	NaN	0.269	0.636	NaN	NaN	8.07	22.26	NaN	NaN	0.0	"2.5"	"F0034"	0	0	"PR"	914.046	"diffuse"	1.406	1	1	4	935.471	0.0	1037.687	null	1952.357	0.087
-0.8	0.052525	750.0	2981.25	2268.75	NaN	NaN	NaN	0	0	0	0	0	0	0	0	0	0	0	0	0	0	0	0	0	0	0	0	1	0	0	0	1	-10.0	0.113	0.285	NaN	NaN	0.269	0.633	NaN	NaN	8.07	22.155	NaN	NaN	0.0	"2.5"	"F0034"	0	0	"PR"	924.083	"diffuse"	11.443	1	1	4	935.471	0.0	1037.687	null	1962.394	0.087
-1.2	0.0528	2250.0	2971.875	2278.125	NaN	NaN	NaN	0	0	0	0	0	0	0	0	0	0	0	0	0	0	0	0	0	0	0	0	1	0	0	0	1	-14.0	0.112	0.286	NaN	NaN	0.267	0.636	NaN	NaN	8.01	22.26	NaN	NaN	0.0	"2.5"	"F0034"	0	0	"PR"	934.118	"diffuse"	21.478	1	1	4	935.471	0.0	1037.687	null	1972.429	0.09
-12.9	0.05225	21937.5	2784.375	2250.0	NaN	NaN	NaN	0	0	0	0	0	1	1	0	0	0	0	0	1	0	0	0	0	1	1	0	1	1	1	0	1	-155.0	0.093	0.283	NaN	NaN	0.221	0.629	NaN	NaN	6.63	22.015	NaN	NaN	0.0	"2.5"	"F0034"	1	0	"PR"	944.043	"wash-en"	1.296	1	1	4	935.471	0.0	1037.687	null	1982.354	0.087
-12.7	0.0528	27937.5	2812.5	2259.375	NaN	NaN	NaN	0	0	0	0	0	1	1	0	0	0	0	0	1	0	0	0	0	1	1	0	1	1	1	0	1	-152.0	0.096	0.284	NaN	NaN	0.229	0.631	NaN	NaN	6.87	22.085	NaN	NaN	0.0	"2.5"	"F0034"	1	0	"PR"	954.078	"wash-en"	11.331	1	1	4	935.471	0.0	1037.687	null	1992.389	0.087
0.6	0.05225	26625.0	2812.5	2250.0	NaN	NaN	NaN	0	0	0	0	0	1	1	0	0	0	0	0	1	0	0	0	0	0	0	0	1	0	0	0	1	7.0	0.096	0.283	NaN	NaN	0.229	0.629	NaN	NaN	6.87	22.015	NaN	NaN	0.0	"2.5"	"F0034"	0	0	"PR"	964.005	"wash-sc"	1.091	1	1	4	935.471	0.0	1037.687	null	2002.316	0.085
-0.1	0.052525	-2625.0	2746.875	2268.75	NaN	NaN	NaN	0	0	0	0	1	0	0	0	0	0	0	0	0	0	0	0	0	0	0	0	1	0	0	0	1	-1.0	0.09	0.285	NaN	NaN	0.214	0.633	NaN	NaN	6.42	22.155	NaN	NaN	0.0	"2.5"	"F0034"	0	0	"PR"	974.043	"drain-rg"	1.004	1	1	4	935.471	0.0	1037.687	null	2012.354	0.086
0.3	0.0528	-1312.5	2381.25	2278.125	NaN	NaN	NaN	0	0	0	0	1	0	0	0	0	0	0	0	0	0	0	0	0	0	0	0	1	0	0	0	1	4.0	0.053	0.286	NaN	NaN	0.126	0.636	NaN	NaN	3.78	22.26	NaN	NaN	0.0	"2.5"	"F0034"	0	0	"PR"	984.081	"drain-rg"	11.042	1	1	4	935.471	0.0	1037.687	null	2022.392	0.083
0.0	0.052525	-750.0	2053.125	2268.75	NaN	NaN	NaN	0	0	0	0	1	0	0	0	0	0	0	0	0	0	0	0	0	0	0	0	1	0	0	0	1	0.0	0.02	0.285	NaN	NaN	0.048	0.633	NaN	NaN	1.44	22.155	NaN	NaN	0.0	"2.5"	"F0034"	0	0	"PR"	994.123	"drain-rg"	21.084	1	1	4	935.471	0.0	1037.687	null	2032.434	0.091
0.1	0.051975	-375.0	1612.5	2287.5	NaN	NaN	NaN	0	0	0	0	1	0	0	0	0	0	0	0	0	0	0	0	0	0	0	0	1	0	0	0	1	1.0	-0.024	0.287	NaN	NaN	-0.057	0.638	NaN	NaN	-1.71	22.33	NaN	NaN	0.0	"2.5"	"F0034"	0	0	"PR"	1004.158	"drip-rg"	5.217	1	1	4	935.471	0.0	1037.687	null	2042.469	0.09
2.0	0.0528	0.0	0.0	2268.75	NaN	NaN	NaN	0	0	0	0	0	0	0	0	0	0	0	0	0	0	0	0	0	0	0	0	1	0	0	0	1	24.0	-0.185	0.285	NaN	NaN	-0.44	0.633	NaN	NaN	-13.2	22.155	NaN	NaN	0.0	"2.5"	"F0034"	0	0	"PR"	1014.195	"end"	0.2	1	1	4	935.471	0.0	1037.687	null	2052.506	0.108
0.0	0.05225	26062.5	1884.375	2053.125	NaN	NaN	NaN	0	0	1	0	0	1	0	0	0	0	0	0	1	0	0	0	0	0	0	0	1	0	0	0	1	0.0	0.003	0.263	NaN	NaN	0.007	0.584	NaN	NaN	0.21	20.44	NaN	NaN	0.0	"2.5"	"F0034"	0	0	"FR"	9.254	"fill-rg-di"	9.054	2	1	0	2052.506	0.0	1037.687	null	2062.397	0.084
-0.2	0.051425	27562.5	2250.0	1800.0	NaN	NaN	NaN	0	0	1	0	0	1	0	0	0	0	0	0	1	0	0	0	0	0	0	0	1	0	0	0	1	-2.0	0.04	0.238	NaN	NaN	0.095	0.529	NaN	NaN	2.85	18.515	NaN	NaN	0.0	"2.5"	"F0034"	0	0	"FR"	19.292	"fill-rg-di"	19.092	2	1	0	2052.506	0.0	1037.687	null	2072.435	0.087
-1.0	0.050325	29625.0	2578.125	1565.625	NaN	NaN	NaN	0	0	1	0	0	1	0	0	0	0	0	0	1	0	0	0	0	0	0	0	1	0	0	0	1	-12.0	0.073	0.215	NaN	NaN	0.174	0.478	NaN	NaN	5.22	16.73	NaN	NaN	0.0	"2.5"	"F0034"	0	0	"FR"	29.324	"fill-rg-di"	29.124	2	1	0	2052.506	0.0	1037.687	null	2082.467	0.086
-0.1	0.04895	27562.5	2878.125	1303.125	NaN	NaN	NaN	0	0	1	0	0	1	0	0	0	0	0	0	1	0	0	0	0	0	0	0	1	0	0	0	1	-1.0	0.103	0.188	NaN	NaN	0.245	0.418	NaN	NaN	7.35	14.63	NaN	NaN	0.0	"2.5"	"F0034"	0	0	"FR"	39.36	"fill-rg-di"	39.16	2	1	0	2052.506	0.0	1037.687	null	2092.503	0.087
-0.9	0.0484	27187.5	3187.5	1031.25	NaN	NaN	NaN	0	0	1	0	0	1	0	0	0	0	0	0	1	0	0	0	0	0	0	0	1	0	0	0	1	-11.0	0.134	0.161	NaN	NaN	0.319	0.358	NaN	NaN	9.57	12.53	NaN	NaN	0.0	"2.5"	"F0034"	0	0	"FR"	49.395	"fill-rg-di"	49.195	2	1	0	2052.506	0.0	1037.687	null	2102.538	0.086
-0.1	0.048125	1312.5	2746.875	965.625	NaN	NaN	NaN	0	0	0	0	1	0	0	0	0	0	0	0	0	0	0	0	0	0	0	0	1	0	0	0	1	-1.0	0.09	0.155	NaN	NaN	0.214	0.344	NaN	NaN	6.42	12.04	NaN	NaN	0.0	"2.5"	"F0034"	0	0	"FR"	59.431	"drain-rg"	7.227	2	1	0	2052.506	0.0	1037.687	null	2112.574	0.086
-0.1	0.04785	1125.0	2437.5	965.625	NaN	NaN	NaN	0	0	0	0	1	0	0	0	0	0	0	0	0	0	0	0	0	0	0	0	1	0	0	0	1	-1.0	0.059	0.155	NaN	NaN	0.14	0.344	NaN	NaN	4.2	12.04	NaN	NaN	0.0	"2.5"	"F0034"	0	0	"FR"	69.267	"drain-rg"	17.063	2	1	0	2052.506	0.0	1037.687	null	2122.41	0.085
0.8	0.04785	1875.0	2062.5	984.375	NaN	NaN	NaN	0	0	0	0	1	0	0	0	0	0	0	0	0	0	0	0	0	0	0	0	1	0	0	0	1	10.0	0.021	0.156	NaN	NaN	0.05	0.347	NaN	NaN	1.5	12.145	NaN	NaN	0.0	"2.5"	"F0034"	0	0	"FR"	79.301	"drain-rg"	27.097	2	1	0	2052.506	0.0	1037.687	null	2132.444	0.083
-0.1	0.047575	1500.0	1706.25	965.625	NaN	NaN	NaN	0	0	0	0	1	0	0	0	0	0	0	0	0	0	0	0	0	0	0	0	1	0	0	0	1	-1.0	-0.014	0.155	NaN	NaN	-0.033	0.344	NaN	NaN	-0.99	12.04	NaN	NaN	0.0	"2.5"	"F0034"	0	0	"FR"	89.336	"drip-rg"	4.015	2	1	0	2052.506	0.0	1037.687	null	2142.479	0.086
-0.1	0.0484	1312.5	0.0	956.25	NaN	NaN	NaN	0	0	0	0	1	0	0	0	0	0	0	0	0	0	0	0	0	0	0	0	1	0	0	0	1	-1.0	-0.185	0.154	NaN	NaN	-0.44	0.342	NaN	NaN	-13.2	11.97	NaN	NaN	0.0	"2.5"	"F0034"	0	0	"FR"	99.373	"drip-rg"	14.052	2	1	0	2052.506	0.0	1037.687	null	2152.516	0.088
-0.1	0.047575	27187.5	1837.5	778.125	NaN	NaN	NaN	0	0	1	0	0	1	0	0	0	0	0	0	1	0	0	0	0	0	0	0	1	0	0	0	1	-1.0	-0.001	0.136	NaN	NaN	-0.002	0.302	NaN	NaN	-0.06	10.57	NaN	NaN	0.0	"2.5"	"F0034"	0	0	"PR"	8.249	"fill-rg-di"	8.048	2	0	0	2052.506	0.0	2153.721	null	2162.591	0.087
0.3	0.0473	27375.0	2221.875	525.0	NaN	NaN	NaN	0	0	1	0	0	1	0	0	0	0	0	0	1	0	0	0	0	0	0	0	1	0	0	0	1	4.0	0.037	0.111	NaN	NaN	0.088	0.247	NaN	NaN	2.64	8.645	NaN	NaN	0.0	"2.5"	"F0034"	0	0	"PR"	18.285	"fill-rg-di"	18.084	2	0	0	2052.506	0.0	2153.721	null	2172.627	0.087
-0.1	0.0462	25687.5	2540.625	253.125	NaN	NaN	NaN	0	0	1	0	0	1	0	0	0	0	0	0	1	0	0	0	0	0	0	0	1	0	0	0	1	-1.0	0.069	0.083	NaN	NaN	0.164	0.184	NaN	NaN	4.92	6.44	NaN	NaN	0.0	"2.5"	"F0034"	0	0	"PR"	28.316	"fill-rg-di"	28.115	2	0	0	2052.506	0.0	2153.721	null	2182.658	0.084
-0.2	0.0451	2437.5	2746.875	140.625	NaN	NaN	NaN	1	0	0	0	0	0	0	0	0	0	0	0	0	1	0	0	0	0	0	0	1	0	0	0	1	-2.0	0.09	0.072	NaN	NaN	0.214	0.16	NaN	NaN	6.42	5.6	NaN	NaN	0.0	"2.5"	"F0034"	0	0	"PR"	38.351	"fill-di-lb"	2.812	2	0	0	2052.506	0.0	2153.721	null	2192.693	0.086
-0.1	0.045375	3562.5	2756.25	440.625	NaN	NaN	NaN	1	0	0	0	0	0	0	0	0	0	0	0	0	1	0	0	0	0	0	0	1	0	0	0	1	-1.0	0.091	0.102	NaN	NaN	0.217	0.227	NaN	NaN	6.51	7.945	NaN	NaN	0.0	"2.5"	"F0034"	0	0	"PR"	48.186	"fill-di-lb"	12.647	2	0	0	2052.506	0.0	2153.721	null	2202.528	0.085
-0.4	0.04565	2250.0	2728.125	740.625	NaN	NaN	NaN	1	0	0	0	0	0	0	0	0	0	0	0	0	1	0	0	0	0	0	0	1	0	0	0	1	-5.0	0.088	0.132	NaN	NaN	0.21	0.293	NaN	NaN	6.3	10.255	NaN	NaN	0.0	"2.5"	"F0034"	0	0	"PR"	58.221	"fill-di-lb"	22.682	2	0	0	2052.506	0.0	2153.721	null	2212.563	0.083
-0.3	0.045925	3750.0	2756.25	1031.25	NaN	NaN	NaN	1	0	0	0	0	0	0	0	0	0	0	0	0	1	0	0	0	0	0	0	1	0	0	0	1	-4.0	0.091	0.161	NaN	NaN	0.217	0.358	NaN	NaN	6.51	12.53	NaN	NaN	0.0	"2.5"	"F0034"	0	0	"PR"	68.263	"fill-di-lb"	32.724	2	0	0	2052.506	0.0	2153.721	null	2222.605	0.083
-0.2	0.0451	3187.5	2746.875	1331.25	NaN	NaN	NaN	1	0	0	0	0	0	0	0	0	0	0	0	0	1	0	0	0	0	0	0	1	0	0	0	1	-2.0	0.09	0.191	NaN	NaN	0.214	0.424	NaN	NaN	6.42	14.84	NaN	NaN	0.0	"2.5"	"F0034"	0	0	"PR"	78.302	"fill-di-lb"	42.763	2	0	0	2052.506	0.0	2153.721	null	2232.644	0.086
-0.1	0.04565	937.5	2746.875	1612.5	NaN	NaN	NaN	1	0	0	0	0	0	0	0	0	0	0	0	0	1	0	0	0	0	0	0	1	0	0	0	1	-1.0	0.09	0.219	NaN	NaN	0.214	0.487	NaN	NaN	6.42	17.045	NaN	NaN	0.0	"2.5"	"F0034"	0	0	"PR"	88.34	"fill-di-lb"	52.801	2	0	0	2052.506	0.0	2153.721	null	2242.682	0.083
-0.2	0.045925	2250.0	2756.25	1912.5	NaN	NaN	NaN	1	0	0	0	0	0	0	0	0	0	0	0	0	1	0	0	0	0	0	0	1	0	0	0	1	-2.0	0.091	0.249	NaN	NaN	0.217	0.553	NaN	NaN	6.51	19.355	NaN	NaN	0.0	"2.5"	"F0034"	0	0	"PR"	98.38	"fill-di-lb"	62.841	2	0	0	2052.506	0.0	2153.721	null	2252.722	0.086
0.6	0.04565	1875.0	2756.25	2203.125	NaN	NaN	NaN	1	0	0	0	0	0	0	0	0	0	0	0	0	1	0	0	0	0	0	0	1	0	0	0	1	7.0	0.091	0.278	NaN	NaN	0.217	0.618	NaN	NaN	6.51	21.63	NaN	NaN	0.0	"2.5"	"F0034"	0	0	"PR"	108.417	"fill-di-lb"	72.878	2	0	0	2052.506	0.0	2153.721	null	2262.759	0.083
1.3	0.0451	16125.0	2868.75	2062.5	NaN	NaN	NaN	1	0	0	0	0	0	0	0	0	0	0	0	0	1	0	0	0	0	0	0	1	0	0	0	1	16.0	0.102	0.264	NaN	NaN	0.243	0.587	NaN	NaN	7.29	20.545	NaN	NaN	0.0	"2.5"	"F0034"	0	0	"PR"	118.249	"fill-di"	0.401	2	0	0	2052.506	0.0	2153.721	null	2272.591	0.158
-11.9	0.0451	29437.5	2971.875	2540.625	NaN	NaN	NaN	0	1	1	0	0	0	0	0	0	0	0	0	1	0	0	0	0	1	1	0	1	1	1	0	1	-143.0	0.112	0.312	NaN	NaN	0.267	0.693	NaN	NaN	8.01	24.255	NaN	NaN	0.0	"2.5"	"F0034"	1	0	"PR"	128.296	"deionize"	4.624	2	1	0	2052.506	0.0	2153.721	null	2282.638	0.084
-12.0	0.044	30375.0	2971.875	2550.0	NaN	NaN	NaN	0	1	1	0	0	0	0	0	0	0	0	0	1	0	0	0	0	1	1	0	1	1	1	0	1	-144.0	0.112	0.313	NaN	NaN	0.267	0.696	NaN	NaN	8.01	24.36	NaN	NaN	0.0	"2.5"	"F0034"	1	0	"PR"	138.331	"deionize"	14.659	2	1	0	2052.506	0.0	2153.721	null	2292.673	0.084
-12.4	0.044	31687.5	2971.875	2475.0	NaN	NaN	NaN	0	1	1	0	0	0	0	0	0	0	0	0	1	0	0	0	0	1	1	0	1	1	1	0	1	-149.0	0.112	0.305	NaN	NaN	0.267	0.678	NaN	NaN	8.01	23.73	NaN	NaN	0.0	"2.5"	"F0034"	1	0	"PR"	148.367	"deionize"	24.695	2	1	0	2052.506	0.0	2153.721	null	2302.709	0.088
-13.4	0.042075	32625.0	2934.375	2596.875	NaN	NaN	NaN	0	1	1	0	0	0	0	0	0	0	0	0	1	0	0	0	0	1	1	0	1	1	1	0	1	-161.0	0.108	0.318	NaN	NaN	0.257	0.707	NaN	NaN	7.71	24.745	NaN	NaN	0.0	"2.5"	"F0034"	1	0	"PR"	158.404	"deionize"	34.732	2	1	0	2052.506	0.0	2153.721	null	2312.746	0.084
-12.1	0.0418	31500.0	2971.875	2587.5	NaN	NaN	NaN	0	1	1	0	0	0	0	0	0	0	0	0	1	0	0	0	0	1	1	0	1	1	1	0	1	-145.0	0.112	0.317	NaN	NaN	0.267	0.704	NaN	NaN	8.01	24.64	NaN	NaN	0.0	"2.5"	"F0034"	1	0	"PR"	168.439	"deionize"	44.767	2	1	0	2052.506	0.0	2153.721	null	2322.781	0.085
-8.6	0.041525	31312.5	2953.125	2559.375	NaN	NaN	NaN	0	1	1	0	0	0	0	0	0	0	0	0	1	0	0	0	0	1	1	0	1	1	1	0	1	-103.0	0.11	0.314	NaN	NaN	0.262	0.698	NaN	NaN	7.86	24.43	NaN	NaN	0.0	"2.5"	"F0034"	1	0	"PR"	178.48	"deionize"	54.808	2	1	0	2052.506	0.0	2153.721	null	2332.822	0.086
-11.0	0.039875	30937.5	2971.875	2540.625	NaN	NaN	NaN	0	1	1	0	0	0	0	0	0	0	0	0	1	0	0	0	0	1	1	0	1	1	1	0	1	-132.0	0.112	0.312	NaN	NaN	0.267	0.693	NaN	NaN	8.01	24.255	NaN	NaN	0.0	"2.5"	"F0034"	1	0	"PR"	188.517	"deionize"	64.845	2	1	0	2052.506	0.0	2153.721	null	2342.859	0.084
-11.4	0.0396	29437.5	2962.5	2540.625	NaN	NaN	NaN	0	1	1	0	0	0	0	0	0	0	0	0	1	0	0	0	0	1	1	0	1	1	1	0	1	-137.0	0.111	0.312	NaN	NaN	0.264	0.693	NaN	NaN	7.92	24.255	NaN	NaN	0.0	"2.5"	"F0034"	1	0	"PR"	198.355	"deionize"	74.683	2	1	0	2052.506	0.0	2153.721	null	2352.697	0.087
-11.7	0.038775	30562.5	2962.5	2475.0	NaN	NaN	NaN	0	1	1	0	0	0	0	0	0	0	0	0	1	0	0	0	0	1	1	0	1	1	1	0	1	-140.0	0.111	0.305	NaN	NaN	0.264	0.678	NaN	NaN	7.92	23.73	NaN	NaN	0.0	"2.5"	"F0034"	1	0	"PR"	208.394	"deionize"	84.722	2	1	0	2052.506	0.0	2153.721	null	2362.736	0.091
-12.1	0.038225	30750.0	2943.75	2475.0	NaN	NaN	NaN	0	1	1	0	0	0	0	0	0	0	0	0	1	0	0	0	0	1	1	0	1	1	1	0	1	-145.0	0.109	0.305	NaN	NaN	0.26	0.678	NaN	NaN	7.8	23.73	NaN	NaN	0.0	"2.5"	"F0034"	1	0	"PR"	218.427	"deionize"	94.755	2	1	0	2052.506	0.0	2153.721	null	2372.769	0.09
-11.6	0.037675	30937.5	2981.25	2521.875	NaN	NaN	NaN	0	1	1	0	0	0	0	0	0	0	0	0	1	0	0	0	0	1	1	0	1	1	1	0	1	-139.0	0.113	0.31	NaN	NaN	0.269	0.689	NaN	NaN	8.07	24.115	NaN	NaN	0.0	"2.5"	"F0034"	1	0	"PR"	228.468	"deionize"	104.796	2	1	0	2052.506	0.0	2153.721	null	2382.81	0.085
-11.9	0.037125	31312.5	2971.875	2428.125	NaN	NaN	NaN	0	1	1	0	0	0	0	0	0	0	0	0	1	0	0	0	0	1	1	0	1	1	1	0	1	-143.0	0.112	0.301	NaN	NaN	0.267	0.669	NaN	NaN	8.01	23.415	NaN	NaN	0.0	"2.5"	"F0034"	1	0	"PR"	238.507	"deionize"	114.835	2	1	0	2052.506	0.0	2153.721	null	2392.849	0.087
-11.7	0.036575	32250.0	2971.875	2418.75	NaN	NaN	NaN	0	1	1	0	0	0	0	0	0	0	0	0	1	0	0	0	0	1	1	0	1	1	1	0	1	-140.0	0.112	0.3	NaN	NaN	0.267	0.667	NaN	NaN	8.01	23.345	NaN	NaN	0.0	"2.5"	"F0034"	1	0	"PR"	248.544	"deionize"	124.872	2	1	0	2052.506	0.0	2153.721	null	2402.886	0.084
-12.3	0.037125	32062.5	3009.375	2400.0	NaN	NaN	NaN	0	1	1	0	0	0	0	0	0	0	0	0	1	0	0	0	0	1	1	0	1	1	1	0	1	-148.0	0.116	0.298	NaN	NaN	0.276	0.662	NaN	NaN	8.28	23.17	NaN	NaN	0.0	"2.5"	"F0034"	1	0	"PR"	258.587	"deionize"	134.915	2	1	0	2052.506	0.0	2153.721	null	2412.929	0.085
-12.4	0.03575	32625.0	2971.875	2343.75	NaN	NaN	NaN	0	1	1	0	0	0	0	0	0	0	0	0	1	0	0	0	0	1	1	0	1	1	1	0	1	-149.0	0.112	0.292	NaN	NaN	0.267	0.649	NaN	NaN	8.01	22.715	NaN	NaN	0.0	"2.5"	"F0034"	1	0	"PR"	268.422	"deionize"	144.75	2	1	0	2052.506	0.0	2153.721	null	2422.764	0.087
-12.6	0.036025	31687.5	2981.25	2512.5	NaN	NaN	NaN	0	1	1	0	0	0	0	0	0	0	0	0	1	0	0	0	0	1	1	0	1	1	1	0	1	-151.0	0.113	0.309	NaN	NaN	0.269	0.687	NaN	NaN	8.07	24.045	NaN	NaN	0.0	"2.5"	"F0034"	1	0	"PR"	278.459	"deionize"	154.787	2	1	0	2052.506	0.0	2153.721	null	2432.801	0.092
-11.9	0.035475	32250.0	2981.25	2437.5	NaN	NaN	NaN	0	1	1	0	0	0	0	0	0	0	0	0	1	0	0	0	0	1	1	0	1	1	1	0	1	-143.0	0.113	0.302	NaN	NaN	0.269	0.671	NaN	NaN	8.07	23.485	NaN	NaN	0.0	"2.5"	"F0034"	1	0	"PR"	288.499	"deionize"	164.827	2	1	0	2052.506	0.0	2153.721	null	2442.841	0.09
-12.3	0.034925	30000.0	2981.25	2428.125	NaN	NaN	NaN	0	1	1	0	0	0	0	0	0	0	0	0	1	0	0	0	0	1	1	0	1	1	1	0	1	-148.0	0.113	0.301	NaN	NaN	0.269	0.669	NaN	NaN	8.07	23.415	NaN	NaN	0.0	"2.5"	"F0034"	1	0	"PR"	298.534	"deionize"	174.862	2	1	0	2052.506	0.0	2153.721	null	2452.876	0.09
-11.6	0.034375	29812.5	2971.875	2390.625	NaN	NaN	NaN	0	1	1	0	0	0	0	0	0	0	0	0	1	0	0	0	0	1	1	0	1	1	1	0	1	-139.0	0.112	0.297	NaN	NaN	0.267	0.66	NaN	NaN	8.01	23.1	NaN	NaN	0.0	"2.5"	"F0034"	1	0	"PR"	308.574	"deionize"	184.902	2	1	0	2052.506	0.0	2153.721	null	2462.916	0.092
-12.4	0.0341	30750.0	2971.875	2381.25	NaN	NaN	NaN	0	1	1	0	0	0	0	0	0	0	0	0	1	0	0	0	0	1	1	0	1	1	1	0	1	-149.0	0.112	0.296	NaN	NaN	0.267	0.658	NaN	NaN	8.01	23.03	NaN	NaN	0.0	"2.5"	"F0034"	1	0	"PR"	318.607	"deionize"	194.935	2	1	0	2052.506	0.0	2153.721	null	2472.949	0.09
-11.8	0.033825	31687.5	2981.25	2437.5	NaN	NaN	NaN	0	1	1	0	0	0	0	0	0	0	0	0	1	0	0	0	0	1	1	0	1	1	1	0	1	-142.0	0.113	0.302	NaN	NaN	0.269	0.671	NaN	NaN	8.07	23.485	NaN	NaN	0.0	"2.5"	"F0034"	1	0	"PR"	328.642	"deionize"	204.97	2	1	0	2052.506	0.0	2153.721	null	2482.984	0.09
-11.9	0.033	31687.5	2981.25	2400.0	NaN	NaN	NaN	0	1	1	0	0	0	0	0	0	0	0	0	1	0	0	0	0	1	1	0	1	1	1	0	1	-143.0	0.113	0.298	NaN	NaN	0.269	0.662	NaN	NaN	8.07	23.17	NaN	NaN	0.0	"2.5"	"F0034"	1	0	"PR"	338.682	"deionize"	215.01	2	1	0	2052.506	0.0	2153.721	null	2493.024	0.089
-10.8	0.033	32250.0	2981.25	2428.125	NaN	NaN	NaN	0	1	1	0	0	0	0	0	0	0	0	0	1	0	0	0	0	1	1	0	1	1	1	0	1	-130.0	0.113	0.301	NaN	NaN	0.269	0.669	NaN	NaN	8.07	23.415	NaN	NaN	0.0	"2.5"	"F0034"	1	0	"PR"	348.515	"deionize"	224.843	2	1	0	2052.506	0.0	2153.721	null	2502.857	0.09
-11.8	0.03245	30187.5	2981.25	2456.25	NaN	NaN	NaN	0	1	1	0	0	0	0	0	0	0	0	0	1	0	0	0	0	1	1	0	1	1	1	0	1	-142.0	0.113	0.304	NaN	NaN	0.269	0.676	NaN	NaN	8.07	23.66	NaN	NaN	0.0	"2.5"	"F0034"	1	0	"PR"	358.548	"deionize"	234.876	2	1	0	2052.506	0.0	2153.721	null	2512.89	0.091
-11.3	0.031625	30937.5	2981.25	2428.125	NaN	NaN	NaN	0	1	1	0	0	0	0	0	0	0	0	0	1	0	0	0	1	1	1	0	1	1	1	0	1	-136.0	0.113	0.301	NaN	NaN	0.269	0.669	NaN	NaN	8.07	23.415	NaN	NaN	0.0	"2.5"	"F0034"	1	0	"PR"	368.697	"deionize-uv"	4.928	2	1	0	2052.506	0.0	2153.721	null	2523.039	0.087
-11.6	0.03135	31875.0	2943.75	2437.5	NaN	NaN	NaN	0	1	1	0	0	0	0	0	0	0	0	0	1	0	0	0	1	1	1	0	1	1	1	0	1	-139.0	0.109	0.302	NaN	NaN	0.26	0.671	NaN	NaN	7.8	23.485	NaN	NaN	0.0	"2.5"	"F0034"	1	0	"PR"	378.733	"deionize-uv"	14.964	2	1	0	2052.506	0.0	2153.721	null	2533.075	0.09
-11.3	0.0308	30000.0	2962.5	2418.75	NaN	NaN	NaN	0	1	1	0	0	0	0	0	0	0	0	0	1	0	0	0	1	1	1	0	1	1	1	0	1	-136.0	0.111	0.3	NaN	NaN	0.264	0.667	NaN	NaN	7.92	23.345	NaN	NaN	0.0	"2.5"	"F0034"	1	0	"PR"	388.568	"deionize-uv"	24.799	2	1	0	2052.506	0.0	2153.721	null	2542.91	0.091
-11.0	0.031075	29437.5	2962.5	2409.375	NaN	NaN	NaN	0	1	1	0	0	0	0	0	0	0	0	0	1	0	0	0	1	1	1	0	1	1	1	0	1	-132.0	0.111	0.299	NaN	NaN	0.264	0.664	NaN	NaN	7.92	23.24	NaN	NaN	0.0	"2.5"	"F0034"	1	0	"PR"	398.606	"deionize-uv"	34.837	2	1	0	2052.506	0.0	2153.721	null	2552.948	0.089
-11.3	0.030525	29625.0	2962.5	2418.75	NaN	NaN	NaN	0	1	1	0	0	0	0	0	0	0	0	0	1	0	0	0	1	1	1	0	1	1	1	0	1	-136.0	0.111	0.3	NaN	NaN	0.264	0.667	NaN	NaN	7.92	23.345	NaN	NaN	0.0	"2.5"	"F0034"	1	0	"PR"	408.641	"deionize-uv"	44.872	2	1	0	2052.506	0.0	2153.721	null	2562.983	0.09
-10.8	0.03025	30375.0	2981.25	2437.5	NaN	NaN	NaN	0	1	1	0	0	0	0	0	0	0	0	0	1	0	0	0	1	1	1	0	1	1	1	0	1	-130.0	0.113	0.302	NaN	NaN	0.269	0.671	NaN	NaN	8.07	23.485	NaN	NaN	0.0	"2.5"	"F0034"	1	0	"PR"	418.681	"deionize-uv"	54.912	2	1	0	2052.506	0.0	2153.721	null	2573.023	0.091
-10.8	0.0297	30000.0	2971.875	2390.625	NaN	NaN	NaN	0	1	1	0	0	0	0	0	0	0	0	0	1	0	0	0	1	1	1	0	1	1	1	0	1	-130.0	0.112	0.297	NaN	NaN	0.267	0.66	NaN	NaN	8.01	23.1	NaN	NaN	0.0	"2.5"	"F0034"	1	0	"PR"	428.717	"deionize-uv"	64.948	2	1	0	2052.506	0.0	2153.721	null	2583.059	0.09
-10.7	0.02915	32250.0	2971.875	2409.375	NaN	NaN	NaN	0	1	1	0	0	0	0	0	0	0	0	0	1	0	0	0	1	1	1	0	1	1	1	0	1	-128.0	0.112	0.299	NaN	NaN	0.267	0.664	NaN	NaN	8.01	23.24	NaN	NaN	0.0	"2.5"	"F0034"	1	0	"PR"	438.754	"deionize-uv"	74.985	2	1	0	2052.506	0.0	2153.721	null	2593.096	0.09
-10.2	0.0286	31687.5	2971.875	2428.125	NaN	NaN	NaN	0	1	1	0	0	0	0	0	0	0	0	0	1	0	0	0	1	1	1	0	1	1	1	0	1	-122.0	0.112	0.301	NaN	NaN	0.267	0.669	NaN	NaN	8.01	23.415	NaN	NaN	0.0	"2.5"	"F0034"	1	0	"PR"	448.793	"deionize-uv"	85.024	2	1	0	2052.506	0.0	2153.721	null	2603.135	0.09
-10.1	0.028325	32250.0	2990.625	2418.75	NaN	NaN	NaN	0	1	1	0	0	0	0	0	0	0	0	0	1	0	0	0	1	1	1	0	1	1	1	0	1	-121.0	0.114	0.3	NaN	NaN	0.271	0.667	NaN	NaN	8.13	23.345	NaN	NaN	0.0	"2.5"	"F0034"	1	0	"PR"	458.635	"deionize-uv"	94.866	2	1	0	2052.506	0.0	2153.721	null	2612.977	0.086
-9.8	0.0286	32250.0	2990.625	2446.875	NaN	NaN	NaN	0	1	1	0	0	0	0	0	0	0	0	0	1	0	0	0	1	1	1	0	1	1	1	0	1	-118.0	0.114	0.303	NaN	NaN	0.271	0.673	NaN	NaN	8.13	23.555	NaN	NaN	0.0	"2.5"	"F0034"	1	0	"PR"	468.672	"deionize-uv"	104.903	2	1	0	2052.506	0.0	2153.721	null	2623.014	0.088
-9.4	0.02805	30000.0	2962.5	2418.75	NaN	NaN	NaN	0	1	1	0	0	0	0	0	0	0	0	0	1	0	0	0	1	1	1	0	1	1	1	0	1	-113.0	0.111	0.3	NaN	NaN	0.264	0.667	NaN	NaN	7.92	23.345	NaN	NaN	0.0	"2.5"	"F0034"	1	0	"PR"	478.707	"deionize-uv"	114.938	2	1	0	2052.506	0.0	2153.721	null	2633.049	0.083
-9.8	0.02805	29812.5	2971.875	1968.75	NaN	NaN	NaN	0	0	1	0	0	0	0	1	0	0	0	0	1	0	0	0	1	1	1	0	1	1	1	0	1	-118.0	0.112	0.255	NaN	NaN	0.267	0.567	NaN	NaN	8.01	19.845	NaN	NaN	0.0	"2.5"	"F0034"	1	0	"PR"	488.673	"drain-di-1"	4.749	2	1	0	2052.506	0.0	2153.721	null	2643.015	0.088
-9.8	0.027775	30187.5	2953.125	1715.625	NaN	NaN	NaN	0	0	1	0	0	0	0	1	0	0	0	0	1	0	0	0	1	1	1	0	1	1	1	0	1	-118.0	0.11	0.23	NaN	NaN	0.262	0.511	NaN	NaN	7.86	17.885	NaN	NaN	0.0	"2.5"	"F0034"	1	0	"PR"	498.711	"drain-di-1"	14.787	2	1	0	2052.506	0.0	2153.721	null	2653.053	0.087
-9.2	0.02695	29062.5	2971.875	1462.5	NaN	NaN	NaN	0	0	1	0	0	0	0	1	0	0	0	0	1	0	0	0	1	1	1	0	1	1	1	0	1	-110.0	0.112	0.204	NaN	NaN	0.267	0.453	NaN	NaN	8.01	15.855	NaN	NaN	0.0	"2.5"	"F0034"	1	0	"PR"	508.743	"drain-di-1"	24.819	2	1	0	2052.506	0.0	2153.721	null	2663.085	0.087
-4.0	0.027225	29062.5	2943.75	1218.75	NaN	NaN	NaN	0	0	1	0	0	0	0	1	0	0	0	0	1	0	0	0	1	1	1	0	1	1	1	0	1	-48.0	0.109	0.18	NaN	NaN	0.26	0.4	NaN	NaN	7.8	14.0	NaN	NaN	0.0	"2.5"	"F0034"	1	0	"PR"	518.784	"drain-di-1"	34.86	2	1	0	2052.506	0.0	2153.721	null	2673.126	0.089
-9.4	0.02695	29625.0	2953.125	965.625	NaN	NaN	NaN	0	0	1	0	0	0	0	1	0	0	0	0	1	0	0	0	1	1	1	0	1	1	1	0	1	-113.0	0.11	0.155	NaN	NaN	0.262	0.344	NaN	NaN	7.86	12.04	NaN	NaN	0.0	"2.5"	"F0034"	1	0	"PR"	528.818	"drain-di-1"	44.894	2	1	0	2052.506	0.0	2153.721	null	2683.16	0.087
-7.0	0.02695	30187.5	2971.875	721.875	NaN	NaN	NaN	0	0	1	0	0	0	0	1	0	0	0	0	1	0	0	0	1	1	1	0	1	1	1	0	1	-84.0	0.112	0.13	NaN	NaN	0.267	0.289	NaN	NaN	8.01	10.115	NaN	NaN	0.0	"2.5"	"F0034"	1	0	"PR"	538.85	"drain-di-1"	54.926	2	1	0	2052.506	0.0	2153.721	null	2693.192	0.09
-9.2	0.026675	30000.0	2971.875	459.375	NaN	NaN	NaN	0	0	1	0	0	0	0	1	0	0	0	0	1	0	0	0	1	1	1	0	1	1	1	0	1	-110.0	0.112	0.104	NaN	NaN	0.267	0.231	NaN	NaN	8.01	8.085	NaN	NaN	0.0	"2.5"	"F0034"	1	0	"PR"	548.89	"drain-di-1"	64.966	2	1	0	2052.506	0.0	2153.721	null	2703.232	0.09
-9.2	0.026675	30187.5	2962.5	215.625	NaN	NaN	NaN	0	0	1	0	0	0	0	1	0	0	0	0	1	0	0	0	1	1	1	0	1	1	1	0	1	-110.0	0.111	0.08	NaN	NaN	0.264	0.178	NaN	NaN	7.92	6.23	NaN	NaN	0.0	"2.5"	"F0034"	1	0	"PR"	558.928	"drain-di-1"	75.004	2	1	0	2052.506	0.0	2153.721	null	2713.27	0.09
-9.2	0.026125	29625.0	2971.875	-46.875	NaN	NaN	NaN	0	0	1	0	0	0	0	1	0	0	0	0	1	0	0	0	1	1	1	0	1	1	1	0	1	-110.0	0.112	0.053	NaN	NaN	0.267	0.118	NaN	NaN	8.01	4.13	NaN	NaN	0.0	"2.5"	"F0034"	1	0	"PR"	568.879	"drip-di-1"	3.928	2	1	0	2052.506	0.0	2153.721	null	2723.221	0.089
-8.9	0.02585	29812.5	2971.875	-37.5	NaN	NaN	NaN	0	0	1	0	0	0	0	1	0	0	0	0	1	0	0	0	1	1	1	0	1	1	1	0	1	-107.0	0.112	0.054	NaN	NaN	0.267	0.12	NaN	NaN	8.01	4.2	NaN	NaN	0.0	"2.5"	"F0034"	1	0	"PR"	578.916	"drip-di-1"	13.965	2	1	0	2052.506	0.0	2153.721	null	2733.258	0.087
12.6	0.026675	27937.5	2784.375	65.625	NaN	NaN	NaN	1	0	0	0	0	1	1	0	0	0	0	0	1	1	0	0	0	1	1	1	0	1	1	1	0	151.0	0.093	0.065	NaN	NaN	0.221	0.144	NaN	NaN	6.63	5.04	NaN	NaN	0.0	"2.5"	"F0034"	1	1	"PR"	588.907	"reverse-f"	8.788	2	1	0	2052.506	0.0	2153.721	null	2743.249	0.086
12.4	0.02805	26062.5	2793.75	384.375	NaN	NaN	NaN	1	0	0	0	0	1	1	0	0	0	0	0	1	1	0	0	0	1	1	1	0	1	1	1	0	149.0	0.094	0.096	NaN	NaN	0.224	0.213	NaN	NaN	6.72	7.455	NaN	NaN	0.0	"2.5"	"F0034"	1	1	"PR"	598.944	"reverse-f"	18.825	2	1	0	2052.506	0.0	2153.721	null	2753.286	0.086
12.3	0.032175	24750.0	2821.875	693.75	NaN	NaN	NaN	1	0	0	0	0	1	1	0	0	0	0	0	1	1	0	0	0	1	1	1	0	1	1	1	0	148.0	0.097	0.127	NaN	NaN	0.231	0.282	NaN	NaN	6.93	9.87	NaN	NaN	0.0	"2.5"	"F0034"	1	1	"PR"	608.983	"reverse-f"	28.864	2	1	0	2052.506	0.0	2153.721	null	2763.325	0.086
12.8	0.0341	24000.0	2821.875	965.625	NaN	NaN	NaN	1	0	0	0	0	1	1	0	0	0	0	0	1	1	0	0	0	1	1	1	0	1	1	1	0	154.0	0.097	0.155	NaN	NaN	0.231	0.344	NaN	NaN	6.93	12.04	NaN	NaN	0.0	"2.5"	"F0034"	1	1	"PR"	618.822	"reverse-f"	38.703	2	1	0	2052.506	0.0	2153.721	null	2773.164	0.083
12.9	0.0363	26437.5	2784.375	1265.625	NaN	NaN	NaN	1	0	0	0	0	1	1	0	0	0	0	0	1	1	0	0	0	1	1	1	0	1	1	1	0	155.0	0.093	0.185	NaN	NaN	0.221	0.411	NaN	NaN	6.63	14.385	NaN	NaN	0.0	"2.5"	"F0034"	1	1	"PR"	628.857	"reverse-f"	48.738	2	1	0	2052.506	0.0	2153.721	null	2783.199	0.083
12.7	0.038775	27562.5	2803.125	1546.875	NaN	NaN	NaN	1	0	0	0	0	1	1	0	0	0	0	0	1	1	0	0	0	1	1	1	0	1	1	1	0	152.0	0.095	0.213	NaN	NaN	0.226	0.473	NaN	NaN	6.78	16.555	NaN	NaN	0.0	"2.5"	"F0034"	1	1	"PR"	638.893	"reverse-f"	58.774	2	1	0	2052.506	0.0	2153.721	null	2793.235	0.084
12.2	0.0407	28312.5	2793.75	1828.125	NaN	NaN	NaN	1	0	0	0	0	1	1	0	0	0	0	0	1	1	0	0	0	1	1	1	0	1	1	1	0	146.0	0.094	0.241	NaN	NaN	0.224	0.536	NaN	NaN	6.72	18.76	NaN	NaN	0.0	"2.5"	"F0034"	1	1	"PR"	648.929	"reverse-f"	68.81	2	1	0	2052.506	0.0	2153.721	null	2803.271	0.088
12.3	0.0429	25875.0	2803.125	2118.75	NaN	NaN	NaN	1	0	0	0	0	1	1	0	0	0	0	0	1	1	0	0	0	1	1	1	0	1	1	1	0	148.0	0.095	0.27	NaN	NaN	0.226	0.6	NaN	NaN	6.78	21.0	NaN	NaN	0.0	"2.5"	"F0034"	1	1	"PR"	658.963	"reverse-f"	78.844	2	1	0	2052.506	0.0	2153.721	null	2813.305	0.083
12.6	0.04455	27562.5	2784.375	2268.75	NaN	NaN	NaN	0	0	0	0	0	1	1	0	0	0	0	0	1	0	0	0	0	1	1	1	0	1	1	1	0	151.0	0.093	0.285	NaN	NaN	0.221	0.633	NaN	NaN	6.63	22.155	NaN	NaN	0.0	"2.5"	"F0034"	1	1	"PR"	668.908	"reverse"	88.789	2	1	0	2052.506	0.0	2153.721	null	2823.25	0.083
13.0	0.04565	25125.0	2821.875	2268.75	NaN	NaN	NaN	0	0	0	0	0	1	1	0	0	0	0	0	1	0	0	0	0	1	1	1	0	1	1	1	0	156.0	0.097	0.285	NaN	NaN	0.231	0.633	NaN	NaN	6.93	22.155	NaN	NaN	0.0	"2.5"	"F0034"	1	1	"PR"	678.945	"reverse"	98.826	2	1	0	2052.506	0.0	2153.721	null	2833.287	0.086
13.3	0.04675	26062.5	2821.875	2250.0	NaN	NaN	NaN	0	0	0	0	0	1	1	0	0	0	0	0	1	0	0	0	0	1	1	1	0	1	1	1	0	160.0	0.097	0.283	NaN	NaN	0.231	0.629	NaN	NaN	6.93	22.015	NaN	NaN	0.0	"2.5"	"F0034"	1	1	"PR"	688.985	"reverse"	108.866	2	1	0	2052.506	0.0	2153.721	null	2843.327	0.085
12.8	0.048125	27187.5	2784.375	2287.5	NaN	NaN	NaN	0	0	0	0	0	1	1	0	0	0	0	0	1	0	0	0	0	1	1	1	0	1	1	1	0	154.0	0.093	0.287	NaN	NaN	0.221	0.638	NaN	NaN	6.63	22.33	NaN	NaN	0.0	"2.5"	"F0034"	1	1	"PR"	699.019	"reverse"	118.9	2	1	0	2052.506	0.0	2153.721	null	2853.361	0.083
12.0	0.048675	25687.5	2803.125	2259.375	NaN	NaN	NaN	0	0	0	0	0	1	1	0	0	0	0	0	1	0	0	0	0	1	1	1	0	1	1	1	0	144.0	0.095	0.284	NaN	NaN	0.226	0.631	NaN	NaN	6.78	22.085	NaN	NaN	0.0	"2.5"	"F0034"	1	1	"PR"	709.06	"reverse"	128.941	2	1	0	2052.506	0.0	2153.721	null	2863.402	0.086
14.6	0.049225	27000.0	2831.25	2259.375	NaN	NaN	NaN	0	0	0	0	0	1	1	0	0	0	0	0	1	0	0	0	0	1	1	1	0	1	1	1	0	175.0	0.098	0.284	NaN	NaN	0.233	0.631	NaN	NaN	6.99	22.085	NaN	NaN	0.0	"2.5"	"F0034"	1	1	"PR"	719.095	"reverse"	138.976	2	1	0	2052.506	0.0	2153.721	null	2873.437	0.084
12.2	0.05005	27750.0	2803.125	2268.75	NaN	NaN	NaN	0	0	0	0	0	1	1	0	0	0	0	0	1	0	0	0	0	1	1	1	0	1	1	1	0	146.0	0.095	0.285	NaN	NaN	0.226	0.633	NaN	NaN	6.78	22.155	NaN	NaN	0.0	"2.5"	"F0034"	1	1	"PR"	728.933	"reverse"	148.814	2	1	0	2052.506	0.0	2153.721	null	2883.275	0.084
2.1	0.049775	375.0	2981.25	2268.75	NaN	NaN	NaN	0	0	0	0	0	0	0	0	0	0	0	0	0	0	0	0	0	0	0	0	1	0	0	0	1	25.0	0.113	0.285	NaN	NaN	0.269	0.633	NaN	NaN	8.07	22.155	NaN	NaN	0.0	"2.5"	"F0034"	0	0	"PR"	739.063	"diffuse"	8.925	2	1	1	2052.506	0.0	2153.721	null	2893.405	0.083
2.7	0.05005	937.5	2981.25	2278.125	NaN	NaN	NaN	0	0	0	0	0	0	0	0	0	0	0	0	0	0	0	0	0	0	0	0	1	0	0	0	1	32.0	0.113	0.286	NaN	NaN	0.269	0.636	NaN	NaN	8.07	22.26	NaN	NaN	0.0	"2.5"	"F0034"	0	0	"PR"	749.099	"diffuse"	18.961	2	1	1	2052.506	0.0	2153.721	null	2903.441	0.083
2.8	0.049775	1875.0	2990.625	2278.125	NaN	NaN	NaN	0	0	0	0	0	0	0	0	0	0	0	0	0	0	0	0	0	0	0	0	1	0	0	0	1	34.0	0.114	0.286	NaN	NaN	0.271	0.636	NaN	NaN	8.13	22.26	NaN	NaN	0.0	"2.5"	"F0034"	0	0	"PR"	759.133	"diffuse"	28.995	2	1	1	2052.506	0.0	2153.721	null	2913.475	0.083
12.4	0.050325	24375.0	2803.125	2259.375	NaN	NaN	NaN	0	0	0	0	0	1	1	0	0	0	0	0	1	0	0	0	0	1	1	1	0	1	1	1	0	149.0	0.095	0.284	NaN	NaN	0.226	0.631	NaN	NaN	6.78	22.085	NaN	NaN	0.0	"2.5"	"F0034"	1	1	"PR"	769.063	"wash-en"	8.725	2	1	1	2052.506	0.0	2153.721	null	2923.405	0.086
12.6	0.050875	27375.0	2840.625	2250.0	NaN	NaN	NaN	0	0	0	0	0	1	1	0	0	0	0	0	1	0	0	0	0	1	1	1	0	1	1	1	0	151.0	0.099	0.283	NaN	NaN	0.236	0.629	NaN	NaN	7.08	22.015	NaN	NaN	0.0	"2.5"	"F0034"	1	1	"PR"	779.098	"wash-en"	18.76	2	1	1	2052.506	0.0	2153.721	null	2933.44	0.084
2.2	0.051425	27562.5	2831.25	2287.5	NaN	NaN	NaN	0	0	0	0	0	1	1	0	0	0	0	0	1	0	0	0	0	0	0	0	1	0	0	0	1	26.0	0.098	0.287	NaN	NaN	0.233	0.638	NaN	NaN	6.99	22.33	NaN	NaN	0.0	"2.5"	"F0034"	0	0	"PR"	789.02	"wash-sc"	8.517	2	1	1	2052.506	0.0	2153.721	null	2943.362	0.087
