cur	ec	mod-ps	rg-ps	di-ps	fw1-ps	fw2-ps	pf-ps	vlv-di-fill	vlv-di-in	vlv-di-out	vlv-rg-fill	vlv-rg-drain	vlv-rg-in	vlv-rg-out	vlv-fw1-in	vlv-fw1-out	vlv-fw2-in	vlv-po	vlv-mod-drain	pmp-sys	pmp-di	pmp-fw1	pmp-fw2	uv	en-anode1	en-cath1	pl-anode1	pl-cath1	en-anode2	en-cath2	pl-anode2	pl-cath2	pw	rg-he	di-he	fw1-he	fw2-he	rg-lev	di-lev	fw1-lev	fw2-lev	rg-vol	di-vol	fw1-vol	fw2-vol	pr-ec	ver	sn	mod-en	mod-pl	proc	proc-time	ph	ph-time	count	cyc	rnd	pr-last	rc-last	fr-last	halt-re	time	exec
2.0	0.04565	29250.0	2775.0	2268.75	NaN	NaN	NaN	0	0	0	0	0	1	1	0	0	0	0	0	1	0	0	0	0	0	0	0	1	0	0	0	1	24.0	0.093	0.285	NaN	NaN	0.221	0.633	NaN	NaN	6.63	22.155	NaN	NaN	0.0	"2.5"	"F0034"	0	0	"PR"	8.248	"prime"	7.43	0	0	0	0.0	0.0	0.0	null	10.045	0.086
2.0	0.04565	29250.0	2775.0	2268.75	NaN	NaN	NaN	0	0	0	0	0	1	1	0	0	0	0	0	1	0	0	0	0	0	0	0	1	0	0	0	1	24.0	0.093	0.285	NaN	NaN	0.221	0.633	NaN	NaN	6.63	22.155	NaN	NaN	0.0	"2.5"	"F0034"	0	0	"PR"	8.248	"prime"	7.43	0	0	0	0.0	0.0	0.0	null	10.045	0.086
2.5	0.0451	30000.0	2850.0	2268.75	NaN	NaN	NaN	0	0	0	0	0	1	1	0	0	0	0	0	1	0	0	0	0	0	0	0	1	0	0	0	1	30.0	0.1	0.285	NaN	NaN	0.238	0.633	NaN	NaN	7.14	22.155	NaN	NaN	0.0	"2.5"	"F0034"	0	0	"PR"	18.283	"prime"	17.465	0	0	0	0.0	0.0	0.0	null	20.08	0.086
2.4	0.0462	30000.0	2840.625	2268.75	NaN	NaN	NaN	0	0	0	0	0	1	1	0	0	0	0	0	1	0	0	0	0	0	0	0	1	0	0	0	1	29.0	0.099	0.285	NaN	NaN	0.236	0.633	NaN	NaN	7.08	22.155	NaN	NaN	0.0	"2.5"	"F0034"	0	0	"PR"	28.323	"prime"	27.505	0	0	0	0.0	0.0	0.0	null	30.12	0.087
-11.8	0.04455	31875.0	2990.625	2521.875	NaN	NaN	NaN	0	1	1	0	0	0	0	0	0	0	0	0	1	0	0	0	0	1	1	0	1	1	1	0	1	-142.0	0.114	0.31	NaN	NaN	0.271	0.689	NaN	NaN	8.13	24.115	NaN	NaN	0.0	"2.5"	"F0034"	1	0	"PR"	38.368	"deionize"	7.034	0	1	0	0.0	0.0	0.0	null	40.165	0.09
-11.9	0.04455	31687.5	2981.25	2587.5	NaN	NaN	NaN	0	1	1	0	0	0	0	0	0	0	0	0	1	0	0	0	0	1	1	0	1	1	1	0	1	-143.0	0.113	0.317	NaN	NaN	0.269	0.704	NaN	NaN	8.07	24.64	NaN	NaN	0.0	"2.5"	"F0034"	1	0	"PR"	48.397	"deionize"	17.063	0	1	0	0.0	0.0	0.0	null	50.194	0.091
-11.8	0.044275	33375.0	3018.75	2559.375	NaN	NaN	NaN	0	1	1	0	0	0	0	0	0	0	0	0	1	0	0	0	0	1	1	0	1	1	1	0	1	-142.0	0.117	0.314	NaN	NaN	0.279	0.698	NaN	NaN	8.37	24.43	NaN	NaN	0.0	"2.5"	"F0034"	1	0	"PR"	58.438	"deionize"	27.104	0	1	0	0.0	0.0	0.0	null	60.235	0.093
-11.5	0.043725	30187.5	3009.375	2606.25	NaN	NaN	NaN	0	1	1	0	0	0	0	0	0	0	0	0	1	0	0	0	0	1	1	0	1	1	1	0	1	-138.0	0.116	0.319	NaN	NaN	0.276	0.709	NaN	NaN	8.28	24.815	NaN	NaN	0.0	"2.5"	"F0034"	1	0	"PR"	68.473	"deionize"	37.139	0	1	0	0.0	0.0	0.0	null	70.27	0.09
-11.8	0.0429	33375.0	3009.375	2587.5	NaN	NaN	NaN	0	1	1	0	0	0	0	0	0	0	0	0	1	0	0	0	0	1	1	0	1	1	1	0	1	-142.0	0.116	0.317	NaN	NaN	0.276	0.704	NaN	NaN	8.28	24.64	NaN	NaN	0.0	"2.5"	"F0034"	1	0	"PR"	78.509	"deionize"	47.175	0	1	0	0.0	0.0	0.0	null	80.306	0.09
-12.0	0.042075	33000.0	2990.625	2550.0	NaN	NaN	NaN	0	1	1	0	0	0	0	0	0	0	0	0	1	0	0	0	0	1	1	0	1	1	1	0	1	-144.0	0.114	0.313	NaN	NaN	0.271	0.696	NaN	NaN	8.13	24.36	NaN	NaN	0.0	"2.5"	"F0034"	1	0	"PR"	88.346	"deionize"	57.012	0	1	0	0.0	0.0	0.0	null	90.143	0.085
-11.3	0.04125	33750.0	2981.25	2587.5	NaN	NaN	NaN	0	1	1	0	0	0	0	0	0	0	0	0	1	0	0	0	0	1	1	0	1	1	1	0	1	-136.0	0.113	0.317	NaN	NaN	0.269	0.704	NaN	NaN	8.07	24.64	NaN	NaN	0.0	"2.5"	"F0034"	1	0	"PR"	98.384	"deionize"	67.05	0	1	0	0.0	0.0	0.0	null	100.181	0.086
-11.7	0.04125	34312.5	2981.25	2568.75	NaN	NaN	NaN	0	1	1	0	0	0	0	0	0	0	0	0	1	0	0	0	0	1	1	0	1	1	1	0	1	-140.0	0.113	0.315	NaN	NaN	0.269	0.7	NaN	NaN	8.07	24.5	NaN	NaN	0.0	"2.5"	"F0034"	1	0	"PR"	108.416	"deionize"	77.082	0	1	0	0.0	0.0	0.0	null	110.213	0.096
-12.0	0.040425	32812.5	2981.25	2531.25	NaN	NaN	NaN	0	1	1	0	0	0	0	0	0	0	0	0	1	0	0	0	0	1	1	0	1	1	1	0	1	-144.0	0.113	0.311	NaN	NaN	0.269	0.691	NaN	NaN	8.07	24.185	NaN	NaN	0.0	"2.5"	"F0034"	1	0	"PR"	118.453	"deionize"	87.119	0	1	0	0.0	0.0	0.0	null	120.25	0.087
-10.8	0.039325	30750.0	2990.625	2521.875	NaN	NaN	NaN	0	1	1	0	0	0	0	0	0	0	0	0	1	0	0	0	0	1	1	0	1	1	1	0	1	-130.0	0.114	0.31	NaN	NaN	0.271	0.689	NaN	NaN	8.13	24.115	NaN	NaN	0.0	"2.5"	"F0034"	1	0	"PR"	128.49	"deionize"	97.156	0	1	0	0.0	0.0	0.0	null	130.287	0.087
-12.4	0.038775	30562.5	2990.625	2512.5	NaN	NaN	NaN	0	1	1	0	0	0	0	0	0	0	0	0	1	0	0	0	0	1	1	0	1	1	1	0	1	-149.0	0.114	0.309	NaN	NaN	0.271	0.687	NaN	NaN	8.13	24.045	NaN	NaN	0.0	"2.5"	"F0034"	1	0	"PR"	138.529	"deionize"	107.195	0	1	0	0.0	0.0	0.0	null	140.326	0.088
-12.7	0.03795	30375.0	2981.25	2512.5	NaN	NaN	NaN	0	1	1	0	0	0	0	0	0	0	0	0	1	0	0	0	0	1	1	0	1	1	1	0	1	-152.0	0.113	0.309	NaN	NaN	0.269	0.687	NaN	NaN	8.07	24.045	NaN	NaN	0.0	"2.5"	"F0034"	1	0	"PR"	148.565	"deionize"	117.231	0	1	0	0.0	0.0	0.0	null	150.362	0.086
-10.8	0.037675	33187.5	2981.25	2493.75	NaN	NaN	NaN	0	1	1	0	0	0	0	0	0	0	0	0	1	0	0	0	0	1	1	0	1	1	1	0	1	-130.0	0.113	0.307	NaN	NaN	0.269	0.682	NaN	NaN	8.07	23.87	NaN	NaN	0.0	"2.5"	"F0034"	1	0	"PR"	158.599	"deionize"	127.265	0	1	0	0.0	0.0	0.0	null	160.396	0.087
-11.0	0.037125	32812.5	2981.25	2456.25	NaN	NaN	NaN	0	1	1	0	0	0	0	0	0	0	0	0	1	0	0	0	0	1	1	0	1	1	1	0	1	-132.0	0.113	0.304	NaN	NaN	0.269	0.676	NaN	NaN	8.07	23.66	NaN	NaN	0.0	"2.5"	"F0034"	1	0	"PR"	168.433	"deionize"	137.099	0	1	0	0.0	0.0	0.0	null	170.23	0.088
-10.6	0.03575	31687.5	2990.625	2446.875	NaN	NaN	NaN	0	1	1	0	0	0	0	0	0	0	0	0	1	0	0	0	0	1	1	0	1	1	1	0	1	-127.0	0.114	0.303	NaN	NaN	0.271	0.673	NaN	NaN	8.13	23.555	NaN	NaN	0.0	"2.5"	"F0034"	1	0	"PR"	178.467	"deionize"	147.133	0	1	0	0.0	0.0	0.0	null	180.264	0.084
-12.6	0.036025	33187.5	2990.625	2465.625	NaN	NaN	NaN	0	1	1	0	0	0	0	0	0	0	0	0	1	0	0	0	0	1	1	0	1	1	1	0	1	-151.0	0.114	0.305	NaN	NaN	0.271	0.678	NaN	NaN	8.13	23.73	NaN	NaN	0.0	"2.5"	"F0034"	1	0	"PR"	188.501	"deionize"	157.167	0	1	0	0.0	0.0	0.0	null	190.298	0.084
-10.9	0.034925	30562.5	2990.625	2437.5	NaN	NaN	NaN	0	1	1	0	0	0	0	0	0	0	0	0	1	0	0	0	0	1	1	0	1	1	1	0	1	-131.0	0.114	0.302	NaN	NaN	0.271	0.671	NaN	NaN	8.13	23.485	NaN	NaN	0.0	"2.5"	"F0034"	1	0	"PR"	198.542	"deionize"	167.208	0	1	0	0.0	0.0	0.0	null	200.339	0.085
-9.8	0.034925	33750.0	2990.625	2418.75	NaN	NaN	NaN	0	1	1	0	0	0	0	0	0	0	0	0	1	0	0	0	0	1	1	0	1	1	1	0	1	-118.0	0.114	0.3	NaN	NaN	0.271	0.667	NaN	NaN	8.13	23.345	NaN	NaN	0.0	"2.5"	"F0034"	1	0	"PR"	208.574	"deionize"	177.24	0	1	0	0.0	0.0	0.0	null	210.371	0.084
-9.2	0.033825	30750.0	2990.625	2465.625	NaN	NaN	NaN	0	1	1	0	0	0	0	0	0	0	0	0	1	0	0	0	0	1	1	0	1	1	1	0	1	-110.0	0.114	0.305	NaN	NaN	0.271	0.678	NaN	NaN	8.13	23.73	NaN	NaN	0.0	"2.5"	"F0034"	1	0	"PR"	218.608	"deionize"	187.274	0	1	0	0.0	0.0	0.0	null	220.405	0.084
-10.0	0.034375	31312.5	2981.25	2475.0	NaN	NaN	NaN	0	1	1	0	0	0	0	0	0	0	0	0	1	0	0	0	0	1	1	0	1	1	1	0	1	-120.0	0.113	0.305	NaN	NaN	0.269	0.678	NaN	NaN	8.07	23.73	NaN	NaN	0.0	"2.5"	"F0034"	1	0	"PR"	228.647	"deionize"	197.313	0	1	0	0.0	0.0	0.0	null	230.444	0.088
-8.6	0.033825	32250.0	2981.25	2409.375	NaN	NaN	NaN	0	1	1	0	0	0	0	0	0	0	0	0	1	0	0	0	0	1	1	0	1	1	1	0	1	-103.0	0.113	0.299	NaN	NaN	0.269	0.664	NaN	NaN	8.07	23.24	NaN	NaN	0.0	"2.5"	"F0034"	1	0	"PR"	238.681	"deionize"	207.347	0	1	0	0.0	0.0	0.0	null	240.478	0.086
-9.7	0.033825	31687.5	2981.25	2381.25	NaN	NaN	NaN	0	1	1	0	0	0	0	0	0	0	0	0	1	0	0	0	0	1	1	0	1	1	1	0	1	-116.0	0.113	0.296	NaN	NaN	0.269	0.658	NaN	NaN	8.07	23.03	NaN	NaN	0.0	"2.5"	"F0034"	1	0	"PR"	248.717	"deionize"	217.383	0	1	0	0.0	0.0	0.0	null	250.514	0.087
-9.2	0.033	33937.5	2990.625	2456.25	NaN	NaN	NaN	0	1	1	0	0	0	0	0	0	0	0	0	1	0	0	0	0	1	1	0	1	1	1	0	1	-110.0	0.114	0.304	NaN	NaN	0.271	0.676	NaN	NaN	8.13	23.66	NaN	NaN	0.0	"2.5"	"F0034"	1	0	"PR"	258.554	"deionize"	227.22	0	1	0	0.0	0.0	0.0	null	260.351	0.092
-9.2	0.03245	33562.5	2981.25	2428.125	NaN	NaN	NaN	0	1	1	0	0	0	0	0	0	0	0	0	1	0	0	0	0	1	1	0	1	1	1	0	1	-110.0	0.113	0.301	NaN	NaN	0.269	0.669	NaN	NaN	8.07	23.415	NaN	NaN	0.0	"2.5"	"F0034"	1	0	"PR"	268.588	"deionize"	237.254	0	1	0	0.0	0.0	0.0	null	270.385	0.084
-9.2	0.032175	35437.5	2990.625	2475.0	NaN	NaN	NaN	0	1	1	0	0	0	0	0	0	0	0	0	1	0	0	0	1	1	1	0	1	1	1	0	1	-110.0	0.114	0.305	NaN	NaN	0.271	0.678	NaN	NaN	8.13	23.73	NaN	NaN	0.0	"2.5"	"F0034"	1	0	"PR"	278.734	"deionize-uv"	7.337	0	1	0	0.0	0.0	0.0	null	280.531	0.087
-10.0	0.03245	34500.0	3009.375	2437.5	NaN	NaN	NaN	0	1	1	0	0	0	0	0	0	0	0	0	1	0	0	0	1	1	1	0	1	1	1	0	1	-120.0	0.116	0.302	NaN	NaN	0.276	0.671	NaN	NaN	8.28	23.485	NaN	NaN	0.0	"2.5"	"F0034"	1	0	"PR"	288.774	"deionize-uv"	17.377	0	1	0	0.0	0.0	0.0	null	290.571	0.086
-10.0	0.03135	33000.0	2981.25	2503.125	NaN	NaN	NaN	0	1	1	0	0	0	0	0	0	0	0	0	1	0	0	0	1	1	1	0	1	1	1	0	1	-120.0	0.113	0.308	NaN	NaN	0.269	0.684	NaN	NaN	8.07	23.94	NaN	NaN	0.0	"2.5"	"F0034"	1	0	"PR"	298.61	"deionize-uv"	27.213	0	1	0	0.0	0.0	0.0	null	300.407	0.083
-9.4	0.03135	33937.5	2981.25	2418.75	NaN	NaN	NaN	0	1	1	0	0	0	0	0	0	0	0	0	1	0	0	0	1	1	1	0	1	1	1	0	1	-113.0	0.113	0.3	NaN	NaN	0.269	0.667	NaN	NaN	8.07	23.345	NaN	NaN	0.0	"2.5"	"F0034"	1	0	"PR"	308.651	"deionize-uv"	37.254	0	1	0	0.0	0.0	0.0	null	310.448	0.084
-9.1	0.0308	33000.0	2990.625	2428.125	NaN	NaN	NaN	0	1	1	0	0	0	0	0	0	0	0	0	1	0	0	0	1	1	1	0	1	1	1	0	1	-109.0	0.114	0.301	NaN	NaN	0.271	0.669	NaN	NaN	8.13	23.415	NaN	NaN	0.0	"2.5"	"F0034"	1	0	"PR"	318.689	"deionize-uv"	47.292	0	1	0	0.0	0.0	0.0	null	320.486	0.083
-8.8	0.030525	33000.0	2990.625	2437.5	NaN	NaN	NaN	0	1	1	0	0	0	0	0	0	0	0	0	1	0	0	0	1	1	1	0	1	1	1	0	1	-106.0	0.114	0.302	NaN	NaN	0.271	0.671	NaN	NaN	8.13	23.485	NaN	NaN	0.0	"2.5"	"F0034"	1	0	"PR"	328.728	"deionize-uv"	57.331	0	1	0	0.0	0.0	0.0	null	330.525	0.088
-8.6	0.03025	32437.5	2981.25	2456.25	NaN	NaN	NaN	0	1	1	0	0	0	0	0	0	0	0	0	1	0	0	0	1	1	1	0	1	1	1	0	1	-103.0	0.113	0.304	NaN	NaN	0.269	0.676	NaN	NaN	8.07	23.66	NaN	NaN	0.0	"2.5"	"F0034"	1	0	"PR"	338.764	"deionize-uv"	67.367	0	1	0	0.0	0.0	0.0	null	340.561	0.083
-8.5	0.029975	30375.0	2981.25	2465.625	NaN	NaN	NaN	0	1	1	0	0	0	0	0	0	0	0	0	1	0	0	0	1	1	1	0	1	1	1	0	1	-102.0	0.113	0.305	NaN	NaN	0.269	0.678	NaN	NaN	8.07	23.73	NaN	NaN	0.0	"2.5"	"F0034"	1	0	"PR"	348.802	"deionize-uv"	77.405	0	1	0	0.0	0.0	0.0	null	350.599	0.083
-8.8	0.0297	32437.5	2990.625	2446.875	NaN	NaN	NaN	0	1	1	0	0	0	0	0	0	0	0	0	1	0	0	0	1	1	1	0	1	1	1	0	1	-106.0	0.114	0.303	NaN	NaN	0.271	0.673	NaN	NaN	8.13	23.555	NaN	NaN	0.0	"2.5"	"F0034"	1	0	"PR"	358.843	"deionize-uv"	87.446	0	1	0	0.0	0.0	0.0	null	360.64	0.084
-8.4	0.0297	31500.0	2990.625	2456.25	NaN	NaN	NaN	0	1	1	0	0	0	0	0	0	0	0	0	1	0	0	0	1	1	1	0	1	1	1	0	1	-101.0	0.114	0.304	NaN	NaN	0.271	0.676	NaN	NaN	8.13	23.66	NaN	NaN	0.0	"2.5"	"F0034"	1	0	"PR"	368.68	"deionize-uv"	97.283	0	1	0	0.0	0.0	0.0	null	370.477	0.09
-8.3	0.029425	32812.5	3000.0	2437.5	NaN	NaN	NaN	0	1	1	0	0	0	0	0	0	0	0	0	1	0	0	0	1	1	1	0	1	1	1	0	1	-100.0	0.115	0.302	NaN	NaN	0.274	0.671	NaN	NaN	8.22	23.485	NaN	NaN	0.0	"2.5"	"F0034"	1	0	"PR"	378.718	"deionize-uv"	107.321	0	1	0	0.0	0.0	0.0	null	380.515	0.087
-8.4	0.028875	32062.5	3000.0	2390.625	NaN	NaN	NaN	0	1	1	0	0	0	0	0	0	0	0	0	1	0	0	0	1	1	1	0	1	1	1	0	1	-101.0	0.115	0.297	NaN	NaN	0.274	0.66	NaN	NaN	8.22	23.1	NaN	NaN	0.0	"2.5"	"F0034"	1	0	"PR"	388.756	"deionize-uv"	117.359	0	1	0	0.0	0.0	0.0	null	390.553	0.083
-9.2	0.0286	30187.5	2981.25	1940.625	NaN	NaN	NaN	0	0	1	0	0	0	0	1	0	0	0	0	1	0	0	0	1	1	1	0	1	1	1	0	1	-110.0	0.113	0.252	NaN	NaN	0.269	0.56	NaN	NaN	8.07	19.6	NaN	NaN	0.0	"2.5"	"F0034"	1	0	"PR"	398.72	"drain-di-1"	7.153	0	1	0	0.0	0.0	0.0	null	400.517	0.091
-5.9	0.02805	30000.0	2981.25	1678.125	NaN	NaN	NaN	0	0	1	0	0	0	0	1	0	0	0	0	1	0	0	0	1	1	1	0	1	1	1	0	1	-71.0	0.113	0.226	NaN	NaN	0.269	0.502	NaN	NaN	8.07	17.57	NaN	NaN	0.0	"2.5"	"F0034"	1	0	"PR"	408.756	"drain-di-1"	17.189	0	1	0	0.0	0.0	0.0	null	410.553	0.091
-6.5	0.028325	33187.5	2990.625	1434.375	NaN	NaN	NaN	0	0	1	0	0	0	0	1	0	0	0	0	1	0	0	0	1	1	1	0	1	1	1	0	1	-78.0	0.114	0.201	NaN	NaN	0.271	0.447	NaN	NaN	8.13	15.645	NaN	NaN	0.0	"2.5"	"F0034"	1	0	"PR"	418.791	"drain-di-1"	27.224	0	1	0	0.0	0.0	0.0	null	420.588	0.09
-7.5	0.02805	33000.0	3009.375	1209.375	NaN	NaN	NaN	0	0	1	0	0	0	0	1	0	0	0	0	1	0	0	0	1	1	1	0	1	1	1	0	1	-90.0	0.116	0.179	NaN	NaN	0.276	0.398	NaN	NaN	8.28	13.93	NaN	NaN	0.0	"2.5"	"F0034"	1	0	"PR"	428.834	"drain-di-1"	37.267	0	1	0	0.0	0.0	0.0	null	430.631	0.089
-7.8	0.02805	30750.0	2981.25	975.0	NaN	NaN	NaN	0	0	1	0	0	0	0	1	0	0	0	0	1	0	0	0	1	1	1	0	1	1	1	0	1	-94.0	0.113	0.155	NaN	NaN	0.269	0.344	NaN	NaN	8.07	12.04	NaN	NaN	0.0	"2.5"	"F0034"	1	0	"PR"	438.867	"drain-di-1"	47.3	0	1	0	0.0	0.0	0.0	null	440.664	0.084
-7.8	0.0275	31875.0	2990.625	712.5	NaN	NaN	NaN	0	0	1	0	0	0	0	1	0	0	0	0	1	0	0	0	1	1	1	0	1	1	1	0	1	-94.0	0.114	0.129	NaN	NaN	0.271	0.287	NaN	NaN	8.13	10.045	NaN	NaN	0.0	"2.5"	"F0034"	1	0	"PR"	448.903	"drain-di-1"	57.336	0	1	0	0.0	0.0	0.0	null	450.7	0.084
-7.3	0.0275	31312.5	3000.0	450.0	NaN	NaN	NaN	0	0	1	0	0	0	0	1	0	0	0	0	1	0	0	0	1	1	1	0	1	1	1	0	1	-88.0	0.115	0.103	NaN	NaN	0.274	0.229	NaN	NaN	8.22	8.015	NaN	NaN	0.0	"2.5"	"F0034"	1	0	"PR"	458.944	"drain-di-1"	67.377	0	1	0	0.0	0.0	0.0	null	460.741	0.088
-6.6	0.027225	30750.0	3000.0	234.375	NaN	NaN	NaN	0	0	1	0	0	0	0	1	0	0	0	0	1	0	0	0	1	1	1	0	1	1	1	0	1	-79.0	0.115	0.081	NaN	NaN	0.274	0.18	NaN	NaN	8.22	6.3	NaN	NaN	0.0	"2.5"	"F0034"	1	0	"PR"	468.782	"drain-di-1"	77.215	0	1	0	0.0	0.0	0.0	null	470.579	0.09
-8.9	0.027775	31500.0	2990.625	-18.75	NaN	NaN	NaN	0	0	1	0	0	0	0	1	0	0	0	0	1	0	0	0	1	1	1	0	1	1	1	0	1	-107.0	0.114	0.056	NaN	NaN	0.271	0.124	NaN	NaN	8.13	4.34	NaN	NaN	0.0	"2.5"	"F0034"	1	0	"PR"	478.93	"drip-di-1"	3.727	0	1	0	0.0	0.0	0.0	null	480.727	0.089
-8.0	0.026675	31875.0	2981.25	-28.125	NaN	NaN	NaN	0	0	1	0	0	0	0	1	0	0	0	0	1	0	0	0	1	1	1	0	1	1	1	0	1	-96.0	0.113	0.055	NaN	NaN	0.269	0.122	NaN	NaN	8.07	4.27	NaN	NaN	0.0	"2.5"	"F0034"	1	0	"PR"	488.966	"drip-di-1"	13.763	0	1	0	0.0	0.0	0.0	null	490.763	0.084
12.6	0.02805	30000.0	2850.0	56.25	NaN	NaN	NaN	1	0	0	0	0	1	1	0	0	0	0	0	1	1	0	0	0	1	1	1	0	1	1	1	0	151.0	0.1	0.064	NaN	NaN	0.238	0.142	NaN	NaN	7.14	4.97	NaN	NaN	0.0	"2.5"	"F0034"	1	1	"PR"	498.969	"reverse-f"	8.597	0	1	0	0.0	0.0	0.0	null	500.766	0.083
12.7	0.029975	30562.5	2812.5	365.625	NaN	NaN	NaN	1	0	0	0	0	1	1	0	0	0	0	0	1	1	0	0	0	1	1	1	0	1	1	1	0	152.0	0.096	0.095	NaN	NaN	0.229	0.211	NaN	NaN	6.87	7.385	NaN	NaN	0.0	"2.5"	"F0034"	1	1	"PR"	508.804	"reverse-f"	18.432	0	1	0	0.0	0.0	0.0	null	510.601	0.09
12.6	0.03245	29625.0	2859.375	675.0	NaN	NaN	NaN	1	0	0	0	0	1	1	0	0	0	0	0	1	1	0	0	0	1	1	1	0	1	1	1	0	151.0	0.101	0.126	NaN	NaN	0.24	0.28	NaN	NaN	7.2	9.8	NaN	NaN	0.0	"2.5"	"F0034"	1	1	"PR"	518.845	"reverse-f"	28.473	0	1	0	0.0	0.0	0.0	null	520.642	0.09
12.1	0.034925	27750.0	2821.875	956.25	NaN	NaN	NaN	1	0	0	0	0	1	1	0	0	0	0	0	1	1	0	0	0	1	1	1	0	1	1	1	0	145.0	0.097	0.154	NaN	NaN	0.231	0.342	NaN	NaN	6.93	11.97	NaN	NaN	0.0	"2.5"	"F0034"	1	1	"PR"	528.879	"reverse-f"	38.507	0	1	0	0.0	0.0	0.0	null	530.676	0.09
13.0	0.037675	30375.0	2840.625	1256.25	NaN	NaN	NaN	1	0	0	0	0	1	1	0	0	0	0	0	1	1	0	0	0	1	1	1	0	1	1	1	0	156.0	0.099	0.184	NaN	NaN	0.236	0.409	NaN	NaN	7.08	14.315	NaN	NaN	0.0	"2.5"	"F0034"	1	1	"PR"	538.924	"reverse-f"	48.552	0	1	0	0.0	0.0	0.0	null	540.721	0.091
12.7	0.039875	29250.0	2831.25	1546.875	NaN	NaN	NaN	1	0	0	0	0	1	1	0	0	0	0	0	1	1	0	0	0	1	1	1	0	1	1	1	0	152.0	0.098	0.213	NaN	NaN	0.233	0.473	NaN	NaN	6.99	16.555	NaN	NaN	0.0	"2.5"	"F0034"	1	1	"PR"	548.962	"reverse-f"	58.59	0	1	0	0.0	0.0	0.0	null	550.759	0.089
12.5	0.04125	27375.0	2821.875	1856.25	NaN	NaN	NaN	1	0	0	0	0	1	1	0	0	0	0	0	1	1	0	0	0	1	1	1	0	1	1	1	0	150.0	0.097	0.244	NaN	NaN	0.231	0.542	NaN	NaN	6.93	18.97	NaN	NaN	0.0	"2.5"	"F0034"	1	1	"PR"	558.996	"reverse-f"	68.624	0	1	0	0.0	0.0	0.0	null	560.793	0.09
12.6	0.043175	27562.5	2859.375	2137.5	NaN	NaN	NaN	1	0	0	0	0	1	1	0	0	0	0	0	1	1	0	0	0	1	1	1	0	1	1	1	0	151.0	0.101	0.272	NaN	NaN	0.24	0.604	NaN	NaN	7.2	21.14	NaN	NaN	0.0	"2.5"	"F0034"	1	1	"PR"	569.035	"reverse-f"	78.663	0	1	0	0.0	0.0	0.0	null	570.832	0.092
12.7	0.045375	30000.0	2840.625	2278.125	NaN	NaN	NaN	0	0	0	0	0	1	1	0	0	0	0	0	1	0	0	0	0	1	1	1	0	1	1	1	0	152.0	0.099	0.286	NaN	NaN	0.236	0.636	NaN	NaN	7.08	22.26	NaN	NaN	0.0	"2.5"	"F0034"	1	1	"PR"	578.983	"reverse"	88.611	0	1	0	0.0	0.0	0.0	null	580.78	0.09
13.0	0.046475	30000.0	2812.5	2259.375	NaN	NaN	NaN	0	0	0	0	0	1	1	0	0	0	0	0	1	0	0	0	0	1	1	1	0	1	1	1	0	156.0	0.096	0.284	NaN	NaN	0.229	0.631	NaN	NaN	6.87	22.085	NaN	NaN	0.0	"2.5"	"F0034"	1	1	"PR"	589.023	"reverse"	98.651	0	1	0	0.0	0.0	0.0	null	590.82	0.09
13.4	0.0473	30000.0	2850.0	2259.375	NaN	NaN	NaN	0	0	0	0	0	1	1	0	0	0	0	0	1	0	0	0	0	1	1	1	0	1	1	1	0	161.0	0.1	0.284	NaN	NaN	0.238	0.631	NaN	NaN	7.14	22.085	NaN	NaN	0.0	"2.5"	"F0034"	1	1	"PR"	599.061	"reverse"	108.689	0	1	0	0.0	0.0	0.0	null	600.858	0.09
12.6	0.0484	27375.0	2840.625	2278.125	NaN	NaN	NaN	0	0	0	0	0	1	1	0	0	0	0	0	1	0	0	0	0	1	1	1	0	1	1	1	0	151.0	0.099	0.286	NaN	NaN	0.236	0.636	NaN	NaN	7.08	22.26	NaN	NaN	0.0	"2.5"	"F0034"	1	1	"PR"	609.097	"reverse"	118.725	0	1	0	0.0	0.0	0.0	null	610.894	0.087
12.3	0.04895	29062.5	2831.25	2250.0	NaN	NaN	NaN	0	0	0	0	0	1	1	0	0	0	0	0	1	0	0	0	0	1	1	1	0	1	1	1	0	148.0	0.098	0.283	NaN	NaN	0.233	0.629	NaN	NaN	6.99	22.015	NaN	NaN	0.0	"2.5"	"F0034"	1	1	"PR"	618.934	"reverse"	128.562	0	1	0	0.0	0.0	0.0	null	620.731	0.089
12.3	0.049225	30000.0	2821.875	2250.0	NaN	NaN	NaN	0	0	0	0	0	1	1	0	0	0	0	0	1	0	0	0	0	1	1	1	0	1	1	1	0	148.0	0.097	0.283	NaN	NaN	0.231	0.629	NaN	NaN	6.93	22.015	NaN	NaN	0.0	"2.5"	"F0034"	1	1	"PR"	628.973	"reverse"	138.601	0	1	0	0.0	0.0	0.0	null	630.77	0.086
13.4	0.050325	29625.0	2840.625	2259.375	NaN	NaN	NaN	0	0	0	0	0	1	1	0	0	0	0	0	1	0	0	0	0	1	1	1	0	1	1	1	0	161.0	0.099	0.284	NaN	NaN	0.236	0.631	NaN	NaN	7.08	22.085	NaN	NaN	0.0	"2.5"	"F0034"	1	1	"PR"	639.008	"reverse"	148.636	0	1	0	0.0	0.0	0.0	null	640.805	0.086
4.7	0.050875	1312.5	2990.625	2268.75	NaN	NaN	NaN	0	0	0	0	0	0	0	0	0	0	0	0	0	0	0	0	0	0	0	0	1	0	0	0	1	56.0	0.114	0.285	NaN	NaN	0.271	0.633	NaN	NaN	8.13	22.155	NaN	NaN	0.0	"2.5"	"F0034"	0	0	"PR"	649.131	"diffuse"	8.718	0	1	1	0.0	0.0	0.0	null	650.928	0.088
4.4	0.050875	1875.0	3009.375	2268.75	NaN	NaN	NaN	0	0	0	0	0	0	0	0	0	0	0	0	0	0	0	0	0	0	0	0	1	0	0	0	1	53.0	0.116	0.285	NaN	NaN	0.276	0.633	NaN	NaN	8.28	22.155	NaN	NaN	0.0	"2.5"	"F0034"	0	0	"PR"	658.968	"diffuse"	18.555	0	1	1	0.0	0.0	0.0	null	660.765	0.086
4.3	0.0506	1687.5	3009.375	2278.125	NaN	NaN	NaN	0	0	0	0	0	0	0	0	0	0	0	0	0	0	0	0	0	0	0	0	1	0	0	0	1	52.0	0.116	0.286	NaN	NaN	0.276	0.636	NaN	NaN	8.28	22.26	NaN	NaN	0.0	"2.5"	"F0034"	0	0	"PR"	669.006	"diffuse"	28.593	0	1	1	0.0	0.0	0.0	null	670.803	0.086
12.6	0.050325	29250.0	2878.125	2259.375	NaN	NaN	NaN	0	0	0	0	0	1	1	0	0	0	0	0	1	0	0	0	0	1	1	1	0	1	1	1	0	151.0	0.103	0.284	NaN	NaN	0.245	0.631	NaN	NaN	7.35	22.085	NaN	NaN	0.0	"2.5"	"F0034"	1	1	"PR"	679.139	"wash-en"	8.527	0	1	1	0.0	0.0	0.0	null	680.936	0.091
13.8	0.051975	28875.0	2831.25	2250.0	NaN	NaN	NaN	0	0	0	0	0	1	1	0	0	0	0	0	1	0	0	0	0	1	1	1	0	1	1	1	0	166.0	0.098	0.283	NaN	NaN	0.233	0.629	NaN	NaN	6.99	22.015	NaN	NaN	0.0	"2.5"	"F0034"	1	1	"PR"	689.178	"wash-en"	18.566	0	1	1	0.0	0.0	0.0	null	690.975	0.089
3.7	0.051975	30187.5	2821.875	2259.375	NaN	NaN	NaN	0	0	0	0	0	1	1	0	0	0	0	0	1	0	0	0	0	0	0	0	1	0	0	0	1	44.0	0.097	0.284	NaN	NaN	0.231	0.631	NaN	NaN	6.93	22.085	NaN	NaN	0.0	"2.5"	"F0034"	0	0	"PR"	699.099	"wash-sc"	8.316	0	1	1	0.0	0.0	0.0	null	700.896	0.086
4.2	0.05225	750.0	3018.75	2278.125	NaN	NaN	NaN	0	0	0	0	0	0	0	0	0	0	0	0	0	0	0	0	0	0	0	0	1	0	0	0	1	50.0	0.117	0.286	NaN	NaN	0.279	0.636	NaN	NaN	8.37	22.26	NaN	NaN	0.0	"2.5"	"F0034"	0	0	"PR"	709.135	"diffuse"	8.232	0	1	2	0.0	0.0	0.0	null	710.932	0.089
3.9	0.05225	1312.5	3000.0	2278.125	NaN	NaN	NaN	0	0	0	0	0	0	0	0	0	0	0	0	0	0	0	0	0	0	0	0	1	0	0	0	1	47.0	0.115	0.286	NaN	NaN	0.274	0.636	NaN	NaN	8.22	22.26	NaN	NaN	0.0	"2.5"	"F0034"	0	0	"PR"	719.169	"diffuse"	18.266	0	1	2	0.0	0.0	0.0	null	720.966	0.086
3.9	0.053075	1875.0	3009.375	2268.75	NaN	NaN	NaN	0	0	0	0	0	0	0	0	0	0	0	0	0	0	0	0	0	0	0	0	1	0	0	0	1	47.0	0.116	0.285	NaN	NaN	0.276	0.633	NaN	NaN	8.28	22.155	NaN	NaN	0.0	"2.5"	"F0034"	0	0	"PR"	729.206	"diffuse"	28.303	0	1	2	0.0	0.0	0.0	null	731.003	0.089
12.1	0.052525	26437.5	2821.875	2259.375	NaN	NaN	NaN	0	0	0	0	0	1	1	0	0	0	0	0	1	0	0	0	0	1	1	1	0	1	1	1	0	145.0	0.097	0.284	NaN	NaN	0.231	0.631	NaN	NaN	6.93	22.085	NaN	NaN	0.0	"2.5"	"F0034"	1	1	"PR"	739.136	"wash-en"	8.123	0	1	2	0.0	0.0	0.0	null	740.933	0.087
12.4	0.05225	29625.0	2821.875	2287.5	NaN	NaN	NaN	0	0	0	0	0	1	1	0	0	0	0	0	1	0	0	0	0	1	1	1	0	1	1	1	0	149.0	0.097	0.287	NaN	NaN	0.231	0.638	NaN	NaN	6.93	22.33	NaN	NaN	0.0	"2.5"	"F0034"	1	1	"PR"	749.17	"wash-en"	18.157	0	1	2	0.0	0.0	0.0	null	750.967	0.086
3.3	0.053075	30000.0	2868.75	2268.75	NaN	NaN	NaN	0	0	0	0	0	1	1	0	0	0	0	0	1	0	0	0	0	0	0	0	1	0	0	0	1	40.0	0.102	0.285	NaN	NaN	0.243	0.633	NaN	NaN	7.29	22.155	NaN	NaN	0.0	"2.5"	"F0034"	0	0	"PR"	759.092	"wash-sc"	7.916	0	1	2	0.0	0.0	0.0	null	760.889	0.084
3.5	0.053075	1500.0	3009.375	2278.125	NaN	NaN	NaN	0	0	0	0	0	0	0	0	0	0	0	0	0	0	0	0	0	0	0	0	1	0	0	0	1	42.0	0.116	0.286	NaN	NaN	0.276	0.636	NaN	NaN	8.28	22.26	NaN	NaN	0.0	"2.5"	"F0034"	0	0	"PR"	769.128	"diffuse"	7.83	0	1	3	0.0	0.0	0.0	null	770.925	0.087
3.5	0.053075	2437.5	3009.375	2278.125	NaN	NaN	NaN	0	0	0	0	0	0	0	0	0	0	0	0	0	0	0	0	0	0	0	0	1	0	0	0	1	42.0	0.116	0.286	NaN	NaN	0.276	0.636	NaN	NaN	8.28	22.26	NaN	NaN	0.0	"2.5"	"F0034"	0	0	"PR"	779.164	"diffuse"	17.866	0	1	3	0.0	0.0	0.0	null	780.961	0.084
4.0	0.053075	2812.5	3009.375	2268.75	NaN	NaN	NaN	0	0	0	0	0	0	0	0	0	0	0	0	0	0	0	0	0	0	0	0	1	0	0	0	1	48.0	0.116	0.285	NaN	NaN	0.276	0.633	NaN	NaN	8.28	22.155	NaN	NaN	0.0	"2.5"	"F0034"	0	0	"PR"	789.202	"diffuse"	27.904	0	1	3	0.0	0.0	0.0	null	790.999	0.083
13.3	0.052525	27562.5	2821.875	2259.375	NaN	NaN	NaN	0	0	0	0	0	1	1	0	0	0	0	0	1	0	0	0	0	1	1	1	0	1	1	1	0	160.0	0.097	0.284	NaN	NaN	0.231	0.631	NaN	NaN	6.93	22.085	NaN	NaN	0.0	"2.5"	"F0034"	1	1	"PR"	799.135	"wash-en"	7.723	0	1	3	0.0	0.0	0.0	null	800.932	0.088
11.7	0.05225	27187.5	2850.0	2278.125	NaN	NaN	NaN	0	0	0	0	0	1	1	0	0	0	0	0	1	0	0	0	0	1	1	1	0	1	1	1	0	140.0	0.1	0.286	NaN	NaN	0.238	0.636	NaN	NaN	7.14	22.26	NaN	NaN	0.0	"2.5"	"F0034"	1	1	"PR"	809.174	"wash-en"	17.762	0	1	3	0.0	0.0	0.0	null	810.971	0.086
3.1	0.053075	30000.0	2821.875	2259.375	NaN	NaN	NaN	0	0	0	0	0	1	1	0	0	0	0	0	1	0	0	0	0	0	0	0	1	0	0	0	1	37.0	0.097	0.284	NaN	NaN	0.231	0.631	NaN	NaN	6.93	22.085	NaN	NaN	0.0	"2.5"	"F0034"	0	0	"PR"	819.305	"wash-sc"	7.722	0	1	3	0.0	0.0	0.0	null	821.102	0.086
3.5	0.0528	2250.0	3018.75	2278.125	NaN	NaN	NaN	0	0	0	0	0	0	0	0	0	0	0	0	0	0	0	0	0	0	0	0	1	0	0	0	1	42.0	0.117	0.286	NaN	NaN	0.279	0.636	NaN	NaN	8.37	22.26	NaN	NaN	0.0	"2.5"	"F0034"	0	0	"PR"	829.344	"diffuse"	7.63	0	1	4	0.0	0.0	0.0	null	831.141	0.086
3.3	0.0528	937.5	3000.0	2268.75	NaN	NaN	NaN	0	0	0	0	0	0	0	0	0	0	0	0	0	0	0	0	0	0	0	0	1	0	0	0	1	40.0	0.115	0.285	NaN	NaN	0.274	0.633	NaN	NaN	8.22	22.155	NaN	NaN	0.0	"2.5"	"F0034"	0	0	"PR"	839.177	"diffuse"	17.463	0	1	4	0.0	0.0	0.0	null	840.974	0.083
2.8	0.052525	1500.0	3009.375	2287.5	NaN	NaN	NaN	0	0	0	0	0	0	0	0	0	0	0	0	0	0	0	0	0	0	0	0	1	0	0	0	1	34.0	0.116	0.287	NaN	NaN	0.276	0.638	NaN	NaN	8.28	22.33	NaN	NaN	0.0	"2.5"	"F0034"	0	0	"PR"	849.217	"diffuse"	27.503	0	1	4	0.0	0.0	0.0	null	851.014	0.083
10.4	0.0528	30000.0	2821.875	2259.375	NaN	NaN	NaN	0	0	0	0	0	1	1	0	0	0	0	0	1	0	0	0	0	1	1	1	0	1	1	1	0	125.0	0.097	0.284	NaN	NaN	0.231	0.631	NaN	NaN	6.93	22.085	NaN	NaN	0.0	"2.5"	"F0034"	1	1	"PR"	859.343	"wash-en"	7.517	0	1	4	0.0	0.0	0.0	null	861.14	0.087
12.3	0.051975	30187.5	2831.25	2240.625	NaN	NaN	NaN	0	0	0	0	0	1	1	0	0	0	0	0	1	0	0	0	0	1	1	1	0	1	1	1	0	148.0	0.098	0.282	NaN	NaN	0.233	0.627	NaN	NaN	6.99	21.945	NaN	NaN	0.0	"2.5"	"F0034"	1	1	"PR"	869.38	"wash-en"	17.554	0	1	4	0.0	0.0	0.0	null	871.177	0.086
2.2	0.051975	30000.0	2859.375	2268.75	NaN	NaN	NaN	0	0	0	0	0	1	1	0	0	0	0	0	1	0	0	0	0	0	0	0	1	0	0	0	1	26.0	0.101	0.285	NaN	NaN	0.24	0.633	NaN	NaN	7.2	22.155	NaN	NaN	0.0	"2.5"	"F0034"	0	0	"PR"	879.304	"wash-sc"	7.315	0	1	4	0.0	0.0	0.0	null	881.101	0.084
2.7	0.0528	-750.0	2568.75	2268.75	NaN	NaN	NaN	0	0	0	0	1	0	0	0	0	0	0	0	0	0	0	0	0	0	0	0	1	0	0	0	1	32.0	0.072	0.285	NaN	NaN	0.171	0.633	NaN	NaN	5.13	22.155	NaN	NaN	0.0	"2.5"	"F0034"	0	0	"PR"	889.343	"drain-rg"	7.23	0	1	4	0.0	0.0	0.0	null	891.14	0.084
3.0	0.05225	-375.0	2221.875	2278.125	NaN	NaN	NaN	0	0	0	0	1	0	0	0	0	0	0	0	0	0	0	0	0	0	0	0	1	0	0	0	1	36.0	0.037	0.286	NaN	NaN	0.088	0.636	NaN	NaN	2.64	22.26	NaN	NaN	0.0	"2.5"	"F0034"	0	0	"PR"	899.382	"drain-rg"	17.269	0	1	4	0.0	0.0	0.0	null	901.179	0.086
2.3	0.052525	375.0	1856.25	2231.25	NaN	NaN	NaN	0	0	0	0	1	0	0	0	0	0	0	0	0	0	0	0	0	0	0	0	1	0	0	0	1	28.0	0.001	0.281	NaN	NaN	0.002	0.624	NaN	NaN	0.06	21.84	NaN	NaN	0.0	"2.5"	"F0034"	0	0	"PR"	909.419	"drain-rg"	27.306	0	1	4	0.0	0.0	0.0	null	911.216	0.086
2.7	0.05225	375.0	1115.625	2278.125	NaN	NaN	NaN	0	0	0	0	1	0	0	0	0	0	0	0	0	0	0	0	0	0	0	0	1	0	0	0	1	32.0	-0.073	0.286	NaN	NaN	-0.174	0.636	NaN	NaN	-5.22	22.26	NaN	NaN	0.0	"2.5"	"F0034"	0	0	"PR"	919.257	"drip-rg"	9.637	0	1	4	0.0	0.0	0.0	null	921.054	0.086
1.4	0.051975	26812.5	1003.125	2203.125	NaN	NaN	NaN	0	0	1	0	0	1	0	0	0	0	0	0	1	0	0	0	0	0	0	0	1	0	0	0	1	17.0	-0.085	0.278	NaN	NaN	-0.202	0.618	NaN	NaN	-6.06	21.63	NaN	NaN	0.0	"2.5"	"F0034"	0	0	"FR"	3.835	"fill-rg-di"	3.634	1	1	0	926.674	0.0	0.0	null	931.133	0.093
2.6	0.051975	27000.0	2062.5	1950.0	NaN	NaN	NaN	0	0	1	0	0	1	0	0	0	0	0	0	1	0	0	0	0	0	0	0	1	0	0	0	1	31.0	0.021	0.253	NaN	NaN	0.05	0.562	NaN	NaN	1.5	19.67	NaN	NaN	0.0	"2.5"	"F0034"	0	0	"FR"	13.87	"fill-rg-di"	13.669	1	1	0	926.674	0.0	0.0	null	941.168	0.083
3.4	0.050325	29250.0	2409.375	1687.5	NaN	NaN	NaN	0	0	1	0	0	1	0	0	0	0	0	0	1	0	0	0	0	0	0	0	1	0	0	0	1	41.0	0.056	0.227	NaN	NaN	0.133	0.504	NaN	NaN	3.99	17.64	NaN	NaN	0.0	"2.5"	"F0034"	0	0	"FR"	23.907	"fill-rg-di"	23.706	1	1	0	926.674	0.0	0.0	null	951.205	0.084
3.0	0.049225	28125.0	2690.625	1406.25	NaN	NaN	NaN	0	0	1	0	0	1	0	0	0	0	0	0	1	0	0	0	0	0	0	0	1	0	0	0	1	36.0	0.084	0.199	NaN	NaN	0.2	0.442	NaN	NaN	6.0	15.47	NaN	NaN	0.0	"2.5"	"F0034"	0	0	"FR"	33.945	"fill-rg-di"	33.744	1	1	0	926.674	0.0	0.0	null	961.243	0.085
3.1	0.048125	30000.0	3009.375	1190.625	NaN	NaN	NaN	0	0	1	0	0	1	0	0	0	0	0	0	1	0	0	0	0	0	0	0	1	0	0	0	1	37.0	0.116	0.177	NaN	NaN	0.276	0.393	NaN	NaN	8.28	13.755	NaN	NaN	0.0	"2.5"	"F0034"	0	0	"FR"	43.982	"fill-rg-di"	43.781	1	1	0	926.674	0.0	0.0	null	971.28	0.083
3.2	0.0473	375.0	3009.375	965.625	NaN	NaN	NaN	0	0	0	0	1	0	0	0	0	0	0	0	0	0	0	0	0	0	0	0	1	0	0	0	1	38.0	0.116	0.155	NaN	NaN	0.276	0.344	NaN	NaN	8.28	12.04	NaN	NaN	0.0	"2.5"	"F0034"	0	0	"FR"	53.818	"drain-rg"	1.205	1	1	0	926.674	0.0	0.0	null	981.116	0.09
4.0	0.0473	-1875.0	2671.875	975.0	NaN	NaN	NaN	0	0	0	0	1	0	0	0	0	0	0	0	0	0	0	0	0	0	0	0	1	0	0	0	1	48.0	0.082	0.155	NaN	NaN	0.195	0.344	NaN	NaN	5.85	12.04	NaN	NaN	0.0	"2.5"	"F0034"	0	0	"FR"	63.855	"drain-rg"	11.242	1	1	0	926.674	0.0	0.0	null	991.153	0.087
3.3	0.046475	-3562.5	2306.25	975.0	NaN	NaN	NaN	0	0	0	0	1	0	0	0	0	0	0	0	0	0	0	0	0	0	0	0	1	0	0	0	1	40.0	0.046	0.155	NaN	NaN	0.11	0.344	NaN	NaN	3.3	12.04	NaN	NaN	0.0	"2.5"	"F0034"	0	0	"FR"	73.89	"drain-rg"	21.277	1	1	0	926.674	0.0	0.0	null	1001.188	0.087
1.1	0.0473	-3562.5	1968.75	965.625	NaN	NaN	NaN	0	0	0	0	1	0	0	0	0	0	0	0	0	0	0	0	0	0	0	0	1	0	0	0	1	13.0	0.012	0.155	NaN	NaN	0.029	0.344	NaN	NaN	0.87	12.04	NaN	NaN	0.0	"2.5"	"F0034"	0	0	"FR"	83.932	"drain-rg"	31.319	1	1	0	926.674	0.0	0.0	null	1011.23	0.092
1.9	0.0473	-3375.0	1500.0	956.25	NaN	NaN	NaN	0	0	0	0	1	0	0	0	0	0	0	0	0	0	0	0	0	0	0	0	1	0	0	0	1	23.0	-0.035	0.154	NaN	NaN	-0.083	0.342	NaN	NaN	-2.49	11.97	NaN	NaN	0.0	"2.5"	"F0034"	0	0	"FR"	93.971	"drip-rg"	6.828	1	1	0	926.674	0.0	0.0	null	1021.269	0.083
2.8	0.04675	-562.5	9.375	984.375	NaN	NaN	NaN	0	0	1	0	0	1	0	0	0	0	0	0	1	0	0	0	0	0	0	0	1	0	0	0	1	34.0	-0.184	0.156	NaN	NaN	-0.438	0.347	NaN	NaN	-13.14	12.145	NaN	NaN	0.0	"2.5"	"F0034"	0	0	"PR"	1.023	"fill-rg-di"	0.822	1	0	0	926.674	0.0	1029.698	null	1031.343	0.085
2.2	0.046475	28875.0	1978.125	703.125	NaN	NaN	NaN	0	0	1	0	0	1	0	0	0	0	0	0	1	0	0	0	0	0	0	0	1	0	0	0	1	26.0	0.013	0.128	NaN	NaN	0.031	0.284	NaN	NaN	0.93	9.94	NaN	NaN	0.0	"2.5"	"F0034"	0	0	"PR"	10.858	"fill-rg-di"	10.657	1	0	0	926.674	0.0	1029.698	null	1041.178	0.09
2.7	0.0462	28500.0	2306.25	459.375	NaN	NaN	NaN	0	0	1	0	0	1	0	0	0	0	0	0	1	0	0	0	0	0	0	0	1	0	0	0	1	32.0	0.046	0.104	NaN	NaN	0.11	0.231	NaN	NaN	3.3	8.085	NaN	NaN	0.0	"2.5"	"F0034"	0	0	"PR"	20.89	"fill-rg-di"	20.689	1	0	0	926.674	0.0	1029.698	null	1051.21	0.09
2.9	0.0451	26812.5	2606.25	196.875	NaN	NaN	NaN	0	0	1	0	0	1	0	0	0	0	0	0	1	0	0	0	0	0	0	0	1	0	0	0	1	35.0	0.076	0.078	NaN	NaN	0.181	0.173	NaN	NaN	5.43	6.055	NaN	NaN	0.0	"2.5"	"F0034"	0	0	"PR"	30.928	"fill-rg-di"	30.727	1	0	0	926.674	0.0	1029.698	null	1061.248	0.088
2.5	0.04565	2250.0	2784.375	196.875	NaN	NaN	NaN	1	0	0	0	0	0	0	0	0	0	0	0	0	1	0	0	0	0	0	0	1	0	0	0	1	30.0	0.093	0.078	NaN	NaN	0.221	0.173	NaN	NaN	6.63	6.055	NaN	NaN	0.0	"2.5"	"F0034"	0	0	"PR"	40.963	"fill-di-lb"	4.615	1	0	0	926.674	0.0	1029.698	null	1071.283	0.09
2.4	0.0451	2437.5	2765.625	496.875	NaN	NaN	NaN	1	0	0	0	0	0	0	0	0	0	0	0	0	1	0	0	0	0	0	0	1	0	0	0	1	29.0	0.092	0.108	NaN	NaN	0.219	0.24	NaN	NaN	6.57	8.4	NaN	NaN	0.0	"2.5"	"F0034"	0	0	"PR"	51.006	"fill-di-lb"	14.658	1	0	0	926.674	0.0	1029.698	null	1081.326	0.088
2.1	0.044275	3750.0	2784.375	796.875	NaN	NaN	NaN	1	0	0	0	0	0	0	0	0	0	0	0	0	1	0	0	0	0	0	0	1	0	0	0	1	25.0	0.093	0.138	NaN	NaN	0.221	0.307	NaN	NaN	6.63	10.745	NaN	NaN	0.0	"2.5"	"F0034"	0	0	"PR"	61.039	"fill-di-lb"	24.691	1	0	0	926.674	0.0	1029.698	null	1091.359	0.09
2.4	0.044825	3562.5	2765.625	1078.125	NaN	NaN	NaN	1	0	0	0	0	0	0	0	0	0	0	0	0	1	0	0	0	0	0	0	1	0	0	0	1	29.0	0.092	0.166	NaN	NaN	0.219	0.369	NaN	NaN	6.57	12.915	NaN	NaN	0.0	"2.5"	"F0034"	0	0	"PR"	71.074	"fill-di-lb"	34.726	1	0	0	926.674	0.0	1029.698	null	1101.394	0.087
2.7	0.044275	2625.0	2765.625	1406.25	NaN	NaN	NaN	1	0	0	0	0	0	0	0	0	0	0	0	0	1	0	0	0	0	0	0	1	0	0	0	1	32.0	0.092	0.199	NaN	NaN	0.219	0.442	NaN	NaN	6.57	15.47	NaN	NaN	0.0	"2.5"	"F0034"	0	0	"PR"	81.113	"fill-di-lb"	44.765	1	0	0	926.674	0.0	1029.698	null	1111.433	0.086
3.9	0.044825	1687.5	2765.625	1678.125	NaN	NaN	NaN	1	0	0	0	0	0	0	0	0	0	0	0	0	1	0	0	0	0	0	0	1	0	0	0	1	47.0	0.092	0.226	NaN	NaN	0.219	0.502	NaN	NaN	6.57	17.57	NaN	NaN	0.0	"2.5"	"F0034"	0	0	"PR"	90.948	"fill-di-lb"	54.6	1	0	0	926.674	0.0	1029.698	null	1121.268	0.09
2.1	0.044825	2625.0	2765.625	1968.75	NaN	NaN	NaN	1	0	0	0	0	0	0	0	0	0	0	0	0	1	0	0	0	0	0	0	1	0	0	0	1	25.0	0.092	0.255	NaN	NaN	0.219	0.567	NaN	NaN	6.57	19.845	NaN	NaN	0.0	"2.5"	"F0034"	0	0	"PR"	100.986	"fill-di-lb"	64.638	1	0	0	926.674	0.0	1029.698	null	1131.306	0.09
2.0	0.044825	14625.0	2784.375	2250.0	NaN	NaN	NaN	0	0	1	0	0	1	0	0	0	0	0	0	1	0	0	0	0	0	0	0	1	0	0	0	1	24.0	0.093	0.283	NaN	NaN	0.221	0.629	NaN	NaN	6.63	22.015	NaN	NaN	0.0	"2.5"	"F0034"	0	0	"PR"	111.025	"fill-rg-di"	0.802	1	0	0	926.674	0.0	1029.698	null	1141.345	0.09
2.5	0.044825	4312.5	2962.5	2221.875	NaN	NaN	NaN	1	0	0	0	0	0	0	0	0	0	0	0	0	1	0	0	0	0	0	0	1	0	0	0	1	30.0	0.111	0.28	NaN	NaN	0.264	0.622	NaN	NaN	7.92	21.77	NaN	NaN	0.0	"2.5"	"F0034"	0	0	"PR"	121.057	"fill-di"	4.013	1	0	0	926.674	0.0	1029.698	null	1151.377	0.087
