cur	ec	mod-ps	rg-ps	di-ps	fw1-ps	fw2-ps	pf-ps	vlv-di-fill	vlv-di-in	vlv-di-out	vlv-rg-fill	vlv-rg-drain	vlv-rg-in	vlv-rg-out	vlv-fw1-in	vlv-fw1-out	vlv-fw2-in	vlv-po	vlv-mod-drain	pmp-sys	pmp-di	pmp-fw1	pmp-fw2	uv	en-anode1	en-cath1	pl-anode1	pl-cath1	en-anode2	en-cath2	pl-anode2	pl-cath2	pw	rg-he	di-he	fw1-he	fw2-he	rg-lev	di-lev	fw1-lev	fw2-lev	rg-vol	di-vol	fw1-vol	fw2-vol	pr-ec	ver	sn	mod-en	mod-pl	proc	proc-time	ph	ph-time	count	cyc	rnd	pr-last	rc-last	fr-last	halt-re	time	exec
2.0	0.043175	30000.0	2821.875	2287.5	NaN	NaN	NaN	0	0	0	0	0	1	1	0	0	0	0	0	1	0	0	0	0	0	0	0	1	0	0	0	1	24.0	0.097	0.287	NaN	NaN	0.231	0.638	NaN	NaN	6.93	22.33	NaN	NaN	0.0	"2.5"	"F0034"	0	0	"PR"	8.244	"prime"	6.825	0	0	0	0.0	0.0	0.0	null	10.031	0.092
1.9	0.0429	30000.0	2784.375	2306.25	NaN	NaN	NaN	0	0	0	0	0	1	1	0	0	0	0	0	1	0	0	0	0	0	0	0	1	0	0	0	1	23.0	0.093	0.289	NaN	NaN	0.221	0.642	NaN	NaN	6.63	22.47	NaN	NaN	0.0	"2.5"	"F0034"	0	0	"PR"	8.445	"prime"	7.026	0	0	0	0.0	0.0	0.0	null	10.232	0.091
0.6	0.04345	29812.5	2765.625	2287.5	NaN	NaN	NaN	0	0	0	0	0	1	1	0	0	0	0	0	1	0	0	0	0	0	0	0	1	0	0	0	1	7.0	0.092	0.287	NaN	NaN	0.219	0.638	NaN	NaN	6.57	22.33	NaN	NaN	0.0	"2.5"	"F0034"	0	0	"PR"	18.284	"prime"	16.865	0	0	0	0.0	0.0	0.0	null	20.071	0.086
1.4	0.0429	30000.0	2868.75	2306.25	NaN	NaN	NaN	0	0	0	0	0	1	1	0	0	0	0	0	1	0	0	0	0	0	0	0	1	0	0	0	1	17.0	0.102	0.289	NaN	NaN	0.243	0.642	NaN	NaN	7.29	22.47	NaN	NaN	0.0	"2.5"	"F0034"	0	0	"PR"	28.324	"prime"	26.905	0	0	0	0.0	0.0	0.0	null	30.111	0.09
-12.4	0.0429	33937.5	2971.875	2615.625	NaN	NaN	NaN	0	1	1	0	0	0	0	0	0	0	0	0	1	0	0	0	0	1	1	0	1	1	1	0	1	-149.0	0.112	0.32	NaN	NaN	0.267	0.711	NaN	NaN	8.01	24.885	NaN	NaN	0.0	"2.5"	"F0034"	1	0	"PR"	38.366	"deionize"	6.428	0	1	0	0.0	0.0	0.0	null	40.153	0.087
-11.6	0.0418	34875.0	2981.25	2531.25	NaN	NaN	NaN	0	1	1	0	0	0	0	0	0	0	0	0	1	0	0	0	0	1	1	0	1	1	1	0	1	-139.0	0.113	0.311	NaN	NaN	0.269	0.691	NaN	NaN	8.07	24.185	NaN	NaN	0.0	"2.5"	"F0034"	1	0	"PR"	48.4	"deionize"	16.462	0	1	0	0.0	0.0	0.0	null	50.187	0.09
-11.7	0.0407	34500.0	2990.625	2568.75	NaN	NaN	NaN	0	1	1	0	0	0	0	0	0	0	0	0	1	0	0	0	0	1	1	0	1	1	1	0	1	-140.0	0.114	0.315	NaN	NaN	0.271	0.7	NaN	NaN	8.13	24.5	NaN	NaN	0.0	"2.5"	"F0034"	1	0	"PR"	58.441	"deionize"	26.503	0	1	0	0.0	0.0	0.0	null	60.228	0.093
-11.4	0.039325	33000.0	2971.875	2587.5	NaN	NaN	NaN	0	1	1	0	0	0	0	0	0	0	0	0	1	0	0	0	0	1	1	0	1	1	1	0	1	-137.0	0.112	0.317	NaN	NaN	0.267	0.704	NaN	NaN	8.01	24.64	NaN	NaN	0.0	"2.5"	"F0034"	1	0	"PR"	68.473	"deionize"	36.535	0	1	0	0.0	0.0	0.0	null	70.26	0.09
-11.7	0.03795	35437.5	2990.625	2625.0	NaN	NaN	NaN	0	1	1	0	0	0	0	0	0	0	0	0	1	0	0	0	0	1	1	0	1	1	1	0	1	-140.0	0.114	0.321	NaN	NaN	0.271	0.713	NaN	NaN	8.13	24.955	NaN	NaN	0.0	"2.5"	"F0034"	1	0	"PR"	78.502	"deionize"	46.564	0	1	0	0.0	0.0	0.0	null	80.289	0.087
-11.9	0.03685	35437.5	3009.375	2550.0	NaN	NaN	NaN	0	1	1	0	0	0	0	0	0	0	0	0	1	0	0	0	0	1	1	0	1	1	1	0	1	-143.0	0.116	0.313	NaN	NaN	0.276	0.696	NaN	NaN	8.28	24.36	NaN	NaN	0.0	"2.5"	"F0034"	1	0	"PR"	88.54	"deionize"	56.602	0	1	0	0.0	0.0	0.0	null	90.327	0.09
-9.9	0.036025	33937.5	2971.875	2521.875	NaN	NaN	NaN	0	1	1	0	0	0	0	0	0	0	0	0	1	0	0	0	0	1	1	0	1	1	1	0	1	-119.0	0.112	0.31	NaN	NaN	0.267	0.689	NaN	NaN	8.01	24.115	NaN	NaN	0.0	"2.5"	"F0034"	1	0	"PR"	98.375	"deionize"	66.437	0	1	0	0.0	0.0	0.0	null	100.162	0.087
-11.7	0.034925	33750.0	2981.25	2531.25	NaN	NaN	NaN	0	1	1	0	0	0	0	0	0	0	0	0	1	0	0	0	0	1	1	0	1	1	1	0	1	-140.0	0.113	0.311	NaN	NaN	0.269	0.691	NaN	NaN	8.07	24.185	NaN	NaN	0.0	"2.5"	"F0034"	1	0	"PR"	108.405	"deionize"	76.467	0	1	0	0.0	0.0	0.0	null	110.192	0.086
-11.9	0.033	34875.0	2981.25	2606.25	NaN	NaN	NaN	0	1	1	0	0	0	0	0	0	0	0	0	1	0	0	0	0	1	1	0	1	1	1	0	1	-143.0	0.113	0.319	NaN	NaN	0.269	0.709	NaN	NaN	8.07	24.815	NaN	NaN	0.0	"2.5"	"F0034"	1	0	"PR"	118.442	"deionize"	86.504	0	1	0	0.0	0.0	0.0	null	120.229	0.087
-11.1	0.032725	34687.5	2990.625	2653.125	NaN	NaN	NaN	0	1	1	0	0	0	0	0	0	0	0	0	1	0	0	0	0	1	1	0	1	1	1	0	1	-133.0	0.114	0.323	NaN	NaN	0.271	0.718	NaN	NaN	8.13	25.13	NaN	NaN	0.0	"2.5"	"F0034"	1	0	"PR"	128.478	"deionize"	96.54	0	1	0	0.0	0.0	0.0	null	130.265	0.09
-11.2	0.03135	34125.0	2971.875	2587.5	NaN	NaN	NaN	0	1	1	0	0	0	0	0	0	0	0	0	1	0	0	0	0	1	1	0	1	1	1	0	1	-134.0	0.112	0.317	NaN	NaN	0.267	0.704	NaN	NaN	8.01	24.64	NaN	NaN	0.0	"2.5"	"F0034"	1	0	"PR"	138.514	"deionize"	106.576	0	1	0	0.0	0.0	0.0	null	140.301	0.09
-10.8	0.030525	32062.5	2981.25	2587.5	NaN	NaN	NaN	0	1	1	0	0	0	0	0	0	0	0	0	1	0	0	0	0	1	1	0	1	1	1	0	1	-130.0	0.113	0.317	NaN	NaN	0.269	0.704	NaN	NaN	8.07	24.64	NaN	NaN	0.0	"2.5"	"F0034"	1	0	"PR"	148.551	"deionize"	116.613	0	1	0	0.0	0.0	0.0	null	150.338	0.091
-9.9	0.03025	33937.5	2971.875	2568.75	NaN	NaN	NaN	0	1	1	0	0	0	0	0	0	0	0	0	1	0	0	0	0	1	1	0	1	1	1	0	1	-119.0	0.112	0.315	NaN	NaN	0.267	0.7	NaN	NaN	8.01	24.5	NaN	NaN	0.0	"2.5"	"F0034"	1	0	"PR"	158.584	"deionize"	126.646	0	1	0	0.0	0.0	0.0	null	160.371	0.09
-10.4	0.03025	35625.0	2981.25	2550.0	NaN	NaN	NaN	0	1	1	0	0	0	0	0	0	0	0	0	1	0	0	0	0	1	1	0	1	1	1	0	1	-125.0	0.113	0.313	NaN	NaN	0.269	0.696	NaN	NaN	8.07	24.36	NaN	NaN	0.0	"2.5"	"F0034"	1	0	"PR"	168.62	"deionize"	136.682	0	1	0	0.0	0.0	0.0	null	170.407	0.09
-10.3	0.02915	35437.5	2981.25	2615.625	NaN	NaN	NaN	0	1	1	0	0	0	0	0	0	0	0	0	1	0	0	0	0	1	1	0	1	1	1	0	1	-124.0	0.113	0.32	NaN	NaN	0.269	0.711	NaN	NaN	8.07	24.885	NaN	NaN	0.0	"2.5"	"F0034"	1	0	"PR"	178.458	"deionize"	146.52	0	1	0	0.0	0.0	0.0	null	180.245	0.087
-10.0	0.02915	32812.5	2981.25	2568.75	NaN	NaN	NaN	0	1	1	0	0	0	0	0	0	0	0	0	1	0	0	0	0	1	1	0	1	1	1	0	1	-120.0	0.113	0.315	NaN	NaN	0.269	0.7	NaN	NaN	8.07	24.5	NaN	NaN	0.0	"2.5"	"F0034"	1	0	"PR"	188.493	"deionize"	156.555	0	1	0	0.0	0.0	0.0	null	190.28	0.086
-9.7	0.028875	33937.5	2971.875	2578.125	NaN	NaN	NaN	0	1	1	0	0	0	0	0	0	0	0	0	1	0	0	0	0	1	1	0	1	1	1	0	1	-116.0	0.112	0.316	NaN	NaN	0.267	0.702	NaN	NaN	8.01	24.57	NaN	NaN	0.0	"2.5"	"F0034"	1	0	"PR"	198.523	"deionize"	166.585	0	1	0	0.0	0.0	0.0	null	200.31	0.088
-10.0	0.02805	34875.0	2981.25	2568.75	NaN	NaN	NaN	0	1	1	0	0	0	0	0	0	0	0	0	1	0	0	0	0	1	1	0	1	1	1	0	1	-120.0	0.113	0.315	NaN	NaN	0.269	0.7	NaN	NaN	8.07	24.5	NaN	NaN	0.0	"2.5"	"F0034"	1	0	"PR"	208.562	"deionize"	176.624	0	1	0	0.0	0.0	0.0	null	210.349	0.086
-8.8	0.027225	33937.5	2943.75	2559.375	NaN	NaN	NaN	0	1	1	0	0	0	0	0	0	0	0	0	1	0	0	0	0	1	1	0	1	1	1	0	1	-106.0	0.109	0.314	NaN	NaN	0.26	0.698	NaN	NaN	7.8	24.43	NaN	NaN	0.0	"2.5"	"F0034"	1	0	"PR"	218.594	"deionize"	186.656	0	1	0	0.0	0.0	0.0	null	220.381	0.086
-10.0	0.027775	31875.0	2981.25	2587.5	NaN	NaN	NaN	0	1	1	0	0	0	0	0	0	0	0	0	1	0	0	0	0	1	1	0	1	1	1	0	1	-120.0	0.113	0.317	NaN	NaN	0.269	0.704	NaN	NaN	8.07	24.64	NaN	NaN	0.0	"2.5"	"F0034"	1	0	"PR"	228.629	"deionize"	196.691	0	1	0	0.0	0.0	0.0	null	230.416	0.087
-9.2	0.02805	33375.0	2981.25	2540.625	NaN	NaN	NaN	0	1	1	0	0	0	0	0	0	0	0	0	1	0	0	0	0	1	1	0	1	1	1	0	1	-110.0	0.113	0.312	NaN	NaN	0.269	0.693	NaN	NaN	8.07	24.255	NaN	NaN	0.0	"2.5"	"F0034"	1	0	"PR"	238.667	"deionize"	206.729	0	1	0	0.0	0.0	0.0	null	240.454	0.087
-9.2	0.02695	35062.5	2981.25	2540.625	NaN	NaN	NaN	0	1	1	0	0	0	0	0	0	0	0	0	1	0	0	0	0	1	1	0	1	1	1	0	1	-110.0	0.113	0.312	NaN	NaN	0.269	0.693	NaN	NaN	8.07	24.255	NaN	NaN	0.0	"2.5"	"F0034"	1	0	"PR"	248.701	"deionize"	216.763	0	1	0	0.0	0.0	0.0	null	250.488	0.087
-8.9	0.0264	36937.5	2990.625	2587.5	NaN	NaN	NaN	0	1	1	0	0	0	0	0	0	0	0	0	1	0	0	0	0	1	1	0	1	1	1	0	1	-107.0	0.114	0.317	NaN	NaN	0.271	0.704	NaN	NaN	8.13	24.64	NaN	NaN	0.0	"2.5"	"F0034"	1	0	"PR"	258.539	"deionize"	226.601	0	1	0	0.0	0.0	0.0	null	260.326	0.085
-8.6	0.0264	35625.0	2981.25	2615.625	NaN	NaN	NaN	0	1	1	0	0	0	0	0	0	0	0	0	1	0	0	0	0	1	1	0	1	1	1	0	1	-103.0	0.113	0.32	NaN	NaN	0.269	0.711	NaN	NaN	8.07	24.885	NaN	NaN	0.0	"2.5"	"F0034"	1	0	"PR"	268.576	"deionize"	236.638	0	1	0	0.0	0.0	0.0	null	270.363	0.084
-8.6	0.025575	34875.0	2953.125	2540.625	NaN	NaN	NaN	0	1	1	0	0	0	0	0	0	0	0	0	1	0	0	0	1	1	1	0	1	1	1	0	1	-103.0	0.11	0.312	NaN	NaN	0.262	0.693	NaN	NaN	7.86	24.255	NaN	NaN	0.0	"2.5"	"F0034"	1	0	"PR"	278.721	"deionize-uv"	6.732	0	1	0	0.0	0.0	0.0	null	280.508	0.086
-7.7	0.025575	35062.5	2981.25	2578.125	NaN	NaN	NaN	0	1	1	0	0	0	0	0	0	0	0	0	1	0	0	0	1	1	1	0	1	1	1	0	1	-92.0	0.113	0.316	NaN	NaN	0.269	0.702	NaN	NaN	8.07	24.57	NaN	NaN	0.0	"2.5"	"F0034"	1	0	"PR"	288.761	"deionize-uv"	16.772	0	1	0	0.0	0.0	0.0	null	290.548	0.086
-8.1	0.025025	34500.0	2981.25	2587.5	NaN	NaN	NaN	0	1	1	0	0	0	0	0	0	0	0	0	1	0	0	0	1	1	1	0	1	1	1	0	1	-97.0	0.113	0.317	NaN	NaN	0.269	0.704	NaN	NaN	8.07	24.64	NaN	NaN	0.0	"2.5"	"F0034"	1	0	"PR"	298.6	"deionize-uv"	26.611	0	1	0	0.0	0.0	0.0	null	300.387	0.083
-8.5	0.025025	33750.0	2981.25	2550.0	NaN	NaN	NaN	0	1	1	0	0	0	0	0	0	0	0	0	1	0	0	0	1	1	1	0	1	1	1	0	1	-102.0	0.113	0.313	NaN	NaN	0.269	0.696	NaN	NaN	8.07	24.36	NaN	NaN	0.0	"2.5"	"F0034"	1	0	"PR"	308.644	"deionize-uv"	36.655	0	1	0	0.0	0.0	0.0	null	310.431	0.088
-8.4	0.02475	35437.5	2990.625	2550.0	NaN	NaN	NaN	0	1	1	0	0	0	0	0	0	0	0	0	1	0	0	0	1	1	1	0	1	1	1	0	1	-101.0	0.114	0.313	NaN	NaN	0.271	0.696	NaN	NaN	8.13	24.36	NaN	NaN	0.0	"2.5"	"F0034"	1	0	"PR"	318.682	"deionize-uv"	46.693	0	1	0	0.0	0.0	0.0	null	320.469	0.083
-8.6	0.025575	35625.0	2971.875	2596.875	NaN	NaN	NaN	0	1	1	0	0	0	0	0	0	0	0	0	1	0	0	0	1	1	1	0	1	1	1	0	1	-103.0	0.112	0.318	NaN	NaN	0.267	0.707	NaN	NaN	8.01	24.745	NaN	NaN	0.0	"2.5"	"F0034"	1	0	"PR"	328.722	"deionize-uv"	56.733	0	1	0	0.0	0.0	0.0	null	330.509	0.083
-8.0	0.024475	34500.0	2981.25	2521.875	NaN	NaN	NaN	0	1	1	0	0	0	0	0	0	0	0	0	1	0	0	0	1	1	1	0	1	1	1	0	1	-96.0	0.113	0.31	NaN	NaN	0.269	0.689	NaN	NaN	8.07	24.115	NaN	NaN	0.0	"2.5"	"F0034"	1	0	"PR"	338.758	"deionize-uv"	66.769	0	1	0	0.0	0.0	0.0	null	340.545	0.083
-8.4	0.024475	35437.5	2981.25	2578.125	NaN	NaN	NaN	0	1	1	0	0	0	0	0	0	0	0	0	1	0	0	0	1	1	1	0	1	1	1	0	1	-101.0	0.113	0.316	NaN	NaN	0.269	0.702	NaN	NaN	8.07	24.57	NaN	NaN	0.0	"2.5"	"F0034"	1	0	"PR"	348.797	"deionize-uv"	76.808	0	1	0	0.0	0.0	0.0	null	350.584	0.086
-7.7	0.02365	35250.0	2981.25	2568.75	NaN	NaN	NaN	0	1	1	0	0	0	0	0	0	0	0	0	1	0	0	0	1	1	1	0	1	1	1	0	1	-92.0	0.113	0.315	NaN	NaN	0.269	0.7	NaN	NaN	8.07	24.5	NaN	NaN	0.0	"2.5"	"F0034"	1	0	"PR"	358.838	"deionize-uv"	86.849	0	1	0	0.0	0.0	0.0	null	360.625	0.088
-8.1	0.02365	33375.0	2971.875	2521.875	NaN	NaN	NaN	0	1	1	0	0	0	0	0	0	0	0	0	1	0	0	0	1	1	1	0	1	1	1	0	1	-97.0	0.112	0.31	NaN	NaN	0.267	0.689	NaN	NaN	8.01	24.115	NaN	NaN	0.0	"2.5"	"F0034"	1	0	"PR"	368.671	"deionize-uv"	96.682	0	1	0	0.0	0.0	0.0	null	370.458	0.083
-10.6	0.023925	32062.5	2981.25	2662.5	NaN	NaN	NaN	0	1	1	0	0	0	0	0	0	0	0	0	1	0	0	0	1	1	1	0	1	1	1	0	1	-127.0	0.113	0.324	NaN	NaN	0.269	0.72	NaN	NaN	8.07	25.2	NaN	NaN	0.0	"2.5"	"F0034"	1	0	"PR"	378.709	"deionize-uv"	106.72	0	1	0	0.0	0.0	0.0	null	380.496	0.084
-8.0	0.023375	33187.5	2981.25	2512.5	NaN	NaN	NaN	0	1	1	0	0	0	0	0	0	0	0	0	1	0	0	0	1	1	1	0	1	1	1	0	1	-96.0	0.113	0.309	NaN	NaN	0.269	0.687	NaN	NaN	8.07	24.045	NaN	NaN	0.0	"2.5"	"F0034"	1	0	"PR"	388.745	"deionize-uv"	116.756	0	1	0	0.0	0.0	0.0	null	390.532	0.087
-7.8	0.023375	34125.0	2981.25	2118.75	NaN	NaN	NaN	0	0	1	0	0	0	0	1	0	0	0	0	1	0	0	0	1	1	1	0	1	1	1	0	1	-94.0	0.113	0.27	NaN	NaN	0.269	0.6	NaN	NaN	8.07	21.0	NaN	NaN	0.0	"2.5"	"F0034"	1	0	"PR"	398.822	"drip-di-1"	5.733	0	1	0	0.0	0.0	0.0	null	400.609	0.084
-7.3	0.0231	34687.5	2990.625	1856.25	NaN	NaN	NaN	1	0	0	0	0	1	1	0	0	0	0	0	1	1	0	0	0	1	1	1	0	1	1	1	0	-88.0	0.114	0.244	NaN	NaN	0.271	0.542	NaN	NaN	8.13	18.97	NaN	NaN	0.0	"2.5"	"F0034"	1	1	"PR"	408.461	"reverse-f"	0.201	0	1	0	0.0	0.0	0.0	null	410.248	0.098
12.6	0.02365	29812.5	2850.0	2184.375	NaN	NaN	NaN	1	0	0	0	0	1	1	0	0	0	0	0	1	1	0	0	0	1	1	1	0	1	1	1	0	151.0	0.1	0.276	NaN	NaN	0.238	0.613	NaN	NaN	7.14	21.455	NaN	NaN	0.0	"2.5"	"F0034"	1	1	"PR"	418.865	"reverse-f"	10.605	0	1	0	0.0	0.0	0.0	null	420.652	0.085
12.3	0.026125	29437.5	2850.0	2268.75	NaN	NaN	NaN	0	0	0	0	0	1	1	0	0	0	0	0	1	0	0	0	0	1	1	1	0	1	1	1	0	148.0	0.1	0.285	NaN	NaN	0.238	0.633	NaN	NaN	7.14	22.155	NaN	NaN	0.0	"2.5"	"F0034"	1	1	"PR"	428.812	"reverse"	20.552	0	1	0	0.0	0.0	0.0	null	430.599	0.083
14.3	0.028325	30187.5	2850.0	2240.625	NaN	NaN	NaN	0	0	0	0	0	1	1	0	0	0	0	0	1	0	0	0	0	1	1	1	0	1	1	1	0	172.0	0.1	0.282	NaN	NaN	0.238	0.627	NaN	NaN	7.14	21.945	NaN	NaN	0.0	"2.5"	"F0034"	1	1	"PR"	438.855	"reverse"	30.595	0	1	0	0.0	0.0	0.0	null	440.642	0.084
12.6	0.030525	30750.0	2831.25	2259.375	NaN	NaN	NaN	0	0	0	0	0	1	1	0	0	0	0	0	1	0	0	0	0	1	1	1	0	1	1	1	0	151.0	0.098	0.284	NaN	NaN	0.233	0.631	NaN	NaN	6.99	22.085	NaN	NaN	0.0	"2.5"	"F0034"	1	1	"PR"	448.895	"reverse"	40.635	0	1	0	0.0	0.0	0.0	null	450.682	0.086
12.1	0.03245	30000.0	2803.125	2250.0	NaN	NaN	NaN	0	0	0	0	0	1	1	0	0	0	0	0	1	0	0	0	0	1	1	1	0	1	1	1	0	145.0	0.095	0.283	NaN	NaN	0.226	0.629	NaN	NaN	6.78	22.015	NaN	NaN	0.0	"2.5"	"F0034"	1	1	"PR"	458.937	"reverse"	50.677	0	1	0	0.0	0.0	0.0	null	460.724	0.087
11.6	0.033825	30000.0	2821.875	2250.0	NaN	NaN	NaN	0	0	0	0	0	1	1	0	0	0	0	0	1	0	0	0	0	1	1	1	0	1	1	1	0	139.0	0.097	0.283	NaN	NaN	0.231	0.629	NaN	NaN	6.93	22.015	NaN	NaN	0.0	"2.5"	"F0034"	1	1	"PR"	468.977	"reverse"	60.717	0	1	0	0.0	0.0	0.0	null	470.764	0.083
13.0	0.0363	30187.5	2859.375	2250.0	NaN	NaN	NaN	0	0	0	0	0	1	1	0	0	0	0	0	1	0	0	0	0	1	1	1	0	1	1	1	0	156.0	0.101	0.283	NaN	NaN	0.24	0.629	NaN	NaN	7.2	22.015	NaN	NaN	0.0	"2.5"	"F0034"	1	1	"PR"	478.816	"reverse"	70.556	0	1	0	0.0	0.0	0.0	null	480.603	0.09
13.5	0.0374	30187.5	2821.875	2250.0	NaN	NaN	NaN	0	0	0	0	0	1	1	0	0	0	0	0	1	0	0	0	0	1	1	1	0	1	1	1	0	162.0	0.097	0.283	NaN	NaN	0.231	0.629	NaN	NaN	6.93	22.015	NaN	NaN	0.0	"2.5"	"F0034"	1	1	"PR"	488.855	"reverse"	80.595	0	1	0	0.0	0.0	0.0	null	490.642	0.087
13.1	0.039325	30000.0	2840.625	2240.625	NaN	NaN	NaN	0	0	0	0	0	1	1	0	0	0	0	0	1	0	0	0	0	1	1	1	0	1	1	1	0	157.0	0.099	0.282	NaN	NaN	0.236	0.627	NaN	NaN	7.08	21.945	NaN	NaN	0.0	"2.5"	"F0034"	1	1	"PR"	498.895	"reverse"	90.635	0	1	0	0.0	0.0	0.0	null	500.682	0.083
12.1	0.040425	30187.5	2784.375	2250.0	NaN	NaN	NaN	0	0	0	0	0	1	1	0	0	0	0	0	1	0	0	0	0	1	1	1	0	1	1	1	0	145.0	0.093	0.283	NaN	NaN	0.221	0.629	NaN	NaN	6.63	22.015	NaN	NaN	0.0	"2.5"	"F0034"	1	1	"PR"	508.935	"reverse"	100.675	0	1	0	0.0	0.0	0.0	null	510.722	0.091
12.2	0.0418	30000.0	2840.625	2259.375	NaN	NaN	NaN	0	0	0	0	0	1	1	0	0	0	0	0	1	0	0	0	0	1	1	1	0	1	1	1	0	146.0	0.099	0.284	NaN	NaN	0.236	0.631	NaN	NaN	7.08	22.085	NaN	NaN	0.0	"2.5"	"F0034"	1	1	"PR"	518.973	"reverse"	110.713	0	1	0	0.0	0.0	0.0	null	520.76	0.083
12.2	0.0418	29437.5	2821.875	2231.25	NaN	NaN	NaN	0	0	0	0	0	1	1	0	0	0	0	0	1	0	0	0	0	1	1	1	0	1	1	1	0	146.0	0.097	0.281	NaN	NaN	0.231	0.624	NaN	NaN	6.93	21.84	NaN	NaN	0.0	"2.5"	"F0034"	1	1	"PR"	529.012	"reverse"	120.752	0	1	0	0.0	0.0	0.0	null	530.799	0.083
12.6	0.0429	30000.0	2821.875	2250.0	NaN	NaN	NaN	0	0	0	0	0	1	1	0	0	0	0	0	1	0	0	0	0	1	1	1	0	1	1	1	0	151.0	0.097	0.283	NaN	NaN	0.231	0.629	NaN	NaN	6.93	22.015	NaN	NaN	0.0	"2.5"	"F0034"	1	1	"PR"	539.054	"reverse"	130.794	0	1	0	0.0	0.0	0.0	null	540.841	0.084
12.6	0.043175	29437.5	2859.375	2268.75	NaN	NaN	NaN	0	0	0	0	0	1	1	0	0	0	0	0	1	0	0	0	0	1	1	1	0	1	1	1	0	151.0	0.101	0.285	NaN	NaN	0.24	0.633	NaN	NaN	7.2	22.155	NaN	NaN	0.0	"2.5"	"F0034"	1	1	"PR"	548.892	"reverse"	140.632	0	1	0	0.0	0.0	0.0	null	550.679	0.089
2.3	0.043725	3375.0	3028.125	2278.125	NaN	NaN	NaN	0	0	0	0	0	0	0	0	0	0	0	0	0	0	0	0	0	0	0	0	1	0	0	0	1	28.0	0.118	0.286	NaN	NaN	0.281	0.636	NaN	NaN	8.43	22.26	NaN	NaN	0.0	"2.5"	"F0034"	0	0	"PR"	559.02	"diffuse"	0.691	0	1	1	0.0	0.0	0.0	null	560.807	0.084
3.2	0.04345	2625.0	2990.625	2268.75	NaN	NaN	NaN	0	0	0	0	0	0	0	0	0	0	0	0	0	0	0	0	0	0	0	0	1	0	0	0	1	38.0	0.114	0.285	NaN	NaN	0.271	0.633	NaN	NaN	8.13	22.155	NaN	NaN	0.0	"2.5"	"F0034"	0	0	"PR"	569.059	"diffuse"	10.73	0	1	1	0.0	0.0	0.0	null	570.846	0.083
3.1	0.044	2625.0	3009.375	2268.75	NaN	NaN	NaN	0	0	0	0	0	0	0	0	0	0	0	0	0	0	0	0	0	0	0	0	1	0	0	0	1	37.0	0.116	0.285	NaN	NaN	0.276	0.633	NaN	NaN	8.28	22.155	NaN	NaN	0.0	"2.5"	"F0034"	0	0	"PR"	579.096	"diffuse"	20.767	0	1	1	0.0	0.0	0.0	null	580.883	0.083
12.6	0.043725	10687.5	2784.375	2250.0	NaN	NaN	NaN	0	0	0	0	0	1	1	0	0	0	0	0	1	0	0	0	0	1	1	1	0	1	1	1	0	151.0	0.093	0.283	NaN	NaN	0.221	0.629	NaN	NaN	6.63	22.015	NaN	NaN	0.0	"2.5"	"F0034"	1	1	"PR"	589.026	"wash-en"	0.691	0	1	1	0.0	0.0	0.0	null	590.813	0.083
12.8	0.044275	29812.5	2803.125	2259.375	NaN	NaN	NaN	0	0	0	0	0	1	1	0	0	0	0	0	1	0	0	0	0	1	1	1	0	1	1	1	0	154.0	0.095	0.284	NaN	NaN	0.226	0.631	NaN	NaN	6.78	22.085	NaN	NaN	0.0	"2.5"	"F0034"	1	1	"PR"	599.063	"wash-en"	10.728	0	1	1	0.0	0.0	0.0	null	600.85	0.09
2.0	0.044825	30562.5	2859.375	2287.5	NaN	NaN	NaN	0	0	0	0	0	1	1	0	0	0	0	0	1	0	0	0	0	0	0	0	1	0	0	0	1	24.0	0.101	0.287	NaN	NaN	0.24	0.638	NaN	NaN	7.2	22.33	NaN	NaN	0.0	"2.5"	"F0034"	0	0	"PR"	608.991	"wash-sc"	0.491	0	1	1	0.0	0.0	0.0	null	610.778	0.29
2.6	0.0451	13125.0	3037.5	2278.125	NaN	NaN	NaN	0	0	0	0	0	0	0	0	0	0	0	0	0	0	0	0	0	0	0	0	1	0	0	0	1	31.0	0.119	0.286	NaN	NaN	0.283	0.636	NaN	NaN	8.49	22.26	NaN	NaN	0.0	"2.5"	"F0034"	0	0	"PR"	619.029	"diffuse"	0.402	0	1	2	0.0	0.0	0.0	null	620.816	0.143
2.8	0.0451	1125.0	3000.0	2278.125	NaN	NaN	NaN	0	0	0	0	0	0	0	0	0	0	0	0	0	0	0	0	0	0	0	0	1	0	0	0	1	34.0	0.115	0.286	NaN	NaN	0.274	0.636	NaN	NaN	8.22	22.26	NaN	NaN	0.0	"2.5"	"F0034"	0	0	"PR"	629.066	"diffuse"	10.439	0	1	2	0.0	0.0	0.0	null	630.853	0.093
2.8	0.0451	2062.5	3000.0	2278.125	NaN	NaN	NaN	0	0	0	0	0	0	0	0	0	0	0	0	0	0	0	0	0	0	0	0	1	0	0	0	1	34.0	0.115	0.286	NaN	NaN	0.274	0.636	NaN	NaN	8.22	22.26	NaN	NaN	0.0	"2.5"	"F0034"	0	0	"PR"	639.102	"diffuse"	20.475	0	1	2	0.0	0.0	0.0	null	640.889	0.086
2.8	0.0451	1125.0	3000.0	2268.75	NaN	NaN	NaN	0	0	0	0	0	1	1	0	0	0	0	0	1	0	0	0	0	1	1	1	0	1	1	1	0	34.0	0.115	0.285	NaN	NaN	0.274	0.633	NaN	NaN	8.22	22.155	NaN	NaN	0.0	"2.5"	"F0034"	1	1	"PR"	648.944	"wash-en"	0.201	0	1	2	0.0	0.0	0.0	null	650.731	0.094
12.6	0.0451	30562.5	2821.875	2268.75	NaN	NaN	NaN	0	0	0	0	0	1	1	0	0	0	0	0	1	0	0	0	0	1	1	1	0	1	1	1	0	151.0	0.097	0.285	NaN	NaN	0.231	0.633	NaN	NaN	6.93	22.155	NaN	NaN	0.0	"2.5"	"F0034"	1	1	"PR"	659.075	"wash-en"	10.332	0	1	2	0.0	0.0	0.0	null	660.862	0.093
12.8	0.0451	30000.0	2831.25	2250.0	NaN	NaN	NaN	0	0	0	0	0	1	1	0	0	0	0	0	1	0	0	0	0	0	0	0	1	0	0	0	1	154.0	0.098	0.283	NaN	NaN	0.233	0.629	NaN	NaN	6.99	22.015	NaN	NaN	0.0	"2.5"	"F0034"	0	0	"PR"	669.114	"wash-sc"	0.2	0	1	2	0.0	0.0	0.0	null	670.901	0.098
1.9	0.045375	30375.0	2812.5	2250.0	NaN	NaN	NaN	0	0	0	0	0	1	1	0	0	0	0	0	1	0	0	0	0	0	0	0	1	0	0	0	1	23.0	0.096	0.283	NaN	NaN	0.229	0.629	NaN	NaN	6.87	22.015	NaN	NaN	0.0	"2.5"	"F0034"	0	0	"PR"	679.042	"wash-sc"	10.128	0	1	2	0.0	0.0	0.0	null	680.829	0.092
2.2	0.045925	1875.0	3000.0	2259.375	NaN	NaN	NaN	0	0	0	0	0	0	0	0	0	0	0	0	0	0	0	0	0	0	0	0	1	0	0	0	1	26.0	0.115	0.284	NaN	NaN	0.274	0.631	NaN	NaN	8.22	22.085	NaN	NaN	0.0	"2.5"	"F0034"	0	0	"PR"	689.08	"diffuse"	10.038	0	1	3	0.0	0.0	0.0	null	690.867	0.093
2.4	0.045375	1875.0	3018.75	2278.125	NaN	NaN	NaN	0	0	0	0	0	0	0	0	0	0	0	0	0	0	0	0	0	0	0	0	1	0	0	0	1	29.0	0.117	0.286	NaN	NaN	0.279	0.636	NaN	NaN	8.37	22.26	NaN	NaN	0.0	"2.5"	"F0034"	0	0	"PR"	699.12	"diffuse"	20.078	0	1	3	0.0	0.0	0.0	null	700.907	0.089
2.7	0.04565	2625.0	3000.0	2268.75	NaN	NaN	NaN	0	0	0	0	0	0	0	0	0	0	0	0	0	0	0	0	0	0	0	0	1	0	0	0	1	32.0	0.115	0.285	NaN	NaN	0.274	0.633	NaN	NaN	8.22	22.155	NaN	NaN	0.0	"2.5"	"F0034"	0	0	"PR"	709.158	"diffuse"	30.116	0	1	3	0.0	0.0	0.0	null	710.945	0.09
12.6	0.044825	28875.0	2821.875	2268.75	NaN	NaN	NaN	0	0	0	0	0	1	1	0	0	0	0	0	1	0	0	0	0	1	1	1	0	1	1	1	0	151.0	0.097	0.285	NaN	NaN	0.231	0.633	NaN	NaN	6.93	22.155	NaN	NaN	0.0	"2.5"	"F0034"	1	1	"PR"	719.087	"wash-en"	9.929	0	1	3	0.0	0.0	0.0	null	720.874	0.089
12.6	0.045375	29250.0	2821.875	2259.375	NaN	NaN	NaN	0	0	0	0	0	1	1	0	0	0	0	0	1	0	0	0	0	1	1	1	0	1	1	1	0	151.0	0.097	0.284	NaN	NaN	0.231	0.631	NaN	NaN	6.93	22.085	NaN	NaN	0.0	"2.5"	"F0034"	1	1	"PR"	729.128	"wash-en"	19.97	0	1	3	0.0	0.0	0.0	null	730.915	0.086
2.1	0.04565	30000.0	2840.625	2278.125	NaN	NaN	NaN	0	0	0	0	0	1	1	0	0	0	0	0	1	0	0	0	0	0	0	0	1	0	0	0	1	25.0	0.099	0.286	NaN	NaN	0.236	0.636	NaN	NaN	7.08	22.26	NaN	NaN	0.0	"2.5"	"F0034"	0	0	"PR"	739.261	"wash-sc"	9.932	0	1	3	0.0	0.0	0.0	null	741.048	0.087
1.6	0.045375	2250.0	3009.375	2268.75	NaN	NaN	NaN	0	0	0	0	0	0	0	0	0	0	0	0	0	0	0	0	0	0	0	0	1	0	0	0	1	19.0	0.116	0.285	NaN	NaN	0.276	0.633	NaN	NaN	8.28	22.155	NaN	NaN	0.0	"2.5"	"F0034"	0	0	"PR"	749.1	"diffuse"	9.638	0	1	4	0.0	0.0	0.0	null	750.887	0.09
1.7	0.0451	2250.0	3009.375	2268.75	NaN	NaN	NaN	0	0	0	0	0	0	0	0	0	0	0	0	0	0	0	0	0	0	0	0	1	0	0	0	1	20.0	0.116	0.285	NaN	NaN	0.276	0.633	NaN	NaN	8.28	22.155	NaN	NaN	0.0	"2.5"	"F0034"	0	0	"PR"	759.138	"diffuse"	19.676	0	1	4	0.0	0.0	0.0	null	760.925	0.087
2.5	0.04565	562.5	3000.0	2259.375	NaN	NaN	NaN	0	0	0	0	0	0	0	0	0	0	0	0	0	0	0	0	0	0	0	0	1	0	0	0	1	30.0	0.115	0.284	NaN	NaN	0.274	0.631	NaN	NaN	8.22	22.085	NaN	NaN	0.0	"2.5"	"F0034"	0	0	"PR"	769.171	"diffuse"	29.709	0	1	4	0.0	0.0	0.0	null	770.958	0.086
12.1	0.044825	30187.5	2868.75	2278.125	NaN	NaN	NaN	0	0	0	0	0	1	1	0	0	0	0	0	1	0	0	0	0	1	1	1	0	1	1	1	0	145.0	0.102	0.286	NaN	NaN	0.243	0.636	NaN	NaN	7.29	22.26	NaN	NaN	0.0	"2.5"	"F0034"	1	1	"PR"	779.296	"wash-en"	9.724	0	1	4	0.0	0.0	0.0	null	781.083	0.09
12.6	0.0451	30000.0	2850.0	2250.0	NaN	NaN	NaN	0	0	0	0	0	1	1	0	0	0	0	0	1	0	0	0	0	1	1	1	0	1	1	1	0	151.0	0.1	0.283	NaN	NaN	0.238	0.629	NaN	NaN	7.14	22.015	NaN	NaN	0.0	"2.5"	"F0034"	1	1	"PR"	789.34	"wash-en"	19.768	0	1	4	0.0	0.0	0.0	null	791.127	0.092
-0.1	0.045375	29812.5	2868.75	2268.75	NaN	NaN	NaN	0	0	0	0	0	1	1	0	0	0	0	0	1	0	0	0	0	0	0	0	1	0	0	0	1	-1.0	0.102	0.285	NaN	NaN	0.243	0.633	NaN	NaN	7.29	22.155	NaN	NaN	0.0	"2.5"	"F0034"	0	0	"PR"	799.267	"wash-sc"	9.526	0	1	4	0.0	0.0	0.0	null	801.054	0.084
1.5	0.04565	-375.0	2493.75	2268.75	NaN	NaN	NaN	0	0	0	0	1	0	0	0	0	0	0	0	0	0	0	0	0	0	0	0	1	0	0	0	1	18.0	0.064	0.285	NaN	NaN	0.152	0.633	NaN	NaN	4.56	22.155	NaN	NaN	0.0	"2.5"	"F0034"	0	0	"PR"	809.308	"drain-rg"	9.438	0	1	4	0.0	0.0	0.0	null	811.095	0.09
1.3	0.04565	-937.5	2118.75	2259.375	NaN	NaN	NaN	0	0	0	0	1	0	0	0	0	0	0	0	0	0	0	0	0	0	0	0	1	0	0	0	1	16.0	0.027	0.284	NaN	NaN	0.064	0.631	NaN	NaN	1.92	22.085	NaN	NaN	0.0	"2.5"	"F0034"	0	0	"PR"	819.347	"drain-rg"	19.477	0	1	4	0.0	0.0	0.0	null	821.134	0.091
1.4	0.044825	-375.0	1762.5	2268.75	NaN	NaN	NaN	0	0	0	0	1	0	0	0	0	0	0	0	0	0	0	0	0	0	0	0	1	0	0	0	1	17.0	-0.009	0.285	NaN	NaN	-0.021	0.633	NaN	NaN	-0.63	22.155	NaN	NaN	0.0	"2.5"	"F0034"	0	0	"PR"	829.385	"drip-rg"	2.409	0	1	4	0.0	0.0	0.0	null	831.172	0.089
1.8	0.045375	-750.0	9.375	2278.125	NaN	NaN	NaN	0	0	0	0	1	0	0	0	0	0	0	0	0	0	0	0	0	0	0	0	1	0	0	0	1	22.0	-0.184	0.286	NaN	NaN	-0.438	0.636	NaN	NaN	-13.14	22.26	NaN	NaN	0.0	"2.5"	"F0034"	0	0	"PR"	839.226	"drip-rg"	12.25	0	1	4	0.0	0.0	0.0	null	841.013	0.09
0.9	0.045375	30000.0	1734.375	2128.125	NaN	NaN	NaN	0	0	1	0	0	1	0	0	0	0	0	0	1	0	0	0	0	0	0	0	1	0	0	0	1	11.0	-0.012	0.271	NaN	NaN	-0.029	0.602	NaN	NaN	-0.87	21.07	NaN	NaN	0.0	"2.5"	"F0034"	0	0	"FR"	6.439	"fill-rg-di"	6.239	1	1	0	844.027	0.0	0.0	null	851.089	0.086
1.6	0.044275	29812.5	2175.0	1884.375	NaN	NaN	NaN	0	0	1	0	0	1	0	0	0	0	0	0	1	0	0	0	0	0	0	0	1	0	0	0	1	19.0	0.033	0.246	NaN	NaN	0.079	0.547	NaN	NaN	2.37	19.145	NaN	NaN	0.0	"2.5"	"F0034"	0	0	"FR"	16.479	"fill-rg-di"	16.279	1	1	0	844.027	0.0	0.0	null	861.129	0.086
1.3	0.042075	29812.5	2465.625	1621.875	NaN	NaN	NaN	0	0	1	0	0	1	0	0	0	0	0	0	1	0	0	0	0	0	0	0	1	0	0	0	1	16.0	0.062	0.22	NaN	NaN	0.148	0.489	NaN	NaN	4.44	17.115	NaN	NaN	0.0	"2.5"	"F0034"	0	0	"FR"	26.518	"fill-rg-di"	26.318	1	1	0	844.027	0.0	0.0	null	871.168	0.086
1.9	0.0407	29812.5	2765.625	1378.125	NaN	NaN	NaN	0	0	1	0	0	1	0	0	0	0	0	0	1	0	0	0	0	0	0	0	1	0	0	0	1	23.0	0.092	0.196	NaN	NaN	0.219	0.436	NaN	NaN	6.57	15.26	NaN	NaN	0.0	"2.5"	"F0034"	0	0	"FR"	36.555	"fill-rg-di"	36.355	1	1	0	844.027	0.0	0.0	null	881.205	0.086
1.1	0.0396	30000.0	3084.375	1134.375	NaN	NaN	NaN	0	0	1	0	0	1	0	0	0	0	0	0	1	0	0	0	0	0	0	0	1	0	0	0	1	13.0	0.123	0.171	NaN	NaN	0.293	0.38	NaN	NaN	8.79	13.3	NaN	NaN	0.0	"2.5"	"F0034"	0	0	"FR"	46.595	"fill-rg-di"	46.395	1	1	0	844.027	0.0	0.0	null	891.245	0.091
1.5	0.03905	2250.0	2878.125	975.0	NaN	NaN	NaN	0	0	0	0	1	0	0	0	0	0	0	0	0	0	0	0	0	0	0	0	1	0	0	0	1	18.0	0.103	0.155	NaN	NaN	0.245	0.344	NaN	NaN	7.35	12.04	NaN	NaN	0.0	"2.5"	"F0034"	0	0	"FR"	56.434	"drain-rg"	3.814	1	1	0	844.027	0.0	0.0	null	901.084	0.09
2.0	0.038775	2250.0	2606.25	956.25	NaN	NaN	NaN	0	0	0	0	1	0	0	0	0	0	0	0	0	0	0	0	0	0	0	0	1	0	0	0	1	24.0	0.076	0.154	NaN	NaN	0.181	0.342	NaN	NaN	5.43	11.97	NaN	NaN	0.0	"2.5"	"F0034"	0	0	"FR"	66.473	"drain-rg"	13.853	1	1	0	844.027	0.0	0.0	null	911.123	0.085
1.5	0.038225	2250.0	2240.625	956.25	NaN	NaN	NaN	0	0	0	0	1	0	0	0	0	0	0	0	0	0	0	0	0	0	0	0	1	0	0	0	1	18.0	0.039	0.154	NaN	NaN	0.093	0.342	NaN	NaN	2.79	11.97	NaN	NaN	0.0	"2.5"	"F0034"	0	0	"FR"	76.51	"drain-rg"	23.89	1	1	0	844.027	0.0	0.0	null	921.16	0.083
1.6	0.038225	2250.0	1846.875	984.375	NaN	NaN	NaN	0	0	0	0	1	0	0	0	0	0	0	0	0	0	0	0	0	0	0	0	1	0	0	0	1	19.0	-0.0	0.156	NaN	NaN	-0.0	0.347	NaN	NaN	-0.0	12.145	NaN	NaN	0.0	"2.5"	"F0034"	0	0	"FR"	86.548	"drain-rg"	33.928	1	1	0	844.027	0.0	0.0	null	931.198	0.083
1.8	0.039325	1500.0	1190.625	956.25	NaN	NaN	NaN	0	0	0	0	1	0	0	0	0	0	0	0	0	0	0	0	0	0	0	0	1	0	0	0	1	22.0	-0.066	0.154	NaN	NaN	-0.157	0.342	NaN	NaN	-4.71	11.97	NaN	NaN	0.0	"2.5"	"F0034"	0	0	"FR"	96.589	"drip-rg"	9.038	1	1	0	844.027	0.0	0.0	null	941.239	0.087
1.8	0.03795	27562.5	1500.0	890.625	NaN	NaN	NaN	0	0	1	0	0	1	0	0	0	0	0	0	1	0	0	0	0	0	0	0	1	0	0	0	1	22.0	-0.035	0.147	NaN	NaN	-0.083	0.327	NaN	NaN	-2.49	11.445	NaN	NaN	0.0	"2.5"	"F0034"	0	0	"PR"	3.232	"fill-rg-di"	3.031	1	0	0	844.027	0.0	947.464	null	951.317	0.088
1.5	0.038225	30000.0	2053.125	656.25	NaN	NaN	NaN	0	0	1	0	0	1	0	0	0	0	0	0	1	0	0	0	0	0	0	0	1	0	0	0	1	18.0	0.02	0.124	NaN	NaN	0.048	0.276	NaN	NaN	1.44	9.66	NaN	NaN	0.0	"2.5"	"F0034"	0	0	"PR"	13.064	"fill-rg-di"	12.863	1	0	0	844.027	0.0	947.464	null	961.149	0.084
1.8	0.037675	29250.0	2353.125	384.375	NaN	NaN	NaN	0	0	1	0	0	1	0	0	0	0	0	0	1	0	0	0	0	0	0	0	1	0	0	0	1	22.0	0.05	0.096	NaN	NaN	0.119	0.213	NaN	NaN	3.57	7.455	NaN	NaN	0.0	"2.5"	"F0034"	0	0	"PR"	23.093	"fill-rg-di"	22.892	1	0	0	844.027	0.0	947.464	null	971.178	0.084
1.0	0.036575	30000.0	2662.5	140.625	NaN	NaN	NaN	0	0	1	0	0	1	0	0	0	0	0	0	1	0	0	0	0	0	0	0	1	0	0	0	1	12.0	0.081	0.072	NaN	NaN	0.193	0.16	NaN	NaN	5.79	5.6	NaN	NaN	0.0	"2.5"	"F0034"	0	0	"PR"	33.126	"fill-rg-di"	32.925	1	0	0	844.027	0.0	947.464	null	981.211	0.083
1.7	0.0363	2250.0	2746.875	290.625	NaN	NaN	NaN	1	0	0	0	0	0	0	0	0	0	0	0	0	1	0	0	0	0	0	0	1	0	0	0	1	20.0	0.09	0.087	NaN	NaN	0.214	0.193	NaN	NaN	6.42	6.755	NaN	NaN	0.0	"2.5"	"F0034"	0	0	"PR"	43.167	"fill-di-lb"	7.429	1	0	0	844.027	0.0	947.464	null	991.252	0.083
1.4	0.036025	2250.0	2746.875	590.625	NaN	NaN	NaN	1	0	0	0	0	0	0	0	0	0	0	0	0	1	0	0	0	0	0	0	1	0	0	0	1	17.0	0.09	0.117	NaN	NaN	0.214	0.26	NaN	NaN	6.42	9.1	NaN	NaN	0.0	"2.5"	"F0034"	0	0	"PR"	53.207	"fill-di-lb"	17.469	1	0	0	844.027	0.0	947.464	null	1001.292	0.083
1.3	0.036575	2437.5	2746.875	890.625	NaN	NaN	NaN	1	0	0	0	0	0	0	0	0	0	0	0	0	1	0	0	0	0	0	0	1	0	0	0	1	16.0	0.09	0.147	NaN	NaN	0.214	0.327	NaN	NaN	6.42	11.445	NaN	NaN	0.0	"2.5"	"F0034"	0	0	"PR"	63.247	"fill-di-lb"	27.509	1	0	0	844.027	0.0	947.464	null	1011.332	0.085
2.1	0.036025	2250.0	2737.5	1153.125	NaN	NaN	NaN	1	0	0	0	0	0	0	0	0	0	0	0	0	1	0	0	0	0	0	0	1	0	0	0	1	25.0	0.089	0.173	NaN	NaN	0.212	0.384	NaN	NaN	6.36	13.44	NaN	NaN	0.0	"2.5"	"F0034"	0	0	"PR"	73.286	"fill-di-lb"	37.548	1	0	0	844.027	0.0	947.464	null	1021.371	0.083
0.1	0.03575	2437.5	2746.875	1481.25	NaN	NaN	NaN	1	0	0	0	0	0	0	0	0	0	0	0	0	1	0	0	0	0	0	0	1	0	0	0	1	1.0	0.09	0.206	NaN	NaN	0.214	0.458	NaN	NaN	6.42	16.03	NaN	NaN	0.0	"2.5"	"F0034"	0	0	"PR"	83.325	"fill-di-lb"	47.587	1	0	0	844.027	0.0	947.464	null	1031.41	0.085
1.5	0.03575	3562.5	2746.875	1781.25	NaN	NaN	NaN	1	0	0	0	0	0	0	0	0	0	0	0	0	1	0	0	0	0	0	0	1	0	0	0	1	18.0	0.09	0.236	NaN	NaN	0.214	0.524	NaN	NaN	6.42	18.34	NaN	NaN	0.0	"2.5"	"F0034"	0	0	"PR"	93.161	"fill-di-lb"	57.423	1	0	0	844.027	0.0	947.464	null	1041.246	0.084
1.6	0.03685	2812.5	2756.25	2062.5	NaN	NaN	NaN	1	0	0	0	0	0	0	0	0	0	0	0	0	1	0	0	0	0	0	0	1	0	0	0	1	19.0	0.091	0.264	NaN	NaN	0.217	0.587	NaN	NaN	6.51	20.545	NaN	NaN	0.0	"2.5"	"F0034"	0	0	"PR"	103.201	"fill-di-lb"	67.463	1	0	0	844.027	0.0	947.464	null	1051.286	0.083
1.4	0.036025	30000.0	2859.375	2184.375	NaN	NaN	NaN	0	0	1	0	0	1	0	0	0	0	0	0	1	0	0	0	0	0	0	0	1	0	0	0	1	17.0	0.101	0.276	NaN	NaN	0.24	0.613	NaN	NaN	7.2	21.455	NaN	NaN	0.0	"2.5"	"F0034"	0	0	"PR"	113.241	"fill-rg-di"	3.615	1	0	0	844.027	0.0	947.464	null	1061.326	0.086
13.3	0.036025	33937.5	2934.375	2540.625	NaN	NaN	NaN	0	1	1	0	0	0	0	0	0	0	0	0	1	0	0	0	0	1	1	1	0	1	1	1	0	160.0	0.108	0.312	NaN	NaN	0.257	0.693	NaN	NaN	7.71	24.255	NaN	NaN	0.0	"2.5"	"F0034"	1	1	"PR"	123.282	"deionize"	1.608	1	1	0	844.027	0.0	947.464	null	1071.367	0.086
12.6	0.0363	34875.0	2896.875	2550.0	NaN	NaN	NaN	0	1	1	0	0	0	0	0	0	0	0	0	1	0	0	0	0	1	1	1	0	1	1	1	0	151.0	0.105	0.313	NaN	NaN	0.25	0.696	NaN	NaN	7.5	24.36	NaN	NaN	0.0	"2.5"	"F0034"	1	1	"PR"	133.316	"deionize"	11.642	1	1	0	844.027	0.0	947.464	null	1081.401	0.084
13.1	0.036575	34875.0	2971.875	2550.0	NaN	NaN	NaN	0	1	1	0	0	0	0	0	0	0	0	0	1	0	0	0	0	1	1	1	0	1	1	1	0	157.0	0.112	0.313	NaN	NaN	0.267	0.696	NaN	NaN	8.01	24.36	NaN	NaN	0.0	"2.5"	"F0034"	1	1	"PR"	143.356	"deionize"	21.682	1	1	0	844.027	0.0	947.464	null	1091.441	0.085
12.5	0.036025	33375.0	2943.75	2521.875	NaN	NaN	NaN	0	1	1	0	0	0	0	0	0	0	0	0	1	0	0	0	0	1	1	1	0	1	1	1	0	150.0	0.109	0.31	NaN	NaN	0.26	0.689	NaN	NaN	7.8	24.115	NaN	NaN	0.0	"2.5"	"F0034"	1	1	"PR"	153.388	"deionize"	31.714	1	1	0	844.027	0.0	947.464	null	1101.473	0.084
13.2	0.0352	34125.0	2934.375	2550.0	NaN	NaN	NaN	0	1	1	0	0	0	0	0	0	0	0	0	1	0	0	0	0	1	1	1	0	1	1	1	0	158.0	0.108	0.313	NaN	NaN	0.257	0.696	NaN	NaN	7.71	24.36	NaN	NaN	0.0	"2.5"	"F0034"	1	1	"PR"	163.224	"deionize"	41.55	1	1	0	844.027	0.0	947.464	null	1111.309	0.091
13.2	0.0341	35812.5	2934.375	2512.5	NaN	NaN	NaN	0	1	1	0	0	0	0	0	0	0	0	0	1	0	0	0	0	1	1	1	0	1	1	1	0	158.0	0.108	0.309	NaN	NaN	0.257	0.687	NaN	NaN	7.71	24.045	NaN	NaN	0.0	"2.5"	"F0034"	1	1	"PR"	173.263	"deionize"	51.589	1	1	0	844.027	0.0	947.464	null	1121.348	0.09
12.3	0.033825	33375.0	2934.375	2521.875	NaN	NaN	NaN	0	1	1	0	0	0	0	0	0	0	0	0	1	0	0	0	0	1	1	1	0	1	1	1	0	148.0	0.108	0.31	NaN	NaN	0.257	0.689	NaN	NaN	7.71	24.115	NaN	NaN	0.0	"2.5"	"F0034"	1	1	"PR"	183.297	"deionize"	61.623	1	1	0	844.027	0.0	947.464	null	1131.382	0.087
12.6	0.033275	33375.0	2934.375	2596.875	NaN	NaN	NaN	0	1	1	0	0	0	0	0	0	0	0	0	1	0	0	0	0	1	1	1	0	1	1	1	0	151.0	0.108	0.318	NaN	NaN	0.257	0.707	NaN	NaN	7.71	24.745	NaN	NaN	0.0	"2.5"	"F0034"	1	1	"PR"	193.333	"deionize"	71.659	1	1	0	844.027	0.0	947.464	null	1141.418	0.085
12.3	0.03245	33000.0	2934.375	2550.0	NaN	NaN	NaN	0	1	1	0	0	0	0	0	0	0	0	0	1	0	0	0	0	1	1	1	0	1	1	1	0	148.0	0.108	0.313	NaN	NaN	0.257	0.696	NaN	NaN	7.71	24.36	NaN	NaN	0.0	"2.5"	"F0034"	1	1	"PR"	203.372	"deionize"	81.698	1	1	0	844.027	0.0	947.464	null	1151.457	0.083
12.6	0.032175	35625.0	2934.375	2615.625	NaN	NaN	NaN	0	1	1	0	0	0	0	0	0	0	0	0	1	0	0	0	0	1	1	1	0	1	1	1	0	151.0	0.108	0.32	NaN	NaN	0.257	0.711	NaN	NaN	7.71	24.885	NaN	NaN	0.0	"2.5"	"F0034"	1	1	"PR"	213.403	"deionize"	91.729	1	1	0	844.027	0.0	947.464	null	1161.488	0.084
13.3	0.03245	34875.0	2934.375	2550.0	NaN	NaN	NaN	0	1	1	0	0	0	0	0	0	0	0	0	1	0	0	0	0	1	1	1	0	1	1	1	0	160.0	0.108	0.313	NaN	NaN	0.257	0.696	NaN	NaN	7.71	24.36	NaN	NaN	0.0	"2.5"	"F0034"	1	1	"PR"	223.436	"deionize"	101.762	1	1	0	844.027	0.0	947.464	null	1171.521	0.088
12.6	0.0319	32250.0	2934.375	2512.5	NaN	NaN	NaN	0	1	1	0	0	0	0	0	0	0	0	0	1	0	0	0	0	1	1	1	0	1	1	1	0	151.0	0.108	0.309	NaN	NaN	0.257	0.687	NaN	NaN	7.71	24.045	NaN	NaN	0.0	"2.5"	"F0034"	1	1	"PR"	233.471	"deionize"	111.797	1	1	0	844.027	0.0	947.464	null	1181.556	0.084
11.9	0.03135	34875.0	2934.375	2568.75	NaN	NaN	NaN	0	1	1	0	0	0	0	0	0	0	0	0	1	0	0	0	0	1	1	1	0	1	1	1	0	143.0	0.108	0.315	NaN	NaN	0.257	0.7	NaN	NaN	7.71	24.5	NaN	NaN	0.0	"2.5"	"F0034"	1	1	"PR"	243.501	"deionize"	121.827	1	1	0	844.027	0.0	947.464	null	1191.586	0.084
12.9	0.030525	34875.0	2943.75	2587.5	NaN	NaN	NaN	0	1	1	0	0	0	0	0	0	0	0	0	1	0	0	0	0	1	1	1	0	1	1	1	0	155.0	0.109	0.317	NaN	NaN	0.26	0.704	NaN	NaN	7.8	24.64	NaN	NaN	0.0	"2.5"	"F0034"	1	1	"PR"	253.341	"deionize"	131.667	1	1	0	844.027	0.0	947.464	null	1201.426	0.091
10.5	0.03025	35437.5	2981.25	2559.375	NaN	NaN	NaN	0	1	1	0	0	0	0	0	0	0	0	0	1	0	0	0	0	1	1	1	0	1	1	1	0	126.0	0.113	0.314	NaN	NaN	0.269	0.698	NaN	NaN	8.07	24.43	NaN	NaN	0.0	"2.5"	"F0034"	1	1	"PR"	263.375	"deionize"	141.701	1	1	0	844.027	0.0	947.464	null	1211.46	0.09
12.1	0.03025	32437.5	2943.75	2587.5	NaN	NaN	NaN	0	1	1	0	0	0	0	0	0	0	0	0	1	0	0	0	0	1	1	1	0	1	1	1	0	145.0	0.109	0.317	NaN	NaN	0.26	0.704	NaN	NaN	7.8	24.64	NaN	NaN	0.0	"2.5"	"F0034"	1	1	"PR"	273.411	"deionize"	151.737	1	1	0	844.027	0.0	947.464	null	1221.496	0.09
12.5	0.0297	33187.5	2925.0	2550.0	NaN	NaN	NaN	0	1	1	0	0	0	0	0	0	0	0	0	1	0	0	0	0	1	1	1	0	1	1	1	0	150.0	0.107	0.313	NaN	NaN	0.255	0.696	NaN	NaN	7.65	24.36	NaN	NaN	0.0	"2.5"	"F0034"	1	1	"PR"	283.448	"deionize"	161.774	1	1	0	844.027	0.0	947.464	null	1231.533	0.092
12.3	0.02915	33000.0	2934.375	2550.0	NaN	NaN	NaN	0	1	1	0	0	0	0	0	0	0	0	0	1	0	0	0	0	1	1	1	0	1	1	1	0	148.0	0.108	0.313	NaN	NaN	0.257	0.696	NaN	NaN	7.71	24.36	NaN	NaN	0.0	"2.5"	"F0034"	1	1	"PR"	293.484	"deionize"	171.81	1	1	0	844.027	0.0	947.464	null	1241.569	0.086
12.6	0.0286	34312.5	2943.75	2606.25	NaN	NaN	NaN	0	1	1	0	0	0	0	0	0	0	0	0	1	0	0	0	0	1	1	1	0	1	1	1	0	151.0	0.109	0.319	NaN	NaN	0.26	0.709	NaN	NaN	7.8	24.815	NaN	NaN	0.0	"2.5"	"F0034"	1	1	"PR"	303.527	"deionize"	181.853	1	1	0	844.027	0.0	947.464	null	1251.612	0.091
13.0	0.02805	33000.0	2934.375	2625.0	NaN	NaN	NaN	0	1	1	0	0	0	0	0	0	0	0	0	1	0	0	0	0	1	1	1	0	1	1	1	0	156.0	0.108	0.321	NaN	NaN	0.257	0.713	NaN	NaN	7.71	24.955	NaN	NaN	0.0	"2.5"	"F0034"	1	1	"PR"	313.569	"deionize"	191.895	1	1	0	844.027	0.0	947.464	null	1261.654	0.084
13.8	0.02805	34500.0	2934.375	2512.5	NaN	NaN	NaN	0	1	1	0	0	0	0	0	0	0	0	0	1	0	0	0	0	1	1	1	0	1	1	1	0	166.0	0.108	0.309	NaN	NaN	0.257	0.687	NaN	NaN	7.71	24.045	NaN	NaN	0.0	"2.5"	"F0034"	1	1	"PR"	323.401	"deionize"	201.727	1	1	0	844.027	0.0	947.464	null	1271.486	0.09
12.7	0.027775	34687.5	2943.75	2587.5	NaN	NaN	NaN	0	1	1	0	0	0	0	0	0	0	0	0	1	0	0	0	0	1	1	1	0	1	1	1	0	152.0	0.109	0.317	NaN	NaN	0.26	0.704	NaN	NaN	7.8	24.64	NaN	NaN	0.0	"2.5"	"F0034"	1	1	"PR"	333.441	"deionize"	211.767	1	1	0	844.027	0.0	947.464	null	1281.526	0.091
12.4	0.02695	35437.5	2934.375	2568.75	NaN	NaN	NaN	0	1	1	0	0	0	0	0	0	0	0	0	1	0	0	0	0	1	1	1	0	1	1	1	0	149.0	0.108	0.315	NaN	NaN	0.257	0.7	NaN	NaN	7.71	24.5	NaN	NaN	0.0	"2.5"	"F0034"	1	1	"PR"	343.478	"deionize"	221.804	1	1	0	844.027	0.0	947.464	null	1291.563	0.09
12.1	0.027225	31500.0	2934.375	2531.25	NaN	NaN	NaN	0	1	1	0	0	0	0	0	0	0	0	0	1	0	0	0	0	1	1	1	0	1	1	1	0	145.0	0.108	0.311	NaN	NaN	0.257	0.691	NaN	NaN	7.71	24.185	NaN	NaN	0.0	"2.5"	"F0034"	1	1	"PR"	353.51	"deionize"	231.836	1	1	0	844.027	0.0	947.464	null	1301.595	0.087
12.1	0.026675	34875.0	2962.5	2596.875	NaN	NaN	NaN	0	1	1	0	0	0	0	0	0	0	0	0	1	0	0	0	1	1	1	1	0	1	1	1	0	145.0	0.111	0.318	NaN	NaN	0.264	0.707	NaN	NaN	7.92	24.745	NaN	NaN	0.0	"2.5"	"F0034"	1	1	"PR"	363.459	"deionize-uv"	1.713	1	1	0	844.027	0.0	947.464	null	1311.544	0.09
11.9	0.025575	35437.5	2943.75	2550.0	NaN	NaN	NaN	0	1	1	0	0	0	0	0	0	0	0	0	1	0	0	0	1	1	1	1	0	1	1	1	0	143.0	0.109	0.313	NaN	NaN	0.26	0.696	NaN	NaN	7.8	24.36	NaN	NaN	0.0	"2.5"	"F0034"	1	1	"PR"	373.496	"deionize-uv"	11.75	1	1	0	844.027	0.0	947.464	null	1321.581	0.089
12.5	0.0253	36562.5	2934.375	2531.25	NaN	NaN	NaN	0	1	1	0	0	0	0	0	0	0	0	0	1	0	0	0	1	1	1	1	0	1	1	1	0	150.0	0.108	0.311	NaN	NaN	0.257	0.691	NaN	NaN	7.71	24.185	NaN	NaN	0.0	"2.5"	"F0034"	1	1	"PR"	383.54	"deionize-uv"	21.794	1	1	0	844.027	0.0	947.464	null	1331.625	0.088
11.8	0.025575	33375.0	2934.375	2540.625	NaN	NaN	NaN	0	1	1	0	0	0	0	0	0	0	0	0	1	0	0	0	1	1	1	1	0	1	1	1	0	142.0	0.108	0.312	NaN	NaN	0.257	0.693	NaN	NaN	7.71	24.255	NaN	NaN	0.0	"2.5"	"F0034"	1	1	"PR"	393.574	"deionize-uv"	31.828	1	1	0	844.027	0.0	947.464	null	1341.659	0.089
11.2	0.024475	33187.5	2962.5	2550.0	NaN	NaN	NaN	0	1	1	0	0	0	0	0	0	0	0	0	1	0	0	0	1	1	1	1	0	1	1	1	0	134.0	0.111	0.313	NaN	NaN	0.264	0.696	NaN	NaN	7.92	24.36	NaN	NaN	0.0	"2.5"	"F0034"	1	1	"PR"	403.612	"deionize-uv"	41.866	1	1	0	844.027	0.0	947.464	null	1351.697	0.094
11.2	0.02365	32625.0	2934.375	2531.25	NaN	NaN	NaN	0	1	1	0	0	0	0	0	0	0	0	0	1	0	0	0	1	1	1	1	0	1	1	1	0	134.0	0.108	0.311	NaN	NaN	0.257	0.691	NaN	NaN	7.71	24.185	NaN	NaN	0.0	"2.5"	"F0034"	1	1	"PR"	413.65	"deionize-uv"	51.904	1	1	0	844.027	0.0	947.464	null	1361.735	0.091
10.9	0.024475	32625.0	2943.75	2531.25	NaN	NaN	NaN	0	1	1	0	0	0	0	0	0	0	0	0	1	0	0	0	1	1	1	1	0	1	1	1	0	131.0	0.109	0.311	NaN	NaN	0.26	0.691	NaN	NaN	7.8	24.185	NaN	NaN	0.0	"2.5"	"F0034"	1	1	"PR"	423.687	"deionize-uv"	61.941	1	1	0	844.027	0.0	947.464	null	1371.772	0.089
10.6	0.02365	34687.5	2943.75	2559.375	NaN	NaN	NaN	0	1	1	0	0	0	0	0	0	0	0	0	1	0	0	0	1	1	1	1	0	1	1	1	0	127.0	0.109	0.314	NaN	NaN	0.26	0.698	NaN	NaN	7.8	24.43	NaN	NaN	0.0	"2.5"	"F0034"	1	1	"PR"	433.525	"deionize-uv"	71.779	1	1	0	844.027	0.0	947.464	null	1381.61	0.086
10.1	0.02365	35250.0	2943.75	2550.0	NaN	NaN	NaN	0	1	1	0	0	0	0	0	0	0	0	0	1	0	0	0	1	1	1	1	0	1	1	1	0	121.0	0.109	0.313	NaN	NaN	0.26	0.696	NaN	NaN	7.8	24.36	NaN	NaN	0.0	"2.5"	"F0034"	1	1	"PR"	443.563	"deionize-uv"	81.817	1	1	0	844.027	0.0	947.464	null	1391.648	0.086
10.4	0.02365	34125.0	2934.375	2550.0	NaN	NaN	NaN	0	1	1	0	0	0	0	0	0	0	0	0	1	0	0	0	1	1	1	1	0	1	1	1	0	125.0	0.108	0.313	NaN	NaN	0.257	0.696	NaN	NaN	7.71	24.36	NaN	NaN	0.0	"2.5"	"F0034"	1	1	"PR"	453.603	"deionize-uv"	91.857	1	1	0	844.027	0.0	947.464	null	1401.688	0.086
10.4	0.022825	35437.5	2934.375	2550.0	NaN	NaN	NaN	0	1	1	0	0	0	0	0	0	0	0	0	1	0	0	0	1	1	1	1	0	1	1	1	0	125.0	0.108	0.313	NaN	NaN	0.257	0.696	NaN	NaN	7.71	24.36	NaN	NaN	0.0	"2.5"	"F0034"	1	1	"PR"	463.642	"deionize-uv"	101.896	1	1	0	844.027	0.0	947.464	null	1411.727	0.085
10.6	0.022825	34312.5	2934.375	2578.125	NaN	NaN	NaN	0	1	1	0	0	0	0	0	0	0	0	0	1	0	0	0	1	1	1	1	0	1	1	1	0	127.0	0.108	0.316	NaN	NaN	0.257	0.702	NaN	NaN	7.71	24.57	NaN	NaN	0.0	"2.5"	"F0034"	1	1	"PR"	473.678	"deionize-uv"	111.932	1	1	0	844.027	0.0	947.464	null	1421.763	0.09
10.4	0.02255	33375.0	2934.375	2240.625	NaN	NaN	NaN	0	0	1	0	0	0	0	1	0	0	0	0	1	0	0	0	1	1	1	1	0	1	1	1	0	125.0	0.108	0.282	NaN	NaN	0.257	0.627	NaN	NaN	7.71	21.945	NaN	NaN	0.0	"2.5"	"F0034"	1	1	"PR"	483.644	"drain-di-1"	1.734	1	1	0	844.027	0.0	947.464	null	1431.729	0.089
9.9	0.022275	35062.5	2934.375	1968.75	NaN	NaN	NaN	0	0	1	0	0	0	0	1	0	0	0	0	1	0	0	0	1	1	1	1	0	1	1	1	0	119.0	0.108	0.255	NaN	NaN	0.257	0.567	NaN	NaN	7.71	19.845	NaN	NaN	0.0	"2.5"	"F0034"	1	1	"PR"	493.683	"drain-di-1"	11.773	1	1	0	844.027	0.0	947.464	null	1441.768	0.086
10.2	0.022275	35625.0	2962.5	1725.0	NaN	NaN	NaN	0	0	1	0	0	0	0	1	0	0	0	0	1	0	0	0	1	1	1	1	0	1	1	1	0	122.0	0.111	0.23	NaN	NaN	0.264	0.511	NaN	NaN	7.92	17.885	NaN	NaN	0.0	"2.5"	"F0034"	1	1	"PR"	503.722	"drain-di-1"	21.812	1	1	0	844.027	0.0	947.464	null	1451.807	0.09
10.0	0.022	35437.5	2934.375	1481.25	NaN	NaN	NaN	0	0	1	0	0	0	0	1	0	0	0	0	1	0	0	0	1	1	1	1	0	1	1	1	0	120.0	0.108	0.206	NaN	NaN	0.257	0.458	NaN	NaN	7.71	16.03	NaN	NaN	0.0	"2.5"	"F0034"	1	1	"PR"	513.762	"drain-di-1"	31.852	1	1	0	844.027	0.0	947.464	null	1461.847	0.09
9.3	0.021725	35625.0	2906.25	1228.125	NaN	NaN	NaN	0	0	1	0	0	0	0	1	0	0	0	0	1	0	0	0	1	1	1	1	0	1	1	1	0	112.0	0.106	0.181	NaN	NaN	0.252	0.402	NaN	NaN	7.56	14.07	NaN	NaN	0.0	"2.5"	"F0034"	1	1	"PR"	523.796	"drain-di-1"	41.886	1	1	0	844.027	0.0	947.464	null	1471.881	0.09
9.4	0.021175	34500.0	2943.75	993.75	NaN	NaN	NaN	0	0	1	0	0	0	0	1	0	0	0	0	1	0	0	0	1	1	1	1	0	1	1	1	0	113.0	0.109	0.157	NaN	NaN	0.26	0.349	NaN	NaN	7.8	12.215	NaN	NaN	0.0	"2.5"	"F0034"	1	1	"PR"	533.834	"drain-di-1"	51.924	1	1	0	844.027	0.0	947.464	null	1481.919	0.092
8.1	0.022275	33937.5	2934.375	731.25	NaN	NaN	NaN	0	0	1	0	0	0	0	1	0	0	0	0	1	0	0	0	1	1	1	1	0	1	1	1	0	97.0	0.108	0.131	NaN	NaN	0.257	0.291	NaN	NaN	7.71	10.185	NaN	NaN	0.0	"2.5"	"F0034"	1	1	"PR"	543.668	"drain-di-1"	61.758	1	1	0	844.027	0.0	947.464	null	1491.753	0.084
9.8	0.021725	35250.0	2943.75	496.875	NaN	NaN	NaN	0	0	1	0	0	0	0	1	0	0	0	0	1	0	0	0	1	1	1	1	0	1	1	1	0	118.0	0.109	0.108	NaN	NaN	0.26	0.24	NaN	NaN	7.8	8.4	NaN	NaN	0.0	"2.5"	"F0034"	1	1	"PR"	553.701	"drain-di-1"	71.791	1	1	0	844.027	0.0	947.464	null	1501.786	0.086
9.1	0.021725	35250.0	2915.625	253.125	NaN	NaN	NaN	0	0	1	0	0	0	0	1	0	0	0	0	1	0	0	0	1	1	1	1	0	1	1	1	0	109.0	0.107	0.083	NaN	NaN	0.255	0.184	NaN	NaN	7.65	6.44	NaN	NaN	0.0	"2.5"	"F0034"	1	1	"PR"	563.736	"drain-di-1"	81.826	1	1	0	844.027	0.0	947.464	null	1511.821	0.088
9.1	0.0209	32625.0	2943.75	0.0	NaN	NaN	NaN	0	0	1	0	0	0	0	1	0	0	0	0	1	0	0	0	1	1	1	1	0	1	1	1	0	109.0	0.109	0.058	NaN	NaN	0.26	0.129	NaN	NaN	7.8	4.515	NaN	NaN	0.0	"2.5"	"F0034"	1	1	"PR"	573.887	"drip-di-1"	2.725	1	1	0	844.027	0.0	947.464	null	1521.972	0.09
9.3	0.021175	35437.5	2934.375	-28.125	NaN	NaN	NaN	0	0	1	0	0	0	0	1	0	0	0	0	1	0	0	0	1	1	1	1	0	1	1	1	0	112.0	0.108	0.055	NaN	NaN	0.257	0.122	NaN	NaN	7.71	4.27	NaN	NaN	0.0	"2.5"	"F0034"	1	1	"PR"	583.721	"drip-di-1"	12.559	1	1	0	844.027	0.0	947.464	null	1531.806	0.084
-11.4	0.022	29250.0	2728.125	56.25	NaN	NaN	NaN	1	0	0	0	0	1	1	0	0	0	0	0	1	1	0	0	0	1	1	0	1	1	1	0	1	-137.0	0.088	0.064	NaN	NaN	0.21	0.142	NaN	NaN	6.3	4.97	NaN	NaN	0.0	"2.5"	"F0034"	1	0	"PR"	593.728	"reverse-f"	7.398	1	1	0	844.027	0.0	947.464	null	1541.813	0.083
-11.9	0.023375	29437.5	2859.375	356.25	NaN	NaN	NaN	1	0	0	0	0	1	1	0	0	0	0	0	1	1	0	0	0	1	1	0	1	1	1	0	1	-143.0	0.101	0.094	NaN	NaN	0.24	0.209	NaN	NaN	7.2	7.315	NaN	NaN	0.0	"2.5"	"F0034"	1	0	"PR"	603.769	"reverse-f"	17.439	1	1	0	844.027	0.0	947.464	null	1551.854	0.083
-12.4	0.02585	30000.0	2784.375	656.25	NaN	NaN	NaN	1	0	0	0	0	1	1	0	0	0	0	0	1	1	0	0	0	1	1	0	1	1	1	0	1	-149.0	0.093	0.124	NaN	NaN	0.221	0.276	NaN	NaN	6.63	9.66	NaN	NaN	0.0	"2.5"	"F0034"	1	0	"PR"	613.807	"reverse-f"	27.477	1	1	0	844.027	0.0	947.464	null	1561.892	0.086
-12.9	0.028325	29625.0	2793.75	956.25	NaN	NaN	NaN	1	0	0	0	0	1	1	0	0	0	0	0	1	1	0	0	0	1	1	0	1	1	1	0	1	-155.0	0.094	0.154	NaN	NaN	0.224	0.342	NaN	NaN	6.72	11.97	NaN	NaN	0.0	"2.5"	"F0034"	1	0	"PR"	623.844	"reverse-f"	37.514	1	1	0	844.027	0.0	947.464	null	1571.929	0.089
-11.8	0.03025	29250.0	2840.625	1246.875	NaN	NaN	NaN	1	0	0	0	0	1	1	0	0	0	0	0	1	1	0	0	0	1	1	0	1	1	1	0	1	-142.0	0.099	0.183	NaN	NaN	0.236	0.407	NaN	NaN	7.08	14.245	NaN	NaN	0.0	"2.5"	"F0034"	1	0	"PR"	633.885	"reverse-f"	47.555	1	1	0	844.027	0.0	947.464	null	1581.97	0.086
-11.9	0.03245	29437.5	2775.0	1537.5	NaN	NaN	NaN	1	0	0	0	0	1	1	0	0	0	0	0	1	1	0	0	0	1	1	0	1	1	1	0	1	-143.0	0.093	0.212	NaN	NaN	0.221	0.471	NaN	NaN	6.63	16.485	NaN	NaN	0.0	"2.5"	"F0034"	1	0	"PR"	643.925	"reverse-f"	57.595	1	1	0	844.027	0.0	947.464	null	1592.01	0.086
-11.7	0.034925	29812.5	2803.125	1809.375	NaN	NaN	NaN	1	0	0	0	0	1	1	0	0	0	0	0	1	1	0	0	0	1	1	0	1	1	1	0	1	-140.0	0.095	0.239	NaN	NaN	0.226	0.531	NaN	NaN	6.78	18.585	NaN	NaN	0.0	"2.5"	"F0034"	1	0	"PR"	653.964	"reverse-f"	67.634	1	1	0	844.027	0.0	947.464	null	1602.049	0.086
-11.9	0.036025	29625.0	2793.75	2109.375	NaN	NaN	NaN	1	0	0	0	0	1	1	0	0	0	0	0	1	1	0	0	0	1	1	0	1	1	1	0	1	-143.0	0.094	0.269	NaN	NaN	0.224	0.598	NaN	NaN	6.72	20.93	NaN	NaN	0.0	"2.5"	"F0034"	1	0	"PR"	663.803	"reverse-f"	77.473	1	1	0	844.027	0.0	947.464	null	1611.888	0.083
-13.5	0.038225	28875.0	2784.375	2240.625	NaN	NaN	NaN	0	0	0	0	0	1	1	0	0	0	0	0	1	0	0	0	0	1	1	0	1	1	1	0	1	-162.0	0.093	0.282	NaN	NaN	0.221	0.627	NaN	NaN	6.63	21.945	NaN	NaN	0.0	"2.5"	"F0034"	1	0	"PR"	673.952	"reverse"	87.622	1	1	0	844.027	0.0	947.464	null	1622.037	0.086
-11.9	0.03905	29250.0	2784.375	2240.625	NaN	NaN	NaN	0	0	0	0	0	1	1	0	0	0	0	0	1	0	0	0	0	1	1	0	1	1	1	0	1	-143.0	0.093	0.282	NaN	NaN	0.221	0.627	NaN	NaN	6.63	21.945	NaN	NaN	0.0	"2.5"	"F0034"	1	0	"PR"	683.989	"reverse"	97.659	1	1	0	844.027	0.0	947.464	null	1632.074	0.086
-11.9	0.040425	29625.0	2784.375	2268.75	NaN	NaN	NaN	0	0	0	0	0	1	1	0	0	0	0	0	1	0	0	0	0	1	1	0	1	1	1	0	1	-143.0	0.093	0.285	NaN	NaN	0.221	0.633	NaN	NaN	6.63	22.155	NaN	NaN	0.0	"2.5"	"F0034"	1	0	"PR"	694.027	"reverse"	107.697	1	1	0	844.027	0.0	947.464	null	1642.112	0.087
-12.1	0.0418	29812.5	2793.75	2240.625	NaN	NaN	NaN	0	0	0	0	0	1	1	0	0	0	0	0	1	0	0	0	0	1	1	0	1	1	1	0	1	-145.0	0.094	0.282	NaN	NaN	0.224	0.627	NaN	NaN	6.72	21.945	NaN	NaN	0.0	"2.5"	"F0034"	1	0	"PR"	703.865	"reverse"	117.535	1	1	0	844.027	0.0	947.464	null	1651.95	0.083
-11.9	0.0429	30000.0	2821.875	2278.125	NaN	NaN	NaN	0	0	0	0	0	1	1	0	0	0	0	0	1	0	0	0	0	1	1	0	1	1	1	0	1	-143.0	0.097	0.286	NaN	NaN	0.231	0.636	NaN	NaN	6.93	22.26	NaN	NaN	0.0	"2.5"	"F0034"	1	0	"PR"	713.905	"reverse"	127.575	1	1	0	844.027	0.0	947.464	null	1661.99	0.083
-12.0	0.04345	29625.0	2784.375	2268.75	NaN	NaN	NaN	0	0	0	0	0	1	1	0	0	0	0	0	1	0	0	0	0	1	1	0	1	1	1	0	1	-144.0	0.093	0.285	NaN	NaN	0.221	0.633	NaN	NaN	6.63	22.155	NaN	NaN	0.0	"2.5"	"F0034"	1	0	"PR"	723.943	"reverse"	137.613	1	1	0	844.027	0.0	947.464	null	1672.028	0.089
-12.6	0.043725	30375.0	2765.625	2259.375	NaN	NaN	NaN	0	0	0	0	0	1	1	0	0	0	0	0	1	0	0	0	0	1	1	0	1	1	1	0	1	-151.0	0.092	0.284	NaN	NaN	0.219	0.631	NaN	NaN	6.57	22.085	NaN	NaN	0.0	"2.5"	"F0034"	1	0	"PR"	733.98	"reverse"	147.65	1	1	0	844.027	0.0	947.464	null	1682.065	0.083
-0.7	0.04455	750.0	2953.125	2278.125	NaN	NaN	NaN	0	0	0	0	0	0	0	0	0	0	0	0	0	0	0	0	0	0	0	0	1	0	0	0	1	-8.0	0.11	0.286	NaN	NaN	0.262	0.636	NaN	NaN	7.86	22.26	NaN	NaN	0.0	"2.5"	"F0034"	0	0	"PR"	743.908	"diffuse"	7.521	1	1	1	844.027	0.0	947.464	null	1691.993	0.086
-1.5	0.043725	937.5	2943.75	2268.75	NaN	NaN	NaN	0	0	0	0	0	0	0	0	0	0	0	0	0	0	0	0	0	0	0	0	1	0	0	0	1	-18.0	0.109	0.285	NaN	NaN	0.26	0.633	NaN	NaN	7.8	22.155	NaN	NaN	0.0	"2.5"	"F0034"	0	0	"PR"	753.952	"diffuse"	17.565	1	1	1	844.027	0.0	947.464	null	1702.037	0.084
-1.7	0.044275	1125.0	2943.75	2268.75	NaN	NaN	NaN	0	0	0	0	0	0	0	0	0	0	0	0	0	0	0	0	0	0	0	0	1	0	0	0	1	-20.0	0.109	0.285	NaN	NaN	0.26	0.633	NaN	NaN	7.8	22.155	NaN	NaN	0.0	"2.5"	"F0034"	0	0	"PR"	763.992	"diffuse"	27.605	1	1	1	844.027	0.0	947.464	null	1712.077	0.083
-11.9	0.044	30375.0	2765.625	2268.75	NaN	NaN	NaN	0	0	0	0	0	1	1	0	0	0	0	0	1	0	0	0	0	1	1	0	1	1	1	0	1	-143.0	0.092	0.285	NaN	NaN	0.219	0.633	NaN	NaN	6.57	22.155	NaN	NaN	0.0	"2.5"	"F0034"	1	0	"PR"	774.119	"wash-en"	7.717	1	1	1	844.027	0.0	947.464	null	1722.204	0.086
-11.4	0.0451	30187.5	2803.125	2278.125	NaN	NaN	NaN	0	0	0	0	0	1	1	0	0	0	0	0	1	0	0	0	0	1	1	0	1	1	1	0	1	-137.0	0.095	0.286	NaN	NaN	0.226	0.636	NaN	NaN	6.78	22.26	NaN	NaN	0.0	"2.5"	"F0034"	1	0	"PR"	783.957	"wash-en"	17.555	1	1	1	844.027	0.0	947.464	null	1732.042	0.09
-0.3	0.0451	30000.0	2812.5	2268.75	NaN	NaN	NaN	0	0	0	0	0	1	1	0	0	0	0	0	1	0	0	0	0	0	0	0	1	0	0	0	1	-4.0	0.096	0.285	NaN	NaN	0.229	0.633	NaN	NaN	6.87	22.155	NaN	NaN	0.0	"2.5"	"F0034"	0	0	"PR"	794.078	"wash-sc"	7.511	1	1	1	844.027	0.0	947.464	null	1742.163	0.084
0.9	0.0462	1125.0	2962.5	2268.75	NaN	NaN	NaN	0	0	0	0	0	0	0	0	0	0	0	0	0	0	0	0	0	0	0	0	1	0	0	0	1	11.0	0.111	0.285	NaN	NaN	0.264	0.633	NaN	NaN	7.92	22.155	NaN	NaN	0.0	"2.5"	"F0034"	0	0	"PR"	804.112	"diffuse"	7.428	1	1	2	844.027	0.0	947.464	null	1752.197	0.084
-0.6	0.0462	562.5	2953.125	2296.875	NaN	NaN	NaN	0	0	0	0	0	0	0	0	0	0	0	0	0	0	0	0	0	0	0	0	1	0	0	0	1	-7.0	0.11	0.288	NaN	NaN	0.262	0.64	NaN	NaN	7.86	22.4	NaN	NaN	0.0	"2.5"	"F0034"	0	0	"PR"	814.151	"diffuse"	17.467	1	1	2	844.027	0.0	947.464	null	1762.236	0.085
-1.0	0.0451	1125.0	2962.5	2278.125	NaN	NaN	NaN	0	0	0	0	0	0	0	0	0	0	0	0	0	0	0	0	0	0	0	0	1	0	0	0	1	-12.0	0.111	0.286	NaN	NaN	0.264	0.636	NaN	NaN	7.92	22.26	NaN	NaN	0.0	"2.5"	"F0034"	0	0	"PR"	823.986	"diffuse"	27.302	1	1	2	844.027	0.0	947.464	null	1772.071	0.089
-11.9	0.045925	30187.5	2793.75	2259.375	NaN	NaN	NaN	0	0	0	0	0	1	1	0	0	0	0	0	1	0	0	0	0	1	1	0	1	1	1	0	1	-143.0	0.094	0.284	NaN	NaN	0.224	0.631	NaN	NaN	6.72	22.085	NaN	NaN	0.0	"2.5"	"F0034"	1	0	"PR"	834.117	"wash-en"	7.32	1	1	2	844.027	0.0	947.464	null	1782.202	0.083
-11.9	0.045925	30187.5	2784.375	2259.375	NaN	NaN	NaN	0	0	0	0	0	1	1	0	0	0	0	0	1	0	0	0	0	1	1	0	1	1	1	0	1	-143.0	0.093	0.284	NaN	NaN	0.221	0.631	NaN	NaN	6.63	22.085	NaN	NaN	0.0	"2.5"	"F0034"	1	0	"PR"	844.158	"wash-en"	17.361	1	1	2	844.027	0.0	947.464	null	1792.243	0.087
0.2	0.04565	30000.0	2812.5	2278.125	NaN	NaN	NaN	0	0	0	0	0	1	1	0	0	0	0	0	1	0	0	0	0	0	0	0	1	0	0	0	1	2.0	0.096	0.286	NaN	NaN	0.229	0.636	NaN	NaN	6.87	22.26	NaN	NaN	0.0	"2.5"	"F0034"	0	0	"PR"	854.084	"wash-sc"	7.116	1	1	2	844.027	0.0	947.464	null	1802.169	0.087
-0.4	0.0462	1125.0	2962.5	2278.125	NaN	NaN	NaN	0	0	0	0	0	0	0	0	0	0	0	0	0	0	0	0	0	0	0	0	1	0	0	0	1	-5.0	0.111	0.286	NaN	NaN	0.264	0.636	NaN	NaN	7.92	22.26	NaN	NaN	0.0	"2.5"	"F0034"	0	0	"PR"	864.122	"diffuse"	7.028	1	1	3	844.027	0.0	947.464	null	1812.207	0.083
0.3	0.0462	2812.5	2981.25	2278.125	NaN	NaN	NaN	0	0	0	0	0	0	0	0	0	0	0	0	0	0	0	0	0	0	0	0	1	0	0	0	1	4.0	0.113	0.286	NaN	NaN	0.269	0.636	NaN	NaN	8.07	22.26	NaN	NaN	0.0	"2.5"	"F0034"	0	0	"PR"	874.158	"diffuse"	17.064	1	1	3	844.027	0.0	947.464	null	1822.243	0.087
-0.4	0.0462	2250.0	2943.75	2278.125	NaN	NaN	NaN	0	0	0	0	0	0	0	0	0	0	0	0	0	0	0	0	0	0	0	0	1	0	0	0	1	-5.0	0.109	0.286	NaN	NaN	0.26	0.636	NaN	NaN	7.8	22.26	NaN	NaN	0.0	"2.5"	"F0034"	0	0	"PR"	884.198	"diffuse"	27.104	1	1	3	844.027	0.0	947.464	null	1832.283	0.083
-11.9	0.04565	29625.0	2803.125	2268.75	NaN	NaN	NaN	0	0	0	0	0	1	1	0	0	0	0	0	1	0	0	0	0	1	1	0	1	1	1	0	1	-143.0	0.095	0.285	NaN	NaN	0.226	0.633	NaN	NaN	6.78	22.155	NaN	NaN	0.0	"2.5"	"F0034"	1	0	"PR"	894.126	"wash-en"	6.916	1	1	3	844.027	0.0	947.464	null	1842.211	0.086
-11.5	0.045925	29812.5	2784.375	2259.375	NaN	NaN	NaN	0	0	0	0	0	1	1	0	0	0	0	0	1	0	0	0	0	1	1	0	1	1	1	0	1	-138.0	0.093	0.284	NaN	NaN	0.221	0.631	NaN	NaN	6.63	22.085	NaN	NaN	0.0	"2.5"	"F0034"	1	0	"PR"	904.166	"wash-en"	16.956	1	1	3	844.027	0.0	947.464	null	1852.251	0.089
-0.8	0.045925	29437.5	2784.375	2278.125	NaN	NaN	NaN	0	0	0	0	0	1	1	0	0	0	0	0	1	0	0	0	0	0	0	0	1	0	0	0	1	-10.0	0.093	0.286	NaN	NaN	0.221	0.636	NaN	NaN	6.63	22.26	NaN	NaN	0.0	"2.5"	"F0034"	0	0	"PR"	914.088	"wash-sc"	6.709	1	1	3	844.027	0.0	947.464	null	1862.173	0.09
-0.1	0.0462	937.5	2971.875	2306.25	NaN	NaN	NaN	0	0	0	0	0	0	0	0	0	0	0	0	0	0	0	0	0	0	0	0	1	0	0	0	1	-1.0	0.112	0.289	NaN	NaN	0.267	0.642	NaN	NaN	8.01	22.47	NaN	NaN	0.0	"2.5"	"F0034"	0	0	"PR"	924.125	"diffuse"	6.624	1	1	4	844.027	0.0	947.464	null	1872.21	0.091
-0.1	0.045925	1500.0	2953.125	2278.125	NaN	NaN	NaN	0	0	0	0	0	0	0	0	0	0	0	0	0	0	0	0	0	0	0	0	1	0	0	0	1	-1.0	0.11	0.286	NaN	NaN	0.262	0.636	NaN	NaN	7.86	22.26	NaN	NaN	0.0	"2.5"	"F0034"	0	0	"PR"	934.165	"diffuse"	16.664	1	1	4	844.027	0.0	947.464	null	1882.25	0.089
-0.2	0.0462	1687.5	2953.125	2278.125	NaN	NaN	NaN	0	0	0	0	0	0	0	0	0	0	0	0	0	0	0	0	0	0	0	0	1	0	0	0	1	-2.0	0.11	0.286	NaN	NaN	0.262	0.636	NaN	NaN	7.86	22.26	NaN	NaN	0.0	"2.5"	"F0034"	0	0	"PR"	944.204	"diffuse"	26.703	1	1	4	844.027	0.0	947.464	null	1892.289	0.089
-12.0	0.04565	30187.5	2784.375	2278.125	NaN	NaN	NaN	0	0	0	0	0	1	1	0	0	0	0	0	1	0	0	0	0	1	1	0	1	1	1	0	1	-144.0	0.093	0.286	NaN	NaN	0.221	0.636	NaN	NaN	6.63	22.26	NaN	NaN	0.0	"2.5"	"F0034"	1	0	"PR"	954.136	"wash-en"	6.519	1	1	4	844.027	0.0	947.464	null	1902.221	0.091
-11.8	0.045375	29437.5	2784.375	2296.875	NaN	NaN	NaN	0	0	0	0	0	1	1	0	0	0	0	0	1	0	0	0	0	1	1	0	1	1	1	0	1	-142.0	0.093	0.288	NaN	NaN	0.221	0.64	NaN	NaN	6.63	22.4	NaN	NaN	0.0	"2.5"	"F0034"	1	0	"PR"	964.173	"wash-en"	16.556	1	1	4	844.027	0.0	947.464	null	1912.258	0.089
0.4	0.045925	30000.0	2821.875	2278.125	NaN	NaN	NaN	0	0	0	0	0	1	1	0	0	0	0	0	1	0	0	0	0	0	0	0	1	0	0	0	1	5.0	0.097	0.286	NaN	NaN	0.231	0.636	NaN	NaN	6.93	22.26	NaN	NaN	0.0	"2.5"	"F0034"	0	0	"PR"	974.299	"wash-sc"	6.514	1	1	4	844.027	0.0	947.464	null	1922.384	0.09
0.7	0.045375	562.5	2550.0	2278.125	NaN	NaN	NaN	0	0	0	0	1	0	0	0	0	0	0	0	0	0	0	0	0	0	0	0	1	0	0	0	1	8.0	0.07	0.286	NaN	NaN	0.167	0.636	NaN	NaN	5.01	22.26	NaN	NaN	0.0	"2.5"	"F0034"	0	0	"PR"	984.334	"drain-rg"	6.425	1	1	4	844.027	0.0	947.464	null	1932.419	0.089
0.3	0.0462	-187.5	2184.375	2278.125	NaN	NaN	NaN	0	0	0	0	1	0	0	0	0	0	0	0	0	0	0	0	0	0	0	0	1	0	0	0	1	4.0	0.033	0.286	NaN	NaN	0.079	0.636	NaN	NaN	2.37	22.26	NaN	NaN	0.0	"2.5"	"F0034"	0	0	"PR"	994.373	"drain-rg"	16.464	1	1	4	844.027	0.0	947.464	null	1942.458	0.083
1.7	0.04565	-1125.0	1809.375	2278.125	NaN	NaN	NaN	0	0	0	0	1	0	0	0	0	0	0	0	0	0	0	0	0	0	0	0	1	0	0	0	1	20.0	-0.004	0.286	NaN	NaN	-0.01	0.636	NaN	NaN	-0.3	22.26	NaN	NaN	0.0	"2.5"	"F0034"	0	0	"PR"	1004.211	"drip-rg"	0.201	1	1	4	844.027	0.0	947.464	null	1952.296	0.095
0.3	0.045925	-937.5	684.375	2278.125	NaN	NaN	NaN	0	0	0	0	1	0	0	0	0	0	0	0	0	0	0	0	0	0	0	0	1	0	0	0	1	4.0	-0.117	0.286	NaN	NaN	-0.279	0.636	NaN	NaN	-8.37	22.26	NaN	NaN	0.0	"2.5"	"F0034"	0	0	"PR"	1014.25	"drip-rg"	10.24	1	1	4	844.027	0.0	947.464	null	1962.335	0.088
-0.1	0.045375	29437.5	1537.5	2184.375	NaN	NaN	NaN	0	0	1	0	0	1	0	0	0	0	0	0	1	0	0	0	0	0	0	0	1	0	0	0	1	-1.0	-0.031	0.276	NaN	NaN	-0.074	0.613	NaN	NaN	-2.22	21.455	NaN	NaN	0.0	"2.5"	"F0034"	0	0	"FR"	4.434	"fill-rg-di"	4.233	2	1	0	1967.354	0.0	947.464	null	1972.407	0.09
-0.6	0.04565	29250.0	2090.625	1921.875	NaN	NaN	NaN	0	0	1	0	0	1	0	0	0	0	0	0	1	0	0	0	0	0	0	0	1	0	0	0	1	-7.0	0.024	0.25	NaN	NaN	0.057	0.556	NaN	NaN	1.71	19.46	NaN	NaN	0.0	"2.5"	"F0034"	0	0	"FR"	14.472	"fill-rg-di"	14.271	2	1	0	1967.354	0.0	947.464	null	1982.445	0.087
1.0	0.044825	30750.0	2371.875	1678.125	NaN	NaN	NaN	0	0	1	0	0	1	0	0	0	0	0	0	1	0	0	0	0	0	0	0	1	0	0	0	1	12.0	0.052	0.226	NaN	NaN	0.124	0.502	NaN	NaN	3.72	17.57	NaN	NaN	0.0	"2.5"	"F0034"	0	0	"FR"	24.508	"fill-rg-di"	24.307	2	1	0	1967.354	0.0	947.464	null	1992.481	0.087
0.2	0.044	30375.0	2709.375	1434.375	NaN	NaN	NaN	0	0	1	0	0	1	0	0	0	0	0	0	1	0	0	0	0	0	0	0	1	0	0	0	1	2.0	0.086	0.201	NaN	NaN	0.205	0.447	NaN	NaN	6.15	15.645	NaN	NaN	0.0	"2.5"	"F0034"	0	0	"FR"	34.347	"fill-rg-di"	34.146	2	1	0	1967.354	0.0	947.464	null	2002.32	0.086
-0.8	0.04345	30000.0	3018.75	1171.875	NaN	NaN	NaN	0	0	1	0	0	1	0	0	0	0	0	0	1	0	0	0	0	0	0	0	1	0	0	0	1	-10.0	0.117	0.175	NaN	NaN	0.279	0.389	NaN	NaN	8.37	13.615	NaN	NaN	0.0	"2.5"	"F0034"	0	0	"FR"	44.382	"fill-rg-di"	44.181	2	1	0	1967.354	0.0	947.464	null	2012.355	0.098
0.2	0.042625	187.5	2990.625	956.25	NaN	NaN	NaN	0	0	0	0	1	0	0	0	0	0	0	0	0	0	0	0	0	0	0	0	1	0	0	0	1	2.0	0.114	0.154	NaN	NaN	0.271	0.342	NaN	NaN	8.13	11.97	NaN	NaN	0.0	"2.5"	"F0034"	0	0	"FR"	54.422	"drain-rg"	1.405	2	1	0	1967.354	0.0	947.464	null	2022.395	0.086
0.3	0.042625	2812.5	2643.75	984.375	NaN	NaN	NaN	0	0	0	0	1	0	0	0	0	0	0	0	0	0	0	0	0	0	0	0	1	0	0	0	1	4.0	0.079	0.156	NaN	NaN	0.188	0.347	NaN	NaN	5.64	12.145	NaN	NaN	0.0	"2.5"	"F0034"	0	0	"FR"	64.464	"drain-rg"	11.447	2	1	0	1967.354	0.0	947.464	null	2032.437	0.091
0.0	0.042075	937.5	2343.75	956.25	NaN	NaN	NaN	0	0	0	0	1	0	0	0	0	0	0	0	0	0	0	0	0	0	0	0	1	0	0	0	1	0.0	0.049	0.154	NaN	NaN	0.117	0.342	NaN	NaN	3.51	11.97	NaN	NaN	0.0	"2.5"	"F0034"	0	0	"FR"	74.501	"drain-rg"	21.484	2	1	0	1967.354	0.0	947.464	null	2042.474	0.1
0.2	0.042075	1125.0	1940.625	956.25	NaN	NaN	NaN	0	0	0	0	1	0	0	0	0	0	0	0	0	0	0	0	0	0	0	0	1	0	0	0	1	2.0	0.009	0.154	NaN	NaN	0.021	0.342	NaN	NaN	0.63	11.97	NaN	NaN	0.0	"2.5"	"F0034"	0	0	"FR"	84.539	"drain-rg"	31.522	2	1	0	1967.354	0.0	947.464	null	2052.512	0.09
0.3	0.042625	1125.0	1490.625	965.625	NaN	NaN	NaN	0	0	0	0	1	0	0	0	0	0	0	0	0	0	0	0	0	0	0	0	1	0	0	0	1	4.0	-0.036	0.155	NaN	NaN	-0.086	0.344	NaN	NaN	-2.58	12.04	NaN	NaN	0.0	"2.5"	"F0034"	0	0	"FR"	94.576	"drip-rg"	6.825	2	1	0	1967.354	0.0	947.464	null	2062.549	0.09
-0.1	0.0429	375.0	9.375	993.75	NaN	NaN	NaN	0	0	1	0	0	1	0	0	0	0	0	0	1	0	0	0	0	0	0	0	1	0	0	0	1	-1.0	-0.184	0.157	NaN	NaN	-0.438	0.349	NaN	NaN	-13.14	12.215	NaN	NaN	0.0	"2.5"	"F0034"	0	0	"PR"	0.821	"fill-rg-di"	0.621	2	0	0	1967.354	0.0	2070.977	null	2072.422	0.147
-0.1	0.0429	29250.0	1959.375	740.625	NaN	NaN	NaN	0	0	1	0	0	1	0	0	0	0	0	0	1	0	0	0	0	0	0	0	1	0	0	0	1	-1.0	0.011	0.132	NaN	NaN	0.026	0.293	NaN	NaN	0.78	10.255	NaN	NaN	0.0	"2.5"	"F0034"	0	0	"PR"	10.856	"fill-rg-di"	10.656	2	0	0	1967.354	0.0	2070.977	null	2082.457	0.086
-0.4	0.04235	30000.0	2296.875	468.75	NaN	NaN	NaN	0	0	1	0	0	1	0	0	0	0	0	0	1	0	0	0	0	0	0	0	1	0	0	0	1	-5.0	0.045	0.105	NaN	NaN	0.107	0.233	NaN	NaN	3.21	8.155	NaN	NaN	0.0	"2.5"	"F0034"	0	0	"PR"	20.887	"fill-rg-di"	20.687	2	0	0	1967.354	0.0	2070.977	null	2092.488	0.084
-0.9	0.041525	30000.0	2615.625	178.125	NaN	NaN	NaN	0	0	1	0	0	1	0	0	0	0	0	0	1	0	0	0	0	0	0	0	1	0	0	0	1	-11.0	0.077	0.076	NaN	NaN	0.183	0.169	NaN	NaN	5.49	5.915	NaN	NaN	0.0	"2.5"	"F0034"	0	0	"PR"	30.925	"fill-rg-di"	30.725	2	0	0	1967.354	0.0	2070.977	null	2102.526	0.097
0.8	0.0418	2812.5	2746.875	253.125	NaN	NaN	NaN	1	0	0	0	0	0	0	0	0	0	0	0	0	1	0	0	0	0	0	0	1	0	0	0	1	10.0	0.09	0.083	NaN	NaN	0.214	0.184	NaN	NaN	6.42	6.44	NaN	NaN	0.0	"2.5"	"F0034"	0	0	"PR"	40.964	"fill-di-lb"	5.824	2	0	0	1967.354	0.0	2070.977	null	2112.565	0.086
0.2	0.040975	2812.5	2737.5	562.5	NaN	NaN	NaN	1	0	0	0	0	0	0	0	0	0	0	0	0	1	0	0	0	0	0	0	1	0	0	0	1	2.0	0.089	0.114	NaN	NaN	0.212	0.253	NaN	NaN	6.36	8.855	NaN	NaN	0.0	"2.5"	"F0034"	0	0	"PR"	51.003	"fill-di-lb"	15.863	2	0	0	1967.354	0.0	2070.977	null	2122.604	0.089
0.1	0.040975	2812.5	2746.875	853.125	NaN	NaN	NaN	1	0	0	0	0	0	0	0	0	0	0	0	0	1	0	0	0	0	0	0	1	0	0	0	1	1.0	0.09	0.143	NaN	NaN	0.214	0.318	NaN	NaN	6.42	11.13	NaN	NaN	0.0	"2.5"	"F0034"	0	0	"PR"	61.046	"fill-di-lb"	25.906	2	0	0	1967.354	0.0	2070.977	null	2132.647	0.099
0.1	0.04125	3562.5	2746.875	1162.5	NaN	NaN	NaN	1	0	0	0	0	0	0	0	0	0	0	0	0	1	0	0	0	0	0	0	1	0	0	0	1	1.0	0.09	0.174	NaN	NaN	0.214	0.387	NaN	NaN	6.42	13.545	NaN	NaN	0.0	"2.5"	"F0034"	0	0	"PR"	70.883	"fill-di-lb"	35.743	2	0	0	1967.354	0.0	2070.977	null	2142.484	0.086
-0.2	0.04125	2812.5	2746.875	1434.375	NaN	NaN	NaN	1	0	0	0	0	0	0	0	0	0	0	0	0	1	0	0	0	0	0	0	1	0	0	0	1	-2.0	0.09	0.201	NaN	NaN	0.214	0.447	NaN	NaN	6.42	15.645	NaN	NaN	0.0	"2.5"	"F0034"	0	0	"PR"	80.925	"fill-di-lb"	45.785	2	0	0	1967.354	0.0	2070.977	null	2152.526	0.086
-0.1	0.040975	4125.0	2746.875	1734.375	NaN	NaN	NaN	1	0	0	0	0	0	0	0	0	0	0	0	0	1	0	0	0	0	0	0	1	0	0	0	1	-1.0	0.09	0.231	NaN	NaN	0.214	0.513	NaN	NaN	6.42	17.955	NaN	NaN	0.0	"2.5"	"F0034"	0	0	"PR"	90.96	"fill-di-lb"	55.82	2	0	0	1967.354	0.0	2070.977	null	2162.561	0.092
-0.1	0.04125	3937.5	2737.5	2025.0	NaN	NaN	NaN	1	0	0	0	0	0	0	0	0	0	0	0	0	1	0	0	0	0	0	0	1	0	0	0	1	-1.0	0.089	0.261	NaN	NaN	0.212	0.58	NaN	NaN	6.36	20.3	NaN	NaN	0.0	"2.5"	"F0034"	0	0	"PR"	101.0	"fill-di-lb"	65.86	2	0	0	1967.354	0.0	2070.977	null	2172.601	0.086
