cur	ec	mod-ps	rg-ps	di-ps	fw1-ps	fw2-ps	pf-ps	vlv-di-fill	vlv-di-in	vlv-di-out	vlv-rg-fill	vlv-rg-drain	vlv-rg-in	vlv-rg-out	vlv-fw1-in	vlv-fw1-out	vlv-fw2-in	vlv-po	vlv-mod-drain	pmp-sys	pmp-di	pmp-fw1	pmp-fw2	uv	en-anode1	en-cath1	pl-anode1	pl-cath1	en-anode2	en-cath2	pl-anode2	pl-cath2	pw	rg-he	di-he	fw1-he	fw2-he	rg-lev	di-lev	fw1-lev	fw2-lev	rg-vol	di-vol	fw1-vol	fw2-vol	pr-ec	ver	sn	mod-en	mod-pl	proc	proc-time	ph	ph-time	count	cyc	rnd	pr-last	rc-last	fr-last	halt-re	time	exec
2.7	0.051975	30750.0	2821.875	2296.875	NaN	NaN	NaN	0	0	0	0	0	1	1	0	0	0	0	0	1	0	0	0	0	0	0	0	1	0	0	0	1	32.0	0.097	0.288	NaN	NaN	0.231	0.64	NaN	NaN	6.93	22.4	NaN	NaN	0.0	"2.5"	"F0034"	0	0	"PR"	8.246	"prime"	7.429	0	0	0	0.0	0.0	0.0	null	10.046	0.09
2.7	0.051975	30750.0	2821.875	2296.875	NaN	NaN	NaN	0	0	0	0	0	1	1	0	0	0	0	0	1	0	0	0	0	0	0	0	1	0	0	0	1	32.0	0.097	0.288	NaN	NaN	0.231	0.64	NaN	NaN	6.93	22.4	NaN	NaN	0.0	"2.5"	"F0034"	0	0	"PR"	8.246	"prime"	7.429	0	0	0	0.0	0.0	0.0	null	10.046	0.09
4.9	0.05225	30000.0	2831.25	2296.875	NaN	NaN	NaN	0	0	0	0	0	1	1	0	0	0	0	0	1	0	0	0	0	0	0	0	1	0	0	0	1	59.0	0.098	0.288	NaN	NaN	0.233	0.64	NaN	NaN	6.99	22.4	NaN	NaN	0.0	"2.5"	"F0034"	0	0	"PR"	18.282	"prime"	17.465	0	0	0	0.0	0.0	0.0	null	20.082	0.089
4.4	0.053075	29812.5	2878.125	2287.5	NaN	NaN	NaN	0	0	0	0	0	1	1	0	0	0	0	0	1	0	0	0	0	0	0	0	1	0	0	0	1	53.0	0.103	0.287	NaN	NaN	0.245	0.638	NaN	NaN	7.35	22.33	NaN	NaN	0.0	"2.5"	"F0034"	0	0	"PR"	28.32	"prime"	27.503	0	0	0	0.0	0.0	0.0	null	30.12	0.091
-11.9	0.0528	32250.0	2990.625	2578.125	NaN	NaN	NaN	0	1	1	0	0	0	0	0	0	0	0	0	1	0	0	0	0	1	1	0	1	1	1	0	1	-143.0	0.114	0.316	NaN	NaN	0.271	0.702	NaN	NaN	8.13	24.57	NaN	NaN	0.0	"2.5"	"F0034"	1	0	"PR"	38.362	"deionize"	7.031	0	1	0	0.0	0.0	0.0	null	40.162	0.084
-12.7	0.050875	32625.0	2990.625	2653.125	NaN	NaN	NaN	0	1	1	0	0	0	0	0	0	0	0	0	1	0	0	0	0	1	1	0	1	1	1	0	1	-152.0	0.114	0.323	NaN	NaN	0.271	0.718	NaN	NaN	8.13	25.13	NaN	NaN	0.0	"2.5"	"F0034"	1	0	"PR"	48.397	"deionize"	17.066	0	1	0	0.0	0.0	0.0	null	50.197	0.087
-11.3	0.04895	31500.0	2981.25	2662.5	NaN	NaN	NaN	0	1	1	0	0	0	0	0	0	0	0	0	1	0	0	0	0	1	1	0	1	1	1	0	1	-136.0	0.113	0.324	NaN	NaN	0.269	0.72	NaN	NaN	8.07	25.2	NaN	NaN	0.0	"2.5"	"F0034"	1	0	"PR"	58.44	"deionize"	27.109	0	1	0	0.0	0.0	0.0	null	60.24	0.085
-11.0	0.0462	34312.5	2990.625	2550.0	NaN	NaN	NaN	0	1	1	0	0	0	0	0	0	0	0	0	1	0	0	0	0	1	1	0	1	1	1	0	1	-132.0	0.114	0.313	NaN	NaN	0.271	0.696	NaN	NaN	8.13	24.36	NaN	NaN	0.0	"2.5"	"F0034"	1	0	"PR"	68.476	"deionize"	37.145	0	1	0	0.0	0.0	0.0	null	70.276	0.084
-9.8	0.044275	35625.0	3000.0	2625.0	NaN	NaN	NaN	0	1	1	0	0	0	0	0	0	0	0	0	1	0	0	0	0	1	1	0	1	1	1	0	1	-118.0	0.115	0.321	NaN	NaN	0.274	0.713	NaN	NaN	8.22	24.955	NaN	NaN	0.0	"2.5"	"F0034"	1	0	"PR"	78.512	"deionize"	47.181	0	1	0	0.0	0.0	0.0	null	80.312	0.085
-10.3	0.04235	34687.5	3000.0	2587.5	NaN	NaN	NaN	0	1	1	0	0	0	0	0	0	0	0	0	1	0	0	0	0	1	1	0	1	1	1	0	1	-124.0	0.115	0.317	NaN	NaN	0.274	0.704	NaN	NaN	8.22	24.64	NaN	NaN	0.0	"2.5"	"F0034"	1	0	"PR"	88.348	"deionize"	57.017	0	1	0	0.0	0.0	0.0	null	90.148	0.09
-9.6	0.041525	32062.5	2981.25	2493.75	NaN	NaN	NaN	0	1	1	0	0	0	0	0	0	0	0	0	1	0	0	0	0	1	1	0	1	1	1	0	1	-115.0	0.113	0.307	NaN	NaN	0.269	0.682	NaN	NaN	8.07	23.87	NaN	NaN	0.0	"2.5"	"F0034"	1	0	"PR"	98.381	"deionize"	67.05	0	1	0	0.0	0.0	0.0	null	100.181	0.09
-9.8	0.040425	33187.5	2981.25	2503.125	NaN	NaN	NaN	0	1	1	0	0	0	0	0	0	0	0	0	1	0	0	0	0	1	1	0	1	1	1	0	1	-118.0	0.113	0.308	NaN	NaN	0.269	0.684	NaN	NaN	8.07	23.94	NaN	NaN	0.0	"2.5"	"F0034"	1	0	"PR"	108.415	"deionize"	77.084	0	1	0	0.0	0.0	0.0	null	110.215	0.091
-9.5	0.039325	34312.5	2990.625	2531.25	NaN	NaN	NaN	0	1	1	0	0	0	0	0	0	0	0	0	1	0	0	0	0	1	1	0	1	1	1	0	1	-114.0	0.114	0.311	NaN	NaN	0.271	0.691	NaN	NaN	8.13	24.185	NaN	NaN	0.0	"2.5"	"F0034"	1	0	"PR"	118.453	"deionize"	87.122	0	1	0	0.0	0.0	0.0	null	120.253	0.09
-7.9	0.038775	33937.5	2981.25	2493.75	NaN	NaN	NaN	0	1	1	0	0	0	0	0	0	0	0	0	1	0	0	0	0	1	1	0	1	1	1	0	1	-95.0	0.113	0.307	NaN	NaN	0.269	0.682	NaN	NaN	8.07	23.87	NaN	NaN	0.0	"2.5"	"F0034"	1	0	"PR"	128.488	"deionize"	97.157	0	1	0	0.0	0.0	0.0	null	130.288	0.09
-8.4	0.037675	35250.0	2990.625	2540.625	NaN	NaN	NaN	0	1	1	0	0	0	0	0	0	0	0	0	1	0	0	0	0	1	1	0	1	1	1	0	1	-101.0	0.114	0.312	NaN	NaN	0.271	0.693	NaN	NaN	8.13	24.255	NaN	NaN	0.0	"2.5"	"F0034"	1	0	"PR"	138.527	"deionize"	107.196	0	1	0	0.0	0.0	0.0	null	140.327	0.089
-8.9	0.03685	32062.5	3000.0	2484.375	NaN	NaN	NaN	0	1	1	0	0	0	0	0	0	0	0	0	1	0	0	0	0	1	1	0	1	1	1	0	1	-107.0	0.115	0.306	NaN	NaN	0.274	0.68	NaN	NaN	8.22	23.8	NaN	NaN	0.0	"2.5"	"F0034"	1	0	"PR"	148.561	"deionize"	117.23	0	1	0	0.0	0.0	0.0	null	150.361	0.089
-7.7	0.0363	33937.5	2981.25	2475.0	NaN	NaN	NaN	0	1	1	0	0	0	0	0	0	0	0	0	1	0	0	0	0	1	1	0	1	1	1	0	1	-92.0	0.113	0.305	NaN	NaN	0.269	0.678	NaN	NaN	8.07	23.73	NaN	NaN	0.0	"2.5"	"F0034"	1	0	"PR"	158.592	"deionize"	127.261	0	1	0	0.0	0.0	0.0	null	160.392	0.087
-8.4	0.036025	34687.5	2990.625	2456.25	NaN	NaN	NaN	0	1	1	0	0	0	0	0	0	0	0	0	1	0	0	0	0	1	1	0	1	1	1	0	1	-101.0	0.114	0.304	NaN	NaN	0.271	0.676	NaN	NaN	8.13	23.66	NaN	NaN	0.0	"2.5"	"F0034"	1	0	"PR"	168.628	"deionize"	137.297	0	1	0	0.0	0.0	0.0	null	170.428	0.086
-7.8	0.0363	32812.5	3000.0	2475.0	NaN	NaN	NaN	0	1	1	0	0	0	0	0	0	0	0	0	1	0	0	0	0	1	1	0	1	1	1	0	1	-94.0	0.115	0.305	NaN	NaN	0.274	0.678	NaN	NaN	8.22	23.73	NaN	NaN	0.0	"2.5"	"F0034"	1	0	"PR"	178.462	"deionize"	147.131	0	1	0	0.0	0.0	0.0	null	180.262	0.09
-8.7	0.034925	35437.5	3000.0	2456.25	NaN	NaN	NaN	0	1	1	0	0	0	0	0	0	0	0	0	1	0	0	0	0	1	1	0	1	1	1	0	1	-104.0	0.115	0.304	NaN	NaN	0.274	0.676	NaN	NaN	8.22	23.66	NaN	NaN	0.0	"2.5"	"F0034"	1	0	"PR"	188.493	"deionize"	157.162	0	1	0	0.0	0.0	0.0	null	190.293	0.09
-8.3	0.03465	34687.5	2981.25	2437.5	NaN	NaN	NaN	0	1	1	0	0	0	0	0	0	0	0	0	1	0	0	0	0	1	1	0	1	1	1	0	1	-100.0	0.113	0.302	NaN	NaN	0.269	0.671	NaN	NaN	8.07	23.485	NaN	NaN	0.0	"2.5"	"F0034"	1	0	"PR"	198.535	"deionize"	167.204	0	1	0	0.0	0.0	0.0	null	200.335	0.092
-7.8	0.034375	35437.5	2990.625	2409.375	NaN	NaN	NaN	0	1	1	0	0	0	0	0	0	0	0	0	1	0	0	0	0	1	1	0	1	1	1	0	1	-94.0	0.114	0.299	NaN	NaN	0.271	0.664	NaN	NaN	8.13	23.24	NaN	NaN	0.0	"2.5"	"F0034"	1	0	"PR"	208.567	"deionize"	177.236	0	1	0	0.0	0.0	0.0	null	210.367	0.09
-7.7	0.034375	32812.5	2981.25	2475.0	NaN	NaN	NaN	0	1	1	0	0	0	0	0	0	0	0	0	1	0	0	0	0	1	1	0	1	1	1	0	1	-92.0	0.113	0.305	NaN	NaN	0.269	0.678	NaN	NaN	8.07	23.73	NaN	NaN	0.0	"2.5"	"F0034"	1	0	"PR"	218.601	"deionize"	187.27	0	1	0	0.0	0.0	0.0	null	220.401	0.09
-8.1	0.033825	32250.0	2990.625	2475.0	NaN	NaN	NaN	0	1	1	0	0	0	0	0	0	0	0	0	1	0	0	0	0	1	1	0	1	1	1	0	1	-97.0	0.114	0.305	NaN	NaN	0.271	0.678	NaN	NaN	8.13	23.73	NaN	NaN	0.0	"2.5"	"F0034"	1	0	"PR"	228.64	"deionize"	197.309	0	1	0	0.0	0.0	0.0	null	230.44	0.088
-7.8	0.033825	34125.0	2981.25	2512.5	NaN	NaN	NaN	0	1	1	0	0	0	0	0	0	0	0	0	1	0	0	0	0	1	1	0	1	1	1	0	1	-94.0	0.113	0.309	NaN	NaN	0.269	0.687	NaN	NaN	8.07	24.045	NaN	NaN	0.0	"2.5"	"F0034"	1	0	"PR"	238.676	"deionize"	207.345	0	1	0	0.0	0.0	0.0	null	240.476	0.087
-8.3	0.033275	35250.0	2981.25	2418.75	NaN	NaN	NaN	0	1	1	0	0	0	0	0	0	0	0	0	1	0	0	0	0	1	1	0	1	1	1	0	1	-100.0	0.113	0.3	NaN	NaN	0.269	0.667	NaN	NaN	8.07	23.345	NaN	NaN	0.0	"2.5"	"F0034"	1	0	"PR"	248.712	"deionize"	217.381	0	1	0	0.0	0.0	0.0	null	250.512	0.092
-7.7	0.033	33937.5	3000.0	2437.5	NaN	NaN	NaN	0	1	1	0	0	0	0	0	0	0	0	0	1	0	0	0	0	1	1	0	1	1	1	0	1	-92.0	0.115	0.302	NaN	NaN	0.274	0.671	NaN	NaN	8.22	23.485	NaN	NaN	0.0	"2.5"	"F0034"	1	0	"PR"	258.55	"deionize"	227.219	0	1	0	0.0	0.0	0.0	null	260.35	0.086
-7.5	0.032725	35437.5	2981.25	2446.875	NaN	NaN	NaN	0	1	1	0	0	0	0	0	0	0	0	0	1	0	0	0	0	1	1	0	1	1	1	0	1	-90.0	0.113	0.303	NaN	NaN	0.269	0.673	NaN	NaN	8.07	23.555	NaN	NaN	0.0	"2.5"	"F0034"	1	0	"PR"	268.584	"deionize"	237.253	0	1	0	0.0	0.0	0.0	null	270.384	0.086
-7.6	0.0319	34687.5	2990.625	2437.5	NaN	NaN	NaN	0	1	1	0	0	0	0	0	0	0	0	0	1	0	0	0	1	1	1	0	1	1	1	0	1	-91.0	0.114	0.302	NaN	NaN	0.271	0.671	NaN	NaN	8.13	23.485	NaN	NaN	0.0	"2.5"	"F0034"	1	0	"PR"	278.731	"deionize-uv"	7.337	0	1	0	0.0	0.0	0.0	null	280.531	0.092
-7.5	0.031625	34500.0	2990.625	2400.0	NaN	NaN	NaN	0	1	1	0	0	0	0	0	0	0	0	0	1	0	0	0	1	1	1	0	1	1	1	0	1	-90.0	0.114	0.298	NaN	NaN	0.271	0.662	NaN	NaN	8.13	23.17	NaN	NaN	0.0	"2.5"	"F0034"	1	0	"PR"	288.565	"deionize-uv"	17.171	0	1	0	0.0	0.0	0.0	null	290.365	0.086
-8.0	0.03135	34687.5	3009.375	2428.125	NaN	NaN	NaN	0	1	1	0	0	0	0	0	0	0	0	0	1	0	0	0	1	1	1	0	1	1	1	0	1	-96.0	0.116	0.301	NaN	NaN	0.276	0.669	NaN	NaN	8.28	23.415	NaN	NaN	0.0	"2.5"	"F0034"	1	0	"PR"	298.603	"deionize-uv"	27.209	0	1	0	0.0	0.0	0.0	null	300.403	0.086
-6.6	0.03135	34875.0	3000.0	2390.625	NaN	NaN	NaN	0	1	1	0	0	0	0	0	0	0	0	0	1	0	0	0	1	1	1	0	1	1	1	0	1	-79.0	0.115	0.297	NaN	NaN	0.274	0.66	NaN	NaN	8.22	23.1	NaN	NaN	0.0	"2.5"	"F0034"	1	0	"PR"	308.643	"deionize-uv"	37.249	0	1	0	0.0	0.0	0.0	null	310.443	0.087
-7.6	0.0308	36187.5	2990.625	2409.375	NaN	NaN	NaN	0	1	1	0	0	0	0	0	0	0	0	0	1	0	0	0	1	1	1	0	1	1	1	0	1	-91.0	0.114	0.299	NaN	NaN	0.271	0.664	NaN	NaN	8.13	23.24	NaN	NaN	0.0	"2.5"	"F0034"	1	0	"PR"	318.677	"deionize-uv"	47.283	0	1	0	0.0	0.0	0.0	null	320.477	0.086
-7.1	0.03135	33187.5	2981.25	2475.0	NaN	NaN	NaN	0	1	1	0	0	0	0	0	0	0	0	0	1	0	0	0	1	1	1	0	1	1	1	0	1	-85.0	0.113	0.305	NaN	NaN	0.269	0.678	NaN	NaN	8.07	23.73	NaN	NaN	0.0	"2.5"	"F0034"	1	0	"PR"	328.714	"deionize-uv"	57.32	0	1	0	0.0	0.0	0.0	null	330.514	0.084
-7.0	0.030525	35250.0	3009.375	2456.25	NaN	NaN	NaN	0	1	1	0	0	0	0	0	0	0	0	0	1	0	0	0	1	1	1	0	1	1	1	0	1	-84.0	0.116	0.304	NaN	NaN	0.276	0.676	NaN	NaN	8.28	23.66	NaN	NaN	0.0	"2.5"	"F0034"	1	0	"PR"	338.754	"deionize-uv"	67.36	0	1	0	0.0	0.0	0.0	null	340.554	0.09
-8.3	0.030525	34500.0	2990.625	2390.625	NaN	NaN	NaN	0	1	1	0	0	0	0	0	0	0	0	0	1	0	0	0	1	1	1	0	1	1	1	0	1	-100.0	0.114	0.297	NaN	NaN	0.271	0.66	NaN	NaN	8.13	23.1	NaN	NaN	0.0	"2.5"	"F0034"	1	0	"PR"	348.791	"deionize-uv"	77.397	0	1	0	0.0	0.0	0.0	null	350.591	0.089
-6.2	0.029975	36187.5	2990.625	2418.75	NaN	NaN	NaN	0	1	1	0	0	0	0	0	0	0	0	0	1	0	0	0	1	1	1	0	1	1	1	0	1	-74.0	0.114	0.3	NaN	NaN	0.271	0.667	NaN	NaN	8.13	23.345	NaN	NaN	0.0	"2.5"	"F0034"	1	0	"PR"	358.832	"deionize-uv"	87.438	0	1	0	0.0	0.0	0.0	null	360.632	0.093
-7.0	0.03025	33937.5	2981.25	2437.5	NaN	NaN	NaN	0	1	1	0	0	0	0	0	0	0	0	0	1	0	0	0	1	1	1	0	1	1	1	0	1	-84.0	0.113	0.302	NaN	NaN	0.269	0.671	NaN	NaN	8.07	23.485	NaN	NaN	0.0	"2.5"	"F0034"	1	0	"PR"	368.665	"deionize-uv"	97.271	0	1	0	0.0	0.0	0.0	null	370.465	0.084
-5.7	0.0297	34125.0	2981.25	2400.0	NaN	NaN	NaN	0	1	1	0	0	0	0	0	0	0	0	0	1	0	0	0	1	1	1	0	1	1	1	0	1	-68.0	0.113	0.298	NaN	NaN	0.269	0.662	NaN	NaN	8.07	23.17	NaN	NaN	0.0	"2.5"	"F0034"	1	0	"PR"	378.702	"deionize-uv"	107.308	0	1	0	0.0	0.0	0.0	null	380.502	0.086
-8.0	0.02915	35062.5	2990.625	2437.5	NaN	NaN	NaN	0	1	1	0	0	0	0	0	0	0	0	0	1	0	0	0	1	1	1	0	1	1	1	0	1	-96.0	0.114	0.302	NaN	NaN	0.271	0.671	NaN	NaN	8.13	23.485	NaN	NaN	0.0	"2.5"	"F0034"	1	0	"PR"	388.743	"deionize-uv"	117.349	0	1	0	0.0	0.0	0.0	null	390.543	0.087
-8.4	0.029425	36375.0	3009.375	1968.75	NaN	NaN	NaN	0	0	1	0	0	0	0	1	0	0	0	0	1	0	0	0	1	1	1	0	1	1	1	0	1	-101.0	0.116	0.255	NaN	NaN	0.276	0.567	NaN	NaN	8.28	19.845	NaN	NaN	0.0	"2.5"	"F0034"	1	0	"PR"	398.702	"drain-di-1"	7.151	0	1	0	0.0	0.0	0.0	null	400.502	0.087
-7.5	0.02915	36375.0	2990.625	1706.25	NaN	NaN	NaN	0	0	1	0	0	0	0	1	0	0	0	0	1	0	0	0	1	1	1	0	1	1	1	0	1	-90.0	0.114	0.229	NaN	NaN	0.271	0.509	NaN	NaN	8.13	17.815	NaN	NaN	0.0	"2.5"	"F0034"	1	0	"PR"	408.74	"drain-di-1"	17.189	0	1	0	0.0	0.0	0.0	null	410.54	0.088
-9.2	0.028875	39187.5	3000.0	1453.125	NaN	NaN	NaN	0	0	1	0	0	0	0	1	0	0	0	0	1	0	0	0	1	1	1	0	1	1	1	0	1	-110.0	0.115	0.203	NaN	NaN	0.274	0.451	NaN	NaN	8.22	15.785	NaN	NaN	0.0	"2.5"	"F0034"	1	0	"PR"	418.773	"drain-di-1"	27.222	0	1	0	0.0	0.0	0.0	null	420.573	0.084
-6.6	0.029425	39375.0	2981.25	1237.5	NaN	NaN	NaN	0	0	1	0	0	0	0	1	0	0	0	0	1	0	0	0	1	1	1	0	1	1	1	0	1	-79.0	0.113	0.182	NaN	NaN	0.269	0.404	NaN	NaN	8.07	14.14	NaN	NaN	0.0	"2.5"	"F0034"	1	0	"PR"	428.811	"drain-di-1"	37.26	0	1	0	0.0	0.0	0.0	null	430.611	0.084
-6.7	0.028875	36937.5	2990.625	993.75	NaN	NaN	NaN	0	0	1	0	0	0	0	1	0	0	0	0	1	0	0	0	1	1	1	0	1	1	1	0	1	-80.0	0.114	0.157	NaN	NaN	0.271	0.349	NaN	NaN	8.13	12.215	NaN	NaN	0.0	"2.5"	"F0034"	1	0	"PR"	438.849	"drain-di-1"	47.298	0	1	0	0.0	0.0	0.0	null	440.649	0.087
-6.7	0.02915	38812.5	2981.25	740.625	NaN	NaN	NaN	0	0	1	0	0	0	0	1	0	0	0	0	1	0	0	0	1	1	1	0	1	1	1	0	1	-80.0	0.113	0.132	NaN	NaN	0.269	0.293	NaN	NaN	8.07	10.255	NaN	NaN	0.0	"2.5"	"F0034"	1	0	"PR"	448.886	"drain-di-1"	57.335	0	1	0	0.0	0.0	0.0	null	450.686	0.086
-6.2	0.0286	38437.5	3009.375	506.25	NaN	NaN	NaN	0	0	1	0	0	0	0	1	0	0	0	0	1	0	0	0	1	1	1	0	1	1	1	0	1	-74.0	0.116	0.109	NaN	NaN	0.276	0.242	NaN	NaN	8.28	8.47	NaN	NaN	0.0	"2.5"	"F0034"	1	0	"PR"	458.924	"drain-di-1"	67.373	0	1	0	0.0	0.0	0.0	null	460.724	0.088
-6.1	0.0286	35437.5	3000.0	262.5	NaN	NaN	NaN	0	0	1	0	0	0	0	1	0	0	0	0	1	0	0	0	1	1	1	0	1	1	1	0	1	-73.0	0.115	0.084	NaN	NaN	0.274	0.187	NaN	NaN	8.22	6.545	NaN	NaN	0.0	"2.5"	"F0034"	1	0	"PR"	468.958	"drain-di-1"	77.407	0	1	0	0.0	0.0	0.0	null	470.758	0.087
-6.6	0.028325	39375.0	3000.0	28.125	NaN	NaN	NaN	0	0	1	0	0	0	0	1	0	0	0	0	1	0	0	0	1	1	1	0	1	1	1	0	1	-79.0	0.115	0.061	NaN	NaN	0.274	0.136	NaN	NaN	8.22	4.76	NaN	NaN	0.0	"2.5"	"F0034"	1	0	"PR"	478.905	"drip-di-1"	1.918	0	1	0	0.0	0.0	0.0	null	480.705	0.084
-6.6	0.0286	36000.0	3018.75	-28.125	NaN	NaN	NaN	0	0	1	0	0	0	0	1	0	0	0	0	1	0	0	0	1	1	1	0	1	1	1	0	1	-79.0	0.117	0.055	NaN	NaN	0.279	0.122	NaN	NaN	8.37	4.27	NaN	NaN	0.0	"2.5"	"F0034"	1	0	"PR"	488.943	"drip-di-1"	11.956	0	1	0	0.0	0.0	0.0	null	490.743	0.088
12.6	0.02915	30000.0	2821.875	28.125	NaN	NaN	NaN	1	0	0	0	0	1	1	0	0	0	0	0	1	1	0	0	0	1	1	1	0	1	1	1	0	151.0	0.097	0.061	NaN	NaN	0.231	0.136	NaN	NaN	6.93	4.76	NaN	NaN	0.0	"2.5"	"F0034"	1	1	"PR"	498.944	"reverse-f"	6.79	0	1	0	0.0	0.0	0.0	null	500.744	0.087
13.1	0.03135	30000.0	2850.0	328.125	NaN	NaN	NaN	1	0	0	0	0	1	1	0	0	0	0	0	1	1	0	0	0	1	1	1	0	1	1	1	0	157.0	0.1	0.091	NaN	NaN	0.238	0.202	NaN	NaN	7.14	7.07	NaN	NaN	0.0	"2.5"	"F0034"	1	1	"PR"	508.983	"reverse-f"	16.829	0	1	0	0.0	0.0	0.0	null	510.783	0.083
11.9	0.034375	29625.0	2831.25	628.125	NaN	NaN	NaN	1	0	0	0	0	1	1	0	0	0	0	0	1	1	0	0	0	1	1	1	0	1	1	1	0	143.0	0.098	0.121	NaN	NaN	0.233	0.269	NaN	NaN	6.99	9.415	NaN	NaN	0.0	"2.5"	"F0034"	1	1	"PR"	519.023	"reverse-f"	26.869	0	1	0	0.0	0.0	0.0	null	520.823	0.086
11.9	0.03685	29062.5	2812.5	909.375	NaN	NaN	NaN	1	0	0	0	0	1	1	0	0	0	0	0	1	1	0	0	0	1	1	1	0	1	1	1	0	143.0	0.096	0.149	NaN	NaN	0.229	0.331	NaN	NaN	6.87	11.585	NaN	NaN	0.0	"2.5"	"F0034"	1	1	"PR"	528.859	"reverse-f"	36.705	0	1	0	0.0	0.0	0.0	null	530.659	0.086
13.0	0.038775	29812.5	2859.375	1218.75	NaN	NaN	NaN	1	0	0	0	0	1	1	0	0	0	0	0	1	1	0	0	0	1	1	1	0	1	1	1	0	156.0	0.101	0.18	NaN	NaN	0.24	0.4	NaN	NaN	7.2	14.0	NaN	NaN	0.0	"2.5"	"F0034"	1	1	"PR"	538.896	"reverse-f"	46.742	0	1	0	0.0	0.0	0.0	null	540.696	0.083
13.0	0.0418	29437.5	2859.375	1481.25	NaN	NaN	NaN	1	0	0	0	0	1	1	0	0	0	0	0	1	1	0	0	0	1	1	1	0	1	1	1	0	156.0	0.101	0.206	NaN	NaN	0.24	0.458	NaN	NaN	7.2	16.03	NaN	NaN	0.0	"2.5"	"F0034"	1	1	"PR"	548.937	"reverse-f"	56.783	0	1	0	0.0	0.0	0.0	null	550.737	0.085
12.6	0.044	29812.5	2831.25	1781.25	NaN	NaN	NaN	1	0	0	0	0	1	1	0	0	0	0	0	1	1	0	0	0	1	1	1	0	1	1	1	0	151.0	0.098	0.236	NaN	NaN	0.233	0.524	NaN	NaN	6.99	18.34	NaN	NaN	0.0	"2.5"	"F0034"	1	1	"PR"	558.976	"reverse-f"	66.822	0	1	0	0.0	0.0	0.0	null	560.776	0.083
12.7	0.0451	29812.5	2850.0	2062.5	NaN	NaN	NaN	1	0	0	0	0	1	1	0	0	0	0	0	1	1	0	0	0	1	1	1	0	1	1	1	0	152.0	0.1	0.264	NaN	NaN	0.238	0.587	NaN	NaN	7.14	20.545	NaN	NaN	0.0	"2.5"	"F0034"	1	1	"PR"	569.016	"reverse-f"	76.862	0	1	0	0.0	0.0	0.0	null	570.816	0.083
12.5	0.0473	30000.0	2840.625	2268.75	NaN	NaN	NaN	0	0	0	0	0	1	1	0	0	0	0	0	1	0	0	0	0	1	1	1	0	1	1	1	0	150.0	0.099	0.285	NaN	NaN	0.236	0.633	NaN	NaN	7.08	22.155	NaN	NaN	0.0	"2.5"	"F0034"	1	1	"PR"	578.963	"reverse"	86.809	0	1	0	0.0	0.0	0.0	null	580.763	0.083
13.0	0.0484	29062.5	2803.125	2268.75	NaN	NaN	NaN	0	0	0	0	0	1	1	0	0	0	0	0	1	0	0	0	0	1	1	1	0	1	1	1	0	156.0	0.095	0.285	NaN	NaN	0.226	0.633	NaN	NaN	6.78	22.155	NaN	NaN	0.0	"2.5"	"F0034"	1	1	"PR"	588.999	"reverse"	96.845	0	1	0	0.0	0.0	0.0	null	590.799	0.084
12.8	0.049775	29062.5	2859.375	2259.375	NaN	NaN	NaN	0	0	0	0	0	1	1	0	0	0	0	0	1	0	0	0	0	1	1	1	0	1	1	1	0	154.0	0.101	0.284	NaN	NaN	0.24	0.631	NaN	NaN	7.2	22.085	NaN	NaN	0.0	"2.5"	"F0034"	1	1	"PR"	599.038	"reverse"	106.884	0	1	0	0.0	0.0	0.0	null	600.838	0.085
12.2	0.050325	30000.0	2878.125	2278.125	NaN	NaN	NaN	0	0	0	0	0	1	1	0	0	0	0	0	1	0	0	0	0	1	1	1	0	1	1	1	0	146.0	0.103	0.286	NaN	NaN	0.245	0.636	NaN	NaN	7.35	22.26	NaN	NaN	0.0	"2.5"	"F0034"	1	1	"PR"	609.076	"reverse"	116.922	0	1	0	0.0	0.0	0.0	null	610.876	0.084
13.0	0.05115	29812.5	2868.75	2268.75	NaN	NaN	NaN	0	0	0	0	0	1	1	0	0	0	0	0	1	0	0	0	0	1	1	1	0	1	1	1	0	156.0	0.102	0.285	NaN	NaN	0.243	0.633	NaN	NaN	7.29	22.155	NaN	NaN	0.0	"2.5"	"F0034"	1	1	"PR"	619.111	"reverse"	126.957	0	1	0	0.0	0.0	0.0	null	620.911	0.084
12.6	0.051975	30000.0	2840.625	2268.75	NaN	NaN	NaN	0	0	0	0	0	1	1	0	0	0	0	0	1	0	0	0	0	1	1	1	0	1	1	1	0	151.0	0.099	0.285	NaN	NaN	0.236	0.633	NaN	NaN	7.08	22.155	NaN	NaN	0.0	"2.5"	"F0034"	1	1	"PR"	629.147	"reverse"	136.993	0	1	0	0.0	0.0	0.0	null	630.947	0.084
13.0	0.052525	28125.0	2868.75	2278.125	NaN	NaN	NaN	0	0	0	0	0	1	1	0	0	0	0	0	1	0	0	0	0	1	1	1	0	1	1	1	0	156.0	0.102	0.286	NaN	NaN	0.243	0.636	NaN	NaN	7.29	22.26	NaN	NaN	0.0	"2.5"	"F0034"	1	1	"PR"	638.98	"reverse"	146.826	0	1	0	0.0	0.0	0.0	null	640.78	0.086
5.5	0.05335	375.0	3018.75	2287.5	NaN	NaN	NaN	0	0	0	0	0	0	0	0	0	0	0	0	0	0	0	0	0	0	0	0	1	0	0	0	1	66.0	0.117	0.287	NaN	NaN	0.279	0.638	NaN	NaN	8.37	22.33	NaN	NaN	0.0	"2.5"	"F0034"	0	0	"PR"	649.101	"diffuse"	6.91	0	1	1	0.0	0.0	0.0	null	650.901	0.087
5.3	0.0528	375.0	3009.375	2278.125	NaN	NaN	NaN	0	0	0	0	0	0	0	0	0	0	0	0	0	0	0	0	0	0	0	0	1	0	0	0	1	64.0	0.116	0.286	NaN	NaN	0.276	0.636	NaN	NaN	8.28	22.26	NaN	NaN	0.0	"2.5"	"F0034"	0	0	"PR"	659.14	"diffuse"	16.949	0	1	1	0.0	0.0	0.0	null	660.94	0.085
5.7	0.053625	1125.0	3000.0	2296.875	NaN	NaN	NaN	0	0	0	0	0	0	0	0	0	0	0	0	0	0	0	0	0	0	0	0	1	0	0	0	1	68.0	0.115	0.288	NaN	NaN	0.274	0.64	NaN	NaN	8.22	22.4	NaN	NaN	0.0	"2.5"	"F0034"	0	0	"PR"	669.175	"diffuse"	26.984	0	1	1	0.0	0.0	0.0	null	670.975	0.086
12.5	0.0539	29625.0	2850.0	2268.75	NaN	NaN	NaN	0	0	0	0	0	1	1	0	0	0	0	0	1	0	0	0	0	1	1	1	0	1	1	1	0	150.0	0.1	0.285	NaN	NaN	0.238	0.633	NaN	NaN	7.14	22.155	NaN	NaN	0.0	"2.5"	"F0034"	1	1	"PR"	679.1	"wash-en"	6.715	0	1	1	0.0	0.0	0.0	null	680.9	0.087
12.4	0.054725	28312.5	2850.0	2268.75	NaN	NaN	NaN	0	0	0	0	0	1	1	0	0	0	0	0	1	0	0	0	0	1	1	1	0	1	1	1	0	149.0	0.1	0.285	NaN	NaN	0.238	0.633	NaN	NaN	7.14	22.155	NaN	NaN	0.0	"2.5"	"F0034"	1	1	"PR"	689.138	"wash-en"	16.753	0	1	1	0.0	0.0	0.0	null	690.938	0.088
4.5	0.055275	30562.5	2821.875	2278.125	NaN	NaN	NaN	0	0	0	0	0	1	1	0	0	0	0	0	1	0	0	0	0	0	0	0	1	0	0	0	1	54.0	0.097	0.286	NaN	NaN	0.231	0.636	NaN	NaN	6.93	22.26	NaN	NaN	0.0	"2.5"	"F0034"	0	0	"PR"	699.064	"wash-sc"	6.512	0	1	1	0.0	0.0	0.0	null	700.864	0.087
4.8	0.055275	1125.0	3018.75	2278.125	NaN	NaN	NaN	0	0	0	0	0	0	0	0	0	0	0	0	0	0	0	0	0	0	0	0	1	0	0	0	1	58.0	0.117	0.286	NaN	NaN	0.279	0.636	NaN	NaN	8.37	22.26	NaN	NaN	0.0	"2.5"	"F0034"	0	0	"PR"	709.1	"diffuse"	6.424	0	1	2	0.0	0.0	0.0	null	710.9	0.09
4.6	0.0561	1312.5	3018.75	2287.5	NaN	NaN	NaN	0	0	0	0	0	0	0	0	0	0	0	0	0	0	0	0	0	0	0	0	1	0	0	0	1	55.0	0.117	0.287	NaN	NaN	0.279	0.638	NaN	NaN	8.37	22.33	NaN	NaN	0.0	"2.5"	"F0034"	0	0	"PR"	719.142	"diffuse"	16.466	0	1	2	0.0	0.0	0.0	null	720.942	0.089
4.7	0.05555	1875.0	3018.75	2278.125	NaN	NaN	NaN	0	0	0	0	0	0	0	0	0	0	0	0	0	0	0	0	0	0	0	0	1	0	0	0	1	56.0	0.117	0.286	NaN	NaN	0.279	0.636	NaN	NaN	8.37	22.26	NaN	NaN	0.0	"2.5"	"F0034"	0	0	"PR"	729.172	"diffuse"	26.496	0	1	2	0.0	0.0	0.0	null	730.972	0.09
12.1	0.055275	29625.0	2850.0	2268.75	NaN	NaN	NaN	0	0	0	0	0	1	1	0	0	0	0	0	1	0	0	0	0	1	1	1	0	1	1	1	0	145.0	0.1	0.285	NaN	NaN	0.238	0.633	NaN	NaN	7.14	22.155	NaN	NaN	0.0	"2.5"	"F0034"	1	1	"PR"	739.094	"wash-en"	6.311	0	1	2	0.0	0.0	0.0	null	740.894	0.09
12.7	0.055825	29625.0	2821.875	2268.75	NaN	NaN	NaN	0	0	0	0	0	1	1	0	0	0	0	0	1	0	0	0	0	1	1	1	0	1	1	1	0	152.0	0.097	0.285	NaN	NaN	0.231	0.633	NaN	NaN	6.93	22.155	NaN	NaN	0.0	"2.5"	"F0034"	1	1	"PR"	749.134	"wash-en"	16.351	0	1	2	0.0	0.0	0.0	null	750.934	0.091
4.0	0.05665	30187.5	2878.125	2278.125	NaN	NaN	NaN	0	0	0	0	0	1	1	0	0	0	0	0	1	0	0	0	0	0	0	0	1	0	0	0	1	48.0	0.103	0.286	NaN	NaN	0.245	0.636	NaN	NaN	7.35	22.26	NaN	NaN	0.0	"2.5"	"F0034"	0	0	"PR"	759.259	"wash-sc"	6.311	0	1	2	0.0	0.0	0.0	null	761.059	0.084
3.9	0.0572	937.5	3009.375	2278.125	NaN	NaN	NaN	0	0	0	0	0	0	0	0	0	0	0	0	0	0	0	0	0	0	0	0	1	0	0	0	1	47.0	0.116	0.286	NaN	NaN	0.276	0.636	NaN	NaN	8.28	22.26	NaN	NaN	0.0	"2.5"	"F0034"	0	0	"PR"	769.295	"diffuse"	6.224	0	1	3	0.0	0.0	0.0	null	771.095	0.083
4.2	0.056375	1500.0	3009.375	2278.125	NaN	NaN	NaN	0	0	0	0	0	0	0	0	0	0	0	0	0	0	0	0	0	0	0	0	1	0	0	0	1	50.0	0.116	0.286	NaN	NaN	0.276	0.636	NaN	NaN	8.28	22.26	NaN	NaN	0.0	"2.5"	"F0034"	0	0	"PR"	779.135	"diffuse"	16.064	0	1	3	0.0	0.0	0.0	null	780.935	0.091
4.0	0.056925	2625.0	3018.75	2306.25	NaN	NaN	NaN	0	0	0	0	0	0	0	0	0	0	0	0	0	0	0	0	0	0	0	0	1	0	0	0	1	48.0	0.117	0.289	NaN	NaN	0.279	0.642	NaN	NaN	8.37	22.47	NaN	NaN	0.0	"2.5"	"F0034"	0	0	"PR"	789.167	"diffuse"	26.096	0	1	3	0.0	0.0	0.0	null	790.967	0.087
12.8	0.05665	29812.5	2896.875	2268.75	NaN	NaN	NaN	0	0	0	0	0	1	1	0	0	0	0	0	1	0	0	0	0	1	1	1	0	1	1	1	0	154.0	0.105	0.285	NaN	NaN	0.25	0.633	NaN	NaN	7.5	22.155	NaN	NaN	0.0	"2.5"	"F0034"	1	1	"PR"	799.295	"wash-en"	6.11	0	1	3	0.0	0.0	0.0	null	801.095	0.09
13.1	0.0572	30000.0	2840.625	2278.125	NaN	NaN	NaN	0	0	0	0	0	1	1	0	0	0	0	0	1	0	0	0	0	1	1	1	0	1	1	1	0	157.0	0.099	0.286	NaN	NaN	0.236	0.636	NaN	NaN	7.08	22.26	NaN	NaN	0.0	"2.5"	"F0034"	1	1	"PR"	809.334	"wash-en"	16.149	0	1	3	0.0	0.0	0.0	null	811.134	0.092
3.7	0.0572	29812.5	2887.5	2268.75	NaN	NaN	NaN	0	0	0	0	0	1	1	0	0	0	0	0	1	0	0	0	0	0	0	0	1	0	0	0	1	44.0	0.104	0.285	NaN	NaN	0.248	0.633	NaN	NaN	7.44	22.155	NaN	NaN	0.0	"2.5"	"F0034"	0	0	"PR"	819.258	"wash-sc"	5.91	0	1	3	0.0	0.0	0.0	null	821.058	0.09
3.9	0.056925	1125.0	3018.75	2296.875	NaN	NaN	NaN	0	0	0	0	0	0	0	0	0	0	0	0	0	0	0	0	0	0	0	0	1	0	0	0	1	47.0	0.117	0.288	NaN	NaN	0.279	0.64	NaN	NaN	8.37	22.4	NaN	NaN	0.0	"2.5"	"F0034"	0	0	"PR"	829.294	"diffuse"	5.823	0	1	4	0.0	0.0	0.0	null	831.094	0.089
3.5	0.05775	1875.0	3009.375	2287.5	NaN	NaN	NaN	0	0	0	0	0	0	0	0	0	0	0	0	0	0	0	0	0	0	0	0	1	0	0	0	1	42.0	0.116	0.287	NaN	NaN	0.276	0.638	NaN	NaN	8.28	22.33	NaN	NaN	0.0	"2.5"	"F0034"	0	0	"PR"	839.334	"diffuse"	15.863	0	1	4	0.0	0.0	0.0	null	841.134	0.092
3.9	0.0572	2250.0	3009.375	2278.125	NaN	NaN	NaN	0	0	0	0	0	0	0	0	0	0	0	0	0	0	0	0	0	0	0	0	1	0	0	0	1	47.0	0.116	0.286	NaN	NaN	0.276	0.636	NaN	NaN	8.28	22.26	NaN	NaN	0.0	"2.5"	"F0034"	0	0	"PR"	849.37	"diffuse"	25.899	0	1	4	0.0	0.0	0.0	null	851.17	0.089
11.3	0.056925	30000.0	2803.125	2278.125	NaN	NaN	NaN	0	0	0	0	0	1	1	0	0	0	0	0	1	0	0	0	0	1	1	1	0	1	1	1	0	136.0	0.095	0.286	NaN	NaN	0.226	0.636	NaN	NaN	6.78	22.26	NaN	NaN	0.0	"2.5"	"F0034"	1	1	"PR"	859.291	"wash-en"	5.706	0	1	4	0.0	0.0	0.0	null	861.091	0.089
12.9	0.057475	29625.0	2840.625	2278.125	NaN	NaN	NaN	0	0	0	0	0	1	1	0	0	0	0	0	1	0	0	0	0	1	1	1	0	1	1	1	0	155.0	0.099	0.286	NaN	NaN	0.236	0.636	NaN	NaN	7.08	22.26	NaN	NaN	0.0	"2.5"	"F0034"	1	1	"PR"	869.333	"wash-en"	15.748	0	1	4	0.0	0.0	0.0	null	871.133	0.092
2.8	0.05775	29250.0	2850.0	2278.125	NaN	NaN	NaN	0	0	0	0	0	1	1	0	0	0	0	0	1	0	0	0	0	0	0	0	1	0	0	0	1	34.0	0.1	0.286	NaN	NaN	0.238	0.636	NaN	NaN	7.14	22.26	NaN	NaN	0.0	"2.5"	"F0034"	0	0	"PR"	879.257	"wash-sc"	5.508	0	1	4	0.0	0.0	0.0	null	881.057	0.086
3.2	0.058025	-375.0	2625.0	2296.875	NaN	NaN	NaN	0	0	0	0	1	0	0	0	0	0	0	0	0	0	0	0	0	0	0	0	1	0	0	0	1	38.0	0.078	0.288	NaN	NaN	0.186	0.64	NaN	NaN	5.58	22.4	NaN	NaN	0.0	"2.5"	"F0034"	0	0	"PR"	889.293	"drain-rg"	5.42	0	1	4	0.0	0.0	0.0	null	891.093	0.086
1.3	0.057475	-937.5	2296.875	2278.125	NaN	NaN	NaN	0	0	0	0	1	0	0	0	0	0	0	0	0	0	0	0	0	0	0	0	1	0	0	0	1	16.0	0.045	0.286	NaN	NaN	0.107	0.636	NaN	NaN	3.21	22.26	NaN	NaN	0.0	"2.5"	"F0034"	0	0	"PR"	899.333	"drain-rg"	15.46	0	1	4	0.0	0.0	0.0	null	901.133	0.093
2.8	0.0583	0.0	1884.375	2278.125	NaN	NaN	NaN	0	0	0	0	1	0	0	0	0	0	0	0	0	0	0	0	0	0	0	0	1	0	0	0	1	34.0	0.003	0.286	NaN	NaN	0.007	0.636	NaN	NaN	0.21	22.26	NaN	NaN	0.0	"2.5"	"F0034"	0	0	"PR"	909.368	"drain-rg"	25.495	0	1	4	0.0	0.0	0.0	null	911.168	0.089
3.2	0.05775	375.0	1406.25	2278.125	NaN	NaN	NaN	0	0	0	0	1	0	0	0	0	0	0	0	0	0	0	0	0	0	0	0	1	0	0	0	1	38.0	-0.044	0.286	NaN	NaN	-0.105	0.636	NaN	NaN	-3.15	22.26	NaN	NaN	0.0	"2.5"	"F0034"	0	0	"PR"	919.405	"drip-rg"	8.431	0	1	4	0.0	0.0	0.0	null	921.205	0.086
3.0	0.057475	27937.5	1171.875	2240.625	NaN	NaN	NaN	0	0	1	0	0	1	0	0	0	0	0	0	1	0	0	0	0	0	0	0	1	0	0	0	1	36.0	-0.068	0.282	NaN	NaN	-0.162	0.627	NaN	NaN	-4.86	21.945	NaN	NaN	0.0	"2.5"	"F0034"	0	0	"FR"	2.626	"fill-rg-di"	2.425	1	1	0	928.031	0.0	0.0	null	931.281	0.09
3.5	0.056925	28500.0	2025.0	1987.5	NaN	NaN	NaN	0	0	1	0	0	1	0	0	0	0	0	0	1	0	0	0	0	0	0	0	1	0	0	0	1	42.0	0.018	0.257	NaN	NaN	0.043	0.571	NaN	NaN	1.29	19.985	NaN	NaN	0.0	"2.5"	"F0034"	0	0	"FR"	12.463	"fill-rg-di"	12.262	1	1	0	928.031	0.0	0.0	null	941.118	0.087
2.6	0.055	30000.0	2353.125	1734.375	NaN	NaN	NaN	0	0	1	0	0	1	0	0	0	0	0	0	1	0	0	0	0	0	0	0	1	0	0	0	1	31.0	0.05	0.231	NaN	NaN	0.119	0.513	NaN	NaN	3.57	17.955	NaN	NaN	0.0	"2.5"	"F0034"	0	0	"FR"	22.504	"fill-rg-di"	22.303	1	1	0	928.031	0.0	0.0	null	951.159	0.086
3.4	0.0528	28875.0	2643.75	1490.625	NaN	NaN	NaN	0	0	1	0	0	1	0	0	0	0	0	0	1	0	0	0	0	0	0	0	1	0	0	0	1	41.0	0.079	0.207	NaN	NaN	0.188	0.46	NaN	NaN	5.64	16.1	NaN	NaN	0.0	"2.5"	"F0034"	0	0	"FR"	32.536	"fill-rg-di"	32.335	1	1	0	928.031	0.0	0.0	null	961.191	0.086
2.8	0.0517	30000.0	2953.125	1256.25	NaN	NaN	NaN	0	0	1	0	0	1	0	0	0	0	0	0	1	0	0	0	0	0	0	0	1	0	0	0	1	34.0	0.11	0.184	NaN	NaN	0.262	0.409	NaN	NaN	7.86	14.315	NaN	NaN	0.0	"2.5"	"F0034"	0	0	"FR"	42.574	"fill-rg-di"	42.373	1	1	0	928.031	0.0	0.0	null	971.229	0.088
2.8	0.0495	30375.0	3103.125	984.375	NaN	NaN	NaN	0	0	0	0	1	0	0	0	0	0	0	0	0	0	0	0	0	0	0	0	1	0	0	0	1	34.0	0.125	0.156	NaN	NaN	0.298	0.347	NaN	NaN	8.94	12.145	NaN	NaN	0.0	"2.5"	"F0034"	0	0	"FR"	52.61	"drain-rg"	0.201	1	1	0	928.031	0.0	0.0	null	981.265	0.167
3.0	0.04895	-3375.0	2681.25	993.75	NaN	NaN	NaN	0	0	0	0	1	0	0	0	0	0	0	0	0	0	0	0	0	0	0	0	1	0	0	0	1	36.0	0.083	0.157	NaN	NaN	0.198	0.349	NaN	NaN	5.94	12.215	NaN	NaN	0.0	"2.5"	"F0034"	0	0	"FR"	62.65	"drain-rg"	10.241	1	1	0	928.031	0.0	0.0	null	991.305	0.09
3.5	0.049225	-4500.0	2343.75	993.75	NaN	NaN	NaN	0	0	0	0	1	0	0	0	0	0	0	0	0	0	0	0	0	0	0	0	1	0	0	0	1	42.0	0.049	0.157	NaN	NaN	0.117	0.349	NaN	NaN	3.51	12.215	NaN	NaN	0.0	"2.5"	"F0034"	0	0	"FR"	72.691	"drain-rg"	20.282	1	1	0	928.031	0.0	0.0	null	1001.346	0.09
3.0	0.049775	-5062.5	1978.125	993.75	NaN	NaN	NaN	0	0	0	0	1	0	0	0	0	0	0	0	0	0	0	0	0	0	0	0	1	0	0	0	1	36.0	0.013	0.157	NaN	NaN	0.031	0.349	NaN	NaN	0.93	12.215	NaN	NaN	0.0	"2.5"	"F0034"	0	0	"FR"	82.726	"drain-rg"	30.317	1	1	0	928.031	0.0	0.0	null	1011.381	0.09
2.9	0.048675	-5812.5	1537.5	1003.125	NaN	NaN	NaN	0	0	0	0	1	0	0	0	0	0	0	0	0	0	0	0	0	0	0	0	1	0	0	0	1	35.0	-0.031	0.158	NaN	NaN	-0.074	0.351	NaN	NaN	-2.22	12.285	NaN	NaN	0.0	"2.5"	"F0034"	0	0	"FR"	92.56	"drip-rg"	6.019	1	1	0	928.031	0.0	0.0	null	1021.215	0.083
3.1	0.049775	-7312.5	9.375	993.75	NaN	NaN	NaN	0	0	0	0	0	0	0	0	0	0	0	0	0	0	0	0	0	0	0	0	1	0	0	0	1	37.0	-0.184	0.157	NaN	NaN	-0.438	0.349	NaN	NaN	-13.14	12.215	NaN	NaN	0.0	"2.5"	"F0034"	0	0	"PR"	0.201	"begin"	0.201	1	0	0	928.031	0.0	1030.449	null	1031.271	0.101
3.3	0.049225	30000.0	1912.5	759.375	NaN	NaN	NaN	0	0	1	0	0	1	0	0	0	0	0	0	1	0	0	0	0	0	0	0	1	0	0	0	1	40.0	0.006	0.134	NaN	NaN	0.014	0.298	NaN	NaN	0.42	10.43	NaN	NaN	0.0	"2.5"	"F0034"	0	0	"PR"	10.26	"fill-rg-di"	10.059	1	0	0	928.031	0.0	1030.449	null	1041.33	0.089
1.0	0.048125	30750.0	2278.125	496.875	NaN	NaN	NaN	0	0	1	0	0	1	0	0	0	0	0	0	1	0	0	0	0	0	0	0	1	0	0	0	1	12.0	0.043	0.108	NaN	NaN	0.102	0.24	NaN	NaN	3.06	8.4	NaN	NaN	0.0	"2.5"	"F0034"	0	0	"PR"	20.293	"fill-rg-di"	20.092	1	0	0	928.031	0.0	1030.449	null	1051.363	0.085
3.5	0.04675	30000.0	2587.5	253.125	NaN	NaN	NaN	0	0	1	0	0	1	0	0	0	0	0	0	1	0	0	0	0	0	0	0	1	0	0	0	1	42.0	0.074	0.083	NaN	NaN	0.176	0.184	NaN	NaN	5.28	6.44	NaN	NaN	0.0	"2.5"	"F0034"	0	0	"PR"	30.328	"fill-rg-di"	30.127	1	0	0	928.031	0.0	1030.449	null	1061.398	0.086
