cur	ec	mod-ps	rg-ps	di-ps	fw1-ps	fw2-ps	pf-ps	vlv-di-fill	vlv-di-in	vlv-di-out	vlv-rg-fill	vlv-rg-drain	vlv-rg-in	vlv-rg-out	vlv-fw1-in	vlv-fw1-out	vlv-fw2-in	vlv-po	vlv-mod-drain	pmp-sys	pmp-di	pmp-fw1	pmp-fw2	uv	en-anode1	en-cath1	pl-anode1	pl-cath1	en-anode2	en-cath2	pl-anode2	pl-cath2	pw	rg-he	di-he	fw1-he	fw2-he	rg-lev	di-lev	fw1-lev	fw2-lev	rg-vol	di-vol	fw1-vol	fw2-vol	pr-ec	ver	sn	mod-en	mod-pl	proc	proc-time	ph	ph-time	count	cyc	rnd	pr-last	rc-last	fr-last	halt-re	time	exec
2.4	0.048125	20062.5	2812.5	2334.375	NaN	NaN	NaN	0	0	0	0	0	1	1	0	0	0	0	0	1	0	0	0	0	0	0	0	1	0	0	0	1	29.0	0.096	0.291	NaN	NaN	0.229	0.647	NaN	NaN	6.87	22.645	NaN	NaN	0.0	"2.5"	"F0034"	0	0	"PR"	8.247	"prime"	7.427	0	0	0	0.0	0.0	0.0	null	10.047	0.086
2.4	0.048125	20062.5	2812.5	2334.375	NaN	NaN	NaN	0	0	0	0	0	1	1	0	0	0	0	0	1	0	0	0	0	0	0	0	1	0	0	0	1	29.0	0.096	0.291	NaN	NaN	0.229	0.647	NaN	NaN	6.87	22.645	NaN	NaN	0.0	"2.5"	"F0034"	0	0	"PR"	8.247	"prime"	7.427	0	0	0	0.0	0.0	0.0	null	10.047	0.086
2.1	0.049775	20812.5	2803.125	2315.625	NaN	NaN	NaN	0	0	0	0	0	1	1	0	0	0	0	0	1	0	0	0	0	0	0	0	1	0	0	0	1	25.0	0.095	0.29	NaN	NaN	0.226	0.644	NaN	NaN	6.78	22.54	NaN	NaN	0.0	"2.5"	"F0034"	0	0	"PR"	18.289	"prime"	17.469	0	0	0	0.0	0.0	0.0	null	20.089	0.092
3.1	0.0495	20625.0	2821.875	2325.0	NaN	NaN	NaN	0	0	0	0	0	1	1	0	0	0	0	0	1	0	0	0	0	0	0	0	1	0	0	0	1	37.0	0.097	0.291	NaN	NaN	0.231	0.647	NaN	NaN	6.93	22.645	NaN	NaN	0.0	"2.5"	"F0034"	0	0	"PR"	28.326	"prime"	27.506	0	0	0	0.0	0.0	0.0	null	30.126	0.089
-12.6	0.049225	27562.5	2981.25	2625.0	NaN	NaN	NaN	0	1	1	0	0	0	0	0	0	0	0	0	1	0	0	0	0	1	1	0	1	1	1	0	1	-151.0	0.113	0.321	NaN	NaN	0.269	0.713	NaN	NaN	8.07	24.955	NaN	NaN	0.0	"2.5"	"F0034"	1	0	"PR"	38.361	"deionize"	7.024	0	1	0	0.0	0.0	0.0	null	40.161	0.091
-12.0	0.047575	27187.5	2934.375	2596.875	NaN	NaN	NaN	0	1	1	0	0	0	0	0	0	0	0	0	1	0	0	0	0	1	1	0	1	1	1	0	1	-144.0	0.108	0.318	NaN	NaN	0.257	0.707	NaN	NaN	7.71	24.745	NaN	NaN	0.0	"2.5"	"F0034"	1	0	"PR"	48.401	"deionize"	17.064	0	1	0	0.0	0.0	0.0	null	50.201	0.091
-13.8	0.046475	28500.0	2981.25	2550.0	NaN	NaN	NaN	0	1	1	0	0	0	0	0	0	0	0	0	1	0	0	0	0	1	1	0	1	1	1	0	1	-166.0	0.113	0.313	NaN	NaN	0.269	0.696	NaN	NaN	8.07	24.36	NaN	NaN	0.0	"2.5"	"F0034"	1	0	"PR"	58.438	"deionize"	27.101	0	1	0	0.0	0.0	0.0	null	60.238	0.084
-11.7	0.04565	30000.0	2971.875	2615.625	NaN	NaN	NaN	0	1	1	0	0	0	0	0	0	0	0	0	1	0	0	0	0	1	1	0	1	1	1	0	1	-140.0	0.112	0.32	NaN	NaN	0.267	0.711	NaN	NaN	8.01	24.885	NaN	NaN	0.0	"2.5"	"F0034"	1	0	"PR"	68.476	"deionize"	37.139	0	1	0	0.0	0.0	0.0	null	70.276	0.084
-11.6	0.044	28500.0	2981.25	2606.25	NaN	NaN	NaN	0	1	1	0	0	0	0	0	0	0	0	0	1	0	0	0	0	1	1	0	1	1	1	0	1	-139.0	0.113	0.319	NaN	NaN	0.269	0.709	NaN	NaN	8.07	24.815	NaN	NaN	0.0	"2.5"	"F0034"	1	0	"PR"	78.518	"deionize"	47.181	0	1	0	0.0	0.0	0.0	null	80.318	0.084
-12.0	0.0418	27000.0	2971.875	2587.5	NaN	NaN	NaN	0	1	1	0	0	0	0	0	0	0	0	0	1	0	0	0	0	1	1	0	1	1	1	0	1	-144.0	0.112	0.317	NaN	NaN	0.267	0.704	NaN	NaN	8.01	24.64	NaN	NaN	0.0	"2.5"	"F0034"	1	0	"PR"	88.354	"deionize"	57.017	0	1	0	0.0	0.0	0.0	null	90.154	0.09
-11.5	0.040425	29250.0	2981.25	2587.5	NaN	NaN	NaN	0	1	1	0	0	0	0	0	0	0	0	0	1	0	0	0	0	1	1	0	1	1	1	0	1	-138.0	0.113	0.317	NaN	NaN	0.269	0.704	NaN	NaN	8.07	24.64	NaN	NaN	0.0	"2.5"	"F0034"	1	0	"PR"	98.395	"deionize"	67.058	0	1	0	0.0	0.0	0.0	null	100.195	0.093
-11.3	0.038225	26250.0	2981.25	2512.5	NaN	NaN	NaN	0	1	1	0	0	0	0	0	0	0	0	0	1	0	0	0	0	1	1	0	1	1	1	0	1	-136.0	0.113	0.309	NaN	NaN	0.269	0.687	NaN	NaN	8.07	24.045	NaN	NaN	0.0	"2.5"	"F0034"	1	0	"PR"	108.429	"deionize"	77.092	0	1	0	0.0	0.0	0.0	null	110.229	0.09
-12.1	0.037125	26812.5	2971.875	2475.0	NaN	NaN	NaN	0	1	1	0	0	0	0	0	0	0	0	0	1	0	0	0	0	1	1	0	1	1	1	0	1	-145.0	0.112	0.305	NaN	NaN	0.267	0.678	NaN	NaN	8.01	23.73	NaN	NaN	0.0	"2.5"	"F0034"	1	0	"PR"	118.468	"deionize"	87.131	0	1	0	0.0	0.0	0.0	null	120.268	0.09
-11.9	0.036025	27000.0	2990.625	2512.5	NaN	NaN	NaN	0	1	1	0	0	0	0	0	0	0	0	0	1	0	0	0	0	1	1	0	1	1	1	0	1	-143.0	0.114	0.309	NaN	NaN	0.271	0.687	NaN	NaN	8.13	24.045	NaN	NaN	0.0	"2.5"	"F0034"	1	0	"PR"	128.506	"deionize"	97.169	0	1	0	0.0	0.0	0.0	null	130.306	0.091
-9.8	0.03465	30000.0	2971.875	2512.5	NaN	NaN	NaN	0	1	1	0	0	0	0	0	0	0	0	0	1	0	0	0	0	1	1	0	1	1	1	0	1	-118.0	0.112	0.309	NaN	NaN	0.267	0.687	NaN	NaN	8.01	24.045	NaN	NaN	0.0	"2.5"	"F0034"	1	0	"PR"	138.542	"deionize"	107.205	0	1	0	0.0	0.0	0.0	null	140.342	0.09
-11.5	0.033825	29250.0	2981.25	2465.625	NaN	NaN	NaN	0	1	1	0	0	0	0	0	0	0	0	0	1	0	0	0	0	1	1	0	1	1	1	0	1	-138.0	0.113	0.305	NaN	NaN	0.269	0.678	NaN	NaN	8.07	23.73	NaN	NaN	0.0	"2.5"	"F0034"	1	0	"PR"	148.577	"deionize"	117.24	0	1	0	0.0	0.0	0.0	null	150.377	0.091
-11.0	0.033275	27750.0	2981.25	2484.375	NaN	NaN	NaN	0	1	1	0	0	0	0	0	0	0	0	0	1	0	0	0	0	1	1	0	1	1	1	0	1	-132.0	0.113	0.306	NaN	NaN	0.269	0.68	NaN	NaN	8.07	23.8	NaN	NaN	0.0	"2.5"	"F0034"	1	0	"PR"	158.617	"deionize"	127.28	0	1	0	0.0	0.0	0.0	null	160.417	0.09
-12.6	0.03245	26062.5	2981.25	2521.875	NaN	NaN	NaN	0	1	1	0	0	0	0	0	0	0	0	0	1	0	0	0	0	1	1	0	1	1	1	0	1	-151.0	0.113	0.31	NaN	NaN	0.269	0.689	NaN	NaN	8.07	24.115	NaN	NaN	0.0	"2.5"	"F0034"	1	0	"PR"	168.453	"deionize"	137.116	0	1	0	0.0	0.0	0.0	null	170.253	0.086
-11.0	0.032175	27000.0	2981.25	2475.0	NaN	NaN	NaN	0	1	1	0	0	0	0	0	0	0	0	0	1	0	0	0	0	1	1	0	1	1	1	0	1	-132.0	0.113	0.305	NaN	NaN	0.269	0.678	NaN	NaN	8.07	23.73	NaN	NaN	0.0	"2.5"	"F0034"	1	0	"PR"	178.491	"deionize"	147.154	0	1	0	0.0	0.0	0.0	null	180.291	0.092
-10.6	0.031075	28687.5	2990.625	2437.5	NaN	NaN	NaN	0	1	1	0	0	0	0	0	0	0	0	0	1	0	0	0	0	1	1	0	1	1	1	0	1	-127.0	0.114	0.302	NaN	NaN	0.271	0.671	NaN	NaN	8.13	23.485	NaN	NaN	0.0	"2.5"	"F0034"	1	0	"PR"	188.525	"deionize"	157.188	0	1	0	0.0	0.0	0.0	null	190.325	0.087
-10.4	0.030525	30375.0	2981.25	2503.125	NaN	NaN	NaN	0	1	1	0	0	0	0	0	0	0	0	0	1	0	0	0	0	1	1	0	1	1	1	0	1	-125.0	0.113	0.308	NaN	NaN	0.269	0.684	NaN	NaN	8.07	23.94	NaN	NaN	0.0	"2.5"	"F0034"	1	0	"PR"	198.56	"deionize"	167.223	0	1	0	0.0	0.0	0.0	null	200.36	0.087
-10.7	0.031075	29250.0	2953.125	2493.75	NaN	NaN	NaN	0	1	1	0	0	0	0	0	0	0	0	0	1	0	0	0	0	1	1	0	1	1	1	0	1	-128.0	0.11	0.307	NaN	NaN	0.262	0.682	NaN	NaN	7.86	23.87	NaN	NaN	0.0	"2.5"	"F0034"	1	0	"PR"	208.599	"deionize"	177.262	0	1	0	0.0	0.0	0.0	null	210.399	0.091
-10.3	0.0297	27000.0	2971.875	2493.75	NaN	NaN	NaN	0	1	1	0	0	0	0	0	0	0	0	0	1	0	0	0	0	1	1	0	1	1	1	0	1	-124.0	0.112	0.307	NaN	NaN	0.267	0.682	NaN	NaN	8.01	23.87	NaN	NaN	0.0	"2.5"	"F0034"	1	0	"PR"	218.633	"deionize"	187.296	0	1	0	0.0	0.0	0.0	null	220.433	0.087
-9.7	0.02915	26062.5	2971.875	2484.375	NaN	NaN	NaN	0	1	1	0	0	0	0	0	0	0	0	0	1	0	0	0	0	1	1	0	1	1	1	0	1	-116.0	0.112	0.306	NaN	NaN	0.267	0.68	NaN	NaN	8.01	23.8	NaN	NaN	0.0	"2.5"	"F0034"	1	0	"PR"	228.669	"deionize"	197.332	0	1	0	0.0	0.0	0.0	null	230.469	0.089
-9.8	0.029425	27000.0	2981.25	2456.25	NaN	NaN	NaN	0	1	1	0	0	0	0	0	0	0	0	0	1	0	0	0	0	1	1	0	1	1	1	0	1	-118.0	0.113	0.304	NaN	NaN	0.269	0.676	NaN	NaN	8.07	23.66	NaN	NaN	0.0	"2.5"	"F0034"	1	0	"PR"	238.707	"deionize"	207.37	0	1	0	0.0	0.0	0.0	null	240.507	0.091
-10.6	0.029425	29250.0	2971.875	2475.0	NaN	NaN	NaN	0	1	1	0	0	0	0	0	0	0	0	0	1	0	0	0	0	1	1	0	1	1	1	0	1	-127.0	0.112	0.305	NaN	NaN	0.267	0.678	NaN	NaN	8.01	23.73	NaN	NaN	0.0	"2.5"	"F0034"	1	0	"PR"	248.539	"deionize"	217.202	0	1	0	0.0	0.0	0.0	null	250.339	0.087
-10.0	0.0286	26812.5	3009.375	2446.875	NaN	NaN	NaN	0	1	1	0	0	0	0	0	0	0	0	0	1	0	0	0	0	1	1	0	1	1	1	0	1	-120.0	0.116	0.303	NaN	NaN	0.276	0.673	NaN	NaN	8.28	23.555	NaN	NaN	0.0	"2.5"	"F0034"	1	0	"PR"	258.569	"deionize"	227.232	0	1	0	0.0	0.0	0.0	null	260.369	0.087
-11.1	0.02805	27562.5	2990.625	2390.625	NaN	NaN	NaN	0	1	1	0	0	0	0	0	0	0	0	0	1	0	0	0	0	1	1	0	1	1	1	0	1	-133.0	0.114	0.297	NaN	NaN	0.271	0.66	NaN	NaN	8.13	23.1	NaN	NaN	0.0	"2.5"	"F0034"	1	0	"PR"	268.607	"deionize"	237.27	0	1	0	0.0	0.0	0.0	null	270.407	0.088
-9.5	0.028325	26812.5	2971.875	2456.25	NaN	NaN	NaN	0	1	1	0	0	0	0	0	0	0	0	0	1	0	0	0	1	1	1	0	1	1	1	0	1	-114.0	0.112	0.304	NaN	NaN	0.267	0.676	NaN	NaN	8.01	23.66	NaN	NaN	0.0	"2.5"	"F0034"	1	0	"PR"	278.753	"deionize-uv"	7.335	0	1	0	0.0	0.0	0.0	null	280.553	0.09
-9.2	0.02805	26812.5	2981.25	2475.0	NaN	NaN	NaN	0	1	1	0	0	0	0	0	0	0	0	0	1	0	0	0	1	1	1	0	1	1	1	0	1	-110.0	0.113	0.305	NaN	NaN	0.269	0.678	NaN	NaN	8.07	23.73	NaN	NaN	0.0	"2.5"	"F0034"	1	0	"PR"	288.591	"deionize-uv"	17.173	0	1	0	0.0	0.0	0.0	null	290.391	0.088
-9.6	0.02695	28500.0	2981.25	2446.875	NaN	NaN	NaN	0	1	1	0	0	0	0	0	0	0	0	0	1	0	0	0	1	1	1	0	1	1	1	0	1	-115.0	0.113	0.303	NaN	NaN	0.269	0.673	NaN	NaN	8.07	23.555	NaN	NaN	0.0	"2.5"	"F0034"	1	0	"PR"	298.627	"deionize-uv"	27.209	0	1	0	0.0	0.0	0.0	null	300.427	0.086
-8.7	0.02695	26250.0	3000.0	2428.125	NaN	NaN	NaN	0	1	1	0	0	0	0	0	0	0	0	0	1	0	0	0	1	1	1	0	1	1	1	0	1	-104.0	0.115	0.301	NaN	NaN	0.274	0.669	NaN	NaN	8.22	23.415	NaN	NaN	0.0	"2.5"	"F0034"	1	0	"PR"	308.666	"deionize-uv"	37.248	0	1	0	0.0	0.0	0.0	null	310.466	0.083
-8.8	0.02695	26812.5	2990.625	2418.75	NaN	NaN	NaN	0	1	1	0	0	0	0	0	0	0	0	0	1	0	0	0	1	1	1	0	1	1	1	0	1	-106.0	0.114	0.3	NaN	NaN	0.271	0.667	NaN	NaN	8.13	23.345	NaN	NaN	0.0	"2.5"	"F0034"	1	0	"PR"	318.707	"deionize-uv"	47.289	0	1	0	0.0	0.0	0.0	null	320.507	0.087
-8.8	0.0264	28687.5	2981.25	2475.0	NaN	NaN	NaN	0	1	1	0	0	0	0	0	0	0	0	0	1	0	0	0	1	1	1	0	1	1	1	0	1	-106.0	0.113	0.305	NaN	NaN	0.269	0.678	NaN	NaN	8.07	23.73	NaN	NaN	0.0	"2.5"	"F0034"	1	0	"PR"	328.746	"deionize-uv"	57.328	0	1	0	0.0	0.0	0.0	null	330.546	0.084
-8.8	0.0264	30000.0	2981.25	2465.625	NaN	NaN	NaN	0	1	1	0	0	0	0	0	0	0	0	0	1	0	0	0	1	1	1	0	1	1	1	0	1	-106.0	0.113	0.305	NaN	NaN	0.269	0.678	NaN	NaN	8.07	23.73	NaN	NaN	0.0	"2.5"	"F0034"	1	0	"PR"	338.779	"deionize-uv"	67.361	0	1	0	0.0	0.0	0.0	null	340.579	0.087
-7.9	0.025575	27375.0	2962.5	2418.75	NaN	NaN	NaN	0	1	1	0	0	0	0	0	0	0	0	0	1	0	0	0	1	1	1	0	1	1	1	0	1	-95.0	0.111	0.3	NaN	NaN	0.264	0.667	NaN	NaN	7.92	23.345	NaN	NaN	0.0	"2.5"	"F0034"	1	0	"PR"	348.824	"deionize-uv"	77.406	0	1	0	0.0	0.0	0.0	null	350.624	0.087
-8.8	0.02585	29250.0	2962.5	2437.5	NaN	NaN	NaN	0	1	1	0	0	0	0	0	0	0	0	0	1	0	0	0	1	1	1	0	1	1	1	0	1	-106.0	0.111	0.302	NaN	NaN	0.264	0.671	NaN	NaN	7.92	23.485	NaN	NaN	0.0	"2.5"	"F0034"	1	0	"PR"	358.66	"deionize-uv"	87.242	0	1	0	0.0	0.0	0.0	null	360.46	0.086
-11.0	0.025025	30000.0	2981.25	2456.25	NaN	NaN	NaN	0	1	1	0	0	0	0	0	0	0	0	0	1	0	0	0	1	1	1	0	1	1	1	0	1	-132.0	0.113	0.304	NaN	NaN	0.269	0.676	NaN	NaN	8.07	23.66	NaN	NaN	0.0	"2.5"	"F0034"	1	0	"PR"	368.699	"deionize-uv"	97.281	0	1	0	0.0	0.0	0.0	null	370.499	0.088
-8.5	0.025025	26812.5	3000.0	2484.375	NaN	NaN	NaN	0	1	1	0	0	0	0	0	0	0	0	0	1	0	0	0	1	1	1	0	1	1	1	0	1	-102.0	0.115	0.306	NaN	NaN	0.274	0.68	NaN	NaN	8.22	23.8	NaN	NaN	0.0	"2.5"	"F0034"	1	0	"PR"	378.737	"deionize-uv"	107.319	0	1	0	0.0	0.0	0.0	null	380.537	0.085
-8.4	0.024475	26437.5	2962.5	2437.5	NaN	NaN	NaN	0	1	1	0	0	0	0	0	0	0	0	0	1	0	0	0	1	1	1	0	1	1	1	0	1	-101.0	0.111	0.302	NaN	NaN	0.264	0.671	NaN	NaN	7.92	23.485	NaN	NaN	0.0	"2.5"	"F0034"	1	0	"PR"	388.776	"deionize-uv"	117.358	0	1	0	0.0	0.0	0.0	null	390.576	0.083
-8.5	0.024475	20625.0	2971.875	1968.75	NaN	NaN	NaN	0	0	1	0	0	0	0	1	0	0	0	0	1	0	0	0	1	1	1	0	1	1	1	0	1	-102.0	0.112	0.255	NaN	NaN	0.267	0.567	NaN	NaN	8.01	19.845	NaN	NaN	0.0	"2.5"	"F0034"	1	0	"PR"	398.741	"drain-di-1"	7.151	0	1	0	0.0	0.0	0.0	null	400.541	0.086
-8.0	0.024475	19875.0	2971.875	1678.125	NaN	NaN	NaN	0	0	1	0	0	0	0	1	0	0	0	0	1	0	0	0	1	1	1	0	1	1	1	0	1	-96.0	0.112	0.226	NaN	NaN	0.267	0.502	NaN	NaN	8.01	17.57	NaN	NaN	0.0	"2.5"	"F0034"	1	0	"PR"	408.775	"drain-di-1"	17.185	0	1	0	0.0	0.0	0.0	null	410.575	0.084
-8.4	0.024475	18750.0	2971.875	1425.0	NaN	NaN	NaN	0	0	1	0	0	0	0	1	0	0	0	0	1	0	0	0	1	1	1	0	1	1	1	0	1	-101.0	0.112	0.2	NaN	NaN	0.267	0.444	NaN	NaN	8.01	15.54	NaN	NaN	0.0	"2.5"	"F0034"	1	0	"PR"	418.815	"drain-di-1"	27.225	0	1	0	0.0	0.0	0.0	null	420.615	0.084
-7.8	0.023925	20062.5	2971.875	1153.125	NaN	NaN	NaN	0	0	1	0	0	0	0	1	0	0	0	0	1	0	0	0	1	1	1	0	1	1	1	0	1	-94.0	0.112	0.173	NaN	NaN	0.267	0.384	NaN	NaN	8.01	13.44	NaN	NaN	0.0	"2.5"	"F0034"	1	0	"PR"	428.852	"drain-di-1"	37.262	0	1	0	0.0	0.0	0.0	null	430.652	0.084
-9.2	0.023925	19687.5	2981.25	909.375	NaN	NaN	NaN	0	0	1	0	0	0	0	1	0	0	0	0	1	0	0	0	1	1	1	0	1	1	1	0	1	-110.0	0.113	0.149	NaN	NaN	0.269	0.331	NaN	NaN	8.07	11.585	NaN	NaN	0.0	"2.5"	"F0034"	1	0	"PR"	438.894	"drain-di-1"	47.304	0	1	0	0.0	0.0	0.0	null	440.694	0.089
-8.0	0.023375	21000.0	2981.25	665.625	NaN	NaN	NaN	0	0	1	0	0	0	0	1	0	0	0	0	1	0	0	0	1	1	1	0	1	1	1	0	1	-96.0	0.113	0.125	NaN	NaN	0.269	0.278	NaN	NaN	8.07	9.73	NaN	NaN	0.0	"2.5"	"F0034"	1	0	"PR"	448.928	"drain-di-1"	57.338	0	1	0	0.0	0.0	0.0	null	450.728	0.087
-9.0	0.023375	21937.5	2962.5	403.125	NaN	NaN	NaN	0	0	1	0	0	0	0	1	0	0	0	0	1	0	0	0	1	1	1	0	1	1	1	0	1	-108.0	0.111	0.098	NaN	NaN	0.264	0.218	NaN	NaN	7.92	7.63	NaN	NaN	0.0	"2.5"	"F0034"	1	0	"PR"	458.964	"drain-di-1"	67.374	0	1	0	0.0	0.0	0.0	null	460.764	0.084
-8.3	0.023375	22312.5	2981.25	140.625	NaN	NaN	NaN	0	0	1	0	0	0	0	1	0	0	0	0	1	0	0	0	1	1	1	0	1	1	1	0	1	-100.0	0.113	0.072	NaN	NaN	0.269	0.16	NaN	NaN	8.07	5.6	NaN	NaN	0.0	"2.5"	"F0034"	1	0	"PR"	468.804	"drain-di-1"	77.214	0	1	0	0.0	0.0	0.0	null	470.604	0.085
-7.8	0.023925	21562.5	2981.25	-121.875	NaN	NaN	NaN	0	0	1	0	0	0	0	1	0	0	0	0	1	0	0	0	1	1	1	0	1	1	1	0	1	-94.0	0.113	0.046	NaN	NaN	0.269	0.102	NaN	NaN	8.07	3.57	NaN	NaN	0.0	"2.5"	"F0034"	1	0	"PR"	478.947	"drip-di-1"	7.132	0	1	0	0.0	0.0	0.0	null	480.747	0.087
12.6	0.023375	22312.5	2793.75	-46.875	NaN	NaN	NaN	1	0	0	0	0	1	1	0	0	0	0	0	1	1	0	0	0	1	1	1	0	1	1	1	0	151.0	0.094	0.053	NaN	NaN	0.224	0.118	NaN	NaN	6.72	4.13	NaN	NaN	0.0	"2.5"	"F0034"	1	1	"PR"	488.942	"reverse-f"	1.97	0	1	0	0.0	0.0	0.0	null	490.742	0.083
12.5	0.024475	21375.0	2803.125	243.75	NaN	NaN	NaN	1	0	0	0	0	1	1	0	0	0	0	0	1	1	0	0	0	1	1	1	0	1	1	1	0	150.0	0.095	0.082	NaN	NaN	0.226	0.182	NaN	NaN	6.78	6.37	NaN	NaN	0.0	"2.5"	"F0034"	1	1	"PR"	498.982	"reverse-f"	12.01	0	1	0	0.0	0.0	0.0	null	500.782	0.087
12.3	0.027225	21750.0	2784.375	515.625	NaN	NaN	NaN	1	0	0	0	0	1	1	0	0	0	0	0	1	1	0	0	0	1	1	1	0	1	1	1	0	148.0	0.093	0.11	NaN	NaN	0.221	0.244	NaN	NaN	6.63	8.54	NaN	NaN	0.0	"2.5"	"F0034"	1	1	"PR"	509.019	"reverse-f"	22.047	0	1	0	0.0	0.0	0.0	null	510.819	0.086
12.6	0.030525	19687.5	2765.625	834.375	NaN	NaN	NaN	1	0	0	0	0	1	1	0	0	0	0	0	1	1	0	0	0	1	1	1	0	1	1	1	0	151.0	0.092	0.141	NaN	NaN	0.219	0.313	NaN	NaN	6.57	10.955	NaN	NaN	0.0	"2.5"	"F0034"	1	1	"PR"	518.856	"reverse-f"	31.884	0	1	0	0.0	0.0	0.0	null	520.656	0.086
12.6	0.0341	19875.0	2784.375	1125.0	NaN	NaN	NaN	1	0	0	0	0	1	1	0	0	0	0	0	1	1	0	0	0	1	1	1	0	1	1	1	0	151.0	0.093	0.171	NaN	NaN	0.221	0.38	NaN	NaN	6.63	13.3	NaN	NaN	0.0	"2.5"	"F0034"	1	1	"PR"	528.897	"reverse-f"	41.925	0	1	0	0.0	0.0	0.0	null	530.697	0.085
12.6	0.037125	19875.0	2793.75	1453.125	NaN	NaN	NaN	1	0	0	0	0	1	1	0	0	0	0	0	1	1	0	0	0	1	1	1	0	1	1	1	0	151.0	0.094	0.203	NaN	NaN	0.224	0.451	NaN	NaN	6.72	15.785	NaN	NaN	0.0	"2.5"	"F0034"	1	1	"PR"	538.933	"reverse-f"	51.961	0	1	0	0.0	0.0	0.0	null	540.733	0.086
13.1	0.040425	21375.0	2784.375	1743.75	NaN	NaN	NaN	1	0	0	0	0	1	1	0	0	0	0	0	1	1	0	0	0	1	1	1	0	1	1	1	0	157.0	0.093	0.232	NaN	NaN	0.221	0.516	NaN	NaN	6.63	18.06	NaN	NaN	0.0	"2.5"	"F0034"	1	1	"PR"	548.97	"reverse-f"	61.998	0	1	0	0.0	0.0	0.0	null	550.77	0.084
12.6	0.043725	21000.0	2746.875	2053.125	NaN	NaN	NaN	1	0	0	0	0	1	1	0	0	0	0	0	1	1	0	0	0	1	1	1	0	1	1	1	0	151.0	0.09	0.263	NaN	NaN	0.214	0.584	NaN	NaN	6.42	20.44	NaN	NaN	0.0	"2.5"	"F0034"	1	1	"PR"	559.01	"reverse-f"	72.038	0	1	0	0.0	0.0	0.0	null	560.81	0.084
12.6	0.0462	21187.5	2784.375	2259.375	NaN	NaN	NaN	0	0	0	0	0	1	1	0	0	0	0	0	1	0	0	0	0	1	1	1	0	1	1	1	0	151.0	0.093	0.284	NaN	NaN	0.221	0.631	NaN	NaN	6.63	22.085	NaN	NaN	0.0	"2.5"	"F0034"	1	1	"PR"	568.958	"reverse"	81.986	0	1	0	0.0	0.0	0.0	null	570.758	0.083
12.9	0.046475	22500.0	2803.125	2296.875	NaN	NaN	NaN	0	0	0	0	0	1	1	0	0	0	0	0	1	0	0	0	0	1	1	1	0	1	1	1	0	155.0	0.095	0.288	NaN	NaN	0.226	0.64	NaN	NaN	6.78	22.4	NaN	NaN	0.0	"2.5"	"F0034"	1	1	"PR"	579.001	"reverse"	92.029	0	1	0	0.0	0.0	0.0	null	580.801	0.085
12.4	0.04785	20812.5	2803.125	2268.75	NaN	NaN	NaN	0	0	0	0	0	1	1	0	0	0	0	0	1	0	0	0	0	1	1	1	0	1	1	1	0	149.0	0.095	0.285	NaN	NaN	0.226	0.633	NaN	NaN	6.78	22.155	NaN	NaN	0.0	"2.5"	"F0034"	1	1	"PR"	589.041	"reverse"	102.069	0	1	0	0.0	0.0	0.0	null	590.841	0.086
12.6	0.0495	19687.5	2821.875	2240.625	NaN	NaN	NaN	0	0	0	0	0	1	1	0	0	0	0	0	1	0	0	0	0	1	1	1	0	1	1	1	0	151.0	0.097	0.282	NaN	NaN	0.231	0.627	NaN	NaN	6.93	21.945	NaN	NaN	0.0	"2.5"	"F0034"	1	1	"PR"	599.08	"reverse"	112.108	0	1	0	0.0	0.0	0.0	null	600.88	0.084
12.6	0.050325	19875.0	2793.75	2250.0	NaN	NaN	NaN	0	0	0	0	0	1	1	0	0	0	0	0	1	0	0	0	0	1	1	1	0	1	1	1	0	151.0	0.094	0.283	NaN	NaN	0.224	0.629	NaN	NaN	6.72	22.015	NaN	NaN	0.0	"2.5"	"F0034"	1	1	"PR"	609.119	"reverse"	122.147	0	1	0	0.0	0.0	0.0	null	610.919	0.083
12.7	0.051425	21750.0	2793.75	2250.0	NaN	NaN	NaN	0	0	0	0	0	1	1	0	0	0	0	0	1	0	0	0	0	1	1	1	0	1	1	1	0	152.0	0.094	0.283	NaN	NaN	0.224	0.629	NaN	NaN	6.72	22.015	NaN	NaN	0.0	"2.5"	"F0034"	1	1	"PR"	618.96	"reverse"	131.988	0	1	0	0.0	0.0	0.0	null	620.76	0.1
11.9	0.0517	21937.5	2775.0	2278.125	NaN	NaN	NaN	0	0	0	0	0	1	1	0	0	0	0	0	1	0	0	0	0	1	1	1	0	1	1	1	0	143.0	0.093	0.286	NaN	NaN	0.221	0.636	NaN	NaN	6.63	22.26	NaN	NaN	0.0	"2.5"	"F0034"	1	1	"PR"	629.001	"reverse"	142.029	0	1	0	0.0	0.0	0.0	null	630.801	0.092
4.4	0.051975	-1125.0	2981.25	2278.125	NaN	NaN	NaN	0	0	0	0	0	0	0	0	0	0	0	0	0	0	0	0	0	0	0	0	1	0	0	0	1	53.0	0.113	0.286	NaN	NaN	0.269	0.636	NaN	NaN	8.07	22.26	NaN	NaN	0.0	"2.5"	"F0034"	0	0	"PR"	639.129	"diffuse"	2.096	0	1	1	0.0	0.0	0.0	null	640.929	0.083
5.2	0.05225	750.0	2981.25	2296.875	NaN	NaN	NaN	0	0	0	0	0	0	0	0	0	0	0	0	0	0	0	0	0	0	0	0	1	0	0	0	1	62.0	0.113	0.288	NaN	NaN	0.269	0.64	NaN	NaN	8.07	22.4	NaN	NaN	0.0	"2.5"	"F0034"	0	0	"PR"	649.165	"diffuse"	12.132	0	1	1	0.0	0.0	0.0	null	650.965	0.083
4.4	0.052525	187.5	2981.25	2278.125	NaN	NaN	NaN	0	0	0	0	0	0	0	0	0	0	0	0	0	0	0	0	0	0	0	0	1	0	0	0	1	53.0	0.113	0.286	NaN	NaN	0.269	0.636	NaN	NaN	8.07	22.26	NaN	NaN	0.0	"2.5"	"F0034"	0	0	"PR"	659.005	"diffuse"	21.972	0	1	1	0.0	0.0	0.0	null	660.805	0.09
12.4	0.051975	18375.0	2812.5	2287.5	NaN	NaN	NaN	0	0	0	0	0	1	1	0	0	0	0	0	1	0	0	0	0	1	1	1	0	1	1	1	0	149.0	0.096	0.287	NaN	NaN	0.229	0.638	NaN	NaN	6.87	22.33	NaN	NaN	0.0	"2.5"	"F0034"	1	1	"PR"	669.134	"wash-en"	2.097	0	1	1	0.0	0.0	0.0	null	670.934	0.083
12.7	0.053075	20625.0	2784.375	2259.375	NaN	NaN	NaN	0	0	0	0	0	1	1	0	0	0	0	0	1	0	0	0	0	1	1	1	0	1	1	1	0	152.0	0.093	0.284	NaN	NaN	0.221	0.631	NaN	NaN	6.63	22.085	NaN	NaN	0.0	"2.5"	"F0034"	1	1	"PR"	679.17	"wash-en"	12.133	0	1	1	0.0	0.0	0.0	null	680.97	0.084
3.3	0.055275	21000.0	2812.5	2278.125	NaN	NaN	NaN	0	0	0	0	0	1	1	0	0	0	0	0	1	0	0	0	0	0	0	0	1	0	0	0	1	40.0	0.096	0.286	NaN	NaN	0.229	0.636	NaN	NaN	6.87	22.26	NaN	NaN	0.0	"2.5"	"F0034"	0	0	"PR"	689.105	"wash-sc"	1.901	0	1	1	0.0	0.0	0.0	null	690.905	0.091
3.6	0.056375	-562.5	2971.875	2278.125	NaN	NaN	NaN	0	0	0	0	0	0	0	0	0	0	0	0	0	0	0	0	0	0	0	0	1	0	0	0	1	43.0	0.112	0.286	NaN	NaN	0.267	0.636	NaN	NaN	8.01	22.26	NaN	NaN	0.0	"2.5"	"F0034"	0	0	"PR"	699.138	"diffuse"	1.807	0	1	2	0.0	0.0	0.0	null	700.938	0.088
3.8	0.055825	-187.5	2971.875	2278.125	NaN	NaN	NaN	0	0	0	0	0	0	0	0	0	0	0	0	0	0	0	0	0	0	0	0	1	0	0	0	1	46.0	0.112	0.286	NaN	NaN	0.267	0.636	NaN	NaN	8.01	22.26	NaN	NaN	0.0	"2.5"	"F0034"	0	0	"PR"	709.18	"diffuse"	11.849	0	1	2	0.0	0.0	0.0	null	710.98	0.091
3.7	0.055825	-1125.0	2971.875	2278.125	NaN	NaN	NaN	0	0	0	0	0	0	0	0	0	0	0	0	0	0	0	0	0	0	0	0	1	0	0	0	1	44.0	0.112	0.286	NaN	NaN	0.267	0.636	NaN	NaN	8.01	22.26	NaN	NaN	0.0	"2.5"	"F0034"	0	0	"PR"	719.217	"diffuse"	21.886	0	1	2	0.0	0.0	0.0	null	721.017	0.083
13.3	0.055	21187.5	2784.375	2278.125	NaN	NaN	NaN	0	0	0	0	0	1	1	0	0	0	0	0	1	0	0	0	0	1	1	1	0	1	1	1	0	160.0	0.093	0.286	NaN	NaN	0.221	0.636	NaN	NaN	6.63	22.26	NaN	NaN	0.0	"2.5"	"F0034"	1	1	"PR"	729.145	"wash-en"	1.695	0	1	2	0.0	0.0	0.0	null	730.945	0.089
13.0	0.05555	22312.5	2793.75	2278.125	NaN	NaN	NaN	0	0	0	0	0	1	1	0	0	0	0	0	1	0	0	0	0	1	1	1	0	1	1	1	0	156.0	0.094	0.286	NaN	NaN	0.224	0.636	NaN	NaN	6.72	22.26	NaN	NaN	0.0	"2.5"	"F0034"	1	1	"PR"	739.184	"wash-en"	11.734	0	1	2	0.0	0.0	0.0	null	740.984	0.088
2.1	0.05665	21562.5	2803.125	2278.125	NaN	NaN	NaN	0	0	0	0	0	1	1	0	0	0	0	0	1	0	0	0	0	0	0	0	1	0	0	0	1	25.0	0.095	0.286	NaN	NaN	0.226	0.636	NaN	NaN	6.78	22.26	NaN	NaN	0.0	"2.5"	"F0034"	0	0	"PR"	749.112	"wash-sc"	1.495	0	1	2	0.0	0.0	0.0	null	750.912	0.09
3.1	0.05775	-2062.5	3009.375	2278.125	NaN	NaN	NaN	0	0	0	0	0	0	0	0	0	0	0	0	0	0	0	0	0	0	0	0	1	0	0	0	1	37.0	0.116	0.286	NaN	NaN	0.276	0.636	NaN	NaN	8.28	22.26	NaN	NaN	0.0	"2.5"	"F0034"	0	0	"PR"	759.148	"diffuse"	1.405	0	1	3	0.0	0.0	0.0	null	760.948	0.089
3.9	0.057475	-187.5	3000.0	2278.125	NaN	NaN	NaN	0	0	0	0	0	0	0	0	0	0	0	0	0	0	0	0	0	0	0	0	1	0	0	0	1	47.0	0.115	0.286	NaN	NaN	0.274	0.636	NaN	NaN	8.22	22.26	NaN	NaN	0.0	"2.5"	"F0034"	0	0	"PR"	769.19	"diffuse"	11.447	0	1	3	0.0	0.0	0.0	null	770.99	0.091
3.2	0.0572	-375.0	2962.5	2278.125	NaN	NaN	NaN	0	0	0	0	0	0	0	0	0	0	0	0	0	0	0	0	0	0	0	0	1	0	0	0	1	38.0	0.111	0.286	NaN	NaN	0.264	0.636	NaN	NaN	7.92	22.26	NaN	NaN	0.0	"2.5"	"F0034"	0	0	"PR"	779.229	"diffuse"	21.486	0	1	3	0.0	0.0	0.0	null	781.029	0.09
11.4	0.0561	18187.5	2821.875	2278.125	NaN	NaN	NaN	0	0	0	0	0	1	1	0	0	0	0	0	1	0	0	0	0	1	1	1	0	1	1	1	0	137.0	0.097	0.286	NaN	NaN	0.231	0.636	NaN	NaN	6.93	22.26	NaN	NaN	0.0	"2.5"	"F0034"	1	1	"PR"	789.158	"wash-en"	1.296	0	1	3	0.0	0.0	0.0	null	790.958	0.09
12.2	0.056925	20250.0	2812.5	2278.125	NaN	NaN	NaN	0	0	0	0	0	1	1	0	0	0	0	0	1	0	0	0	0	1	1	1	0	1	1	1	0	146.0	0.096	0.286	NaN	NaN	0.229	0.636	NaN	NaN	6.87	22.26	NaN	NaN	0.0	"2.5"	"F0034"	1	1	"PR"	799.2	"wash-en"	11.338	0	1	3	0.0	0.0	0.0	null	801.0	0.092
2.3	0.05775	22125.0	2831.25	2287.5	NaN	NaN	NaN	0	0	0	0	0	1	1	0	0	0	0	0	1	0	0	0	0	0	0	0	1	0	0	0	1	28.0	0.098	0.287	NaN	NaN	0.233	0.638	NaN	NaN	6.99	22.33	NaN	NaN	0.0	"2.5"	"F0034"	0	0	"PR"	809.324	"wash-sc"	1.29	0	1	3	0.0	0.0	0.0	null	811.124	0.089
1.9	0.05775	-3562.5	2971.875	2278.125	NaN	NaN	NaN	0	0	0	0	0	0	0	0	0	0	0	0	0	0	0	0	0	0	0	0	1	0	0	0	1	23.0	0.112	0.286	NaN	NaN	0.267	0.636	NaN	NaN	8.01	22.26	NaN	NaN	0.0	"2.5"	"F0034"	0	0	"PR"	819.36	"diffuse"	1.206	0	1	4	0.0	0.0	0.0	null	821.16	0.089
2.7	0.05775	-1500.0	2971.875	2278.125	NaN	NaN	NaN	0	0	0	0	0	0	0	0	0	0	0	0	0	0	0	0	0	0	0	0	1	0	0	0	1	32.0	0.112	0.286	NaN	NaN	0.267	0.636	NaN	NaN	8.01	22.26	NaN	NaN	0.0	"2.5"	"F0034"	0	0	"PR"	829.199	"diffuse"	11.045	0	1	4	0.0	0.0	0.0	null	830.999	0.088
2.7	0.057475	-1125.0	2981.25	2278.125	NaN	NaN	NaN	0	0	0	0	0	0	0	0	0	0	0	0	0	0	0	0	0	0	0	0	1	0	0	0	1	32.0	0.113	0.286	NaN	NaN	0.269	0.636	NaN	NaN	8.07	22.26	NaN	NaN	0.0	"2.5"	"F0034"	0	0	"PR"	839.238	"diffuse"	21.084	0	1	4	0.0	0.0	0.0	null	841.038	0.09
12.4	0.0572	11625.0	2868.75	2268.75	NaN	NaN	NaN	0	0	0	0	0	1	1	0	0	0	0	0	1	0	0	0	0	1	1	1	0	1	1	1	0	149.0	0.102	0.285	NaN	NaN	0.243	0.633	NaN	NaN	7.29	22.155	NaN	NaN	0.0	"2.5"	"F0034"	1	1	"PR"	849.364	"wash-en"	1.095	0	1	4	0.0	0.0	0.0	null	851.164	0.087
12.3	0.056925	21187.5	2765.625	2268.75	NaN	NaN	NaN	0	0	0	0	0	1	1	0	0	0	0	0	1	0	0	0	0	1	1	1	0	1	1	1	0	148.0	0.092	0.285	NaN	NaN	0.219	0.633	NaN	NaN	6.57	22.155	NaN	NaN	0.0	"2.5"	"F0034"	1	1	"PR"	859.403	"wash-en"	11.134	0	1	4	0.0	0.0	0.0	null	861.203	0.091
0.0	0.0583	20812.5	2784.375	2278.125	NaN	NaN	NaN	0	0	0	0	0	1	1	0	0	0	0	0	1	0	0	0	0	0	0	0	1	0	0	0	1	0.0	0.093	0.286	NaN	NaN	0.221	0.636	NaN	NaN	6.63	22.26	NaN	NaN	0.0	"2.5"	"F0034"	0	0	"PR"	869.33	"wash-sc"	0.894	0	1	4	0.0	0.0	0.0	null	871.13	0.09
2.1	0.05885	-3750.0	2812.5	2278.125	NaN	NaN	NaN	0	0	0	0	1	0	0	0	0	0	0	0	0	0	0	0	0	0	0	0	1	0	0	0	1	25.0	0.096	0.286	NaN	NaN	0.229	0.636	NaN	NaN	6.87	22.26	NaN	NaN	0.0	"2.5"	"F0034"	0	0	"PR"	879.362	"drain-rg"	0.803	0	1	4	0.0	0.0	0.0	null	881.162	0.087
2.3	0.058025	-2062.5	2390.625	2250.0	NaN	NaN	NaN	0	0	0	0	1	0	0	0	0	0	0	0	0	0	0	0	0	0	0	0	1	0	0	0	1	28.0	0.054	0.283	NaN	NaN	0.129	0.629	NaN	NaN	3.87	22.015	NaN	NaN	0.0	"2.5"	"F0034"	0	0	"PR"	889.403	"drain-rg"	10.844	0	1	4	0.0	0.0	0.0	null	891.203	0.091
2.0	0.05775	-2625.0	2043.75	2278.125	NaN	NaN	NaN	0	0	0	0	1	0	0	0	0	0	0	0	0	0	0	0	0	0	0	0	1	0	0	0	1	24.0	0.019	0.286	NaN	NaN	0.045	0.636	NaN	NaN	1.35	22.26	NaN	NaN	0.0	"2.5"	"F0034"	0	0	"PR"	899.442	"drain-rg"	20.883	0	1	4	0.0	0.0	0.0	null	901.242	0.086
2.7	0.058025	-2812.5	1640.625	2278.125	NaN	NaN	NaN	0	0	0	0	1	0	0	0	0	0	0	0	0	0	0	0	0	0	0	0	1	0	0	0	1	32.0	-0.021	0.286	NaN	NaN	-0.05	0.636	NaN	NaN	-1.5	22.26	NaN	NaN	0.0	"2.5"	"F0034"	0	0	"PR"	909.477	"drip-rg"	5.017	0	1	4	0.0	0.0	0.0	null	911.277	0.09
2.7	0.058025	-2812.5	0.0	2278.125	NaN	NaN	NaN	0	0	0	0	1	0	0	0	0	0	0	0	0	0	0	0	0	0	0	0	1	0	0	0	1	32.0	-0.185	0.286	NaN	NaN	-0.44	0.636	NaN	NaN	-13.2	22.26	NaN	NaN	0.0	"2.5"	"F0034"	0	0	"PR"	919.315	"drip-rg"	14.855	0	1	4	0.0	0.0	0.0	null	921.115	0.086
2.4	0.058025	21375.0	1903.125	2062.5	NaN	NaN	NaN	0	0	1	0	0	1	0	0	0	0	0	0	1	0	0	0	0	0	0	0	1	0	0	0	1	29.0	0.005	0.264	NaN	NaN	0.012	0.587	NaN	NaN	0.36	20.545	NaN	NaN	0.0	"2.5"	"F0034"	0	0	"FR"	9.051	"fill-rg-di"	8.851	1	1	0	921.515	0.0	0.0	null	931.188	0.088
2.2	0.057475	19312.5	2268.75	1800.0	NaN	NaN	NaN	0	0	1	0	0	1	0	0	0	0	0	0	1	0	0	0	0	0	0	0	1	0	0	0	1	26.0	0.042	0.238	NaN	NaN	0.1	0.529	NaN	NaN	3.0	18.515	NaN	NaN	0.0	"2.5"	"F0034"	0	0	"FR"	19.085	"fill-rg-di"	18.885	1	1	0	921.515	0.0	0.0	null	941.222	0.086
2.6	0.05555	19312.5	2568.75	1546.875	NaN	NaN	NaN	0	0	1	0	0	1	0	0	0	0	0	0	1	0	0	0	0	0	0	0	1	0	0	0	1	31.0	0.072	0.213	NaN	NaN	0.171	0.473	NaN	NaN	5.13	16.555	NaN	NaN	0.0	"2.5"	"F0034"	0	0	"FR"	29.124	"fill-rg-di"	28.924	1	1	0	921.515	0.0	0.0	null	951.261	0.09
1.8	0.054725	21000.0	2887.5	1303.125	NaN	NaN	NaN	0	0	1	0	0	1	0	0	0	0	0	0	1	0	0	0	0	0	0	0	1	0	0	0	1	22.0	0.104	0.188	NaN	NaN	0.248	0.418	NaN	NaN	7.44	14.63	NaN	NaN	0.0	"2.5"	"F0034"	0	0	"FR"	39.166	"fill-rg-di"	38.966	1	1	0	921.515	0.0	0.0	null	961.303	0.088
1.8	0.053625	19875.0	3196.875	1050.0	NaN	NaN	NaN	0	0	1	0	0	1	0	0	0	0	0	0	1	0	0	0	0	0	0	0	1	0	0	0	1	22.0	0.135	0.163	NaN	NaN	0.321	0.362	NaN	NaN	9.63	12.67	NaN	NaN	0.0	"2.5"	"F0034"	0	0	"FR"	49.201	"fill-rg-di"	49.001	1	1	0	921.515	0.0	0.0	null	971.338	0.089
2.5	0.0528	-5250.0	2784.375	993.75	NaN	NaN	NaN	0	0	0	0	1	0	0	0	0	0	0	0	0	0	0	0	0	0	0	0	1	0	0	0	1	30.0	0.093	0.157	NaN	NaN	0.221	0.349	NaN	NaN	6.63	12.215	NaN	NaN	0.0	"2.5"	"F0034"	0	0	"FR"	59.039	"drain-rg"	7.429	1	1	0	921.515	0.0	0.0	null	981.176	0.083
2.0	0.0528	-8437.5	2428.125	956.25	NaN	NaN	NaN	0	0	0	0	1	0	0	0	0	0	0	0	0	0	0	0	0	0	0	0	1	0	0	0	1	24.0	0.058	0.154	NaN	NaN	0.138	0.342	NaN	NaN	4.14	11.97	NaN	NaN	0.0	"2.5"	"F0034"	0	0	"FR"	69.078	"drain-rg"	17.468	1	1	0	921.515	0.0	0.0	null	991.215	0.083
2.1	0.052525	-8250.0	2090.625	984.375	NaN	NaN	NaN	0	0	0	0	1	0	0	0	0	0	0	0	0	0	0	0	0	0	0	0	1	0	0	0	1	25.0	0.024	0.156	NaN	NaN	0.057	0.347	NaN	NaN	1.71	12.145	NaN	NaN	0.0	"2.5"	"F0034"	0	0	"FR"	79.115	"drain-rg"	27.505	1	1	0	921.515	0.0	0.0	null	1001.252	0.086
1.5	0.0528	-8250.0	1725.0	984.375	NaN	NaN	NaN	0	0	0	0	1	0	0	0	0	0	0	0	0	0	0	0	0	0	0	0	1	0	0	0	1	18.0	-0.013	0.156	NaN	NaN	-0.031	0.347	NaN	NaN	-0.93	12.145	NaN	NaN	0.0	"2.5"	"F0034"	0	0	"FR"	89.152	"drip-rg"	3.614	1	1	0	921.515	0.0	0.0	null	1011.289	0.085
2.6	0.052525	-9375.0	0.0	993.75	NaN	NaN	NaN	0	0	0	0	1	0	0	0	0	0	0	0	0	0	0	0	0	0	0	0	1	0	0	0	1	31.0	-0.185	0.157	NaN	NaN	-0.44	0.349	NaN	NaN	-13.2	12.215	NaN	NaN	0.0	"2.5"	"F0034"	0	0	"FR"	99.184	"drip-rg"	13.646	1	1	0	921.515	0.0	0.0	null	1021.321	0.086
2.8	0.0517	18750.0	1809.375	815.625	NaN	NaN	NaN	0	0	1	0	0	1	0	0	0	0	0	0	1	0	0	0	0	0	0	0	1	0	0	0	1	34.0	-0.004	0.14	NaN	NaN	-0.01	0.311	NaN	NaN	-0.3	10.885	NaN	NaN	0.0	"2.5"	"F0034"	0	0	"PR"	7.851	"fill-rg-di"	7.65	1	0	0	921.515	0.0	1022.927	null	1031.399	0.089
1.8	0.05005	20437.5	2193.75	553.125	NaN	NaN	NaN	0	0	1	0	0	1	0	0	0	0	0	0	1	0	0	0	0	0	0	0	1	0	0	0	1	22.0	0.034	0.113	NaN	NaN	0.081	0.251	NaN	NaN	2.43	8.785	NaN	NaN	0.0	"2.5"	"F0034"	0	0	"PR"	17.682	"fill-rg-di"	17.481	1	0	0	921.515	0.0	1022.927	null	1041.23	0.086
2.0	0.048675	21375.0	2550.0	290.625	NaN	NaN	NaN	0	0	1	0	0	1	0	0	0	0	0	0	1	0	0	0	0	0	0	0	1	0	0	0	1	24.0	0.07	0.087	NaN	NaN	0.167	0.193	NaN	NaN	5.01	6.755	NaN	NaN	0.0	"2.5"	"F0034"	0	0	"PR"	27.718	"fill-rg-di"	27.517	1	0	0	921.515	0.0	1022.927	null	1051.266	0.085
2.1	0.0462	-375.0	2803.125	93.75	NaN	NaN	NaN	1	0	0	0	0	0	0	0	0	0	0	0	0	1	0	0	0	0	0	0	1	0	0	0	1	25.0	0.095	0.067	NaN	NaN	0.226	0.149	NaN	NaN	6.78	5.215	NaN	NaN	0.0	"2.5"	"F0034"	0	0	"PR"	37.755	"fill-di-lb"	1.403	1	0	0	921.515	0.0	1022.927	null	1061.303	0.085
1.5	0.047025	562.5	2784.375	412.5	NaN	NaN	NaN	1	0	0	0	0	0	0	0	0	0	0	0	0	1	0	0	0	0	0	0	1	0	0	0	1	18.0	0.093	0.099	NaN	NaN	0.221	0.22	NaN	NaN	6.63	7.7	NaN	NaN	0.0	"2.5"	"F0034"	0	0	"PR"	47.791	"fill-di-lb"	11.439	1	0	0	921.515	0.0	1022.927	null	1071.339	0.086
2.3	0.04675	-750.0	2775.0	712.5	NaN	NaN	NaN	1	0	0	0	0	0	0	0	0	0	0	0	0	1	0	0	0	0	0	0	1	0	0	0	1	28.0	0.093	0.129	NaN	NaN	0.221	0.287	NaN	NaN	6.63	10.045	NaN	NaN	0.0	"2.5"	"F0034"	0	0	"PR"	57.83	"fill-di-lb"	21.478	1	0	0	921.515	0.0	1022.927	null	1081.378	0.083
2.1	0.0473	1500.0	2784.375	1050.0	NaN	NaN	NaN	1	0	0	0	0	0	0	0	0	0	0	0	0	1	0	0	0	0	0	0	1	0	0	0	1	25.0	0.093	0.163	NaN	NaN	0.221	0.362	NaN	NaN	6.63	12.67	NaN	NaN	0.0	"2.5"	"F0034"	0	0	"PR"	67.862	"fill-di-lb"	31.51	1	0	0	921.515	0.0	1022.927	null	1091.41	0.084
2.1	0.0473	375.0	2784.375	1350.0	NaN	NaN	NaN	1	0	0	0	0	0	0	0	0	0	0	0	0	1	0	0	0	0	0	0	1	0	0	0	1	25.0	0.093	0.193	NaN	NaN	0.221	0.429	NaN	NaN	6.63	15.015	NaN	NaN	0.0	"2.5"	"F0034"	0	0	"PR"	77.899	"fill-di-lb"	41.547	1	0	0	921.515	0.0	1022.927	null	1101.447	0.086
1.2	0.047025	937.5	2784.375	1650.0	NaN	NaN	NaN	1	0	0	0	0	0	0	0	0	0	0	0	0	1	0	0	0	0	0	0	1	0	0	0	1	14.0	0.093	0.223	NaN	NaN	0.221	0.496	NaN	NaN	6.63	17.36	NaN	NaN	0.0	"2.5"	"F0034"	0	0	"PR"	87.941	"fill-di-lb"	51.589	1	0	0	921.515	0.0	1022.927	null	1111.489	0.088
2.0	0.047025	562.5	2784.375	1950.0	NaN	NaN	NaN	1	0	0	0	0	0	0	0	0	0	0	0	0	1	0	0	0	0	0	0	1	0	0	0	1	24.0	0.093	0.253	NaN	NaN	0.221	0.562	NaN	NaN	6.63	19.67	NaN	NaN	0.0	"2.5"	"F0034"	0	0	"PR"	97.778	"fill-di-lb"	61.426	1	0	0	921.515	0.0	1022.927	null	1121.326	0.083
1.9	0.047025	187.5	2793.75	2268.75	NaN	NaN	NaN	0	0	1	0	0	1	0	0	0	0	0	0	1	0	0	0	0	0	0	0	1	0	0	0	1	23.0	0.094	0.285	NaN	NaN	0.224	0.633	NaN	NaN	6.72	22.155	NaN	NaN	0.0	"2.5"	"F0034"	0	0	"PR"	107.821	"fill-rg-di"	0.402	1	0	0	921.515	0.0	1022.927	null	1131.369	0.158
4.4	0.046475	1312.5	2943.75	2278.125	NaN	NaN	NaN	0	0	1	0	0	1	0	0	0	0	0	0	1	0	0	0	0	1	1	1	0	1	1	1	0	53.0	0.109	0.286	NaN	NaN	0.26	0.636	NaN	NaN	7.8	22.26	NaN	NaN	0.0	"2.5"	"F0034"	1	1	"PR"	117.859	"flush-rg-en"	0.201	1	1	0	921.515	0.0	1022.927	null	1141.407	0.164
12.5	0.045375	28500.0	2962.5	2512.5	NaN	NaN	NaN	0	1	1	0	0	0	0	0	0	0	0	0	1	0	0	0	0	1	1	1	0	1	1	1	0	150.0	0.111	0.309	NaN	NaN	0.264	0.687	NaN	NaN	7.92	24.045	NaN	NaN	0.0	"2.5"	"F0034"	1	1	"PR"	127.906	"deionize"	10.047	1	1	0	921.515	0.0	1022.927	null	1151.454	0.086
12.6	0.044825	28125.0	2953.125	2484.375	NaN	NaN	NaN	0	1	1	0	0	0	0	0	0	0	0	0	1	0	0	0	0	1	1	1	0	1	1	1	0	151.0	0.11	0.306	NaN	NaN	0.262	0.68	NaN	NaN	7.86	23.8	NaN	NaN	0.0	"2.5"	"F0034"	1	1	"PR"	137.947	"deionize"	20.088	1	1	0	921.515	0.0	1022.927	null	1161.495	0.085
11.2	0.043175	27562.5	2971.875	2550.0	NaN	NaN	NaN	0	1	1	0	0	0	0	0	0	0	0	0	1	0	0	0	0	1	1	1	0	1	1	1	0	134.0	0.112	0.313	NaN	NaN	0.267	0.696	NaN	NaN	8.01	24.36	NaN	NaN	0.0	"2.5"	"F0034"	1	1	"PR"	147.982	"deionize"	30.123	1	1	0	921.515	0.0	1022.927	null	1171.53	0.084
12.4	0.0429	27187.5	2934.375	2512.5	NaN	NaN	NaN	0	1	1	0	0	0	0	0	0	0	0	0	1	0	0	0	0	1	1	1	0	1	1	1	0	149.0	0.108	0.309	NaN	NaN	0.257	0.687	NaN	NaN	7.71	24.045	NaN	NaN	0.0	"2.5"	"F0034"	1	1	"PR"	158.019	"deionize"	40.16	1	1	0	921.515	0.0	1022.927	null	1181.567	0.084
12.3	0.0418	29250.0	2953.125	2521.875	NaN	NaN	NaN	0	1	1	0	0	0	0	0	0	0	0	0	1	0	0	0	0	1	1	1	0	1	1	1	0	148.0	0.11	0.31	NaN	NaN	0.262	0.689	NaN	NaN	7.86	24.115	NaN	NaN	0.0	"2.5"	"F0034"	1	1	"PR"	167.859	"deionize"	50.0	1	1	0	921.515	0.0	1022.927	null	1191.407	0.09
12.6	0.0407	26250.0	2934.375	2409.375	NaN	NaN	NaN	0	1	1	0	0	0	0	0	0	0	0	0	1	0	0	0	0	1	1	1	0	1	1	1	0	151.0	0.108	0.299	NaN	NaN	0.257	0.664	NaN	NaN	7.71	23.24	NaN	NaN	0.0	"2.5"	"F0034"	1	1	"PR"	177.892	"deionize"	60.033	1	1	0	921.515	0.0	1022.927	null	1201.44	0.084
11.7	0.040425	28125.0	2953.125	2475.0	NaN	NaN	NaN	0	1	1	0	0	0	0	0	0	0	0	0	1	0	0	0	0	1	1	1	0	1	1	1	0	140.0	0.11	0.305	NaN	NaN	0.262	0.678	NaN	NaN	7.86	23.73	NaN	NaN	0.0	"2.5"	"F0034"	1	1	"PR"	187.924	"deionize"	70.065	1	1	0	921.515	0.0	1022.927	null	1211.472	0.084
11.9	0.039325	28875.0	2962.5	2437.5	NaN	NaN	NaN	0	1	1	0	0	0	0	0	0	0	0	0	1	0	0	0	0	1	1	1	0	1	1	1	0	143.0	0.111	0.302	NaN	NaN	0.264	0.671	NaN	NaN	7.92	23.485	NaN	NaN	0.0	"2.5"	"F0034"	1	1	"PR"	197.963	"deionize"	80.104	1	1	0	921.515	0.0	1022.927	null	1221.511	0.085
11.9	0.0385	25500.0	2953.125	2428.125	NaN	NaN	NaN	0	1	1	0	0	0	0	0	0	0	0	0	1	0	0	0	0	1	1	1	0	1	1	1	0	143.0	0.11	0.301	NaN	NaN	0.262	0.669	NaN	NaN	7.86	23.415	NaN	NaN	0.0	"2.5"	"F0034"	1	1	"PR"	207.996	"deionize"	90.137	1	1	0	921.515	0.0	1022.927	null	1231.544	0.084
14.3	0.038225	26062.5	2943.75	2400.0	NaN	NaN	NaN	0	1	1	0	0	0	0	0	0	0	0	0	1	0	0	0	0	1	1	1	0	1	1	1	0	172.0	0.109	0.298	NaN	NaN	0.26	0.662	NaN	NaN	7.8	23.17	NaN	NaN	0.0	"2.5"	"F0034"	1	1	"PR"	218.034	"deionize"	100.175	1	1	0	921.515	0.0	1022.927	null	1241.582	0.085
11.9	0.038225	26250.0	2953.125	2531.25	NaN	NaN	NaN	0	1	1	0	0	0	0	0	0	0	0	0	1	0	0	0	0	1	1	1	0	1	1	1	0	143.0	0.11	0.311	NaN	NaN	0.262	0.691	NaN	NaN	7.86	24.185	NaN	NaN	0.0	"2.5"	"F0034"	1	1	"PR"	228.073	"deionize"	110.214	1	1	0	921.515	0.0	1022.927	null	1251.621	0.084
12.2	0.038225	27000.0	2962.5	2456.25	NaN	NaN	NaN	0	1	1	0	0	0	0	0	0	0	0	0	1	0	0	0	0	1	1	1	0	1	1	1	0	146.0	0.111	0.304	NaN	NaN	0.264	0.676	NaN	NaN	7.92	23.66	NaN	NaN	0.0	"2.5"	"F0034"	1	1	"PR"	238.109	"deionize"	120.25	1	1	0	921.515	0.0	1022.927	null	1261.657	0.087
12.8	0.037675	26250.0	2962.5	2428.125	NaN	NaN	NaN	0	1	1	0	0	0	0	0	0	0	0	0	1	0	0	0	0	1	1	1	0	1	1	1	0	154.0	0.111	0.301	NaN	NaN	0.264	0.669	NaN	NaN	7.92	23.415	NaN	NaN	0.0	"2.5"	"F0034"	1	1	"PR"	247.948	"deionize"	130.089	1	1	0	921.515	0.0	1022.927	null	1271.496	0.091
12.5	0.0374	28500.0	2943.75	2428.125	NaN	NaN	NaN	0	1	1	0	0	0	0	0	0	0	0	0	1	0	0	0	0	1	1	1	0	1	1	1	0	150.0	0.109	0.301	NaN	NaN	0.26	0.669	NaN	NaN	7.8	23.415	NaN	NaN	0.0	"2.5"	"F0034"	1	1	"PR"	257.983	"deionize"	140.124	1	1	0	921.515	0.0	1022.927	null	1281.531	0.087
12.4	0.03685	29062.5	2962.5	2475.0	NaN	NaN	NaN	0	1	1	0	0	0	0	0	0	0	0	0	1	0	0	0	0	1	1	1	0	1	1	1	0	149.0	0.111	0.305	NaN	NaN	0.264	0.678	NaN	NaN	7.92	23.73	NaN	NaN	0.0	"2.5"	"F0034"	1	1	"PR"	268.02	"deionize"	150.161	1	1	0	921.515	0.0	1022.927	null	1291.568	0.091
14.7	0.03685	29250.0	2953.125	2437.5	NaN	NaN	NaN	0	1	1	0	0	0	0	0	0	0	0	0	1	0	0	0	0	1	1	1	0	1	1	1	0	176.0	0.11	0.302	NaN	NaN	0.262	0.671	NaN	NaN	7.86	23.485	NaN	NaN	0.0	"2.5"	"F0034"	1	1	"PR"	278.058	"deionize"	160.199	1	1	0	921.515	0.0	1022.927	null	1301.606	0.088
12.3	0.036025	25687.5	2934.375	2400.0	NaN	NaN	NaN	0	1	1	0	0	0	0	0	0	0	0	0	1	0	0	0	0	1	1	1	0	1	1	1	0	148.0	0.108	0.298	NaN	NaN	0.257	0.662	NaN	NaN	7.71	23.17	NaN	NaN	0.0	"2.5"	"F0034"	1	1	"PR"	288.093	"deionize"	170.234	1	1	0	921.515	0.0	1022.927	null	1311.641	0.087
12.8	0.036025	28312.5	2953.125	2400.0	NaN	NaN	NaN	0	1	1	0	0	0	0	0	0	0	0	0	1	0	0	0	0	1	1	1	0	1	1	1	0	154.0	0.11	0.298	NaN	NaN	0.262	0.662	NaN	NaN	7.86	23.17	NaN	NaN	0.0	"2.5"	"F0034"	1	1	"PR"	298.126	"deionize"	180.267	1	1	0	921.515	0.0	1022.927	null	1321.674	0.084
11.2	0.035475	29250.0	2971.875	2428.125	NaN	NaN	NaN	0	1	1	0	0	0	0	0	0	0	0	0	1	0	0	0	0	1	1	1	0	1	1	1	0	134.0	0.112	0.301	NaN	NaN	0.267	0.669	NaN	NaN	8.01	23.415	NaN	NaN	0.0	"2.5"	"F0034"	1	1	"PR"	308.164	"deionize"	190.305	1	1	0	921.515	0.0	1022.927	null	1331.712	0.087
12.2	0.0352	26062.5	2981.25	2456.25	NaN	NaN	NaN	0	1	1	0	0	0	0	0	0	0	0	0	1	0	0	0	0	1	1	1	0	1	1	1	0	146.0	0.113	0.304	NaN	NaN	0.269	0.676	NaN	NaN	8.07	23.66	NaN	NaN	0.0	"2.5"	"F0034"	1	1	"PR"	318.199	"deionize"	200.34	1	1	0	921.515	0.0	1022.927	null	1341.747	0.087
12.2	0.03465	28125.0	2953.125	2446.875	NaN	NaN	NaN	0	1	1	0	0	0	0	0	0	0	0	0	1	0	0	0	0	1	1	1	0	1	1	1	0	146.0	0.11	0.303	NaN	NaN	0.262	0.673	NaN	NaN	7.86	23.555	NaN	NaN	0.0	"2.5"	"F0034"	1	1	"PR"	328.04	"deionize"	210.181	1	1	0	921.515	0.0	1022.927	null	1351.588	0.09
12.9	0.033825	25312.5	2962.5	2381.25	NaN	NaN	NaN	0	1	1	0	0	0	0	0	0	0	0	0	1	0	0	0	0	1	1	1	0	1	1	1	0	155.0	0.111	0.296	NaN	NaN	0.264	0.658	NaN	NaN	7.92	23.03	NaN	NaN	0.0	"2.5"	"F0034"	1	1	"PR"	338.076	"deionize"	220.217	1	1	0	921.515	0.0	1022.927	null	1361.624	0.087
12.6	0.033825	29812.5	2953.125	2428.125	NaN	NaN	NaN	0	1	1	0	0	0	0	0	0	0	0	0	1	0	0	0	0	1	1	1	0	1	1	1	0	151.0	0.11	0.301	NaN	NaN	0.262	0.669	NaN	NaN	7.86	23.415	NaN	NaN	0.0	"2.5"	"F0034"	1	1	"PR"	348.108	"deionize"	230.249	1	1	0	921.515	0.0	1022.927	null	1371.656	0.087
12.6	0.033825	28312.5	2953.125	2456.25	NaN	NaN	NaN	0	1	1	0	0	0	0	0	0	0	0	0	1	0	0	0	1	1	1	1	0	1	1	1	0	151.0	0.11	0.304	NaN	NaN	0.262	0.676	NaN	NaN	7.86	23.66	NaN	NaN	0.0	"2.5"	"F0034"	1	1	"PR"	358.148	"deionize-uv"	0.201	1	1	0	921.515	0.0	1022.927	null	1381.696	0.101
12.6	0.033275	25312.5	2953.125	2400.0	NaN	NaN	NaN	0	1	1	0	0	0	0	0	0	0	0	0	1	0	0	0	1	1	1	1	0	1	1	1	0	151.0	0.11	0.298	NaN	NaN	0.262	0.662	NaN	NaN	7.86	23.17	NaN	NaN	0.0	"2.5"	"F0034"	1	1	"PR"	368.098	"deionize-uv"	10.151	1	1	0	921.515	0.0	1022.927	null	1391.646	0.086
12.6	0.033275	28687.5	2962.5	2400.0	NaN	NaN	NaN	0	1	1	0	0	0	0	0	0	0	0	0	1	0	0	0	1	1	1	1	0	1	1	1	0	151.0	0.111	0.298	NaN	NaN	0.264	0.662	NaN	NaN	7.92	23.17	NaN	NaN	0.0	"2.5"	"F0034"	1	1	"PR"	378.14	"deionize-uv"	20.193	1	1	0	921.515	0.0	1022.927	null	1401.688	0.093
12.1	0.03245	26062.5	2971.875	2456.25	NaN	NaN	NaN	0	1	1	0	0	0	0	0	0	0	0	0	1	0	0	0	1	1	1	1	0	1	1	1	0	145.0	0.112	0.304	NaN	NaN	0.267	0.676	NaN	NaN	8.01	23.66	NaN	NaN	0.0	"2.5"	"F0034"	1	1	"PR"	388.178	"deionize-uv"	30.231	1	1	0	921.515	0.0	1022.927	null	1411.726	0.089
12.6	0.03245	26625.0	2934.375	2390.625	NaN	NaN	NaN	0	1	1	0	0	0	0	0	0	0	0	0	1	0	0	0	1	1	1	1	0	1	1	1	0	151.0	0.108	0.297	NaN	NaN	0.257	0.66	NaN	NaN	7.71	23.1	NaN	NaN	0.0	"2.5"	"F0034"	1	1	"PR"	398.219	"deionize-uv"	40.272	1	1	0	921.515	0.0	1022.927	null	1421.767	0.09
13.4	0.032175	26250.0	2962.5	2437.5	NaN	NaN	NaN	0	1	1	0	0	0	0	0	0	0	0	0	1	0	0	0	1	1	1	1	0	1	1	1	0	161.0	0.111	0.302	NaN	NaN	0.264	0.671	NaN	NaN	7.92	23.485	NaN	NaN	0.0	"2.5"	"F0034"	1	1	"PR"	408.257	"deionize-uv"	50.31	1	1	0	921.515	0.0	1022.927	null	1431.805	0.091
12.3	0.03135	25312.5	2953.125	2437.5	NaN	NaN	NaN	0	1	1	0	0	0	0	0	0	0	0	0	1	0	0	0	1	1	1	1	0	1	1	1	0	148.0	0.11	0.302	NaN	NaN	0.262	0.671	NaN	NaN	7.86	23.485	NaN	NaN	0.0	"2.5"	"F0034"	1	1	"PR"	418.295	"deionize-uv"	60.348	1	1	0	921.515	0.0	1022.927	null	1441.843	0.09
12.2	0.031625	26062.5	2953.125	2325.0	NaN	NaN	NaN	0	1	1	0	0	0	0	0	0	0	0	0	1	0	0	0	1	1	1	1	0	1	1	1	0	146.0	0.11	0.291	NaN	NaN	0.262	0.647	NaN	NaN	7.86	22.645	NaN	NaN	0.0	"2.5"	"F0034"	1	1	"PR"	428.335	"deionize-uv"	70.388	1	1	0	921.515	0.0	1022.927	null	1451.883	0.091
13.3	0.03025	25500.0	2971.875	2465.625	NaN	NaN	NaN	0	1	1	0	0	0	0	0	0	0	0	0	1	0	0	0	1	1	1	1	0	1	1	1	0	160.0	0.112	0.305	NaN	NaN	0.267	0.678	NaN	NaN	8.01	23.73	NaN	NaN	0.0	"2.5"	"F0034"	1	1	"PR"	438.173	"deionize-uv"	80.226	1	1	0	921.515	0.0	1022.927	null	1461.721	0.083
12.3	0.030525	27187.5	2990.625	2465.625	NaN	NaN	NaN	0	1	1	0	0	0	0	0	0	0	0	0	1	0	0	0	1	1	1	1	0	1	1	1	0	148.0	0.114	0.305	NaN	NaN	0.271	0.678	NaN	NaN	8.13	23.73	NaN	NaN	0.0	"2.5"	"F0034"	1	1	"PR"	448.21	"deionize-uv"	90.263	1	1	0	921.515	0.0	1022.927	null	1471.758	0.09
12.2	0.03025	27375.0	2981.25	2381.25	NaN	NaN	NaN	0	1	1	0	0	0	0	0	0	0	0	0	1	0	0	0	1	1	1	1	0	1	1	1	0	146.0	0.113	0.296	NaN	NaN	0.269	0.658	NaN	NaN	8.07	23.03	NaN	NaN	0.0	"2.5"	"F0034"	1	1	"PR"	458.251	"deionize-uv"	100.304	1	1	0	921.515	0.0	1022.927	null	1481.799	0.092
12.2	0.029425	26812.5	2943.75	2465.625	NaN	NaN	NaN	0	1	1	0	0	0	0	0	0	0	0	0	1	0	0	0	1	1	1	1	0	1	1	1	0	146.0	0.109	0.305	NaN	NaN	0.26	0.678	NaN	NaN	7.8	23.73	NaN	NaN	0.0	"2.5"	"F0034"	1	1	"PR"	468.289	"deionize-uv"	110.342	1	1	0	921.515	0.0	1022.927	null	1491.837	0.089
11.4	0.02915	30000.0	2953.125	2428.125	NaN	NaN	NaN	0	0	1	0	0	0	0	1	0	0	0	0	1	0	0	0	1	1	1	1	0	1	1	1	0	137.0	0.11	0.301	NaN	NaN	0.262	0.669	NaN	NaN	7.86	23.415	NaN	NaN	0.0	"2.5"	"F0034"	1	1	"PR"	478.322	"drain-di-1"	0.2	1	1	0	921.515	0.0	1022.927	null	1501.87	0.098
13.5	0.028875	21937.5	2953.125	1800.0	NaN	NaN	NaN	0	0	1	0	0	0	0	1	0	0	0	0	1	0	0	0	1	1	1	1	0	1	1	1	0	162.0	0.11	0.238	NaN	NaN	0.262	0.529	NaN	NaN	7.86	18.515	NaN	NaN	0.0	"2.5"	"F0034"	1	1	"PR"	488.285	"drain-di-1"	10.163	1	1	0	921.515	0.0	1022.927	null	1511.833	0.087
11.6	0.02805	18750.0	2971.875	1556.25	NaN	NaN	NaN	0	0	1	0	0	0	0	1	0	0	0	0	1	0	0	0	1	1	1	1	0	1	1	1	0	139.0	0.112	0.214	NaN	NaN	0.267	0.476	NaN	NaN	8.01	16.66	NaN	NaN	0.0	"2.5"	"F0034"	1	1	"PR"	498.316	"drain-di-1"	20.194	1	1	0	921.515	0.0	1022.927	null	1521.864	0.091
11.5	0.028325	19875.0	2943.75	1303.125	NaN	NaN	NaN	0	0	1	0	0	0	0	1	0	0	0	0	1	0	0	0	1	1	1	1	0	1	1	1	0	138.0	0.109	0.188	NaN	NaN	0.26	0.418	NaN	NaN	7.8	14.63	NaN	NaN	0.0	"2.5"	"F0034"	1	1	"PR"	508.354	"drain-di-1"	30.232	1	1	0	921.515	0.0	1022.927	null	1531.902	0.091
11.3	0.02805	19875.0	2943.75	1059.375	NaN	NaN	NaN	0	0	1	0	0	0	0	1	0	0	0	0	1	0	0	0	1	1	1	1	0	1	1	1	0	136.0	0.109	0.164	NaN	NaN	0.26	0.364	NaN	NaN	7.8	12.74	NaN	NaN	0.0	"2.5"	"F0034"	1	1	"PR"	518.39	"drain-di-1"	40.268	1	1	0	921.515	0.0	1022.927	null	1541.938	0.09
11.2	0.02805	21000.0	2962.5	796.875	NaN	NaN	NaN	0	0	1	0	0	0	0	1	0	0	0	0	1	0	0	0	1	1	1	1	0	1	1	1	0	134.0	0.111	0.138	NaN	NaN	0.264	0.307	NaN	NaN	7.92	10.745	NaN	NaN	0.0	"2.5"	"F0034"	1	1	"PR"	528.427	"drain-di-1"	50.305	1	1	0	921.515	0.0	1022.927	null	1551.975	0.089
12.6	0.0275	20437.5	2962.5	525.0	NaN	NaN	NaN	0	0	1	0	0	0	0	1	0	0	0	0	1	0	0	0	1	1	1	1	0	1	1	1	0	151.0	0.111	0.111	NaN	NaN	0.264	0.247	NaN	NaN	7.92	8.645	NaN	NaN	0.0	"2.5"	"F0034"	1	1	"PR"	538.268	"drain-di-1"	60.146	1	1	0	921.515	0.0	1022.927	null	1561.816	0.084
11.6	0.0275	21937.5	2943.75	290.625	NaN	NaN	NaN	0	0	1	0	0	0	0	1	0	0	0	0	1	0	0	0	1	1	1	1	0	1	1	1	0	139.0	0.109	0.087	NaN	NaN	0.26	0.193	NaN	NaN	7.8	6.755	NaN	NaN	0.0	"2.5"	"F0034"	1	1	"PR"	548.302	"drain-di-1"	70.18	1	1	0	921.515	0.0	1022.927	null	1571.85	0.084
11.2	0.02695	18750.0	2953.125	9.375	NaN	NaN	NaN	0	0	1	0	0	0	0	1	0	0	0	0	1	0	0	0	1	1	1	1	0	1	1	1	0	134.0	0.11	0.059	NaN	NaN	0.262	0.131	NaN	NaN	7.86	4.585	NaN	NaN	0.0	"2.5"	"F0034"	1	1	"PR"	558.45	"drip-di-1"	1.915	1	1	0	921.515	0.0	1022.927	null	1581.998	0.092
10.5	0.027775	19687.5	2962.5	-56.25	NaN	NaN	NaN	0	0	1	0	0	0	0	1	0	0	0	0	1	0	0	0	1	1	1	1	0	1	1	1	0	126.0	0.111	0.052	NaN	NaN	0.264	0.116	NaN	NaN	7.92	4.06	NaN	NaN	0.0	"2.5"	"F0034"	1	1	"PR"	568.286	"drip-di-1"	11.751	1	1	0	921.515	0.0	1022.927	null	1591.834	0.084
-11.9	0.0275	21562.5	2746.875	65.625	NaN	NaN	NaN	1	0	0	0	0	1	1	0	0	0	0	0	1	1	0	0	0	1	1	0	1	1	1	0	1	-143.0	0.09	0.065	NaN	NaN	0.214	0.144	NaN	NaN	6.42	5.04	NaN	NaN	0.0	"2.5"	"F0034"	1	0	"PR"	578.484	"reverse-f"	6.787	1	1	0	921.515	0.0	1022.927	null	1602.032	0.09
-13.1	0.02915	20625.0	2821.875	356.25	NaN	NaN	NaN	1	0	0	0	0	1	1	0	0	0	0	0	1	1	0	0	0	1	1	0	1	1	1	0	1	-157.0	0.097	0.094	NaN	NaN	0.231	0.209	NaN	NaN	6.93	7.315	NaN	NaN	0.0	"2.5"	"F0034"	1	0	"PR"	588.319	"reverse-f"	16.622	1	1	0	921.515	0.0	1022.927	null	1611.867	0.086
-11.0	0.031625	22125.0	2793.75	656.25	NaN	NaN	NaN	1	0	0	0	0	1	1	0	0	0	0	0	1	1	0	0	0	1	1	0	1	1	1	0	1	-132.0	0.094	0.124	NaN	NaN	0.224	0.276	NaN	NaN	6.72	9.66	NaN	NaN	0.0	"2.5"	"F0034"	1	0	"PR"	598.362	"reverse-f"	26.665	1	1	0	921.515	0.0	1022.927	null	1621.91	0.083
-12.0	0.03465	22125.0	2850.0	984.375	NaN	NaN	NaN	1	0	0	0	0	1	1	0	0	0	0	0	1	1	0	0	0	1	1	0	1	1	1	0	1	-144.0	0.1	0.156	NaN	NaN	0.238	0.347	NaN	NaN	7.14	12.145	NaN	NaN	0.0	"2.5"	"F0034"	1	0	"PR"	608.401	"reverse-f"	36.704	1	1	0	921.515	0.0	1022.927	null	1631.949	0.083
-12.4	0.038225	22312.5	2793.75	1284.375	NaN	NaN	NaN	1	0	0	0	0	1	1	0	0	0	0	0	1	1	0	0	0	1	1	0	1	1	1	0	1	-149.0	0.094	0.186	NaN	NaN	0.224	0.413	NaN	NaN	6.72	14.455	NaN	NaN	0.0	"2.5"	"F0034"	1	0	"PR"	618.44	"reverse-f"	46.743	1	1	0	921.515	0.0	1022.927	null	1641.988	0.085
-11.6	0.04125	22125.0	2775.0	1612.5	NaN	NaN	NaN	1	0	0	0	0	1	1	0	0	0	0	0	1	1	0	0	0	1	1	0	1	1	1	0	1	-139.0	0.093	0.219	NaN	NaN	0.221	0.487	NaN	NaN	6.63	17.045	NaN	NaN	0.0	"2.5"	"F0034"	1	0	"PR"	628.476	"reverse-f"	56.779	1	1	0	921.515	0.0	1022.927	null	1652.024	0.084
-10.9	0.044	20250.0	2793.75	1921.875	NaN	NaN	NaN	1	0	0	0	0	1	1	0	0	0	0	0	1	1	0	0	0	1	1	0	1	1	1	0	1	-131.0	0.094	0.25	NaN	NaN	0.224	0.556	NaN	NaN	6.72	19.46	NaN	NaN	0.0	"2.5"	"F0034"	1	0	"PR"	638.514	"reverse-f"	66.817	1	1	0	921.515	0.0	1022.927	null	1662.062	0.083
-11.2	0.0462	20250.0	2765.625	2212.5	NaN	NaN	NaN	1	0	0	0	0	1	1	0	0	0	0	0	1	1	0	0	0	1	1	0	1	1	1	0	1	-134.0	0.092	0.279	NaN	NaN	0.219	0.62	NaN	NaN	6.57	21.7	NaN	NaN	0.0	"2.5"	"F0034"	1	0	"PR"	648.552	"reverse-f"	76.855	1	1	0	921.515	0.0	1022.927	null	1672.1	0.088
-12.0	0.0473	22125.0	2821.875	2268.75	NaN	NaN	NaN	0	0	0	0	0	1	1	0	0	0	0	0	1	0	0	0	0	1	1	0	1	1	1	0	1	-144.0	0.097	0.285	NaN	NaN	0.231	0.633	NaN	NaN	6.93	22.155	NaN	NaN	0.0	"2.5"	"F0034"	1	0	"PR"	658.498	"reverse"	86.801	1	1	0	921.515	0.0	1022.927	null	1682.046	0.083
-13.7	0.0484	21937.5	2765.625	2278.125	NaN	NaN	NaN	0	0	0	0	0	1	1	0	0	0	0	0	1	0	0	0	0	1	1	0	1	1	1	0	1	-164.0	0.092	0.286	NaN	NaN	0.219	0.636	NaN	NaN	6.57	22.26	NaN	NaN	0.0	"2.5"	"F0034"	1	0	"PR"	668.54	"reverse"	96.843	1	1	0	921.515	0.0	1022.927	null	1692.088	0.088
-11.9	0.04895	20250.0	2812.5	2278.125	NaN	NaN	NaN	0	0	0	0	0	1	1	0	0	0	0	0	1	0	0	0	0	1	1	0	1	1	1	0	1	-143.0	0.096	0.286	NaN	NaN	0.229	0.636	NaN	NaN	6.87	22.26	NaN	NaN	0.0	"2.5"	"F0034"	1	0	"PR"	678.575	"reverse"	106.878	1	1	0	921.515	0.0	1022.927	null	1702.123	0.086
-11.9	0.05005	22500.0	2765.625	2287.5	NaN	NaN	NaN	0	0	0	0	0	1	1	0	0	0	0	0	1	0	0	0	0	1	1	0	1	1	1	0	1	-143.0	0.092	0.287	NaN	NaN	0.219	0.638	NaN	NaN	6.57	22.33	NaN	NaN	0.0	"2.5"	"F0034"	1	0	"PR"	688.622	"reverse"	116.925	1	1	0	921.515	0.0	1022.927	null	1712.17	0.087
-11.9	0.0506	22312.5	2784.375	2278.125	NaN	NaN	NaN	0	0	0	0	0	1	1	0	0	0	0	0	1	0	0	0	0	1	1	0	1	1	1	0	1	-143.0	0.093	0.286	NaN	NaN	0.221	0.636	NaN	NaN	6.63	22.26	NaN	NaN	0.0	"2.5"	"F0034"	1	0	"PR"	698.461	"reverse"	126.764	1	1	0	921.515	0.0	1022.927	null	1722.009	0.084
-11.9	0.0506	20437.5	2803.125	2287.5	NaN	NaN	NaN	0	0	0	0	0	1	1	0	0	0	0	0	1	0	0	0	0	1	1	0	1	1	1	0	1	-143.0	0.095	0.287	NaN	NaN	0.226	0.638	NaN	NaN	6.78	22.33	NaN	NaN	0.0	"2.5"	"F0034"	1	0	"PR"	708.496	"reverse"	136.799	1	1	0	921.515	0.0	1022.927	null	1732.044	0.086
-11.9	0.050325	22125.0	2784.375	2287.5	NaN	NaN	NaN	0	0	0	0	0	1	1	0	0	0	0	0	1	0	0	0	0	1	1	0	1	1	1	0	1	-143.0	0.093	0.287	NaN	NaN	0.221	0.638	NaN	NaN	6.63	22.33	NaN	NaN	0.0	"2.5"	"F0034"	1	0	"PR"	718.539	"reverse"	146.842	1	1	0	921.515	0.0	1022.927	null	1742.087	0.087
-0.9	0.05115	-750.0	2971.875	2278.125	NaN	NaN	NaN	0	0	0	0	0	0	0	0	0	0	0	0	0	0	0	0	0	0	0	0	1	0	0	0	1	-11.0	0.112	0.286	NaN	NaN	0.267	0.636	NaN	NaN	8.01	22.26	NaN	NaN	0.0	"2.5"	"F0034"	0	0	"PR"	728.668	"diffuse"	6.916	1	1	1	921.515	0.0	1022.927	null	1752.216	0.086
-2.6	0.0517	-187.5	2962.5	2278.125	NaN	NaN	NaN	0	0	0	0	0	0	0	0	0	0	0	0	0	0	0	0	0	0	0	0	1	0	0	0	1	-31.0	0.111	0.286	NaN	NaN	0.264	0.636	NaN	NaN	7.92	22.26	NaN	NaN	0.0	"2.5"	"F0034"	0	0	"PR"	738.505	"diffuse"	16.753	1	1	1	921.515	0.0	1022.927	null	1762.053	0.083
-0.8	0.0517	-187.5	2971.875	2278.125	NaN	NaN	NaN	0	0	0	0	0	0	0	0	0	0	0	0	0	0	0	0	0	0	0	0	1	0	0	0	1	-10.0	0.112	0.286	NaN	NaN	0.267	0.636	NaN	NaN	8.01	22.26	NaN	NaN	0.0	"2.5"	"F0034"	0	0	"PR"	748.544	"diffuse"	26.792	1	1	1	921.515	0.0	1022.927	null	1772.092	0.087
-12.2	0.05115	19500.0	2775.0	2278.125	NaN	NaN	NaN	0	0	0	0	0	1	1	0	0	0	0	0	1	0	0	0	0	1	1	0	1	1	1	0	1	-146.0	0.093	0.286	NaN	NaN	0.221	0.636	NaN	NaN	6.63	22.26	NaN	NaN	0.0	"2.5"	"F0034"	1	0	"PR"	758.672	"wash-en"	6.919	1	1	1	921.515	0.0	1022.927	null	1782.22	0.084
-11.3	0.051975	20437.5	2775.0	2287.5	NaN	NaN	NaN	0	0	0	0	0	1	1	0	0	0	0	0	1	0	0	0	0	1	1	0	1	1	1	0	1	-136.0	0.093	0.287	NaN	NaN	0.221	0.638	NaN	NaN	6.63	22.33	NaN	NaN	0.0	"2.5"	"F0034"	1	0	"PR"	768.712	"wash-en"	16.959	1	1	1	921.515	0.0	1022.927	null	1792.26	0.083
-1.8	0.052525	22125.0	2840.625	2287.5	NaN	NaN	NaN	0	0	0	0	0	1	1	0	0	0	0	0	1	0	0	0	0	0	0	0	1	0	0	0	1	-22.0	0.099	0.287	NaN	NaN	0.236	0.638	NaN	NaN	7.08	22.33	NaN	NaN	0.0	"2.5"	"F0034"	0	0	"PR"	778.643	"wash-sc"	6.716	1	1	1	921.515	0.0	1022.927	null	1802.191	0.088
-1.5	0.0528	375.0	2971.875	2315.625	NaN	NaN	NaN	0	0	0	0	0	0	0	0	0	0	0	0	0	0	0	0	0	0	0	0	1	0	0	0	1	-18.0	0.112	0.29	NaN	NaN	0.267	0.644	NaN	NaN	8.01	22.54	NaN	NaN	0.0	"2.5"	"F0034"	0	0	"PR"	788.677	"diffuse"	6.621	1	1	2	921.515	0.0	1022.927	null	1812.225	0.083
-0.8	0.051975	-562.5	2962.5	2287.5	NaN	NaN	NaN	0	0	0	0	0	0	0	0	0	0	0	0	0	0	0	0	0	0	0	0	1	0	0	0	1	-10.0	0.111	0.287	NaN	NaN	0.264	0.638	NaN	NaN	7.92	22.33	NaN	NaN	0.0	"2.5"	"F0034"	0	0	"PR"	798.715	"diffuse"	16.659	1	1	2	921.515	0.0	1022.927	null	1822.263	0.084
-0.1	0.0528	-1312.5	2962.5	2296.875	NaN	NaN	NaN	0	0	0	0	0	0	0	0	0	0	0	0	0	0	0	0	0	0	0	0	1	0	0	0	1	-1.0	0.111	0.288	NaN	NaN	0.264	0.64	NaN	NaN	7.92	22.4	NaN	NaN	0.0	"2.5"	"F0034"	0	0	"PR"	808.553	"diffuse"	26.497	1	1	2	921.515	0.0	1022.927	null	1832.101	0.088
-15.0	0.052525	20625.0	2850.0	2268.75	NaN	NaN	NaN	0	0	0	0	0	1	1	0	0	0	0	0	1	0	0	0	0	1	1	0	1	1	1	0	1	-180.0	0.1	0.285	NaN	NaN	0.238	0.633	NaN	NaN	7.14	22.155	NaN	NaN	0.0	"2.5"	"F0034"	1	0	"PR"	818.681	"wash-en"	6.512	1	1	2	921.515	0.0	1022.927	null	1842.229	0.083
-11.9	0.052525	20812.5	2793.75	2278.125	NaN	NaN	NaN	0	0	0	0	0	1	1	0	0	0	0	0	1	0	0	0	0	1	1	0	1	1	1	0	1	-143.0	0.094	0.286	NaN	NaN	0.224	0.636	NaN	NaN	6.72	22.26	NaN	NaN	0.0	"2.5"	"F0034"	1	0	"PR"	828.715	"wash-en"	16.546	1	1	2	921.515	0.0	1022.927	null	1852.263	0.084
-0.5	0.0528	21375.0	2784.375	2287.5	NaN	NaN	NaN	0	0	0	0	0	1	1	0	0	0	0	0	1	0	0	0	0	0	0	0	1	0	0	0	1	-6.0	0.093	0.287	NaN	NaN	0.221	0.638	NaN	NaN	6.63	22.33	NaN	NaN	0.0	"2.5"	"F0034"	0	0	"PR"	838.644	"wash-sc"	6.315	1	1	2	921.515	0.0	1022.927	null	1862.192	0.093
-0.1	0.0528	1125.0	2971.875	2287.5	NaN	NaN	NaN	0	0	0	0	0	0	0	0	0	0	0	0	0	0	0	0	0	0	0	0	1	0	0	0	1	-1.0	0.112	0.287	NaN	NaN	0.267	0.638	NaN	NaN	8.01	22.33	NaN	NaN	0.0	"2.5"	"F0034"	0	0	"PR"	848.681	"diffuse"	6.224	1	1	3	921.515	0.0	1022.927	null	1872.229	0.086
-0.1	0.053075	937.5	2971.875	2296.875	NaN	NaN	NaN	0	0	0	0	0	0	0	0	0	0	0	0	0	0	0	0	0	0	0	0	1	0	0	0	1	-1.0	0.112	0.288	NaN	NaN	0.267	0.64	NaN	NaN	8.01	22.4	NaN	NaN	0.0	"2.5"	"F0034"	0	0	"PR"	858.72	"diffuse"	16.263	1	1	3	921.515	0.0	1022.927	null	1882.268	0.083
-0.4	0.053075	1125.0	2990.625	2315.625	NaN	NaN	NaN	0	0	0	0	0	0	0	0	0	0	0	0	0	0	0	0	0	0	0	0	1	0	0	0	1	-5.0	0.114	0.29	NaN	NaN	0.271	0.644	NaN	NaN	8.13	22.54	NaN	NaN	0.0	"2.5"	"F0034"	0	0	"PR"	868.758	"diffuse"	26.301	1	1	3	921.515	0.0	1022.927	null	1892.306	0.087
-12.1	0.051975	22500.0	2765.625	2268.75	NaN	NaN	NaN	0	0	0	0	0	1	1	0	0	0	0	0	1	0	0	0	0	1	1	0	1	1	1	0	1	-145.0	0.092	0.285	NaN	NaN	0.219	0.633	NaN	NaN	6.57	22.155	NaN	NaN	0.0	"2.5"	"F0034"	1	0	"PR"	878.686	"wash-en"	6.112	1	1	3	921.515	0.0	1022.927	null	1902.234	0.09
-12.0	0.05225	21937.5	2775.0	2278.125	NaN	NaN	NaN	0	0	0	0	0	1	1	0	0	0	0	0	1	0	0	0	0	1	1	0	1	1	1	0	1	-144.0	0.093	0.286	NaN	NaN	0.221	0.636	NaN	NaN	6.63	22.26	NaN	NaN	0.0	"2.5"	"F0034"	1	0	"PR"	888.722	"wash-en"	16.148	1	1	3	921.515	0.0	1022.927	null	1912.27	0.09
0.4	0.052525	20625.0	2831.25	2287.5	NaN	NaN	NaN	0	0	0	0	0	1	1	0	0	0	0	0	1	0	0	0	0	0	0	0	1	0	0	0	1	5.0	0.098	0.287	NaN	NaN	0.233	0.638	NaN	NaN	6.99	22.33	NaN	NaN	0.0	"2.5"	"F0034"	0	0	"PR"	898.855	"wash-sc"	6.116	1	1	3	921.515	0.0	1022.927	null	1922.403	0.085
-0.2	0.0528	-562.5	2953.125	2278.125	NaN	NaN	NaN	0	0	0	0	0	0	0	0	0	0	0	0	0	0	0	0	0	0	0	0	1	0	0	0	1	-2.0	0.11	0.286	NaN	NaN	0.262	0.636	NaN	NaN	7.86	22.26	NaN	NaN	0.0	"2.5"	"F0034"	0	0	"PR"	908.69	"diffuse"	5.822	1	1	4	921.515	0.0	1022.927	null	1932.238	0.088
-0.1	0.051975	187.5	2971.875	2296.875	NaN	NaN	NaN	0	0	0	0	0	0	0	0	0	0	0	0	0	0	0	0	0	0	0	0	1	0	0	0	1	-1.0	0.112	0.288	NaN	NaN	0.267	0.64	NaN	NaN	8.01	22.4	NaN	NaN	0.0	"2.5"	"F0034"	0	0	"PR"	918.725	"diffuse"	15.857	1	1	4	921.515	0.0	1022.927	null	1942.273	0.09
-0.1	0.053075	375.0	2971.875	2287.5	NaN	NaN	NaN	0	0	0	0	0	0	0	0	0	0	0	0	0	0	0	0	0	0	0	0	1	0	0	0	1	-1.0	0.112	0.287	NaN	NaN	0.267	0.638	NaN	NaN	8.01	22.33	NaN	NaN	0.0	"2.5"	"F0034"	0	0	"PR"	928.762	"diffuse"	25.894	1	1	4	921.515	0.0	1022.927	null	1952.31	0.09
-11.3	0.051425	21937.5	2803.125	2287.5	NaN	NaN	NaN	0	0	0	0	0	1	1	0	0	0	0	0	1	0	0	0	0	1	1	0	1	1	1	0	1	-136.0	0.095	0.287	NaN	NaN	0.226	0.638	NaN	NaN	6.78	22.33	NaN	NaN	0.0	"2.5"	"F0034"	1	0	"PR"	938.886	"wash-en"	5.908	1	1	4	921.515	0.0	1022.927	null	1962.434	0.086
-12.7	0.0528	22125.0	2793.75	2278.125	NaN	NaN	NaN	0	0	0	0	0	1	1	0	0	0	0	0	1	0	0	0	0	1	1	0	1	1	1	0	1	-152.0	0.094	0.286	NaN	NaN	0.224	0.636	NaN	NaN	6.72	22.26	NaN	NaN	0.0	"2.5"	"F0034"	1	0	"PR"	948.725	"wash-en"	15.747	1	1	4	921.515	0.0	1022.927	null	1972.273	0.09
0.6	0.053075	21375.0	2784.375	2278.125	NaN	NaN	NaN	0	0	0	0	0	1	1	0	0	0	0	0	1	0	0	0	0	0	0	0	1	0	0	0	1	7.0	0.093	0.286	NaN	NaN	0.221	0.636	NaN	NaN	6.63	22.26	NaN	NaN	0.0	"2.5"	"F0034"	0	0	"PR"	958.858	"wash-sc"	5.715	1	1	4	921.515	0.0	1022.927	null	1982.406	0.088
0.4	0.053075	-3562.5	2568.75	2296.875	NaN	NaN	NaN	0	0	0	0	1	0	0	0	0	0	0	0	0	0	0	0	0	0	0	0	1	0	0	0	1	5.0	0.072	0.288	NaN	NaN	0.171	0.64	NaN	NaN	5.13	22.4	NaN	NaN	0.0	"2.5"	"F0034"	0	0	"PR"	968.895	"drain-rg"	5.622	1	1	4	921.515	0.0	1022.927	null	1992.443	0.09
0.3	0.053075	-2812.5	2240.625	2278.125	NaN	NaN	NaN	0	0	0	0	1	0	0	0	0	0	0	0	0	0	0	0	0	0	0	0	1	0	0	0	1	4.0	0.039	0.286	NaN	NaN	0.093	0.636	NaN	NaN	2.79	22.26	NaN	NaN	0.0	"2.5"	"F0034"	0	0	"PR"	978.933	"drain-rg"	15.66	1	1	4	921.515	0.0	1022.927	null	2002.481	0.094
-0.5	0.051975	-2625.0	1837.5	2287.5	NaN	NaN	NaN	0	0	0	0	1	0	0	0	0	0	0	0	0	0	0	0	0	0	0	0	1	0	0	0	1	-6.0	-0.001	0.287	NaN	NaN	-0.002	0.638	NaN	NaN	-0.06	22.33	NaN	NaN	0.0	"2.5"	"F0034"	0	0	"PR"	988.77	"drain-rg"	25.497	1	1	4	921.515	0.0	1022.927	null	2012.318	0.09
0.5	0.0528	-3187.5	1200.0	2287.5	NaN	NaN	NaN	0	0	0	0	1	0	0	0	0	0	0	0	0	0	0	0	0	0	0	0	1	0	0	0	1	6.0	-0.065	0.287	NaN	NaN	-0.155	0.638	NaN	NaN	-4.65	22.33	NaN	NaN	0.0	"2.5"	"F0034"	0	0	"PR"	998.808	"drip-rg"	10.038	1	1	4	921.515	0.0	1022.927	null	2022.356	0.09
0.3	0.051975	19875.0	1715.625	2203.125	NaN	NaN	NaN	0	0	1	0	0	1	0	0	0	0	0	0	1	0	0	0	0	0	0	0	1	0	0	0	1	4.0	-0.013	0.278	NaN	NaN	-0.031	0.618	NaN	NaN	-0.93	21.63	NaN	NaN	0.0	"2.5"	"F0034"	0	0	"FR"	4.237	"fill-rg-di"	4.036	2	1	0	2027.575	0.0	1022.927	null	2032.433	0.093
0.3	0.05225	19687.5	2090.625	1940.625	NaN	NaN	NaN	0	0	1	0	0	1	0	0	0	0	0	0	1	0	0	0	0	0	0	0	1	0	0	0	1	4.0	0.024	0.252	NaN	NaN	0.057	0.56	NaN	NaN	1.71	19.6	NaN	NaN	0.0	"2.5"	"F0034"	0	0	"FR"	14.273	"fill-rg-di"	14.072	2	1	0	2027.575	0.0	1022.927	null	2042.469	0.09
0.3	0.0517	19687.5	2437.5	1696.875	NaN	NaN	NaN	0	0	1	0	0	1	0	0	0	0	0	0	1	0	0	0	0	0	0	0	1	0	0	0	1	4.0	0.059	0.228	NaN	NaN	0.14	0.507	NaN	NaN	4.2	17.745	NaN	NaN	0.0	"2.5"	"F0034"	0	0	"FR"	24.308	"fill-rg-di"	24.107	2	1	0	2027.575	0.0	1022.927	null	2052.504	0.09
-0.1	0.05005	19312.5	2728.125	1443.75	NaN	NaN	NaN	0	0	1	0	0	1	0	0	0	0	0	0	1	0	0	0	0	0	0	0	1	0	0	0	1	-1.0	0.088	0.202	NaN	NaN	0.21	0.449	NaN	NaN	6.3	15.715	NaN	NaN	0.0	"2.5"	"F0034"	0	0	"FR"	34.348	"fill-rg-di"	34.147	2	1	0	2027.575	0.0	1022.927	null	2062.544	0.089
0.1	0.048675	21375.0	3065.625	1181.25	NaN	NaN	NaN	0	0	1	0	0	1	0	0	0	0	0	0	1	0	0	0	0	0	0	0	1	0	0	0	1	1.0	0.122	0.176	NaN	NaN	0.29	0.391	NaN	NaN	8.7	13.685	NaN	NaN	0.0	"2.5"	"F0034"	0	0	"FR"	44.186	"fill-rg-di"	43.985	2	1	0	2027.575	0.0	1022.927	null	2072.382	0.086
0.6	0.0484	-1125.0	2990.625	993.75	NaN	NaN	NaN	0	0	0	0	1	0	0	0	0	0	0	0	0	0	0	0	0	0	0	0	1	0	0	0	1	7.0	0.114	0.157	NaN	NaN	0.271	0.349	NaN	NaN	8.13	12.215	NaN	NaN	0.0	"2.5"	"F0034"	0	0	"FR"	54.224	"drain-rg"	2.81	2	1	0	2027.575	0.0	1022.927	null	2082.42	0.086
0.3	0.04895	-3562.5	2587.5	993.75	NaN	NaN	NaN	0	0	0	0	1	0	0	0	0	0	0	0	0	0	0	0	0	0	0	0	1	0	0	0	1	4.0	0.074	0.157	NaN	NaN	0.176	0.349	NaN	NaN	5.28	12.215	NaN	NaN	0.0	"2.5"	"F0034"	0	0	"FR"	64.26	"drain-rg"	12.846	2	1	0	2027.575	0.0	1022.927	null	2092.456	0.086
2.5	0.049225	-4125.0	2259.375	993.75	NaN	NaN	NaN	0	0	0	0	1	0	0	0	0	0	0	0	0	0	0	0	0	0	0	0	1	0	0	0	1	30.0	0.041	0.157	NaN	NaN	0.098	0.349	NaN	NaN	2.94	12.215	NaN	NaN	0.0	"2.5"	"F0034"	0	0	"FR"	74.3	"drain-rg"	22.886	2	1	0	2027.575	0.0	1022.927	null	2102.496	0.093
1.6	0.047575	-4687.5	1903.125	993.75	NaN	NaN	NaN	0	0	0	0	1	0	0	0	0	0	0	0	0	0	0	0	0	0	0	0	1	0	0	0	1	19.0	0.005	0.157	NaN	NaN	0.012	0.349	NaN	NaN	0.36	12.215	NaN	NaN	0.0	"2.5"	"F0034"	0	0	"FR"	84.336	"drain-rg"	32.922	2	1	0	2027.575	0.0	1022.927	null	2112.532	0.09
0.5	0.0484	-4312.5	1340.625	993.75	NaN	NaN	NaN	0	0	0	0	1	0	0	0	0	0	0	0	0	0	0	0	0	0	0	0	1	0	0	0	1	6.0	-0.051	0.157	NaN	NaN	-0.121	0.349	NaN	NaN	-3.63	12.215	NaN	NaN	0.0	"2.5"	"F0034"	0	0	"FR"	94.369	"drip-rg"	8.427	2	1	0	2027.575	0.0	1022.927	null	2122.565	0.09
-0.8	0.0484	19312.5	1171.875	937.5	NaN	NaN	NaN	0	0	1	0	0	1	0	0	0	0	0	0	1	0	0	0	0	0	0	0	1	0	0	0	1	-10.0	-0.068	0.152	NaN	NaN	-0.162	0.338	NaN	NaN	-4.86	11.83	NaN	NaN	0.0	"2.5"	"F0034"	0	0	"PR"	2.628	"fill-rg-di"	2.428	2	0	0	2027.575	0.0	2129.394	null	2132.645	0.087
-1.4	0.0473	20625.0	2006.25	693.75	NaN	NaN	NaN	0	0	1	0	0	1	0	0	0	0	0	0	1	0	0	0	0	0	0	0	1	0	0	0	1	-17.0	0.016	0.127	NaN	NaN	0.038	0.282	NaN	NaN	1.14	9.87	NaN	NaN	0.0	"2.5"	"F0034"	0	0	"PR"	12.467	"fill-rg-di"	12.267	2	0	0	2027.575	0.0	2129.394	null	2142.484	0.088
-0.3	0.046475	19125.0	2343.75	421.875	NaN	NaN	NaN	0	0	1	0	0	1	0	0	0	0	0	0	1	0	0	0	0	0	0	0	1	0	0	0	1	-4.0	0.049	0.1	NaN	NaN	0.117	0.222	NaN	NaN	3.51	7.77	NaN	NaN	0.0	"2.5"	"F0034"	0	0	"PR"	22.503	"fill-rg-di"	22.303	2	0	0	2027.575	0.0	2129.394	null	2152.52	0.087
0.3	0.04565	20812.5	2653.125	168.75	NaN	NaN	NaN	0	0	1	0	0	1	0	0	0	0	0	0	1	0	0	0	0	0	0	0	1	0	0	0	1	4.0	0.08	0.075	NaN	NaN	0.19	0.167	NaN	NaN	5.7	5.845	NaN	NaN	0.0	"2.5"	"F0034"	0	0	"PR"	32.536	"fill-rg-di"	32.336	2	0	0	2027.575	0.0	2129.394	null	2162.553	0.084
-1.0	0.044825	750.0	2793.75	243.75	NaN	NaN	NaN	1	0	0	0	0	0	0	0	0	0	0	0	0	1	0	0	0	0	0	0	1	0	0	0	1	-12.0	0.094	0.082	NaN	NaN	0.224	0.182	NaN	NaN	6.72	6.37	NaN	NaN	0.0	"2.5"	"F0034"	0	0	"PR"	42.578	"fill-di-lb"	5.826	2	0	0	2027.575	0.0	2129.394	null	2172.595	0.089
0.0	0.045375	562.5	2793.75	562.5	NaN	NaN	NaN	1	0	0	0	0	0	0	0	0	0	0	0	0	1	0	0	0	0	0	0	1	0	0	0	1	0.0	0.094	0.114	NaN	NaN	0.224	0.253	NaN	NaN	6.72	8.855	NaN	NaN	0.0	"2.5"	"F0034"	0	0	"PR"	52.615	"fill-di-lb"	15.863	2	0	0	2027.575	0.0	2129.394	null	2182.632	0.086
0.2	0.044825	750.0	2784.375	871.875	NaN	NaN	NaN	1	0	0	0	0	0	0	0	0	0	0	0	0	1	0	0	0	0	0	0	1	0	0	0	1	2.0	0.093	0.145	NaN	NaN	0.221	0.322	NaN	NaN	6.63	11.27	NaN	NaN	0.0	"2.5"	"F0034"	0	0	"PR"	62.654	"fill-di-lb"	25.902	2	0	0	2027.575	0.0	2129.394	null	2192.671	0.09
0.7	0.0451	1125.0	2793.75	1153.125	NaN	NaN	NaN	1	0	0	0	0	0	0	0	0	0	0	0	0	1	0	0	0	0	0	0	1	0	0	0	1	8.0	0.094	0.173	NaN	NaN	0.224	0.384	NaN	NaN	6.72	13.44	NaN	NaN	0.0	"2.5"	"F0034"	0	0	"PR"	72.697	"fill-di-lb"	35.945	2	0	0	2027.575	0.0	2129.394	null	2202.714	0.09
0.3	0.045375	-375.0	2803.125	1481.25	NaN	NaN	NaN	1	0	0	0	0	0	0	0	0	0	0	0	0	1	0	0	0	0	0	0	1	0	0	0	1	4.0	0.095	0.206	NaN	NaN	0.226	0.458	NaN	NaN	6.78	16.03	NaN	NaN	0.0	"2.5"	"F0034"	0	0	"PR"	82.535	"fill-di-lb"	45.783	2	0	0	2027.575	0.0	2129.394	null	2212.552	0.083
0.2	0.04455	562.5	2793.75	1790.625	NaN	NaN	NaN	1	0	0	0	0	0	0	0	0	0	0	0	0	1	0	0	0	0	0	0	1	0	0	0	1	2.0	0.094	0.237	NaN	NaN	0.224	0.527	NaN	NaN	6.72	18.445	NaN	NaN	0.0	"2.5"	"F0034"	0	0	"PR"	92.576	"fill-di-lb"	55.824	2	0	0	2027.575	0.0	2129.394	null	2222.593	0.085
0.0	0.044825	1875.0	2784.375	2081.25	NaN	NaN	NaN	1	0	0	0	0	0	0	0	0	0	0	0	0	1	0	0	0	0	0	0	1	0	0	0	1	0.0	0.093	0.266	NaN	NaN	0.221	0.591	NaN	NaN	6.63	20.685	NaN	NaN	0.0	"2.5"	"F0034"	0	0	"PR"	102.611	"fill-di-lb"	65.859	2	0	0	2027.575	0.0	2129.394	null	2232.628	0.083
0.4	0.04455	19687.5	2943.75	2156.25	NaN	NaN	NaN	0	0	1	0	0	1	0	0	0	0	0	0	1	0	0	0	0	0	0	0	1	0	0	0	1	5.0	0.109	0.274	NaN	NaN	0.26	0.609	NaN	NaN	7.8	21.315	NaN	NaN	0.0	"2.5"	"F0034"	0	0	"PR"	112.644	"fill-rg-di"	4.816	2	0	0	2027.575	0.0	2129.394	null	2242.661	0.084
-10.7	0.043175	25687.5	2953.125	2465.625	NaN	NaN	NaN	0	1	1	0	0	0	0	0	0	0	0	0	1	0	0	0	0	1	1	0	1	1	1	0	1	-128.0	0.11	0.305	NaN	NaN	0.262	0.678	NaN	NaN	7.86	23.73	NaN	NaN	0.0	"2.5"	"F0034"	1	0	"PR"	122.686	"deionize"	5.425	2	1	0	2027.575	0.0	2129.394	null	2252.703	0.088
-12.3	0.043175	26437.5	2953.125	2484.375	NaN	NaN	NaN	0	1	1	0	0	0	0	0	0	0	0	0	1	0	0	0	0	1	1	0	1	1	1	0	1	-148.0	0.11	0.306	NaN	NaN	0.262	0.68	NaN	NaN	7.86	23.8	NaN	NaN	0.0	"2.5"	"F0034"	1	0	"PR"	132.719	"deionize"	15.458	2	1	0	2027.575	0.0	2129.394	null	2262.736	0.087
-12.0	0.0418	27750.0	2962.5	2587.5	NaN	NaN	NaN	0	1	1	0	0	0	0	0	0	0	0	0	1	0	0	0	0	1	1	0	1	1	1	0	1	-144.0	0.111	0.317	NaN	NaN	0.264	0.704	NaN	NaN	7.92	24.64	NaN	NaN	0.0	"2.5"	"F0034"	1	0	"PR"	142.757	"deionize"	25.496	2	1	0	2027.575	0.0	2129.394	null	2272.774	0.086
-11.8	0.04125	26812.5	2934.375	2550.0	NaN	NaN	NaN	0	1	1	0	0	0	0	0	0	0	0	0	1	0	0	0	0	1	1	0	1	1	1	0	1	-142.0	0.108	0.313	NaN	NaN	0.257	0.696	NaN	NaN	7.71	24.36	NaN	NaN	0.0	"2.5"	"F0034"	1	0	"PR"	152.794	"deionize"	35.533	2	1	0	2027.575	0.0	2129.394	null	2282.811	0.084
-12.0	0.039875	28875.0	2953.125	2512.5	NaN	NaN	NaN	0	1	1	0	0	0	0	0	0	0	0	0	1	0	0	0	0	1	1	0	1	1	1	0	1	-144.0	0.11	0.309	NaN	NaN	0.262	0.687	NaN	NaN	7.86	24.045	NaN	NaN	0.0	"2.5"	"F0034"	1	0	"PR"	162.629	"deionize"	45.368	2	1	0	2027.575	0.0	2129.394	null	2292.646	0.084
-11.9	0.03905	26062.5	2943.75	2475.0	NaN	NaN	NaN	0	1	1	0	0	0	0	0	0	0	0	0	1	0	0	0	0	1	1	0	1	1	1	0	1	-143.0	0.109	0.305	NaN	NaN	0.26	0.678	NaN	NaN	7.8	23.73	NaN	NaN	0.0	"2.5"	"F0034"	1	0	"PR"	172.664	"deionize"	55.403	2	1	0	2027.575	0.0	2129.394	null	2302.681	0.085
-12.0	0.0385	25312.5	2971.875	2493.75	NaN	NaN	NaN	0	1	1	0	0	0	0	0	0	0	0	0	1	0	0	0	0	1	1	0	1	1	1	0	1	-144.0	0.112	0.307	NaN	NaN	0.267	0.682	NaN	NaN	8.01	23.87	NaN	NaN	0.0	"2.5"	"F0034"	1	0	"PR"	182.701	"deionize"	65.44	2	1	0	2027.575	0.0	2129.394	null	2312.718	0.084
-12.3	0.0374	30000.0	2953.125	2428.125	NaN	NaN	NaN	0	1	1	0	0	0	0	0	0	0	0	0	1	0	0	0	0	1	1	0	1	1	1	0	1	-148.0	0.11	0.301	NaN	NaN	0.262	0.669	NaN	NaN	7.86	23.415	NaN	NaN	0.0	"2.5"	"F0034"	1	0	"PR"	192.732	"deionize"	75.471	2	1	0	2027.575	0.0	2129.394	null	2322.749	0.084
-11.9	0.03685	28687.5	2953.125	2390.625	NaN	NaN	NaN	0	1	1	0	0	0	0	0	0	0	0	0	1	0	0	0	0	1	1	0	1	1	1	0	1	-143.0	0.11	0.297	NaN	NaN	0.262	0.66	NaN	NaN	7.86	23.1	NaN	NaN	0.0	"2.5"	"F0034"	1	0	"PR"	202.773	"deionize"	85.512	2	1	0	2027.575	0.0	2129.394	null	2332.79	0.085
-11.9	0.036575	28500.0	2953.125	2475.0	NaN	NaN	NaN	0	1	1	0	0	0	0	0	0	0	0	0	1	0	0	0	0	1	1	0	1	1	1	0	1	-143.0	0.11	0.305	NaN	NaN	0.262	0.678	NaN	NaN	7.86	23.73	NaN	NaN	0.0	"2.5"	"F0034"	1	0	"PR"	212.809	"deionize"	95.548	2	1	0	2027.575	0.0	2129.394	null	2342.826	0.084
-11.9	0.0363	26812.5	2962.5	2456.25	NaN	NaN	NaN	0	1	1	0	0	0	0	0	0	0	0	0	1	0	0	0	0	1	1	0	1	1	1	0	1	-143.0	0.111	0.304	NaN	NaN	0.264	0.676	NaN	NaN	7.92	23.66	NaN	NaN	0.0	"2.5"	"F0034"	1	0	"PR"	222.843	"deionize"	105.582	2	1	0	2027.575	0.0	2129.394	null	2352.86	0.084
-12.3	0.03575	26250.0	2953.125	2409.375	NaN	NaN	NaN	0	1	1	0	0	0	0	0	0	0	0	0	1	0	0	0	0	1	1	0	1	1	1	0	1	-148.0	0.11	0.299	NaN	NaN	0.262	0.664	NaN	NaN	7.86	23.24	NaN	NaN	0.0	"2.5"	"F0034"	1	0	"PR"	232.882	"deionize"	115.621	2	1	0	2027.575	0.0	2129.394	null	2362.899	0.086
-11.9	0.03465	27937.5	2925.0	2428.125	NaN	NaN	NaN	0	1	1	0	0	0	0	0	0	0	0	0	1	0	0	0	0	1	1	0	1	1	1	0	1	-143.0	0.107	0.301	NaN	NaN	0.255	0.669	NaN	NaN	7.65	23.415	NaN	NaN	0.0	"2.5"	"F0034"	1	0	"PR"	242.714	"deionize"	125.453	2	1	0	2027.575	0.0	2129.394	null	2372.731	0.084
-12.1	0.033825	28312.5	2971.875	2437.5	NaN	NaN	NaN	0	1	1	0	0	0	0	0	0	0	0	0	1	0	0	0	0	1	1	0	1	1	1	0	1	-145.0	0.112	0.302	NaN	NaN	0.267	0.671	NaN	NaN	8.01	23.485	NaN	NaN	0.0	"2.5"	"F0034"	1	0	"PR"	252.751	"deionize"	135.49	2	1	0	2027.575	0.0	2129.394	null	2382.768	0.084
-13.2	0.033275	28312.5	2943.75	2381.25	NaN	NaN	NaN	0	1	1	0	0	0	0	0	0	0	0	0	1	0	0	0	0	1	1	0	1	1	1	0	1	-158.0	0.109	0.296	NaN	NaN	0.26	0.658	NaN	NaN	7.8	23.03	NaN	NaN	0.0	"2.5"	"F0034"	1	0	"PR"	262.79	"deionize"	145.529	2	1	0	2027.575	0.0	2129.394	null	2392.807	0.085
-11.9	0.033275	25500.0	2953.125	2475.0	NaN	NaN	NaN	0	1	1	0	0	0	0	0	0	0	0	0	1	0	0	0	0	1	1	0	1	1	1	0	1	-143.0	0.11	0.305	NaN	NaN	0.262	0.678	NaN	NaN	7.86	23.73	NaN	NaN	0.0	"2.5"	"F0034"	1	0	"PR"	272.822	"deionize"	155.561	2	1	0	2027.575	0.0	2129.394	null	2402.839	0.084
-11.7	0.03245	28500.0	2934.375	2362.5	NaN	NaN	NaN	0	1	1	0	0	0	0	0	0	0	0	0	1	0	0	0	0	1	1	0	1	1	1	0	1	-140.0	0.108	0.294	NaN	NaN	0.257	0.653	NaN	NaN	7.71	22.855	NaN	NaN	0.0	"2.5"	"F0034"	1	0	"PR"	282.857	"deionize"	165.596	2	1	0	2027.575	0.0	2129.394	null	2412.874	0.084
-11.7	0.032725	28312.5	2943.75	2437.5	NaN	NaN	NaN	0	1	1	0	0	0	0	0	0	0	0	0	1	0	0	0	0	1	1	0	1	1	1	0	1	-140.0	0.109	0.302	NaN	NaN	0.26	0.671	NaN	NaN	7.8	23.485	NaN	NaN	0.0	"2.5"	"F0034"	1	0	"PR"	292.895	"deionize"	175.634	2	1	0	2027.575	0.0	2129.394	null	2422.912	0.084
-11.8	0.032175	30000.0	2943.75	2400.0	NaN	NaN	NaN	0	1	1	0	0	0	0	0	0	0	0	0	1	0	0	0	0	1	1	0	1	1	1	0	1	-142.0	0.109	0.298	NaN	NaN	0.26	0.662	NaN	NaN	7.8	23.17	NaN	NaN	0.0	"2.5"	"F0034"	1	0	"PR"	302.927	"deionize"	185.666	2	1	0	2027.575	0.0	2129.394	null	2432.944	0.084
-11.9	0.031625	28312.5	2971.875	2390.625	NaN	NaN	NaN	0	1	1	0	0	0	0	0	0	0	0	0	1	0	0	0	0	1	1	0	1	1	1	0	1	-143.0	0.112	0.297	NaN	NaN	0.267	0.66	NaN	NaN	8.01	23.1	NaN	NaN	0.0	"2.5"	"F0034"	1	0	"PR"	312.961	"deionize"	195.7	2	1	0	2027.575	0.0	2129.394	null	2442.978	0.084
-11.7	0.031625	25500.0	2953.125	2437.5	NaN	NaN	NaN	0	1	1	0	0	0	0	0	0	0	0	0	1	0	0	0	0	1	1	0	1	1	1	0	1	-140.0	0.11	0.302	NaN	NaN	0.262	0.671	NaN	NaN	7.86	23.485	NaN	NaN	0.0	"2.5"	"F0034"	1	0	"PR"	323.003	"deionize"	205.742	2	1	0	2027.575	0.0	2129.394	null	2453.02	0.084
-11.8	0.030525	28687.5	2962.5	2390.625	NaN	NaN	NaN	0	1	1	0	0	0	0	0	0	0	0	0	1	0	0	0	0	1	1	0	1	1	1	0	1	-142.0	0.111	0.297	NaN	NaN	0.264	0.66	NaN	NaN	7.92	23.1	NaN	NaN	0.0	"2.5"	"F0034"	1	0	"PR"	332.83	"deionize"	215.569	2	1	0	2027.575	0.0	2129.394	null	2462.847	0.09
-11.8	0.029425	29437.5	2971.875	2475.0	NaN	NaN	NaN	0	1	1	0	0	0	0	0	0	0	0	0	1	0	0	0	0	1	1	0	1	1	1	0	1	-142.0	0.112	0.305	NaN	NaN	0.267	0.678	NaN	NaN	8.01	23.73	NaN	NaN	0.0	"2.5"	"F0034"	1	0	"PR"	342.869	"deionize"	225.608	2	1	0	2027.575	0.0	2129.394	null	2472.886	0.092
-10.8	0.029425	27562.5	2953.125	2362.5	NaN	NaN	NaN	0	1	1	0	0	0	0	0	0	0	0	0	1	0	0	0	0	1	1	0	1	1	1	0	1	-130.0	0.11	0.294	NaN	NaN	0.262	0.653	NaN	NaN	7.86	22.855	NaN	NaN	0.0	"2.5"	"F0034"	1	0	"PR"	352.905	"deionize"	235.644	2	1	0	2027.575	0.0	2129.394	null	2482.922	0.09
-12.0	0.0286	29812.5	2953.125	2381.25	NaN	NaN	NaN	0	1	1	0	0	0	0	0	0	0	0	0	1	0	0	0	1	1	1	0	1	1	1	0	1	-144.0	0.11	0.296	NaN	NaN	0.262	0.658	NaN	NaN	7.86	23.03	NaN	NaN	0.0	"2.5"	"F0034"	1	0	"PR"	363.052	"deionize-uv"	5.73	2	1	0	2027.575	0.0	2129.394	null	2493.069	0.084
-11.4	0.0286	28687.5	2962.5	2400.0	NaN	NaN	NaN	0	1	1	0	0	0	0	0	0	0	0	0	1	0	0	0	1	1	1	0	1	1	1	0	1	-137.0	0.111	0.298	NaN	NaN	0.264	0.662	NaN	NaN	7.92	23.17	NaN	NaN	0.0	"2.5"	"F0034"	1	0	"PR"	372.892	"deionize-uv"	15.57	2	1	0	2027.575	0.0	2129.394	null	2502.909	0.09
-11.3	0.02805	29437.5	2962.5	2390.625	NaN	NaN	NaN	0	1	1	0	0	0	0	0	0	0	0	0	1	0	0	0	1	1	1	0	1	1	1	0	1	-136.0	0.111	0.297	NaN	NaN	0.264	0.66	NaN	NaN	7.92	23.1	NaN	NaN	0.0	"2.5"	"F0034"	1	0	"PR"	382.932	"deionize-uv"	25.61	2	1	0	2027.575	0.0	2129.394	null	2512.949	0.086
-10.5	0.02805	29250.0	2943.75	2381.25	NaN	NaN	NaN	0	1	1	0	0	0	0	0	0	0	0	0	1	0	0	0	1	1	1	0	1	1	1	0	1	-126.0	0.109	0.296	NaN	NaN	0.26	0.658	NaN	NaN	7.8	23.03	NaN	NaN	0.0	"2.5"	"F0034"	1	0	"PR"	392.97	"deionize-uv"	35.648	2	1	0	2027.575	0.0	2129.394	null	2522.987	0.089
-10.6	0.02805	25312.5	2962.5	2315.625	NaN	NaN	NaN	0	1	1	0	0	0	0	0	0	0	0	0	1	0	0	0	1	1	1	0	1	1	1	0	1	-127.0	0.111	0.29	NaN	NaN	0.264	0.644	NaN	NaN	7.92	22.54	NaN	NaN	0.0	"2.5"	"F0034"	1	0	"PR"	403.006	"deionize-uv"	45.684	2	1	0	2027.575	0.0	2129.394	null	2533.023	0.09
-10.6	0.02695	27562.5	2962.5	2390.625	NaN	NaN	NaN	0	1	1	0	0	0	0	0	0	0	0	0	1	0	0	0	1	1	1	0	1	1	1	0	1	-127.0	0.111	0.297	NaN	NaN	0.264	0.66	NaN	NaN	7.92	23.1	NaN	NaN	0.0	"2.5"	"F0034"	1	0	"PR"	413.043	"deionize-uv"	55.721	2	1	0	2027.575	0.0	2129.394	null	2543.06	0.09
-10.0	0.0264	26062.5	2962.5	2362.5	NaN	NaN	NaN	0	1	1	0	0	0	0	0	0	0	0	0	1	0	0	0	1	1	1	0	1	1	1	0	1	-120.0	0.111	0.294	NaN	NaN	0.264	0.653	NaN	NaN	7.92	22.855	NaN	NaN	0.0	"2.5"	"F0034"	1	0	"PR"	423.082	"deionize-uv"	65.76	2	1	0	2027.575	0.0	2129.394	null	2553.099	0.088
-10.2	0.026125	29625.0	2943.75	2437.5	NaN	NaN	NaN	0	1	1	0	0	0	0	0	0	0	0	0	1	0	0	0	1	1	1	0	1	1	1	0	1	-122.0	0.109	0.302	NaN	NaN	0.26	0.671	NaN	NaN	7.8	23.485	NaN	NaN	0.0	"2.5"	"F0034"	1	0	"PR"	433.116	"deionize-uv"	75.794	2	1	0	2027.575	0.0	2129.394	null	2563.133	0.083
-10.3	0.025575	28125.0	2962.5	2390.625	NaN	NaN	NaN	0	1	1	0	0	0	0	0	0	0	0	0	1	0	0	0	1	1	1	0	1	1	1	0	1	-124.0	0.111	0.297	NaN	NaN	0.264	0.66	NaN	NaN	7.92	23.1	NaN	NaN	0.0	"2.5"	"F0034"	1	0	"PR"	442.952	"deionize-uv"	85.63	2	1	0	2027.575	0.0	2129.394	null	2572.969	0.09
-11.2	0.025575	27000.0	2971.875	2475.0	NaN	NaN	NaN	0	1	1	0	0	0	0	0	0	0	0	0	1	0	0	0	1	1	1	0	1	1	1	0	1	-134.0	0.112	0.305	NaN	NaN	0.267	0.678	NaN	NaN	8.01	23.73	NaN	NaN	0.0	"2.5"	"F0034"	1	0	"PR"	452.991	"deionize-uv"	95.669	2	1	0	2027.575	0.0	2129.394	null	2583.008	0.091
-9.5	0.0253	26812.5	2962.5	2400.0	NaN	NaN	NaN	0	1	1	0	0	0	0	0	0	0	0	0	1	0	0	0	1	1	1	0	1	1	1	0	1	-114.0	0.111	0.298	NaN	NaN	0.264	0.662	NaN	NaN	7.92	23.17	NaN	NaN	0.0	"2.5"	"F0034"	1	0	"PR"	463.03	"deionize-uv"	105.708	2	1	0	2027.575	0.0	2129.394	null	2593.047	0.09
-9.6	0.02475	26062.5	2943.75	2353.125	NaN	NaN	NaN	0	1	1	0	0	0	0	0	0	0	0	0	1	0	0	0	1	1	1	0	1	1	1	0	1	-115.0	0.109	0.293	NaN	NaN	0.26	0.651	NaN	NaN	7.8	22.785	NaN	NaN	0.0	"2.5"	"F0034"	1	0	"PR"	473.069	"deionize-uv"	115.747	2	1	0	2027.575	0.0	2129.394	null	2603.086	0.093
-9.3	0.025025	20625.0	2943.75	1912.5	NaN	NaN	NaN	0	0	1	0	0	0	0	1	0	0	0	0	1	0	0	0	1	1	1	0	1	1	1	0	1	-112.0	0.109	0.249	NaN	NaN	0.26	0.553	NaN	NaN	7.8	19.355	NaN	NaN	0.0	"2.5"	"F0034"	1	0	"PR"	483.032	"drain-di-1"	5.548	2	1	0	2027.575	0.0	2129.394	null	2613.049	0.09
-9.8	0.0242	20250.0	2953.125	1668.75	NaN	NaN	NaN	0	0	1	0	0	0	0	1	0	0	0	0	1	0	0	0	1	1	1	0	1	1	1	0	1	-118.0	0.11	0.225	NaN	NaN	0.262	0.5	NaN	NaN	7.86	17.5	NaN	NaN	0.0	"2.5"	"F0034"	1	0	"PR"	493.072	"drain-di-1"	15.588	2	1	0	2027.575	0.0	2129.394	null	2623.089	0.091
-9.2	0.023925	19875.0	2943.75	1415.625	NaN	NaN	NaN	0	0	1	0	0	0	0	1	0	0	0	0	1	0	0	0	1	1	1	0	1	1	1	0	1	-110.0	0.109	0.2	NaN	NaN	0.26	0.444	NaN	NaN	7.8	15.54	NaN	NaN	0.0	"2.5"	"F0034"	1	0	"PR"	503.106	"drain-di-1"	25.622	2	1	0	2027.575	0.0	2129.394	null	2633.123	0.09
-9.5	0.023925	21000.0	2943.75	1153.125	NaN	NaN	NaN	0	0	1	0	0	0	0	1	0	0	0	0	1	0	0	0	1	1	1	0	1	1	1	0	1	-114.0	0.109	0.173	NaN	NaN	0.26	0.384	NaN	NaN	7.8	13.44	NaN	NaN	0.0	"2.5"	"F0034"	1	0	"PR"	513.139	"drain-di-1"	35.655	2	1	0	2027.575	0.0	2129.394	null	2643.156	0.09
-9.1	0.023925	21562.5	2953.125	918.75	NaN	NaN	NaN	0	0	1	0	0	0	0	1	0	0	0	0	1	0	0	0	1	1	1	0	1	1	1	0	1	-109.0	0.11	0.15	NaN	NaN	0.262	0.333	NaN	NaN	7.86	11.655	NaN	NaN	0.0	"2.5"	"F0034"	1	0	"PR"	523.176	"drain-di-1"	45.692	2	1	0	2027.575	0.0	2129.394	null	2653.193	0.092
-9.8	0.023375	20250.0	2953.125	646.875	NaN	NaN	NaN	0	0	1	0	0	0	0	1	0	0	0	0	1	0	0	0	1	1	1	0	1	1	1	0	1	-118.0	0.11	0.123	NaN	NaN	0.262	0.273	NaN	NaN	7.86	9.555	NaN	NaN	0.0	"2.5"	"F0034"	1	0	"PR"	533.213	"drain-di-1"	55.729	2	1	0	2027.575	0.0	2129.394	null	2663.23	0.09
-9.2	0.023375	19875.0	2953.125	384.375	NaN	NaN	NaN	0	0	1	0	0	0	0	1	0	0	0	0	1	0	0	0	1	1	1	0	1	1	1	0	1	-110.0	0.11	0.096	NaN	NaN	0.262	0.213	NaN	NaN	7.86	7.455	NaN	NaN	0.0	"2.5"	"F0034"	1	0	"PR"	543.245	"drain-di-1"	65.761	2	1	0	2027.575	0.0	2129.394	null	2673.262	0.089
-9.0	0.02365	20437.5	2943.75	131.25	NaN	NaN	NaN	0	0	1	0	0	0	0	1	0	0	0	0	1	0	0	0	1	1	1	0	1	1	1	0	1	-108.0	0.109	0.071	NaN	NaN	0.26	0.158	NaN	NaN	7.8	5.53	NaN	NaN	0.0	"2.5"	"F0034"	1	0	"PR"	553.084	"drain-di-1"	75.6	2	1	0	2027.575	0.0	2129.394	null	2683.101	0.087
-8.8	0.022825	19500.0	2962.5	-131.25	NaN	NaN	NaN	0	0	1	0	0	0	0	1	0	0	0	0	1	0	0	0	1	1	1	0	1	1	1	0	1	-106.0	0.111	0.045	NaN	NaN	0.264	0.1	NaN	NaN	7.92	3.5	NaN	NaN	0.0	"2.5"	"F0034"	1	0	"PR"	563.222	"drip-di-1"	7.33	2	1	0	2027.575	0.0	2129.394	null	2693.239	0.089
12.6	0.0231	19875.0	2756.25	-37.5	NaN	NaN	NaN	1	0	0	0	0	1	1	0	0	0	0	0	1	1	0	0	0	1	1	1	0	1	1	1	0	151.0	0.091	0.054	NaN	NaN	0.217	0.12	NaN	NaN	6.51	4.2	NaN	NaN	0.0	"2.5"	"F0034"	1	1	"PR"	573.22	"reverse-f"	2.172	2	1	0	2027.575	0.0	2129.394	null	2703.237	0.089
13.9	0.023925	21562.5	2793.75	168.75	NaN	NaN	NaN	1	0	0	0	0	1	1	0	0	0	0	0	1	1	0	0	0	1	1	1	0	1	1	1	0	167.0	0.094	0.075	NaN	NaN	0.224	0.167	NaN	NaN	6.72	5.845	NaN	NaN	0.0	"2.5"	"F0034"	1	1	"PR"	583.256	"reverse-f"	12.208	2	1	0	2027.575	0.0	2129.394	null	2713.273	0.087
12.6	0.026675	22125.0	2803.125	515.625	NaN	NaN	NaN	1	0	0	0	0	1	1	0	0	0	0	0	1	1	0	0	0	1	1	1	0	1	1	1	0	151.0	0.095	0.11	NaN	NaN	0.226	0.244	NaN	NaN	6.78	8.54	NaN	NaN	0.0	"2.5"	"F0034"	1	1	"PR"	593.292	"reverse-f"	22.244	2	1	0	2027.575	0.0	2129.394	null	2723.309	0.09
12.6	0.0297	21375.0	2784.375	834.375	NaN	NaN	NaN	1	0	0	0	0	1	1	0	0	0	0	0	1	1	0	0	0	1	1	1	0	1	1	1	0	151.0	0.093	0.141	NaN	NaN	0.221	0.313	NaN	NaN	6.63	10.955	NaN	NaN	0.0	"2.5"	"F0034"	1	1	"PR"	603.13	"reverse-f"	32.082	2	1	0	2027.575	0.0	2129.394	null	2733.147	0.086
12.6	0.033275	19875.0	2812.5	1125.0	NaN	NaN	NaN	1	0	0	0	0	1	1	0	0	0	0	0	1	1	0	0	0	1	1	1	0	1	1	1	0	151.0	0.096	0.171	NaN	NaN	0.229	0.38	NaN	NaN	6.87	13.3	NaN	NaN	0.0	"2.5"	"F0034"	1	1	"PR"	613.167	"reverse-f"	42.119	2	1	0	2027.575	0.0	2129.394	null	2743.184	0.088
13.0	0.035475	19125.0	2756.25	1434.375	NaN	NaN	NaN	1	0	0	0	0	1	1	0	0	0	0	0	1	1	0	0	0	1	1	1	0	1	1	1	0	156.0	0.091	0.201	NaN	NaN	0.217	0.447	NaN	NaN	6.51	15.645	NaN	NaN	0.0	"2.5"	"F0034"	1	1	"PR"	623.203	"reverse-f"	52.155	2	1	0	2027.575	0.0	2129.394	null	2753.22	0.086
12.2	0.03905	20625.0	2793.75	1753.125	NaN	NaN	NaN	1	0	0	0	0	1	1	0	0	0	0	0	1	1	0	0	0	1	1	1	0	1	1	1	0	146.0	0.094	0.233	NaN	NaN	0.224	0.518	NaN	NaN	6.72	18.13	NaN	NaN	0.0	"2.5"	"F0034"	1	1	"PR"	633.239	"reverse-f"	62.191	2	1	0	2027.575	0.0	2129.394	null	2763.256	0.086
12.4	0.0418	20625.0	2765.625	2053.125	NaN	NaN	NaN	1	0	0	0	0	1	1	0	0	0	0	0	1	1	0	0	0	1	1	1	0	1	1	1	0	149.0	0.092	0.263	NaN	NaN	0.219	0.584	NaN	NaN	6.57	20.44	NaN	NaN	0.0	"2.5"	"F0034"	1	1	"PR"	643.281	"reverse-f"	72.233	2	1	0	2027.575	0.0	2129.394	null	2773.298	0.088
12.3	0.043175	19500.0	2784.375	2278.125	NaN	NaN	NaN	0	0	0	0	0	1	1	0	0	0	0	0	1	0	0	0	0	1	1	1	0	1	1	1	0	148.0	0.093	0.286	NaN	NaN	0.221	0.636	NaN	NaN	6.63	22.26	NaN	NaN	0.0	"2.5"	"F0034"	1	1	"PR"	653.225	"reverse"	82.177	2	1	0	2027.575	0.0	2129.394	null	2783.242	0.085
12.4	0.044	21750.0	2812.5	2287.5	NaN	NaN	NaN	0	0	0	0	0	1	1	0	0	0	0	0	1	0	0	0	0	1	1	1	0	1	1	1	0	149.0	0.096	0.287	NaN	NaN	0.229	0.638	NaN	NaN	6.87	22.33	NaN	NaN	0.0	"2.5"	"F0034"	1	1	"PR"	663.264	"reverse"	92.216	2	1	0	2027.575	0.0	2129.394	null	2793.281	0.084
12.4	0.0462	19125.0	2812.5	2268.75	NaN	NaN	NaN	0	0	0	0	0	1	1	0	0	0	0	0	1	0	0	0	0	1	1	1	0	1	1	1	0	149.0	0.096	0.285	NaN	NaN	0.229	0.633	NaN	NaN	6.87	22.155	NaN	NaN	0.0	"2.5"	"F0034"	1	1	"PR"	673.306	"reverse"	102.258	2	1	0	2027.575	0.0	2129.394	null	2803.323	0.086
13.3	0.04675	19687.5	2784.375	2268.75	NaN	NaN	NaN	0	0	0	0	0	1	1	0	0	0	0	0	1	0	0	0	0	1	1	1	0	1	1	1	0	160.0	0.093	0.285	NaN	NaN	0.221	0.633	NaN	NaN	6.63	22.155	NaN	NaN	0.0	"2.5"	"F0034"	1	1	"PR"	683.345	"reverse"	112.297	2	1	0	2027.575	0.0	2129.394	null	2813.362	0.086
13.3	0.0473	19875.0	2793.75	2250.0	NaN	NaN	NaN	0	0	0	0	0	1	1	0	0	0	0	0	1	0	0	0	0	1	1	1	0	1	1	1	0	160.0	0.094	0.283	NaN	NaN	0.224	0.629	NaN	NaN	6.72	22.015	NaN	NaN	0.0	"2.5"	"F0034"	1	1	"PR"	693.386	"reverse"	122.338	2	1	0	2027.575	0.0	2129.394	null	2823.403	0.084
12.9	0.048125	20625.0	2812.5	2306.25	NaN	NaN	NaN	0	0	0	0	0	1	1	0	0	0	0	0	1	0	0	0	0	1	1	1	0	1	1	1	0	155.0	0.096	0.289	NaN	NaN	0.229	0.642	NaN	NaN	6.87	22.47	NaN	NaN	0.0	"2.5"	"F0034"	1	1	"PR"	703.421	"reverse"	132.373	2	1	0	2027.575	0.0	2129.394	null	2833.438	0.09
14.6	0.04785	21750.0	2793.75	2240.625	NaN	NaN	NaN	0	0	0	0	0	1	1	0	0	0	0	0	1	0	0	0	0	1	1	1	0	1	1	1	0	175.0	0.094	0.282	NaN	NaN	0.224	0.627	NaN	NaN	6.72	21.945	NaN	NaN	0.0	"2.5"	"F0034"	1	1	"PR"	713.258	"reverse"	142.21	2	1	0	2027.575	0.0	2129.394	null	2843.275	0.086
1.6	0.04895	-1875.0	2934.375	2278.125	NaN	NaN	NaN	0	0	0	0	0	0	0	0	0	0	0	0	0	0	0	0	0	0	0	0	1	0	0	0	1	19.0	0.108	0.286	NaN	NaN	0.257	0.636	NaN	NaN	7.71	22.26	NaN	NaN	0.0	"2.5"	"F0034"	0	0	"PR"	723.387	"diffuse"	2.298	2	1	1	2027.575	0.0	2129.394	null	2853.404	0.086
3.2	0.049225	-937.5	2981.25	2315.625	NaN	NaN	NaN	0	0	0	0	0	0	0	0	0	0	0	0	0	0	0	0	0	0	0	0	1	0	0	0	1	38.0	0.113	0.29	NaN	NaN	0.269	0.644	NaN	NaN	8.07	22.54	NaN	NaN	0.0	"2.5"	"F0034"	0	0	"PR"	733.424	"diffuse"	12.335	2	1	1	2027.575	0.0	2129.394	null	2863.441	0.083
3.1	0.0495	-1125.0	2971.875	2278.125	NaN	NaN	NaN	0	0	0	0	0	0	0	0	0	0	0	0	0	0	0	0	0	0	0	0	1	0	0	0	1	37.0	0.112	0.286	NaN	NaN	0.267	0.636	NaN	NaN	8.01	22.26	NaN	NaN	0.0	"2.5"	"F0034"	0	0	"PR"	743.462	"diffuse"	22.373	2	1	1	2027.575	0.0	2129.394	null	2873.479	0.086
14.2	0.0484	20812.5	2812.5	2268.75	NaN	NaN	NaN	0	0	0	0	0	1	1	0	0	0	0	0	1	0	0	0	0	1	1	1	0	1	1	1	0	170.0	0.096	0.285	NaN	NaN	0.229	0.633	NaN	NaN	6.87	22.155	NaN	NaN	0.0	"2.5"	"F0034"	1	1	"PR"	753.393	"wash-en"	2.3	2	1	1	2027.575	0.0	2129.394	null	2883.41	0.083
13.1	0.049225	20062.5	2765.625	2287.5	NaN	NaN	NaN	0	0	0	0	0	1	1	0	0	0	0	0	1	0	0	0	0	1	1	1	0	1	1	1	0	157.0	0.092	0.287	NaN	NaN	0.219	0.638	NaN	NaN	6.57	22.33	NaN	NaN	0.0	"2.5"	"F0034"	1	1	"PR"	763.428	"wash-en"	12.335	2	1	1	2027.575	0.0	2129.394	null	2893.445	0.086
2.1	0.05005	21750.0	2831.25	2278.125	NaN	NaN	NaN	0	0	0	0	0	1	1	0	0	0	0	0	1	0	0	0	0	0	0	0	1	0	0	0	1	25.0	0.098	0.286	NaN	NaN	0.233	0.636	NaN	NaN	6.99	22.26	NaN	NaN	0.0	"2.5"	"F0034"	0	0	"PR"	773.361	"wash-sc"	2.103	2	1	1	2027.575	0.0	2129.394	null	2903.378	0.087
2.0	0.051975	-375.0	2981.25	2287.5	NaN	NaN	NaN	0	0	0	0	0	0	0	0	0	0	0	0	0	0	0	0	0	0	0	0	1	0	0	0	1	24.0	0.113	0.287	NaN	NaN	0.269	0.638	NaN	NaN	8.07	22.33	NaN	NaN	0.0	"2.5"	"F0034"	0	0	"PR"	783.396	"diffuse"	2.005	2	1	2	2027.575	0.0	2129.394	null	2913.413	0.083
3.5	0.051425	0.0	2953.125	2287.5	NaN	NaN	NaN	0	0	0	0	0	0	0	0	0	0	0	0	0	0	0	0	0	0	0	0	1	0	0	0	1	42.0	0.11	0.287	NaN	NaN	0.262	0.638	NaN	NaN	7.86	22.33	NaN	NaN	0.0	"2.5"	"F0034"	0	0	"PR"	793.438	"diffuse"	12.047	2	1	2	2027.575	0.0	2129.394	null	2923.455	0.083
2.2	0.0517	-187.5	2953.125	2278.125	NaN	NaN	NaN	0	0	0	0	0	0	0	0	0	0	0	0	0	0	0	0	0	0	0	0	1	0	0	0	1	26.0	0.11	0.286	NaN	NaN	0.262	0.636	NaN	NaN	7.86	22.26	NaN	NaN	0.0	"2.5"	"F0034"	0	0	"PR"	803.479	"diffuse"	22.088	2	1	2	2027.575	0.0	2129.394	null	2933.496	0.085
12.3	0.050875	20625.0	2803.125	2278.125	NaN	NaN	NaN	0	0	0	0	0	1	1	0	0	0	0	0	1	0	0	0	0	1	1	1	0	1	1	1	0	148.0	0.095	0.286	NaN	NaN	0.226	0.636	NaN	NaN	6.78	22.26	NaN	NaN	0.0	"2.5"	"F0034"	1	1	"PR"	813.4	"wash-en"	1.893	2	1	2	2027.575	0.0	2129.394	null	2943.417	0.083
12.2	0.05115	21187.5	2784.375	2278.125	NaN	NaN	NaN	0	0	0	0	0	1	1	0	0	0	0	0	1	0	0	0	0	1	1	1	0	1	1	1	0	146.0	0.093	0.286	NaN	NaN	0.221	0.636	NaN	NaN	6.63	22.26	NaN	NaN	0.0	"2.5"	"F0034"	1	1	"PR"	823.441	"wash-en"	11.934	2	1	2	2027.575	0.0	2129.394	null	2953.458	0.086
1.4	0.0506	22312.5	2803.125	2287.5	NaN	NaN	NaN	0	0	0	0	0	1	1	0	0	0	0	0	1	0	0	0	0	0	0	0	1	0	0	0	1	17.0	0.095	0.287	NaN	NaN	0.226	0.638	NaN	NaN	6.78	22.33	NaN	NaN	0.0	"2.5"	"F0034"	0	0	"PR"	833.571	"wash-sc"	1.898	2	1	2	2027.575	0.0	2129.394	null	2963.588	0.088
