cur	ec	mod-ps	rg-ps	di-ps	fw1-ps	fw2-ps	pf-ps	vlv-di-fill	vlv-di-in	vlv-di-out	vlv-rg-fill	vlv-rg-drain	vlv-rg-in	vlv-rg-out	vlv-fw1-in	vlv-fw1-out	vlv-fw2-in	vlv-po	vlv-mod-drain	pmp-sys	pmp-di	pmp-fw1	pmp-fw2	uv	en-anode1	en-cath1	pl-anode1	pl-cath1	en-anode2	en-cath2	pl-anode2	pl-cath2	pw	rg-he	di-he	fw1-he	fw2-he	rg-lev	di-lev	fw1-lev	fw2-lev	rg-vol	di-vol	fw1-vol	fw2-vol	pr-ec	ver	sn	mod-en	mod-pl	proc	proc-time	ph	ph-time	count	cyc	rnd	pr-last	rc-last	fr-last	halt-re	time	exec
2.2	0.051425	21000.0	2812.5	2306.25	NaN	NaN	NaN	0	0	0	0	0	1	1	0	0	0	0	0	1	0	0	0	0	0	0	0	1	0	0	0	1	26.0	0.096	0.289	NaN	NaN	0.229	0.642	NaN	NaN	6.87	22.47	NaN	NaN	0.0	"2.5"	"F0034"	0	0	"PR"	8.244	"prime"	7.223	0	0	0	0.0	0.0	0.0	null	10.034	0.089
2.2	0.050875	19312.5	2868.75	2306.25	NaN	NaN	NaN	0	0	0	0	0	1	1	0	0	0	0	0	1	0	0	0	0	0	0	0	1	0	0	0	1	26.0	0.102	0.289	NaN	NaN	0.243	0.642	NaN	NaN	7.29	22.47	NaN	NaN	0.0	"2.5"	"F0034"	0	0	"PR"	8.445	"prime"	7.424	0	0	0	0.0	0.0	0.0	null	10.235	0.086
2.1	0.05225	19875.0	2812.5	2306.25	NaN	NaN	NaN	0	0	0	0	0	1	1	0	0	0	0	0	1	0	0	0	0	0	0	0	1	0	0	0	1	25.0	0.096	0.289	NaN	NaN	0.229	0.642	NaN	NaN	6.87	22.47	NaN	NaN	0.0	"2.5"	"F0034"	0	0	"PR"	18.287	"prime"	17.266	0	0	0	0.0	0.0	0.0	null	20.077	0.092
2.9	0.051975	19875.0	2840.625	2287.5	NaN	NaN	NaN	0	0	0	0	0	1	1	0	0	0	0	0	1	0	0	0	0	0	0	0	1	0	0	0	1	35.0	0.099	0.287	NaN	NaN	0.236	0.638	NaN	NaN	7.08	22.33	NaN	NaN	0.0	"2.5"	"F0034"	0	0	"PR"	28.323	"prime"	27.302	0	0	0	0.0	0.0	0.0	null	30.113	0.09
-11.8	0.051975	27000.0	2981.25	2643.75	NaN	NaN	NaN	0	1	1	0	0	0	0	0	0	0	0	0	1	0	0	0	0	1	1	0	1	1	1	0	1	-142.0	0.113	0.322	NaN	NaN	0.269	0.716	NaN	NaN	8.07	25.06	NaN	NaN	0.0	"2.5"	"F0034"	1	0	"PR"	38.37	"deionize"	6.837	0	1	0	0.0	0.0	0.0	null	40.16	0.092
-12.0	0.050875	26625.0	2981.25	2578.125	NaN	NaN	NaN	0	1	1	0	0	0	0	0	0	0	0	0	1	0	0	0	0	1	1	0	1	1	1	0	1	-144.0	0.113	0.316	NaN	NaN	0.269	0.702	NaN	NaN	8.07	24.57	NaN	NaN	0.0	"2.5"	"F0034"	1	0	"PR"	48.41	"deionize"	16.877	0	1	0	0.0	0.0	0.0	null	50.2	0.087
-12.3	0.049225	25687.5	2971.875	2550.0	NaN	NaN	NaN	0	1	1	0	0	0	0	0	0	0	0	0	1	0	0	0	0	1	1	0	1	1	1	0	1	-148.0	0.112	0.313	NaN	NaN	0.267	0.696	NaN	NaN	8.01	24.36	NaN	NaN	0.0	"2.5"	"F0034"	1	0	"PR"	58.443	"deionize"	26.91	0	1	0	0.0	0.0	0.0	null	60.233	0.084
-11.9	0.047575	27562.5	2981.25	2662.5	NaN	NaN	NaN	0	1	1	0	0	0	0	0	0	0	0	0	1	0	0	0	0	1	1	0	1	1	1	0	1	-143.0	0.113	0.324	NaN	NaN	0.269	0.72	NaN	NaN	8.07	25.2	NaN	NaN	0.0	"2.5"	"F0034"	1	0	"PR"	68.486	"deionize"	36.953	0	1	0	0.0	0.0	0.0	null	70.276	0.086
-11.9	0.04565	27375.0	2981.25	2550.0	NaN	NaN	NaN	0	1	1	0	0	0	0	0	0	0	0	0	1	0	0	0	0	1	1	0	1	1	1	0	1	-143.0	0.113	0.313	NaN	NaN	0.269	0.696	NaN	NaN	8.07	24.36	NaN	NaN	0.0	"2.5"	"F0034"	1	0	"PR"	78.523	"deionize"	46.99	0	1	0	0.0	0.0	0.0	null	80.313	0.084
-11.8	0.04345	26062.5	2990.625	2521.875	NaN	NaN	NaN	0	1	1	0	0	0	0	0	0	0	0	0	1	0	0	0	0	1	1	0	1	1	1	0	1	-142.0	0.114	0.31	NaN	NaN	0.271	0.689	NaN	NaN	8.13	24.115	NaN	NaN	0.0	"2.5"	"F0034"	1	0	"PR"	88.36	"deionize"	56.827	0	1	0	0.0	0.0	0.0	null	90.15	0.091
-11.9	0.0418	23812.5	2943.75	2550.0	NaN	NaN	NaN	0	1	1	0	0	0	0	0	0	0	0	0	1	0	0	0	0	1	1	0	1	1	1	0	1	-143.0	0.109	0.313	NaN	NaN	0.26	0.696	NaN	NaN	7.8	24.36	NaN	NaN	0.0	"2.5"	"F0034"	1	0	"PR"	98.396	"deionize"	66.863	0	1	0	0.0	0.0	0.0	null	100.186	0.092
-12.3	0.0396	25125.0	2981.25	2465.625	NaN	NaN	NaN	0	1	1	0	0	0	0	0	0	0	0	0	1	0	0	0	0	1	1	0	1	1	1	0	1	-148.0	0.113	0.305	NaN	NaN	0.269	0.678	NaN	NaN	8.07	23.73	NaN	NaN	0.0	"2.5"	"F0034"	1	0	"PR"	108.431	"deionize"	76.898	0	1	0	0.0	0.0	0.0	null	110.221	0.091
-12.0	0.03795	26062.5	2971.875	2437.5	NaN	NaN	NaN	0	1	1	0	0	0	0	0	0	0	0	0	1	0	0	0	0	1	1	0	1	1	1	0	1	-144.0	0.112	0.302	NaN	NaN	0.267	0.671	NaN	NaN	8.01	23.485	NaN	NaN	0.0	"2.5"	"F0034"	1	0	"PR"	118.471	"deionize"	86.938	0	1	0	0.0	0.0	0.0	null	120.261	0.092
-12.4	0.036575	26812.5	2981.25	2559.375	NaN	NaN	NaN	0	1	1	0	0	0	0	0	0	0	0	0	1	0	0	0	0	1	1	0	1	1	1	0	1	-149.0	0.113	0.314	NaN	NaN	0.269	0.698	NaN	NaN	8.07	24.43	NaN	NaN	0.0	"2.5"	"F0034"	1	0	"PR"	128.507	"deionize"	96.974	0	1	0	0.0	0.0	0.0	null	130.297	0.09
-12.3	0.03575	25875.0	2981.25	2484.375	NaN	NaN	NaN	0	1	1	0	0	0	0	0	0	0	0	0	1	0	0	0	0	1	1	0	1	1	1	0	1	-148.0	0.113	0.306	NaN	NaN	0.269	0.68	NaN	NaN	8.07	23.8	NaN	NaN	0.0	"2.5"	"F0034"	1	0	"PR"	138.543	"deionize"	107.01	0	1	0	0.0	0.0	0.0	null	140.333	0.091
-11.6	0.034375	25312.5	2981.25	2493.75	NaN	NaN	NaN	0	1	1	0	0	0	0	0	0	0	0	0	1	0	0	0	0	1	1	0	1	1	1	0	1	-139.0	0.113	0.307	NaN	NaN	0.269	0.682	NaN	NaN	8.07	23.87	NaN	NaN	0.0	"2.5"	"F0034"	1	0	"PR"	148.584	"deionize"	117.051	0	1	0	0.0	0.0	0.0	null	150.374	0.093
-13.1	0.033825	24375.0	2971.875	2531.25	NaN	NaN	NaN	0	1	1	0	0	0	0	0	0	0	0	0	1	0	0	0	0	1	1	0	1	1	1	0	1	-157.0	0.112	0.311	NaN	NaN	0.267	0.691	NaN	NaN	8.01	24.185	NaN	NaN	0.0	"2.5"	"F0034"	1	0	"PR"	158.42	"deionize"	126.887	0	1	0	0.0	0.0	0.0	null	160.21	0.088
-11.5	0.03245	25500.0	2971.875	2446.875	NaN	NaN	NaN	0	1	1	0	0	0	0	0	0	0	0	0	1	0	0	0	0	1	1	0	1	1	1	0	1	-138.0	0.112	0.303	NaN	NaN	0.267	0.673	NaN	NaN	8.01	23.555	NaN	NaN	0.0	"2.5"	"F0034"	1	0	"PR"	168.455	"deionize"	136.922	0	1	0	0.0	0.0	0.0	null	170.245	0.091
-11.0	0.03245	26062.5	2953.125	2437.5	NaN	NaN	NaN	0	1	1	0	0	0	0	0	0	0	0	0	1	0	0	0	0	1	1	0	1	1	1	0	1	-132.0	0.11	0.302	NaN	NaN	0.262	0.671	NaN	NaN	7.86	23.485	NaN	NaN	0.0	"2.5"	"F0034"	1	0	"PR"	178.493	"deionize"	146.96	0	1	0	0.0	0.0	0.0	null	180.283	0.092
-10.6	0.0319	26062.5	2981.25	2475.0	NaN	NaN	NaN	0	1	1	0	0	0	0	0	0	0	0	0	1	0	0	0	0	1	1	0	1	1	1	0	1	-127.0	0.113	0.305	NaN	NaN	0.269	0.678	NaN	NaN	8.07	23.73	NaN	NaN	0.0	"2.5"	"F0034"	1	0	"PR"	188.531	"deionize"	156.998	0	1	0	0.0	0.0	0.0	null	190.321	0.091
-10.8	0.030525	25312.5	2981.25	2493.75	NaN	NaN	NaN	0	1	1	0	0	0	0	0	0	0	0	0	1	0	0	0	0	1	1	0	1	1	1	0	1	-130.0	0.113	0.307	NaN	NaN	0.269	0.682	NaN	NaN	8.07	23.87	NaN	NaN	0.0	"2.5"	"F0034"	1	0	"PR"	198.574	"deionize"	167.041	0	1	0	0.0	0.0	0.0	null	200.364	0.091
-10.7	0.03025	27000.0	2981.25	2540.625	NaN	NaN	NaN	0	1	1	0	0	0	0	0	0	0	0	0	1	0	0	0	0	1	1	0	1	1	1	0	1	-128.0	0.113	0.312	NaN	NaN	0.269	0.693	NaN	NaN	8.07	24.255	NaN	NaN	0.0	"2.5"	"F0034"	1	0	"PR"	208.608	"deionize"	177.075	0	1	0	0.0	0.0	0.0	null	210.398	0.09
-10.2	0.03025	24750.0	2971.875	2465.625	NaN	NaN	NaN	0	1	1	0	0	0	0	0	0	0	0	0	1	0	0	0	0	1	1	0	1	1	1	0	1	-122.0	0.112	0.305	NaN	NaN	0.267	0.678	NaN	NaN	8.01	23.73	NaN	NaN	0.0	"2.5"	"F0034"	1	0	"PR"	218.644	"deionize"	187.111	0	1	0	0.0	0.0	0.0	null	220.434	0.089
-9.5	0.02915	24562.5	2971.875	2437.5	NaN	NaN	NaN	0	1	1	0	0	0	0	0	0	0	0	0	1	0	0	0	0	1	1	0	1	1	1	0	1	-114.0	0.112	0.302	NaN	NaN	0.267	0.671	NaN	NaN	8.01	23.485	NaN	NaN	0.0	"2.5"	"F0034"	1	0	"PR"	228.485	"deionize"	196.952	0	1	0	0.0	0.0	0.0	null	230.275	0.089
-11.1	0.029425	24562.5	2971.875	2465.625	NaN	NaN	NaN	0	1	1	0	0	0	0	0	0	0	0	0	1	0	0	0	0	1	1	0	1	1	1	0	1	-133.0	0.112	0.305	NaN	NaN	0.267	0.678	NaN	NaN	8.01	23.73	NaN	NaN	0.0	"2.5"	"F0034"	1	0	"PR"	238.521	"deionize"	206.988	0	1	0	0.0	0.0	0.0	null	240.311	0.087
-10.2	0.028325	25312.5	2981.25	2456.25	NaN	NaN	NaN	0	1	1	0	0	0	0	0	0	0	0	0	1	0	0	0	0	1	1	0	1	1	1	0	1	-122.0	0.113	0.304	NaN	NaN	0.269	0.676	NaN	NaN	8.07	23.66	NaN	NaN	0.0	"2.5"	"F0034"	1	0	"PR"	248.557	"deionize"	217.024	0	1	0	0.0	0.0	0.0	null	250.347	0.087
-11.3	0.02805	25312.5	2981.25	2512.5	NaN	NaN	NaN	0	1	1	0	0	0	0	0	0	0	0	0	1	0	0	0	0	1	1	0	1	1	1	0	1	-136.0	0.113	0.309	NaN	NaN	0.269	0.687	NaN	NaN	8.07	24.045	NaN	NaN	0.0	"2.5"	"F0034"	1	0	"PR"	258.595	"deionize"	227.062	0	1	0	0.0	0.0	0.0	null	260.385	0.088
-9.8	0.02805	26625.0	2981.25	2475.0	NaN	NaN	NaN	0	1	1	0	0	0	0	0	0	0	0	0	1	0	0	0	0	1	1	0	1	1	1	0	1	-118.0	0.113	0.305	NaN	NaN	0.269	0.678	NaN	NaN	8.07	23.73	NaN	NaN	0.0	"2.5"	"F0034"	1	0	"PR"	268.631	"deionize"	237.098	0	1	0	0.0	0.0	0.0	null	270.421	0.091
-9.2	0.027225	26625.0	2943.75	2409.375	NaN	NaN	NaN	0	1	1	0	0	0	0	0	0	0	0	0	1	0	0	0	1	1	1	0	1	1	1	0	1	-110.0	0.109	0.299	NaN	NaN	0.26	0.664	NaN	NaN	7.8	23.24	NaN	NaN	0.0	"2.5"	"F0034"	1	0	"PR"	278.584	"deionize-uv"	6.941	0	1	0	0.0	0.0	0.0	null	280.374	0.089
-10.0	0.0275	23250.0	2981.25	2437.5	NaN	NaN	NaN	0	1	1	0	0	0	0	0	0	0	0	0	1	0	0	0	1	1	1	0	1	1	1	0	1	-120.0	0.113	0.302	NaN	NaN	0.269	0.671	NaN	NaN	8.07	23.485	NaN	NaN	0.0	"2.5"	"F0034"	1	0	"PR"	288.62	"deionize-uv"	16.977	0	1	0	0.0	0.0	0.0	null	290.41	0.086
-9.0	0.02695	25312.5	2962.5	2475.0	NaN	NaN	NaN	0	1	1	0	0	0	0	0	0	0	0	0	1	0	0	0	1	1	1	0	1	1	1	0	1	-108.0	0.111	0.305	NaN	NaN	0.264	0.678	NaN	NaN	7.92	23.73	NaN	NaN	0.0	"2.5"	"F0034"	1	0	"PR"	298.655	"deionize-uv"	27.012	0	1	0	0.0	0.0	0.0	null	300.445	0.087
-10.8	0.025575	26250.0	2981.25	2475.0	NaN	NaN	NaN	0	1	1	0	0	0	0	0	0	0	0	0	1	0	0	0	1	1	1	0	1	1	1	0	1	-130.0	0.113	0.305	NaN	NaN	0.269	0.678	NaN	NaN	8.07	23.73	NaN	NaN	0.0	"2.5"	"F0034"	1	0	"PR"	308.697	"deionize-uv"	37.054	0	1	0	0.0	0.0	0.0	null	310.487	0.085
-9.2	0.0264	27000.0	2981.25	2493.75	NaN	NaN	NaN	0	1	1	0	0	0	0	0	0	0	0	0	1	0	0	0	1	1	1	0	1	1	1	0	1	-110.0	0.113	0.307	NaN	NaN	0.269	0.682	NaN	NaN	8.07	23.87	NaN	NaN	0.0	"2.5"	"F0034"	1	0	"PR"	318.732	"deionize-uv"	47.089	0	1	0	0.0	0.0	0.0	null	320.522	0.091
-11.0	0.02585	24562.5	2971.875	2437.5	NaN	NaN	NaN	0	1	1	0	0	0	0	0	0	0	0	0	1	0	0	0	1	1	1	0	1	1	1	0	1	-132.0	0.112	0.302	NaN	NaN	0.267	0.671	NaN	NaN	8.01	23.485	NaN	NaN	0.0	"2.5"	"F0034"	1	0	"PR"	328.767	"deionize-uv"	57.124	0	1	0	0.0	0.0	0.0	null	330.557	0.088
-8.9	0.025575	24937.5	2971.875	2437.5	NaN	NaN	NaN	0	1	1	0	0	0	0	0	0	0	0	0	1	0	0	0	1	1	1	0	1	1	1	0	1	-107.0	0.112	0.302	NaN	NaN	0.267	0.671	NaN	NaN	8.01	23.485	NaN	NaN	0.0	"2.5"	"F0034"	1	0	"PR"	338.6	"deionize-uv"	66.957	0	1	0	0.0	0.0	0.0	null	340.39	0.087
-8.9	0.024475	24937.5	2962.5	2418.75	NaN	NaN	NaN	0	1	1	0	0	0	0	0	0	0	0	0	1	0	0	0	1	1	1	0	1	1	1	0	1	-107.0	0.111	0.3	NaN	NaN	0.264	0.667	NaN	NaN	7.92	23.345	NaN	NaN	0.0	"2.5"	"F0034"	1	0	"PR"	348.638	"deionize-uv"	76.995	0	1	0	0.0	0.0	0.0	null	350.428	0.084
-9.1	0.02475	25125.0	2990.625	2437.5	NaN	NaN	NaN	0	1	1	0	0	0	0	0	0	0	0	0	1	0	0	0	1	1	1	0	1	1	1	0	1	-109.0	0.114	0.302	NaN	NaN	0.271	0.671	NaN	NaN	8.13	23.485	NaN	NaN	0.0	"2.5"	"F0034"	1	0	"PR"	358.677	"deionize-uv"	87.034	0	1	0	0.0	0.0	0.0	null	360.467	0.088
-9.1	0.0242	26812.5	2981.25	2437.5	NaN	NaN	NaN	0	1	1	0	0	0	0	0	0	0	0	0	1	0	0	0	1	1	1	0	1	1	1	0	1	-109.0	0.113	0.302	NaN	NaN	0.269	0.671	NaN	NaN	8.07	23.485	NaN	NaN	0.0	"2.5"	"F0034"	1	0	"PR"	368.709	"deionize-uv"	97.066	0	1	0	0.0	0.0	0.0	null	370.499	0.084
-8.7	0.023925	24937.5	2971.875	2437.5	NaN	NaN	NaN	0	1	1	0	0	0	0	0	0	0	0	0	1	0	0	0	1	1	1	0	1	1	1	0	1	-104.0	0.112	0.302	NaN	NaN	0.267	0.671	NaN	NaN	8.01	23.485	NaN	NaN	0.0	"2.5"	"F0034"	1	0	"PR"	378.739	"deionize-uv"	107.096	0	1	0	0.0	0.0	0.0	null	380.529	0.084
-8.6	0.0242	25125.0	2990.625	2484.375	NaN	NaN	NaN	0	1	1	0	0	0	0	0	0	0	0	0	1	0	0	0	1	1	1	0	1	1	1	0	1	-103.0	0.114	0.306	NaN	NaN	0.271	0.68	NaN	NaN	8.13	23.8	NaN	NaN	0.0	"2.5"	"F0034"	1	0	"PR"	388.777	"deionize-uv"	117.134	0	1	0	0.0	0.0	0.0	null	390.567	0.087
-7.4	0.023925	35812.5	2981.25	1968.75	NaN	NaN	NaN	0	0	1	0	0	0	0	1	0	0	0	0	1	0	0	0	1	1	1	0	1	1	1	0	1	-89.0	0.113	0.255	NaN	NaN	0.269	0.567	NaN	NaN	8.07	19.845	NaN	NaN	0.0	"2.5"	"F0034"	1	0	"PR"	398.847	"drip-di-1"	6.129	0	1	0	0.0	0.0	0.0	null	400.637	0.087
12.6	0.0231	21187.5	2934.375	1762.5	NaN	NaN	NaN	1	0	0	0	0	1	1	0	0	0	0	0	1	1	0	0	0	1	1	1	0	1	1	1	0	151.0	0.108	0.234	NaN	NaN	0.257	0.52	NaN	NaN	7.71	18.2	NaN	NaN	0.0	"2.5"	"F0034"	1	1	"PR"	408.858	"reverse-f"	0.972	0	1	0	0.0	0.0	0.0	null	410.648	0.087
13.0	0.023925	18375.0	2821.875	2071.875	NaN	NaN	NaN	1	0	0	0	0	1	1	0	0	0	0	0	1	1	0	0	0	1	1	1	0	1	1	1	0	156.0	0.097	0.265	NaN	NaN	0.231	0.589	NaN	NaN	6.93	20.615	NaN	NaN	0.0	"2.5"	"F0034"	1	1	"PR"	418.696	"reverse-f"	10.81	0	1	0	0.0	0.0	0.0	null	420.486	0.085
12.7	0.02695	17437.5	2821.875	2268.75	NaN	NaN	NaN	0	0	0	0	0	1	1	0	0	0	0	0	1	0	0	0	0	1	1	1	0	1	1	1	0	152.0	0.097	0.285	NaN	NaN	0.231	0.633	NaN	NaN	6.93	22.155	NaN	NaN	0.0	"2.5"	"F0034"	1	1	"PR"	428.842	"reverse"	20.956	0	1	0	0.0	0.0	0.0	null	430.632	0.084
14.6	0.0308	16687.5	2850.0	2259.375	NaN	NaN	NaN	0	0	0	0	0	1	1	0	0	0	0	0	1	0	0	0	0	1	1	1	0	1	1	1	0	175.0	0.1	0.284	NaN	NaN	0.238	0.631	NaN	NaN	7.14	22.085	NaN	NaN	0.0	"2.5"	"F0034"	1	1	"PR"	438.88	"reverse"	30.994	0	1	0	0.0	0.0	0.0	null	440.67	0.089
13.9	0.0352	19875.0	2850.0	2250.0	NaN	NaN	NaN	0	0	0	0	0	1	1	0	0	0	0	0	1	0	0	0	0	1	1	1	0	1	1	1	0	167.0	0.1	0.283	NaN	NaN	0.238	0.629	NaN	NaN	7.14	22.015	NaN	NaN	0.0	"2.5"	"F0034"	1	1	"PR"	448.913	"reverse"	41.027	0	1	0	0.0	0.0	0.0	null	450.703	0.087
12.6	0.039325	19125.0	2821.875	2278.125	NaN	NaN	NaN	0	0	0	0	0	1	1	0	0	0	0	0	1	0	0	0	0	1	1	1	0	1	1	1	0	151.0	0.097	0.286	NaN	NaN	0.231	0.636	NaN	NaN	6.93	22.26	NaN	NaN	0.0	"2.5"	"F0034"	1	1	"PR"	458.748	"reverse"	50.862	0	1	0	0.0	0.0	0.0	null	460.538	0.084
12.8	0.0429	18562.5	2850.0	2240.625	NaN	NaN	NaN	0	0	0	0	0	1	1	0	0	0	0	0	1	0	0	0	0	1	1	1	0	1	1	1	0	154.0	0.1	0.282	NaN	NaN	0.238	0.627	NaN	NaN	7.14	21.945	NaN	NaN	0.0	"2.5"	"F0034"	1	1	"PR"	468.786	"reverse"	60.9	0	1	0	0.0	0.0	0.0	null	470.576	0.086
13.3	0.0462	18937.5	2859.375	2259.375	NaN	NaN	NaN	0	0	0	0	0	1	1	0	0	0	0	0	1	0	0	0	0	1	1	1	0	1	1	1	0	160.0	0.101	0.284	NaN	NaN	0.24	0.631	NaN	NaN	7.2	22.085	NaN	NaN	0.0	"2.5"	"F0034"	1	1	"PR"	478.818	"reverse"	70.932	0	1	0	0.0	0.0	0.0	null	480.608	0.086
12.4	0.048675	19875.0	2840.625	2278.125	NaN	NaN	NaN	0	0	0	0	0	1	1	0	0	0	0	0	1	0	0	0	0	1	1	1	0	1	1	1	0	149.0	0.099	0.286	NaN	NaN	0.236	0.636	NaN	NaN	7.08	22.26	NaN	NaN	0.0	"2.5"	"F0034"	1	1	"PR"	488.852	"reverse"	80.966	0	1	0	0.0	0.0	0.0	null	490.642	0.086
12.7	0.05005	19875.0	2831.25	2268.75	NaN	NaN	NaN	0	0	0	0	0	1	1	0	0	0	0	0	1	0	0	0	0	1	1	1	0	1	1	1	0	152.0	0.098	0.285	NaN	NaN	0.233	0.633	NaN	NaN	6.99	22.155	NaN	NaN	0.0	"2.5"	"F0034"	1	1	"PR"	498.889	"reverse"	91.003	0	1	0	0.0	0.0	0.0	null	500.679	0.085
12.6	0.0517	18187.5	2859.375	2278.125	NaN	NaN	NaN	0	0	0	0	0	1	1	0	0	0	0	0	1	0	0	0	0	1	1	1	0	1	1	1	0	151.0	0.101	0.286	NaN	NaN	0.24	0.636	NaN	NaN	7.2	22.26	NaN	NaN	0.0	"2.5"	"F0034"	1	1	"PR"	508.924	"reverse"	101.038	0	1	0	0.0	0.0	0.0	null	510.714	0.084
12.3	0.0517	19125.0	2831.25	2268.75	NaN	NaN	NaN	0	0	0	0	0	1	1	0	0	0	0	0	1	0	0	0	0	1	1	1	0	1	1	1	0	148.0	0.098	0.285	NaN	NaN	0.233	0.633	NaN	NaN	6.99	22.155	NaN	NaN	0.0	"2.5"	"F0034"	1	1	"PR"	518.954	"reverse"	111.068	0	1	0	0.0	0.0	0.0	null	520.744	0.084
12.6	0.051425	19312.5	2859.375	2268.75	NaN	NaN	NaN	0	0	0	0	0	1	1	0	0	0	0	0	1	0	0	0	0	1	1	1	0	1	1	1	0	151.0	0.101	0.285	NaN	NaN	0.24	0.633	NaN	NaN	7.2	22.155	NaN	NaN	0.0	"2.5"	"F0034"	1	1	"PR"	528.995	"reverse"	121.109	0	1	0	0.0	0.0	0.0	null	530.785	0.085
12.6	0.0528	19500.0	2812.5	2240.625	NaN	NaN	NaN	0	0	0	0	0	1	1	0	0	0	0	0	1	0	0	0	0	1	1	1	0	1	1	1	0	151.0	0.096	0.282	NaN	NaN	0.229	0.627	NaN	NaN	6.87	21.945	NaN	NaN	0.0	"2.5"	"F0034"	1	1	"PR"	538.828	"reverse"	130.942	0	1	0	0.0	0.0	0.0	null	540.618	0.087
13.1	0.05335	16875.0	2812.5	2231.25	NaN	NaN	NaN	0	0	0	0	0	1	1	0	0	0	0	0	1	0	0	0	0	1	1	1	0	1	1	1	0	157.0	0.096	0.281	NaN	NaN	0.229	0.624	NaN	NaN	6.87	21.84	NaN	NaN	0.0	"2.5"	"F0034"	1	1	"PR"	548.861	"reverse"	140.975	0	1	0	0.0	0.0	0.0	null	550.651	0.084
3.5	0.054175	-2625.0	3018.75	2268.75	NaN	NaN	NaN	0	0	0	0	0	0	0	0	0	0	0	0	0	0	0	0	0	0	0	0	1	0	0	0	1	42.0	0.117	0.285	NaN	NaN	0.279	0.633	NaN	NaN	8.37	22.155	NaN	NaN	0.0	"2.5"	"F0034"	0	0	"PR"	558.994	"diffuse"	1.1	0	1	1	0.0	0.0	0.0	null	560.784	0.085
3.9	0.05445	937.5	3018.75	2278.125	NaN	NaN	NaN	0	0	0	0	0	0	0	0	0	0	0	0	0	0	0	0	0	0	0	0	1	0	0	0	1	47.0	0.117	0.286	NaN	NaN	0.279	0.636	NaN	NaN	8.37	22.26	NaN	NaN	0.0	"2.5"	"F0034"	0	0	"PR"	569.031	"diffuse"	11.137	0	1	1	0.0	0.0	0.0	null	570.821	0.086
4.0	0.054725	1125.0	3028.125	2278.125	NaN	NaN	NaN	0	0	0	0	0	0	0	0	0	0	0	0	0	0	0	0	0	0	0	0	1	0	0	0	1	48.0	0.118	0.286	NaN	NaN	0.281	0.636	NaN	NaN	8.43	22.26	NaN	NaN	0.0	"2.5"	"F0034"	0	0	"PR"	578.867	"diffuse"	20.973	0	1	1	0.0	0.0	0.0	null	580.657	0.087
12.6	0.0539	10312.5	2821.875	2259.375	NaN	NaN	NaN	0	0	0	0	0	1	1	0	0	0	0	0	1	0	0	0	0	1	1	1	0	1	1	1	0	151.0	0.097	0.284	NaN	NaN	0.231	0.631	NaN	NaN	6.93	22.085	NaN	NaN	0.0	"2.5"	"F0034"	1	1	"PR"	588.999	"wash-en"	1.098	0	1	1	0.0	0.0	0.0	null	590.789	0.084
12.6	0.054175	20062.5	2831.25	2268.75	NaN	NaN	NaN	0	0	0	0	0	1	1	0	0	0	0	0	1	0	0	0	0	1	1	1	0	1	1	1	0	151.0	0.098	0.285	NaN	NaN	0.233	0.633	NaN	NaN	6.99	22.155	NaN	NaN	0.0	"2.5"	"F0034"	1	1	"PR"	599.034	"wash-en"	11.133	0	1	1	0.0	0.0	0.0	null	600.824	0.084
3.4	0.05665	19125.0	2859.375	2278.125	NaN	NaN	NaN	0	0	0	0	0	1	1	0	0	0	0	0	1	0	0	0	0	0	0	0	1	0	0	0	1	41.0	0.101	0.286	NaN	NaN	0.24	0.636	NaN	NaN	7.2	22.26	NaN	NaN	0.0	"2.5"	"F0034"	0	0	"PR"	608.958	"wash-sc"	0.889	0	1	1	0.0	0.0	0.0	null	610.748	0.091
3.4	0.056925	-2437.5	3028.125	2278.125	NaN	NaN	NaN	0	0	0	0	0	0	0	0	0	0	0	0	0	0	0	0	0	0	0	0	1	0	0	0	1	41.0	0.118	0.286	NaN	NaN	0.281	0.636	NaN	NaN	8.43	22.26	NaN	NaN	0.0	"2.5"	"F0034"	0	0	"PR"	618.999	"diffuse"	0.803	0	1	2	0.0	0.0	0.0	null	620.789	0.084
3.1	0.0583	937.5	3018.75	2259.375	NaN	NaN	NaN	0	0	0	0	0	0	0	0	0	0	0	0	0	0	0	0	0	0	0	0	1	0	0	0	1	37.0	0.117	0.284	NaN	NaN	0.279	0.631	NaN	NaN	8.37	22.085	NaN	NaN	0.0	"2.5"	"F0034"	0	0	"PR"	629.032	"diffuse"	10.836	0	1	2	0.0	0.0	0.0	null	630.822	0.086
3.3	0.0572	-1125.0	3018.75	2278.125	NaN	NaN	NaN	0	0	0	0	0	0	0	0	0	0	0	0	0	0	0	0	0	0	0	0	1	0	0	0	1	40.0	0.117	0.286	NaN	NaN	0.279	0.636	NaN	NaN	8.37	22.26	NaN	NaN	0.0	"2.5"	"F0034"	0	0	"PR"	639.068	"diffuse"	20.872	0	1	2	0.0	0.0	0.0	null	640.858	0.087
12.7	0.057475	5812.5	2793.75	2268.75	NaN	NaN	NaN	0	0	0	0	0	1	1	0	0	0	0	0	1	0	0	0	0	1	1	1	0	1	1	1	0	152.0	0.094	0.285	NaN	NaN	0.224	0.633	NaN	NaN	6.72	22.155	NaN	NaN	0.0	"2.5"	"F0034"	1	1	"PR"	649.005	"wash-en"	0.702	0	1	2	0.0	0.0	0.0	null	650.795	0.082
12.6	0.057475	20062.5	2821.875	2259.375	NaN	NaN	NaN	0	0	0	0	0	1	1	0	0	0	0	0	1	0	0	0	0	1	1	1	0	1	1	1	0	151.0	0.097	0.284	NaN	NaN	0.231	0.631	NaN	NaN	6.93	22.085	NaN	NaN	0.0	"2.5"	"F0034"	1	1	"PR"	659.037	"wash-en"	10.734	0	1	2	0.0	0.0	0.0	null	660.827	0.09
3.0	0.05775	20625.0	2821.875	2278.125	NaN	NaN	NaN	0	0	0	0	0	1	1	0	0	0	0	0	1	0	0	0	0	0	0	0	1	0	0	0	1	36.0	0.097	0.286	NaN	NaN	0.231	0.636	NaN	NaN	6.93	22.26	NaN	NaN	0.0	"2.5"	"F0034"	0	0	"PR"	668.972	"wash-sc"	0.495	0	1	2	0.0	0.0	0.0	null	670.762	0.294
2.9	0.058575	9000.0	3065.625	2278.125	NaN	NaN	NaN	0	0	0	0	0	0	0	0	0	0	0	0	0	0	0	0	0	0	0	0	1	0	0	0	1	35.0	0.122	0.286	NaN	NaN	0.29	0.636	NaN	NaN	8.7	22.26	NaN	NaN	0.0	"2.5"	"F0034"	0	0	"PR"	679.011	"diffuse"	0.4	0	1	3	0.0	0.0	0.0	null	680.801	0.146
3.0	0.059675	-375.0	3018.75	2268.75	NaN	NaN	NaN	0	0	0	0	0	0	0	0	0	0	0	0	0	0	0	0	0	0	0	0	1	0	0	0	1	36.0	0.117	0.285	NaN	NaN	0.279	0.633	NaN	NaN	8.37	22.155	NaN	NaN	0.0	"2.5"	"F0034"	0	0	"PR"	689.042	"diffuse"	10.431	0	1	3	0.0	0.0	0.0	null	690.832	0.087
2.8	0.0594	375.0	3009.375	2306.25	NaN	NaN	NaN	0	0	0	0	0	0	0	0	0	0	0	0	0	0	0	0	0	0	0	0	1	0	0	0	1	34.0	0.116	0.289	NaN	NaN	0.276	0.642	NaN	NaN	8.28	22.47	NaN	NaN	0.0	"2.5"	"F0034"	0	0	"PR"	699.08	"diffuse"	20.469	0	1	3	0.0	0.0	0.0	null	700.87	0.092
2.8	0.05885	375.0	3037.5	2259.375	NaN	NaN	NaN	0	0	0	0	0	1	1	0	0	0	0	0	1	0	0	0	0	1	1	1	0	1	1	1	0	34.0	0.119	0.284	NaN	NaN	0.283	0.631	NaN	NaN	8.49	22.085	NaN	NaN	0.0	"2.5"	"F0034"	1	1	"PR"	708.908	"wash-en"	0.201	0	1	3	0.0	0.0	0.0	null	710.698	0.093
11.9	0.05775	18562.5	2840.625	2250.0	NaN	NaN	NaN	0	0	0	0	0	1	1	0	0	0	0	0	1	0	0	0	0	1	1	1	0	1	1	1	0	143.0	0.099	0.283	NaN	NaN	0.236	0.629	NaN	NaN	7.08	22.015	NaN	NaN	0.0	"2.5"	"F0034"	1	1	"PR"	719.041	"wash-en"	10.334	0	1	3	0.0	0.0	0.0	null	720.831	0.09
11.0	0.0594	19875.0	2868.75	2315.625	NaN	NaN	NaN	0	0	0	0	0	1	1	0	0	0	0	0	1	0	0	0	0	0	0	0	1	0	0	0	1	132.0	0.102	0.29	NaN	NaN	0.243	0.644	NaN	NaN	7.29	22.54	NaN	NaN	0.0	"2.5"	"F0034"	0	0	"PR"	729.076	"wash-sc"	0.201	0	1	3	0.0	0.0	0.0	null	730.866	0.1
1.8	0.0594	19500.0	2859.375	2268.75	NaN	NaN	NaN	0	0	0	0	0	0	0	0	0	0	0	0	0	0	0	0	0	0	0	0	1	0	0	0	1	22.0	0.101	0.285	NaN	NaN	0.24	0.633	NaN	NaN	7.2	22.155	NaN	NaN	0.0	"2.5"	"F0034"	0	0	"PR"	739.211	"diffuse"	0.201	0	1	4	0.0	0.0	0.0	null	741.001	0.094
1.5	0.059675	-1125.0	3037.5	2278.125	NaN	NaN	NaN	0	0	0	0	0	0	0	0	0	0	0	0	0	0	0	0	0	0	0	0	1	0	0	0	1	18.0	0.119	0.286	NaN	NaN	0.283	0.636	NaN	NaN	8.49	22.26	NaN	NaN	0.0	"2.5"	"F0034"	0	0	"PR"	749.245	"diffuse"	10.235	0	1	4	0.0	0.0	0.0	null	751.035	0.084
1.6	0.05995	0.0	3018.75	2278.125	NaN	NaN	NaN	0	0	0	0	0	0	0	0	0	0	0	0	0	0	0	0	0	0	0	0	1	0	0	0	1	19.0	0.117	0.286	NaN	NaN	0.279	0.636	NaN	NaN	8.37	22.26	NaN	NaN	0.0	"2.5"	"F0034"	0	0	"PR"	759.085	"diffuse"	20.075	0	1	4	0.0	0.0	0.0	null	760.875	0.09
2.2	0.059675	1125.0	3018.75	2259.375	NaN	NaN	NaN	0	0	0	0	0	0	0	0	0	0	0	0	0	0	0	0	0	0	0	0	1	0	0	0	1	26.0	0.117	0.284	NaN	NaN	0.279	0.631	NaN	NaN	8.37	22.085	NaN	NaN	0.0	"2.5"	"F0034"	0	0	"PR"	769.118	"diffuse"	30.108	0	1	4	0.0	0.0	0.0	null	770.908	0.09
11.9	0.059675	18375.0	2859.375	2259.375	NaN	NaN	NaN	0	0	0	0	0	1	1	0	0	0	0	0	1	0	0	0	0	1	1	1	0	1	1	1	0	143.0	0.101	0.284	NaN	NaN	0.24	0.631	NaN	NaN	7.2	22.085	NaN	NaN	0.0	"2.5"	"F0034"	1	1	"PR"	779.243	"wash-en"	10.125	0	1	4	0.0	0.0	0.0	null	781.033	0.086
12.6	0.05995	18750.0	2812.5	2287.5	NaN	NaN	NaN	0	0	0	0	0	1	1	0	0	0	0	0	1	0	0	0	0	1	1	1	0	1	1	1	0	151.0	0.096	0.287	NaN	NaN	0.229	0.638	NaN	NaN	6.87	22.33	NaN	NaN	0.0	"2.5"	"F0034"	1	1	"PR"	789.282	"wash-en"	20.164	0	1	4	0.0	0.0	0.0	null	791.072	0.093
2.0	0.0605	18750.0	2850.0	2278.125	NaN	NaN	NaN	0	0	0	0	0	1	1	0	0	0	0	0	1	0	0	0	0	0	0	0	1	0	0	0	1	24.0	0.1	0.286	NaN	NaN	0.238	0.636	NaN	NaN	7.14	22.26	NaN	NaN	0.0	"2.5"	"F0034"	0	0	"PR"	799.224	"wash-sc"	9.942	0	1	4	0.0	0.0	0.0	null	801.014	0.09
2.8	0.0605	-1875.0	2465.625	2278.125	NaN	NaN	NaN	0	0	0	0	1	0	0	0	0	0	0	0	0	0	0	0	0	0	0	0	1	0	0	0	1	34.0	0.062	0.286	NaN	NaN	0.148	0.636	NaN	NaN	4.44	22.26	NaN	NaN	0.0	"2.5"	"F0034"	0	0	"PR"	809.259	"drain-rg"	9.834	0	1	4	0.0	0.0	0.0	null	811.049	0.089
2.0	0.0605	-1687.5	2128.125	2259.375	NaN	NaN	NaN	0	0	0	0	1	0	0	0	0	0	0	0	0	0	0	0	0	0	0	0	1	0	0	0	1	24.0	0.028	0.284	NaN	NaN	0.067	0.631	NaN	NaN	2.01	22.085	NaN	NaN	0.0	"2.5"	"F0034"	0	0	"PR"	819.301	"drain-rg"	19.876	0	1	4	0.0	0.0	0.0	null	821.091	0.09
1.9	0.0605	-562.5	1771.875	2278.125	NaN	NaN	NaN	0	0	0	0	1	0	0	0	0	0	0	0	0	0	0	0	0	0	0	0	1	0	0	0	1	23.0	-0.008	0.286	NaN	NaN	-0.019	0.636	NaN	NaN	-0.57	22.26	NaN	NaN	0.0	"2.5"	"F0034"	0	0	"PR"	829.134	"drip-rg"	2.208	0	1	4	0.0	0.0	0.0	null	830.924	0.086
0.1	0.060225	-937.5	18.75	2278.125	NaN	NaN	NaN	0	0	0	0	1	0	0	0	0	0	0	0	0	0	0	0	0	0	0	0	1	0	0	0	1	1.0	-0.183	0.286	NaN	NaN	-0.436	0.636	NaN	NaN	-13.08	22.26	NaN	NaN	0.0	"2.5"	"F0034"	0	0	"PR"	839.175	"drip-rg"	12.249	0	1	4	0.0	0.0	0.0	null	840.965	0.088
2.0	0.0605	18375.0	1715.625	2118.75	NaN	NaN	NaN	0	0	1	0	0	1	0	0	0	0	0	0	1	0	0	0	0	0	0	0	1	0	0	0	1	24.0	-0.013	0.27	NaN	NaN	-0.031	0.6	NaN	NaN	-0.93	21.0	NaN	NaN	0.0	"2.5"	"F0034"	0	0	"FR"	6.446	"fill-rg-di"	6.245	1	1	0	843.977	0.0	0.0	null	851.045	0.09
2.0	0.05885	19125.0	2175.0	1884.375	NaN	NaN	NaN	0	0	1	0	0	1	0	0	0	0	0	0	1	0	0	0	0	0	0	0	1	0	0	0	1	24.0	0.033	0.246	NaN	NaN	0.079	0.547	NaN	NaN	2.37	19.145	NaN	NaN	0.0	"2.5"	"F0034"	0	0	"FR"	16.489	"fill-rg-di"	16.288	1	1	0	843.977	0.0	0.0	null	861.088	0.091
1.8	0.058025	19687.5	2512.5	1593.75	NaN	NaN	NaN	0	0	1	0	0	1	0	0	0	0	0	0	1	0	0	0	0	0	0	0	1	0	0	0	1	22.0	0.066	0.217	NaN	NaN	0.157	0.482	NaN	NaN	4.71	16.87	NaN	NaN	0.0	"2.5"	"F0034"	0	0	"FR"	26.524	"fill-rg-di"	26.323	1	1	0	843.977	0.0	0.0	null	871.123	0.09
2.0	0.05555	20062.5	2812.5	1368.75	NaN	NaN	NaN	0	0	1	0	0	1	0	0	0	0	0	0	1	0	0	0	0	0	0	0	1	0	0	0	1	24.0	0.096	0.195	NaN	NaN	0.229	0.433	NaN	NaN	6.87	15.155	NaN	NaN	0.0	"2.5"	"F0034"	0	0	"FR"	36.563	"fill-rg-di"	36.362	1	1	0	843.977	0.0	0.0	null	881.162	0.093
2.0	0.053625	19875.0	3112.5	1106.25	NaN	NaN	NaN	0	0	1	0	0	1	0	0	0	0	0	0	1	0	0	0	0	0	0	0	1	0	0	0	1	24.0	0.126	0.169	NaN	NaN	0.3	0.376	NaN	NaN	9.0	13.16	NaN	NaN	0.0	"2.5"	"F0034"	0	0	"FR"	46.4	"fill-rg-di"	46.199	1	1	0	843.977	0.0	0.0	null	890.999	0.084
1.4	0.051975	-1125.0	2887.5	975.0	NaN	NaN	NaN	0	0	0	0	1	0	0	0	0	0	0	0	0	0	0	0	0	0	0	0	1	0	0	0	1	17.0	0.104	0.155	NaN	NaN	0.248	0.344	NaN	NaN	7.44	12.04	NaN	NaN	0.0	"2.5"	"F0034"	0	0	"FR"	56.435	"drain-rg"	5.619	1	1	0	843.977	0.0	0.0	null	901.034	0.086
1.8	0.052525	-1312.5	2521.875	993.75	NaN	NaN	NaN	0	0	0	0	1	0	0	0	0	0	0	0	0	0	0	0	0	0	0	0	1	0	0	0	1	22.0	0.067	0.157	NaN	NaN	0.16	0.349	NaN	NaN	4.8	12.215	NaN	NaN	0.0	"2.5"	"F0034"	0	0	"FR"	66.476	"drain-rg"	15.66	1	1	0	843.977	0.0	0.0	null	911.075	0.089
2.0	0.0528	-2437.5	2175.0	1003.125	NaN	NaN	NaN	0	0	0	0	1	0	0	0	0	0	0	0	0	0	0	0	0	0	0	0	1	0	0	0	1	24.0	0.033	0.158	NaN	NaN	0.079	0.351	NaN	NaN	2.37	12.285	NaN	NaN	0.0	"2.5"	"F0034"	0	0	"FR"	76.512	"drain-rg"	25.696	1	1	0	843.977	0.0	0.0	null	921.111	0.086
3.2	0.0528	-2812.5	1800.0	975.0	NaN	NaN	NaN	0	0	0	0	1	0	0	0	0	0	0	0	0	0	0	0	0	0	0	0	1	0	0	0	1	38.0	-0.005	0.155	NaN	NaN	-0.012	0.344	NaN	NaN	-0.36	12.04	NaN	NaN	0.0	"2.5"	"F0034"	0	0	"FR"	86.545	"drip-rg"	0.804	1	1	0	843.977	0.0	0.0	null	931.144	0.087
1.8	0.0528	-3187.5	-28.125	975.0	NaN	NaN	NaN	0	0	0	0	1	0	0	0	0	0	0	0	0	0	0	0	0	0	0	0	1	0	0	0	1	22.0	-0.188	0.155	NaN	NaN	-0.448	0.344	NaN	NaN	-13.44	12.04	NaN	NaN	0.0	"2.5"	"F0034"	0	0	"FR"	96.584	"drip-rg"	10.843	1	1	0	843.977	0.0	0.0	null	941.183	0.088
2.8	0.050875	19125.0	1481.25	871.875	NaN	NaN	NaN	0	0	1	0	0	1	0	0	0	0	0	0	1	0	0	0	0	0	0	0	1	0	0	0	1	34.0	-0.037	0.145	NaN	NaN	-0.088	0.322	NaN	NaN	-2.64	11.27	NaN	NaN	0.0	"2.5"	"F0034"	0	0	"PR"	4.84	"fill-rg-di"	4.639	1	0	0	843.977	0.0	945.597	null	951.057	0.084
2.0	0.0495	16875.0	2128.125	618.75	NaN	NaN	NaN	0	0	1	0	0	1	0	0	0	0	0	0	1	0	0	0	0	0	0	0	1	0	0	0	1	24.0	0.028	0.12	NaN	NaN	0.067	0.267	NaN	NaN	2.01	9.345	NaN	NaN	0.0	"2.5"	"F0034"	0	0	"PR"	14.876	"fill-rg-di"	14.675	1	0	0	843.977	0.0	945.597	null	961.093	0.084
0.6	0.0473	18750.0	2437.5	365.625	NaN	NaN	NaN	0	0	1	0	0	1	0	0	0	0	0	0	1	0	0	0	0	0	0	0	1	0	0	0	1	7.0	0.059	0.095	NaN	NaN	0.14	0.211	NaN	NaN	4.2	7.385	NaN	NaN	0.0	"2.5"	"F0034"	0	0	"PR"	24.913	"fill-rg-di"	24.712	1	0	0	843.977	0.0	945.597	null	971.13	0.084
2.3	0.044825	9187.5	2718.75	121.875	NaN	NaN	NaN	1	0	0	0	0	0	0	0	0	0	0	0	0	1	0	0	0	0	0	0	1	0	0	0	1	28.0	0.087	0.07	NaN	NaN	0.207	0.156	NaN	NaN	6.21	5.46	NaN	NaN	0.0	"2.5"	"F0034"	0	0	"PR"	34.953	"fill-di-lb"	0.401	1	0	0	843.977	0.0	945.597	null	981.17	0.159
1.7	0.044275	750.0	2756.25	459.375	NaN	NaN	NaN	1	0	0	0	0	0	0	0	0	0	0	0	0	1	0	0	0	0	0	0	1	0	0	0	1	20.0	0.091	0.104	NaN	NaN	0.217	0.231	NaN	NaN	6.51	8.085	NaN	NaN	0.0	"2.5"	"F0034"	0	0	"PR"	44.99	"fill-di-lb"	10.438	1	0	0	843.977	0.0	945.597	null	991.207	0.086
1.6	0.04455	2437.5	2746.875	740.625	NaN	NaN	NaN	1	0	0	0	0	0	0	0	0	0	0	0	0	1	0	0	0	0	0	0	1	0	0	0	1	19.0	0.09	0.132	NaN	NaN	0.214	0.293	NaN	NaN	6.42	10.255	NaN	NaN	0.0	"2.5"	"F0034"	0	0	"PR"	55.025	"fill-di-lb"	20.473	1	0	0	843.977	0.0	945.597	null	1001.242	0.087
1.7	0.04455	2250.0	2746.875	1059.375	NaN	NaN	NaN	1	0	0	0	0	0	0	0	0	0	0	0	0	1	0	0	0	0	0	0	1	0	0	0	1	20.0	0.09	0.164	NaN	NaN	0.214	0.364	NaN	NaN	6.42	12.74	NaN	NaN	0.0	"2.5"	"F0034"	0	0	"PR"	65.063	"fill-di-lb"	30.511	1	0	0	843.977	0.0	945.597	null	1011.28	0.085
2.0	0.044275	1875.0	2775.0	1378.125	NaN	NaN	NaN	1	0	0	0	0	0	0	0	0	0	0	0	0	1	0	0	0	0	0	0	1	0	0	0	1	24.0	0.093	0.196	NaN	NaN	0.221	0.436	NaN	NaN	6.63	15.26	NaN	NaN	0.0	"2.5"	"F0034"	0	0	"PR"	75.099	"fill-di-lb"	40.547	1	0	0	843.977	0.0	945.597	null	1021.316	0.086
2.0	0.04455	750.0	2746.875	1678.125	NaN	NaN	NaN	1	0	0	0	0	0	0	0	0	0	0	0	0	1	0	0	0	0	0	0	1	0	0	0	1	24.0	0.09	0.226	NaN	NaN	0.214	0.502	NaN	NaN	6.42	17.57	NaN	NaN	0.0	"2.5"	"F0034"	0	0	"PR"	84.935	"fill-di-lb"	50.383	1	0	0	843.977	0.0	945.597	null	1031.152	0.084
2.1	0.044275	1500.0	2746.875	2006.25	NaN	NaN	NaN	1	0	0	0	0	0	0	0	0	0	0	0	0	1	0	0	0	0	0	0	1	0	0	0	1	25.0	0.09	0.259	NaN	NaN	0.214	0.576	NaN	NaN	6.42	20.16	NaN	NaN	0.0	"2.5"	"F0034"	0	0	"PR"	94.971	"fill-di-lb"	60.419	1	0	0	843.977	0.0	945.597	null	1041.188	0.084
1.3	0.0429	18750.0	2840.625	2184.375	NaN	NaN	NaN	0	0	1	0	0	1	0	0	0	0	0	0	1	0	0	0	0	0	0	0	1	0	0	0	1	16.0	0.099	0.276	NaN	NaN	0.236	0.613	NaN	NaN	7.08	21.455	NaN	NaN	0.0	"2.5"	"F0034"	0	0	"PR"	105.006	"fill-rg-di"	2.409	1	0	0	843.977	0.0	945.597	null	1051.223	0.084
